0 0 0 2.38
0 10 23.8 1.52
0 20 39 2.31
0 30 62.1 0.36
0 40 65.7 0.88
0 50 74.5 2.66
0 60 101.1 0.12
0 70 102.3 2.11
0 80 123.4 0.56
0 90 129 1.38
1 0 0 2.38
1 10 23.8 1.52
1 20 39 2.31
1 30 62.1 0.36
1 40 65.7 0.88
1 50 74.5 2.66
1 60 101.1 0.12
1 70 102.3 2.11
1 80 123.4 0.56
1 90 129 1.38
2 0 0 2.38
2 10 23.8 1.52
2 20 39 2.31
2 30 62.1 0.36
2 40 65.7 0.88
2 50 74.5 2.66
2 60 101.1 0.12
2 70 102.3 2.11
2 80 123.4 0.56
2 90 129 1.38
3 0 0 2.38
3 10 23.8 1.52
3 20 39 2.31
3 30 62.1 0.36
3 40 65.7 0.88
3 50 74.5 2.66
3 60 101.1 0.12
3 70 102.3 2.11
3 80 123.4 0.56
3 90 129 1.38
4 0 0 2.38
4 10 23.8 1.52
4 20 39 2.31
4 30 62.1 0.36
4 40 65.7 0.88
4 50 74.5 2.66
4 60 101.1 0.12
4 70 102.3 2.11
4 80 123.4 0.56
4 90 129 1.38
5 0 0 2.38
5 10 23.8 1.52
5 20 39 2.31
5 30 62.1 0.36
5 40 65.7 0.88
5 50 74.5 2.66
5 60 101.1 0.12
5 70 102.3 2.11
5 80 123.4 0.56
5 90 129 1.38
6 0 0 2.38
6 10 23.8 1.52
6 20 39 2.31
6 30 62.1 0.36
6 40 65.7 0.88
6 50 74.5 2.66
6 60 101.1 0.12
6 70 102.3 2.11
6 80 123.4 0.56
6 90 129 1.38
7 0 0 2.38
7 10 23.8 1.52
7 20 39 2.31
7 30 62.1 0.36
7 40 65.7 0.88
7 50 74.5 2.66
7 60 101.1 0.12
7 70 102.3 2.11
7 80 123.4 0.56
7 90 129 1.38
8 0 0 2.38
8 10 23.8 1.52
8 20 39 2.31
8 30 62.1 0.36
8 40 65.7 0.88
8 50 74.5 2.66
8 60 101.1 0.12
8 70 102.3 2.11
8 80 123.4 0.56
8 90 129 1.38
9 0 0 2.38
9 10 23.8 1.52
9 20 39 2.31
9 30 62.1 0.36
9 40 65.7 0.88
9 50 74.5 2.66
9 60 101.1 0.12
9 70 102.3 2.11
9 80 123.4 0.56
9 90 129 1.38
10 0 0 2.38
10 10 23.8 1.52
10 20 39 2.31
10 30 62.1 0.36
10 40 65.7 0.88
10 50 74.5 2.66
10 60 101.1 0.12
10 70 102.3 2.11
10 80 123.4 0.56
10 90 129 1.38
11 0 0 2.38
11 10 23.8 1.52
11 20 39 2.31
11 30 62.1 0.36
11 40 65.7 0.88
11 50 74.5 2.66
11 60 101.1 0.12
11 70 102.3 2.11
11 80 123.4 0.56
11 90 129 1.38
12 0 0 2.38
12 10 23.8 1.52
12 20 39 2.31
12 30 62.1 0.36
12 40 65.7 0.88
12 50 74.5 2.66
12 60 101.1 0.12
12 70 102.3 2.11
12 80 123.4 0.56
12 90 129 1.38
13 0 0 2.38
13 10 23.8 1.52
13 20 39 2.31
13 30 62.1 0.36
13 40 65.7 0.88
13 50 74.5 2.66
13 60 101.1 0.12
13 70 102.3 2.11
13 80 123.4 0.56
13 90 129 1.38
14 0 0 2.38
14 10 23.8 1.52
14 20 39 2.31
14 30 62.1 0.36
14 40 65.7 0.88
14 50 74.5 2.66
14 60 101.1 0.12
14 70 102.3 2.11
14 80 123.4 0.56
14 90 129 1.38
15 0 0 2.38
15 10 23.8 1.52
15 20 39 2.31
15 30 62.1 0.36
15 40 65.7 0.88
15 50 74.5 2.66
15 60 101.1 0.12
15 70 102.3 2.11
15 80 123.4 0.56
15 90 129 1.38
16 0 0 2.38
16 10 23.8 1.52
16 20 39 2.31
16 30 62.1 0.36
16 40 65.7 0.88
16 50 74.5 2.66
16 60 101.1 0.12
16 70 102.3 2.11
16 80 123.4 0.56
16 90 129 1.38
17 0 0 2.38
17 10 23.8 1.52
17 20 39 2.31
17 30 62.1 0.36
17 40 65.7 0.88
17 50 74.5 2.66
17 60 101.1 0.12
17 70 102.3 2.11
17 80 123.4 0.56
17 90 129 1.38
18 0 0 2.38
18 10 23.8 1.52
18 20 39 2.31
18 30 62.1 0.36
18 40 65.7 0.88
18 50 74.5 2.66
18 60 101.1 0.12
18 70 102.3 2.11
18 80 123.4 0.56
18 90 129 1.38
19 0 0 2.38
19 10 23.8 1.52
19 20 39 2.31
19 30 62.1 0.36
19 40 65.7 0.88
19 50 74.5 2.66
19 60 101.1 0.12
19 70 102.3 2.11
19 80 123.4 0.56
19 90 129 1.38
20 0 0 2.38
20 10 23.8 1.52
20 20 39 2.31
20 30 62.1 0.36
20 40 65.7 0.88
20 50 74.5 2.66
20 60 101.1 0.12
20 70 102.3 2.11
20 80 123.4 0.56
20 90 129 1.38
21 0 0 2.38
21 10 23.8 1.52
21 20 39 2.31
21 30 62.1 0.36
21 40 65.7 0.88
21 50 74.5 2.66
21 60 101.1 0.12
21 70 102.3 2.11
21 80 123.4 0.56
21 90 129 1.38
22 0 0 2.38
22 10 23.8 1.52
22 20 39 2.31
22 30 62.1 0.36
22 40 65.7 0.88
22 50 74.5 2.66
22 60 101.1 0.12
22 70 102.3 2.11
22 80 123.4 0.56
22 90 129 1.38
23 0 0 2.38
23 10 23.8 1.52
23 20 39 2.31
23 30 62.1 0.36
23 40 65.7 0.88
23 50 74.5 2.66
23 60 101.1 0.12
23 70 102.3 2.11
23 80 123.4 0.56
23 90 129 1.38
24 0 0 2.38
24 10 23.8 1.52
24 20 39 2.31
24 30 62.1 0.36
24 40 65.7 0.88
24 50 74.5 2.66
24 60 101.1 0.12
24 70 102.3 2.11
24 80 123.4 0.56
24 90 129 1.38
25 0 0 2.38
25 10 23.8 1.52
25 20 39 2.31
25 30 62.1 0.36
25 40 65.7 0.88
25 50 74.5 2.66
25 60 101.1 0.12
25 70 102.3 2.11
25 80 123.4 0.56
25 90 129 1.38
26 0 0 2.38
26 10 23.8 1.52
26 20 39 2.31
26 30 62.1 0.36
26 40 65.7 0.88
26 50 74.5 2.66
26 60 101.1 0.12
26 70 102.3 2.11
26 80 123.4 0.56
26 90 129 1.38
27 0 0 2.38
27 10 23.8 1.52
27 20 39 2.31
27 30 62.1 0.36
27 40 65.7 0.88
27 50 74.5 2.66
27 60 101.1 0.12
27 70 102.3 2.11
27 80 123.4 0.56
27 90 129 1.38
28 0 0 2.38
28 10 23.8 1.52
28 20 39 2.31
28 30 62.1 0.36
28 40 65.7 0.88
28 50 74.5 2.66
28 60 101.1 0.12
28 70 102.3 2.11
28 80 123.4 0.56
28 90 129 1.38
29 0 0 2.38
29 10 23.8 1.52
29 20 39 2.31
29 30 62.1 0.36
29 40 65.7 0.88
29 50 74.5 2.66
29 60 101.1 0.12
29 70 102.3 2.11
29 80 123.4 0.56
29 90 129 1.38
30 0 0 2.38
30 10 23.8 1.52
30 20 39 2.31
30 30 62.1 0.36
30 40 65.7 0.88
30 50 74.5 2.66
30 60 101.1 0.12
30 70 102.3 2.11
30 80 123.4 0.56
30 90 129 1.38
31 0 0 2.38
31 10 23.8 1.52
31 20 39 2.31
31 30 62.1 0.36
31 40 65.7 0.88
31 50 74.5 2.66
31 60 101.1 0.12
31 70 102.3 2.11
31 80 123.4 0.56
31 90 129 1.38
32 0 0 2.38
32 10 23.8 1.52
32 20 39 2.31
32 30 62.1 0.36
32 40 65.7 0.88
32 50 74.5 2.66
32 60 101.1 0.12
32 70 102.3 2.11
32 80 123.4 0.56
32 90 129 1.38
33 0 0 2.38
33 10 23.8 1.52
33 20 39 2.31
33 30 62.1 0.36
33 40 65.7 0.88
33 50 74.5 2.66
33 60 101.1 0.12
33 70 102.3 2.11
33 80 123.4 0.56
33 90 129 1.38
34 0 0 2.38
34 10 23.8 1.52
34 20 39 2.31
34 30 62.1 0.36
34 40 65.7 0.88
34 50 74.5 2.66
34 60 101.1 0.12
34 70 102.3 2.11
34 80 123.4 0.56
34 90 129 1.38
35 0 0 2.38
35 10 23.8 1.52
35 20 39 2.31
35 30 62.1 0.36
35 40 65.7 0.88
35 50 74.5 2.66
35 60 101.1 0.12
35 70 102.3 2.11
35 80 123.4 0.56
35 90 129 1.38
36 0 0 2.38
36 10 23.8 1.52
36 20 39 2.31
36 30 62.1 0.36
36 40 65.7 0.88
36 50 74.5 2.66
36 60 101.1 0.12
36 70 102.3 2.11
36 80 123.4 0.56
36 90 129 1.38
37 0 0 2.38
37 10 23.8 1.52
37 20 39 2.31
37 30 62.1 0.36
37 40 65.7 0.88
37 50 74.5 2.66
37 60 101.1 0.12
37 70 102.3 2.11
37 80 123.4 0.56
37 90 129 1.38
38 0 0 2.38
38 10 23.8 1.52
38 20 39 2.31
38 30 62.1 0.36
38 40 65.7 0.88
38 50 74.5 2.66
38 60 101.1 0.12
38 70 102.3 2.11
38 80 123.4 0.56
38 90 129 1.38
39 0 0 2.38
39 10 23.8 1.52
39 20 39 2.31
39 30 62.1 0.36
39 40 65.7 0.88
39 50 74.5 2.66
39 60 101.1 0.12
39 70 102.3 2.11
39 80 123.4 0.56
39 90 129 1.38
40 0 0 2.38
40 10 23.8 1.52
40 20 39 2.31
40 30 62.1 0.36
40 40 65.7 0.88
40 50 74.5 2.66
40 60 101.1 0.12
40 70 102.3 2.11
40 80 123.4 0.56
40 90 129 1.38
41 0 0 2.38
41 10 23.8 1.52
41 20 39 2.31
41 30 62.1 0.36
41 40 65.7 0.88
41 50 74.5 2.66
41 60 101.1 0.12
41 70 102.3 2.11
41 80 123.4 0.56
41 90 129 1.38
42 0 0 2.38
42 10 23.8 1.52
42 20 39 2.31
42 30 62.1 0.36
42 40 65.7 0.88
42 50 74.5 2.66
42 60 101.1 0.12
42 70 102.3 2.11
42 80 123.4 0.56
42 90 129 1.38
43 0 0 2.38
43 10 23.8 1.52
43 20 39 2.31
43 30 62.1 0.36
43 40 65.7 0.88
43 50 74.5 2.66
43 60 101.1 0.12
43 70 102.3 2.11
43 80 123.4 0.56
43 90 129 1.38
44 0 0 2.38
44 10 23.8 1.52
44 20 39 2.31
44 30 62.1 0.36
44 40 65.7 0.88
44 50 74.5 2.66
44 60 101.1 0.12
44 70 102.3 2.11
44 80 123.4 0.56
44 90 129 1.38
45 0 0 2.38
45 10 23.8 1.52
45 20 39 2.31
45 30 62.1 0.36
45 40 65.7 0.88
45 50 74.5 2.66
45 60 101.1 0.12
45 70 102.3 2.11
45 80 123.4 0.56
45 90 129 1.38
46 0 0 2.38
46 10 23.8 1.52
46 20 39 2.31
46 30 62.1 0.36
46 40 65.7 0.88
46 50 74.5 2.66
46 60 101.1 0.12
46 70 102.3 2.11
46 80 123.4 0.56
46 90 129 1.38
47 0 0 2.38
47 10 23.8 1.52
47 20 39 2.31
47 30 62.1 0.36
47 40 65.7 0.88
47 50 74.5 2.66
47 60 101.1 0.12
47 70 102.3 2.11
47 80 123.4 0.56
47 90 129 1.38
48 0 0 2.38
48 10 23.8 1.52
48 20 39 2.31
48 30 62.1 0.36
48 40 65.7 0.88
48 50 74.5 2.66
48 60 101.1 0.12
48 70 102.3 2.11
48 80 123.4 0.56
48 90 129 1.38
49 0 0 2.38
49 10 23.8 1.52
49 20 39 2.31
49 30 62.1 0.36
49 40 65.7 0.88
49 50 74.5 2.66
49 60 101.1 0.12
49 70 102.3 2.11
49 80 123.4 0.56
49 90 129 1.38
50 0 0 2.38
50 10 23.8 1.52
50 20 39 2.31
50 30 62.1 0.36
50 40 65.7 0.88
50 50 74.5 2.66
50 60 101.1 0.12
50 70 102.3 2.11
50 80 123.4 0.56
50 90 129 1.38
51 0 0 2.38
51 10 23.8 1.52
51 20 39 2.31
51 30 62.1 0.36
51 40 65.7 0.88
51 50 74.5 2.66
51 60 101.1 0.12
51 70 102.3 2.11
51 80 123.4 0.56
51 90 129 1.38
52 0 0 2.38
52 10 23.8 1.52
52 20 39 2.31
52 30 62.1 0.36
52 40 65.7 0.88
52 50 74.5 2.66
52 60 101.1 0.12
52 70 102.3 2.11
52 80 123.4 0.56
52 90 129 1.38
53 0 0 2.38
53 10 23.8 1.52
53 20 39 2.31
53 30 62.1 0.36
53 40 65.7 0.88
53 50 74.5 2.66
53 60 101.1 0.12
53 70 102.3 2.11
53 80 123.4 0.56
53 90 129 1.38
54 0 0 2.38
54 10 23.8 1.52
54 20 39 2.31
54 30 62.1 0.36
54 40 65.7 0.88
54 50 74.5 2.66
54 60 101.1 0.12
54 70 102.3 2.11
54 80 123.4 0.56
54 90 129 1.38
55 0 0 2.38
55 10 23.8 1.52
55 20 39 2.31
55 30 62.1 0.36
55 40 65.7 0.88
55 50 74.5 2.66
55 60 101.1 0.12
55 70 102.3 2.11
55 80 123.4 0.56
55 90 129 1.38
56 0 0 2.38
56 10 23.8 1.52
56 20 39 2.31
56 30 62.1 0.36
56 40 65.7 0.88
56 50 74.5 2.66
56 60 101.1 0.12
56 70 102.3 2.11
56 80 123.4 0.56
56 90 129 1.38
57 0 0 2.38
57 10 23.8 1.52
57 20 39 2.31
57 30 62.1 0.36
57 40 65.7 0.88
57 50 74.5 2.66
57 60 101.1 0.12
57 70 102.3 2.11
57 80 123.4 0.56
57 90 129 1.38
58 0 0 2.38
58 10 23.8 1.52
58 20 39 2.31
58 30 62.1 0.36
58 40 65.7 0.88
58 50 74.5 2.66
58 60 101.1 0.12
58 70 102.3 2.11
58 80 123.4 0.56
58 90 129 1.38
59 0 0 2.38
59 10 23.8 1.52
59 20 39 2.31
59 30 62.1 0.36
59 40 65.7 0.88
59 50 74.5 2.66
59 60 101.1 0.12
59 70 102.3 2.11
59 80 123.4 0.56
59 90 129 1.38
60 0 0 2.38
60 10 23.8 1.52
60 20 39 2.31
60 30 62.1 0.36
60 40 65.7 0.88
60 50 74.5 2.66
60 60 101.1 0.12
60 70 102.3 2.11
60 80 123.4 0.56
60 90 129 1.38
61 0 0 2.38
61 10 23.8 1.52
61 20 39 2.31
61 30 62.1 0.36
61 40 65.7 0.88
61 50 74.5 2.66
61 60 101.1 0.12
61 70 102.3 2.11
61 80 123.4 0.56
61 90 129 1.38
62 0 0 2.38
62 10 23.8 1.52
62 20 39 2.31
62 30 62.1 0.36
62 40 65.7 0.88
62 50 74.5 2.66
62 60 101.1 0.12
62 70 102.3 2.11
62 80 123.4 0.56
62 90 129 1.38
63 0 0 2.38
63 10 23.8 1.52
63 20 39 2.31
63 30 62.1 0.36
63 40 65.7 0.88
63 50 74.5 2.66
63 60 101.1 0.12
63 70 102.3 2.11
63 80 123.4 0.56
63 90 129 1.38
64 0 0 2.38
64 10 23.8 1.52
64 20 39 2.31
64 30 62.1 0.36
64 40 65.7 0.88
64 50 74.5 2.66
64 60 101.1 0.12
64 70 102.3 2.11
64 80 123.4 0.56
64 90 129 1.38
65 0 0 2.38
65 10 23.8 1.52
65 20 39 2.31
65 30 62.1 0.36
65 40 65.7 0.88
65 50 74.5 2.66
65 60 101.1 0.12
65 70 102.3 2.11
65 80 123.4 0.56
65 90 129 1.38
66 0 0 2.38
66 10 23.8 1.52
66 20 39 2.31
66 30 62.1 0.36
66 40 65.7 0.88
66 50 74.5 2.66
66 60 101.1 0.12
66 70 102.3 2.11
66 80 123.4 0.56
66 90 129 1.38
67 0 0 2.38
67 10 23.8 1.52
67 20 39 2.31
67 30 62.1 0.36
67 40 65.7 0.88
67 50 74.5 2.66
67 60 101.1 0.12
67 70 102.3 2.11
67 80 123.4 0.56
67 90 129 1.38
68 0 0 2.38
68 10 23.8 1.52
68 20 39 2.31
68 30 62.1 0.36
68 40 65.7 0.88
68 50 74.5 2.66
68 60 101.1 0.12
68 70 102.3 2.11
68 80 123.4 0.56
68 90 129 1.38
69 0 0 2.38
69 10 23.8 1.52
69 20 39 2.31
69 30 62.1 0.36
69 40 65.7 0.88
69 50 74.5 2.66
69 60 101.1 0.12
69 70 102.3 2.11
69 80 123.4 0.56
69 90 129 1.38
70 0 0 2.38
70 10 23.8 1.52
70 20 39 2.31
70 30 62.1 0.36
70 40 65.7 0.88
70 50 74.5 2.66
70 60 101.1 0.12
70 70 102.3 2.11
70 80 123.4 0.56
70 90 129 1.38
71 0 0 2.38
71 10 23.8 1.52
71 20 39 2.31
71 30 62.1 0.36
71 40 65.7 0.88
71 50 74.5 2.66
71 60 101.1 0.12
71 70 102.3 2.11
71 80 123.4 0.56
71 90 129 1.38
72 0 0 2.38
72 10 23.8 1.52
72 20 39 2.31
72 30 62.1 0.36
72 40 65.7 0.88
72 50 74.5 2.66
72 60 101.1 0.12
72 70 102.3 2.11
72 80 123.4 0.56
72 90 129 1.38
73 0 0 2.38
73 10 23.8 1.52
73 20 39 2.31
73 30 62.1 0.36
73 40 65.7 0.88
73 50 74.5 2.66
73 60 101.1 0.12
73 70 102.3 2.11
73 80 123.4 0.56
73 90 129 1.38
74 0 0 2.38
74 10 23.8 1.52
74 20 39 2.31
74 30 62.1 0.36
74 40 65.7 0.88
74 50 74.5 2.66
74 60 101.1 0.12
74 70 102.3 2.11
74 80 123.4 0.56
74 90 129 1.38
75 0 0 2.38
75 10 23.8 1.52
75 20 39 2.31
75 30 62.1 0.36
75 40 65.7 0.88
75 50 74.5 2.66
75 60 101.1 0.12
75 70 102.3 2.11
75 80 123.4 0.56
75 90 129 1.38
76 0 0 2.38
76 10 23.8 1.52
76 20 39 2.31
76 30 62.1 0.36
76 40 65.7 0.88
76 50 74.5 2.66
76 60 101.1 0.12
76 70 102.3 2.11
76 80 123.4 0.56
76 90 129 1.38
77 0 0 2.38
77 10 23.8 1.52
77 20 39 2.31
77 30 62.1 0.36
77 40 65.7 0.88
77 50 74.5 2.66
77 60 101.1 0.12
77 70 102.3 2.11
77 80 123.4 0.56
77 90 129 1.38
78 0 0 2.38
78 10 23.8 1.52
78 20 39 2.31
78 30 62.1 0.36
78 40 65.7 0.88
78 50 74.5 2.66
78 60 101.1 0.12
78 70 102.3 2.11
78 80 123.4 0.56
78 90 129 1.38
79 0 0 2.38
79 10 23.8 1.52
79 20 39 2.31
79 30 62.1 0.36
79 40 65.7 0.88
79 50 74.5 2.66
79 60 101.1 0.12
79 70 102.3 2.11
79 80 123.4 0.56
79 90 129 1.38
80 0 0 2.38
80 10 23.8 1.52
80 20 39 2.31
80 30 62.1 0.36
80 40 65.7 0.88
80 50 74.5 2.66
80 60 101.1 0.12
80 70 102.3 2.11
80 80 123.4 0.56
80 90 129 1.38
81 0 0 2.38
81 10 23.8 1.52
81 20 39 2.31
81 30 62.1 0.36
81 40 65.7 0.88
81 50 74.5 2.66
81 60 101.1 0.12
81 70 102.3 2.11
81 80 123.4 0.56
81 90 129 1.38
82 0 0 2.38
82 10 23.8 1.52
82 20 39 2.31
82 30 62.1 0.36
82 40 65.7 0.88
82 50 74.5 2.66
82 60 101.1 0.12
82 70 102.3 2.11
82 80 123.4 0.56
82 90 129 1.38
83 0 0 2.38
83 10 23.8 1.52
83 20 39 2.31
83 30 62.1 0.36
83 40 65.7 0.88
83 50 74.5 2.66
83 60 101.1 0.12
83 70 102.3 2.11
83 80 123.4 0.56
83 90 129 1.38
84 0 0 2.38
84 10 23.8 1.52
84 20 39 2.31
84 30 62.1 0.36
84 40 65.7 0.88
84 50 74.5 2.66
84 60 101.1 0.12
84 70 102.3 2.11
84 80 123.4 0.56
84 90 129 1.38
85 0 0 2.38
85 10 23.8 1.52
85 20 39 2.31
85 30 62.1 0.36
85 40 65.7 0.88
85 50 74.5 2.66
85 60 101.1 0.12
85 70 102.3 2.11
85 80 123.4 0.56
85 90 129 1.38
86 0 0 2.38
86 10 23.8 1.52
86 20 39 2.31
86 30 62.1 0.36
86 40 65.7 0.88
86 50 74.5 2.66
86 60 101.1 0.12
86 70 102.3 2.11
86 80 123.4 0.56
86 90 129 1.38
87 0 0 2.38
87 10 23.8 1.52
87 20 39 2.31
87 30 62.1 0.36
87 40 65.7 0.88
87 50 74.5 2.66
87 60 101.1 0.12
87 70 102.3 2.11
87 80 123.4 0.56
87 90 129 1.38
88 0 0 2.38
88 10 23.8 1.52
88 20 39 2.31
88 30 62.1 0.36
88 40 65.7 0.88
88 50 74.5 2.66
88 60 101.1 0.12
88 70 102.3 2.11
88 80 123.4 0.56
88 90 129 1.38
89 0 0 2.38
89 10 23.8 1.52
89 20 39 2.31
89 30 62.1 0.36
89 40 65.7 0.88
89 50 74.5 2.66
89 60 101.1 0.12
89 70 102.3 2.11
89 80 123.4 0.56
89 90 129 1.38
90 0 0 2.38
90 10 23.8 1.52
90 20 39 2.31
90 30 62.1 0.36
90 40 65.7 0.88
90 50 74.5 2.66
90 60 101.1 0.12
90 70 102.3 2.11
90 80 123.4 0.56
90 90 129 1.38
91 0 0 2.38
91 10 23.8 1.52
91 20 39 2.31
91 30 62.1 0.36
91 40 65.7 0.88
91 50 74.5 2.66
91 60 101.1 0.12
91 70 102.3 2.11
91 80 123.4 0.56
91 90 129 1.38
92 0 0 2.38
92 10 23.8 1.52
92 20 39 2.31
92 30 62.1 0.36
92 40 65.7 0.88
92 50 74.5 2.66
92 60 101.1 0.12
92 70 102.3 2.11
92 80 123.4 0.56
92 90 129 1.38
93 0 0 2.38
93 10 23.8 1.52
93 20 39 2.31
93 30 62.1 0.36
93 40 65.7 0.88
93 50 74.5 2.66
93 60 101.1 0.12
93 70 102.3 2.11
93 80 123.4 0.56
93 90 129 1.38
94 0 0 2.38
94 10 23.8 1.52
94 20 39 2.31
94 30 62.1 0.36
94 40 65.7 0.88
94 50 74.5 2.66
94 60 101.1 0.12
94 70 102.3 2.11
94 80 123.4 0.56
94 90 129 1.38
95 0 0 2.38
95 10 23.8 1.52
95 20 39 2.31
95 30 62.1 0.36
95 40 65.7 0.88
95 50 74.5 2.66
95 60 101.1 0.12
95 70 102.3 2.11
95 80 123.4 0.56
95 90 129 1.38
96 0 0 2.38
96 10 23.8 1.52
96 20 39 2.31
96 30 62.1 0.36
96 40 65.7 0.88
96 50 74.5 2.66
96 60 101.1 0.12
96 70 102.3 2.11
96 80 123.4 0.56
96 90 129 1.38
97 0 0 2.38
97 10 23.8 1.52
97 20 39 2.31
97 30 62.1 0.36
97 40 65.7 0.88
97 50 74.5 2.66
97 60 101.1 0.12
97 70 102.3 2.11
97 80 123.4 0.56
97 90 129 1.38
98 0 0 2.38
98 10 23.8 1.52
98 20 39 2.31
98 30 62.1 0.36
98 40 65.7 0.88
98 50 74.5 2.66
98 60 101.1 0.12
98 70 102.3 2.11
98 80 123.4 0.56
98 90 129 1.38
99 0 0 2.38
99 10 23.8 1.52
99 20 39 2.31
99 30 62.1 0.36
99 40 65.7 0.88
99 50 74.5 2.66
99 60 101.1 0.12
99 70 102.3 2.11
99 80 123.4 0.56
99 90 129 1.38
