1000
0 1968.1
1 836.7
2 1309
3 954.3
4 323.1
5 1393.2
6 1635.2
7 1684.5
8 807.6
9 583
10 605.5
11 1046.5
12 968.9
13 1472.5
14 433
15 1499.9
16 1661.8
17 549.3
18 1867.5
19 669.7
20 1284.7
21 1697.6
22 1399.8
23 430.7
24 180.8
25 513.2
26 156.9
27 1373.1
28 586.4
29 925.3
30 1349.2
31 515
32 1885.4
33 574.1
34 4.3
35 506.9
36 1474.6
37 1644.2
38 509.7
39 37
40 1897.6
41 1276
42 560.1
43 909
44 1359.9
45 1606.1
46 541.4
47 641.8
48 252.2
49 457.7
50 1623.8
51 1389.6
52 322.6
53 557.8
54 792.8
55 163.9
56 405.7
57 685.7
58 1358.9
59 1021.9
60 127.5
61 1212.4
62 109.7
63 1261.4
64 267.4
65 1259.5
66 1057.9
67 875.3
68 386.1
69 1173.8
70 890.9
71 76.9
72 100.4
73 1476.1
74 1497.5
75 289
76 1654.2
77 368.7
78 294
79 1629.4
80 1981.7
81 89.2
82 470.7
83 1350.3
84 202.5
85 1793.9
86 794.1
87 899.6
88 335.8
89 1742
90 635.6
91 294.1
92 1335
93 1085.3
94 1554.2
95 1567.3
96 1108.1
97 773.1
98 401.4
99 1995.3
100 296.8
101 996.3
102 849.3
103 815.7
104 1336.3
105 1315
106 1783.2
107 1904.6
108 1993.9
109 1994.2
110 120.1
111 1868.2
112 1548.4
113 180.2
114 717.2
115 228.8
116 1568.3
117 389.3
118 1378.2
119 986.7
120 632.2
121 570.3
122 1914.2
123 1611.9
124 1136
125 1571.4
126 1487.8
127 1518.2
128 538.8
129 1385.6
130 1347.8
131 1404.7
132 984.5
133 360.6
134 181.8
135 109.4
136 186.3
137 1505.3
138 834.6
139 383.8
140 1363.5
141 1880.9
142 842.3
143 1006.5
144 35.4
145 1470.3
146 441.5
147 1300.6
148 1197.7
149 1180.5
150 147.2
151 490.3
152 1952.5
153 945
154 132.1
155 1983.6
156 1423.4
157 1061.6
158 1668.6
159 325.3
160 1235.5
161 109.3
162 1506.3
163 486.9
164 1302.2
165 650.2
166 455
167 689.8
168 1029.1
169 57.1
170 1356.1
171 601.1
172 107.6
173 1438.3
174 1250
175 1718
176 1044.2
177 1544.6
178 1261.3
179 71.4
180 232.8
181 1064.9
182 889
183 1596.4
184 195.1
185 1346.1
186 1131.4
187 1582.3
188 850.2
189 1059.7
190 701.1
191 40.6
192 1724.2
193 459.5
194 1255.1
195 411.1
196 641.2
197 1276
198 890.7
199 1251.2
200 1952
201 1194.8
202 1162.9
203 158.4
204 747.6
205 140.9
206 85.8
207 871.7
208 779.1
209 81.2
210 1985.4
211 239.2
212 966.7
213 1942.7
214 946.5
215 558.8
216 1160.1
217 1214.1
218 895.3
219 321.9
220 848.9
221 1935.8
222 26.9
223 1583.7
224 1991.2
225 571.7
226 377.8
227 357.6
228 1517.4
229 134.8
230 1274.7
231 1605.9
232 1768.7
233 1447.7
234 1327.4
235 1282.1
236 1873.5
237 741.8
238 1927.9
239 1199.2
240 1789.3
241 1467.7
242 888.2
243 1951.8
244 529.2
245 1404.4
246 1362.2
247 777.3
248 1814.3
249 870.2
250 1222.9
251 998.1
252 64.1
253 1880.9
254 976.1
255 329.2
256 1605.5
257 166.4
258 387.6
259 459.1
260 1464
261 610.9
262 228.5
263 1698.3
264 486.1
265 1633.7
266 606.1
267 1480.2
268 1765.5
269 780.1
270 1587.3
271 1450.3
272 1521.8
273 1642.4
274 1317.9
275 1298
276 825.8
277 874.9
278 318.3
279 700.2
280 1451.8
281 666.8
282 1110.9
283 1797.6
284 545.2
285 798.6
286 1008
287 475
288 1962.6
289 1988.4
290 182.9
291 1495.5
292 1030.3
293 1894.1
294 865.8
295 659
296 550.4
297 208.1
298 1044.4
299 1894.2
300 158.8
301 843
302 1069.6
303 696.1
304 920.1
305 393.7
306 563.8
307 1855.3
308 981.8
309 1020.6
310 1497.4
311 208.2
312 937.9
313 105.6
314 793.6
315 1851.3
316 449.5
317 1034
318 1466.1
319 1619.5
320 1870.9
321 1580.6
322 1895.7
323 207.6
324 1213
325 280
326 1733.5
327 763.5
328 436.1
329 1421.3
330 648.4
331 1816.3
332 1666.1
333 1708
334 1964.1
335 1355.9
336 913.3
337 75.2
338 262.7
339 511.1
340 611.8
341 1824.7
342 204.8
343 540.7
344 150.5
345 1255.8
346 818.1
347 1807.9
348 1473.9
349 1224.2
350 304.2
351 1826.2
352 1990.3
353 1611.3
354 1930.3
355 216.4
356 1426.5
357 1424.8
358 490.9
359 292.4
360 1358.2
361 319.3
362 1073
363 1644.1
364 1449.3
365 1704.9
366 1993.5
367 1066.9
368 1295
369 273.5
370 957.9
371 1140.9
372 1639.4
373 958.3
374 390.6
375 647.8
376 962.9
377 1940.1
378 1272.7
379 1317.6
380 556
381 789.8
382 776.1
383 1025.4
384 321.8
385 729.5
386 1410.9
387 1273.5
388 1805.3
389 1253.7
390 1551.3
391 790.9
392 682.5
393 1964.5
394 248.6
395 865
396 251.1
397 683.1
398 231.1
399 966.1
400 1792.3
401 958.9
402 312.6
403 1183.2
404 465.6
405 1678.1
406 1758.9
407 666
408 1144.5
409 1840.5
410 1422.1
411 1551.1
412 370.2
413 1241.8
414 785.7
415 216.8
416 1832.3
417 852
418 926.6
419 404
420 1687.7
421 1279.7
422 566.7
423 347.6
424 1129.4
425 605.7
426 860.8
427 479.5
428 1430
429 1865.9
430 426.1
431 827.5
432 1992.4
433 999.7
434 1483.9
435 204.5
436 295.5
437 994.5
438 137.4
439 807.9
440 1872.6
441 1139.5
442 1518.5
443 1577.5
444 1666.1
445 170
446 242.4
447 1097.3
448 579.1
449 100.1
450 1887.7
451 909
452 1038.1
453 67.4
454 935.6
455 540
456 1202.5
457 1460.9
458 397.5
459 1876.2
460 750.4
461 811.8
462 1616.1
463 434.1
464 1886.8
465 1721.9
466 211
467 498.1
468 1286.9
469 343.6
470 120.8
471 966
472 1723.3
473 1052.4
474 1516.3
475 311.7
476 1482.8
477 1338.8
478 713.8
479 1334.5
480 1592.2
481 1987
482 1418.6
483 1225.8
484 118.3
485 529
486 256.5
487 1565.2
488 43.5
489 1629.7
490 1451.9
491 959.9
492 398.4
493 35
494 658.5
495 175.5
496 582.6
497 1282.7
498 1842.5
499 192.9
500 1049.4
501 424.4
502 839.3
503 1524.2
504 575.4
505 1247.5
506 1100.6
507 154.8
508 91.9
509 1373.2
510 1961.3
511 1907.1
512 25.9
513 1857.8
514 1204.5
515 459.9
516 1996.7
517 968.1
518 220
519 925.8
520 850.7
521 907.6
522 1244.1
523 583.5
524 1743.7
525 1367.3
526 483.7
527 1732.9
528 1335.6
529 246.6
530 1537.2
531 1403.2
532 451.9
533 1043.6
534 466
535 453.1
536 1679.1
537 1436.9
538 1020
539 1958
540 1333.9
541 937.8
542 1847.3
543 1089
544 1813.4
545 1042.5
546 627
547 363.3
548 1428.6
549 513.3
550 1286.8
551 1270.1
552 1802.8
553 1232.4
554 1651.6
555 1496.3
556 1201.4
557 447.6
558 26.3
559 272.8
560 1295.1
561 378.5
562 1528.5
563 136.7
564 1141.3
565 1749.1
566 1503.1
567 372.3
568 987.3
569 404.5
570 1188.5
571 1396.1
572 1243.1
573 1731.4
574 1974.4
575 26.2
576 1673.7
577 1973.5
578 429.4
579 341.3
580 1433.6
581 880.7
582 887.5
583 1796.6
584 1135
585 1440.6
586 1747.8
587 726
588 491.3
589 279.5
590 1674.2
591 1777.5
592 1432.3
593 1025.7
594 1288.2
595 217.1
596 1133.2
597 1588.2
598 1902.7
599 71.9
600 1189.9
601 1935.9
602 72.7
603 1356
604 451.2
605 813.4
606 896.2
607 859
608 17.7
609 356.3
610 1640.5
611 1252.2
612 628.3
613 595.1
614 1615.5
615 1799.5
616 613.4
617 1344.9
618 1804.7
619 1534.9
620 1809.6
621 362.7
622 1746.9
623 508.3
624 1019
625 452.9
626 1599.1
627 1361
628 1046.2
629 75.8
630 1780.9
631 375.8
632 342.5
633 189.8
634 1977.5
635 859.1
636 643.8
637 667
638 854.4
639 1535.4
640 648
641 1186.6
642 23.1
643 523.1
644 1697.2
645 1562.6
646 1246.9
647 1112.5
648 1901
649 1186.4
650 1682.7
651 1262
652 578.7
653 1121.3
654 1036.9
655 137.5
656 299.1
657 1317.9
658 1887.4
659 425.2
660 1417.3
661 1873.7
662 1946.4
663 1406.3
664 604.2
665 275.6
666 1884.7
667 563.8
668 1009.1
669 988.6
670 1213.7
671 413.2
672 1764.3
673 1682.1
674 93.5
675 1656.6
676 297.4
677 1974.3
678 411.8
679 172.8
680 400.7
681 314.8
682 1368
683 1052.5
684 907
685 1719.5
686 1810.8
687 1136.1
688 1617.4
689 971.9
690 1796.9
691 888.4
692 1362.5
693 306.9
694 794.1
695 1284.3
696 1037.6
697 1431.6
698 976.5
699 1143.6
700 298.6
701 370.2
702 1127.5
703 1815.9
704 846.9
705 1656.9
706 1701.8
707 1889.2
708 1653.5
709 908.9
710 1371.5
711 1591
712 1002.1
713 1371.1
714 1734.6
715 444.2
716 1699.6
717 1642.5
718 187.3
719 1839.2
720 139.1
721 821.7
722 1477
723 1629.6
724 726.2
725 1432.6
726 131.1
727 146.2
728 1753.5
729 91.3
730 1929.2
731 1651
732 102.4
733 1172.9
734 182.3
735 1591.3
736 103.4
737 949.7
738 1632.2
739 1086.6
740 1949.8
741 600.9
742 963.3
743 261.9
744 1281.9
745 1726.4
746 237.5
747 1228.5
748 901.8
749 1277.9
750 1138.4
751 1169.2
752 657.9
753 1413.4
754 66.7
755 879.1
756 1911
757 313.2
758 432.6
759 602.7
760 1367.9
761 325.8
762 489.6
763 1673
764 139
765 1918.9
766 322.3
767 352.1
768 1561
769 176.6
770 1239.4
771 935.9
772 1180.6
773 230.2
774 981.9
775 463.9
776 1582
777 1027.1
778 1560.9
779 1741
780 1471.2
781 1988.3
782 28.1
783 952.5
784 133.1
785 1520.9
786 1036.6
787 553.5
788 658.4
789 1520
790 1786.1
791 1040.1
792 827.2
793 1280
794 906.5
795 1578.8
796 627.2
797 562.9
798 1358.9
799 232.3
800 418.7
801 187.9
802 146
803 1909.7
804 1762.4
805 565.9
806 1188.3
807 6.3
808 929.1
809 1046.5
810 1627.6
811 1157.1
812 1415.9
813 1326.9
814 526.9
815 1565.9
816 1602.9
817 1703.9
818 104.7
819 376.5
820 1051.7
821 1577.9
822 218.7
823 428.6
824 1843.5
825 743.7
826 976
827 1789.2
828 1987
829 134.7
830 1692.1
831 1874.6
832 810.8
833 27.3
834 1747
835 1656.9
836 1208.1
837 527.4
838 135.2
839 1173.8
840 1607.5
841 1852.9
842 1899.4
843 1566.9
844 278.9
845 1097.5
846 1089.2
847 1333.7
848 130.3
849 932.6
850 1632.4
851 135.9
852 1372.2
853 1981.4
854 148.7
855 1862.5
856 1424.7
857 387.4
858 716.7
859 301.3
860 63.2
861 1834.1
862 1337.4
863 1000.1
864 718
865 671.6
866 808.9
867 1715.4
868 776
869 283
870 66.6
871 645.8
872 76.2
873 1950.3
874 38.2
875 1858.6
876 974
877 242.7
878 351.2
879 1907.7
880 1573.4
881 1407.6
882 1839.1
883 387.1
884 193.9
885 1990.1
886 1619.6
887 1636.4
888 1268.8
889 769.1
890 1928
891 1081.4
892 1801.3
893 893.9
894 1963.8
895 983.7
896 219.9
897 10.9
898 1231.4
899 1641.9
900 1252.4
901 292.6
902 1029.1
903 1484.4
904 1133.8
905 22.4
906 752.8
907 1939.6
908 672.7
909 1865.4
910 1675
911 1558.3
912 881.4
913 419.3
914 1793.1
915 333.2
916 821.6
917 625.7
918 1931.5
919 1200.4
920 1187.3
921 156.4
922 1552.8
923 924.7
924 1316.2
925 615
926 1086.9
927 1571.4
928 538.7
929 644.1
930 1509.4
931 1191.6
932 459.4
933 1861.5
934 378.5
935 180.6
936 1337.9
937 66.5
938 259.5
939 1316.6
940 1573.2
941 1008.1
942 123
943 683
944 1807.5
945 1253.4
946 704.8
947 1432.2
948 1102.4
949 459.9
950 207
951 1880.4
952 1591
953 1591.6
954 758.9
955 649.7
956 633.7
957 228.4
958 1364.8
959 916.7
960 1491.4
961 1016.8
962 933.4
963 1295.4
964 1441.5
965 1147.5
966 1424.1
967 1177.5
968 259.3
969 1852.6
970 934.4
971 486.6
972 780.6
973 900.1
974 580.8
975 603
976 429.8
977 1341.8
978 891.4
979 385.3
980 628.4
981 1464.8
982 1276.3
983 223.3
984 1999.3
985 464.2
986 347.7
987 1102.9
988 171
989 210.1
990 1141.9
991 617.9
992 1555.2
993 846
994 412.6
995 1030.3
996 242.8
997 1902.6
998 390.6
999 973.2
