100
0 69.8
1 54
2 77
3 21.5
4 78.5
5 72.9
6 41.1
7 40.3
8 81.7
9 33.2
10 34.7
11 34.1
12 38.6
13 67.2
14 36.1
15 18.1
16 5.1
17 64
18 55.5
19 8.2
20 57.5
21 97.4
22 31.9
23 67
24 73
25 88.8
26 31.6
27 23.6
28 54.7
29 50.7
30 19.1
31 40.8
32 39.4
33 62
34 82.7
35 100
36 19.1
37 96.5
38 13.1
39 76.4
40 96.7
41 6.5
42 21.8
43 68
44 22.1
45 27.5
46 63.9
47 97.5
48 31.3
49 15.6
50 68
51 1.6
52 55.4
53 55.9
54 4.6
55 73.2
56 48.5
57 21.1
58 88.6
59 13.6
60 88.8
61 98.1
62 35.9
63 27.7
64 50.2
65 17.6
66 67.2
67 5.1
68 53.4
69 49.8
70 8.5
71 35.3
72 99.7
73 93.5
74 8.8
75 45.2
76 29.3
77 65.5
78 87.9
79 95
80 82.1
81 55.5
82 76.4
83 55.4
84 56.1
85 43.3
86 46.7
87 15
88 30.4
89 73.1
90 97.1
91 85.1
92 14.1
93 27.4
94 92.9
95 80.4
96 3.8
97 46.2
98 34.1
99 86.6
