500
0 81.9
1 62.7
2 77.6
3 99
4 1.4
5 2.8
6 67.2
7 94.3
8 29.1
9 44.7
10 76.2
11 50.3
12 81.2
13 24.1
14 66
15 42.2
16 85.5
17 21.1
18 36.1
19 5.2
20 22.5
21 48.8
22 80.2
23 72.8
24 25.5
25 45
26 12.3
27 30
28 34.6
29 15.1
30 87.7
31 30.3
32 66.4
33 84.3
34 81.8
35 27.3
36 50.6
37 46
38 27.4
39 55.3
40 47.2
41 27.2
42 78.7
43 19.7
44 27.1
45 75.6
46 87.3
47 78.3
48 6.1
49 24.8
50 79.7
51 35
52 12
53 59.5
54 72.3
55 9.3
56 85.5
57 5.5
58 8
59 25.3
60 67.3
61 97.5
62 89.5
63 79.9
64 79.1
65 85.9
66 35.3
67 39.1
68 54.3
69 70
70 73
71 23.5
72 28
73 97
74 3.7
75 44.3
76 9
77 21.2
78 69.4
79 23
80 62.9
81 83.9
82 84.7
83 92.6
84 61.9
85 37.9
86 96.8
87 15.3
88 3.7
89 67.6
90 59.1
91 5.5
92 54.6
93 16.4
94 23
95 94.6
96 29.9
97 79.9
98 10.2
99 13.4
100 30.7
101 89.5
102 28.9
103 32
104 63.2
105 29.6
106 20.3
107 93.1
108 74.5
109 83.9
110 30.6
111 39
112 5.7
113 5.3
114 36.1
115 43.9
116 15.5
117 4.2
118 94.6
119 43.6
120 48.7
121 13
122 88.1
123 59.3
124 81.3
125 67.5
126 45
127 53.9
128 96
129 93.7
130 10.9
131 65.2
132 6.4
133 34.6
134 40.7
135 96.9
136 82.9
137 12.9
138 5.1
139 98.5
140 53.4
141 25.9
142 61.4
143 68.6
144 10.7
145 9.5
146 77.7
147 35.6
148 11.8
149 99.4
150 71.8
151 9.9
152 25.5
153 5.4
154 14.9
155 74.8
156 74.1
157 18
158 21.2
159 85.2
160 80.9
161 79.2
162 53.7
163 43.4
164 47
165 16.8
166 53.1
167 34.6
168 60.3
169 34.7
170 74.7
171 8.3
172 81.7
173 28.5
174 76
175 97.8
176 86.4
177 81
178 2.3
179 69.2
180 95.1
181 47.2
182 44.9
183 17.8
184 87.8
185 64.8
186 95.2
187 4.7
188 36.6
189 18.1
190 73.2
191 85.4
192 2.8
193 32.5
194 49.3
195 53.3
196 43.5
197 73.5
198 86.1
199 76.2
200 3.3
201 10.4
202 39.6
203 65.3
204 46.8
205 61.4
206 37.7
207 93.7
208 6.2
209 73.7
210 85.9
211 11.7
212 59.6
213 40.8
214 7.5
215 67.7
216 29
217 39.5
218 61.3
219 73
220 1.5
221 12.1
222 4.9
223 57.5
224 19
225 31.4
226 30.3
227 25.3
228 68
229 20.9
230 64.7
231 48.3
232 40.3
233 95.3
234 14.2
235 48
236 93.7
237 68.2
238 4.8
239 27.3
240 55.6
241 68.2
242 60.8
243 60.3
244 78.6
245 88.2
246 76.2
247 66.3
248 40
249 55.1
250 19.5
251 55.7
252 66.3
253 62.4
254 81.8
255 62.4
256 71.4
257 64.2
258 17.3
259 72.7
260 38.6
261 59.1
262 53.8
263 83.6
264 38.8
265 12.7
266 72.6
267 82
268 87.1
269 26.3
270 16.6
271 58.3
272 56.5
273 97.7
274 100
275 59.3
276 71.1
277 90.6
278 10.4
279 65.5
280 97.9
281 76.7
282 6
283 87.5
284 28.2
285 62.1
286 87.6
287 74.2
288 2.2
289 7.4
290 2.2
291 91
292 79.7
293 19.1
294 67.4
295 23.5
296 81.4
297 95.2
298 4
299 81.4
300 74.6
301 64.2
302 97.7
303 78.3
304 20.2
305 72
306 70.7
307 61.5
308 72.4
309 21.9
310 11.5
311 47.4
312 65.4
313 61.2
314 74
315 77.1
316 14.9
317 82
318 42.6
319 77.1
320 72.9
321 42
322 4.5
323 84.3
324 14.8
325 98.9
326 26.7
327 14.1
328 73.3
329 27.6
330 26.5
331 36
332 79.7
333 29.6
334 13.2
335 87.8
336 63.2
337 14.8
338 49.4
339 8.6
340 36.6
341 60.2
342 49.9
343 77.5
344 45.3
345 48.8
346 18.5
347 63.6
348 58.1
349 58
350 29.1
351 49.5
352 33.6
353 66.1
354 5.7
355 14.1
356 59.9
357 64.2
358 54.7
359 95.1
360 91.6
361 48.5
362 4.9
363 21.3
364 65.8
365 74.6
366 74.4
367 13.6
368 74.8
369 62.1
370 70.2
371 5
372 45
373 7.4
374 66.9
375 31.1
376 30.8
377 90.7
378 81.4
379 39
380 50.2
381 13.3
382 42.8
383 63
384 20.1
385 93.9
386 82.6
387 10.4
388 23.5
389 37
390 47.9
391 80.9
392 49
393 7.3
394 27.2
395 64.1
396 64
397 57.3
398 80.7
399 46.9
400 8.4
401 81.1
402 84.2
403 54.1
404 44.4
405 84.1
406 69.8
407 64.7
408 23.3
409 85.6
410 75.4
411 1.1
412 71.6
413 60.3
414 20.8
415 39.1
416 61.5
417 42.6
418 12.1
419 76.3
420 10.5
421 37.7
422 63.9
423 38.8
424 41.6
425 76.6
426 71.6
427 85.9
428 55.6
429 55
430 70
431 38.5
432 80
433 20.8
434 86.2
435 70.6
436 81.2
437 5.8
438 15.6
439 35.5
440 58.4
441 15.4
442 95.6
443 88.4
444 76
445 5.7
446 5.5
447 75.5
448 88.3
449 37
450 97.3
451 51.6
452 39.8
453 22.4
454 3.1
455 84.9
456 12
457 92.9
458 69.1
459 34.1
460 63.4
461 24.3
462 51.1
463 86.4
464 38.6
465 18.8
466 24.4
467 69.8
468 94.1
469 84.1
470 28.9
471 39.1
472 70.6
473 36
474 38
475 100
476 22.1
477 99.2
478 75
479 40
480 47.8
481 49.3
482 49
483 60.2
484 57.9
485 13.6
486 92.3
487 4.6
488 45
489 58.8
490 16.5
491 9
492 71.2
493 64.2
494 79.3
495 48.7
496 1.7
497 63.8
498 41.2
499 44.4
