500 10
0 0 0 0.3
0 200 60 4.05
0 400 870 3.51
0 600 1572 4.45
0 800 2462 1.51
0 1000 2764 0.02
0 1200 2768 1.82
0 1400 3132 1.51
0 1600 3434 4.12
0 1800 4258 4.62
1 0 0 0.3
1 200 60 4.05
1 400 870 3.51
1 600 1572 4.45
1 800 2462 1.51
1 1000 2764 0.02
1 1200 2768 1.82
1 1400 3132 1.51
1 1600 3434 4.12
1 1800 4258 4.62
2 0 0 0.3
2 200 60 4.05
2 400 870 3.51
2 600 1572 4.45
2 800 2462 1.51
2 1000 2764 0.02
2 1200 2768 1.82
2 1400 3132 1.51
2 1600 3434 4.12
2 1800 4258 4.62
3 0 0 0.3
3 200 60 4.05
3 400 870 3.51
3 600 1572 4.45
3 800 2462 1.51
3 1000 2764 0.02
3 1200 2768 1.82
3 1400 3132 1.51
3 1600 3434 4.12
3 1800 4258 4.62
4 0 0 0.3
4 200 60 4.05
4 400 870 3.51
4 600 1572 4.45
4 800 2462 1.51
4 1000 2764 0.02
4 1200 2768 1.82
4 1400 3132 1.51
4 1600 3434 4.12
4 1800 4258 4.62
5 0 0 0.3
5 200 60 4.05
5 400 870 3.51
5 600 1572 4.45
5 800 2462 1.51
5 1000 2764 0.02
5 1200 2768 1.82
5 1400 3132 1.51
5 1600 3434 4.12
5 1800 4258 4.62
6 0 0 0.3
6 200 60 4.05
6 400 870 3.51
6 600 1572 4.45
6 800 2462 1.51
6 1000 2764 0.02
6 1200 2768 1.82
6 1400 3132 1.51
6 1600 3434 4.12
6 1800 4258 4.62
7 0 0 0.3
7 200 60 4.05
7 400 870 3.51
7 600 1572 4.45
7 800 2462 1.51
7 1000 2764 0.02
7 1200 2768 1.82
7 1400 3132 1.51
7 1600 3434 4.12
7 1800 4258 4.62
8 0 0 0.3
8 200 60 4.05
8 400 870 3.51
8 600 1572 4.45
8 800 2462 1.51
8 1000 2764 0.02
8 1200 2768 1.82
8 1400 3132 1.51
8 1600 3434 4.12
8 1800 4258 4.62
9 0 0 0.3
9 200 60 4.05
9 400 870 3.51
9 600 1572 4.45
9 800 2462 1.51
9 1000 2764 0.02
9 1200 2768 1.82
9 1400 3132 1.51
9 1600 3434 4.12
9 1800 4258 4.62
10 0 0 0.3
10 200 60 4.05
10 400 870 3.51
10 600 1572 4.45
10 800 2462 1.51
10 1000 2764 0.02
10 1200 2768 1.82
10 1400 3132 1.51
10 1600 3434 4.12
10 1800 4258 4.62
11 0 0 0.3
11 200 60 4.05
11 400 870 3.51
11 600 1572 4.45
11 800 2462 1.51
11 1000 2764 0.02
11 1200 2768 1.82
11 1400 3132 1.51
11 1600 3434 4.12
11 1800 4258 4.62
12 0 0 0.3
12 200 60 4.05
12 400 870 3.51
12 600 1572 4.45
12 800 2462 1.51
12 1000 2764 0.02
12 1200 2768 1.82
12 1400 3132 1.51
12 1600 3434 4.12
12 1800 4258 4.62
13 0 0 0.3
13 200 60 4.05
13 400 870 3.51
13 600 1572 4.45
13 800 2462 1.51
13 1000 2764 0.02
13 1200 2768 1.82
13 1400 3132 1.51
13 1600 3434 4.12
13 1800 4258 4.62
14 0 0 0.3
14 200 60 4.05
14 400 870 3.51
14 600 1572 4.45
14 800 2462 1.51
14 1000 2764 0.02
14 1200 2768 1.82
14 1400 3132 1.51
14 1600 3434 4.12
14 1800 4258 4.62
15 0 0 0.3
15 200 60 4.05
15 400 870 3.51
15 600 1572 4.45
15 800 2462 1.51
15 1000 2764 0.02
15 1200 2768 1.82
15 1400 3132 1.51
15 1600 3434 4.12
15 1800 4258 4.62
16 0 0 0.3
16 200 60 4.05
16 400 870 3.51
16 600 1572 4.45
16 800 2462 1.51
16 1000 2764 0.02
16 1200 2768 1.82
16 1400 3132 1.51
16 1600 3434 4.12
16 1800 4258 4.62
17 0 0 0.3
17 200 60 4.05
17 400 870 3.51
17 600 1572 4.45
17 800 2462 1.51
17 1000 2764 0.02
17 1200 2768 1.82
17 1400 3132 1.51
17 1600 3434 4.12
17 1800 4258 4.62
18 0 0 0.3
18 200 60 4.05
18 400 870 3.51
18 600 1572 4.45
18 800 2462 1.51
18 1000 2764 0.02
18 1200 2768 1.82
18 1400 3132 1.51
18 1600 3434 4.12
18 1800 4258 4.62
19 0 0 0.3
19 200 60 4.05
19 400 870 3.51
19 600 1572 4.45
19 800 2462 1.51
19 1000 2764 0.02
19 1200 2768 1.82
19 1400 3132 1.51
19 1600 3434 4.12
19 1800 4258 4.62
20 0 0 0.3
20 200 60 4.05
20 400 870 3.51
20 600 1572 4.45
20 800 2462 1.51
20 1000 2764 0.02
20 1200 2768 1.82
20 1400 3132 1.51
20 1600 3434 4.12
20 1800 4258 4.62
21 0 0 0.3
21 200 60 4.05
21 400 870 3.51
21 600 1572 4.45
21 800 2462 1.51
21 1000 2764 0.02
21 1200 2768 1.82
21 1400 3132 1.51
21 1600 3434 4.12
21 1800 4258 4.62
22 0 0 0.3
22 200 60 4.05
22 400 870 3.51
22 600 1572 4.45
22 800 2462 1.51
22 1000 2764 0.02
22 1200 2768 1.82
22 1400 3132 1.51
22 1600 3434 4.12
22 1800 4258 4.62
23 0 0 0.3
23 200 60 4.05
23 400 870 3.51
23 600 1572 4.45
23 800 2462 1.51
23 1000 2764 0.02
23 1200 2768 1.82
23 1400 3132 1.51
23 1600 3434 4.12
23 1800 4258 4.62
24 0 0 0.3
24 200 60 4.05
24 400 870 3.51
24 600 1572 4.45
24 800 2462 1.51
24 1000 2764 0.02
24 1200 2768 1.82
24 1400 3132 1.51
24 1600 3434 4.12
24 1800 4258 4.62
25 0 0 0.3
25 200 60 4.05
25 400 870 3.51
25 600 1572 4.45
25 800 2462 1.51
25 1000 2764 0.02
25 1200 2768 1.82
25 1400 3132 1.51
25 1600 3434 4.12
25 1800 4258 4.62
26 0 0 0.3
26 200 60 4.05
26 400 870 3.51
26 600 1572 4.45
26 800 2462 1.51
26 1000 2764 0.02
26 1200 2768 1.82
26 1400 3132 1.51
26 1600 3434 4.12
26 1800 4258 4.62
27 0 0 0.3
27 200 60 4.05
27 400 870 3.51
27 600 1572 4.45
27 800 2462 1.51
27 1000 2764 0.02
27 1200 2768 1.82
27 1400 3132 1.51
27 1600 3434 4.12
27 1800 4258 4.62
28 0 0 0.3
28 200 60 4.05
28 400 870 3.51
28 600 1572 4.45
28 800 2462 1.51
28 1000 2764 0.02
28 1200 2768 1.82
28 1400 3132 1.51
28 1600 3434 4.12
28 1800 4258 4.62
29 0 0 0.3
29 200 60 4.05
29 400 870 3.51
29 600 1572 4.45
29 800 2462 1.51
29 1000 2764 0.02
29 1200 2768 1.82
29 1400 3132 1.51
29 1600 3434 4.12
29 1800 4258 4.62
30 0 0 0.3
30 200 60 4.05
30 400 870 3.51
30 600 1572 4.45
30 800 2462 1.51
30 1000 2764 0.02
30 1200 2768 1.82
30 1400 3132 1.51
30 1600 3434 4.12
30 1800 4258 4.62
31 0 0 0.3
31 200 60 4.05
31 400 870 3.51
31 600 1572 4.45
31 800 2462 1.51
31 1000 2764 0.02
31 1200 2768 1.82
31 1400 3132 1.51
31 1600 3434 4.12
31 1800 4258 4.62
32 0 0 0.3
32 200 60 4.05
32 400 870 3.51
32 600 1572 4.45
32 800 2462 1.51
32 1000 2764 0.02
32 1200 2768 1.82
32 1400 3132 1.51
32 1600 3434 4.12
32 1800 4258 4.62
33 0 0 0.3
33 200 60 4.05
33 400 870 3.51
33 600 1572 4.45
33 800 2462 1.51
33 1000 2764 0.02
33 1200 2768 1.82
33 1400 3132 1.51
33 1600 3434 4.12
33 1800 4258 4.62
34 0 0 0.3
34 200 60 4.05
34 400 870 3.51
34 600 1572 4.45
34 800 2462 1.51
34 1000 2764 0.02
34 1200 2768 1.82
34 1400 3132 1.51
34 1600 3434 4.12
34 1800 4258 4.62
35 0 0 0.3
35 200 60 4.05
35 400 870 3.51
35 600 1572 4.45
35 800 2462 1.51
35 1000 2764 0.02
35 1200 2768 1.82
35 1400 3132 1.51
35 1600 3434 4.12
35 1800 4258 4.62
36 0 0 0.3
36 200 60 4.05
36 400 870 3.51
36 600 1572 4.45
36 800 2462 1.51
36 1000 2764 0.02
36 1200 2768 1.82
36 1400 3132 1.51
36 1600 3434 4.12
36 1800 4258 4.62
37 0 0 0.3
37 200 60 4.05
37 400 870 3.51
37 600 1572 4.45
37 800 2462 1.51
37 1000 2764 0.02
37 1200 2768 1.82
37 1400 3132 1.51
37 1600 3434 4.12
37 1800 4258 4.62
38 0 0 0.3
38 200 60 4.05
38 400 870 3.51
38 600 1572 4.45
38 800 2462 1.51
38 1000 2764 0.02
38 1200 2768 1.82
38 1400 3132 1.51
38 1600 3434 4.12
38 1800 4258 4.62
39 0 0 0.3
39 200 60 4.05
39 400 870 3.51
39 600 1572 4.45
39 800 2462 1.51
39 1000 2764 0.02
39 1200 2768 1.82
39 1400 3132 1.51
39 1600 3434 4.12
39 1800 4258 4.62
40 0 0 0.3
40 200 60 4.05
40 400 870 3.51
40 600 1572 4.45
40 800 2462 1.51
40 1000 2764 0.02
40 1200 2768 1.82
40 1400 3132 1.51
40 1600 3434 4.12
40 1800 4258 4.62
41 0 0 0.3
41 200 60 4.05
41 400 870 3.51
41 600 1572 4.45
41 800 2462 1.51
41 1000 2764 0.02
41 1200 2768 1.82
41 1400 3132 1.51
41 1600 3434 4.12
41 1800 4258 4.62
42 0 0 0.3
42 200 60 4.05
42 400 870 3.51
42 600 1572 4.45
42 800 2462 1.51
42 1000 2764 0.02
42 1200 2768 1.82
42 1400 3132 1.51
42 1600 3434 4.12
42 1800 4258 4.62
43 0 0 0.3
43 200 60 4.05
43 400 870 3.51
43 600 1572 4.45
43 800 2462 1.51
43 1000 2764 0.02
43 1200 2768 1.82
43 1400 3132 1.51
43 1600 3434 4.12
43 1800 4258 4.62
44 0 0 0.3
44 200 60 4.05
44 400 870 3.51
44 600 1572 4.45
44 800 2462 1.51
44 1000 2764 0.02
44 1200 2768 1.82
44 1400 3132 1.51
44 1600 3434 4.12
44 1800 4258 4.62
45 0 0 0.3
45 200 60 4.05
45 400 870 3.51
45 600 1572 4.45
45 800 2462 1.51
45 1000 2764 0.02
45 1200 2768 1.82
45 1400 3132 1.51
45 1600 3434 4.12
45 1800 4258 4.62
46 0 0 0.3
46 200 60 4.05
46 400 870 3.51
46 600 1572 4.45
46 800 2462 1.51
46 1000 2764 0.02
46 1200 2768 1.82
46 1400 3132 1.51
46 1600 3434 4.12
46 1800 4258 4.62
47 0 0 0.3
47 200 60 4.05
47 400 870 3.51
47 600 1572 4.45
47 800 2462 1.51
47 1000 2764 0.02
47 1200 2768 1.82
47 1400 3132 1.51
47 1600 3434 4.12
47 1800 4258 4.62
48 0 0 0.3
48 200 60 4.05
48 400 870 3.51
48 600 1572 4.45
48 800 2462 1.51
48 1000 2764 0.02
48 1200 2768 1.82
48 1400 3132 1.51
48 1600 3434 4.12
48 1800 4258 4.62
49 0 0 0.3
49 200 60 4.05
49 400 870 3.51
49 600 1572 4.45
49 800 2462 1.51
49 1000 2764 0.02
49 1200 2768 1.82
49 1400 3132 1.51
49 1600 3434 4.12
49 1800 4258 4.62
50 0 0 0.3
50 200 60 4.05
50 400 870 3.51
50 600 1572 4.45
50 800 2462 1.51
50 1000 2764 0.02
50 1200 2768 1.82
50 1400 3132 1.51
50 1600 3434 4.12
50 1800 4258 4.62
51 0 0 0.3
51 200 60 4.05
51 400 870 3.51
51 600 1572 4.45
51 800 2462 1.51
51 1000 2764 0.02
51 1200 2768 1.82
51 1400 3132 1.51
51 1600 3434 4.12
51 1800 4258 4.62
52 0 0 0.3
52 200 60 4.05
52 400 870 3.51
52 600 1572 4.45
52 800 2462 1.51
52 1000 2764 0.02
52 1200 2768 1.82
52 1400 3132 1.51
52 1600 3434 4.12
52 1800 4258 4.62
53 0 0 0.3
53 200 60 4.05
53 400 870 3.51
53 600 1572 4.45
53 800 2462 1.51
53 1000 2764 0.02
53 1200 2768 1.82
53 1400 3132 1.51
53 1600 3434 4.12
53 1800 4258 4.62
54 0 0 0.3
54 200 60 4.05
54 400 870 3.51
54 600 1572 4.45
54 800 2462 1.51
54 1000 2764 0.02
54 1200 2768 1.82
54 1400 3132 1.51
54 1600 3434 4.12
54 1800 4258 4.62
55 0 0 0.3
55 200 60 4.05
55 400 870 3.51
55 600 1572 4.45
55 800 2462 1.51
55 1000 2764 0.02
55 1200 2768 1.82
55 1400 3132 1.51
55 1600 3434 4.12
55 1800 4258 4.62
56 0 0 0.3
56 200 60 4.05
56 400 870 3.51
56 600 1572 4.45
56 800 2462 1.51
56 1000 2764 0.02
56 1200 2768 1.82
56 1400 3132 1.51
56 1600 3434 4.12
56 1800 4258 4.62
57 0 0 0.3
57 200 60 4.05
57 400 870 3.51
57 600 1572 4.45
57 800 2462 1.51
57 1000 2764 0.02
57 1200 2768 1.82
57 1400 3132 1.51
57 1600 3434 4.12
57 1800 4258 4.62
58 0 0 0.3
58 200 60 4.05
58 400 870 3.51
58 600 1572 4.45
58 800 2462 1.51
58 1000 2764 0.02
58 1200 2768 1.82
58 1400 3132 1.51
58 1600 3434 4.12
58 1800 4258 4.62
59 0 0 0.3
59 200 60 4.05
59 400 870 3.51
59 600 1572 4.45
59 800 2462 1.51
59 1000 2764 0.02
59 1200 2768 1.82
59 1400 3132 1.51
59 1600 3434 4.12
59 1800 4258 4.62
60 0 0 0.3
60 200 60 4.05
60 400 870 3.51
60 600 1572 4.45
60 800 2462 1.51
60 1000 2764 0.02
60 1200 2768 1.82
60 1400 3132 1.51
60 1600 3434 4.12
60 1800 4258 4.62
61 0 0 0.3
61 200 60 4.05
61 400 870 3.51
61 600 1572 4.45
61 800 2462 1.51
61 1000 2764 0.02
61 1200 2768 1.82
61 1400 3132 1.51
61 1600 3434 4.12
61 1800 4258 4.62
62 0 0 0.3
62 200 60 4.05
62 400 870 3.51
62 600 1572 4.45
62 800 2462 1.51
62 1000 2764 0.02
62 1200 2768 1.82
62 1400 3132 1.51
62 1600 3434 4.12
62 1800 4258 4.62
63 0 0 0.3
63 200 60 4.05
63 400 870 3.51
63 600 1572 4.45
63 800 2462 1.51
63 1000 2764 0.02
63 1200 2768 1.82
63 1400 3132 1.51
63 1600 3434 4.12
63 1800 4258 4.62
64 0 0 0.3
64 200 60 4.05
64 400 870 3.51
64 600 1572 4.45
64 800 2462 1.51
64 1000 2764 0.02
64 1200 2768 1.82
64 1400 3132 1.51
64 1600 3434 4.12
64 1800 4258 4.62
65 0 0 0.3
65 200 60 4.05
65 400 870 3.51
65 600 1572 4.45
65 800 2462 1.51
65 1000 2764 0.02
65 1200 2768 1.82
65 1400 3132 1.51
65 1600 3434 4.12
65 1800 4258 4.62
66 0 0 0.3
66 200 60 4.05
66 400 870 3.51
66 600 1572 4.45
66 800 2462 1.51
66 1000 2764 0.02
66 1200 2768 1.82
66 1400 3132 1.51
66 1600 3434 4.12
66 1800 4258 4.62
67 0 0 0.3
67 200 60 4.05
67 400 870 3.51
67 600 1572 4.45
67 800 2462 1.51
67 1000 2764 0.02
67 1200 2768 1.82
67 1400 3132 1.51
67 1600 3434 4.12
67 1800 4258 4.62
68 0 0 0.3
68 200 60 4.05
68 400 870 3.51
68 600 1572 4.45
68 800 2462 1.51
68 1000 2764 0.02
68 1200 2768 1.82
68 1400 3132 1.51
68 1600 3434 4.12
68 1800 4258 4.62
69 0 0 0.3
69 200 60 4.05
69 400 870 3.51
69 600 1572 4.45
69 800 2462 1.51
69 1000 2764 0.02
69 1200 2768 1.82
69 1400 3132 1.51
69 1600 3434 4.12
69 1800 4258 4.62
70 0 0 0.3
70 200 60 4.05
70 400 870 3.51
70 600 1572 4.45
70 800 2462 1.51
70 1000 2764 0.02
70 1200 2768 1.82
70 1400 3132 1.51
70 1600 3434 4.12
70 1800 4258 4.62
71 0 0 0.3
71 200 60 4.05
71 400 870 3.51
71 600 1572 4.45
71 800 2462 1.51
71 1000 2764 0.02
71 1200 2768 1.82
71 1400 3132 1.51
71 1600 3434 4.12
71 1800 4258 4.62
72 0 0 0.3
72 200 60 4.05
72 400 870 3.51
72 600 1572 4.45
72 800 2462 1.51
72 1000 2764 0.02
72 1200 2768 1.82
72 1400 3132 1.51
72 1600 3434 4.12
72 1800 4258 4.62
73 0 0 0.3
73 200 60 4.05
73 400 870 3.51
73 600 1572 4.45
73 800 2462 1.51
73 1000 2764 0.02
73 1200 2768 1.82
73 1400 3132 1.51
73 1600 3434 4.12
73 1800 4258 4.62
74 0 0 0.3
74 200 60 4.05
74 400 870 3.51
74 600 1572 4.45
74 800 2462 1.51
74 1000 2764 0.02
74 1200 2768 1.82
74 1400 3132 1.51
74 1600 3434 4.12
74 1800 4258 4.62
75 0 0 0.3
75 200 60 4.05
75 400 870 3.51
75 600 1572 4.45
75 800 2462 1.51
75 1000 2764 0.02
75 1200 2768 1.82
75 1400 3132 1.51
75 1600 3434 4.12
75 1800 4258 4.62
76 0 0 0.3
76 200 60 4.05
76 400 870 3.51
76 600 1572 4.45
76 800 2462 1.51
76 1000 2764 0.02
76 1200 2768 1.82
76 1400 3132 1.51
76 1600 3434 4.12
76 1800 4258 4.62
77 0 0 0.3
77 200 60 4.05
77 400 870 3.51
77 600 1572 4.45
77 800 2462 1.51
77 1000 2764 0.02
77 1200 2768 1.82
77 1400 3132 1.51
77 1600 3434 4.12
77 1800 4258 4.62
78 0 0 0.3
78 200 60 4.05
78 400 870 3.51
78 600 1572 4.45
78 800 2462 1.51
78 1000 2764 0.02
78 1200 2768 1.82
78 1400 3132 1.51
78 1600 3434 4.12
78 1800 4258 4.62
79 0 0 0.3
79 200 60 4.05
79 400 870 3.51
79 600 1572 4.45
79 800 2462 1.51
79 1000 2764 0.02
79 1200 2768 1.82
79 1400 3132 1.51
79 1600 3434 4.12
79 1800 4258 4.62
80 0 0 0.3
80 200 60 4.05
80 400 870 3.51
80 600 1572 4.45
80 800 2462 1.51
80 1000 2764 0.02
80 1200 2768 1.82
80 1400 3132 1.51
80 1600 3434 4.12
80 1800 4258 4.62
81 0 0 0.3
81 200 60 4.05
81 400 870 3.51
81 600 1572 4.45
81 800 2462 1.51
81 1000 2764 0.02
81 1200 2768 1.82
81 1400 3132 1.51
81 1600 3434 4.12
81 1800 4258 4.62
82 0 0 0.3
82 200 60 4.05
82 400 870 3.51
82 600 1572 4.45
82 800 2462 1.51
82 1000 2764 0.02
82 1200 2768 1.82
82 1400 3132 1.51
82 1600 3434 4.12
82 1800 4258 4.62
83 0 0 0.3
83 200 60 4.05
83 400 870 3.51
83 600 1572 4.45
83 800 2462 1.51
83 1000 2764 0.02
83 1200 2768 1.82
83 1400 3132 1.51
83 1600 3434 4.12
83 1800 4258 4.62
84 0 0 0.3
84 200 60 4.05
84 400 870 3.51
84 600 1572 4.45
84 800 2462 1.51
84 1000 2764 0.02
84 1200 2768 1.82
84 1400 3132 1.51
84 1600 3434 4.12
84 1800 4258 4.62
85 0 0 0.3
85 200 60 4.05
85 400 870 3.51
85 600 1572 4.45
85 800 2462 1.51
85 1000 2764 0.02
85 1200 2768 1.82
85 1400 3132 1.51
85 1600 3434 4.12
85 1800 4258 4.62
86 0 0 0.3
86 200 60 4.05
86 400 870 3.51
86 600 1572 4.45
86 800 2462 1.51
86 1000 2764 0.02
86 1200 2768 1.82
86 1400 3132 1.51
86 1600 3434 4.12
86 1800 4258 4.62
87 0 0 0.3
87 200 60 4.05
87 400 870 3.51
87 600 1572 4.45
87 800 2462 1.51
87 1000 2764 0.02
87 1200 2768 1.82
87 1400 3132 1.51
87 1600 3434 4.12
87 1800 4258 4.62
88 0 0 0.3
88 200 60 4.05
88 400 870 3.51
88 600 1572 4.45
88 800 2462 1.51
88 1000 2764 0.02
88 1200 2768 1.82
88 1400 3132 1.51
88 1600 3434 4.12
88 1800 4258 4.62
89 0 0 0.3
89 200 60 4.05
89 400 870 3.51
89 600 1572 4.45
89 800 2462 1.51
89 1000 2764 0.02
89 1200 2768 1.82
89 1400 3132 1.51
89 1600 3434 4.12
89 1800 4258 4.62
90 0 0 0.3
90 200 60 4.05
90 400 870 3.51
90 600 1572 4.45
90 800 2462 1.51
90 1000 2764 0.02
90 1200 2768 1.82
90 1400 3132 1.51
90 1600 3434 4.12
90 1800 4258 4.62
91 0 0 0.3
91 200 60 4.05
91 400 870 3.51
91 600 1572 4.45
91 800 2462 1.51
91 1000 2764 0.02
91 1200 2768 1.82
91 1400 3132 1.51
91 1600 3434 4.12
91 1800 4258 4.62
92 0 0 0.3
92 200 60 4.05
92 400 870 3.51
92 600 1572 4.45
92 800 2462 1.51
92 1000 2764 0.02
92 1200 2768 1.82
92 1400 3132 1.51
92 1600 3434 4.12
92 1800 4258 4.62
93 0 0 0.3
93 200 60 4.05
93 400 870 3.51
93 600 1572 4.45
93 800 2462 1.51
93 1000 2764 0.02
93 1200 2768 1.82
93 1400 3132 1.51
93 1600 3434 4.12
93 1800 4258 4.62
94 0 0 0.3
94 200 60 4.05
94 400 870 3.51
94 600 1572 4.45
94 800 2462 1.51
94 1000 2764 0.02
94 1200 2768 1.82
94 1400 3132 1.51
94 1600 3434 4.12
94 1800 4258 4.62
95 0 0 0.3
95 200 60 4.05
95 400 870 3.51
95 600 1572 4.45
95 800 2462 1.51
95 1000 2764 0.02
95 1200 2768 1.82
95 1400 3132 1.51
95 1600 3434 4.12
95 1800 4258 4.62
96 0 0 0.3
96 200 60 4.05
96 400 870 3.51
96 600 1572 4.45
96 800 2462 1.51
96 1000 2764 0.02
96 1200 2768 1.82
96 1400 3132 1.51
96 1600 3434 4.12
96 1800 4258 4.62
97 0 0 0.3
97 200 60 4.05
97 400 870 3.51
97 600 1572 4.45
97 800 2462 1.51
97 1000 2764 0.02
97 1200 2768 1.82
97 1400 3132 1.51
97 1600 3434 4.12
97 1800 4258 4.62
98 0 0 0.3
98 200 60 4.05
98 400 870 3.51
98 600 1572 4.45
98 800 2462 1.51
98 1000 2764 0.02
98 1200 2768 1.82
98 1400 3132 1.51
98 1600 3434 4.12
98 1800 4258 4.62
99 0 0 0.3
99 200 60 4.05
99 400 870 3.51
99 600 1572 4.45
99 800 2462 1.51
99 1000 2764 0.02
99 1200 2768 1.82
99 1400 3132 1.51
99 1600 3434 4.12
99 1800 4258 4.62
100 0 0 0.3
100 200 60 4.05
100 400 870 3.51
100 600 1572 4.45
100 800 2462 1.51
100 1000 2764 0.02
100 1200 2768 1.82
100 1400 3132 1.51
100 1600 3434 4.12
100 1800 4258 4.62
101 0 0 0.3
101 200 60 4.05
101 400 870 3.51
101 600 1572 4.45
101 800 2462 1.51
101 1000 2764 0.02
101 1200 2768 1.82
101 1400 3132 1.51
101 1600 3434 4.12
101 1800 4258 4.62
102 0 0 0.3
102 200 60 4.05
102 400 870 3.51
102 600 1572 4.45
102 800 2462 1.51
102 1000 2764 0.02
102 1200 2768 1.82
102 1400 3132 1.51
102 1600 3434 4.12
102 1800 4258 4.62
103 0 0 0.3
103 200 60 4.05
103 400 870 3.51
103 600 1572 4.45
103 800 2462 1.51
103 1000 2764 0.02
103 1200 2768 1.82
103 1400 3132 1.51
103 1600 3434 4.12
103 1800 4258 4.62
104 0 0 0.3
104 200 60 4.05
104 400 870 3.51
104 600 1572 4.45
104 800 2462 1.51
104 1000 2764 0.02
104 1200 2768 1.82
104 1400 3132 1.51
104 1600 3434 4.12
104 1800 4258 4.62
105 0 0 0.3
105 200 60 4.05
105 400 870 3.51
105 600 1572 4.45
105 800 2462 1.51
105 1000 2764 0.02
105 1200 2768 1.82
105 1400 3132 1.51
105 1600 3434 4.12
105 1800 4258 4.62
106 0 0 0.3
106 200 60 4.05
106 400 870 3.51
106 600 1572 4.45
106 800 2462 1.51
106 1000 2764 0.02
106 1200 2768 1.82
106 1400 3132 1.51
106 1600 3434 4.12
106 1800 4258 4.62
107 0 0 0.3
107 200 60 4.05
107 400 870 3.51
107 600 1572 4.45
107 800 2462 1.51
107 1000 2764 0.02
107 1200 2768 1.82
107 1400 3132 1.51
107 1600 3434 4.12
107 1800 4258 4.62
108 0 0 0.3
108 200 60 4.05
108 400 870 3.51
108 600 1572 4.45
108 800 2462 1.51
108 1000 2764 0.02
108 1200 2768 1.82
108 1400 3132 1.51
108 1600 3434 4.12
108 1800 4258 4.62
109 0 0 0.3
109 200 60 4.05
109 400 870 3.51
109 600 1572 4.45
109 800 2462 1.51
109 1000 2764 0.02
109 1200 2768 1.82
109 1400 3132 1.51
109 1600 3434 4.12
109 1800 4258 4.62
110 0 0 0.3
110 200 60 4.05
110 400 870 3.51
110 600 1572 4.45
110 800 2462 1.51
110 1000 2764 0.02
110 1200 2768 1.82
110 1400 3132 1.51
110 1600 3434 4.12
110 1800 4258 4.62
111 0 0 0.3
111 200 60 4.05
111 400 870 3.51
111 600 1572 4.45
111 800 2462 1.51
111 1000 2764 0.02
111 1200 2768 1.82
111 1400 3132 1.51
111 1600 3434 4.12
111 1800 4258 4.62
112 0 0 0.3
112 200 60 4.05
112 400 870 3.51
112 600 1572 4.45
112 800 2462 1.51
112 1000 2764 0.02
112 1200 2768 1.82
112 1400 3132 1.51
112 1600 3434 4.12
112 1800 4258 4.62
113 0 0 0.3
113 200 60 4.05
113 400 870 3.51
113 600 1572 4.45
113 800 2462 1.51
113 1000 2764 0.02
113 1200 2768 1.82
113 1400 3132 1.51
113 1600 3434 4.12
113 1800 4258 4.62
114 0 0 0.3
114 200 60 4.05
114 400 870 3.51
114 600 1572 4.45
114 800 2462 1.51
114 1000 2764 0.02
114 1200 2768 1.82
114 1400 3132 1.51
114 1600 3434 4.12
114 1800 4258 4.62
115 0 0 0.3
115 200 60 4.05
115 400 870 3.51
115 600 1572 4.45
115 800 2462 1.51
115 1000 2764 0.02
115 1200 2768 1.82
115 1400 3132 1.51
115 1600 3434 4.12
115 1800 4258 4.62
116 0 0 0.3
116 200 60 4.05
116 400 870 3.51
116 600 1572 4.45
116 800 2462 1.51
116 1000 2764 0.02
116 1200 2768 1.82
116 1400 3132 1.51
116 1600 3434 4.12
116 1800 4258 4.62
117 0 0 0.3
117 200 60 4.05
117 400 870 3.51
117 600 1572 4.45
117 800 2462 1.51
117 1000 2764 0.02
117 1200 2768 1.82
117 1400 3132 1.51
117 1600 3434 4.12
117 1800 4258 4.62
118 0 0 0.3
118 200 60 4.05
118 400 870 3.51
118 600 1572 4.45
118 800 2462 1.51
118 1000 2764 0.02
118 1200 2768 1.82
118 1400 3132 1.51
118 1600 3434 4.12
118 1800 4258 4.62
119 0 0 0.3
119 200 60 4.05
119 400 870 3.51
119 600 1572 4.45
119 800 2462 1.51
119 1000 2764 0.02
119 1200 2768 1.82
119 1400 3132 1.51
119 1600 3434 4.12
119 1800 4258 4.62
120 0 0 0.3
120 200 60 4.05
120 400 870 3.51
120 600 1572 4.45
120 800 2462 1.51
120 1000 2764 0.02
120 1200 2768 1.82
120 1400 3132 1.51
120 1600 3434 4.12
120 1800 4258 4.62
121 0 0 0.3
121 200 60 4.05
121 400 870 3.51
121 600 1572 4.45
121 800 2462 1.51
121 1000 2764 0.02
121 1200 2768 1.82
121 1400 3132 1.51
121 1600 3434 4.12
121 1800 4258 4.62
122 0 0 0.3
122 200 60 4.05
122 400 870 3.51
122 600 1572 4.45
122 800 2462 1.51
122 1000 2764 0.02
122 1200 2768 1.82
122 1400 3132 1.51
122 1600 3434 4.12
122 1800 4258 4.62
123 0 0 0.3
123 200 60 4.05
123 400 870 3.51
123 600 1572 4.45
123 800 2462 1.51
123 1000 2764 0.02
123 1200 2768 1.82
123 1400 3132 1.51
123 1600 3434 4.12
123 1800 4258 4.62
124 0 0 0.3
124 200 60 4.05
124 400 870 3.51
124 600 1572 4.45
124 800 2462 1.51
124 1000 2764 0.02
124 1200 2768 1.82
124 1400 3132 1.51
124 1600 3434 4.12
124 1800 4258 4.62
125 0 0 0.3
125 200 60 4.05
125 400 870 3.51
125 600 1572 4.45
125 800 2462 1.51
125 1000 2764 0.02
125 1200 2768 1.82
125 1400 3132 1.51
125 1600 3434 4.12
125 1800 4258 4.62
126 0 0 0.3
126 200 60 4.05
126 400 870 3.51
126 600 1572 4.45
126 800 2462 1.51
126 1000 2764 0.02
126 1200 2768 1.82
126 1400 3132 1.51
126 1600 3434 4.12
126 1800 4258 4.62
127 0 0 0.3
127 200 60 4.05
127 400 870 3.51
127 600 1572 4.45
127 800 2462 1.51
127 1000 2764 0.02
127 1200 2768 1.82
127 1400 3132 1.51
127 1600 3434 4.12
127 1800 4258 4.62
128 0 0 0.3
128 200 60 4.05
128 400 870 3.51
128 600 1572 4.45
128 800 2462 1.51
128 1000 2764 0.02
128 1200 2768 1.82
128 1400 3132 1.51
128 1600 3434 4.12
128 1800 4258 4.62
129 0 0 0.3
129 200 60 4.05
129 400 870 3.51
129 600 1572 4.45
129 800 2462 1.51
129 1000 2764 0.02
129 1200 2768 1.82
129 1400 3132 1.51
129 1600 3434 4.12
129 1800 4258 4.62
130 0 0 0.3
130 200 60 4.05
130 400 870 3.51
130 600 1572 4.45
130 800 2462 1.51
130 1000 2764 0.02
130 1200 2768 1.82
130 1400 3132 1.51
130 1600 3434 4.12
130 1800 4258 4.62
131 0 0 0.3
131 200 60 4.05
131 400 870 3.51
131 600 1572 4.45
131 800 2462 1.51
131 1000 2764 0.02
131 1200 2768 1.82
131 1400 3132 1.51
131 1600 3434 4.12
131 1800 4258 4.62
132 0 0 0.3
132 200 60 4.05
132 400 870 3.51
132 600 1572 4.45
132 800 2462 1.51
132 1000 2764 0.02
132 1200 2768 1.82
132 1400 3132 1.51
132 1600 3434 4.12
132 1800 4258 4.62
133 0 0 0.3
133 200 60 4.05
133 400 870 3.51
133 600 1572 4.45
133 800 2462 1.51
133 1000 2764 0.02
133 1200 2768 1.82
133 1400 3132 1.51
133 1600 3434 4.12
133 1800 4258 4.62
134 0 0 0.3
134 200 60 4.05
134 400 870 3.51
134 600 1572 4.45
134 800 2462 1.51
134 1000 2764 0.02
134 1200 2768 1.82
134 1400 3132 1.51
134 1600 3434 4.12
134 1800 4258 4.62
135 0 0 0.3
135 200 60 4.05
135 400 870 3.51
135 600 1572 4.45
135 800 2462 1.51
135 1000 2764 0.02
135 1200 2768 1.82
135 1400 3132 1.51
135 1600 3434 4.12
135 1800 4258 4.62
136 0 0 0.3
136 200 60 4.05
136 400 870 3.51
136 600 1572 4.45
136 800 2462 1.51
136 1000 2764 0.02
136 1200 2768 1.82
136 1400 3132 1.51
136 1600 3434 4.12
136 1800 4258 4.62
137 0 0 0.3
137 200 60 4.05
137 400 870 3.51
137 600 1572 4.45
137 800 2462 1.51
137 1000 2764 0.02
137 1200 2768 1.82
137 1400 3132 1.51
137 1600 3434 4.12
137 1800 4258 4.62
138 0 0 0.3
138 200 60 4.05
138 400 870 3.51
138 600 1572 4.45
138 800 2462 1.51
138 1000 2764 0.02
138 1200 2768 1.82
138 1400 3132 1.51
138 1600 3434 4.12
138 1800 4258 4.62
139 0 0 0.3
139 200 60 4.05
139 400 870 3.51
139 600 1572 4.45
139 800 2462 1.51
139 1000 2764 0.02
139 1200 2768 1.82
139 1400 3132 1.51
139 1600 3434 4.12
139 1800 4258 4.62
140 0 0 0.3
140 200 60 4.05
140 400 870 3.51
140 600 1572 4.45
140 800 2462 1.51
140 1000 2764 0.02
140 1200 2768 1.82
140 1400 3132 1.51
140 1600 3434 4.12
140 1800 4258 4.62
141 0 0 0.3
141 200 60 4.05
141 400 870 3.51
141 600 1572 4.45
141 800 2462 1.51
141 1000 2764 0.02
141 1200 2768 1.82
141 1400 3132 1.51
141 1600 3434 4.12
141 1800 4258 4.62
142 0 0 0.3
142 200 60 4.05
142 400 870 3.51
142 600 1572 4.45
142 800 2462 1.51
142 1000 2764 0.02
142 1200 2768 1.82
142 1400 3132 1.51
142 1600 3434 4.12
142 1800 4258 4.62
143 0 0 0.3
143 200 60 4.05
143 400 870 3.51
143 600 1572 4.45
143 800 2462 1.51
143 1000 2764 0.02
143 1200 2768 1.82
143 1400 3132 1.51
143 1600 3434 4.12
143 1800 4258 4.62
144 0 0 0.3
144 200 60 4.05
144 400 870 3.51
144 600 1572 4.45
144 800 2462 1.51
144 1000 2764 0.02
144 1200 2768 1.82
144 1400 3132 1.51
144 1600 3434 4.12
144 1800 4258 4.62
145 0 0 0.3
145 200 60 4.05
145 400 870 3.51
145 600 1572 4.45
145 800 2462 1.51
145 1000 2764 0.02
145 1200 2768 1.82
145 1400 3132 1.51
145 1600 3434 4.12
145 1800 4258 4.62
146 0 0 0.3
146 200 60 4.05
146 400 870 3.51
146 600 1572 4.45
146 800 2462 1.51
146 1000 2764 0.02
146 1200 2768 1.82
146 1400 3132 1.51
146 1600 3434 4.12
146 1800 4258 4.62
147 0 0 0.3
147 200 60 4.05
147 400 870 3.51
147 600 1572 4.45
147 800 2462 1.51
147 1000 2764 0.02
147 1200 2768 1.82
147 1400 3132 1.51
147 1600 3434 4.12
147 1800 4258 4.62
148 0 0 0.3
148 200 60 4.05
148 400 870 3.51
148 600 1572 4.45
148 800 2462 1.51
148 1000 2764 0.02
148 1200 2768 1.82
148 1400 3132 1.51
148 1600 3434 4.12
148 1800 4258 4.62
149 0 0 0.3
149 200 60 4.05
149 400 870 3.51
149 600 1572 4.45
149 800 2462 1.51
149 1000 2764 0.02
149 1200 2768 1.82
149 1400 3132 1.51
149 1600 3434 4.12
149 1800 4258 4.62
150 0 0 0.3
150 200 60 4.05
150 400 870 3.51
150 600 1572 4.45
150 800 2462 1.51
150 1000 2764 0.02
150 1200 2768 1.82
150 1400 3132 1.51
150 1600 3434 4.12
150 1800 4258 4.62
151 0 0 0.3
151 200 60 4.05
151 400 870 3.51
151 600 1572 4.45
151 800 2462 1.51
151 1000 2764 0.02
151 1200 2768 1.82
151 1400 3132 1.51
151 1600 3434 4.12
151 1800 4258 4.62
152 0 0 0.3
152 200 60 4.05
152 400 870 3.51
152 600 1572 4.45
152 800 2462 1.51
152 1000 2764 0.02
152 1200 2768 1.82
152 1400 3132 1.51
152 1600 3434 4.12
152 1800 4258 4.62
153 0 0 0.3
153 200 60 4.05
153 400 870 3.51
153 600 1572 4.45
153 800 2462 1.51
153 1000 2764 0.02
153 1200 2768 1.82
153 1400 3132 1.51
153 1600 3434 4.12
153 1800 4258 4.62
154 0 0 0.3
154 200 60 4.05
154 400 870 3.51
154 600 1572 4.45
154 800 2462 1.51
154 1000 2764 0.02
154 1200 2768 1.82
154 1400 3132 1.51
154 1600 3434 4.12
154 1800 4258 4.62
155 0 0 0.3
155 200 60 4.05
155 400 870 3.51
155 600 1572 4.45
155 800 2462 1.51
155 1000 2764 0.02
155 1200 2768 1.82
155 1400 3132 1.51
155 1600 3434 4.12
155 1800 4258 4.62
156 0 0 0.3
156 200 60 4.05
156 400 870 3.51
156 600 1572 4.45
156 800 2462 1.51
156 1000 2764 0.02
156 1200 2768 1.82
156 1400 3132 1.51
156 1600 3434 4.12
156 1800 4258 4.62
157 0 0 0.3
157 200 60 4.05
157 400 870 3.51
157 600 1572 4.45
157 800 2462 1.51
157 1000 2764 0.02
157 1200 2768 1.82
157 1400 3132 1.51
157 1600 3434 4.12
157 1800 4258 4.62
158 0 0 0.3
158 200 60 4.05
158 400 870 3.51
158 600 1572 4.45
158 800 2462 1.51
158 1000 2764 0.02
158 1200 2768 1.82
158 1400 3132 1.51
158 1600 3434 4.12
158 1800 4258 4.62
159 0 0 0.3
159 200 60 4.05
159 400 870 3.51
159 600 1572 4.45
159 800 2462 1.51
159 1000 2764 0.02
159 1200 2768 1.82
159 1400 3132 1.51
159 1600 3434 4.12
159 1800 4258 4.62
160 0 0 0.3
160 200 60 4.05
160 400 870 3.51
160 600 1572 4.45
160 800 2462 1.51
160 1000 2764 0.02
160 1200 2768 1.82
160 1400 3132 1.51
160 1600 3434 4.12
160 1800 4258 4.62
161 0 0 0.3
161 200 60 4.05
161 400 870 3.51
161 600 1572 4.45
161 800 2462 1.51
161 1000 2764 0.02
161 1200 2768 1.82
161 1400 3132 1.51
161 1600 3434 4.12
161 1800 4258 4.62
162 0 0 0.3
162 200 60 4.05
162 400 870 3.51
162 600 1572 4.45
162 800 2462 1.51
162 1000 2764 0.02
162 1200 2768 1.82
162 1400 3132 1.51
162 1600 3434 4.12
162 1800 4258 4.62
163 0 0 0.3
163 200 60 4.05
163 400 870 3.51
163 600 1572 4.45
163 800 2462 1.51
163 1000 2764 0.02
163 1200 2768 1.82
163 1400 3132 1.51
163 1600 3434 4.12
163 1800 4258 4.62
164 0 0 0.3
164 200 60 4.05
164 400 870 3.51
164 600 1572 4.45
164 800 2462 1.51
164 1000 2764 0.02
164 1200 2768 1.82
164 1400 3132 1.51
164 1600 3434 4.12
164 1800 4258 4.62
165 0 0 0.3
165 200 60 4.05
165 400 870 3.51
165 600 1572 4.45
165 800 2462 1.51
165 1000 2764 0.02
165 1200 2768 1.82
165 1400 3132 1.51
165 1600 3434 4.12
165 1800 4258 4.62
166 0 0 0.3
166 200 60 4.05
166 400 870 3.51
166 600 1572 4.45
166 800 2462 1.51
166 1000 2764 0.02
166 1200 2768 1.82
166 1400 3132 1.51
166 1600 3434 4.12
166 1800 4258 4.62
167 0 0 0.3
167 200 60 4.05
167 400 870 3.51
167 600 1572 4.45
167 800 2462 1.51
167 1000 2764 0.02
167 1200 2768 1.82
167 1400 3132 1.51
167 1600 3434 4.12
167 1800 4258 4.62
168 0 0 0.3
168 200 60 4.05
168 400 870 3.51
168 600 1572 4.45
168 800 2462 1.51
168 1000 2764 0.02
168 1200 2768 1.82
168 1400 3132 1.51
168 1600 3434 4.12
168 1800 4258 4.62
169 0 0 0.3
169 200 60 4.05
169 400 870 3.51
169 600 1572 4.45
169 800 2462 1.51
169 1000 2764 0.02
169 1200 2768 1.82
169 1400 3132 1.51
169 1600 3434 4.12
169 1800 4258 4.62
170 0 0 0.3
170 200 60 4.05
170 400 870 3.51
170 600 1572 4.45
170 800 2462 1.51
170 1000 2764 0.02
170 1200 2768 1.82
170 1400 3132 1.51
170 1600 3434 4.12
170 1800 4258 4.62
171 0 0 0.3
171 200 60 4.05
171 400 870 3.51
171 600 1572 4.45
171 800 2462 1.51
171 1000 2764 0.02
171 1200 2768 1.82
171 1400 3132 1.51
171 1600 3434 4.12
171 1800 4258 4.62
172 0 0 0.3
172 200 60 4.05
172 400 870 3.51
172 600 1572 4.45
172 800 2462 1.51
172 1000 2764 0.02
172 1200 2768 1.82
172 1400 3132 1.51
172 1600 3434 4.12
172 1800 4258 4.62
173 0 0 0.3
173 200 60 4.05
173 400 870 3.51
173 600 1572 4.45
173 800 2462 1.51
173 1000 2764 0.02
173 1200 2768 1.82
173 1400 3132 1.51
173 1600 3434 4.12
173 1800 4258 4.62
174 0 0 0.3
174 200 60 4.05
174 400 870 3.51
174 600 1572 4.45
174 800 2462 1.51
174 1000 2764 0.02
174 1200 2768 1.82
174 1400 3132 1.51
174 1600 3434 4.12
174 1800 4258 4.62
175 0 0 0.3
175 200 60 4.05
175 400 870 3.51
175 600 1572 4.45
175 800 2462 1.51
175 1000 2764 0.02
175 1200 2768 1.82
175 1400 3132 1.51
175 1600 3434 4.12
175 1800 4258 4.62
176 0 0 0.3
176 200 60 4.05
176 400 870 3.51
176 600 1572 4.45
176 800 2462 1.51
176 1000 2764 0.02
176 1200 2768 1.82
176 1400 3132 1.51
176 1600 3434 4.12
176 1800 4258 4.62
177 0 0 0.3
177 200 60 4.05
177 400 870 3.51
177 600 1572 4.45
177 800 2462 1.51
177 1000 2764 0.02
177 1200 2768 1.82
177 1400 3132 1.51
177 1600 3434 4.12
177 1800 4258 4.62
178 0 0 0.3
178 200 60 4.05
178 400 870 3.51
178 600 1572 4.45
178 800 2462 1.51
178 1000 2764 0.02
178 1200 2768 1.82
178 1400 3132 1.51
178 1600 3434 4.12
178 1800 4258 4.62
179 0 0 0.3
179 200 60 4.05
179 400 870 3.51
179 600 1572 4.45
179 800 2462 1.51
179 1000 2764 0.02
179 1200 2768 1.82
179 1400 3132 1.51
179 1600 3434 4.12
179 1800 4258 4.62
180 0 0 0.3
180 200 60 4.05
180 400 870 3.51
180 600 1572 4.45
180 800 2462 1.51
180 1000 2764 0.02
180 1200 2768 1.82
180 1400 3132 1.51
180 1600 3434 4.12
180 1800 4258 4.62
181 0 0 0.3
181 200 60 4.05
181 400 870 3.51
181 600 1572 4.45
181 800 2462 1.51
181 1000 2764 0.02
181 1200 2768 1.82
181 1400 3132 1.51
181 1600 3434 4.12
181 1800 4258 4.62
182 0 0 0.3
182 200 60 4.05
182 400 870 3.51
182 600 1572 4.45
182 800 2462 1.51
182 1000 2764 0.02
182 1200 2768 1.82
182 1400 3132 1.51
182 1600 3434 4.12
182 1800 4258 4.62
183 0 0 0.3
183 200 60 4.05
183 400 870 3.51
183 600 1572 4.45
183 800 2462 1.51
183 1000 2764 0.02
183 1200 2768 1.82
183 1400 3132 1.51
183 1600 3434 4.12
183 1800 4258 4.62
184 0 0 0.3
184 200 60 4.05
184 400 870 3.51
184 600 1572 4.45
184 800 2462 1.51
184 1000 2764 0.02
184 1200 2768 1.82
184 1400 3132 1.51
184 1600 3434 4.12
184 1800 4258 4.62
185 0 0 0.3
185 200 60 4.05
185 400 870 3.51
185 600 1572 4.45
185 800 2462 1.51
185 1000 2764 0.02
185 1200 2768 1.82
185 1400 3132 1.51
185 1600 3434 4.12
185 1800 4258 4.62
186 0 0 0.3
186 200 60 4.05
186 400 870 3.51
186 600 1572 4.45
186 800 2462 1.51
186 1000 2764 0.02
186 1200 2768 1.82
186 1400 3132 1.51
186 1600 3434 4.12
186 1800 4258 4.62
187 0 0 0.3
187 200 60 4.05
187 400 870 3.51
187 600 1572 4.45
187 800 2462 1.51
187 1000 2764 0.02
187 1200 2768 1.82
187 1400 3132 1.51
187 1600 3434 4.12
187 1800 4258 4.62
188 0 0 0.3
188 200 60 4.05
188 400 870 3.51
188 600 1572 4.45
188 800 2462 1.51
188 1000 2764 0.02
188 1200 2768 1.82
188 1400 3132 1.51
188 1600 3434 4.12
188 1800 4258 4.62
189 0 0 0.3
189 200 60 4.05
189 400 870 3.51
189 600 1572 4.45
189 800 2462 1.51
189 1000 2764 0.02
189 1200 2768 1.82
189 1400 3132 1.51
189 1600 3434 4.12
189 1800 4258 4.62
190 0 0 0.3
190 200 60 4.05
190 400 870 3.51
190 600 1572 4.45
190 800 2462 1.51
190 1000 2764 0.02
190 1200 2768 1.82
190 1400 3132 1.51
190 1600 3434 4.12
190 1800 4258 4.62
191 0 0 0.3
191 200 60 4.05
191 400 870 3.51
191 600 1572 4.45
191 800 2462 1.51
191 1000 2764 0.02
191 1200 2768 1.82
191 1400 3132 1.51
191 1600 3434 4.12
191 1800 4258 4.62
192 0 0 0.3
192 200 60 4.05
192 400 870 3.51
192 600 1572 4.45
192 800 2462 1.51
192 1000 2764 0.02
192 1200 2768 1.82
192 1400 3132 1.51
192 1600 3434 4.12
192 1800 4258 4.62
193 0 0 0.3
193 200 60 4.05
193 400 870 3.51
193 600 1572 4.45
193 800 2462 1.51
193 1000 2764 0.02
193 1200 2768 1.82
193 1400 3132 1.51
193 1600 3434 4.12
193 1800 4258 4.62
194 0 0 0.3
194 200 60 4.05
194 400 870 3.51
194 600 1572 4.45
194 800 2462 1.51
194 1000 2764 0.02
194 1200 2768 1.82
194 1400 3132 1.51
194 1600 3434 4.12
194 1800 4258 4.62
195 0 0 0.3
195 200 60 4.05
195 400 870 3.51
195 600 1572 4.45
195 800 2462 1.51
195 1000 2764 0.02
195 1200 2768 1.82
195 1400 3132 1.51
195 1600 3434 4.12
195 1800 4258 4.62
196 0 0 0.3
196 200 60 4.05
196 400 870 3.51
196 600 1572 4.45
196 800 2462 1.51
196 1000 2764 0.02
196 1200 2768 1.82
196 1400 3132 1.51
196 1600 3434 4.12
196 1800 4258 4.62
197 0 0 0.3
197 200 60 4.05
197 400 870 3.51
197 600 1572 4.45
197 800 2462 1.51
197 1000 2764 0.02
197 1200 2768 1.82
197 1400 3132 1.51
197 1600 3434 4.12
197 1800 4258 4.62
198 0 0 0.3
198 200 60 4.05
198 400 870 3.51
198 600 1572 4.45
198 800 2462 1.51
198 1000 2764 0.02
198 1200 2768 1.82
198 1400 3132 1.51
198 1600 3434 4.12
198 1800 4258 4.62
199 0 0 0.3
199 200 60 4.05
199 400 870 3.51
199 600 1572 4.45
199 800 2462 1.51
199 1000 2764 0.02
199 1200 2768 1.82
199 1400 3132 1.51
199 1600 3434 4.12
199 1800 4258 4.62
200 0 0 0.3
200 200 60 4.05
200 400 870 3.51
200 600 1572 4.45
200 800 2462 1.51
200 1000 2764 0.02
200 1200 2768 1.82
200 1400 3132 1.51
200 1600 3434 4.12
200 1800 4258 4.62
201 0 0 0.3
201 200 60 4.05
201 400 870 3.51
201 600 1572 4.45
201 800 2462 1.51
201 1000 2764 0.02
201 1200 2768 1.82
201 1400 3132 1.51
201 1600 3434 4.12
201 1800 4258 4.62
202 0 0 0.3
202 200 60 4.05
202 400 870 3.51
202 600 1572 4.45
202 800 2462 1.51
202 1000 2764 0.02
202 1200 2768 1.82
202 1400 3132 1.51
202 1600 3434 4.12
202 1800 4258 4.62
203 0 0 0.3
203 200 60 4.05
203 400 870 3.51
203 600 1572 4.45
203 800 2462 1.51
203 1000 2764 0.02
203 1200 2768 1.82
203 1400 3132 1.51
203 1600 3434 4.12
203 1800 4258 4.62
204 0 0 0.3
204 200 60 4.05
204 400 870 3.51
204 600 1572 4.45
204 800 2462 1.51
204 1000 2764 0.02
204 1200 2768 1.82
204 1400 3132 1.51
204 1600 3434 4.12
204 1800 4258 4.62
205 0 0 0.3
205 200 60 4.05
205 400 870 3.51
205 600 1572 4.45
205 800 2462 1.51
205 1000 2764 0.02
205 1200 2768 1.82
205 1400 3132 1.51
205 1600 3434 4.12
205 1800 4258 4.62
206 0 0 0.3
206 200 60 4.05
206 400 870 3.51
206 600 1572 4.45
206 800 2462 1.51
206 1000 2764 0.02
206 1200 2768 1.82
206 1400 3132 1.51
206 1600 3434 4.12
206 1800 4258 4.62
207 0 0 0.3
207 200 60 4.05
207 400 870 3.51
207 600 1572 4.45
207 800 2462 1.51
207 1000 2764 0.02
207 1200 2768 1.82
207 1400 3132 1.51
207 1600 3434 4.12
207 1800 4258 4.62
208 0 0 0.3
208 200 60 4.05
208 400 870 3.51
208 600 1572 4.45
208 800 2462 1.51
208 1000 2764 0.02
208 1200 2768 1.82
208 1400 3132 1.51
208 1600 3434 4.12
208 1800 4258 4.62
209 0 0 0.3
209 200 60 4.05
209 400 870 3.51
209 600 1572 4.45
209 800 2462 1.51
209 1000 2764 0.02
209 1200 2768 1.82
209 1400 3132 1.51
209 1600 3434 4.12
209 1800 4258 4.62
210 0 0 0.3
210 200 60 4.05
210 400 870 3.51
210 600 1572 4.45
210 800 2462 1.51
210 1000 2764 0.02
210 1200 2768 1.82
210 1400 3132 1.51
210 1600 3434 4.12
210 1800 4258 4.62
211 0 0 0.3
211 200 60 4.05
211 400 870 3.51
211 600 1572 4.45
211 800 2462 1.51
211 1000 2764 0.02
211 1200 2768 1.82
211 1400 3132 1.51
211 1600 3434 4.12
211 1800 4258 4.62
212 0 0 0.3
212 200 60 4.05
212 400 870 3.51
212 600 1572 4.45
212 800 2462 1.51
212 1000 2764 0.02
212 1200 2768 1.82
212 1400 3132 1.51
212 1600 3434 4.12
212 1800 4258 4.62
213 0 0 0.3
213 200 60 4.05
213 400 870 3.51
213 600 1572 4.45
213 800 2462 1.51
213 1000 2764 0.02
213 1200 2768 1.82
213 1400 3132 1.51
213 1600 3434 4.12
213 1800 4258 4.62
214 0 0 0.3
214 200 60 4.05
214 400 870 3.51
214 600 1572 4.45
214 800 2462 1.51
214 1000 2764 0.02
214 1200 2768 1.82
214 1400 3132 1.51
214 1600 3434 4.12
214 1800 4258 4.62
215 0 0 0.3
215 200 60 4.05
215 400 870 3.51
215 600 1572 4.45
215 800 2462 1.51
215 1000 2764 0.02
215 1200 2768 1.82
215 1400 3132 1.51
215 1600 3434 4.12
215 1800 4258 4.62
216 0 0 0.3
216 200 60 4.05
216 400 870 3.51
216 600 1572 4.45
216 800 2462 1.51
216 1000 2764 0.02
216 1200 2768 1.82
216 1400 3132 1.51
216 1600 3434 4.12
216 1800 4258 4.62
217 0 0 0.3
217 200 60 4.05
217 400 870 3.51
217 600 1572 4.45
217 800 2462 1.51
217 1000 2764 0.02
217 1200 2768 1.82
217 1400 3132 1.51
217 1600 3434 4.12
217 1800 4258 4.62
218 0 0 0.3
218 200 60 4.05
218 400 870 3.51
218 600 1572 4.45
218 800 2462 1.51
218 1000 2764 0.02
218 1200 2768 1.82
218 1400 3132 1.51
218 1600 3434 4.12
218 1800 4258 4.62
219 0 0 0.3
219 200 60 4.05
219 400 870 3.51
219 600 1572 4.45
219 800 2462 1.51
219 1000 2764 0.02
219 1200 2768 1.82
219 1400 3132 1.51
219 1600 3434 4.12
219 1800 4258 4.62
220 0 0 0.3
220 200 60 4.05
220 400 870 3.51
220 600 1572 4.45
220 800 2462 1.51
220 1000 2764 0.02
220 1200 2768 1.82
220 1400 3132 1.51
220 1600 3434 4.12
220 1800 4258 4.62
221 0 0 0.3
221 200 60 4.05
221 400 870 3.51
221 600 1572 4.45
221 800 2462 1.51
221 1000 2764 0.02
221 1200 2768 1.82
221 1400 3132 1.51
221 1600 3434 4.12
221 1800 4258 4.62
222 0 0 0.3
222 200 60 4.05
222 400 870 3.51
222 600 1572 4.45
222 800 2462 1.51
222 1000 2764 0.02
222 1200 2768 1.82
222 1400 3132 1.51
222 1600 3434 4.12
222 1800 4258 4.62
223 0 0 0.3
223 200 60 4.05
223 400 870 3.51
223 600 1572 4.45
223 800 2462 1.51
223 1000 2764 0.02
223 1200 2768 1.82
223 1400 3132 1.51
223 1600 3434 4.12
223 1800 4258 4.62
224 0 0 0.3
224 200 60 4.05
224 400 870 3.51
224 600 1572 4.45
224 800 2462 1.51
224 1000 2764 0.02
224 1200 2768 1.82
224 1400 3132 1.51
224 1600 3434 4.12
224 1800 4258 4.62
225 0 0 0.3
225 200 60 4.05
225 400 870 3.51
225 600 1572 4.45
225 800 2462 1.51
225 1000 2764 0.02
225 1200 2768 1.82
225 1400 3132 1.51
225 1600 3434 4.12
225 1800 4258 4.62
226 0 0 0.3
226 200 60 4.05
226 400 870 3.51
226 600 1572 4.45
226 800 2462 1.51
226 1000 2764 0.02
226 1200 2768 1.82
226 1400 3132 1.51
226 1600 3434 4.12
226 1800 4258 4.62
227 0 0 0.3
227 200 60 4.05
227 400 870 3.51
227 600 1572 4.45
227 800 2462 1.51
227 1000 2764 0.02
227 1200 2768 1.82
227 1400 3132 1.51
227 1600 3434 4.12
227 1800 4258 4.62
228 0 0 0.3
228 200 60 4.05
228 400 870 3.51
228 600 1572 4.45
228 800 2462 1.51
228 1000 2764 0.02
228 1200 2768 1.82
228 1400 3132 1.51
228 1600 3434 4.12
228 1800 4258 4.62
229 0 0 0.3
229 200 60 4.05
229 400 870 3.51
229 600 1572 4.45
229 800 2462 1.51
229 1000 2764 0.02
229 1200 2768 1.82
229 1400 3132 1.51
229 1600 3434 4.12
229 1800 4258 4.62
230 0 0 0.3
230 200 60 4.05
230 400 870 3.51
230 600 1572 4.45
230 800 2462 1.51
230 1000 2764 0.02
230 1200 2768 1.82
230 1400 3132 1.51
230 1600 3434 4.12
230 1800 4258 4.62
231 0 0 0.3
231 200 60 4.05
231 400 870 3.51
231 600 1572 4.45
231 800 2462 1.51
231 1000 2764 0.02
231 1200 2768 1.82
231 1400 3132 1.51
231 1600 3434 4.12
231 1800 4258 4.62
232 0 0 0.3
232 200 60 4.05
232 400 870 3.51
232 600 1572 4.45
232 800 2462 1.51
232 1000 2764 0.02
232 1200 2768 1.82
232 1400 3132 1.51
232 1600 3434 4.12
232 1800 4258 4.62
233 0 0 0.3
233 200 60 4.05
233 400 870 3.51
233 600 1572 4.45
233 800 2462 1.51
233 1000 2764 0.02
233 1200 2768 1.82
233 1400 3132 1.51
233 1600 3434 4.12
233 1800 4258 4.62
234 0 0 0.3
234 200 60 4.05
234 400 870 3.51
234 600 1572 4.45
234 800 2462 1.51
234 1000 2764 0.02
234 1200 2768 1.82
234 1400 3132 1.51
234 1600 3434 4.12
234 1800 4258 4.62
235 0 0 0.3
235 200 60 4.05
235 400 870 3.51
235 600 1572 4.45
235 800 2462 1.51
235 1000 2764 0.02
235 1200 2768 1.82
235 1400 3132 1.51
235 1600 3434 4.12
235 1800 4258 4.62
236 0 0 0.3
236 200 60 4.05
236 400 870 3.51
236 600 1572 4.45
236 800 2462 1.51
236 1000 2764 0.02
236 1200 2768 1.82
236 1400 3132 1.51
236 1600 3434 4.12
236 1800 4258 4.62
237 0 0 0.3
237 200 60 4.05
237 400 870 3.51
237 600 1572 4.45
237 800 2462 1.51
237 1000 2764 0.02
237 1200 2768 1.82
237 1400 3132 1.51
237 1600 3434 4.12
237 1800 4258 4.62
238 0 0 0.3
238 200 60 4.05
238 400 870 3.51
238 600 1572 4.45
238 800 2462 1.51
238 1000 2764 0.02
238 1200 2768 1.82
238 1400 3132 1.51
238 1600 3434 4.12
238 1800 4258 4.62
239 0 0 0.3
239 200 60 4.05
239 400 870 3.51
239 600 1572 4.45
239 800 2462 1.51
239 1000 2764 0.02
239 1200 2768 1.82
239 1400 3132 1.51
239 1600 3434 4.12
239 1800 4258 4.62
240 0 0 0.3
240 200 60 4.05
240 400 870 3.51
240 600 1572 4.45
240 800 2462 1.51
240 1000 2764 0.02
240 1200 2768 1.82
240 1400 3132 1.51
240 1600 3434 4.12
240 1800 4258 4.62
241 0 0 0.3
241 200 60 4.05
241 400 870 3.51
241 600 1572 4.45
241 800 2462 1.51
241 1000 2764 0.02
241 1200 2768 1.82
241 1400 3132 1.51
241 1600 3434 4.12
241 1800 4258 4.62
242 0 0 0.3
242 200 60 4.05
242 400 870 3.51
242 600 1572 4.45
242 800 2462 1.51
242 1000 2764 0.02
242 1200 2768 1.82
242 1400 3132 1.51
242 1600 3434 4.12
242 1800 4258 4.62
243 0 0 0.3
243 200 60 4.05
243 400 870 3.51
243 600 1572 4.45
243 800 2462 1.51
243 1000 2764 0.02
243 1200 2768 1.82
243 1400 3132 1.51
243 1600 3434 4.12
243 1800 4258 4.62
244 0 0 0.3
244 200 60 4.05
244 400 870 3.51
244 600 1572 4.45
244 800 2462 1.51
244 1000 2764 0.02
244 1200 2768 1.82
244 1400 3132 1.51
244 1600 3434 4.12
244 1800 4258 4.62
245 0 0 0.3
245 200 60 4.05
245 400 870 3.51
245 600 1572 4.45
245 800 2462 1.51
245 1000 2764 0.02
245 1200 2768 1.82
245 1400 3132 1.51
245 1600 3434 4.12
245 1800 4258 4.62
246 0 0 0.3
246 200 60 4.05
246 400 870 3.51
246 600 1572 4.45
246 800 2462 1.51
246 1000 2764 0.02
246 1200 2768 1.82
246 1400 3132 1.51
246 1600 3434 4.12
246 1800 4258 4.62
247 0 0 0.3
247 200 60 4.05
247 400 870 3.51
247 600 1572 4.45
247 800 2462 1.51
247 1000 2764 0.02
247 1200 2768 1.82
247 1400 3132 1.51
247 1600 3434 4.12
247 1800 4258 4.62
248 0 0 0.3
248 200 60 4.05
248 400 870 3.51
248 600 1572 4.45
248 800 2462 1.51
248 1000 2764 0.02
248 1200 2768 1.82
248 1400 3132 1.51
248 1600 3434 4.12
248 1800 4258 4.62
249 0 0 0.3
249 200 60 4.05
249 400 870 3.51
249 600 1572 4.45
249 800 2462 1.51
249 1000 2764 0.02
249 1200 2768 1.82
249 1400 3132 1.51
249 1600 3434 4.12
249 1800 4258 4.62
250 0 0 0.3
250 200 60 4.05
250 400 870 3.51
250 600 1572 4.45
250 800 2462 1.51
250 1000 2764 0.02
250 1200 2768 1.82
250 1400 3132 1.51
250 1600 3434 4.12
250 1800 4258 4.62
251 0 0 0.3
251 200 60 4.05
251 400 870 3.51
251 600 1572 4.45
251 800 2462 1.51
251 1000 2764 0.02
251 1200 2768 1.82
251 1400 3132 1.51
251 1600 3434 4.12
251 1800 4258 4.62
252 0 0 0.3
252 200 60 4.05
252 400 870 3.51
252 600 1572 4.45
252 800 2462 1.51
252 1000 2764 0.02
252 1200 2768 1.82
252 1400 3132 1.51
252 1600 3434 4.12
252 1800 4258 4.62
253 0 0 0.3
253 200 60 4.05
253 400 870 3.51
253 600 1572 4.45
253 800 2462 1.51
253 1000 2764 0.02
253 1200 2768 1.82
253 1400 3132 1.51
253 1600 3434 4.12
253 1800 4258 4.62
254 0 0 0.3
254 200 60 4.05
254 400 870 3.51
254 600 1572 4.45
254 800 2462 1.51
254 1000 2764 0.02
254 1200 2768 1.82
254 1400 3132 1.51
254 1600 3434 4.12
254 1800 4258 4.62
255 0 0 0.3
255 200 60 4.05
255 400 870 3.51
255 600 1572 4.45
255 800 2462 1.51
255 1000 2764 0.02
255 1200 2768 1.82
255 1400 3132 1.51
255 1600 3434 4.12
255 1800 4258 4.62
256 0 0 0.3
256 200 60 4.05
256 400 870 3.51
256 600 1572 4.45
256 800 2462 1.51
256 1000 2764 0.02
256 1200 2768 1.82
256 1400 3132 1.51
256 1600 3434 4.12
256 1800 4258 4.62
257 0 0 0.3
257 200 60 4.05
257 400 870 3.51
257 600 1572 4.45
257 800 2462 1.51
257 1000 2764 0.02
257 1200 2768 1.82
257 1400 3132 1.51
257 1600 3434 4.12
257 1800 4258 4.62
258 0 0 0.3
258 200 60 4.05
258 400 870 3.51
258 600 1572 4.45
258 800 2462 1.51
258 1000 2764 0.02
258 1200 2768 1.82
258 1400 3132 1.51
258 1600 3434 4.12
258 1800 4258 4.62
259 0 0 0.3
259 200 60 4.05
259 400 870 3.51
259 600 1572 4.45
259 800 2462 1.51
259 1000 2764 0.02
259 1200 2768 1.82
259 1400 3132 1.51
259 1600 3434 4.12
259 1800 4258 4.62
260 0 0 0.3
260 200 60 4.05
260 400 870 3.51
260 600 1572 4.45
260 800 2462 1.51
260 1000 2764 0.02
260 1200 2768 1.82
260 1400 3132 1.51
260 1600 3434 4.12
260 1800 4258 4.62
261 0 0 0.3
261 200 60 4.05
261 400 870 3.51
261 600 1572 4.45
261 800 2462 1.51
261 1000 2764 0.02
261 1200 2768 1.82
261 1400 3132 1.51
261 1600 3434 4.12
261 1800 4258 4.62
262 0 0 0.3
262 200 60 4.05
262 400 870 3.51
262 600 1572 4.45
262 800 2462 1.51
262 1000 2764 0.02
262 1200 2768 1.82
262 1400 3132 1.51
262 1600 3434 4.12
262 1800 4258 4.62
263 0 0 0.3
263 200 60 4.05
263 400 870 3.51
263 600 1572 4.45
263 800 2462 1.51
263 1000 2764 0.02
263 1200 2768 1.82
263 1400 3132 1.51
263 1600 3434 4.12
263 1800 4258 4.62
264 0 0 0.3
264 200 60 4.05
264 400 870 3.51
264 600 1572 4.45
264 800 2462 1.51
264 1000 2764 0.02
264 1200 2768 1.82
264 1400 3132 1.51
264 1600 3434 4.12
264 1800 4258 4.62
265 0 0 0.3
265 200 60 4.05
265 400 870 3.51
265 600 1572 4.45
265 800 2462 1.51
265 1000 2764 0.02
265 1200 2768 1.82
265 1400 3132 1.51
265 1600 3434 4.12
265 1800 4258 4.62
266 0 0 0.3
266 200 60 4.05
266 400 870 3.51
266 600 1572 4.45
266 800 2462 1.51
266 1000 2764 0.02
266 1200 2768 1.82
266 1400 3132 1.51
266 1600 3434 4.12
266 1800 4258 4.62
267 0 0 0.3
267 200 60 4.05
267 400 870 3.51
267 600 1572 4.45
267 800 2462 1.51
267 1000 2764 0.02
267 1200 2768 1.82
267 1400 3132 1.51
267 1600 3434 4.12
267 1800 4258 4.62
268 0 0 0.3
268 200 60 4.05
268 400 870 3.51
268 600 1572 4.45
268 800 2462 1.51
268 1000 2764 0.02
268 1200 2768 1.82
268 1400 3132 1.51
268 1600 3434 4.12
268 1800 4258 4.62
269 0 0 0.3
269 200 60 4.05
269 400 870 3.51
269 600 1572 4.45
269 800 2462 1.51
269 1000 2764 0.02
269 1200 2768 1.82
269 1400 3132 1.51
269 1600 3434 4.12
269 1800 4258 4.62
270 0 0 0.3
270 200 60 4.05
270 400 870 3.51
270 600 1572 4.45
270 800 2462 1.51
270 1000 2764 0.02
270 1200 2768 1.82
270 1400 3132 1.51
270 1600 3434 4.12
270 1800 4258 4.62
271 0 0 0.3
271 200 60 4.05
271 400 870 3.51
271 600 1572 4.45
271 800 2462 1.51
271 1000 2764 0.02
271 1200 2768 1.82
271 1400 3132 1.51
271 1600 3434 4.12
271 1800 4258 4.62
272 0 0 0.3
272 200 60 4.05
272 400 870 3.51
272 600 1572 4.45
272 800 2462 1.51
272 1000 2764 0.02
272 1200 2768 1.82
272 1400 3132 1.51
272 1600 3434 4.12
272 1800 4258 4.62
273 0 0 0.3
273 200 60 4.05
273 400 870 3.51
273 600 1572 4.45
273 800 2462 1.51
273 1000 2764 0.02
273 1200 2768 1.82
273 1400 3132 1.51
273 1600 3434 4.12
273 1800 4258 4.62
274 0 0 0.3
274 200 60 4.05
274 400 870 3.51
274 600 1572 4.45
274 800 2462 1.51
274 1000 2764 0.02
274 1200 2768 1.82
274 1400 3132 1.51
274 1600 3434 4.12
274 1800 4258 4.62
275 0 0 0.3
275 200 60 4.05
275 400 870 3.51
275 600 1572 4.45
275 800 2462 1.51
275 1000 2764 0.02
275 1200 2768 1.82
275 1400 3132 1.51
275 1600 3434 4.12
275 1800 4258 4.62
276 0 0 0.3
276 200 60 4.05
276 400 870 3.51
276 600 1572 4.45
276 800 2462 1.51
276 1000 2764 0.02
276 1200 2768 1.82
276 1400 3132 1.51
276 1600 3434 4.12
276 1800 4258 4.62
277 0 0 0.3
277 200 60 4.05
277 400 870 3.51
277 600 1572 4.45
277 800 2462 1.51
277 1000 2764 0.02
277 1200 2768 1.82
277 1400 3132 1.51
277 1600 3434 4.12
277 1800 4258 4.62
278 0 0 0.3
278 200 60 4.05
278 400 870 3.51
278 600 1572 4.45
278 800 2462 1.51
278 1000 2764 0.02
278 1200 2768 1.82
278 1400 3132 1.51
278 1600 3434 4.12
278 1800 4258 4.62
279 0 0 0.3
279 200 60 4.05
279 400 870 3.51
279 600 1572 4.45
279 800 2462 1.51
279 1000 2764 0.02
279 1200 2768 1.82
279 1400 3132 1.51
279 1600 3434 4.12
279 1800 4258 4.62
280 0 0 0.3
280 200 60 4.05
280 400 870 3.51
280 600 1572 4.45
280 800 2462 1.51
280 1000 2764 0.02
280 1200 2768 1.82
280 1400 3132 1.51
280 1600 3434 4.12
280 1800 4258 4.62
281 0 0 0.3
281 200 60 4.05
281 400 870 3.51
281 600 1572 4.45
281 800 2462 1.51
281 1000 2764 0.02
281 1200 2768 1.82
281 1400 3132 1.51
281 1600 3434 4.12
281 1800 4258 4.62
282 0 0 0.3
282 200 60 4.05
282 400 870 3.51
282 600 1572 4.45
282 800 2462 1.51
282 1000 2764 0.02
282 1200 2768 1.82
282 1400 3132 1.51
282 1600 3434 4.12
282 1800 4258 4.62
283 0 0 0.3
283 200 60 4.05
283 400 870 3.51
283 600 1572 4.45
283 800 2462 1.51
283 1000 2764 0.02
283 1200 2768 1.82
283 1400 3132 1.51
283 1600 3434 4.12
283 1800 4258 4.62
284 0 0 0.3
284 200 60 4.05
284 400 870 3.51
284 600 1572 4.45
284 800 2462 1.51
284 1000 2764 0.02
284 1200 2768 1.82
284 1400 3132 1.51
284 1600 3434 4.12
284 1800 4258 4.62
285 0 0 0.3
285 200 60 4.05
285 400 870 3.51
285 600 1572 4.45
285 800 2462 1.51
285 1000 2764 0.02
285 1200 2768 1.82
285 1400 3132 1.51
285 1600 3434 4.12
285 1800 4258 4.62
286 0 0 0.3
286 200 60 4.05
286 400 870 3.51
286 600 1572 4.45
286 800 2462 1.51
286 1000 2764 0.02
286 1200 2768 1.82
286 1400 3132 1.51
286 1600 3434 4.12
286 1800 4258 4.62
287 0 0 0.3
287 200 60 4.05
287 400 870 3.51
287 600 1572 4.45
287 800 2462 1.51
287 1000 2764 0.02
287 1200 2768 1.82
287 1400 3132 1.51
287 1600 3434 4.12
287 1800 4258 4.62
288 0 0 0.3
288 200 60 4.05
288 400 870 3.51
288 600 1572 4.45
288 800 2462 1.51
288 1000 2764 0.02
288 1200 2768 1.82
288 1400 3132 1.51
288 1600 3434 4.12
288 1800 4258 4.62
289 0 0 0.3
289 200 60 4.05
289 400 870 3.51
289 600 1572 4.45
289 800 2462 1.51
289 1000 2764 0.02
289 1200 2768 1.82
289 1400 3132 1.51
289 1600 3434 4.12
289 1800 4258 4.62
290 0 0 0.3
290 200 60 4.05
290 400 870 3.51
290 600 1572 4.45
290 800 2462 1.51
290 1000 2764 0.02
290 1200 2768 1.82
290 1400 3132 1.51
290 1600 3434 4.12
290 1800 4258 4.62
291 0 0 0.3
291 200 60 4.05
291 400 870 3.51
291 600 1572 4.45
291 800 2462 1.51
291 1000 2764 0.02
291 1200 2768 1.82
291 1400 3132 1.51
291 1600 3434 4.12
291 1800 4258 4.62
292 0 0 0.3
292 200 60 4.05
292 400 870 3.51
292 600 1572 4.45
292 800 2462 1.51
292 1000 2764 0.02
292 1200 2768 1.82
292 1400 3132 1.51
292 1600 3434 4.12
292 1800 4258 4.62
293 0 0 0.3
293 200 60 4.05
293 400 870 3.51
293 600 1572 4.45
293 800 2462 1.51
293 1000 2764 0.02
293 1200 2768 1.82
293 1400 3132 1.51
293 1600 3434 4.12
293 1800 4258 4.62
294 0 0 0.3
294 200 60 4.05
294 400 870 3.51
294 600 1572 4.45
294 800 2462 1.51
294 1000 2764 0.02
294 1200 2768 1.82
294 1400 3132 1.51
294 1600 3434 4.12
294 1800 4258 4.62
295 0 0 0.3
295 200 60 4.05
295 400 870 3.51
295 600 1572 4.45
295 800 2462 1.51
295 1000 2764 0.02
295 1200 2768 1.82
295 1400 3132 1.51
295 1600 3434 4.12
295 1800 4258 4.62
296 0 0 0.3
296 200 60 4.05
296 400 870 3.51
296 600 1572 4.45
296 800 2462 1.51
296 1000 2764 0.02
296 1200 2768 1.82
296 1400 3132 1.51
296 1600 3434 4.12
296 1800 4258 4.62
297 0 0 0.3
297 200 60 4.05
297 400 870 3.51
297 600 1572 4.45
297 800 2462 1.51
297 1000 2764 0.02
297 1200 2768 1.82
297 1400 3132 1.51
297 1600 3434 4.12
297 1800 4258 4.62
298 0 0 0.3
298 200 60 4.05
298 400 870 3.51
298 600 1572 4.45
298 800 2462 1.51
298 1000 2764 0.02
298 1200 2768 1.82
298 1400 3132 1.51
298 1600 3434 4.12
298 1800 4258 4.62
299 0 0 0.3
299 200 60 4.05
299 400 870 3.51
299 600 1572 4.45
299 800 2462 1.51
299 1000 2764 0.02
299 1200 2768 1.82
299 1400 3132 1.51
299 1600 3434 4.12
299 1800 4258 4.62
300 0 0 0.3
300 200 60 4.05
300 400 870 3.51
300 600 1572 4.45
300 800 2462 1.51
300 1000 2764 0.02
300 1200 2768 1.82
300 1400 3132 1.51
300 1600 3434 4.12
300 1800 4258 4.62
301 0 0 0.3
301 200 60 4.05
301 400 870 3.51
301 600 1572 4.45
301 800 2462 1.51
301 1000 2764 0.02
301 1200 2768 1.82
301 1400 3132 1.51
301 1600 3434 4.12
301 1800 4258 4.62
302 0 0 0.3
302 200 60 4.05
302 400 870 3.51
302 600 1572 4.45
302 800 2462 1.51
302 1000 2764 0.02
302 1200 2768 1.82
302 1400 3132 1.51
302 1600 3434 4.12
302 1800 4258 4.62
303 0 0 0.3
303 200 60 4.05
303 400 870 3.51
303 600 1572 4.45
303 800 2462 1.51
303 1000 2764 0.02
303 1200 2768 1.82
303 1400 3132 1.51
303 1600 3434 4.12
303 1800 4258 4.62
304 0 0 0.3
304 200 60 4.05
304 400 870 3.51
304 600 1572 4.45
304 800 2462 1.51
304 1000 2764 0.02
304 1200 2768 1.82
304 1400 3132 1.51
304 1600 3434 4.12
304 1800 4258 4.62
305 0 0 0.3
305 200 60 4.05
305 400 870 3.51
305 600 1572 4.45
305 800 2462 1.51
305 1000 2764 0.02
305 1200 2768 1.82
305 1400 3132 1.51
305 1600 3434 4.12
305 1800 4258 4.62
306 0 0 0.3
306 200 60 4.05
306 400 870 3.51
306 600 1572 4.45
306 800 2462 1.51
306 1000 2764 0.02
306 1200 2768 1.82
306 1400 3132 1.51
306 1600 3434 4.12
306 1800 4258 4.62
307 0 0 0.3
307 200 60 4.05
307 400 870 3.51
307 600 1572 4.45
307 800 2462 1.51
307 1000 2764 0.02
307 1200 2768 1.82
307 1400 3132 1.51
307 1600 3434 4.12
307 1800 4258 4.62
308 0 0 0.3
308 200 60 4.05
308 400 870 3.51
308 600 1572 4.45
308 800 2462 1.51
308 1000 2764 0.02
308 1200 2768 1.82
308 1400 3132 1.51
308 1600 3434 4.12
308 1800 4258 4.62
309 0 0 0.3
309 200 60 4.05
309 400 870 3.51
309 600 1572 4.45
309 800 2462 1.51
309 1000 2764 0.02
309 1200 2768 1.82
309 1400 3132 1.51
309 1600 3434 4.12
309 1800 4258 4.62
310 0 0 0.3
310 200 60 4.05
310 400 870 3.51
310 600 1572 4.45
310 800 2462 1.51
310 1000 2764 0.02
310 1200 2768 1.82
310 1400 3132 1.51
310 1600 3434 4.12
310 1800 4258 4.62
311 0 0 0.3
311 200 60 4.05
311 400 870 3.51
311 600 1572 4.45
311 800 2462 1.51
311 1000 2764 0.02
311 1200 2768 1.82
311 1400 3132 1.51
311 1600 3434 4.12
311 1800 4258 4.62
312 0 0 0.3
312 200 60 4.05
312 400 870 3.51
312 600 1572 4.45
312 800 2462 1.51
312 1000 2764 0.02
312 1200 2768 1.82
312 1400 3132 1.51
312 1600 3434 4.12
312 1800 4258 4.62
313 0 0 0.3
313 200 60 4.05
313 400 870 3.51
313 600 1572 4.45
313 800 2462 1.51
313 1000 2764 0.02
313 1200 2768 1.82
313 1400 3132 1.51
313 1600 3434 4.12
313 1800 4258 4.62
314 0 0 0.3
314 200 60 4.05
314 400 870 3.51
314 600 1572 4.45
314 800 2462 1.51
314 1000 2764 0.02
314 1200 2768 1.82
314 1400 3132 1.51
314 1600 3434 4.12
314 1800 4258 4.62
315 0 0 0.3
315 200 60 4.05
315 400 870 3.51
315 600 1572 4.45
315 800 2462 1.51
315 1000 2764 0.02
315 1200 2768 1.82
315 1400 3132 1.51
315 1600 3434 4.12
315 1800 4258 4.62
316 0 0 0.3
316 200 60 4.05
316 400 870 3.51
316 600 1572 4.45
316 800 2462 1.51
316 1000 2764 0.02
316 1200 2768 1.82
316 1400 3132 1.51
316 1600 3434 4.12
316 1800 4258 4.62
317 0 0 0.3
317 200 60 4.05
317 400 870 3.51
317 600 1572 4.45
317 800 2462 1.51
317 1000 2764 0.02
317 1200 2768 1.82
317 1400 3132 1.51
317 1600 3434 4.12
317 1800 4258 4.62
318 0 0 0.3
318 200 60 4.05
318 400 870 3.51
318 600 1572 4.45
318 800 2462 1.51
318 1000 2764 0.02
318 1200 2768 1.82
318 1400 3132 1.51
318 1600 3434 4.12
318 1800 4258 4.62
319 0 0 0.3
319 200 60 4.05
319 400 870 3.51
319 600 1572 4.45
319 800 2462 1.51
319 1000 2764 0.02
319 1200 2768 1.82
319 1400 3132 1.51
319 1600 3434 4.12
319 1800 4258 4.62
320 0 0 0.3
320 200 60 4.05
320 400 870 3.51
320 600 1572 4.45
320 800 2462 1.51
320 1000 2764 0.02
320 1200 2768 1.82
320 1400 3132 1.51
320 1600 3434 4.12
320 1800 4258 4.62
321 0 0 0.3
321 200 60 4.05
321 400 870 3.51
321 600 1572 4.45
321 800 2462 1.51
321 1000 2764 0.02
321 1200 2768 1.82
321 1400 3132 1.51
321 1600 3434 4.12
321 1800 4258 4.62
322 0 0 0.3
322 200 60 4.05
322 400 870 3.51
322 600 1572 4.45
322 800 2462 1.51
322 1000 2764 0.02
322 1200 2768 1.82
322 1400 3132 1.51
322 1600 3434 4.12
322 1800 4258 4.62
323 0 0 0.3
323 200 60 4.05
323 400 870 3.51
323 600 1572 4.45
323 800 2462 1.51
323 1000 2764 0.02
323 1200 2768 1.82
323 1400 3132 1.51
323 1600 3434 4.12
323 1800 4258 4.62
324 0 0 0.3
324 200 60 4.05
324 400 870 3.51
324 600 1572 4.45
324 800 2462 1.51
324 1000 2764 0.02
324 1200 2768 1.82
324 1400 3132 1.51
324 1600 3434 4.12
324 1800 4258 4.62
325 0 0 0.3
325 200 60 4.05
325 400 870 3.51
325 600 1572 4.45
325 800 2462 1.51
325 1000 2764 0.02
325 1200 2768 1.82
325 1400 3132 1.51
325 1600 3434 4.12
325 1800 4258 4.62
326 0 0 0.3
326 200 60 4.05
326 400 870 3.51
326 600 1572 4.45
326 800 2462 1.51
326 1000 2764 0.02
326 1200 2768 1.82
326 1400 3132 1.51
326 1600 3434 4.12
326 1800 4258 4.62
327 0 0 0.3
327 200 60 4.05
327 400 870 3.51
327 600 1572 4.45
327 800 2462 1.51
327 1000 2764 0.02
327 1200 2768 1.82
327 1400 3132 1.51
327 1600 3434 4.12
327 1800 4258 4.62
328 0 0 0.3
328 200 60 4.05
328 400 870 3.51
328 600 1572 4.45
328 800 2462 1.51
328 1000 2764 0.02
328 1200 2768 1.82
328 1400 3132 1.51
328 1600 3434 4.12
328 1800 4258 4.62
329 0 0 0.3
329 200 60 4.05
329 400 870 3.51
329 600 1572 4.45
329 800 2462 1.51
329 1000 2764 0.02
329 1200 2768 1.82
329 1400 3132 1.51
329 1600 3434 4.12
329 1800 4258 4.62
330 0 0 0.3
330 200 60 4.05
330 400 870 3.51
330 600 1572 4.45
330 800 2462 1.51
330 1000 2764 0.02
330 1200 2768 1.82
330 1400 3132 1.51
330 1600 3434 4.12
330 1800 4258 4.62
331 0 0 0.3
331 200 60 4.05
331 400 870 3.51
331 600 1572 4.45
331 800 2462 1.51
331 1000 2764 0.02
331 1200 2768 1.82
331 1400 3132 1.51
331 1600 3434 4.12
331 1800 4258 4.62
332 0 0 0.3
332 200 60 4.05
332 400 870 3.51
332 600 1572 4.45
332 800 2462 1.51
332 1000 2764 0.02
332 1200 2768 1.82
332 1400 3132 1.51
332 1600 3434 4.12
332 1800 4258 4.62
333 0 0 0.3
333 200 60 4.05
333 400 870 3.51
333 600 1572 4.45
333 800 2462 1.51
333 1000 2764 0.02
333 1200 2768 1.82
333 1400 3132 1.51
333 1600 3434 4.12
333 1800 4258 4.62
334 0 0 0.3
334 200 60 4.05
334 400 870 3.51
334 600 1572 4.45
334 800 2462 1.51
334 1000 2764 0.02
334 1200 2768 1.82
334 1400 3132 1.51
334 1600 3434 4.12
334 1800 4258 4.62
335 0 0 0.3
335 200 60 4.05
335 400 870 3.51
335 600 1572 4.45
335 800 2462 1.51
335 1000 2764 0.02
335 1200 2768 1.82
335 1400 3132 1.51
335 1600 3434 4.12
335 1800 4258 4.62
336 0 0 0.3
336 200 60 4.05
336 400 870 3.51
336 600 1572 4.45
336 800 2462 1.51
336 1000 2764 0.02
336 1200 2768 1.82
336 1400 3132 1.51
336 1600 3434 4.12
336 1800 4258 4.62
337 0 0 0.3
337 200 60 4.05
337 400 870 3.51
337 600 1572 4.45
337 800 2462 1.51
337 1000 2764 0.02
337 1200 2768 1.82
337 1400 3132 1.51
337 1600 3434 4.12
337 1800 4258 4.62
338 0 0 0.3
338 200 60 4.05
338 400 870 3.51
338 600 1572 4.45
338 800 2462 1.51
338 1000 2764 0.02
338 1200 2768 1.82
338 1400 3132 1.51
338 1600 3434 4.12
338 1800 4258 4.62
339 0 0 0.3
339 200 60 4.05
339 400 870 3.51
339 600 1572 4.45
339 800 2462 1.51
339 1000 2764 0.02
339 1200 2768 1.82
339 1400 3132 1.51
339 1600 3434 4.12
339 1800 4258 4.62
340 0 0 0.3
340 200 60 4.05
340 400 870 3.51
340 600 1572 4.45
340 800 2462 1.51
340 1000 2764 0.02
340 1200 2768 1.82
340 1400 3132 1.51
340 1600 3434 4.12
340 1800 4258 4.62
341 0 0 0.3
341 200 60 4.05
341 400 870 3.51
341 600 1572 4.45
341 800 2462 1.51
341 1000 2764 0.02
341 1200 2768 1.82
341 1400 3132 1.51
341 1600 3434 4.12
341 1800 4258 4.62
342 0 0 0.3
342 200 60 4.05
342 400 870 3.51
342 600 1572 4.45
342 800 2462 1.51
342 1000 2764 0.02
342 1200 2768 1.82
342 1400 3132 1.51
342 1600 3434 4.12
342 1800 4258 4.62
343 0 0 0.3
343 200 60 4.05
343 400 870 3.51
343 600 1572 4.45
343 800 2462 1.51
343 1000 2764 0.02
343 1200 2768 1.82
343 1400 3132 1.51
343 1600 3434 4.12
343 1800 4258 4.62
344 0 0 0.3
344 200 60 4.05
344 400 870 3.51
344 600 1572 4.45
344 800 2462 1.51
344 1000 2764 0.02
344 1200 2768 1.82
344 1400 3132 1.51
344 1600 3434 4.12
344 1800 4258 4.62
345 0 0 0.3
345 200 60 4.05
345 400 870 3.51
345 600 1572 4.45
345 800 2462 1.51
345 1000 2764 0.02
345 1200 2768 1.82
345 1400 3132 1.51
345 1600 3434 4.12
345 1800 4258 4.62
346 0 0 0.3
346 200 60 4.05
346 400 870 3.51
346 600 1572 4.45
346 800 2462 1.51
346 1000 2764 0.02
346 1200 2768 1.82
346 1400 3132 1.51
346 1600 3434 4.12
346 1800 4258 4.62
347 0 0 0.3
347 200 60 4.05
347 400 870 3.51
347 600 1572 4.45
347 800 2462 1.51
347 1000 2764 0.02
347 1200 2768 1.82
347 1400 3132 1.51
347 1600 3434 4.12
347 1800 4258 4.62
348 0 0 0.3
348 200 60 4.05
348 400 870 3.51
348 600 1572 4.45
348 800 2462 1.51
348 1000 2764 0.02
348 1200 2768 1.82
348 1400 3132 1.51
348 1600 3434 4.12
348 1800 4258 4.62
349 0 0 0.3
349 200 60 4.05
349 400 870 3.51
349 600 1572 4.45
349 800 2462 1.51
349 1000 2764 0.02
349 1200 2768 1.82
349 1400 3132 1.51
349 1600 3434 4.12
349 1800 4258 4.62
350 0 0 0.3
350 200 60 4.05
350 400 870 3.51
350 600 1572 4.45
350 800 2462 1.51
350 1000 2764 0.02
350 1200 2768 1.82
350 1400 3132 1.51
350 1600 3434 4.12
350 1800 4258 4.62
351 0 0 0.3
351 200 60 4.05
351 400 870 3.51
351 600 1572 4.45
351 800 2462 1.51
351 1000 2764 0.02
351 1200 2768 1.82
351 1400 3132 1.51
351 1600 3434 4.12
351 1800 4258 4.62
352 0 0 0.3
352 200 60 4.05
352 400 870 3.51
352 600 1572 4.45
352 800 2462 1.51
352 1000 2764 0.02
352 1200 2768 1.82
352 1400 3132 1.51
352 1600 3434 4.12
352 1800 4258 4.62
353 0 0 0.3
353 200 60 4.05
353 400 870 3.51
353 600 1572 4.45
353 800 2462 1.51
353 1000 2764 0.02
353 1200 2768 1.82
353 1400 3132 1.51
353 1600 3434 4.12
353 1800 4258 4.62
354 0 0 0.3
354 200 60 4.05
354 400 870 3.51
354 600 1572 4.45
354 800 2462 1.51
354 1000 2764 0.02
354 1200 2768 1.82
354 1400 3132 1.51
354 1600 3434 4.12
354 1800 4258 4.62
355 0 0 0.3
355 200 60 4.05
355 400 870 3.51
355 600 1572 4.45
355 800 2462 1.51
355 1000 2764 0.02
355 1200 2768 1.82
355 1400 3132 1.51
355 1600 3434 4.12
355 1800 4258 4.62
356 0 0 0.3
356 200 60 4.05
356 400 870 3.51
356 600 1572 4.45
356 800 2462 1.51
356 1000 2764 0.02
356 1200 2768 1.82
356 1400 3132 1.51
356 1600 3434 4.12
356 1800 4258 4.62
357 0 0 0.3
357 200 60 4.05
357 400 870 3.51
357 600 1572 4.45
357 800 2462 1.51
357 1000 2764 0.02
357 1200 2768 1.82
357 1400 3132 1.51
357 1600 3434 4.12
357 1800 4258 4.62
358 0 0 0.3
358 200 60 4.05
358 400 870 3.51
358 600 1572 4.45
358 800 2462 1.51
358 1000 2764 0.02
358 1200 2768 1.82
358 1400 3132 1.51
358 1600 3434 4.12
358 1800 4258 4.62
359 0 0 0.3
359 200 60 4.05
359 400 870 3.51
359 600 1572 4.45
359 800 2462 1.51
359 1000 2764 0.02
359 1200 2768 1.82
359 1400 3132 1.51
359 1600 3434 4.12
359 1800 4258 4.62
360 0 0 0.3
360 200 60 4.05
360 400 870 3.51
360 600 1572 4.45
360 800 2462 1.51
360 1000 2764 0.02
360 1200 2768 1.82
360 1400 3132 1.51
360 1600 3434 4.12
360 1800 4258 4.62
361 0 0 0.3
361 200 60 4.05
361 400 870 3.51
361 600 1572 4.45
361 800 2462 1.51
361 1000 2764 0.02
361 1200 2768 1.82
361 1400 3132 1.51
361 1600 3434 4.12
361 1800 4258 4.62
362 0 0 0.3
362 200 60 4.05
362 400 870 3.51
362 600 1572 4.45
362 800 2462 1.51
362 1000 2764 0.02
362 1200 2768 1.82
362 1400 3132 1.51
362 1600 3434 4.12
362 1800 4258 4.62
363 0 0 0.3
363 200 60 4.05
363 400 870 3.51
363 600 1572 4.45
363 800 2462 1.51
363 1000 2764 0.02
363 1200 2768 1.82
363 1400 3132 1.51
363 1600 3434 4.12
363 1800 4258 4.62
364 0 0 0.3
364 200 60 4.05
364 400 870 3.51
364 600 1572 4.45
364 800 2462 1.51
364 1000 2764 0.02
364 1200 2768 1.82
364 1400 3132 1.51
364 1600 3434 4.12
364 1800 4258 4.62
365 0 0 0.3
365 200 60 4.05
365 400 870 3.51
365 600 1572 4.45
365 800 2462 1.51
365 1000 2764 0.02
365 1200 2768 1.82
365 1400 3132 1.51
365 1600 3434 4.12
365 1800 4258 4.62
366 0 0 0.3
366 200 60 4.05
366 400 870 3.51
366 600 1572 4.45
366 800 2462 1.51
366 1000 2764 0.02
366 1200 2768 1.82
366 1400 3132 1.51
366 1600 3434 4.12
366 1800 4258 4.62
367 0 0 0.3
367 200 60 4.05
367 400 870 3.51
367 600 1572 4.45
367 800 2462 1.51
367 1000 2764 0.02
367 1200 2768 1.82
367 1400 3132 1.51
367 1600 3434 4.12
367 1800 4258 4.62
368 0 0 0.3
368 200 60 4.05
368 400 870 3.51
368 600 1572 4.45
368 800 2462 1.51
368 1000 2764 0.02
368 1200 2768 1.82
368 1400 3132 1.51
368 1600 3434 4.12
368 1800 4258 4.62
369 0 0 0.3
369 200 60 4.05
369 400 870 3.51
369 600 1572 4.45
369 800 2462 1.51
369 1000 2764 0.02
369 1200 2768 1.82
369 1400 3132 1.51
369 1600 3434 4.12
369 1800 4258 4.62
370 0 0 0.3
370 200 60 4.05
370 400 870 3.51
370 600 1572 4.45
370 800 2462 1.51
370 1000 2764 0.02
370 1200 2768 1.82
370 1400 3132 1.51
370 1600 3434 4.12
370 1800 4258 4.62
371 0 0 0.3
371 200 60 4.05
371 400 870 3.51
371 600 1572 4.45
371 800 2462 1.51
371 1000 2764 0.02
371 1200 2768 1.82
371 1400 3132 1.51
371 1600 3434 4.12
371 1800 4258 4.62
372 0 0 0.3
372 200 60 4.05
372 400 870 3.51
372 600 1572 4.45
372 800 2462 1.51
372 1000 2764 0.02
372 1200 2768 1.82
372 1400 3132 1.51
372 1600 3434 4.12
372 1800 4258 4.62
373 0 0 0.3
373 200 60 4.05
373 400 870 3.51
373 600 1572 4.45
373 800 2462 1.51
373 1000 2764 0.02
373 1200 2768 1.82
373 1400 3132 1.51
373 1600 3434 4.12
373 1800 4258 4.62
374 0 0 0.3
374 200 60 4.05
374 400 870 3.51
374 600 1572 4.45
374 800 2462 1.51
374 1000 2764 0.02
374 1200 2768 1.82
374 1400 3132 1.51
374 1600 3434 4.12
374 1800 4258 4.62
375 0 0 0.3
375 200 60 4.05
375 400 870 3.51
375 600 1572 4.45
375 800 2462 1.51
375 1000 2764 0.02
375 1200 2768 1.82
375 1400 3132 1.51
375 1600 3434 4.12
375 1800 4258 4.62
376 0 0 0.3
376 200 60 4.05
376 400 870 3.51
376 600 1572 4.45
376 800 2462 1.51
376 1000 2764 0.02
376 1200 2768 1.82
376 1400 3132 1.51
376 1600 3434 4.12
376 1800 4258 4.62
377 0 0 0.3
377 200 60 4.05
377 400 870 3.51
377 600 1572 4.45
377 800 2462 1.51
377 1000 2764 0.02
377 1200 2768 1.82
377 1400 3132 1.51
377 1600 3434 4.12
377 1800 4258 4.62
378 0 0 0.3
378 200 60 4.05
378 400 870 3.51
378 600 1572 4.45
378 800 2462 1.51
378 1000 2764 0.02
378 1200 2768 1.82
378 1400 3132 1.51
378 1600 3434 4.12
378 1800 4258 4.62
379 0 0 0.3
379 200 60 4.05
379 400 870 3.51
379 600 1572 4.45
379 800 2462 1.51
379 1000 2764 0.02
379 1200 2768 1.82
379 1400 3132 1.51
379 1600 3434 4.12
379 1800 4258 4.62
380 0 0 0.3
380 200 60 4.05
380 400 870 3.51
380 600 1572 4.45
380 800 2462 1.51
380 1000 2764 0.02
380 1200 2768 1.82
380 1400 3132 1.51
380 1600 3434 4.12
380 1800 4258 4.62
381 0 0 0.3
381 200 60 4.05
381 400 870 3.51
381 600 1572 4.45
381 800 2462 1.51
381 1000 2764 0.02
381 1200 2768 1.82
381 1400 3132 1.51
381 1600 3434 4.12
381 1800 4258 4.62
382 0 0 0.3
382 200 60 4.05
382 400 870 3.51
382 600 1572 4.45
382 800 2462 1.51
382 1000 2764 0.02
382 1200 2768 1.82
382 1400 3132 1.51
382 1600 3434 4.12
382 1800 4258 4.62
383 0 0 0.3
383 200 60 4.05
383 400 870 3.51
383 600 1572 4.45
383 800 2462 1.51
383 1000 2764 0.02
383 1200 2768 1.82
383 1400 3132 1.51
383 1600 3434 4.12
383 1800 4258 4.62
384 0 0 0.3
384 200 60 4.05
384 400 870 3.51
384 600 1572 4.45
384 800 2462 1.51
384 1000 2764 0.02
384 1200 2768 1.82
384 1400 3132 1.51
384 1600 3434 4.12
384 1800 4258 4.62
385 0 0 0.3
385 200 60 4.05
385 400 870 3.51
385 600 1572 4.45
385 800 2462 1.51
385 1000 2764 0.02
385 1200 2768 1.82
385 1400 3132 1.51
385 1600 3434 4.12
385 1800 4258 4.62
386 0 0 0.3
386 200 60 4.05
386 400 870 3.51
386 600 1572 4.45
386 800 2462 1.51
386 1000 2764 0.02
386 1200 2768 1.82
386 1400 3132 1.51
386 1600 3434 4.12
386 1800 4258 4.62
387 0 0 0.3
387 200 60 4.05
387 400 870 3.51
387 600 1572 4.45
387 800 2462 1.51
387 1000 2764 0.02
387 1200 2768 1.82
387 1400 3132 1.51
387 1600 3434 4.12
387 1800 4258 4.62
388 0 0 0.3
388 200 60 4.05
388 400 870 3.51
388 600 1572 4.45
388 800 2462 1.51
388 1000 2764 0.02
388 1200 2768 1.82
388 1400 3132 1.51
388 1600 3434 4.12
388 1800 4258 4.62
389 0 0 0.3
389 200 60 4.05
389 400 870 3.51
389 600 1572 4.45
389 800 2462 1.51
389 1000 2764 0.02
389 1200 2768 1.82
389 1400 3132 1.51
389 1600 3434 4.12
389 1800 4258 4.62
390 0 0 0.3
390 200 60 4.05
390 400 870 3.51
390 600 1572 4.45
390 800 2462 1.51
390 1000 2764 0.02
390 1200 2768 1.82
390 1400 3132 1.51
390 1600 3434 4.12
390 1800 4258 4.62
391 0 0 0.3
391 200 60 4.05
391 400 870 3.51
391 600 1572 4.45
391 800 2462 1.51
391 1000 2764 0.02
391 1200 2768 1.82
391 1400 3132 1.51
391 1600 3434 4.12
391 1800 4258 4.62
392 0 0 0.3
392 200 60 4.05
392 400 870 3.51
392 600 1572 4.45
392 800 2462 1.51
392 1000 2764 0.02
392 1200 2768 1.82
392 1400 3132 1.51
392 1600 3434 4.12
392 1800 4258 4.62
393 0 0 0.3
393 200 60 4.05
393 400 870 3.51
393 600 1572 4.45
393 800 2462 1.51
393 1000 2764 0.02
393 1200 2768 1.82
393 1400 3132 1.51
393 1600 3434 4.12
393 1800 4258 4.62
394 0 0 0.3
394 200 60 4.05
394 400 870 3.51
394 600 1572 4.45
394 800 2462 1.51
394 1000 2764 0.02
394 1200 2768 1.82
394 1400 3132 1.51
394 1600 3434 4.12
394 1800 4258 4.62
395 0 0 0.3
395 200 60 4.05
395 400 870 3.51
395 600 1572 4.45
395 800 2462 1.51
395 1000 2764 0.02
395 1200 2768 1.82
395 1400 3132 1.51
395 1600 3434 4.12
395 1800 4258 4.62
396 0 0 0.3
396 200 60 4.05
396 400 870 3.51
396 600 1572 4.45
396 800 2462 1.51
396 1000 2764 0.02
396 1200 2768 1.82
396 1400 3132 1.51
396 1600 3434 4.12
396 1800 4258 4.62
397 0 0 0.3
397 200 60 4.05
397 400 870 3.51
397 600 1572 4.45
397 800 2462 1.51
397 1000 2764 0.02
397 1200 2768 1.82
397 1400 3132 1.51
397 1600 3434 4.12
397 1800 4258 4.62
398 0 0 0.3
398 200 60 4.05
398 400 870 3.51
398 600 1572 4.45
398 800 2462 1.51
398 1000 2764 0.02
398 1200 2768 1.82
398 1400 3132 1.51
398 1600 3434 4.12
398 1800 4258 4.62
399 0 0 0.3
399 200 60 4.05
399 400 870 3.51
399 600 1572 4.45
399 800 2462 1.51
399 1000 2764 0.02
399 1200 2768 1.82
399 1400 3132 1.51
399 1600 3434 4.12
399 1800 4258 4.62
400 0 0 0.3
400 200 60 4.05
400 400 870 3.51
400 600 1572 4.45
400 800 2462 1.51
400 1000 2764 0.02
400 1200 2768 1.82
400 1400 3132 1.51
400 1600 3434 4.12
400 1800 4258 4.62
401 0 0 0.3
401 200 60 4.05
401 400 870 3.51
401 600 1572 4.45
401 800 2462 1.51
401 1000 2764 0.02
401 1200 2768 1.82
401 1400 3132 1.51
401 1600 3434 4.12
401 1800 4258 4.62
402 0 0 0.3
402 200 60 4.05
402 400 870 3.51
402 600 1572 4.45
402 800 2462 1.51
402 1000 2764 0.02
402 1200 2768 1.82
402 1400 3132 1.51
402 1600 3434 4.12
402 1800 4258 4.62
403 0 0 0.3
403 200 60 4.05
403 400 870 3.51
403 600 1572 4.45
403 800 2462 1.51
403 1000 2764 0.02
403 1200 2768 1.82
403 1400 3132 1.51
403 1600 3434 4.12
403 1800 4258 4.62
404 0 0 0.3
404 200 60 4.05
404 400 870 3.51
404 600 1572 4.45
404 800 2462 1.51
404 1000 2764 0.02
404 1200 2768 1.82
404 1400 3132 1.51
404 1600 3434 4.12
404 1800 4258 4.62
405 0 0 0.3
405 200 60 4.05
405 400 870 3.51
405 600 1572 4.45
405 800 2462 1.51
405 1000 2764 0.02
405 1200 2768 1.82
405 1400 3132 1.51
405 1600 3434 4.12
405 1800 4258 4.62
406 0 0 0.3
406 200 60 4.05
406 400 870 3.51
406 600 1572 4.45
406 800 2462 1.51
406 1000 2764 0.02
406 1200 2768 1.82
406 1400 3132 1.51
406 1600 3434 4.12
406 1800 4258 4.62
407 0 0 0.3
407 200 60 4.05
407 400 870 3.51
407 600 1572 4.45
407 800 2462 1.51
407 1000 2764 0.02
407 1200 2768 1.82
407 1400 3132 1.51
407 1600 3434 4.12
407 1800 4258 4.62
408 0 0 0.3
408 200 60 4.05
408 400 870 3.51
408 600 1572 4.45
408 800 2462 1.51
408 1000 2764 0.02
408 1200 2768 1.82
408 1400 3132 1.51
408 1600 3434 4.12
408 1800 4258 4.62
409 0 0 0.3
409 200 60 4.05
409 400 870 3.51
409 600 1572 4.45
409 800 2462 1.51
409 1000 2764 0.02
409 1200 2768 1.82
409 1400 3132 1.51
409 1600 3434 4.12
409 1800 4258 4.62
410 0 0 0.3
410 200 60 4.05
410 400 870 3.51
410 600 1572 4.45
410 800 2462 1.51
410 1000 2764 0.02
410 1200 2768 1.82
410 1400 3132 1.51
410 1600 3434 4.12
410 1800 4258 4.62
411 0 0 0.3
411 200 60 4.05
411 400 870 3.51
411 600 1572 4.45
411 800 2462 1.51
411 1000 2764 0.02
411 1200 2768 1.82
411 1400 3132 1.51
411 1600 3434 4.12
411 1800 4258 4.62
412 0 0 0.3
412 200 60 4.05
412 400 870 3.51
412 600 1572 4.45
412 800 2462 1.51
412 1000 2764 0.02
412 1200 2768 1.82
412 1400 3132 1.51
412 1600 3434 4.12
412 1800 4258 4.62
413 0 0 0.3
413 200 60 4.05
413 400 870 3.51
413 600 1572 4.45
413 800 2462 1.51
413 1000 2764 0.02
413 1200 2768 1.82
413 1400 3132 1.51
413 1600 3434 4.12
413 1800 4258 4.62
414 0 0 0.3
414 200 60 4.05
414 400 870 3.51
414 600 1572 4.45
414 800 2462 1.51
414 1000 2764 0.02
414 1200 2768 1.82
414 1400 3132 1.51
414 1600 3434 4.12
414 1800 4258 4.62
415 0 0 0.3
415 200 60 4.05
415 400 870 3.51
415 600 1572 4.45
415 800 2462 1.51
415 1000 2764 0.02
415 1200 2768 1.82
415 1400 3132 1.51
415 1600 3434 4.12
415 1800 4258 4.62
416 0 0 0.3
416 200 60 4.05
416 400 870 3.51
416 600 1572 4.45
416 800 2462 1.51
416 1000 2764 0.02
416 1200 2768 1.82
416 1400 3132 1.51
416 1600 3434 4.12
416 1800 4258 4.62
417 0 0 0.3
417 200 60 4.05
417 400 870 3.51
417 600 1572 4.45
417 800 2462 1.51
417 1000 2764 0.02
417 1200 2768 1.82
417 1400 3132 1.51
417 1600 3434 4.12
417 1800 4258 4.62
418 0 0 0.3
418 200 60 4.05
418 400 870 3.51
418 600 1572 4.45
418 800 2462 1.51
418 1000 2764 0.02
418 1200 2768 1.82
418 1400 3132 1.51
418 1600 3434 4.12
418 1800 4258 4.62
419 0 0 0.3
419 200 60 4.05
419 400 870 3.51
419 600 1572 4.45
419 800 2462 1.51
419 1000 2764 0.02
419 1200 2768 1.82
419 1400 3132 1.51
419 1600 3434 4.12
419 1800 4258 4.62
420 0 0 0.3
420 200 60 4.05
420 400 870 3.51
420 600 1572 4.45
420 800 2462 1.51
420 1000 2764 0.02
420 1200 2768 1.82
420 1400 3132 1.51
420 1600 3434 4.12
420 1800 4258 4.62
421 0 0 0.3
421 200 60 4.05
421 400 870 3.51
421 600 1572 4.45
421 800 2462 1.51
421 1000 2764 0.02
421 1200 2768 1.82
421 1400 3132 1.51
421 1600 3434 4.12
421 1800 4258 4.62
422 0 0 0.3
422 200 60 4.05
422 400 870 3.51
422 600 1572 4.45
422 800 2462 1.51
422 1000 2764 0.02
422 1200 2768 1.82
422 1400 3132 1.51
422 1600 3434 4.12
422 1800 4258 4.62
423 0 0 0.3
423 200 60 4.05
423 400 870 3.51
423 600 1572 4.45
423 800 2462 1.51
423 1000 2764 0.02
423 1200 2768 1.82
423 1400 3132 1.51
423 1600 3434 4.12
423 1800 4258 4.62
424 0 0 0.3
424 200 60 4.05
424 400 870 3.51
424 600 1572 4.45
424 800 2462 1.51
424 1000 2764 0.02
424 1200 2768 1.82
424 1400 3132 1.51
424 1600 3434 4.12
424 1800 4258 4.62
425 0 0 0.3
425 200 60 4.05
425 400 870 3.51
425 600 1572 4.45
425 800 2462 1.51
425 1000 2764 0.02
425 1200 2768 1.82
425 1400 3132 1.51
425 1600 3434 4.12
425 1800 4258 4.62
426 0 0 0.3
426 200 60 4.05
426 400 870 3.51
426 600 1572 4.45
426 800 2462 1.51
426 1000 2764 0.02
426 1200 2768 1.82
426 1400 3132 1.51
426 1600 3434 4.12
426 1800 4258 4.62
427 0 0 0.3
427 200 60 4.05
427 400 870 3.51
427 600 1572 4.45
427 800 2462 1.51
427 1000 2764 0.02
427 1200 2768 1.82
427 1400 3132 1.51
427 1600 3434 4.12
427 1800 4258 4.62
428 0 0 0.3
428 200 60 4.05
428 400 870 3.51
428 600 1572 4.45
428 800 2462 1.51
428 1000 2764 0.02
428 1200 2768 1.82
428 1400 3132 1.51
428 1600 3434 4.12
428 1800 4258 4.62
429 0 0 0.3
429 200 60 4.05
429 400 870 3.51
429 600 1572 4.45
429 800 2462 1.51
429 1000 2764 0.02
429 1200 2768 1.82
429 1400 3132 1.51
429 1600 3434 4.12
429 1800 4258 4.62
430 0 0 0.3
430 200 60 4.05
430 400 870 3.51
430 600 1572 4.45
430 800 2462 1.51
430 1000 2764 0.02
430 1200 2768 1.82
430 1400 3132 1.51
430 1600 3434 4.12
430 1800 4258 4.62
431 0 0 0.3
431 200 60 4.05
431 400 870 3.51
431 600 1572 4.45
431 800 2462 1.51
431 1000 2764 0.02
431 1200 2768 1.82
431 1400 3132 1.51
431 1600 3434 4.12
431 1800 4258 4.62
432 0 0 0.3
432 200 60 4.05
432 400 870 3.51
432 600 1572 4.45
432 800 2462 1.51
432 1000 2764 0.02
432 1200 2768 1.82
432 1400 3132 1.51
432 1600 3434 4.12
432 1800 4258 4.62
433 0 0 0.3
433 200 60 4.05
433 400 870 3.51
433 600 1572 4.45
433 800 2462 1.51
433 1000 2764 0.02
433 1200 2768 1.82
433 1400 3132 1.51
433 1600 3434 4.12
433 1800 4258 4.62
434 0 0 0.3
434 200 60 4.05
434 400 870 3.51
434 600 1572 4.45
434 800 2462 1.51
434 1000 2764 0.02
434 1200 2768 1.82
434 1400 3132 1.51
434 1600 3434 4.12
434 1800 4258 4.62
435 0 0 0.3
435 200 60 4.05
435 400 870 3.51
435 600 1572 4.45
435 800 2462 1.51
435 1000 2764 0.02
435 1200 2768 1.82
435 1400 3132 1.51
435 1600 3434 4.12
435 1800 4258 4.62
436 0 0 0.3
436 200 60 4.05
436 400 870 3.51
436 600 1572 4.45
436 800 2462 1.51
436 1000 2764 0.02
436 1200 2768 1.82
436 1400 3132 1.51
436 1600 3434 4.12
436 1800 4258 4.62
437 0 0 0.3
437 200 60 4.05
437 400 870 3.51
437 600 1572 4.45
437 800 2462 1.51
437 1000 2764 0.02
437 1200 2768 1.82
437 1400 3132 1.51
437 1600 3434 4.12
437 1800 4258 4.62
438 0 0 0.3
438 200 60 4.05
438 400 870 3.51
438 600 1572 4.45
438 800 2462 1.51
438 1000 2764 0.02
438 1200 2768 1.82
438 1400 3132 1.51
438 1600 3434 4.12
438 1800 4258 4.62
439 0 0 0.3
439 200 60 4.05
439 400 870 3.51
439 600 1572 4.45
439 800 2462 1.51
439 1000 2764 0.02
439 1200 2768 1.82
439 1400 3132 1.51
439 1600 3434 4.12
439 1800 4258 4.62
440 0 0 0.3
440 200 60 4.05
440 400 870 3.51
440 600 1572 4.45
440 800 2462 1.51
440 1000 2764 0.02
440 1200 2768 1.82
440 1400 3132 1.51
440 1600 3434 4.12
440 1800 4258 4.62
441 0 0 0.3
441 200 60 4.05
441 400 870 3.51
441 600 1572 4.45
441 800 2462 1.51
441 1000 2764 0.02
441 1200 2768 1.82
441 1400 3132 1.51
441 1600 3434 4.12
441 1800 4258 4.62
442 0 0 0.3
442 200 60 4.05
442 400 870 3.51
442 600 1572 4.45
442 800 2462 1.51
442 1000 2764 0.02
442 1200 2768 1.82
442 1400 3132 1.51
442 1600 3434 4.12
442 1800 4258 4.62
443 0 0 0.3
443 200 60 4.05
443 400 870 3.51
443 600 1572 4.45
443 800 2462 1.51
443 1000 2764 0.02
443 1200 2768 1.82
443 1400 3132 1.51
443 1600 3434 4.12
443 1800 4258 4.62
444 0 0 0.3
444 200 60 4.05
444 400 870 3.51
444 600 1572 4.45
444 800 2462 1.51
444 1000 2764 0.02
444 1200 2768 1.82
444 1400 3132 1.51
444 1600 3434 4.12
444 1800 4258 4.62
445 0 0 0.3
445 200 60 4.05
445 400 870 3.51
445 600 1572 4.45
445 800 2462 1.51
445 1000 2764 0.02
445 1200 2768 1.82
445 1400 3132 1.51
445 1600 3434 4.12
445 1800 4258 4.62
446 0 0 0.3
446 200 60 4.05
446 400 870 3.51
446 600 1572 4.45
446 800 2462 1.51
446 1000 2764 0.02
446 1200 2768 1.82
446 1400 3132 1.51
446 1600 3434 4.12
446 1800 4258 4.62
447 0 0 0.3
447 200 60 4.05
447 400 870 3.51
447 600 1572 4.45
447 800 2462 1.51
447 1000 2764 0.02
447 1200 2768 1.82
447 1400 3132 1.51
447 1600 3434 4.12
447 1800 4258 4.62
448 0 0 0.3
448 200 60 4.05
448 400 870 3.51
448 600 1572 4.45
448 800 2462 1.51
448 1000 2764 0.02
448 1200 2768 1.82
448 1400 3132 1.51
448 1600 3434 4.12
448 1800 4258 4.62
449 0 0 0.3
449 200 60 4.05
449 400 870 3.51
449 600 1572 4.45
449 800 2462 1.51
449 1000 2764 0.02
449 1200 2768 1.82
449 1400 3132 1.51
449 1600 3434 4.12
449 1800 4258 4.62
450 0 0 0.3
450 200 60 4.05
450 400 870 3.51
450 600 1572 4.45
450 800 2462 1.51
450 1000 2764 0.02
450 1200 2768 1.82
450 1400 3132 1.51
450 1600 3434 4.12
450 1800 4258 4.62
451 0 0 0.3
451 200 60 4.05
451 400 870 3.51
451 600 1572 4.45
451 800 2462 1.51
451 1000 2764 0.02
451 1200 2768 1.82
451 1400 3132 1.51
451 1600 3434 4.12
451 1800 4258 4.62
452 0 0 0.3
452 200 60 4.05
452 400 870 3.51
452 600 1572 4.45
452 800 2462 1.51
452 1000 2764 0.02
452 1200 2768 1.82
452 1400 3132 1.51
452 1600 3434 4.12
452 1800 4258 4.62
453 0 0 0.3
453 200 60 4.05
453 400 870 3.51
453 600 1572 4.45
453 800 2462 1.51
453 1000 2764 0.02
453 1200 2768 1.82
453 1400 3132 1.51
453 1600 3434 4.12
453 1800 4258 4.62
454 0 0 0.3
454 200 60 4.05
454 400 870 3.51
454 600 1572 4.45
454 800 2462 1.51
454 1000 2764 0.02
454 1200 2768 1.82
454 1400 3132 1.51
454 1600 3434 4.12
454 1800 4258 4.62
455 0 0 0.3
455 200 60 4.05
455 400 870 3.51
455 600 1572 4.45
455 800 2462 1.51
455 1000 2764 0.02
455 1200 2768 1.82
455 1400 3132 1.51
455 1600 3434 4.12
455 1800 4258 4.62
456 0 0 0.3
456 200 60 4.05
456 400 870 3.51
456 600 1572 4.45
456 800 2462 1.51
456 1000 2764 0.02
456 1200 2768 1.82
456 1400 3132 1.51
456 1600 3434 4.12
456 1800 4258 4.62
457 0 0 0.3
457 200 60 4.05
457 400 870 3.51
457 600 1572 4.45
457 800 2462 1.51
457 1000 2764 0.02
457 1200 2768 1.82
457 1400 3132 1.51
457 1600 3434 4.12
457 1800 4258 4.62
458 0 0 0.3
458 200 60 4.05
458 400 870 3.51
458 600 1572 4.45
458 800 2462 1.51
458 1000 2764 0.02
458 1200 2768 1.82
458 1400 3132 1.51
458 1600 3434 4.12
458 1800 4258 4.62
459 0 0 0.3
459 200 60 4.05
459 400 870 3.51
459 600 1572 4.45
459 800 2462 1.51
459 1000 2764 0.02
459 1200 2768 1.82
459 1400 3132 1.51
459 1600 3434 4.12
459 1800 4258 4.62
460 0 0 0.3
460 200 60 4.05
460 400 870 3.51
460 600 1572 4.45
460 800 2462 1.51
460 1000 2764 0.02
460 1200 2768 1.82
460 1400 3132 1.51
460 1600 3434 4.12
460 1800 4258 4.62
461 0 0 0.3
461 200 60 4.05
461 400 870 3.51
461 600 1572 4.45
461 800 2462 1.51
461 1000 2764 0.02
461 1200 2768 1.82
461 1400 3132 1.51
461 1600 3434 4.12
461 1800 4258 4.62
462 0 0 0.3
462 200 60 4.05
462 400 870 3.51
462 600 1572 4.45
462 800 2462 1.51
462 1000 2764 0.02
462 1200 2768 1.82
462 1400 3132 1.51
462 1600 3434 4.12
462 1800 4258 4.62
463 0 0 0.3
463 200 60 4.05
463 400 870 3.51
463 600 1572 4.45
463 800 2462 1.51
463 1000 2764 0.02
463 1200 2768 1.82
463 1400 3132 1.51
463 1600 3434 4.12
463 1800 4258 4.62
464 0 0 0.3
464 200 60 4.05
464 400 870 3.51
464 600 1572 4.45
464 800 2462 1.51
464 1000 2764 0.02
464 1200 2768 1.82
464 1400 3132 1.51
464 1600 3434 4.12
464 1800 4258 4.62
465 0 0 0.3
465 200 60 4.05
465 400 870 3.51
465 600 1572 4.45
465 800 2462 1.51
465 1000 2764 0.02
465 1200 2768 1.82
465 1400 3132 1.51
465 1600 3434 4.12
465 1800 4258 4.62
466 0 0 0.3
466 200 60 4.05
466 400 870 3.51
466 600 1572 4.45
466 800 2462 1.51
466 1000 2764 0.02
466 1200 2768 1.82
466 1400 3132 1.51
466 1600 3434 4.12
466 1800 4258 4.62
467 0 0 0.3
467 200 60 4.05
467 400 870 3.51
467 600 1572 4.45
467 800 2462 1.51
467 1000 2764 0.02
467 1200 2768 1.82
467 1400 3132 1.51
467 1600 3434 4.12
467 1800 4258 4.62
468 0 0 0.3
468 200 60 4.05
468 400 870 3.51
468 600 1572 4.45
468 800 2462 1.51
468 1000 2764 0.02
468 1200 2768 1.82
468 1400 3132 1.51
468 1600 3434 4.12
468 1800 4258 4.62
469 0 0 0.3
469 200 60 4.05
469 400 870 3.51
469 600 1572 4.45
469 800 2462 1.51
469 1000 2764 0.02
469 1200 2768 1.82
469 1400 3132 1.51
469 1600 3434 4.12
469 1800 4258 4.62
470 0 0 0.3
470 200 60 4.05
470 400 870 3.51
470 600 1572 4.45
470 800 2462 1.51
470 1000 2764 0.02
470 1200 2768 1.82
470 1400 3132 1.51
470 1600 3434 4.12
470 1800 4258 4.62
471 0 0 0.3
471 200 60 4.05
471 400 870 3.51
471 600 1572 4.45
471 800 2462 1.51
471 1000 2764 0.02
471 1200 2768 1.82
471 1400 3132 1.51
471 1600 3434 4.12
471 1800 4258 4.62
472 0 0 0.3
472 200 60 4.05
472 400 870 3.51
472 600 1572 4.45
472 800 2462 1.51
472 1000 2764 0.02
472 1200 2768 1.82
472 1400 3132 1.51
472 1600 3434 4.12
472 1800 4258 4.62
473 0 0 0.3
473 200 60 4.05
473 400 870 3.51
473 600 1572 4.45
473 800 2462 1.51
473 1000 2764 0.02
473 1200 2768 1.82
473 1400 3132 1.51
473 1600 3434 4.12
473 1800 4258 4.62
474 0 0 0.3
474 200 60 4.05
474 400 870 3.51
474 600 1572 4.45
474 800 2462 1.51
474 1000 2764 0.02
474 1200 2768 1.82
474 1400 3132 1.51
474 1600 3434 4.12
474 1800 4258 4.62
475 0 0 0.3
475 200 60 4.05
475 400 870 3.51
475 600 1572 4.45
475 800 2462 1.51
475 1000 2764 0.02
475 1200 2768 1.82
475 1400 3132 1.51
475 1600 3434 4.12
475 1800 4258 4.62
476 0 0 0.3
476 200 60 4.05
476 400 870 3.51
476 600 1572 4.45
476 800 2462 1.51
476 1000 2764 0.02
476 1200 2768 1.82
476 1400 3132 1.51
476 1600 3434 4.12
476 1800 4258 4.62
477 0 0 0.3
477 200 60 4.05
477 400 870 3.51
477 600 1572 4.45
477 800 2462 1.51
477 1000 2764 0.02
477 1200 2768 1.82
477 1400 3132 1.51
477 1600 3434 4.12
477 1800 4258 4.62
478 0 0 0.3
478 200 60 4.05
478 400 870 3.51
478 600 1572 4.45
478 800 2462 1.51
478 1000 2764 0.02
478 1200 2768 1.82
478 1400 3132 1.51
478 1600 3434 4.12
478 1800 4258 4.62
479 0 0 0.3
479 200 60 4.05
479 400 870 3.51
479 600 1572 4.45
479 800 2462 1.51
479 1000 2764 0.02
479 1200 2768 1.82
479 1400 3132 1.51
479 1600 3434 4.12
479 1800 4258 4.62
480 0 0 0.3
480 200 60 4.05
480 400 870 3.51
480 600 1572 4.45
480 800 2462 1.51
480 1000 2764 0.02
480 1200 2768 1.82
480 1400 3132 1.51
480 1600 3434 4.12
480 1800 4258 4.62
481 0 0 0.3
481 200 60 4.05
481 400 870 3.51
481 600 1572 4.45
481 800 2462 1.51
481 1000 2764 0.02
481 1200 2768 1.82
481 1400 3132 1.51
481 1600 3434 4.12
481 1800 4258 4.62
482 0 0 0.3
482 200 60 4.05
482 400 870 3.51
482 600 1572 4.45
482 800 2462 1.51
482 1000 2764 0.02
482 1200 2768 1.82
482 1400 3132 1.51
482 1600 3434 4.12
482 1800 4258 4.62
483 0 0 0.3
483 200 60 4.05
483 400 870 3.51
483 600 1572 4.45
483 800 2462 1.51
483 1000 2764 0.02
483 1200 2768 1.82
483 1400 3132 1.51
483 1600 3434 4.12
483 1800 4258 4.62
484 0 0 0.3
484 200 60 4.05
484 400 870 3.51
484 600 1572 4.45
484 800 2462 1.51
484 1000 2764 0.02
484 1200 2768 1.82
484 1400 3132 1.51
484 1600 3434 4.12
484 1800 4258 4.62
485 0 0 0.3
485 200 60 4.05
485 400 870 3.51
485 600 1572 4.45
485 800 2462 1.51
485 1000 2764 0.02
485 1200 2768 1.82
485 1400 3132 1.51
485 1600 3434 4.12
485 1800 4258 4.62
486 0 0 0.3
486 200 60 4.05
486 400 870 3.51
486 600 1572 4.45
486 800 2462 1.51
486 1000 2764 0.02
486 1200 2768 1.82
486 1400 3132 1.51
486 1600 3434 4.12
486 1800 4258 4.62
487 0 0 0.3
487 200 60 4.05
487 400 870 3.51
487 600 1572 4.45
487 800 2462 1.51
487 1000 2764 0.02
487 1200 2768 1.82
487 1400 3132 1.51
487 1600 3434 4.12
487 1800 4258 4.62
488 0 0 0.3
488 200 60 4.05
488 400 870 3.51
488 600 1572 4.45
488 800 2462 1.51
488 1000 2764 0.02
488 1200 2768 1.82
488 1400 3132 1.51
488 1600 3434 4.12
488 1800 4258 4.62
489 0 0 0.3
489 200 60 4.05
489 400 870 3.51
489 600 1572 4.45
489 800 2462 1.51
489 1000 2764 0.02
489 1200 2768 1.82
489 1400 3132 1.51
489 1600 3434 4.12
489 1800 4258 4.62
490 0 0 0.3
490 200 60 4.05
490 400 870 3.51
490 600 1572 4.45
490 800 2462 1.51
490 1000 2764 0.02
490 1200 2768 1.82
490 1400 3132 1.51
490 1600 3434 4.12
490 1800 4258 4.62
491 0 0 0.3
491 200 60 4.05
491 400 870 3.51
491 600 1572 4.45
491 800 2462 1.51
491 1000 2764 0.02
491 1200 2768 1.82
491 1400 3132 1.51
491 1600 3434 4.12
491 1800 4258 4.62
492 0 0 0.3
492 200 60 4.05
492 400 870 3.51
492 600 1572 4.45
492 800 2462 1.51
492 1000 2764 0.02
492 1200 2768 1.82
492 1400 3132 1.51
492 1600 3434 4.12
492 1800 4258 4.62
493 0 0 0.3
493 200 60 4.05
493 400 870 3.51
493 600 1572 4.45
493 800 2462 1.51
493 1000 2764 0.02
493 1200 2768 1.82
493 1400 3132 1.51
493 1600 3434 4.12
493 1800 4258 4.62
494 0 0 0.3
494 200 60 4.05
494 400 870 3.51
494 600 1572 4.45
494 800 2462 1.51
494 1000 2764 0.02
494 1200 2768 1.82
494 1400 3132 1.51
494 1600 3434 4.12
494 1800 4258 4.62
495 0 0 0.3
495 200 60 4.05
495 400 870 3.51
495 600 1572 4.45
495 800 2462 1.51
495 1000 2764 0.02
495 1200 2768 1.82
495 1400 3132 1.51
495 1600 3434 4.12
495 1800 4258 4.62
496 0 0 0.3
496 200 60 4.05
496 400 870 3.51
496 600 1572 4.45
496 800 2462 1.51
496 1000 2764 0.02
496 1200 2768 1.82
496 1400 3132 1.51
496 1600 3434 4.12
496 1800 4258 4.62
497 0 0 0.3
497 200 60 4.05
497 400 870 3.51
497 600 1572 4.45
497 800 2462 1.51
497 1000 2764 0.02
497 1200 2768 1.82
497 1400 3132 1.51
497 1600 3434 4.12
497 1800 4258 4.62
498 0 0 0.3
498 200 60 4.05
498 400 870 3.51
498 600 1572 4.45
498 800 2462 1.51
498 1000 2764 0.02
498 1200 2768 1.82
498 1400 3132 1.51
498 1600 3434 4.12
498 1800 4258 4.62
499 0 0 0.3
499 200 60 4.05
499 400 870 3.51
499 600 1572 4.45
499 800 2462 1.51
499 1000 2764 0.02
499 1200 2768 1.82
499 1400 3132 1.51
499 1600 3434 4.12
499 1800 4258 4.62
