1000 4
0 0 0 2.28
0 25 57 1.47
0 50 93.75 0.97
0 75 118 4.78
1 0 0 2.28
1 25 57 1.47
1 50 93.75 0.97
1 75 118 4.78
2 0 0 2.28
2 25 57 1.47
2 50 93.75 0.97
2 75 118 4.78
3 0 0 2.28
3 25 57 1.47
3 50 93.75 0.97
3 75 118 4.78
4 0 0 2.28
4 25 57 1.47
4 50 93.75 0.97
4 75 118 4.78
5 0 0 2.28
5 25 57 1.47
5 50 93.75 0.97
5 75 118 4.78
6 0 0 2.28
6 25 57 1.47
6 50 93.75 0.97
6 75 118 4.78
7 0 0 2.28
7 25 57 1.47
7 50 93.75 0.97
7 75 118 4.78
8 0 0 2.28
8 25 57 1.47
8 50 93.75 0.97
8 75 118 4.78
9 0 0 2.28
9 25 57 1.47
9 50 93.75 0.97
9 75 118 4.78
10 0 0 2.28
10 25 57 1.47
10 50 93.75 0.97
10 75 118 4.78
11 0 0 2.28
11 25 57 1.47
11 50 93.75 0.97
11 75 118 4.78
12 0 0 2.28
12 25 57 1.47
12 50 93.75 0.97
12 75 118 4.78
13 0 0 2.28
13 25 57 1.47
13 50 93.75 0.97
13 75 118 4.78
14 0 0 2.28
14 25 57 1.47
14 50 93.75 0.97
14 75 118 4.78
15 0 0 2.28
15 25 57 1.47
15 50 93.75 0.97
15 75 118 4.78
16 0 0 2.28
16 25 57 1.47
16 50 93.75 0.97
16 75 118 4.78
17 0 0 2.28
17 25 57 1.47
17 50 93.75 0.97
17 75 118 4.78
18 0 0 2.28
18 25 57 1.47
18 50 93.75 0.97
18 75 118 4.78
19 0 0 2.28
19 25 57 1.47
19 50 93.75 0.97
19 75 118 4.78
20 0 0 2.28
20 25 57 1.47
20 50 93.75 0.97
20 75 118 4.78
21 0 0 2.28
21 25 57 1.47
21 50 93.75 0.97
21 75 118 4.78
22 0 0 2.28
22 25 57 1.47
22 50 93.75 0.97
22 75 118 4.78
23 0 0 2.28
23 25 57 1.47
23 50 93.75 0.97
23 75 118 4.78
24 0 0 2.28
24 25 57 1.47
24 50 93.75 0.97
24 75 118 4.78
25 0 0 2.28
25 25 57 1.47
25 50 93.75 0.97
25 75 118 4.78
26 0 0 2.28
26 25 57 1.47
26 50 93.75 0.97
26 75 118 4.78
27 0 0 2.28
27 25 57 1.47
27 50 93.75 0.97
27 75 118 4.78
28 0 0 2.28
28 25 57 1.47
28 50 93.75 0.97
28 75 118 4.78
29 0 0 2.28
29 25 57 1.47
29 50 93.75 0.97
29 75 118 4.78
30 0 0 2.28
30 25 57 1.47
30 50 93.75 0.97
30 75 118 4.78
31 0 0 2.28
31 25 57 1.47
31 50 93.75 0.97
31 75 118 4.78
32 0 0 2.28
32 25 57 1.47
32 50 93.75 0.97
32 75 118 4.78
33 0 0 2.28
33 25 57 1.47
33 50 93.75 0.97
33 75 118 4.78
34 0 0 2.28
34 25 57 1.47
34 50 93.75 0.97
34 75 118 4.78
35 0 0 2.28
35 25 57 1.47
35 50 93.75 0.97
35 75 118 4.78
36 0 0 2.28
36 25 57 1.47
36 50 93.75 0.97
36 75 118 4.78
37 0 0 2.28
37 25 57 1.47
37 50 93.75 0.97
37 75 118 4.78
38 0 0 2.28
38 25 57 1.47
38 50 93.75 0.97
38 75 118 4.78
39 0 0 2.28
39 25 57 1.47
39 50 93.75 0.97
39 75 118 4.78
40 0 0 2.28
40 25 57 1.47
40 50 93.75 0.97
40 75 118 4.78
41 0 0 2.28
41 25 57 1.47
41 50 93.75 0.97
41 75 118 4.78
42 0 0 2.28
42 25 57 1.47
42 50 93.75 0.97
42 75 118 4.78
43 0 0 2.28
43 25 57 1.47
43 50 93.75 0.97
43 75 118 4.78
44 0 0 2.28
44 25 57 1.47
44 50 93.75 0.97
44 75 118 4.78
45 0 0 2.28
45 25 57 1.47
45 50 93.75 0.97
45 75 118 4.78
46 0 0 2.28
46 25 57 1.47
46 50 93.75 0.97
46 75 118 4.78
47 0 0 2.28
47 25 57 1.47
47 50 93.75 0.97
47 75 118 4.78
48 0 0 2.28
48 25 57 1.47
48 50 93.75 0.97
48 75 118 4.78
49 0 0 2.28
49 25 57 1.47
49 50 93.75 0.97
49 75 118 4.78
50 0 0 2.28
50 25 57 1.47
50 50 93.75 0.97
50 75 118 4.78
51 0 0 2.28
51 25 57 1.47
51 50 93.75 0.97
51 75 118 4.78
52 0 0 2.28
52 25 57 1.47
52 50 93.75 0.97
52 75 118 4.78
53 0 0 2.28
53 25 57 1.47
53 50 93.75 0.97
53 75 118 4.78
54 0 0 2.28
54 25 57 1.47
54 50 93.75 0.97
54 75 118 4.78
55 0 0 2.28
55 25 57 1.47
55 50 93.75 0.97
55 75 118 4.78
56 0 0 2.28
56 25 57 1.47
56 50 93.75 0.97
56 75 118 4.78
57 0 0 2.28
57 25 57 1.47
57 50 93.75 0.97
57 75 118 4.78
58 0 0 2.28
58 25 57 1.47
58 50 93.75 0.97
58 75 118 4.78
59 0 0 2.28
59 25 57 1.47
59 50 93.75 0.97
59 75 118 4.78
60 0 0 2.28
60 25 57 1.47
60 50 93.75 0.97
60 75 118 4.78
61 0 0 2.28
61 25 57 1.47
61 50 93.75 0.97
61 75 118 4.78
62 0 0 2.28
62 25 57 1.47
62 50 93.75 0.97
62 75 118 4.78
63 0 0 2.28
63 25 57 1.47
63 50 93.75 0.97
63 75 118 4.78
64 0 0 2.28
64 25 57 1.47
64 50 93.75 0.97
64 75 118 4.78
65 0 0 2.28
65 25 57 1.47
65 50 93.75 0.97
65 75 118 4.78
66 0 0 2.28
66 25 57 1.47
66 50 93.75 0.97
66 75 118 4.78
67 0 0 2.28
67 25 57 1.47
67 50 93.75 0.97
67 75 118 4.78
68 0 0 2.28
68 25 57 1.47
68 50 93.75 0.97
68 75 118 4.78
69 0 0 2.28
69 25 57 1.47
69 50 93.75 0.97
69 75 118 4.78
70 0 0 2.28
70 25 57 1.47
70 50 93.75 0.97
70 75 118 4.78
71 0 0 2.28
71 25 57 1.47
71 50 93.75 0.97
71 75 118 4.78
72 0 0 2.28
72 25 57 1.47
72 50 93.75 0.97
72 75 118 4.78
73 0 0 2.28
73 25 57 1.47
73 50 93.75 0.97
73 75 118 4.78
74 0 0 2.28
74 25 57 1.47
74 50 93.75 0.97
74 75 118 4.78
75 0 0 2.28
75 25 57 1.47
75 50 93.75 0.97
75 75 118 4.78
76 0 0 2.28
76 25 57 1.47
76 50 93.75 0.97
76 75 118 4.78
77 0 0 2.28
77 25 57 1.47
77 50 93.75 0.97
77 75 118 4.78
78 0 0 2.28
78 25 57 1.47
78 50 93.75 0.97
78 75 118 4.78
79 0 0 2.28
79 25 57 1.47
79 50 93.75 0.97
79 75 118 4.78
80 0 0 2.28
80 25 57 1.47
80 50 93.75 0.97
80 75 118 4.78
81 0 0 2.28
81 25 57 1.47
81 50 93.75 0.97
81 75 118 4.78
82 0 0 2.28
82 25 57 1.47
82 50 93.75 0.97
82 75 118 4.78
83 0 0 2.28
83 25 57 1.47
83 50 93.75 0.97
83 75 118 4.78
84 0 0 2.28
84 25 57 1.47
84 50 93.75 0.97
84 75 118 4.78
85 0 0 2.28
85 25 57 1.47
85 50 93.75 0.97
85 75 118 4.78
86 0 0 2.28
86 25 57 1.47
86 50 93.75 0.97
86 75 118 4.78
87 0 0 2.28
87 25 57 1.47
87 50 93.75 0.97
87 75 118 4.78
88 0 0 2.28
88 25 57 1.47
88 50 93.75 0.97
88 75 118 4.78
89 0 0 2.28
89 25 57 1.47
89 50 93.75 0.97
89 75 118 4.78
90 0 0 2.28
90 25 57 1.47
90 50 93.75 0.97
90 75 118 4.78
91 0 0 2.28
91 25 57 1.47
91 50 93.75 0.97
91 75 118 4.78
92 0 0 2.28
92 25 57 1.47
92 50 93.75 0.97
92 75 118 4.78
93 0 0 2.28
93 25 57 1.47
93 50 93.75 0.97
93 75 118 4.78
94 0 0 2.28
94 25 57 1.47
94 50 93.75 0.97
94 75 118 4.78
95 0 0 2.28
95 25 57 1.47
95 50 93.75 0.97
95 75 118 4.78
96 0 0 2.28
96 25 57 1.47
96 50 93.75 0.97
96 75 118 4.78
97 0 0 2.28
97 25 57 1.47
97 50 93.75 0.97
97 75 118 4.78
98 0 0 2.28
98 25 57 1.47
98 50 93.75 0.97
98 75 118 4.78
99 0 0 2.28
99 25 57 1.47
99 50 93.75 0.97
99 75 118 4.78
100 0 0 2.28
100 25 57 1.47
100 50 93.75 0.97
100 75 118 4.78
101 0 0 2.28
101 25 57 1.47
101 50 93.75 0.97
101 75 118 4.78
102 0 0 2.28
102 25 57 1.47
102 50 93.75 0.97
102 75 118 4.78
103 0 0 2.28
103 25 57 1.47
103 50 93.75 0.97
103 75 118 4.78
104 0 0 2.28
104 25 57 1.47
104 50 93.75 0.97
104 75 118 4.78
105 0 0 2.28
105 25 57 1.47
105 50 93.75 0.97
105 75 118 4.78
106 0 0 2.28
106 25 57 1.47
106 50 93.75 0.97
106 75 118 4.78
107 0 0 2.28
107 25 57 1.47
107 50 93.75 0.97
107 75 118 4.78
108 0 0 2.28
108 25 57 1.47
108 50 93.75 0.97
108 75 118 4.78
109 0 0 2.28
109 25 57 1.47
109 50 93.75 0.97
109 75 118 4.78
110 0 0 2.28
110 25 57 1.47
110 50 93.75 0.97
110 75 118 4.78
111 0 0 2.28
111 25 57 1.47
111 50 93.75 0.97
111 75 118 4.78
112 0 0 2.28
112 25 57 1.47
112 50 93.75 0.97
112 75 118 4.78
113 0 0 2.28
113 25 57 1.47
113 50 93.75 0.97
113 75 118 4.78
114 0 0 2.28
114 25 57 1.47
114 50 93.75 0.97
114 75 118 4.78
115 0 0 2.28
115 25 57 1.47
115 50 93.75 0.97
115 75 118 4.78
116 0 0 2.28
116 25 57 1.47
116 50 93.75 0.97
116 75 118 4.78
117 0 0 2.28
117 25 57 1.47
117 50 93.75 0.97
117 75 118 4.78
118 0 0 2.28
118 25 57 1.47
118 50 93.75 0.97
118 75 118 4.78
119 0 0 2.28
119 25 57 1.47
119 50 93.75 0.97
119 75 118 4.78
120 0 0 2.28
120 25 57 1.47
120 50 93.75 0.97
120 75 118 4.78
121 0 0 2.28
121 25 57 1.47
121 50 93.75 0.97
121 75 118 4.78
122 0 0 2.28
122 25 57 1.47
122 50 93.75 0.97
122 75 118 4.78
123 0 0 2.28
123 25 57 1.47
123 50 93.75 0.97
123 75 118 4.78
124 0 0 2.28
124 25 57 1.47
124 50 93.75 0.97
124 75 118 4.78
125 0 0 2.28
125 25 57 1.47
125 50 93.75 0.97
125 75 118 4.78
126 0 0 2.28
126 25 57 1.47
126 50 93.75 0.97
126 75 118 4.78
127 0 0 2.28
127 25 57 1.47
127 50 93.75 0.97
127 75 118 4.78
128 0 0 2.28
128 25 57 1.47
128 50 93.75 0.97
128 75 118 4.78
129 0 0 2.28
129 25 57 1.47
129 50 93.75 0.97
129 75 118 4.78
130 0 0 2.28
130 25 57 1.47
130 50 93.75 0.97
130 75 118 4.78
131 0 0 2.28
131 25 57 1.47
131 50 93.75 0.97
131 75 118 4.78
132 0 0 2.28
132 25 57 1.47
132 50 93.75 0.97
132 75 118 4.78
133 0 0 2.28
133 25 57 1.47
133 50 93.75 0.97
133 75 118 4.78
134 0 0 2.28
134 25 57 1.47
134 50 93.75 0.97
134 75 118 4.78
135 0 0 2.28
135 25 57 1.47
135 50 93.75 0.97
135 75 118 4.78
136 0 0 2.28
136 25 57 1.47
136 50 93.75 0.97
136 75 118 4.78
137 0 0 2.28
137 25 57 1.47
137 50 93.75 0.97
137 75 118 4.78
138 0 0 2.28
138 25 57 1.47
138 50 93.75 0.97
138 75 118 4.78
139 0 0 2.28
139 25 57 1.47
139 50 93.75 0.97
139 75 118 4.78
140 0 0 2.28
140 25 57 1.47
140 50 93.75 0.97
140 75 118 4.78
141 0 0 2.28
141 25 57 1.47
141 50 93.75 0.97
141 75 118 4.78
142 0 0 2.28
142 25 57 1.47
142 50 93.75 0.97
142 75 118 4.78
143 0 0 2.28
143 25 57 1.47
143 50 93.75 0.97
143 75 118 4.78
144 0 0 2.28
144 25 57 1.47
144 50 93.75 0.97
144 75 118 4.78
145 0 0 2.28
145 25 57 1.47
145 50 93.75 0.97
145 75 118 4.78
146 0 0 2.28
146 25 57 1.47
146 50 93.75 0.97
146 75 118 4.78
147 0 0 2.28
147 25 57 1.47
147 50 93.75 0.97
147 75 118 4.78
148 0 0 2.28
148 25 57 1.47
148 50 93.75 0.97
148 75 118 4.78
149 0 0 2.28
149 25 57 1.47
149 50 93.75 0.97
149 75 118 4.78
150 0 0 2.28
150 25 57 1.47
150 50 93.75 0.97
150 75 118 4.78
151 0 0 2.28
151 25 57 1.47
151 50 93.75 0.97
151 75 118 4.78
152 0 0 2.28
152 25 57 1.47
152 50 93.75 0.97
152 75 118 4.78
153 0 0 2.28
153 25 57 1.47
153 50 93.75 0.97
153 75 118 4.78
154 0 0 2.28
154 25 57 1.47
154 50 93.75 0.97
154 75 118 4.78
155 0 0 2.28
155 25 57 1.47
155 50 93.75 0.97
155 75 118 4.78
156 0 0 2.28
156 25 57 1.47
156 50 93.75 0.97
156 75 118 4.78
157 0 0 2.28
157 25 57 1.47
157 50 93.75 0.97
157 75 118 4.78
158 0 0 2.28
158 25 57 1.47
158 50 93.75 0.97
158 75 118 4.78
159 0 0 2.28
159 25 57 1.47
159 50 93.75 0.97
159 75 118 4.78
160 0 0 2.28
160 25 57 1.47
160 50 93.75 0.97
160 75 118 4.78
161 0 0 2.28
161 25 57 1.47
161 50 93.75 0.97
161 75 118 4.78
162 0 0 2.28
162 25 57 1.47
162 50 93.75 0.97
162 75 118 4.78
163 0 0 2.28
163 25 57 1.47
163 50 93.75 0.97
163 75 118 4.78
164 0 0 2.28
164 25 57 1.47
164 50 93.75 0.97
164 75 118 4.78
165 0 0 2.28
165 25 57 1.47
165 50 93.75 0.97
165 75 118 4.78
166 0 0 2.28
166 25 57 1.47
166 50 93.75 0.97
166 75 118 4.78
167 0 0 2.28
167 25 57 1.47
167 50 93.75 0.97
167 75 118 4.78
168 0 0 2.28
168 25 57 1.47
168 50 93.75 0.97
168 75 118 4.78
169 0 0 2.28
169 25 57 1.47
169 50 93.75 0.97
169 75 118 4.78
170 0 0 2.28
170 25 57 1.47
170 50 93.75 0.97
170 75 118 4.78
171 0 0 2.28
171 25 57 1.47
171 50 93.75 0.97
171 75 118 4.78
172 0 0 2.28
172 25 57 1.47
172 50 93.75 0.97
172 75 118 4.78
173 0 0 2.28
173 25 57 1.47
173 50 93.75 0.97
173 75 118 4.78
174 0 0 2.28
174 25 57 1.47
174 50 93.75 0.97
174 75 118 4.78
175 0 0 2.28
175 25 57 1.47
175 50 93.75 0.97
175 75 118 4.78
176 0 0 2.28
176 25 57 1.47
176 50 93.75 0.97
176 75 118 4.78
177 0 0 2.28
177 25 57 1.47
177 50 93.75 0.97
177 75 118 4.78
178 0 0 2.28
178 25 57 1.47
178 50 93.75 0.97
178 75 118 4.78
179 0 0 2.28
179 25 57 1.47
179 50 93.75 0.97
179 75 118 4.78
180 0 0 2.28
180 25 57 1.47
180 50 93.75 0.97
180 75 118 4.78
181 0 0 2.28
181 25 57 1.47
181 50 93.75 0.97
181 75 118 4.78
182 0 0 2.28
182 25 57 1.47
182 50 93.75 0.97
182 75 118 4.78
183 0 0 2.28
183 25 57 1.47
183 50 93.75 0.97
183 75 118 4.78
184 0 0 2.28
184 25 57 1.47
184 50 93.75 0.97
184 75 118 4.78
185 0 0 2.28
185 25 57 1.47
185 50 93.75 0.97
185 75 118 4.78
186 0 0 2.28
186 25 57 1.47
186 50 93.75 0.97
186 75 118 4.78
187 0 0 2.28
187 25 57 1.47
187 50 93.75 0.97
187 75 118 4.78
188 0 0 2.28
188 25 57 1.47
188 50 93.75 0.97
188 75 118 4.78
189 0 0 2.28
189 25 57 1.47
189 50 93.75 0.97
189 75 118 4.78
190 0 0 2.28
190 25 57 1.47
190 50 93.75 0.97
190 75 118 4.78
191 0 0 2.28
191 25 57 1.47
191 50 93.75 0.97
191 75 118 4.78
192 0 0 2.28
192 25 57 1.47
192 50 93.75 0.97
192 75 118 4.78
193 0 0 2.28
193 25 57 1.47
193 50 93.75 0.97
193 75 118 4.78
194 0 0 2.28
194 25 57 1.47
194 50 93.75 0.97
194 75 118 4.78
195 0 0 2.28
195 25 57 1.47
195 50 93.75 0.97
195 75 118 4.78
196 0 0 2.28
196 25 57 1.47
196 50 93.75 0.97
196 75 118 4.78
197 0 0 2.28
197 25 57 1.47
197 50 93.75 0.97
197 75 118 4.78
198 0 0 2.28
198 25 57 1.47
198 50 93.75 0.97
198 75 118 4.78
199 0 0 2.28
199 25 57 1.47
199 50 93.75 0.97
199 75 118 4.78
200 0 0 2.28
200 25 57 1.47
200 50 93.75 0.97
200 75 118 4.78
201 0 0 2.28
201 25 57 1.47
201 50 93.75 0.97
201 75 118 4.78
202 0 0 2.28
202 25 57 1.47
202 50 93.75 0.97
202 75 118 4.78
203 0 0 2.28
203 25 57 1.47
203 50 93.75 0.97
203 75 118 4.78
204 0 0 2.28
204 25 57 1.47
204 50 93.75 0.97
204 75 118 4.78
205 0 0 2.28
205 25 57 1.47
205 50 93.75 0.97
205 75 118 4.78
206 0 0 2.28
206 25 57 1.47
206 50 93.75 0.97
206 75 118 4.78
207 0 0 2.28
207 25 57 1.47
207 50 93.75 0.97
207 75 118 4.78
208 0 0 2.28
208 25 57 1.47
208 50 93.75 0.97
208 75 118 4.78
209 0 0 2.28
209 25 57 1.47
209 50 93.75 0.97
209 75 118 4.78
210 0 0 2.28
210 25 57 1.47
210 50 93.75 0.97
210 75 118 4.78
211 0 0 2.28
211 25 57 1.47
211 50 93.75 0.97
211 75 118 4.78
212 0 0 2.28
212 25 57 1.47
212 50 93.75 0.97
212 75 118 4.78
213 0 0 2.28
213 25 57 1.47
213 50 93.75 0.97
213 75 118 4.78
214 0 0 2.28
214 25 57 1.47
214 50 93.75 0.97
214 75 118 4.78
215 0 0 2.28
215 25 57 1.47
215 50 93.75 0.97
215 75 118 4.78
216 0 0 2.28
216 25 57 1.47
216 50 93.75 0.97
216 75 118 4.78
217 0 0 2.28
217 25 57 1.47
217 50 93.75 0.97
217 75 118 4.78
218 0 0 2.28
218 25 57 1.47
218 50 93.75 0.97
218 75 118 4.78
219 0 0 2.28
219 25 57 1.47
219 50 93.75 0.97
219 75 118 4.78
220 0 0 2.28
220 25 57 1.47
220 50 93.75 0.97
220 75 118 4.78
221 0 0 2.28
221 25 57 1.47
221 50 93.75 0.97
221 75 118 4.78
222 0 0 2.28
222 25 57 1.47
222 50 93.75 0.97
222 75 118 4.78
223 0 0 2.28
223 25 57 1.47
223 50 93.75 0.97
223 75 118 4.78
224 0 0 2.28
224 25 57 1.47
224 50 93.75 0.97
224 75 118 4.78
225 0 0 2.28
225 25 57 1.47
225 50 93.75 0.97
225 75 118 4.78
226 0 0 2.28
226 25 57 1.47
226 50 93.75 0.97
226 75 118 4.78
227 0 0 2.28
227 25 57 1.47
227 50 93.75 0.97
227 75 118 4.78
228 0 0 2.28
228 25 57 1.47
228 50 93.75 0.97
228 75 118 4.78
229 0 0 2.28
229 25 57 1.47
229 50 93.75 0.97
229 75 118 4.78
230 0 0 2.28
230 25 57 1.47
230 50 93.75 0.97
230 75 118 4.78
231 0 0 2.28
231 25 57 1.47
231 50 93.75 0.97
231 75 118 4.78
232 0 0 2.28
232 25 57 1.47
232 50 93.75 0.97
232 75 118 4.78
233 0 0 2.28
233 25 57 1.47
233 50 93.75 0.97
233 75 118 4.78
234 0 0 2.28
234 25 57 1.47
234 50 93.75 0.97
234 75 118 4.78
235 0 0 2.28
235 25 57 1.47
235 50 93.75 0.97
235 75 118 4.78
236 0 0 2.28
236 25 57 1.47
236 50 93.75 0.97
236 75 118 4.78
237 0 0 2.28
237 25 57 1.47
237 50 93.75 0.97
237 75 118 4.78
238 0 0 2.28
238 25 57 1.47
238 50 93.75 0.97
238 75 118 4.78
239 0 0 2.28
239 25 57 1.47
239 50 93.75 0.97
239 75 118 4.78
240 0 0 2.28
240 25 57 1.47
240 50 93.75 0.97
240 75 118 4.78
241 0 0 2.28
241 25 57 1.47
241 50 93.75 0.97
241 75 118 4.78
242 0 0 2.28
242 25 57 1.47
242 50 93.75 0.97
242 75 118 4.78
243 0 0 2.28
243 25 57 1.47
243 50 93.75 0.97
243 75 118 4.78
244 0 0 2.28
244 25 57 1.47
244 50 93.75 0.97
244 75 118 4.78
245 0 0 2.28
245 25 57 1.47
245 50 93.75 0.97
245 75 118 4.78
246 0 0 2.28
246 25 57 1.47
246 50 93.75 0.97
246 75 118 4.78
247 0 0 2.28
247 25 57 1.47
247 50 93.75 0.97
247 75 118 4.78
248 0 0 2.28
248 25 57 1.47
248 50 93.75 0.97
248 75 118 4.78
249 0 0 2.28
249 25 57 1.47
249 50 93.75 0.97
249 75 118 4.78
250 0 0 2.28
250 25 57 1.47
250 50 93.75 0.97
250 75 118 4.78
251 0 0 2.28
251 25 57 1.47
251 50 93.75 0.97
251 75 118 4.78
252 0 0 2.28
252 25 57 1.47
252 50 93.75 0.97
252 75 118 4.78
253 0 0 2.28
253 25 57 1.47
253 50 93.75 0.97
253 75 118 4.78
254 0 0 2.28
254 25 57 1.47
254 50 93.75 0.97
254 75 118 4.78
255 0 0 2.28
255 25 57 1.47
255 50 93.75 0.97
255 75 118 4.78
256 0 0 2.28
256 25 57 1.47
256 50 93.75 0.97
256 75 118 4.78
257 0 0 2.28
257 25 57 1.47
257 50 93.75 0.97
257 75 118 4.78
258 0 0 2.28
258 25 57 1.47
258 50 93.75 0.97
258 75 118 4.78
259 0 0 2.28
259 25 57 1.47
259 50 93.75 0.97
259 75 118 4.78
260 0 0 2.28
260 25 57 1.47
260 50 93.75 0.97
260 75 118 4.78
261 0 0 2.28
261 25 57 1.47
261 50 93.75 0.97
261 75 118 4.78
262 0 0 2.28
262 25 57 1.47
262 50 93.75 0.97
262 75 118 4.78
263 0 0 2.28
263 25 57 1.47
263 50 93.75 0.97
263 75 118 4.78
264 0 0 2.28
264 25 57 1.47
264 50 93.75 0.97
264 75 118 4.78
265 0 0 2.28
265 25 57 1.47
265 50 93.75 0.97
265 75 118 4.78
266 0 0 2.28
266 25 57 1.47
266 50 93.75 0.97
266 75 118 4.78
267 0 0 2.28
267 25 57 1.47
267 50 93.75 0.97
267 75 118 4.78
268 0 0 2.28
268 25 57 1.47
268 50 93.75 0.97
268 75 118 4.78
269 0 0 2.28
269 25 57 1.47
269 50 93.75 0.97
269 75 118 4.78
270 0 0 2.28
270 25 57 1.47
270 50 93.75 0.97
270 75 118 4.78
271 0 0 2.28
271 25 57 1.47
271 50 93.75 0.97
271 75 118 4.78
272 0 0 2.28
272 25 57 1.47
272 50 93.75 0.97
272 75 118 4.78
273 0 0 2.28
273 25 57 1.47
273 50 93.75 0.97
273 75 118 4.78
274 0 0 2.28
274 25 57 1.47
274 50 93.75 0.97
274 75 118 4.78
275 0 0 2.28
275 25 57 1.47
275 50 93.75 0.97
275 75 118 4.78
276 0 0 2.28
276 25 57 1.47
276 50 93.75 0.97
276 75 118 4.78
277 0 0 2.28
277 25 57 1.47
277 50 93.75 0.97
277 75 118 4.78
278 0 0 2.28
278 25 57 1.47
278 50 93.75 0.97
278 75 118 4.78
279 0 0 2.28
279 25 57 1.47
279 50 93.75 0.97
279 75 118 4.78
280 0 0 2.28
280 25 57 1.47
280 50 93.75 0.97
280 75 118 4.78
281 0 0 2.28
281 25 57 1.47
281 50 93.75 0.97
281 75 118 4.78
282 0 0 2.28
282 25 57 1.47
282 50 93.75 0.97
282 75 118 4.78
283 0 0 2.28
283 25 57 1.47
283 50 93.75 0.97
283 75 118 4.78
284 0 0 2.28
284 25 57 1.47
284 50 93.75 0.97
284 75 118 4.78
285 0 0 2.28
285 25 57 1.47
285 50 93.75 0.97
285 75 118 4.78
286 0 0 2.28
286 25 57 1.47
286 50 93.75 0.97
286 75 118 4.78
287 0 0 2.28
287 25 57 1.47
287 50 93.75 0.97
287 75 118 4.78
288 0 0 2.28
288 25 57 1.47
288 50 93.75 0.97
288 75 118 4.78
289 0 0 2.28
289 25 57 1.47
289 50 93.75 0.97
289 75 118 4.78
290 0 0 2.28
290 25 57 1.47
290 50 93.75 0.97
290 75 118 4.78
291 0 0 2.28
291 25 57 1.47
291 50 93.75 0.97
291 75 118 4.78
292 0 0 2.28
292 25 57 1.47
292 50 93.75 0.97
292 75 118 4.78
293 0 0 2.28
293 25 57 1.47
293 50 93.75 0.97
293 75 118 4.78
294 0 0 2.28
294 25 57 1.47
294 50 93.75 0.97
294 75 118 4.78
295 0 0 2.28
295 25 57 1.47
295 50 93.75 0.97
295 75 118 4.78
296 0 0 2.28
296 25 57 1.47
296 50 93.75 0.97
296 75 118 4.78
297 0 0 2.28
297 25 57 1.47
297 50 93.75 0.97
297 75 118 4.78
298 0 0 2.28
298 25 57 1.47
298 50 93.75 0.97
298 75 118 4.78
299 0 0 2.28
299 25 57 1.47
299 50 93.75 0.97
299 75 118 4.78
300 0 0 2.28
300 25 57 1.47
300 50 93.75 0.97
300 75 118 4.78
301 0 0 2.28
301 25 57 1.47
301 50 93.75 0.97
301 75 118 4.78
302 0 0 2.28
302 25 57 1.47
302 50 93.75 0.97
302 75 118 4.78
303 0 0 2.28
303 25 57 1.47
303 50 93.75 0.97
303 75 118 4.78
304 0 0 2.28
304 25 57 1.47
304 50 93.75 0.97
304 75 118 4.78
305 0 0 2.28
305 25 57 1.47
305 50 93.75 0.97
305 75 118 4.78
306 0 0 2.28
306 25 57 1.47
306 50 93.75 0.97
306 75 118 4.78
307 0 0 2.28
307 25 57 1.47
307 50 93.75 0.97
307 75 118 4.78
308 0 0 2.28
308 25 57 1.47
308 50 93.75 0.97
308 75 118 4.78
309 0 0 2.28
309 25 57 1.47
309 50 93.75 0.97
309 75 118 4.78
310 0 0 2.28
310 25 57 1.47
310 50 93.75 0.97
310 75 118 4.78
311 0 0 2.28
311 25 57 1.47
311 50 93.75 0.97
311 75 118 4.78
312 0 0 2.28
312 25 57 1.47
312 50 93.75 0.97
312 75 118 4.78
313 0 0 2.28
313 25 57 1.47
313 50 93.75 0.97
313 75 118 4.78
314 0 0 2.28
314 25 57 1.47
314 50 93.75 0.97
314 75 118 4.78
315 0 0 2.28
315 25 57 1.47
315 50 93.75 0.97
315 75 118 4.78
316 0 0 2.28
316 25 57 1.47
316 50 93.75 0.97
316 75 118 4.78
317 0 0 2.28
317 25 57 1.47
317 50 93.75 0.97
317 75 118 4.78
318 0 0 2.28
318 25 57 1.47
318 50 93.75 0.97
318 75 118 4.78
319 0 0 2.28
319 25 57 1.47
319 50 93.75 0.97
319 75 118 4.78
320 0 0 2.28
320 25 57 1.47
320 50 93.75 0.97
320 75 118 4.78
321 0 0 2.28
321 25 57 1.47
321 50 93.75 0.97
321 75 118 4.78
322 0 0 2.28
322 25 57 1.47
322 50 93.75 0.97
322 75 118 4.78
323 0 0 2.28
323 25 57 1.47
323 50 93.75 0.97
323 75 118 4.78
324 0 0 2.28
324 25 57 1.47
324 50 93.75 0.97
324 75 118 4.78
325 0 0 2.28
325 25 57 1.47
325 50 93.75 0.97
325 75 118 4.78
326 0 0 2.28
326 25 57 1.47
326 50 93.75 0.97
326 75 118 4.78
327 0 0 2.28
327 25 57 1.47
327 50 93.75 0.97
327 75 118 4.78
328 0 0 2.28
328 25 57 1.47
328 50 93.75 0.97
328 75 118 4.78
329 0 0 2.28
329 25 57 1.47
329 50 93.75 0.97
329 75 118 4.78
330 0 0 2.28
330 25 57 1.47
330 50 93.75 0.97
330 75 118 4.78
331 0 0 2.28
331 25 57 1.47
331 50 93.75 0.97
331 75 118 4.78
332 0 0 2.28
332 25 57 1.47
332 50 93.75 0.97
332 75 118 4.78
333 0 0 2.28
333 25 57 1.47
333 50 93.75 0.97
333 75 118 4.78
334 0 0 2.28
334 25 57 1.47
334 50 93.75 0.97
334 75 118 4.78
335 0 0 2.28
335 25 57 1.47
335 50 93.75 0.97
335 75 118 4.78
336 0 0 2.28
336 25 57 1.47
336 50 93.75 0.97
336 75 118 4.78
337 0 0 2.28
337 25 57 1.47
337 50 93.75 0.97
337 75 118 4.78
338 0 0 2.28
338 25 57 1.47
338 50 93.75 0.97
338 75 118 4.78
339 0 0 2.28
339 25 57 1.47
339 50 93.75 0.97
339 75 118 4.78
340 0 0 2.28
340 25 57 1.47
340 50 93.75 0.97
340 75 118 4.78
341 0 0 2.28
341 25 57 1.47
341 50 93.75 0.97
341 75 118 4.78
342 0 0 2.28
342 25 57 1.47
342 50 93.75 0.97
342 75 118 4.78
343 0 0 2.28
343 25 57 1.47
343 50 93.75 0.97
343 75 118 4.78
344 0 0 2.28
344 25 57 1.47
344 50 93.75 0.97
344 75 118 4.78
345 0 0 2.28
345 25 57 1.47
345 50 93.75 0.97
345 75 118 4.78
346 0 0 2.28
346 25 57 1.47
346 50 93.75 0.97
346 75 118 4.78
347 0 0 2.28
347 25 57 1.47
347 50 93.75 0.97
347 75 118 4.78
348 0 0 2.28
348 25 57 1.47
348 50 93.75 0.97
348 75 118 4.78
349 0 0 2.28
349 25 57 1.47
349 50 93.75 0.97
349 75 118 4.78
350 0 0 2.28
350 25 57 1.47
350 50 93.75 0.97
350 75 118 4.78
351 0 0 2.28
351 25 57 1.47
351 50 93.75 0.97
351 75 118 4.78
352 0 0 2.28
352 25 57 1.47
352 50 93.75 0.97
352 75 118 4.78
353 0 0 2.28
353 25 57 1.47
353 50 93.75 0.97
353 75 118 4.78
354 0 0 2.28
354 25 57 1.47
354 50 93.75 0.97
354 75 118 4.78
355 0 0 2.28
355 25 57 1.47
355 50 93.75 0.97
355 75 118 4.78
356 0 0 2.28
356 25 57 1.47
356 50 93.75 0.97
356 75 118 4.78
357 0 0 2.28
357 25 57 1.47
357 50 93.75 0.97
357 75 118 4.78
358 0 0 2.28
358 25 57 1.47
358 50 93.75 0.97
358 75 118 4.78
359 0 0 2.28
359 25 57 1.47
359 50 93.75 0.97
359 75 118 4.78
360 0 0 2.28
360 25 57 1.47
360 50 93.75 0.97
360 75 118 4.78
361 0 0 2.28
361 25 57 1.47
361 50 93.75 0.97
361 75 118 4.78
362 0 0 2.28
362 25 57 1.47
362 50 93.75 0.97
362 75 118 4.78
363 0 0 2.28
363 25 57 1.47
363 50 93.75 0.97
363 75 118 4.78
364 0 0 2.28
364 25 57 1.47
364 50 93.75 0.97
364 75 118 4.78
365 0 0 2.28
365 25 57 1.47
365 50 93.75 0.97
365 75 118 4.78
366 0 0 2.28
366 25 57 1.47
366 50 93.75 0.97
366 75 118 4.78
367 0 0 2.28
367 25 57 1.47
367 50 93.75 0.97
367 75 118 4.78
368 0 0 2.28
368 25 57 1.47
368 50 93.75 0.97
368 75 118 4.78
369 0 0 2.28
369 25 57 1.47
369 50 93.75 0.97
369 75 118 4.78
370 0 0 2.28
370 25 57 1.47
370 50 93.75 0.97
370 75 118 4.78
371 0 0 2.28
371 25 57 1.47
371 50 93.75 0.97
371 75 118 4.78
372 0 0 2.28
372 25 57 1.47
372 50 93.75 0.97
372 75 118 4.78
373 0 0 2.28
373 25 57 1.47
373 50 93.75 0.97
373 75 118 4.78
374 0 0 2.28
374 25 57 1.47
374 50 93.75 0.97
374 75 118 4.78
375 0 0 2.28
375 25 57 1.47
375 50 93.75 0.97
375 75 118 4.78
376 0 0 2.28
376 25 57 1.47
376 50 93.75 0.97
376 75 118 4.78
377 0 0 2.28
377 25 57 1.47
377 50 93.75 0.97
377 75 118 4.78
378 0 0 2.28
378 25 57 1.47
378 50 93.75 0.97
378 75 118 4.78
379 0 0 2.28
379 25 57 1.47
379 50 93.75 0.97
379 75 118 4.78
380 0 0 2.28
380 25 57 1.47
380 50 93.75 0.97
380 75 118 4.78
381 0 0 2.28
381 25 57 1.47
381 50 93.75 0.97
381 75 118 4.78
382 0 0 2.28
382 25 57 1.47
382 50 93.75 0.97
382 75 118 4.78
383 0 0 2.28
383 25 57 1.47
383 50 93.75 0.97
383 75 118 4.78
384 0 0 2.28
384 25 57 1.47
384 50 93.75 0.97
384 75 118 4.78
385 0 0 2.28
385 25 57 1.47
385 50 93.75 0.97
385 75 118 4.78
386 0 0 2.28
386 25 57 1.47
386 50 93.75 0.97
386 75 118 4.78
387 0 0 2.28
387 25 57 1.47
387 50 93.75 0.97
387 75 118 4.78
388 0 0 2.28
388 25 57 1.47
388 50 93.75 0.97
388 75 118 4.78
389 0 0 2.28
389 25 57 1.47
389 50 93.75 0.97
389 75 118 4.78
390 0 0 2.28
390 25 57 1.47
390 50 93.75 0.97
390 75 118 4.78
391 0 0 2.28
391 25 57 1.47
391 50 93.75 0.97
391 75 118 4.78
392 0 0 2.28
392 25 57 1.47
392 50 93.75 0.97
392 75 118 4.78
393 0 0 2.28
393 25 57 1.47
393 50 93.75 0.97
393 75 118 4.78
394 0 0 2.28
394 25 57 1.47
394 50 93.75 0.97
394 75 118 4.78
395 0 0 2.28
395 25 57 1.47
395 50 93.75 0.97
395 75 118 4.78
396 0 0 2.28
396 25 57 1.47
396 50 93.75 0.97
396 75 118 4.78
397 0 0 2.28
397 25 57 1.47
397 50 93.75 0.97
397 75 118 4.78
398 0 0 2.28
398 25 57 1.47
398 50 93.75 0.97
398 75 118 4.78
399 0 0 2.28
399 25 57 1.47
399 50 93.75 0.97
399 75 118 4.78
400 0 0 2.28
400 25 57 1.47
400 50 93.75 0.97
400 75 118 4.78
401 0 0 2.28
401 25 57 1.47
401 50 93.75 0.97
401 75 118 4.78
402 0 0 2.28
402 25 57 1.47
402 50 93.75 0.97
402 75 118 4.78
403 0 0 2.28
403 25 57 1.47
403 50 93.75 0.97
403 75 118 4.78
404 0 0 2.28
404 25 57 1.47
404 50 93.75 0.97
404 75 118 4.78
405 0 0 2.28
405 25 57 1.47
405 50 93.75 0.97
405 75 118 4.78
406 0 0 2.28
406 25 57 1.47
406 50 93.75 0.97
406 75 118 4.78
407 0 0 2.28
407 25 57 1.47
407 50 93.75 0.97
407 75 118 4.78
408 0 0 2.28
408 25 57 1.47
408 50 93.75 0.97
408 75 118 4.78
409 0 0 2.28
409 25 57 1.47
409 50 93.75 0.97
409 75 118 4.78
410 0 0 2.28
410 25 57 1.47
410 50 93.75 0.97
410 75 118 4.78
411 0 0 2.28
411 25 57 1.47
411 50 93.75 0.97
411 75 118 4.78
412 0 0 2.28
412 25 57 1.47
412 50 93.75 0.97
412 75 118 4.78
413 0 0 2.28
413 25 57 1.47
413 50 93.75 0.97
413 75 118 4.78
414 0 0 2.28
414 25 57 1.47
414 50 93.75 0.97
414 75 118 4.78
415 0 0 2.28
415 25 57 1.47
415 50 93.75 0.97
415 75 118 4.78
416 0 0 2.28
416 25 57 1.47
416 50 93.75 0.97
416 75 118 4.78
417 0 0 2.28
417 25 57 1.47
417 50 93.75 0.97
417 75 118 4.78
418 0 0 2.28
418 25 57 1.47
418 50 93.75 0.97
418 75 118 4.78
419 0 0 2.28
419 25 57 1.47
419 50 93.75 0.97
419 75 118 4.78
420 0 0 2.28
420 25 57 1.47
420 50 93.75 0.97
420 75 118 4.78
421 0 0 2.28
421 25 57 1.47
421 50 93.75 0.97
421 75 118 4.78
422 0 0 2.28
422 25 57 1.47
422 50 93.75 0.97
422 75 118 4.78
423 0 0 2.28
423 25 57 1.47
423 50 93.75 0.97
423 75 118 4.78
424 0 0 2.28
424 25 57 1.47
424 50 93.75 0.97
424 75 118 4.78
425 0 0 2.28
425 25 57 1.47
425 50 93.75 0.97
425 75 118 4.78
426 0 0 2.28
426 25 57 1.47
426 50 93.75 0.97
426 75 118 4.78
427 0 0 2.28
427 25 57 1.47
427 50 93.75 0.97
427 75 118 4.78
428 0 0 2.28
428 25 57 1.47
428 50 93.75 0.97
428 75 118 4.78
429 0 0 2.28
429 25 57 1.47
429 50 93.75 0.97
429 75 118 4.78
430 0 0 2.28
430 25 57 1.47
430 50 93.75 0.97
430 75 118 4.78
431 0 0 2.28
431 25 57 1.47
431 50 93.75 0.97
431 75 118 4.78
432 0 0 2.28
432 25 57 1.47
432 50 93.75 0.97
432 75 118 4.78
433 0 0 2.28
433 25 57 1.47
433 50 93.75 0.97
433 75 118 4.78
434 0 0 2.28
434 25 57 1.47
434 50 93.75 0.97
434 75 118 4.78
435 0 0 2.28
435 25 57 1.47
435 50 93.75 0.97
435 75 118 4.78
436 0 0 2.28
436 25 57 1.47
436 50 93.75 0.97
436 75 118 4.78
437 0 0 2.28
437 25 57 1.47
437 50 93.75 0.97
437 75 118 4.78
438 0 0 2.28
438 25 57 1.47
438 50 93.75 0.97
438 75 118 4.78
439 0 0 2.28
439 25 57 1.47
439 50 93.75 0.97
439 75 118 4.78
440 0 0 2.28
440 25 57 1.47
440 50 93.75 0.97
440 75 118 4.78
441 0 0 2.28
441 25 57 1.47
441 50 93.75 0.97
441 75 118 4.78
442 0 0 2.28
442 25 57 1.47
442 50 93.75 0.97
442 75 118 4.78
443 0 0 2.28
443 25 57 1.47
443 50 93.75 0.97
443 75 118 4.78
444 0 0 2.28
444 25 57 1.47
444 50 93.75 0.97
444 75 118 4.78
445 0 0 2.28
445 25 57 1.47
445 50 93.75 0.97
445 75 118 4.78
446 0 0 2.28
446 25 57 1.47
446 50 93.75 0.97
446 75 118 4.78
447 0 0 2.28
447 25 57 1.47
447 50 93.75 0.97
447 75 118 4.78
448 0 0 2.28
448 25 57 1.47
448 50 93.75 0.97
448 75 118 4.78
449 0 0 2.28
449 25 57 1.47
449 50 93.75 0.97
449 75 118 4.78
450 0 0 2.28
450 25 57 1.47
450 50 93.75 0.97
450 75 118 4.78
451 0 0 2.28
451 25 57 1.47
451 50 93.75 0.97
451 75 118 4.78
452 0 0 2.28
452 25 57 1.47
452 50 93.75 0.97
452 75 118 4.78
453 0 0 2.28
453 25 57 1.47
453 50 93.75 0.97
453 75 118 4.78
454 0 0 2.28
454 25 57 1.47
454 50 93.75 0.97
454 75 118 4.78
455 0 0 2.28
455 25 57 1.47
455 50 93.75 0.97
455 75 118 4.78
456 0 0 2.28
456 25 57 1.47
456 50 93.75 0.97
456 75 118 4.78
457 0 0 2.28
457 25 57 1.47
457 50 93.75 0.97
457 75 118 4.78
458 0 0 2.28
458 25 57 1.47
458 50 93.75 0.97
458 75 118 4.78
459 0 0 2.28
459 25 57 1.47
459 50 93.75 0.97
459 75 118 4.78
460 0 0 2.28
460 25 57 1.47
460 50 93.75 0.97
460 75 118 4.78
461 0 0 2.28
461 25 57 1.47
461 50 93.75 0.97
461 75 118 4.78
462 0 0 2.28
462 25 57 1.47
462 50 93.75 0.97
462 75 118 4.78
463 0 0 2.28
463 25 57 1.47
463 50 93.75 0.97
463 75 118 4.78
464 0 0 2.28
464 25 57 1.47
464 50 93.75 0.97
464 75 118 4.78
465 0 0 2.28
465 25 57 1.47
465 50 93.75 0.97
465 75 118 4.78
466 0 0 2.28
466 25 57 1.47
466 50 93.75 0.97
466 75 118 4.78
467 0 0 2.28
467 25 57 1.47
467 50 93.75 0.97
467 75 118 4.78
468 0 0 2.28
468 25 57 1.47
468 50 93.75 0.97
468 75 118 4.78
469 0 0 2.28
469 25 57 1.47
469 50 93.75 0.97
469 75 118 4.78
470 0 0 2.28
470 25 57 1.47
470 50 93.75 0.97
470 75 118 4.78
471 0 0 2.28
471 25 57 1.47
471 50 93.75 0.97
471 75 118 4.78
472 0 0 2.28
472 25 57 1.47
472 50 93.75 0.97
472 75 118 4.78
473 0 0 2.28
473 25 57 1.47
473 50 93.75 0.97
473 75 118 4.78
474 0 0 2.28
474 25 57 1.47
474 50 93.75 0.97
474 75 118 4.78
475 0 0 2.28
475 25 57 1.47
475 50 93.75 0.97
475 75 118 4.78
476 0 0 2.28
476 25 57 1.47
476 50 93.75 0.97
476 75 118 4.78
477 0 0 2.28
477 25 57 1.47
477 50 93.75 0.97
477 75 118 4.78
478 0 0 2.28
478 25 57 1.47
478 50 93.75 0.97
478 75 118 4.78
479 0 0 2.28
479 25 57 1.47
479 50 93.75 0.97
479 75 118 4.78
480 0 0 2.28
480 25 57 1.47
480 50 93.75 0.97
480 75 118 4.78
481 0 0 2.28
481 25 57 1.47
481 50 93.75 0.97
481 75 118 4.78
482 0 0 2.28
482 25 57 1.47
482 50 93.75 0.97
482 75 118 4.78
483 0 0 2.28
483 25 57 1.47
483 50 93.75 0.97
483 75 118 4.78
484 0 0 2.28
484 25 57 1.47
484 50 93.75 0.97
484 75 118 4.78
485 0 0 2.28
485 25 57 1.47
485 50 93.75 0.97
485 75 118 4.78
486 0 0 2.28
486 25 57 1.47
486 50 93.75 0.97
486 75 118 4.78
487 0 0 2.28
487 25 57 1.47
487 50 93.75 0.97
487 75 118 4.78
488 0 0 2.28
488 25 57 1.47
488 50 93.75 0.97
488 75 118 4.78
489 0 0 2.28
489 25 57 1.47
489 50 93.75 0.97
489 75 118 4.78
490 0 0 2.28
490 25 57 1.47
490 50 93.75 0.97
490 75 118 4.78
491 0 0 2.28
491 25 57 1.47
491 50 93.75 0.97
491 75 118 4.78
492 0 0 2.28
492 25 57 1.47
492 50 93.75 0.97
492 75 118 4.78
493 0 0 2.28
493 25 57 1.47
493 50 93.75 0.97
493 75 118 4.78
494 0 0 2.28
494 25 57 1.47
494 50 93.75 0.97
494 75 118 4.78
495 0 0 2.28
495 25 57 1.47
495 50 93.75 0.97
495 75 118 4.78
496 0 0 2.28
496 25 57 1.47
496 50 93.75 0.97
496 75 118 4.78
497 0 0 2.28
497 25 57 1.47
497 50 93.75 0.97
497 75 118 4.78
498 0 0 2.28
498 25 57 1.47
498 50 93.75 0.97
498 75 118 4.78
499 0 0 2.28
499 25 57 1.47
499 50 93.75 0.97
499 75 118 4.78
500 0 0 2.28
500 25 57 1.47
500 50 93.75 0.97
500 75 118 4.78
501 0 0 2.28
501 25 57 1.47
501 50 93.75 0.97
501 75 118 4.78
502 0 0 2.28
502 25 57 1.47
502 50 93.75 0.97
502 75 118 4.78
503 0 0 2.28
503 25 57 1.47
503 50 93.75 0.97
503 75 118 4.78
504 0 0 2.28
504 25 57 1.47
504 50 93.75 0.97
504 75 118 4.78
505 0 0 2.28
505 25 57 1.47
505 50 93.75 0.97
505 75 118 4.78
506 0 0 2.28
506 25 57 1.47
506 50 93.75 0.97
506 75 118 4.78
507 0 0 2.28
507 25 57 1.47
507 50 93.75 0.97
507 75 118 4.78
508 0 0 2.28
508 25 57 1.47
508 50 93.75 0.97
508 75 118 4.78
509 0 0 2.28
509 25 57 1.47
509 50 93.75 0.97
509 75 118 4.78
510 0 0 2.28
510 25 57 1.47
510 50 93.75 0.97
510 75 118 4.78
511 0 0 2.28
511 25 57 1.47
511 50 93.75 0.97
511 75 118 4.78
512 0 0 2.28
512 25 57 1.47
512 50 93.75 0.97
512 75 118 4.78
513 0 0 2.28
513 25 57 1.47
513 50 93.75 0.97
513 75 118 4.78
514 0 0 2.28
514 25 57 1.47
514 50 93.75 0.97
514 75 118 4.78
515 0 0 2.28
515 25 57 1.47
515 50 93.75 0.97
515 75 118 4.78
516 0 0 2.28
516 25 57 1.47
516 50 93.75 0.97
516 75 118 4.78
517 0 0 2.28
517 25 57 1.47
517 50 93.75 0.97
517 75 118 4.78
518 0 0 2.28
518 25 57 1.47
518 50 93.75 0.97
518 75 118 4.78
519 0 0 2.28
519 25 57 1.47
519 50 93.75 0.97
519 75 118 4.78
520 0 0 2.28
520 25 57 1.47
520 50 93.75 0.97
520 75 118 4.78
521 0 0 2.28
521 25 57 1.47
521 50 93.75 0.97
521 75 118 4.78
522 0 0 2.28
522 25 57 1.47
522 50 93.75 0.97
522 75 118 4.78
523 0 0 2.28
523 25 57 1.47
523 50 93.75 0.97
523 75 118 4.78
524 0 0 2.28
524 25 57 1.47
524 50 93.75 0.97
524 75 118 4.78
525 0 0 2.28
525 25 57 1.47
525 50 93.75 0.97
525 75 118 4.78
526 0 0 2.28
526 25 57 1.47
526 50 93.75 0.97
526 75 118 4.78
527 0 0 2.28
527 25 57 1.47
527 50 93.75 0.97
527 75 118 4.78
528 0 0 2.28
528 25 57 1.47
528 50 93.75 0.97
528 75 118 4.78
529 0 0 2.28
529 25 57 1.47
529 50 93.75 0.97
529 75 118 4.78
530 0 0 2.28
530 25 57 1.47
530 50 93.75 0.97
530 75 118 4.78
531 0 0 2.28
531 25 57 1.47
531 50 93.75 0.97
531 75 118 4.78
532 0 0 2.28
532 25 57 1.47
532 50 93.75 0.97
532 75 118 4.78
533 0 0 2.28
533 25 57 1.47
533 50 93.75 0.97
533 75 118 4.78
534 0 0 2.28
534 25 57 1.47
534 50 93.75 0.97
534 75 118 4.78
535 0 0 2.28
535 25 57 1.47
535 50 93.75 0.97
535 75 118 4.78
536 0 0 2.28
536 25 57 1.47
536 50 93.75 0.97
536 75 118 4.78
537 0 0 2.28
537 25 57 1.47
537 50 93.75 0.97
537 75 118 4.78
538 0 0 2.28
538 25 57 1.47
538 50 93.75 0.97
538 75 118 4.78
539 0 0 2.28
539 25 57 1.47
539 50 93.75 0.97
539 75 118 4.78
540 0 0 2.28
540 25 57 1.47
540 50 93.75 0.97
540 75 118 4.78
541 0 0 2.28
541 25 57 1.47
541 50 93.75 0.97
541 75 118 4.78
542 0 0 2.28
542 25 57 1.47
542 50 93.75 0.97
542 75 118 4.78
543 0 0 2.28
543 25 57 1.47
543 50 93.75 0.97
543 75 118 4.78
544 0 0 2.28
544 25 57 1.47
544 50 93.75 0.97
544 75 118 4.78
545 0 0 2.28
545 25 57 1.47
545 50 93.75 0.97
545 75 118 4.78
546 0 0 2.28
546 25 57 1.47
546 50 93.75 0.97
546 75 118 4.78
547 0 0 2.28
547 25 57 1.47
547 50 93.75 0.97
547 75 118 4.78
548 0 0 2.28
548 25 57 1.47
548 50 93.75 0.97
548 75 118 4.78
549 0 0 2.28
549 25 57 1.47
549 50 93.75 0.97
549 75 118 4.78
550 0 0 2.28
550 25 57 1.47
550 50 93.75 0.97
550 75 118 4.78
551 0 0 2.28
551 25 57 1.47
551 50 93.75 0.97
551 75 118 4.78
552 0 0 2.28
552 25 57 1.47
552 50 93.75 0.97
552 75 118 4.78
553 0 0 2.28
553 25 57 1.47
553 50 93.75 0.97
553 75 118 4.78
554 0 0 2.28
554 25 57 1.47
554 50 93.75 0.97
554 75 118 4.78
555 0 0 2.28
555 25 57 1.47
555 50 93.75 0.97
555 75 118 4.78
556 0 0 2.28
556 25 57 1.47
556 50 93.75 0.97
556 75 118 4.78
557 0 0 2.28
557 25 57 1.47
557 50 93.75 0.97
557 75 118 4.78
558 0 0 2.28
558 25 57 1.47
558 50 93.75 0.97
558 75 118 4.78
559 0 0 2.28
559 25 57 1.47
559 50 93.75 0.97
559 75 118 4.78
560 0 0 2.28
560 25 57 1.47
560 50 93.75 0.97
560 75 118 4.78
561 0 0 2.28
561 25 57 1.47
561 50 93.75 0.97
561 75 118 4.78
562 0 0 2.28
562 25 57 1.47
562 50 93.75 0.97
562 75 118 4.78
563 0 0 2.28
563 25 57 1.47
563 50 93.75 0.97
563 75 118 4.78
564 0 0 2.28
564 25 57 1.47
564 50 93.75 0.97
564 75 118 4.78
565 0 0 2.28
565 25 57 1.47
565 50 93.75 0.97
565 75 118 4.78
566 0 0 2.28
566 25 57 1.47
566 50 93.75 0.97
566 75 118 4.78
567 0 0 2.28
567 25 57 1.47
567 50 93.75 0.97
567 75 118 4.78
568 0 0 2.28
568 25 57 1.47
568 50 93.75 0.97
568 75 118 4.78
569 0 0 2.28
569 25 57 1.47
569 50 93.75 0.97
569 75 118 4.78
570 0 0 2.28
570 25 57 1.47
570 50 93.75 0.97
570 75 118 4.78
571 0 0 2.28
571 25 57 1.47
571 50 93.75 0.97
571 75 118 4.78
572 0 0 2.28
572 25 57 1.47
572 50 93.75 0.97
572 75 118 4.78
573 0 0 2.28
573 25 57 1.47
573 50 93.75 0.97
573 75 118 4.78
574 0 0 2.28
574 25 57 1.47
574 50 93.75 0.97
574 75 118 4.78
575 0 0 2.28
575 25 57 1.47
575 50 93.75 0.97
575 75 118 4.78
576 0 0 2.28
576 25 57 1.47
576 50 93.75 0.97
576 75 118 4.78
577 0 0 2.28
577 25 57 1.47
577 50 93.75 0.97
577 75 118 4.78
578 0 0 2.28
578 25 57 1.47
578 50 93.75 0.97
578 75 118 4.78
579 0 0 2.28
579 25 57 1.47
579 50 93.75 0.97
579 75 118 4.78
580 0 0 2.28
580 25 57 1.47
580 50 93.75 0.97
580 75 118 4.78
581 0 0 2.28
581 25 57 1.47
581 50 93.75 0.97
581 75 118 4.78
582 0 0 2.28
582 25 57 1.47
582 50 93.75 0.97
582 75 118 4.78
583 0 0 2.28
583 25 57 1.47
583 50 93.75 0.97
583 75 118 4.78
584 0 0 2.28
584 25 57 1.47
584 50 93.75 0.97
584 75 118 4.78
585 0 0 2.28
585 25 57 1.47
585 50 93.75 0.97
585 75 118 4.78
586 0 0 2.28
586 25 57 1.47
586 50 93.75 0.97
586 75 118 4.78
587 0 0 2.28
587 25 57 1.47
587 50 93.75 0.97
587 75 118 4.78
588 0 0 2.28
588 25 57 1.47
588 50 93.75 0.97
588 75 118 4.78
589 0 0 2.28
589 25 57 1.47
589 50 93.75 0.97
589 75 118 4.78
590 0 0 2.28
590 25 57 1.47
590 50 93.75 0.97
590 75 118 4.78
591 0 0 2.28
591 25 57 1.47
591 50 93.75 0.97
591 75 118 4.78
592 0 0 2.28
592 25 57 1.47
592 50 93.75 0.97
592 75 118 4.78
593 0 0 2.28
593 25 57 1.47
593 50 93.75 0.97
593 75 118 4.78
594 0 0 2.28
594 25 57 1.47
594 50 93.75 0.97
594 75 118 4.78
595 0 0 2.28
595 25 57 1.47
595 50 93.75 0.97
595 75 118 4.78
596 0 0 2.28
596 25 57 1.47
596 50 93.75 0.97
596 75 118 4.78
597 0 0 2.28
597 25 57 1.47
597 50 93.75 0.97
597 75 118 4.78
598 0 0 2.28
598 25 57 1.47
598 50 93.75 0.97
598 75 118 4.78
599 0 0 2.28
599 25 57 1.47
599 50 93.75 0.97
599 75 118 4.78
600 0 0 2.28
600 25 57 1.47
600 50 93.75 0.97
600 75 118 4.78
601 0 0 2.28
601 25 57 1.47
601 50 93.75 0.97
601 75 118 4.78
602 0 0 2.28
602 25 57 1.47
602 50 93.75 0.97
602 75 118 4.78
603 0 0 2.28
603 25 57 1.47
603 50 93.75 0.97
603 75 118 4.78
604 0 0 2.28
604 25 57 1.47
604 50 93.75 0.97
604 75 118 4.78
605 0 0 2.28
605 25 57 1.47
605 50 93.75 0.97
605 75 118 4.78
606 0 0 2.28
606 25 57 1.47
606 50 93.75 0.97
606 75 118 4.78
607 0 0 2.28
607 25 57 1.47
607 50 93.75 0.97
607 75 118 4.78
608 0 0 2.28
608 25 57 1.47
608 50 93.75 0.97
608 75 118 4.78
609 0 0 2.28
609 25 57 1.47
609 50 93.75 0.97
609 75 118 4.78
610 0 0 2.28
610 25 57 1.47
610 50 93.75 0.97
610 75 118 4.78
611 0 0 2.28
611 25 57 1.47
611 50 93.75 0.97
611 75 118 4.78
612 0 0 2.28
612 25 57 1.47
612 50 93.75 0.97
612 75 118 4.78
613 0 0 2.28
613 25 57 1.47
613 50 93.75 0.97
613 75 118 4.78
614 0 0 2.28
614 25 57 1.47
614 50 93.75 0.97
614 75 118 4.78
615 0 0 2.28
615 25 57 1.47
615 50 93.75 0.97
615 75 118 4.78
616 0 0 2.28
616 25 57 1.47
616 50 93.75 0.97
616 75 118 4.78
617 0 0 2.28
617 25 57 1.47
617 50 93.75 0.97
617 75 118 4.78
618 0 0 2.28
618 25 57 1.47
618 50 93.75 0.97
618 75 118 4.78
619 0 0 2.28
619 25 57 1.47
619 50 93.75 0.97
619 75 118 4.78
620 0 0 2.28
620 25 57 1.47
620 50 93.75 0.97
620 75 118 4.78
621 0 0 2.28
621 25 57 1.47
621 50 93.75 0.97
621 75 118 4.78
622 0 0 2.28
622 25 57 1.47
622 50 93.75 0.97
622 75 118 4.78
623 0 0 2.28
623 25 57 1.47
623 50 93.75 0.97
623 75 118 4.78
624 0 0 2.28
624 25 57 1.47
624 50 93.75 0.97
624 75 118 4.78
625 0 0 2.28
625 25 57 1.47
625 50 93.75 0.97
625 75 118 4.78
626 0 0 2.28
626 25 57 1.47
626 50 93.75 0.97
626 75 118 4.78
627 0 0 2.28
627 25 57 1.47
627 50 93.75 0.97
627 75 118 4.78
628 0 0 2.28
628 25 57 1.47
628 50 93.75 0.97
628 75 118 4.78
629 0 0 2.28
629 25 57 1.47
629 50 93.75 0.97
629 75 118 4.78
630 0 0 2.28
630 25 57 1.47
630 50 93.75 0.97
630 75 118 4.78
631 0 0 2.28
631 25 57 1.47
631 50 93.75 0.97
631 75 118 4.78
632 0 0 2.28
632 25 57 1.47
632 50 93.75 0.97
632 75 118 4.78
633 0 0 2.28
633 25 57 1.47
633 50 93.75 0.97
633 75 118 4.78
634 0 0 2.28
634 25 57 1.47
634 50 93.75 0.97
634 75 118 4.78
635 0 0 2.28
635 25 57 1.47
635 50 93.75 0.97
635 75 118 4.78
636 0 0 2.28
636 25 57 1.47
636 50 93.75 0.97
636 75 118 4.78
637 0 0 2.28
637 25 57 1.47
637 50 93.75 0.97
637 75 118 4.78
638 0 0 2.28
638 25 57 1.47
638 50 93.75 0.97
638 75 118 4.78
639 0 0 2.28
639 25 57 1.47
639 50 93.75 0.97
639 75 118 4.78
640 0 0 2.28
640 25 57 1.47
640 50 93.75 0.97
640 75 118 4.78
641 0 0 2.28
641 25 57 1.47
641 50 93.75 0.97
641 75 118 4.78
642 0 0 2.28
642 25 57 1.47
642 50 93.75 0.97
642 75 118 4.78
643 0 0 2.28
643 25 57 1.47
643 50 93.75 0.97
643 75 118 4.78
644 0 0 2.28
644 25 57 1.47
644 50 93.75 0.97
644 75 118 4.78
645 0 0 2.28
645 25 57 1.47
645 50 93.75 0.97
645 75 118 4.78
646 0 0 2.28
646 25 57 1.47
646 50 93.75 0.97
646 75 118 4.78
647 0 0 2.28
647 25 57 1.47
647 50 93.75 0.97
647 75 118 4.78
648 0 0 2.28
648 25 57 1.47
648 50 93.75 0.97
648 75 118 4.78
649 0 0 2.28
649 25 57 1.47
649 50 93.75 0.97
649 75 118 4.78
650 0 0 2.28
650 25 57 1.47
650 50 93.75 0.97
650 75 118 4.78
651 0 0 2.28
651 25 57 1.47
651 50 93.75 0.97
651 75 118 4.78
652 0 0 2.28
652 25 57 1.47
652 50 93.75 0.97
652 75 118 4.78
653 0 0 2.28
653 25 57 1.47
653 50 93.75 0.97
653 75 118 4.78
654 0 0 2.28
654 25 57 1.47
654 50 93.75 0.97
654 75 118 4.78
655 0 0 2.28
655 25 57 1.47
655 50 93.75 0.97
655 75 118 4.78
656 0 0 2.28
656 25 57 1.47
656 50 93.75 0.97
656 75 118 4.78
657 0 0 2.28
657 25 57 1.47
657 50 93.75 0.97
657 75 118 4.78
658 0 0 2.28
658 25 57 1.47
658 50 93.75 0.97
658 75 118 4.78
659 0 0 2.28
659 25 57 1.47
659 50 93.75 0.97
659 75 118 4.78
660 0 0 2.28
660 25 57 1.47
660 50 93.75 0.97
660 75 118 4.78
661 0 0 2.28
661 25 57 1.47
661 50 93.75 0.97
661 75 118 4.78
662 0 0 2.28
662 25 57 1.47
662 50 93.75 0.97
662 75 118 4.78
663 0 0 2.28
663 25 57 1.47
663 50 93.75 0.97
663 75 118 4.78
664 0 0 2.28
664 25 57 1.47
664 50 93.75 0.97
664 75 118 4.78
665 0 0 2.28
665 25 57 1.47
665 50 93.75 0.97
665 75 118 4.78
666 0 0 2.28
666 25 57 1.47
666 50 93.75 0.97
666 75 118 4.78
667 0 0 2.28
667 25 57 1.47
667 50 93.75 0.97
667 75 118 4.78
668 0 0 2.28
668 25 57 1.47
668 50 93.75 0.97
668 75 118 4.78
669 0 0 2.28
669 25 57 1.47
669 50 93.75 0.97
669 75 118 4.78
670 0 0 2.28
670 25 57 1.47
670 50 93.75 0.97
670 75 118 4.78
671 0 0 2.28
671 25 57 1.47
671 50 93.75 0.97
671 75 118 4.78
672 0 0 2.28
672 25 57 1.47
672 50 93.75 0.97
672 75 118 4.78
673 0 0 2.28
673 25 57 1.47
673 50 93.75 0.97
673 75 118 4.78
674 0 0 2.28
674 25 57 1.47
674 50 93.75 0.97
674 75 118 4.78
675 0 0 2.28
675 25 57 1.47
675 50 93.75 0.97
675 75 118 4.78
676 0 0 2.28
676 25 57 1.47
676 50 93.75 0.97
676 75 118 4.78
677 0 0 2.28
677 25 57 1.47
677 50 93.75 0.97
677 75 118 4.78
678 0 0 2.28
678 25 57 1.47
678 50 93.75 0.97
678 75 118 4.78
679 0 0 2.28
679 25 57 1.47
679 50 93.75 0.97
679 75 118 4.78
680 0 0 2.28
680 25 57 1.47
680 50 93.75 0.97
680 75 118 4.78
681 0 0 2.28
681 25 57 1.47
681 50 93.75 0.97
681 75 118 4.78
682 0 0 2.28
682 25 57 1.47
682 50 93.75 0.97
682 75 118 4.78
683 0 0 2.28
683 25 57 1.47
683 50 93.75 0.97
683 75 118 4.78
684 0 0 2.28
684 25 57 1.47
684 50 93.75 0.97
684 75 118 4.78
685 0 0 2.28
685 25 57 1.47
685 50 93.75 0.97
685 75 118 4.78
686 0 0 2.28
686 25 57 1.47
686 50 93.75 0.97
686 75 118 4.78
687 0 0 2.28
687 25 57 1.47
687 50 93.75 0.97
687 75 118 4.78
688 0 0 2.28
688 25 57 1.47
688 50 93.75 0.97
688 75 118 4.78
689 0 0 2.28
689 25 57 1.47
689 50 93.75 0.97
689 75 118 4.78
690 0 0 2.28
690 25 57 1.47
690 50 93.75 0.97
690 75 118 4.78
691 0 0 2.28
691 25 57 1.47
691 50 93.75 0.97
691 75 118 4.78
692 0 0 2.28
692 25 57 1.47
692 50 93.75 0.97
692 75 118 4.78
693 0 0 2.28
693 25 57 1.47
693 50 93.75 0.97
693 75 118 4.78
694 0 0 2.28
694 25 57 1.47
694 50 93.75 0.97
694 75 118 4.78
695 0 0 2.28
695 25 57 1.47
695 50 93.75 0.97
695 75 118 4.78
696 0 0 2.28
696 25 57 1.47
696 50 93.75 0.97
696 75 118 4.78
697 0 0 2.28
697 25 57 1.47
697 50 93.75 0.97
697 75 118 4.78
698 0 0 2.28
698 25 57 1.47
698 50 93.75 0.97
698 75 118 4.78
699 0 0 2.28
699 25 57 1.47
699 50 93.75 0.97
699 75 118 4.78
700 0 0 2.28
700 25 57 1.47
700 50 93.75 0.97
700 75 118 4.78
701 0 0 2.28
701 25 57 1.47
701 50 93.75 0.97
701 75 118 4.78
702 0 0 2.28
702 25 57 1.47
702 50 93.75 0.97
702 75 118 4.78
703 0 0 2.28
703 25 57 1.47
703 50 93.75 0.97
703 75 118 4.78
704 0 0 2.28
704 25 57 1.47
704 50 93.75 0.97
704 75 118 4.78
705 0 0 2.28
705 25 57 1.47
705 50 93.75 0.97
705 75 118 4.78
706 0 0 2.28
706 25 57 1.47
706 50 93.75 0.97
706 75 118 4.78
707 0 0 2.28
707 25 57 1.47
707 50 93.75 0.97
707 75 118 4.78
708 0 0 2.28
708 25 57 1.47
708 50 93.75 0.97
708 75 118 4.78
709 0 0 2.28
709 25 57 1.47
709 50 93.75 0.97
709 75 118 4.78
710 0 0 2.28
710 25 57 1.47
710 50 93.75 0.97
710 75 118 4.78
711 0 0 2.28
711 25 57 1.47
711 50 93.75 0.97
711 75 118 4.78
712 0 0 2.28
712 25 57 1.47
712 50 93.75 0.97
712 75 118 4.78
713 0 0 2.28
713 25 57 1.47
713 50 93.75 0.97
713 75 118 4.78
714 0 0 2.28
714 25 57 1.47
714 50 93.75 0.97
714 75 118 4.78
715 0 0 2.28
715 25 57 1.47
715 50 93.75 0.97
715 75 118 4.78
716 0 0 2.28
716 25 57 1.47
716 50 93.75 0.97
716 75 118 4.78
717 0 0 2.28
717 25 57 1.47
717 50 93.75 0.97
717 75 118 4.78
718 0 0 2.28
718 25 57 1.47
718 50 93.75 0.97
718 75 118 4.78
719 0 0 2.28
719 25 57 1.47
719 50 93.75 0.97
719 75 118 4.78
720 0 0 2.28
720 25 57 1.47
720 50 93.75 0.97
720 75 118 4.78
721 0 0 2.28
721 25 57 1.47
721 50 93.75 0.97
721 75 118 4.78
722 0 0 2.28
722 25 57 1.47
722 50 93.75 0.97
722 75 118 4.78
723 0 0 2.28
723 25 57 1.47
723 50 93.75 0.97
723 75 118 4.78
724 0 0 2.28
724 25 57 1.47
724 50 93.75 0.97
724 75 118 4.78
725 0 0 2.28
725 25 57 1.47
725 50 93.75 0.97
725 75 118 4.78
726 0 0 2.28
726 25 57 1.47
726 50 93.75 0.97
726 75 118 4.78
727 0 0 2.28
727 25 57 1.47
727 50 93.75 0.97
727 75 118 4.78
728 0 0 2.28
728 25 57 1.47
728 50 93.75 0.97
728 75 118 4.78
729 0 0 2.28
729 25 57 1.47
729 50 93.75 0.97
729 75 118 4.78
730 0 0 2.28
730 25 57 1.47
730 50 93.75 0.97
730 75 118 4.78
731 0 0 2.28
731 25 57 1.47
731 50 93.75 0.97
731 75 118 4.78
732 0 0 2.28
732 25 57 1.47
732 50 93.75 0.97
732 75 118 4.78
733 0 0 2.28
733 25 57 1.47
733 50 93.75 0.97
733 75 118 4.78
734 0 0 2.28
734 25 57 1.47
734 50 93.75 0.97
734 75 118 4.78
735 0 0 2.28
735 25 57 1.47
735 50 93.75 0.97
735 75 118 4.78
736 0 0 2.28
736 25 57 1.47
736 50 93.75 0.97
736 75 118 4.78
737 0 0 2.28
737 25 57 1.47
737 50 93.75 0.97
737 75 118 4.78
738 0 0 2.28
738 25 57 1.47
738 50 93.75 0.97
738 75 118 4.78
739 0 0 2.28
739 25 57 1.47
739 50 93.75 0.97
739 75 118 4.78
740 0 0 2.28
740 25 57 1.47
740 50 93.75 0.97
740 75 118 4.78
741 0 0 2.28
741 25 57 1.47
741 50 93.75 0.97
741 75 118 4.78
742 0 0 2.28
742 25 57 1.47
742 50 93.75 0.97
742 75 118 4.78
743 0 0 2.28
743 25 57 1.47
743 50 93.75 0.97
743 75 118 4.78
744 0 0 2.28
744 25 57 1.47
744 50 93.75 0.97
744 75 118 4.78
745 0 0 2.28
745 25 57 1.47
745 50 93.75 0.97
745 75 118 4.78
746 0 0 2.28
746 25 57 1.47
746 50 93.75 0.97
746 75 118 4.78
747 0 0 2.28
747 25 57 1.47
747 50 93.75 0.97
747 75 118 4.78
748 0 0 2.28
748 25 57 1.47
748 50 93.75 0.97
748 75 118 4.78
749 0 0 2.28
749 25 57 1.47
749 50 93.75 0.97
749 75 118 4.78
750 0 0 2.28
750 25 57 1.47
750 50 93.75 0.97
750 75 118 4.78
751 0 0 2.28
751 25 57 1.47
751 50 93.75 0.97
751 75 118 4.78
752 0 0 2.28
752 25 57 1.47
752 50 93.75 0.97
752 75 118 4.78
753 0 0 2.28
753 25 57 1.47
753 50 93.75 0.97
753 75 118 4.78
754 0 0 2.28
754 25 57 1.47
754 50 93.75 0.97
754 75 118 4.78
755 0 0 2.28
755 25 57 1.47
755 50 93.75 0.97
755 75 118 4.78
756 0 0 2.28
756 25 57 1.47
756 50 93.75 0.97
756 75 118 4.78
757 0 0 2.28
757 25 57 1.47
757 50 93.75 0.97
757 75 118 4.78
758 0 0 2.28
758 25 57 1.47
758 50 93.75 0.97
758 75 118 4.78
759 0 0 2.28
759 25 57 1.47
759 50 93.75 0.97
759 75 118 4.78
760 0 0 2.28
760 25 57 1.47
760 50 93.75 0.97
760 75 118 4.78
761 0 0 2.28
761 25 57 1.47
761 50 93.75 0.97
761 75 118 4.78
762 0 0 2.28
762 25 57 1.47
762 50 93.75 0.97
762 75 118 4.78
763 0 0 2.28
763 25 57 1.47
763 50 93.75 0.97
763 75 118 4.78
764 0 0 2.28
764 25 57 1.47
764 50 93.75 0.97
764 75 118 4.78
765 0 0 2.28
765 25 57 1.47
765 50 93.75 0.97
765 75 118 4.78
766 0 0 2.28
766 25 57 1.47
766 50 93.75 0.97
766 75 118 4.78
767 0 0 2.28
767 25 57 1.47
767 50 93.75 0.97
767 75 118 4.78
768 0 0 2.28
768 25 57 1.47
768 50 93.75 0.97
768 75 118 4.78
769 0 0 2.28
769 25 57 1.47
769 50 93.75 0.97
769 75 118 4.78
770 0 0 2.28
770 25 57 1.47
770 50 93.75 0.97
770 75 118 4.78
771 0 0 2.28
771 25 57 1.47
771 50 93.75 0.97
771 75 118 4.78
772 0 0 2.28
772 25 57 1.47
772 50 93.75 0.97
772 75 118 4.78
773 0 0 2.28
773 25 57 1.47
773 50 93.75 0.97
773 75 118 4.78
774 0 0 2.28
774 25 57 1.47
774 50 93.75 0.97
774 75 118 4.78
775 0 0 2.28
775 25 57 1.47
775 50 93.75 0.97
775 75 118 4.78
776 0 0 2.28
776 25 57 1.47
776 50 93.75 0.97
776 75 118 4.78
777 0 0 2.28
777 25 57 1.47
777 50 93.75 0.97
777 75 118 4.78
778 0 0 2.28
778 25 57 1.47
778 50 93.75 0.97
778 75 118 4.78
779 0 0 2.28
779 25 57 1.47
779 50 93.75 0.97
779 75 118 4.78
780 0 0 2.28
780 25 57 1.47
780 50 93.75 0.97
780 75 118 4.78
781 0 0 2.28
781 25 57 1.47
781 50 93.75 0.97
781 75 118 4.78
782 0 0 2.28
782 25 57 1.47
782 50 93.75 0.97
782 75 118 4.78
783 0 0 2.28
783 25 57 1.47
783 50 93.75 0.97
783 75 118 4.78
784 0 0 2.28
784 25 57 1.47
784 50 93.75 0.97
784 75 118 4.78
785 0 0 2.28
785 25 57 1.47
785 50 93.75 0.97
785 75 118 4.78
786 0 0 2.28
786 25 57 1.47
786 50 93.75 0.97
786 75 118 4.78
787 0 0 2.28
787 25 57 1.47
787 50 93.75 0.97
787 75 118 4.78
788 0 0 2.28
788 25 57 1.47
788 50 93.75 0.97
788 75 118 4.78
789 0 0 2.28
789 25 57 1.47
789 50 93.75 0.97
789 75 118 4.78
790 0 0 2.28
790 25 57 1.47
790 50 93.75 0.97
790 75 118 4.78
791 0 0 2.28
791 25 57 1.47
791 50 93.75 0.97
791 75 118 4.78
792 0 0 2.28
792 25 57 1.47
792 50 93.75 0.97
792 75 118 4.78
793 0 0 2.28
793 25 57 1.47
793 50 93.75 0.97
793 75 118 4.78
794 0 0 2.28
794 25 57 1.47
794 50 93.75 0.97
794 75 118 4.78
795 0 0 2.28
795 25 57 1.47
795 50 93.75 0.97
795 75 118 4.78
796 0 0 2.28
796 25 57 1.47
796 50 93.75 0.97
796 75 118 4.78
797 0 0 2.28
797 25 57 1.47
797 50 93.75 0.97
797 75 118 4.78
798 0 0 2.28
798 25 57 1.47
798 50 93.75 0.97
798 75 118 4.78
799 0 0 2.28
799 25 57 1.47
799 50 93.75 0.97
799 75 118 4.78
800 0 0 2.28
800 25 57 1.47
800 50 93.75 0.97
800 75 118 4.78
801 0 0 2.28
801 25 57 1.47
801 50 93.75 0.97
801 75 118 4.78
802 0 0 2.28
802 25 57 1.47
802 50 93.75 0.97
802 75 118 4.78
803 0 0 2.28
803 25 57 1.47
803 50 93.75 0.97
803 75 118 4.78
804 0 0 2.28
804 25 57 1.47
804 50 93.75 0.97
804 75 118 4.78
805 0 0 2.28
805 25 57 1.47
805 50 93.75 0.97
805 75 118 4.78
806 0 0 2.28
806 25 57 1.47
806 50 93.75 0.97
806 75 118 4.78
807 0 0 2.28
807 25 57 1.47
807 50 93.75 0.97
807 75 118 4.78
808 0 0 2.28
808 25 57 1.47
808 50 93.75 0.97
808 75 118 4.78
809 0 0 2.28
809 25 57 1.47
809 50 93.75 0.97
809 75 118 4.78
810 0 0 2.28
810 25 57 1.47
810 50 93.75 0.97
810 75 118 4.78
811 0 0 2.28
811 25 57 1.47
811 50 93.75 0.97
811 75 118 4.78
812 0 0 2.28
812 25 57 1.47
812 50 93.75 0.97
812 75 118 4.78
813 0 0 2.28
813 25 57 1.47
813 50 93.75 0.97
813 75 118 4.78
814 0 0 2.28
814 25 57 1.47
814 50 93.75 0.97
814 75 118 4.78
815 0 0 2.28
815 25 57 1.47
815 50 93.75 0.97
815 75 118 4.78
816 0 0 2.28
816 25 57 1.47
816 50 93.75 0.97
816 75 118 4.78
817 0 0 2.28
817 25 57 1.47
817 50 93.75 0.97
817 75 118 4.78
818 0 0 2.28
818 25 57 1.47
818 50 93.75 0.97
818 75 118 4.78
819 0 0 2.28
819 25 57 1.47
819 50 93.75 0.97
819 75 118 4.78
820 0 0 2.28
820 25 57 1.47
820 50 93.75 0.97
820 75 118 4.78
821 0 0 2.28
821 25 57 1.47
821 50 93.75 0.97
821 75 118 4.78
822 0 0 2.28
822 25 57 1.47
822 50 93.75 0.97
822 75 118 4.78
823 0 0 2.28
823 25 57 1.47
823 50 93.75 0.97
823 75 118 4.78
824 0 0 2.28
824 25 57 1.47
824 50 93.75 0.97
824 75 118 4.78
825 0 0 2.28
825 25 57 1.47
825 50 93.75 0.97
825 75 118 4.78
826 0 0 2.28
826 25 57 1.47
826 50 93.75 0.97
826 75 118 4.78
827 0 0 2.28
827 25 57 1.47
827 50 93.75 0.97
827 75 118 4.78
828 0 0 2.28
828 25 57 1.47
828 50 93.75 0.97
828 75 118 4.78
829 0 0 2.28
829 25 57 1.47
829 50 93.75 0.97
829 75 118 4.78
830 0 0 2.28
830 25 57 1.47
830 50 93.75 0.97
830 75 118 4.78
831 0 0 2.28
831 25 57 1.47
831 50 93.75 0.97
831 75 118 4.78
832 0 0 2.28
832 25 57 1.47
832 50 93.75 0.97
832 75 118 4.78
833 0 0 2.28
833 25 57 1.47
833 50 93.75 0.97
833 75 118 4.78
834 0 0 2.28
834 25 57 1.47
834 50 93.75 0.97
834 75 118 4.78
835 0 0 2.28
835 25 57 1.47
835 50 93.75 0.97
835 75 118 4.78
836 0 0 2.28
836 25 57 1.47
836 50 93.75 0.97
836 75 118 4.78
837 0 0 2.28
837 25 57 1.47
837 50 93.75 0.97
837 75 118 4.78
838 0 0 2.28
838 25 57 1.47
838 50 93.75 0.97
838 75 118 4.78
839 0 0 2.28
839 25 57 1.47
839 50 93.75 0.97
839 75 118 4.78
840 0 0 2.28
840 25 57 1.47
840 50 93.75 0.97
840 75 118 4.78
841 0 0 2.28
841 25 57 1.47
841 50 93.75 0.97
841 75 118 4.78
842 0 0 2.28
842 25 57 1.47
842 50 93.75 0.97
842 75 118 4.78
843 0 0 2.28
843 25 57 1.47
843 50 93.75 0.97
843 75 118 4.78
844 0 0 2.28
844 25 57 1.47
844 50 93.75 0.97
844 75 118 4.78
845 0 0 2.28
845 25 57 1.47
845 50 93.75 0.97
845 75 118 4.78
846 0 0 2.28
846 25 57 1.47
846 50 93.75 0.97
846 75 118 4.78
847 0 0 2.28
847 25 57 1.47
847 50 93.75 0.97
847 75 118 4.78
848 0 0 2.28
848 25 57 1.47
848 50 93.75 0.97
848 75 118 4.78
849 0 0 2.28
849 25 57 1.47
849 50 93.75 0.97
849 75 118 4.78
850 0 0 2.28
850 25 57 1.47
850 50 93.75 0.97
850 75 118 4.78
851 0 0 2.28
851 25 57 1.47
851 50 93.75 0.97
851 75 118 4.78
852 0 0 2.28
852 25 57 1.47
852 50 93.75 0.97
852 75 118 4.78
853 0 0 2.28
853 25 57 1.47
853 50 93.75 0.97
853 75 118 4.78
854 0 0 2.28
854 25 57 1.47
854 50 93.75 0.97
854 75 118 4.78
855 0 0 2.28
855 25 57 1.47
855 50 93.75 0.97
855 75 118 4.78
856 0 0 2.28
856 25 57 1.47
856 50 93.75 0.97
856 75 118 4.78
857 0 0 2.28
857 25 57 1.47
857 50 93.75 0.97
857 75 118 4.78
858 0 0 2.28
858 25 57 1.47
858 50 93.75 0.97
858 75 118 4.78
859 0 0 2.28
859 25 57 1.47
859 50 93.75 0.97
859 75 118 4.78
860 0 0 2.28
860 25 57 1.47
860 50 93.75 0.97
860 75 118 4.78
861 0 0 2.28
861 25 57 1.47
861 50 93.75 0.97
861 75 118 4.78
862 0 0 2.28
862 25 57 1.47
862 50 93.75 0.97
862 75 118 4.78
863 0 0 2.28
863 25 57 1.47
863 50 93.75 0.97
863 75 118 4.78
864 0 0 2.28
864 25 57 1.47
864 50 93.75 0.97
864 75 118 4.78
865 0 0 2.28
865 25 57 1.47
865 50 93.75 0.97
865 75 118 4.78
866 0 0 2.28
866 25 57 1.47
866 50 93.75 0.97
866 75 118 4.78
867 0 0 2.28
867 25 57 1.47
867 50 93.75 0.97
867 75 118 4.78
868 0 0 2.28
868 25 57 1.47
868 50 93.75 0.97
868 75 118 4.78
869 0 0 2.28
869 25 57 1.47
869 50 93.75 0.97
869 75 118 4.78
870 0 0 2.28
870 25 57 1.47
870 50 93.75 0.97
870 75 118 4.78
871 0 0 2.28
871 25 57 1.47
871 50 93.75 0.97
871 75 118 4.78
872 0 0 2.28
872 25 57 1.47
872 50 93.75 0.97
872 75 118 4.78
873 0 0 2.28
873 25 57 1.47
873 50 93.75 0.97
873 75 118 4.78
874 0 0 2.28
874 25 57 1.47
874 50 93.75 0.97
874 75 118 4.78
875 0 0 2.28
875 25 57 1.47
875 50 93.75 0.97
875 75 118 4.78
876 0 0 2.28
876 25 57 1.47
876 50 93.75 0.97
876 75 118 4.78
877 0 0 2.28
877 25 57 1.47
877 50 93.75 0.97
877 75 118 4.78
878 0 0 2.28
878 25 57 1.47
878 50 93.75 0.97
878 75 118 4.78
879 0 0 2.28
879 25 57 1.47
879 50 93.75 0.97
879 75 118 4.78
880 0 0 2.28
880 25 57 1.47
880 50 93.75 0.97
880 75 118 4.78
881 0 0 2.28
881 25 57 1.47
881 50 93.75 0.97
881 75 118 4.78
882 0 0 2.28
882 25 57 1.47
882 50 93.75 0.97
882 75 118 4.78
883 0 0 2.28
883 25 57 1.47
883 50 93.75 0.97
883 75 118 4.78
884 0 0 2.28
884 25 57 1.47
884 50 93.75 0.97
884 75 118 4.78
885 0 0 2.28
885 25 57 1.47
885 50 93.75 0.97
885 75 118 4.78
886 0 0 2.28
886 25 57 1.47
886 50 93.75 0.97
886 75 118 4.78
887 0 0 2.28
887 25 57 1.47
887 50 93.75 0.97
887 75 118 4.78
888 0 0 2.28
888 25 57 1.47
888 50 93.75 0.97
888 75 118 4.78
889 0 0 2.28
889 25 57 1.47
889 50 93.75 0.97
889 75 118 4.78
890 0 0 2.28
890 25 57 1.47
890 50 93.75 0.97
890 75 118 4.78
891 0 0 2.28
891 25 57 1.47
891 50 93.75 0.97
891 75 118 4.78
892 0 0 2.28
892 25 57 1.47
892 50 93.75 0.97
892 75 118 4.78
893 0 0 2.28
893 25 57 1.47
893 50 93.75 0.97
893 75 118 4.78
894 0 0 2.28
894 25 57 1.47
894 50 93.75 0.97
894 75 118 4.78
895 0 0 2.28
895 25 57 1.47
895 50 93.75 0.97
895 75 118 4.78
896 0 0 2.28
896 25 57 1.47
896 50 93.75 0.97
896 75 118 4.78
897 0 0 2.28
897 25 57 1.47
897 50 93.75 0.97
897 75 118 4.78
898 0 0 2.28
898 25 57 1.47
898 50 93.75 0.97
898 75 118 4.78
899 0 0 2.28
899 25 57 1.47
899 50 93.75 0.97
899 75 118 4.78
900 0 0 2.28
900 25 57 1.47
900 50 93.75 0.97
900 75 118 4.78
901 0 0 2.28
901 25 57 1.47
901 50 93.75 0.97
901 75 118 4.78
902 0 0 2.28
902 25 57 1.47
902 50 93.75 0.97
902 75 118 4.78
903 0 0 2.28
903 25 57 1.47
903 50 93.75 0.97
903 75 118 4.78
904 0 0 2.28
904 25 57 1.47
904 50 93.75 0.97
904 75 118 4.78
905 0 0 2.28
905 25 57 1.47
905 50 93.75 0.97
905 75 118 4.78
906 0 0 2.28
906 25 57 1.47
906 50 93.75 0.97
906 75 118 4.78
907 0 0 2.28
907 25 57 1.47
907 50 93.75 0.97
907 75 118 4.78
908 0 0 2.28
908 25 57 1.47
908 50 93.75 0.97
908 75 118 4.78
909 0 0 2.28
909 25 57 1.47
909 50 93.75 0.97
909 75 118 4.78
910 0 0 2.28
910 25 57 1.47
910 50 93.75 0.97
910 75 118 4.78
911 0 0 2.28
911 25 57 1.47
911 50 93.75 0.97
911 75 118 4.78
912 0 0 2.28
912 25 57 1.47
912 50 93.75 0.97
912 75 118 4.78
913 0 0 2.28
913 25 57 1.47
913 50 93.75 0.97
913 75 118 4.78
914 0 0 2.28
914 25 57 1.47
914 50 93.75 0.97
914 75 118 4.78
915 0 0 2.28
915 25 57 1.47
915 50 93.75 0.97
915 75 118 4.78
916 0 0 2.28
916 25 57 1.47
916 50 93.75 0.97
916 75 118 4.78
917 0 0 2.28
917 25 57 1.47
917 50 93.75 0.97
917 75 118 4.78
918 0 0 2.28
918 25 57 1.47
918 50 93.75 0.97
918 75 118 4.78
919 0 0 2.28
919 25 57 1.47
919 50 93.75 0.97
919 75 118 4.78
920 0 0 2.28
920 25 57 1.47
920 50 93.75 0.97
920 75 118 4.78
921 0 0 2.28
921 25 57 1.47
921 50 93.75 0.97
921 75 118 4.78
922 0 0 2.28
922 25 57 1.47
922 50 93.75 0.97
922 75 118 4.78
923 0 0 2.28
923 25 57 1.47
923 50 93.75 0.97
923 75 118 4.78
924 0 0 2.28
924 25 57 1.47
924 50 93.75 0.97
924 75 118 4.78
925 0 0 2.28
925 25 57 1.47
925 50 93.75 0.97
925 75 118 4.78
926 0 0 2.28
926 25 57 1.47
926 50 93.75 0.97
926 75 118 4.78
927 0 0 2.28
927 25 57 1.47
927 50 93.75 0.97
927 75 118 4.78
928 0 0 2.28
928 25 57 1.47
928 50 93.75 0.97
928 75 118 4.78
929 0 0 2.28
929 25 57 1.47
929 50 93.75 0.97
929 75 118 4.78
930 0 0 2.28
930 25 57 1.47
930 50 93.75 0.97
930 75 118 4.78
931 0 0 2.28
931 25 57 1.47
931 50 93.75 0.97
931 75 118 4.78
932 0 0 2.28
932 25 57 1.47
932 50 93.75 0.97
932 75 118 4.78
933 0 0 2.28
933 25 57 1.47
933 50 93.75 0.97
933 75 118 4.78
934 0 0 2.28
934 25 57 1.47
934 50 93.75 0.97
934 75 118 4.78
935 0 0 2.28
935 25 57 1.47
935 50 93.75 0.97
935 75 118 4.78
936 0 0 2.28
936 25 57 1.47
936 50 93.75 0.97
936 75 118 4.78
937 0 0 2.28
937 25 57 1.47
937 50 93.75 0.97
937 75 118 4.78
938 0 0 2.28
938 25 57 1.47
938 50 93.75 0.97
938 75 118 4.78
939 0 0 2.28
939 25 57 1.47
939 50 93.75 0.97
939 75 118 4.78
940 0 0 2.28
940 25 57 1.47
940 50 93.75 0.97
940 75 118 4.78
941 0 0 2.28
941 25 57 1.47
941 50 93.75 0.97
941 75 118 4.78
942 0 0 2.28
942 25 57 1.47
942 50 93.75 0.97
942 75 118 4.78
943 0 0 2.28
943 25 57 1.47
943 50 93.75 0.97
943 75 118 4.78
944 0 0 2.28
944 25 57 1.47
944 50 93.75 0.97
944 75 118 4.78
945 0 0 2.28
945 25 57 1.47
945 50 93.75 0.97
945 75 118 4.78
946 0 0 2.28
946 25 57 1.47
946 50 93.75 0.97
946 75 118 4.78
947 0 0 2.28
947 25 57 1.47
947 50 93.75 0.97
947 75 118 4.78
948 0 0 2.28
948 25 57 1.47
948 50 93.75 0.97
948 75 118 4.78
949 0 0 2.28
949 25 57 1.47
949 50 93.75 0.97
949 75 118 4.78
950 0 0 2.28
950 25 57 1.47
950 50 93.75 0.97
950 75 118 4.78
951 0 0 2.28
951 25 57 1.47
951 50 93.75 0.97
951 75 118 4.78
952 0 0 2.28
952 25 57 1.47
952 50 93.75 0.97
952 75 118 4.78
953 0 0 2.28
953 25 57 1.47
953 50 93.75 0.97
953 75 118 4.78
954 0 0 2.28
954 25 57 1.47
954 50 93.75 0.97
954 75 118 4.78
955 0 0 2.28
955 25 57 1.47
955 50 93.75 0.97
955 75 118 4.78
956 0 0 2.28
956 25 57 1.47
956 50 93.75 0.97
956 75 118 4.78
957 0 0 2.28
957 25 57 1.47
957 50 93.75 0.97
957 75 118 4.78
958 0 0 2.28
958 25 57 1.47
958 50 93.75 0.97
958 75 118 4.78
959 0 0 2.28
959 25 57 1.47
959 50 93.75 0.97
959 75 118 4.78
960 0 0 2.28
960 25 57 1.47
960 50 93.75 0.97
960 75 118 4.78
961 0 0 2.28
961 25 57 1.47
961 50 93.75 0.97
961 75 118 4.78
962 0 0 2.28
962 25 57 1.47
962 50 93.75 0.97
962 75 118 4.78
963 0 0 2.28
963 25 57 1.47
963 50 93.75 0.97
963 75 118 4.78
964 0 0 2.28
964 25 57 1.47
964 50 93.75 0.97
964 75 118 4.78
965 0 0 2.28
965 25 57 1.47
965 50 93.75 0.97
965 75 118 4.78
966 0 0 2.28
966 25 57 1.47
966 50 93.75 0.97
966 75 118 4.78
967 0 0 2.28
967 25 57 1.47
967 50 93.75 0.97
967 75 118 4.78
968 0 0 2.28
968 25 57 1.47
968 50 93.75 0.97
968 75 118 4.78
969 0 0 2.28
969 25 57 1.47
969 50 93.75 0.97
969 75 118 4.78
970 0 0 2.28
970 25 57 1.47
970 50 93.75 0.97
970 75 118 4.78
971 0 0 2.28
971 25 57 1.47
971 50 93.75 0.97
971 75 118 4.78
972 0 0 2.28
972 25 57 1.47
972 50 93.75 0.97
972 75 118 4.78
973 0 0 2.28
973 25 57 1.47
973 50 93.75 0.97
973 75 118 4.78
974 0 0 2.28
974 25 57 1.47
974 50 93.75 0.97
974 75 118 4.78
975 0 0 2.28
975 25 57 1.47
975 50 93.75 0.97
975 75 118 4.78
976 0 0 2.28
976 25 57 1.47
976 50 93.75 0.97
976 75 118 4.78
977 0 0 2.28
977 25 57 1.47
977 50 93.75 0.97
977 75 118 4.78
978 0 0 2.28
978 25 57 1.47
978 50 93.75 0.97
978 75 118 4.78
979 0 0 2.28
979 25 57 1.47
979 50 93.75 0.97
979 75 118 4.78
980 0 0 2.28
980 25 57 1.47
980 50 93.75 0.97
980 75 118 4.78
981 0 0 2.28
981 25 57 1.47
981 50 93.75 0.97
981 75 118 4.78
982 0 0 2.28
982 25 57 1.47
982 50 93.75 0.97
982 75 118 4.78
983 0 0 2.28
983 25 57 1.47
983 50 93.75 0.97
983 75 118 4.78
984 0 0 2.28
984 25 57 1.47
984 50 93.75 0.97
984 75 118 4.78
985 0 0 2.28
985 25 57 1.47
985 50 93.75 0.97
985 75 118 4.78
986 0 0 2.28
986 25 57 1.47
986 50 93.75 0.97
986 75 118 4.78
987 0 0 2.28
987 25 57 1.47
987 50 93.75 0.97
987 75 118 4.78
988 0 0 2.28
988 25 57 1.47
988 50 93.75 0.97
988 75 118 4.78
989 0 0 2.28
989 25 57 1.47
989 50 93.75 0.97
989 75 118 4.78
990 0 0 2.28
990 25 57 1.47
990 50 93.75 0.97
990 75 118 4.78
991 0 0 2.28
991 25 57 1.47
991 50 93.75 0.97
991 75 118 4.78
992 0 0 2.28
992 25 57 1.47
992 50 93.75 0.97
992 75 118 4.78
993 0 0 2.28
993 25 57 1.47
993 50 93.75 0.97
993 75 118 4.78
994 0 0 2.28
994 25 57 1.47
994 50 93.75 0.97
994 75 118 4.78
995 0 0 2.28
995 25 57 1.47
995 50 93.75 0.97
995 75 118 4.78
996 0 0 2.28
996 25 57 1.47
996 50 93.75 0.97
996 75 118 4.78
997 0 0 2.28
997 25 57 1.47
997 50 93.75 0.97
997 75 118 4.78
998 0 0 2.28
998 25 57 1.47
998 50 93.75 0.97
998 75 118 4.78
999 0 0 2.28
999 25 57 1.47
999 50 93.75 0.97
999 75 118 4.78
