100 10
0 0 0 0.36
0 200 72 0.54
0 400 180 2.11
0 600 602 3.58
0 800 1318 2.77
0 1000 1872 2.78
0 1200 2428 3.5
0 1400 3128 3.96
0 1600 3920 4.52
0 1800 4824 2.57
1 0 0 0.36
1 200 72 0.54
1 400 180 2.11
1 600 602 3.58
1 800 1318 2.77
1 1000 1872 2.78
1 1200 2428 3.5
1 1400 3128 3.96
1 1600 3920 4.52
1 1800 4824 2.57
2 0 0 0.36
2 200 72 0.54
2 400 180 2.11
2 600 602 3.58
2 800 1318 2.77
2 1000 1872 2.78
2 1200 2428 3.5
2 1400 3128 3.96
2 1600 3920 4.52
2 1800 4824 2.57
3 0 0 0.36
3 200 72 0.54
3 400 180 2.11
3 600 602 3.58
3 800 1318 2.77
3 1000 1872 2.78
3 1200 2428 3.5
3 1400 3128 3.96
3 1600 3920 4.52
3 1800 4824 2.57
4 0 0 0.36
4 200 72 0.54
4 400 180 2.11
4 600 602 3.58
4 800 1318 2.77
4 1000 1872 2.78
4 1200 2428 3.5
4 1400 3128 3.96
4 1600 3920 4.52
4 1800 4824 2.57
5 0 0 0.36
5 200 72 0.54
5 400 180 2.11
5 600 602 3.58
5 800 1318 2.77
5 1000 1872 2.78
5 1200 2428 3.5
5 1400 3128 3.96
5 1600 3920 4.52
5 1800 4824 2.57
6 0 0 0.36
6 200 72 0.54
6 400 180 2.11
6 600 602 3.58
6 800 1318 2.77
6 1000 1872 2.78
6 1200 2428 3.5
6 1400 3128 3.96
6 1600 3920 4.52
6 1800 4824 2.57
7 0 0 0.36
7 200 72 0.54
7 400 180 2.11
7 600 602 3.58
7 800 1318 2.77
7 1000 1872 2.78
7 1200 2428 3.5
7 1400 3128 3.96
7 1600 3920 4.52
7 1800 4824 2.57
8 0 0 0.36
8 200 72 0.54
8 400 180 2.11
8 600 602 3.58
8 800 1318 2.77
8 1000 1872 2.78
8 1200 2428 3.5
8 1400 3128 3.96
8 1600 3920 4.52
8 1800 4824 2.57
9 0 0 0.36
9 200 72 0.54
9 400 180 2.11
9 600 602 3.58
9 800 1318 2.77
9 1000 1872 2.78
9 1200 2428 3.5
9 1400 3128 3.96
9 1600 3920 4.52
9 1800 4824 2.57
10 0 0 0.36
10 200 72 0.54
10 400 180 2.11
10 600 602 3.58
10 800 1318 2.77
10 1000 1872 2.78
10 1200 2428 3.5
10 1400 3128 3.96
10 1600 3920 4.52
10 1800 4824 2.57
11 0 0 0.36
11 200 72 0.54
11 400 180 2.11
11 600 602 3.58
11 800 1318 2.77
11 1000 1872 2.78
11 1200 2428 3.5
11 1400 3128 3.96
11 1600 3920 4.52
11 1800 4824 2.57
12 0 0 0.36
12 200 72 0.54
12 400 180 2.11
12 600 602 3.58
12 800 1318 2.77
12 1000 1872 2.78
12 1200 2428 3.5
12 1400 3128 3.96
12 1600 3920 4.52
12 1800 4824 2.57
13 0 0 0.36
13 200 72 0.54
13 400 180 2.11
13 600 602 3.58
13 800 1318 2.77
13 1000 1872 2.78
13 1200 2428 3.5
13 1400 3128 3.96
13 1600 3920 4.52
13 1800 4824 2.57
14 0 0 0.36
14 200 72 0.54
14 400 180 2.11
14 600 602 3.58
14 800 1318 2.77
14 1000 1872 2.78
14 1200 2428 3.5
14 1400 3128 3.96
14 1600 3920 4.52
14 1800 4824 2.57
15 0 0 0.36
15 200 72 0.54
15 400 180 2.11
15 600 602 3.58
15 800 1318 2.77
15 1000 1872 2.78
15 1200 2428 3.5
15 1400 3128 3.96
15 1600 3920 4.52
15 1800 4824 2.57
16 0 0 0.36
16 200 72 0.54
16 400 180 2.11
16 600 602 3.58
16 800 1318 2.77
16 1000 1872 2.78
16 1200 2428 3.5
16 1400 3128 3.96
16 1600 3920 4.52
16 1800 4824 2.57
17 0 0 0.36
17 200 72 0.54
17 400 180 2.11
17 600 602 3.58
17 800 1318 2.77
17 1000 1872 2.78
17 1200 2428 3.5
17 1400 3128 3.96
17 1600 3920 4.52
17 1800 4824 2.57
18 0 0 0.36
18 200 72 0.54
18 400 180 2.11
18 600 602 3.58
18 800 1318 2.77
18 1000 1872 2.78
18 1200 2428 3.5
18 1400 3128 3.96
18 1600 3920 4.52
18 1800 4824 2.57
19 0 0 0.36
19 200 72 0.54
19 400 180 2.11
19 600 602 3.58
19 800 1318 2.77
19 1000 1872 2.78
19 1200 2428 3.5
19 1400 3128 3.96
19 1600 3920 4.52
19 1800 4824 2.57
20 0 0 0.36
20 200 72 0.54
20 400 180 2.11
20 600 602 3.58
20 800 1318 2.77
20 1000 1872 2.78
20 1200 2428 3.5
20 1400 3128 3.96
20 1600 3920 4.52
20 1800 4824 2.57
21 0 0 0.36
21 200 72 0.54
21 400 180 2.11
21 600 602 3.58
21 800 1318 2.77
21 1000 1872 2.78
21 1200 2428 3.5
21 1400 3128 3.96
21 1600 3920 4.52
21 1800 4824 2.57
22 0 0 0.36
22 200 72 0.54
22 400 180 2.11
22 600 602 3.58
22 800 1318 2.77
22 1000 1872 2.78
22 1200 2428 3.5
22 1400 3128 3.96
22 1600 3920 4.52
22 1800 4824 2.57
23 0 0 0.36
23 200 72 0.54
23 400 180 2.11
23 600 602 3.58
23 800 1318 2.77
23 1000 1872 2.78
23 1200 2428 3.5
23 1400 3128 3.96
23 1600 3920 4.52
23 1800 4824 2.57
24 0 0 0.36
24 200 72 0.54
24 400 180 2.11
24 600 602 3.58
24 800 1318 2.77
24 1000 1872 2.78
24 1200 2428 3.5
24 1400 3128 3.96
24 1600 3920 4.52
24 1800 4824 2.57
25 0 0 0.36
25 200 72 0.54
25 400 180 2.11
25 600 602 3.58
25 800 1318 2.77
25 1000 1872 2.78
25 1200 2428 3.5
25 1400 3128 3.96
25 1600 3920 4.52
25 1800 4824 2.57
26 0 0 0.36
26 200 72 0.54
26 400 180 2.11
26 600 602 3.58
26 800 1318 2.77
26 1000 1872 2.78
26 1200 2428 3.5
26 1400 3128 3.96
26 1600 3920 4.52
26 1800 4824 2.57
27 0 0 0.36
27 200 72 0.54
27 400 180 2.11
27 600 602 3.58
27 800 1318 2.77
27 1000 1872 2.78
27 1200 2428 3.5
27 1400 3128 3.96
27 1600 3920 4.52
27 1800 4824 2.57
28 0 0 0.36
28 200 72 0.54
28 400 180 2.11
28 600 602 3.58
28 800 1318 2.77
28 1000 1872 2.78
28 1200 2428 3.5
28 1400 3128 3.96
28 1600 3920 4.52
28 1800 4824 2.57
29 0 0 0.36
29 200 72 0.54
29 400 180 2.11
29 600 602 3.58
29 800 1318 2.77
29 1000 1872 2.78
29 1200 2428 3.5
29 1400 3128 3.96
29 1600 3920 4.52
29 1800 4824 2.57
30 0 0 0.36
30 200 72 0.54
30 400 180 2.11
30 600 602 3.58
30 800 1318 2.77
30 1000 1872 2.78
30 1200 2428 3.5
30 1400 3128 3.96
30 1600 3920 4.52
30 1800 4824 2.57
31 0 0 0.36
31 200 72 0.54
31 400 180 2.11
31 600 602 3.58
31 800 1318 2.77
31 1000 1872 2.78
31 1200 2428 3.5
31 1400 3128 3.96
31 1600 3920 4.52
31 1800 4824 2.57
32 0 0 0.36
32 200 72 0.54
32 400 180 2.11
32 600 602 3.58
32 800 1318 2.77
32 1000 1872 2.78
32 1200 2428 3.5
32 1400 3128 3.96
32 1600 3920 4.52
32 1800 4824 2.57
33 0 0 0.36
33 200 72 0.54
33 400 180 2.11
33 600 602 3.58
33 800 1318 2.77
33 1000 1872 2.78
33 1200 2428 3.5
33 1400 3128 3.96
33 1600 3920 4.52
33 1800 4824 2.57
34 0 0 0.36
34 200 72 0.54
34 400 180 2.11
34 600 602 3.58
34 800 1318 2.77
34 1000 1872 2.78
34 1200 2428 3.5
34 1400 3128 3.96
34 1600 3920 4.52
34 1800 4824 2.57
35 0 0 0.36
35 200 72 0.54
35 400 180 2.11
35 600 602 3.58
35 800 1318 2.77
35 1000 1872 2.78
35 1200 2428 3.5
35 1400 3128 3.96
35 1600 3920 4.52
35 1800 4824 2.57
36 0 0 0.36
36 200 72 0.54
36 400 180 2.11
36 600 602 3.58
36 800 1318 2.77
36 1000 1872 2.78
36 1200 2428 3.5
36 1400 3128 3.96
36 1600 3920 4.52
36 1800 4824 2.57
37 0 0 0.36
37 200 72 0.54
37 400 180 2.11
37 600 602 3.58
37 800 1318 2.77
37 1000 1872 2.78
37 1200 2428 3.5
37 1400 3128 3.96
37 1600 3920 4.52
37 1800 4824 2.57
38 0 0 0.36
38 200 72 0.54
38 400 180 2.11
38 600 602 3.58
38 800 1318 2.77
38 1000 1872 2.78
38 1200 2428 3.5
38 1400 3128 3.96
38 1600 3920 4.52
38 1800 4824 2.57
39 0 0 0.36
39 200 72 0.54
39 400 180 2.11
39 600 602 3.58
39 800 1318 2.77
39 1000 1872 2.78
39 1200 2428 3.5
39 1400 3128 3.96
39 1600 3920 4.52
39 1800 4824 2.57
40 0 0 0.36
40 200 72 0.54
40 400 180 2.11
40 600 602 3.58
40 800 1318 2.77
40 1000 1872 2.78
40 1200 2428 3.5
40 1400 3128 3.96
40 1600 3920 4.52
40 1800 4824 2.57
41 0 0 0.36
41 200 72 0.54
41 400 180 2.11
41 600 602 3.58
41 800 1318 2.77
41 1000 1872 2.78
41 1200 2428 3.5
41 1400 3128 3.96
41 1600 3920 4.52
41 1800 4824 2.57
42 0 0 0.36
42 200 72 0.54
42 400 180 2.11
42 600 602 3.58
42 800 1318 2.77
42 1000 1872 2.78
42 1200 2428 3.5
42 1400 3128 3.96
42 1600 3920 4.52
42 1800 4824 2.57
43 0 0 0.36
43 200 72 0.54
43 400 180 2.11
43 600 602 3.58
43 800 1318 2.77
43 1000 1872 2.78
43 1200 2428 3.5
43 1400 3128 3.96
43 1600 3920 4.52
43 1800 4824 2.57
44 0 0 0.36
44 200 72 0.54
44 400 180 2.11
44 600 602 3.58
44 800 1318 2.77
44 1000 1872 2.78
44 1200 2428 3.5
44 1400 3128 3.96
44 1600 3920 4.52
44 1800 4824 2.57
45 0 0 0.36
45 200 72 0.54
45 400 180 2.11
45 600 602 3.58
45 800 1318 2.77
45 1000 1872 2.78
45 1200 2428 3.5
45 1400 3128 3.96
45 1600 3920 4.52
45 1800 4824 2.57
46 0 0 0.36
46 200 72 0.54
46 400 180 2.11
46 600 602 3.58
46 800 1318 2.77
46 1000 1872 2.78
46 1200 2428 3.5
46 1400 3128 3.96
46 1600 3920 4.52
46 1800 4824 2.57
47 0 0 0.36
47 200 72 0.54
47 400 180 2.11
47 600 602 3.58
47 800 1318 2.77
47 1000 1872 2.78
47 1200 2428 3.5
47 1400 3128 3.96
47 1600 3920 4.52
47 1800 4824 2.57
48 0 0 0.36
48 200 72 0.54
48 400 180 2.11
48 600 602 3.58
48 800 1318 2.77
48 1000 1872 2.78
48 1200 2428 3.5
48 1400 3128 3.96
48 1600 3920 4.52
48 1800 4824 2.57
49 0 0 0.36
49 200 72 0.54
49 400 180 2.11
49 600 602 3.58
49 800 1318 2.77
49 1000 1872 2.78
49 1200 2428 3.5
49 1400 3128 3.96
49 1600 3920 4.52
49 1800 4824 2.57
50 0 0 0.36
50 200 72 0.54
50 400 180 2.11
50 600 602 3.58
50 800 1318 2.77
50 1000 1872 2.78
50 1200 2428 3.5
50 1400 3128 3.96
50 1600 3920 4.52
50 1800 4824 2.57
51 0 0 0.36
51 200 72 0.54
51 400 180 2.11
51 600 602 3.58
51 800 1318 2.77
51 1000 1872 2.78
51 1200 2428 3.5
51 1400 3128 3.96
51 1600 3920 4.52
51 1800 4824 2.57
52 0 0 0.36
52 200 72 0.54
52 400 180 2.11
52 600 602 3.58
52 800 1318 2.77
52 1000 1872 2.78
52 1200 2428 3.5
52 1400 3128 3.96
52 1600 3920 4.52
52 1800 4824 2.57
53 0 0 0.36
53 200 72 0.54
53 400 180 2.11
53 600 602 3.58
53 800 1318 2.77
53 1000 1872 2.78
53 1200 2428 3.5
53 1400 3128 3.96
53 1600 3920 4.52
53 1800 4824 2.57
54 0 0 0.36
54 200 72 0.54
54 400 180 2.11
54 600 602 3.58
54 800 1318 2.77
54 1000 1872 2.78
54 1200 2428 3.5
54 1400 3128 3.96
54 1600 3920 4.52
54 1800 4824 2.57
55 0 0 0.36
55 200 72 0.54
55 400 180 2.11
55 600 602 3.58
55 800 1318 2.77
55 1000 1872 2.78
55 1200 2428 3.5
55 1400 3128 3.96
55 1600 3920 4.52
55 1800 4824 2.57
56 0 0 0.36
56 200 72 0.54
56 400 180 2.11
56 600 602 3.58
56 800 1318 2.77
56 1000 1872 2.78
56 1200 2428 3.5
56 1400 3128 3.96
56 1600 3920 4.52
56 1800 4824 2.57
57 0 0 0.36
57 200 72 0.54
57 400 180 2.11
57 600 602 3.58
57 800 1318 2.77
57 1000 1872 2.78
57 1200 2428 3.5
57 1400 3128 3.96
57 1600 3920 4.52
57 1800 4824 2.57
58 0 0 0.36
58 200 72 0.54
58 400 180 2.11
58 600 602 3.58
58 800 1318 2.77
58 1000 1872 2.78
58 1200 2428 3.5
58 1400 3128 3.96
58 1600 3920 4.52
58 1800 4824 2.57
59 0 0 0.36
59 200 72 0.54
59 400 180 2.11
59 600 602 3.58
59 800 1318 2.77
59 1000 1872 2.78
59 1200 2428 3.5
59 1400 3128 3.96
59 1600 3920 4.52
59 1800 4824 2.57
60 0 0 0.36
60 200 72 0.54
60 400 180 2.11
60 600 602 3.58
60 800 1318 2.77
60 1000 1872 2.78
60 1200 2428 3.5
60 1400 3128 3.96
60 1600 3920 4.52
60 1800 4824 2.57
61 0 0 0.36
61 200 72 0.54
61 400 180 2.11
61 600 602 3.58
61 800 1318 2.77
61 1000 1872 2.78
61 1200 2428 3.5
61 1400 3128 3.96
61 1600 3920 4.52
61 1800 4824 2.57
62 0 0 0.36
62 200 72 0.54
62 400 180 2.11
62 600 602 3.58
62 800 1318 2.77
62 1000 1872 2.78
62 1200 2428 3.5
62 1400 3128 3.96
62 1600 3920 4.52
62 1800 4824 2.57
63 0 0 0.36
63 200 72 0.54
63 400 180 2.11
63 600 602 3.58
63 800 1318 2.77
63 1000 1872 2.78
63 1200 2428 3.5
63 1400 3128 3.96
63 1600 3920 4.52
63 1800 4824 2.57
64 0 0 0.36
64 200 72 0.54
64 400 180 2.11
64 600 602 3.58
64 800 1318 2.77
64 1000 1872 2.78
64 1200 2428 3.5
64 1400 3128 3.96
64 1600 3920 4.52
64 1800 4824 2.57
65 0 0 0.36
65 200 72 0.54
65 400 180 2.11
65 600 602 3.58
65 800 1318 2.77
65 1000 1872 2.78
65 1200 2428 3.5
65 1400 3128 3.96
65 1600 3920 4.52
65 1800 4824 2.57
66 0 0 0.36
66 200 72 0.54
66 400 180 2.11
66 600 602 3.58
66 800 1318 2.77
66 1000 1872 2.78
66 1200 2428 3.5
66 1400 3128 3.96
66 1600 3920 4.52
66 1800 4824 2.57
67 0 0 0.36
67 200 72 0.54
67 400 180 2.11
67 600 602 3.58
67 800 1318 2.77
67 1000 1872 2.78
67 1200 2428 3.5
67 1400 3128 3.96
67 1600 3920 4.52
67 1800 4824 2.57
68 0 0 0.36
68 200 72 0.54
68 400 180 2.11
68 600 602 3.58
68 800 1318 2.77
68 1000 1872 2.78
68 1200 2428 3.5
68 1400 3128 3.96
68 1600 3920 4.52
68 1800 4824 2.57
69 0 0 0.36
69 200 72 0.54
69 400 180 2.11
69 600 602 3.58
69 800 1318 2.77
69 1000 1872 2.78
69 1200 2428 3.5
69 1400 3128 3.96
69 1600 3920 4.52
69 1800 4824 2.57
70 0 0 0.36
70 200 72 0.54
70 400 180 2.11
70 600 602 3.58
70 800 1318 2.77
70 1000 1872 2.78
70 1200 2428 3.5
70 1400 3128 3.96
70 1600 3920 4.52
70 1800 4824 2.57
71 0 0 0.36
71 200 72 0.54
71 400 180 2.11
71 600 602 3.58
71 800 1318 2.77
71 1000 1872 2.78
71 1200 2428 3.5
71 1400 3128 3.96
71 1600 3920 4.52
71 1800 4824 2.57
72 0 0 0.36
72 200 72 0.54
72 400 180 2.11
72 600 602 3.58
72 800 1318 2.77
72 1000 1872 2.78
72 1200 2428 3.5
72 1400 3128 3.96
72 1600 3920 4.52
72 1800 4824 2.57
73 0 0 0.36
73 200 72 0.54
73 400 180 2.11
73 600 602 3.58
73 800 1318 2.77
73 1000 1872 2.78
73 1200 2428 3.5
73 1400 3128 3.96
73 1600 3920 4.52
73 1800 4824 2.57
74 0 0 0.36
74 200 72 0.54
74 400 180 2.11
74 600 602 3.58
74 800 1318 2.77
74 1000 1872 2.78
74 1200 2428 3.5
74 1400 3128 3.96
74 1600 3920 4.52
74 1800 4824 2.57
75 0 0 0.36
75 200 72 0.54
75 400 180 2.11
75 600 602 3.58
75 800 1318 2.77
75 1000 1872 2.78
75 1200 2428 3.5
75 1400 3128 3.96
75 1600 3920 4.52
75 1800 4824 2.57
76 0 0 0.36
76 200 72 0.54
76 400 180 2.11
76 600 602 3.58
76 800 1318 2.77
76 1000 1872 2.78
76 1200 2428 3.5
76 1400 3128 3.96
76 1600 3920 4.52
76 1800 4824 2.57
77 0 0 0.36
77 200 72 0.54
77 400 180 2.11
77 600 602 3.58
77 800 1318 2.77
77 1000 1872 2.78
77 1200 2428 3.5
77 1400 3128 3.96
77 1600 3920 4.52
77 1800 4824 2.57
78 0 0 0.36
78 200 72 0.54
78 400 180 2.11
78 600 602 3.58
78 800 1318 2.77
78 1000 1872 2.78
78 1200 2428 3.5
78 1400 3128 3.96
78 1600 3920 4.52
78 1800 4824 2.57
79 0 0 0.36
79 200 72 0.54
79 400 180 2.11
79 600 602 3.58
79 800 1318 2.77
79 1000 1872 2.78
79 1200 2428 3.5
79 1400 3128 3.96
79 1600 3920 4.52
79 1800 4824 2.57
80 0 0 0.36
80 200 72 0.54
80 400 180 2.11
80 600 602 3.58
80 800 1318 2.77
80 1000 1872 2.78
80 1200 2428 3.5
80 1400 3128 3.96
80 1600 3920 4.52
80 1800 4824 2.57
81 0 0 0.36
81 200 72 0.54
81 400 180 2.11
81 600 602 3.58
81 800 1318 2.77
81 1000 1872 2.78
81 1200 2428 3.5
81 1400 3128 3.96
81 1600 3920 4.52
81 1800 4824 2.57
82 0 0 0.36
82 200 72 0.54
82 400 180 2.11
82 600 602 3.58
82 800 1318 2.77
82 1000 1872 2.78
82 1200 2428 3.5
82 1400 3128 3.96
82 1600 3920 4.52
82 1800 4824 2.57
83 0 0 0.36
83 200 72 0.54
83 400 180 2.11
83 600 602 3.58
83 800 1318 2.77
83 1000 1872 2.78
83 1200 2428 3.5
83 1400 3128 3.96
83 1600 3920 4.52
83 1800 4824 2.57
84 0 0 0.36
84 200 72 0.54
84 400 180 2.11
84 600 602 3.58
84 800 1318 2.77
84 1000 1872 2.78
84 1200 2428 3.5
84 1400 3128 3.96
84 1600 3920 4.52
84 1800 4824 2.57
85 0 0 0.36
85 200 72 0.54
85 400 180 2.11
85 600 602 3.58
85 800 1318 2.77
85 1000 1872 2.78
85 1200 2428 3.5
85 1400 3128 3.96
85 1600 3920 4.52
85 1800 4824 2.57
86 0 0 0.36
86 200 72 0.54
86 400 180 2.11
86 600 602 3.58
86 800 1318 2.77
86 1000 1872 2.78
86 1200 2428 3.5
86 1400 3128 3.96
86 1600 3920 4.52
86 1800 4824 2.57
87 0 0 0.36
87 200 72 0.54
87 400 180 2.11
87 600 602 3.58
87 800 1318 2.77
87 1000 1872 2.78
87 1200 2428 3.5
87 1400 3128 3.96
87 1600 3920 4.52
87 1800 4824 2.57
88 0 0 0.36
88 200 72 0.54
88 400 180 2.11
88 600 602 3.58
88 800 1318 2.77
88 1000 1872 2.78
88 1200 2428 3.5
88 1400 3128 3.96
88 1600 3920 4.52
88 1800 4824 2.57
89 0 0 0.36
89 200 72 0.54
89 400 180 2.11
89 600 602 3.58
89 800 1318 2.77
89 1000 1872 2.78
89 1200 2428 3.5
89 1400 3128 3.96
89 1600 3920 4.52
89 1800 4824 2.57
90 0 0 0.36
90 200 72 0.54
90 400 180 2.11
90 600 602 3.58
90 800 1318 2.77
90 1000 1872 2.78
90 1200 2428 3.5
90 1400 3128 3.96
90 1600 3920 4.52
90 1800 4824 2.57
91 0 0 0.36
91 200 72 0.54
91 400 180 2.11
91 600 602 3.58
91 800 1318 2.77
91 1000 1872 2.78
91 1200 2428 3.5
91 1400 3128 3.96
91 1600 3920 4.52
91 1800 4824 2.57
92 0 0 0.36
92 200 72 0.54
92 400 180 2.11
92 600 602 3.58
92 800 1318 2.77
92 1000 1872 2.78
92 1200 2428 3.5
92 1400 3128 3.96
92 1600 3920 4.52
92 1800 4824 2.57
93 0 0 0.36
93 200 72 0.54
93 400 180 2.11
93 600 602 3.58
93 800 1318 2.77
93 1000 1872 2.78
93 1200 2428 3.5
93 1400 3128 3.96
93 1600 3920 4.52
93 1800 4824 2.57
94 0 0 0.36
94 200 72 0.54
94 400 180 2.11
94 600 602 3.58
94 800 1318 2.77
94 1000 1872 2.78
94 1200 2428 3.5
94 1400 3128 3.96
94 1600 3920 4.52
94 1800 4824 2.57
95 0 0 0.36
95 200 72 0.54
95 400 180 2.11
95 600 602 3.58
95 800 1318 2.77
95 1000 1872 2.78
95 1200 2428 3.5
95 1400 3128 3.96
95 1600 3920 4.52
95 1800 4824 2.57
96 0 0 0.36
96 200 72 0.54
96 400 180 2.11
96 600 602 3.58
96 800 1318 2.77
96 1000 1872 2.78
96 1200 2428 3.5
96 1400 3128 3.96
96 1600 3920 4.52
96 1800 4824 2.57
97 0 0 0.36
97 200 72 0.54
97 400 180 2.11
97 600 602 3.58
97 800 1318 2.77
97 1000 1872 2.78
97 1200 2428 3.5
97 1400 3128 3.96
97 1600 3920 4.52
97 1800 4824 2.57
98 0 0 0.36
98 200 72 0.54
98 400 180 2.11
98 600 602 3.58
98 800 1318 2.77
98 1000 1872 2.78
98 1200 2428 3.5
98 1400 3128 3.96
98 1600 3920 4.52
98 1800 4824 2.57
99 0 0 0.36
99 200 72 0.54
99 400 180 2.11
99 600 602 3.58
99 800 1318 2.77
99 1000 1872 2.78
99 1200 2428 3.5
99 1400 3128 3.96
99 1600 3920 4.52
99 1800 4824 2.57
