500 4
0 0 0 2.99
0 500 1495 3.99
0 1000 3490 3.01
0 1500 4995 0.38
1 0 0 2.99
1 500 1495 3.99
1 1000 3490 3.01
1 1500 4995 0.38
2 0 0 2.99
2 500 1495 3.99
2 1000 3490 3.01
2 1500 4995 0.38
3 0 0 2.99
3 500 1495 3.99
3 1000 3490 3.01
3 1500 4995 0.38
4 0 0 2.99
4 500 1495 3.99
4 1000 3490 3.01
4 1500 4995 0.38
5 0 0 2.99
5 500 1495 3.99
5 1000 3490 3.01
5 1500 4995 0.38
6 0 0 2.99
6 500 1495 3.99
6 1000 3490 3.01
6 1500 4995 0.38
7 0 0 2.99
7 500 1495 3.99
7 1000 3490 3.01
7 1500 4995 0.38
8 0 0 2.99
8 500 1495 3.99
8 1000 3490 3.01
8 1500 4995 0.38
9 0 0 2.99
9 500 1495 3.99
9 1000 3490 3.01
9 1500 4995 0.38
10 0 0 2.99
10 500 1495 3.99
10 1000 3490 3.01
10 1500 4995 0.38
11 0 0 2.99
11 500 1495 3.99
11 1000 3490 3.01
11 1500 4995 0.38
12 0 0 2.99
12 500 1495 3.99
12 1000 3490 3.01
12 1500 4995 0.38
13 0 0 2.99
13 500 1495 3.99
13 1000 3490 3.01
13 1500 4995 0.38
14 0 0 2.99
14 500 1495 3.99
14 1000 3490 3.01
14 1500 4995 0.38
15 0 0 2.99
15 500 1495 3.99
15 1000 3490 3.01
15 1500 4995 0.38
16 0 0 2.99
16 500 1495 3.99
16 1000 3490 3.01
16 1500 4995 0.38
17 0 0 2.99
17 500 1495 3.99
17 1000 3490 3.01
17 1500 4995 0.38
18 0 0 2.99
18 500 1495 3.99
18 1000 3490 3.01
18 1500 4995 0.38
19 0 0 2.99
19 500 1495 3.99
19 1000 3490 3.01
19 1500 4995 0.38
20 0 0 2.99
20 500 1495 3.99
20 1000 3490 3.01
20 1500 4995 0.38
21 0 0 2.99
21 500 1495 3.99
21 1000 3490 3.01
21 1500 4995 0.38
22 0 0 2.99
22 500 1495 3.99
22 1000 3490 3.01
22 1500 4995 0.38
23 0 0 2.99
23 500 1495 3.99
23 1000 3490 3.01
23 1500 4995 0.38
24 0 0 2.99
24 500 1495 3.99
24 1000 3490 3.01
24 1500 4995 0.38
25 0 0 2.99
25 500 1495 3.99
25 1000 3490 3.01
25 1500 4995 0.38
26 0 0 2.99
26 500 1495 3.99
26 1000 3490 3.01
26 1500 4995 0.38
27 0 0 2.99
27 500 1495 3.99
27 1000 3490 3.01
27 1500 4995 0.38
28 0 0 2.99
28 500 1495 3.99
28 1000 3490 3.01
28 1500 4995 0.38
29 0 0 2.99
29 500 1495 3.99
29 1000 3490 3.01
29 1500 4995 0.38
30 0 0 2.99
30 500 1495 3.99
30 1000 3490 3.01
30 1500 4995 0.38
31 0 0 2.99
31 500 1495 3.99
31 1000 3490 3.01
31 1500 4995 0.38
32 0 0 2.99
32 500 1495 3.99
32 1000 3490 3.01
32 1500 4995 0.38
33 0 0 2.99
33 500 1495 3.99
33 1000 3490 3.01
33 1500 4995 0.38
34 0 0 2.99
34 500 1495 3.99
34 1000 3490 3.01
34 1500 4995 0.38
35 0 0 2.99
35 500 1495 3.99
35 1000 3490 3.01
35 1500 4995 0.38
36 0 0 2.99
36 500 1495 3.99
36 1000 3490 3.01
36 1500 4995 0.38
37 0 0 2.99
37 500 1495 3.99
37 1000 3490 3.01
37 1500 4995 0.38
38 0 0 2.99
38 500 1495 3.99
38 1000 3490 3.01
38 1500 4995 0.38
39 0 0 2.99
39 500 1495 3.99
39 1000 3490 3.01
39 1500 4995 0.38
40 0 0 2.99
40 500 1495 3.99
40 1000 3490 3.01
40 1500 4995 0.38
41 0 0 2.99
41 500 1495 3.99
41 1000 3490 3.01
41 1500 4995 0.38
42 0 0 2.99
42 500 1495 3.99
42 1000 3490 3.01
42 1500 4995 0.38
43 0 0 2.99
43 500 1495 3.99
43 1000 3490 3.01
43 1500 4995 0.38
44 0 0 2.99
44 500 1495 3.99
44 1000 3490 3.01
44 1500 4995 0.38
45 0 0 2.99
45 500 1495 3.99
45 1000 3490 3.01
45 1500 4995 0.38
46 0 0 2.99
46 500 1495 3.99
46 1000 3490 3.01
46 1500 4995 0.38
47 0 0 2.99
47 500 1495 3.99
47 1000 3490 3.01
47 1500 4995 0.38
48 0 0 2.99
48 500 1495 3.99
48 1000 3490 3.01
48 1500 4995 0.38
49 0 0 2.99
49 500 1495 3.99
49 1000 3490 3.01
49 1500 4995 0.38
50 0 0 2.99
50 500 1495 3.99
50 1000 3490 3.01
50 1500 4995 0.38
51 0 0 2.99
51 500 1495 3.99
51 1000 3490 3.01
51 1500 4995 0.38
52 0 0 2.99
52 500 1495 3.99
52 1000 3490 3.01
52 1500 4995 0.38
53 0 0 2.99
53 500 1495 3.99
53 1000 3490 3.01
53 1500 4995 0.38
54 0 0 2.99
54 500 1495 3.99
54 1000 3490 3.01
54 1500 4995 0.38
55 0 0 2.99
55 500 1495 3.99
55 1000 3490 3.01
55 1500 4995 0.38
56 0 0 2.99
56 500 1495 3.99
56 1000 3490 3.01
56 1500 4995 0.38
57 0 0 2.99
57 500 1495 3.99
57 1000 3490 3.01
57 1500 4995 0.38
58 0 0 2.99
58 500 1495 3.99
58 1000 3490 3.01
58 1500 4995 0.38
59 0 0 2.99
59 500 1495 3.99
59 1000 3490 3.01
59 1500 4995 0.38
60 0 0 2.99
60 500 1495 3.99
60 1000 3490 3.01
60 1500 4995 0.38
61 0 0 2.99
61 500 1495 3.99
61 1000 3490 3.01
61 1500 4995 0.38
62 0 0 2.99
62 500 1495 3.99
62 1000 3490 3.01
62 1500 4995 0.38
63 0 0 2.99
63 500 1495 3.99
63 1000 3490 3.01
63 1500 4995 0.38
64 0 0 2.99
64 500 1495 3.99
64 1000 3490 3.01
64 1500 4995 0.38
65 0 0 2.99
65 500 1495 3.99
65 1000 3490 3.01
65 1500 4995 0.38
66 0 0 2.99
66 500 1495 3.99
66 1000 3490 3.01
66 1500 4995 0.38
67 0 0 2.99
67 500 1495 3.99
67 1000 3490 3.01
67 1500 4995 0.38
68 0 0 2.99
68 500 1495 3.99
68 1000 3490 3.01
68 1500 4995 0.38
69 0 0 2.99
69 500 1495 3.99
69 1000 3490 3.01
69 1500 4995 0.38
70 0 0 2.99
70 500 1495 3.99
70 1000 3490 3.01
70 1500 4995 0.38
71 0 0 2.99
71 500 1495 3.99
71 1000 3490 3.01
71 1500 4995 0.38
72 0 0 2.99
72 500 1495 3.99
72 1000 3490 3.01
72 1500 4995 0.38
73 0 0 2.99
73 500 1495 3.99
73 1000 3490 3.01
73 1500 4995 0.38
74 0 0 2.99
74 500 1495 3.99
74 1000 3490 3.01
74 1500 4995 0.38
75 0 0 2.99
75 500 1495 3.99
75 1000 3490 3.01
75 1500 4995 0.38
76 0 0 2.99
76 500 1495 3.99
76 1000 3490 3.01
76 1500 4995 0.38
77 0 0 2.99
77 500 1495 3.99
77 1000 3490 3.01
77 1500 4995 0.38
78 0 0 2.99
78 500 1495 3.99
78 1000 3490 3.01
78 1500 4995 0.38
79 0 0 2.99
79 500 1495 3.99
79 1000 3490 3.01
79 1500 4995 0.38
80 0 0 2.99
80 500 1495 3.99
80 1000 3490 3.01
80 1500 4995 0.38
81 0 0 2.99
81 500 1495 3.99
81 1000 3490 3.01
81 1500 4995 0.38
82 0 0 2.99
82 500 1495 3.99
82 1000 3490 3.01
82 1500 4995 0.38
83 0 0 2.99
83 500 1495 3.99
83 1000 3490 3.01
83 1500 4995 0.38
84 0 0 2.99
84 500 1495 3.99
84 1000 3490 3.01
84 1500 4995 0.38
85 0 0 2.99
85 500 1495 3.99
85 1000 3490 3.01
85 1500 4995 0.38
86 0 0 2.99
86 500 1495 3.99
86 1000 3490 3.01
86 1500 4995 0.38
87 0 0 2.99
87 500 1495 3.99
87 1000 3490 3.01
87 1500 4995 0.38
88 0 0 2.99
88 500 1495 3.99
88 1000 3490 3.01
88 1500 4995 0.38
89 0 0 2.99
89 500 1495 3.99
89 1000 3490 3.01
89 1500 4995 0.38
90 0 0 2.99
90 500 1495 3.99
90 1000 3490 3.01
90 1500 4995 0.38
91 0 0 2.99
91 500 1495 3.99
91 1000 3490 3.01
91 1500 4995 0.38
92 0 0 2.99
92 500 1495 3.99
92 1000 3490 3.01
92 1500 4995 0.38
93 0 0 2.99
93 500 1495 3.99
93 1000 3490 3.01
93 1500 4995 0.38
94 0 0 2.99
94 500 1495 3.99
94 1000 3490 3.01
94 1500 4995 0.38
95 0 0 2.99
95 500 1495 3.99
95 1000 3490 3.01
95 1500 4995 0.38
96 0 0 2.99
96 500 1495 3.99
96 1000 3490 3.01
96 1500 4995 0.38
97 0 0 2.99
97 500 1495 3.99
97 1000 3490 3.01
97 1500 4995 0.38
98 0 0 2.99
98 500 1495 3.99
98 1000 3490 3.01
98 1500 4995 0.38
99 0 0 2.99
99 500 1495 3.99
99 1000 3490 3.01
99 1500 4995 0.38
100 0 0 2.99
100 500 1495 3.99
100 1000 3490 3.01
100 1500 4995 0.38
101 0 0 2.99
101 500 1495 3.99
101 1000 3490 3.01
101 1500 4995 0.38
102 0 0 2.99
102 500 1495 3.99
102 1000 3490 3.01
102 1500 4995 0.38
103 0 0 2.99
103 500 1495 3.99
103 1000 3490 3.01
103 1500 4995 0.38
104 0 0 2.99
104 500 1495 3.99
104 1000 3490 3.01
104 1500 4995 0.38
105 0 0 2.99
105 500 1495 3.99
105 1000 3490 3.01
105 1500 4995 0.38
106 0 0 2.99
106 500 1495 3.99
106 1000 3490 3.01
106 1500 4995 0.38
107 0 0 2.99
107 500 1495 3.99
107 1000 3490 3.01
107 1500 4995 0.38
108 0 0 2.99
108 500 1495 3.99
108 1000 3490 3.01
108 1500 4995 0.38
109 0 0 2.99
109 500 1495 3.99
109 1000 3490 3.01
109 1500 4995 0.38
110 0 0 2.99
110 500 1495 3.99
110 1000 3490 3.01
110 1500 4995 0.38
111 0 0 2.99
111 500 1495 3.99
111 1000 3490 3.01
111 1500 4995 0.38
112 0 0 2.99
112 500 1495 3.99
112 1000 3490 3.01
112 1500 4995 0.38
113 0 0 2.99
113 500 1495 3.99
113 1000 3490 3.01
113 1500 4995 0.38
114 0 0 2.99
114 500 1495 3.99
114 1000 3490 3.01
114 1500 4995 0.38
115 0 0 2.99
115 500 1495 3.99
115 1000 3490 3.01
115 1500 4995 0.38
116 0 0 2.99
116 500 1495 3.99
116 1000 3490 3.01
116 1500 4995 0.38
117 0 0 2.99
117 500 1495 3.99
117 1000 3490 3.01
117 1500 4995 0.38
118 0 0 2.99
118 500 1495 3.99
118 1000 3490 3.01
118 1500 4995 0.38
119 0 0 2.99
119 500 1495 3.99
119 1000 3490 3.01
119 1500 4995 0.38
120 0 0 2.99
120 500 1495 3.99
120 1000 3490 3.01
120 1500 4995 0.38
121 0 0 2.99
121 500 1495 3.99
121 1000 3490 3.01
121 1500 4995 0.38
122 0 0 2.99
122 500 1495 3.99
122 1000 3490 3.01
122 1500 4995 0.38
123 0 0 2.99
123 500 1495 3.99
123 1000 3490 3.01
123 1500 4995 0.38
124 0 0 2.99
124 500 1495 3.99
124 1000 3490 3.01
124 1500 4995 0.38
125 0 0 2.99
125 500 1495 3.99
125 1000 3490 3.01
125 1500 4995 0.38
126 0 0 2.99
126 500 1495 3.99
126 1000 3490 3.01
126 1500 4995 0.38
127 0 0 2.99
127 500 1495 3.99
127 1000 3490 3.01
127 1500 4995 0.38
128 0 0 2.99
128 500 1495 3.99
128 1000 3490 3.01
128 1500 4995 0.38
129 0 0 2.99
129 500 1495 3.99
129 1000 3490 3.01
129 1500 4995 0.38
130 0 0 2.99
130 500 1495 3.99
130 1000 3490 3.01
130 1500 4995 0.38
131 0 0 2.99
131 500 1495 3.99
131 1000 3490 3.01
131 1500 4995 0.38
132 0 0 2.99
132 500 1495 3.99
132 1000 3490 3.01
132 1500 4995 0.38
133 0 0 2.99
133 500 1495 3.99
133 1000 3490 3.01
133 1500 4995 0.38
134 0 0 2.99
134 500 1495 3.99
134 1000 3490 3.01
134 1500 4995 0.38
135 0 0 2.99
135 500 1495 3.99
135 1000 3490 3.01
135 1500 4995 0.38
136 0 0 2.99
136 500 1495 3.99
136 1000 3490 3.01
136 1500 4995 0.38
137 0 0 2.99
137 500 1495 3.99
137 1000 3490 3.01
137 1500 4995 0.38
138 0 0 2.99
138 500 1495 3.99
138 1000 3490 3.01
138 1500 4995 0.38
139 0 0 2.99
139 500 1495 3.99
139 1000 3490 3.01
139 1500 4995 0.38
140 0 0 2.99
140 500 1495 3.99
140 1000 3490 3.01
140 1500 4995 0.38
141 0 0 2.99
141 500 1495 3.99
141 1000 3490 3.01
141 1500 4995 0.38
142 0 0 2.99
142 500 1495 3.99
142 1000 3490 3.01
142 1500 4995 0.38
143 0 0 2.99
143 500 1495 3.99
143 1000 3490 3.01
143 1500 4995 0.38
144 0 0 2.99
144 500 1495 3.99
144 1000 3490 3.01
144 1500 4995 0.38
145 0 0 2.99
145 500 1495 3.99
145 1000 3490 3.01
145 1500 4995 0.38
146 0 0 2.99
146 500 1495 3.99
146 1000 3490 3.01
146 1500 4995 0.38
147 0 0 2.99
147 500 1495 3.99
147 1000 3490 3.01
147 1500 4995 0.38
148 0 0 2.99
148 500 1495 3.99
148 1000 3490 3.01
148 1500 4995 0.38
149 0 0 2.99
149 500 1495 3.99
149 1000 3490 3.01
149 1500 4995 0.38
150 0 0 2.99
150 500 1495 3.99
150 1000 3490 3.01
150 1500 4995 0.38
151 0 0 2.99
151 500 1495 3.99
151 1000 3490 3.01
151 1500 4995 0.38
152 0 0 2.99
152 500 1495 3.99
152 1000 3490 3.01
152 1500 4995 0.38
153 0 0 2.99
153 500 1495 3.99
153 1000 3490 3.01
153 1500 4995 0.38
154 0 0 2.99
154 500 1495 3.99
154 1000 3490 3.01
154 1500 4995 0.38
155 0 0 2.99
155 500 1495 3.99
155 1000 3490 3.01
155 1500 4995 0.38
156 0 0 2.99
156 500 1495 3.99
156 1000 3490 3.01
156 1500 4995 0.38
157 0 0 2.99
157 500 1495 3.99
157 1000 3490 3.01
157 1500 4995 0.38
158 0 0 2.99
158 500 1495 3.99
158 1000 3490 3.01
158 1500 4995 0.38
159 0 0 2.99
159 500 1495 3.99
159 1000 3490 3.01
159 1500 4995 0.38
160 0 0 2.99
160 500 1495 3.99
160 1000 3490 3.01
160 1500 4995 0.38
161 0 0 2.99
161 500 1495 3.99
161 1000 3490 3.01
161 1500 4995 0.38
162 0 0 2.99
162 500 1495 3.99
162 1000 3490 3.01
162 1500 4995 0.38
163 0 0 2.99
163 500 1495 3.99
163 1000 3490 3.01
163 1500 4995 0.38
164 0 0 2.99
164 500 1495 3.99
164 1000 3490 3.01
164 1500 4995 0.38
165 0 0 2.99
165 500 1495 3.99
165 1000 3490 3.01
165 1500 4995 0.38
166 0 0 2.99
166 500 1495 3.99
166 1000 3490 3.01
166 1500 4995 0.38
167 0 0 2.99
167 500 1495 3.99
167 1000 3490 3.01
167 1500 4995 0.38
168 0 0 2.99
168 500 1495 3.99
168 1000 3490 3.01
168 1500 4995 0.38
169 0 0 2.99
169 500 1495 3.99
169 1000 3490 3.01
169 1500 4995 0.38
170 0 0 2.99
170 500 1495 3.99
170 1000 3490 3.01
170 1500 4995 0.38
171 0 0 2.99
171 500 1495 3.99
171 1000 3490 3.01
171 1500 4995 0.38
172 0 0 2.99
172 500 1495 3.99
172 1000 3490 3.01
172 1500 4995 0.38
173 0 0 2.99
173 500 1495 3.99
173 1000 3490 3.01
173 1500 4995 0.38
174 0 0 2.99
174 500 1495 3.99
174 1000 3490 3.01
174 1500 4995 0.38
175 0 0 2.99
175 500 1495 3.99
175 1000 3490 3.01
175 1500 4995 0.38
176 0 0 2.99
176 500 1495 3.99
176 1000 3490 3.01
176 1500 4995 0.38
177 0 0 2.99
177 500 1495 3.99
177 1000 3490 3.01
177 1500 4995 0.38
178 0 0 2.99
178 500 1495 3.99
178 1000 3490 3.01
178 1500 4995 0.38
179 0 0 2.99
179 500 1495 3.99
179 1000 3490 3.01
179 1500 4995 0.38
180 0 0 2.99
180 500 1495 3.99
180 1000 3490 3.01
180 1500 4995 0.38
181 0 0 2.99
181 500 1495 3.99
181 1000 3490 3.01
181 1500 4995 0.38
182 0 0 2.99
182 500 1495 3.99
182 1000 3490 3.01
182 1500 4995 0.38
183 0 0 2.99
183 500 1495 3.99
183 1000 3490 3.01
183 1500 4995 0.38
184 0 0 2.99
184 500 1495 3.99
184 1000 3490 3.01
184 1500 4995 0.38
185 0 0 2.99
185 500 1495 3.99
185 1000 3490 3.01
185 1500 4995 0.38
186 0 0 2.99
186 500 1495 3.99
186 1000 3490 3.01
186 1500 4995 0.38
187 0 0 2.99
187 500 1495 3.99
187 1000 3490 3.01
187 1500 4995 0.38
188 0 0 2.99
188 500 1495 3.99
188 1000 3490 3.01
188 1500 4995 0.38
189 0 0 2.99
189 500 1495 3.99
189 1000 3490 3.01
189 1500 4995 0.38
190 0 0 2.99
190 500 1495 3.99
190 1000 3490 3.01
190 1500 4995 0.38
191 0 0 2.99
191 500 1495 3.99
191 1000 3490 3.01
191 1500 4995 0.38
192 0 0 2.99
192 500 1495 3.99
192 1000 3490 3.01
192 1500 4995 0.38
193 0 0 2.99
193 500 1495 3.99
193 1000 3490 3.01
193 1500 4995 0.38
194 0 0 2.99
194 500 1495 3.99
194 1000 3490 3.01
194 1500 4995 0.38
195 0 0 2.99
195 500 1495 3.99
195 1000 3490 3.01
195 1500 4995 0.38
196 0 0 2.99
196 500 1495 3.99
196 1000 3490 3.01
196 1500 4995 0.38
197 0 0 2.99
197 500 1495 3.99
197 1000 3490 3.01
197 1500 4995 0.38
198 0 0 2.99
198 500 1495 3.99
198 1000 3490 3.01
198 1500 4995 0.38
199 0 0 2.99
199 500 1495 3.99
199 1000 3490 3.01
199 1500 4995 0.38
200 0 0 2.99
200 500 1495 3.99
200 1000 3490 3.01
200 1500 4995 0.38
201 0 0 2.99
201 500 1495 3.99
201 1000 3490 3.01
201 1500 4995 0.38
202 0 0 2.99
202 500 1495 3.99
202 1000 3490 3.01
202 1500 4995 0.38
203 0 0 2.99
203 500 1495 3.99
203 1000 3490 3.01
203 1500 4995 0.38
204 0 0 2.99
204 500 1495 3.99
204 1000 3490 3.01
204 1500 4995 0.38
205 0 0 2.99
205 500 1495 3.99
205 1000 3490 3.01
205 1500 4995 0.38
206 0 0 2.99
206 500 1495 3.99
206 1000 3490 3.01
206 1500 4995 0.38
207 0 0 2.99
207 500 1495 3.99
207 1000 3490 3.01
207 1500 4995 0.38
208 0 0 2.99
208 500 1495 3.99
208 1000 3490 3.01
208 1500 4995 0.38
209 0 0 2.99
209 500 1495 3.99
209 1000 3490 3.01
209 1500 4995 0.38
210 0 0 2.99
210 500 1495 3.99
210 1000 3490 3.01
210 1500 4995 0.38
211 0 0 2.99
211 500 1495 3.99
211 1000 3490 3.01
211 1500 4995 0.38
212 0 0 2.99
212 500 1495 3.99
212 1000 3490 3.01
212 1500 4995 0.38
213 0 0 2.99
213 500 1495 3.99
213 1000 3490 3.01
213 1500 4995 0.38
214 0 0 2.99
214 500 1495 3.99
214 1000 3490 3.01
214 1500 4995 0.38
215 0 0 2.99
215 500 1495 3.99
215 1000 3490 3.01
215 1500 4995 0.38
216 0 0 2.99
216 500 1495 3.99
216 1000 3490 3.01
216 1500 4995 0.38
217 0 0 2.99
217 500 1495 3.99
217 1000 3490 3.01
217 1500 4995 0.38
218 0 0 2.99
218 500 1495 3.99
218 1000 3490 3.01
218 1500 4995 0.38
219 0 0 2.99
219 500 1495 3.99
219 1000 3490 3.01
219 1500 4995 0.38
220 0 0 2.99
220 500 1495 3.99
220 1000 3490 3.01
220 1500 4995 0.38
221 0 0 2.99
221 500 1495 3.99
221 1000 3490 3.01
221 1500 4995 0.38
222 0 0 2.99
222 500 1495 3.99
222 1000 3490 3.01
222 1500 4995 0.38
223 0 0 2.99
223 500 1495 3.99
223 1000 3490 3.01
223 1500 4995 0.38
224 0 0 2.99
224 500 1495 3.99
224 1000 3490 3.01
224 1500 4995 0.38
225 0 0 2.99
225 500 1495 3.99
225 1000 3490 3.01
225 1500 4995 0.38
226 0 0 2.99
226 500 1495 3.99
226 1000 3490 3.01
226 1500 4995 0.38
227 0 0 2.99
227 500 1495 3.99
227 1000 3490 3.01
227 1500 4995 0.38
228 0 0 2.99
228 500 1495 3.99
228 1000 3490 3.01
228 1500 4995 0.38
229 0 0 2.99
229 500 1495 3.99
229 1000 3490 3.01
229 1500 4995 0.38
230 0 0 2.99
230 500 1495 3.99
230 1000 3490 3.01
230 1500 4995 0.38
231 0 0 2.99
231 500 1495 3.99
231 1000 3490 3.01
231 1500 4995 0.38
232 0 0 2.99
232 500 1495 3.99
232 1000 3490 3.01
232 1500 4995 0.38
233 0 0 2.99
233 500 1495 3.99
233 1000 3490 3.01
233 1500 4995 0.38
234 0 0 2.99
234 500 1495 3.99
234 1000 3490 3.01
234 1500 4995 0.38
235 0 0 2.99
235 500 1495 3.99
235 1000 3490 3.01
235 1500 4995 0.38
236 0 0 2.99
236 500 1495 3.99
236 1000 3490 3.01
236 1500 4995 0.38
237 0 0 2.99
237 500 1495 3.99
237 1000 3490 3.01
237 1500 4995 0.38
238 0 0 2.99
238 500 1495 3.99
238 1000 3490 3.01
238 1500 4995 0.38
239 0 0 2.99
239 500 1495 3.99
239 1000 3490 3.01
239 1500 4995 0.38
240 0 0 2.99
240 500 1495 3.99
240 1000 3490 3.01
240 1500 4995 0.38
241 0 0 2.99
241 500 1495 3.99
241 1000 3490 3.01
241 1500 4995 0.38
242 0 0 2.99
242 500 1495 3.99
242 1000 3490 3.01
242 1500 4995 0.38
243 0 0 2.99
243 500 1495 3.99
243 1000 3490 3.01
243 1500 4995 0.38
244 0 0 2.99
244 500 1495 3.99
244 1000 3490 3.01
244 1500 4995 0.38
245 0 0 2.99
245 500 1495 3.99
245 1000 3490 3.01
245 1500 4995 0.38
246 0 0 2.99
246 500 1495 3.99
246 1000 3490 3.01
246 1500 4995 0.38
247 0 0 2.99
247 500 1495 3.99
247 1000 3490 3.01
247 1500 4995 0.38
248 0 0 2.99
248 500 1495 3.99
248 1000 3490 3.01
248 1500 4995 0.38
249 0 0 2.99
249 500 1495 3.99
249 1000 3490 3.01
249 1500 4995 0.38
250 0 0 2.99
250 500 1495 3.99
250 1000 3490 3.01
250 1500 4995 0.38
251 0 0 2.99
251 500 1495 3.99
251 1000 3490 3.01
251 1500 4995 0.38
252 0 0 2.99
252 500 1495 3.99
252 1000 3490 3.01
252 1500 4995 0.38
253 0 0 2.99
253 500 1495 3.99
253 1000 3490 3.01
253 1500 4995 0.38
254 0 0 2.99
254 500 1495 3.99
254 1000 3490 3.01
254 1500 4995 0.38
255 0 0 2.99
255 500 1495 3.99
255 1000 3490 3.01
255 1500 4995 0.38
256 0 0 2.99
256 500 1495 3.99
256 1000 3490 3.01
256 1500 4995 0.38
257 0 0 2.99
257 500 1495 3.99
257 1000 3490 3.01
257 1500 4995 0.38
258 0 0 2.99
258 500 1495 3.99
258 1000 3490 3.01
258 1500 4995 0.38
259 0 0 2.99
259 500 1495 3.99
259 1000 3490 3.01
259 1500 4995 0.38
260 0 0 2.99
260 500 1495 3.99
260 1000 3490 3.01
260 1500 4995 0.38
261 0 0 2.99
261 500 1495 3.99
261 1000 3490 3.01
261 1500 4995 0.38
262 0 0 2.99
262 500 1495 3.99
262 1000 3490 3.01
262 1500 4995 0.38
263 0 0 2.99
263 500 1495 3.99
263 1000 3490 3.01
263 1500 4995 0.38
264 0 0 2.99
264 500 1495 3.99
264 1000 3490 3.01
264 1500 4995 0.38
265 0 0 2.99
265 500 1495 3.99
265 1000 3490 3.01
265 1500 4995 0.38
266 0 0 2.99
266 500 1495 3.99
266 1000 3490 3.01
266 1500 4995 0.38
267 0 0 2.99
267 500 1495 3.99
267 1000 3490 3.01
267 1500 4995 0.38
268 0 0 2.99
268 500 1495 3.99
268 1000 3490 3.01
268 1500 4995 0.38
269 0 0 2.99
269 500 1495 3.99
269 1000 3490 3.01
269 1500 4995 0.38
270 0 0 2.99
270 500 1495 3.99
270 1000 3490 3.01
270 1500 4995 0.38
271 0 0 2.99
271 500 1495 3.99
271 1000 3490 3.01
271 1500 4995 0.38
272 0 0 2.99
272 500 1495 3.99
272 1000 3490 3.01
272 1500 4995 0.38
273 0 0 2.99
273 500 1495 3.99
273 1000 3490 3.01
273 1500 4995 0.38
274 0 0 2.99
274 500 1495 3.99
274 1000 3490 3.01
274 1500 4995 0.38
275 0 0 2.99
275 500 1495 3.99
275 1000 3490 3.01
275 1500 4995 0.38
276 0 0 2.99
276 500 1495 3.99
276 1000 3490 3.01
276 1500 4995 0.38
277 0 0 2.99
277 500 1495 3.99
277 1000 3490 3.01
277 1500 4995 0.38
278 0 0 2.99
278 500 1495 3.99
278 1000 3490 3.01
278 1500 4995 0.38
279 0 0 2.99
279 500 1495 3.99
279 1000 3490 3.01
279 1500 4995 0.38
280 0 0 2.99
280 500 1495 3.99
280 1000 3490 3.01
280 1500 4995 0.38
281 0 0 2.99
281 500 1495 3.99
281 1000 3490 3.01
281 1500 4995 0.38
282 0 0 2.99
282 500 1495 3.99
282 1000 3490 3.01
282 1500 4995 0.38
283 0 0 2.99
283 500 1495 3.99
283 1000 3490 3.01
283 1500 4995 0.38
284 0 0 2.99
284 500 1495 3.99
284 1000 3490 3.01
284 1500 4995 0.38
285 0 0 2.99
285 500 1495 3.99
285 1000 3490 3.01
285 1500 4995 0.38
286 0 0 2.99
286 500 1495 3.99
286 1000 3490 3.01
286 1500 4995 0.38
287 0 0 2.99
287 500 1495 3.99
287 1000 3490 3.01
287 1500 4995 0.38
288 0 0 2.99
288 500 1495 3.99
288 1000 3490 3.01
288 1500 4995 0.38
289 0 0 2.99
289 500 1495 3.99
289 1000 3490 3.01
289 1500 4995 0.38
290 0 0 2.99
290 500 1495 3.99
290 1000 3490 3.01
290 1500 4995 0.38
291 0 0 2.99
291 500 1495 3.99
291 1000 3490 3.01
291 1500 4995 0.38
292 0 0 2.99
292 500 1495 3.99
292 1000 3490 3.01
292 1500 4995 0.38
293 0 0 2.99
293 500 1495 3.99
293 1000 3490 3.01
293 1500 4995 0.38
294 0 0 2.99
294 500 1495 3.99
294 1000 3490 3.01
294 1500 4995 0.38
295 0 0 2.99
295 500 1495 3.99
295 1000 3490 3.01
295 1500 4995 0.38
296 0 0 2.99
296 500 1495 3.99
296 1000 3490 3.01
296 1500 4995 0.38
297 0 0 2.99
297 500 1495 3.99
297 1000 3490 3.01
297 1500 4995 0.38
298 0 0 2.99
298 500 1495 3.99
298 1000 3490 3.01
298 1500 4995 0.38
299 0 0 2.99
299 500 1495 3.99
299 1000 3490 3.01
299 1500 4995 0.38
300 0 0 2.99
300 500 1495 3.99
300 1000 3490 3.01
300 1500 4995 0.38
301 0 0 2.99
301 500 1495 3.99
301 1000 3490 3.01
301 1500 4995 0.38
302 0 0 2.99
302 500 1495 3.99
302 1000 3490 3.01
302 1500 4995 0.38
303 0 0 2.99
303 500 1495 3.99
303 1000 3490 3.01
303 1500 4995 0.38
304 0 0 2.99
304 500 1495 3.99
304 1000 3490 3.01
304 1500 4995 0.38
305 0 0 2.99
305 500 1495 3.99
305 1000 3490 3.01
305 1500 4995 0.38
306 0 0 2.99
306 500 1495 3.99
306 1000 3490 3.01
306 1500 4995 0.38
307 0 0 2.99
307 500 1495 3.99
307 1000 3490 3.01
307 1500 4995 0.38
308 0 0 2.99
308 500 1495 3.99
308 1000 3490 3.01
308 1500 4995 0.38
309 0 0 2.99
309 500 1495 3.99
309 1000 3490 3.01
309 1500 4995 0.38
310 0 0 2.99
310 500 1495 3.99
310 1000 3490 3.01
310 1500 4995 0.38
311 0 0 2.99
311 500 1495 3.99
311 1000 3490 3.01
311 1500 4995 0.38
312 0 0 2.99
312 500 1495 3.99
312 1000 3490 3.01
312 1500 4995 0.38
313 0 0 2.99
313 500 1495 3.99
313 1000 3490 3.01
313 1500 4995 0.38
314 0 0 2.99
314 500 1495 3.99
314 1000 3490 3.01
314 1500 4995 0.38
315 0 0 2.99
315 500 1495 3.99
315 1000 3490 3.01
315 1500 4995 0.38
316 0 0 2.99
316 500 1495 3.99
316 1000 3490 3.01
316 1500 4995 0.38
317 0 0 2.99
317 500 1495 3.99
317 1000 3490 3.01
317 1500 4995 0.38
318 0 0 2.99
318 500 1495 3.99
318 1000 3490 3.01
318 1500 4995 0.38
319 0 0 2.99
319 500 1495 3.99
319 1000 3490 3.01
319 1500 4995 0.38
320 0 0 2.99
320 500 1495 3.99
320 1000 3490 3.01
320 1500 4995 0.38
321 0 0 2.99
321 500 1495 3.99
321 1000 3490 3.01
321 1500 4995 0.38
322 0 0 2.99
322 500 1495 3.99
322 1000 3490 3.01
322 1500 4995 0.38
323 0 0 2.99
323 500 1495 3.99
323 1000 3490 3.01
323 1500 4995 0.38
324 0 0 2.99
324 500 1495 3.99
324 1000 3490 3.01
324 1500 4995 0.38
325 0 0 2.99
325 500 1495 3.99
325 1000 3490 3.01
325 1500 4995 0.38
326 0 0 2.99
326 500 1495 3.99
326 1000 3490 3.01
326 1500 4995 0.38
327 0 0 2.99
327 500 1495 3.99
327 1000 3490 3.01
327 1500 4995 0.38
328 0 0 2.99
328 500 1495 3.99
328 1000 3490 3.01
328 1500 4995 0.38
329 0 0 2.99
329 500 1495 3.99
329 1000 3490 3.01
329 1500 4995 0.38
330 0 0 2.99
330 500 1495 3.99
330 1000 3490 3.01
330 1500 4995 0.38
331 0 0 2.99
331 500 1495 3.99
331 1000 3490 3.01
331 1500 4995 0.38
332 0 0 2.99
332 500 1495 3.99
332 1000 3490 3.01
332 1500 4995 0.38
333 0 0 2.99
333 500 1495 3.99
333 1000 3490 3.01
333 1500 4995 0.38
334 0 0 2.99
334 500 1495 3.99
334 1000 3490 3.01
334 1500 4995 0.38
335 0 0 2.99
335 500 1495 3.99
335 1000 3490 3.01
335 1500 4995 0.38
336 0 0 2.99
336 500 1495 3.99
336 1000 3490 3.01
336 1500 4995 0.38
337 0 0 2.99
337 500 1495 3.99
337 1000 3490 3.01
337 1500 4995 0.38
338 0 0 2.99
338 500 1495 3.99
338 1000 3490 3.01
338 1500 4995 0.38
339 0 0 2.99
339 500 1495 3.99
339 1000 3490 3.01
339 1500 4995 0.38
340 0 0 2.99
340 500 1495 3.99
340 1000 3490 3.01
340 1500 4995 0.38
341 0 0 2.99
341 500 1495 3.99
341 1000 3490 3.01
341 1500 4995 0.38
342 0 0 2.99
342 500 1495 3.99
342 1000 3490 3.01
342 1500 4995 0.38
343 0 0 2.99
343 500 1495 3.99
343 1000 3490 3.01
343 1500 4995 0.38
344 0 0 2.99
344 500 1495 3.99
344 1000 3490 3.01
344 1500 4995 0.38
345 0 0 2.99
345 500 1495 3.99
345 1000 3490 3.01
345 1500 4995 0.38
346 0 0 2.99
346 500 1495 3.99
346 1000 3490 3.01
346 1500 4995 0.38
347 0 0 2.99
347 500 1495 3.99
347 1000 3490 3.01
347 1500 4995 0.38
348 0 0 2.99
348 500 1495 3.99
348 1000 3490 3.01
348 1500 4995 0.38
349 0 0 2.99
349 500 1495 3.99
349 1000 3490 3.01
349 1500 4995 0.38
350 0 0 2.99
350 500 1495 3.99
350 1000 3490 3.01
350 1500 4995 0.38
351 0 0 2.99
351 500 1495 3.99
351 1000 3490 3.01
351 1500 4995 0.38
352 0 0 2.99
352 500 1495 3.99
352 1000 3490 3.01
352 1500 4995 0.38
353 0 0 2.99
353 500 1495 3.99
353 1000 3490 3.01
353 1500 4995 0.38
354 0 0 2.99
354 500 1495 3.99
354 1000 3490 3.01
354 1500 4995 0.38
355 0 0 2.99
355 500 1495 3.99
355 1000 3490 3.01
355 1500 4995 0.38
356 0 0 2.99
356 500 1495 3.99
356 1000 3490 3.01
356 1500 4995 0.38
357 0 0 2.99
357 500 1495 3.99
357 1000 3490 3.01
357 1500 4995 0.38
358 0 0 2.99
358 500 1495 3.99
358 1000 3490 3.01
358 1500 4995 0.38
359 0 0 2.99
359 500 1495 3.99
359 1000 3490 3.01
359 1500 4995 0.38
360 0 0 2.99
360 500 1495 3.99
360 1000 3490 3.01
360 1500 4995 0.38
361 0 0 2.99
361 500 1495 3.99
361 1000 3490 3.01
361 1500 4995 0.38
362 0 0 2.99
362 500 1495 3.99
362 1000 3490 3.01
362 1500 4995 0.38
363 0 0 2.99
363 500 1495 3.99
363 1000 3490 3.01
363 1500 4995 0.38
364 0 0 2.99
364 500 1495 3.99
364 1000 3490 3.01
364 1500 4995 0.38
365 0 0 2.99
365 500 1495 3.99
365 1000 3490 3.01
365 1500 4995 0.38
366 0 0 2.99
366 500 1495 3.99
366 1000 3490 3.01
366 1500 4995 0.38
367 0 0 2.99
367 500 1495 3.99
367 1000 3490 3.01
367 1500 4995 0.38
368 0 0 2.99
368 500 1495 3.99
368 1000 3490 3.01
368 1500 4995 0.38
369 0 0 2.99
369 500 1495 3.99
369 1000 3490 3.01
369 1500 4995 0.38
370 0 0 2.99
370 500 1495 3.99
370 1000 3490 3.01
370 1500 4995 0.38
371 0 0 2.99
371 500 1495 3.99
371 1000 3490 3.01
371 1500 4995 0.38
372 0 0 2.99
372 500 1495 3.99
372 1000 3490 3.01
372 1500 4995 0.38
373 0 0 2.99
373 500 1495 3.99
373 1000 3490 3.01
373 1500 4995 0.38
374 0 0 2.99
374 500 1495 3.99
374 1000 3490 3.01
374 1500 4995 0.38
375 0 0 2.99
375 500 1495 3.99
375 1000 3490 3.01
375 1500 4995 0.38
376 0 0 2.99
376 500 1495 3.99
376 1000 3490 3.01
376 1500 4995 0.38
377 0 0 2.99
377 500 1495 3.99
377 1000 3490 3.01
377 1500 4995 0.38
378 0 0 2.99
378 500 1495 3.99
378 1000 3490 3.01
378 1500 4995 0.38
379 0 0 2.99
379 500 1495 3.99
379 1000 3490 3.01
379 1500 4995 0.38
380 0 0 2.99
380 500 1495 3.99
380 1000 3490 3.01
380 1500 4995 0.38
381 0 0 2.99
381 500 1495 3.99
381 1000 3490 3.01
381 1500 4995 0.38
382 0 0 2.99
382 500 1495 3.99
382 1000 3490 3.01
382 1500 4995 0.38
383 0 0 2.99
383 500 1495 3.99
383 1000 3490 3.01
383 1500 4995 0.38
384 0 0 2.99
384 500 1495 3.99
384 1000 3490 3.01
384 1500 4995 0.38
385 0 0 2.99
385 500 1495 3.99
385 1000 3490 3.01
385 1500 4995 0.38
386 0 0 2.99
386 500 1495 3.99
386 1000 3490 3.01
386 1500 4995 0.38
387 0 0 2.99
387 500 1495 3.99
387 1000 3490 3.01
387 1500 4995 0.38
388 0 0 2.99
388 500 1495 3.99
388 1000 3490 3.01
388 1500 4995 0.38
389 0 0 2.99
389 500 1495 3.99
389 1000 3490 3.01
389 1500 4995 0.38
390 0 0 2.99
390 500 1495 3.99
390 1000 3490 3.01
390 1500 4995 0.38
391 0 0 2.99
391 500 1495 3.99
391 1000 3490 3.01
391 1500 4995 0.38
392 0 0 2.99
392 500 1495 3.99
392 1000 3490 3.01
392 1500 4995 0.38
393 0 0 2.99
393 500 1495 3.99
393 1000 3490 3.01
393 1500 4995 0.38
394 0 0 2.99
394 500 1495 3.99
394 1000 3490 3.01
394 1500 4995 0.38
395 0 0 2.99
395 500 1495 3.99
395 1000 3490 3.01
395 1500 4995 0.38
396 0 0 2.99
396 500 1495 3.99
396 1000 3490 3.01
396 1500 4995 0.38
397 0 0 2.99
397 500 1495 3.99
397 1000 3490 3.01
397 1500 4995 0.38
398 0 0 2.99
398 500 1495 3.99
398 1000 3490 3.01
398 1500 4995 0.38
399 0 0 2.99
399 500 1495 3.99
399 1000 3490 3.01
399 1500 4995 0.38
400 0 0 2.99
400 500 1495 3.99
400 1000 3490 3.01
400 1500 4995 0.38
401 0 0 2.99
401 500 1495 3.99
401 1000 3490 3.01
401 1500 4995 0.38
402 0 0 2.99
402 500 1495 3.99
402 1000 3490 3.01
402 1500 4995 0.38
403 0 0 2.99
403 500 1495 3.99
403 1000 3490 3.01
403 1500 4995 0.38
404 0 0 2.99
404 500 1495 3.99
404 1000 3490 3.01
404 1500 4995 0.38
405 0 0 2.99
405 500 1495 3.99
405 1000 3490 3.01
405 1500 4995 0.38
406 0 0 2.99
406 500 1495 3.99
406 1000 3490 3.01
406 1500 4995 0.38
407 0 0 2.99
407 500 1495 3.99
407 1000 3490 3.01
407 1500 4995 0.38
408 0 0 2.99
408 500 1495 3.99
408 1000 3490 3.01
408 1500 4995 0.38
409 0 0 2.99
409 500 1495 3.99
409 1000 3490 3.01
409 1500 4995 0.38
410 0 0 2.99
410 500 1495 3.99
410 1000 3490 3.01
410 1500 4995 0.38
411 0 0 2.99
411 500 1495 3.99
411 1000 3490 3.01
411 1500 4995 0.38
412 0 0 2.99
412 500 1495 3.99
412 1000 3490 3.01
412 1500 4995 0.38
413 0 0 2.99
413 500 1495 3.99
413 1000 3490 3.01
413 1500 4995 0.38
414 0 0 2.99
414 500 1495 3.99
414 1000 3490 3.01
414 1500 4995 0.38
415 0 0 2.99
415 500 1495 3.99
415 1000 3490 3.01
415 1500 4995 0.38
416 0 0 2.99
416 500 1495 3.99
416 1000 3490 3.01
416 1500 4995 0.38
417 0 0 2.99
417 500 1495 3.99
417 1000 3490 3.01
417 1500 4995 0.38
418 0 0 2.99
418 500 1495 3.99
418 1000 3490 3.01
418 1500 4995 0.38
419 0 0 2.99
419 500 1495 3.99
419 1000 3490 3.01
419 1500 4995 0.38
420 0 0 2.99
420 500 1495 3.99
420 1000 3490 3.01
420 1500 4995 0.38
421 0 0 2.99
421 500 1495 3.99
421 1000 3490 3.01
421 1500 4995 0.38
422 0 0 2.99
422 500 1495 3.99
422 1000 3490 3.01
422 1500 4995 0.38
423 0 0 2.99
423 500 1495 3.99
423 1000 3490 3.01
423 1500 4995 0.38
424 0 0 2.99
424 500 1495 3.99
424 1000 3490 3.01
424 1500 4995 0.38
425 0 0 2.99
425 500 1495 3.99
425 1000 3490 3.01
425 1500 4995 0.38
426 0 0 2.99
426 500 1495 3.99
426 1000 3490 3.01
426 1500 4995 0.38
427 0 0 2.99
427 500 1495 3.99
427 1000 3490 3.01
427 1500 4995 0.38
428 0 0 2.99
428 500 1495 3.99
428 1000 3490 3.01
428 1500 4995 0.38
429 0 0 2.99
429 500 1495 3.99
429 1000 3490 3.01
429 1500 4995 0.38
430 0 0 2.99
430 500 1495 3.99
430 1000 3490 3.01
430 1500 4995 0.38
431 0 0 2.99
431 500 1495 3.99
431 1000 3490 3.01
431 1500 4995 0.38
432 0 0 2.99
432 500 1495 3.99
432 1000 3490 3.01
432 1500 4995 0.38
433 0 0 2.99
433 500 1495 3.99
433 1000 3490 3.01
433 1500 4995 0.38
434 0 0 2.99
434 500 1495 3.99
434 1000 3490 3.01
434 1500 4995 0.38
435 0 0 2.99
435 500 1495 3.99
435 1000 3490 3.01
435 1500 4995 0.38
436 0 0 2.99
436 500 1495 3.99
436 1000 3490 3.01
436 1500 4995 0.38
437 0 0 2.99
437 500 1495 3.99
437 1000 3490 3.01
437 1500 4995 0.38
438 0 0 2.99
438 500 1495 3.99
438 1000 3490 3.01
438 1500 4995 0.38
439 0 0 2.99
439 500 1495 3.99
439 1000 3490 3.01
439 1500 4995 0.38
440 0 0 2.99
440 500 1495 3.99
440 1000 3490 3.01
440 1500 4995 0.38
441 0 0 2.99
441 500 1495 3.99
441 1000 3490 3.01
441 1500 4995 0.38
442 0 0 2.99
442 500 1495 3.99
442 1000 3490 3.01
442 1500 4995 0.38
443 0 0 2.99
443 500 1495 3.99
443 1000 3490 3.01
443 1500 4995 0.38
444 0 0 2.99
444 500 1495 3.99
444 1000 3490 3.01
444 1500 4995 0.38
445 0 0 2.99
445 500 1495 3.99
445 1000 3490 3.01
445 1500 4995 0.38
446 0 0 2.99
446 500 1495 3.99
446 1000 3490 3.01
446 1500 4995 0.38
447 0 0 2.99
447 500 1495 3.99
447 1000 3490 3.01
447 1500 4995 0.38
448 0 0 2.99
448 500 1495 3.99
448 1000 3490 3.01
448 1500 4995 0.38
449 0 0 2.99
449 500 1495 3.99
449 1000 3490 3.01
449 1500 4995 0.38
450 0 0 2.99
450 500 1495 3.99
450 1000 3490 3.01
450 1500 4995 0.38
451 0 0 2.99
451 500 1495 3.99
451 1000 3490 3.01
451 1500 4995 0.38
452 0 0 2.99
452 500 1495 3.99
452 1000 3490 3.01
452 1500 4995 0.38
453 0 0 2.99
453 500 1495 3.99
453 1000 3490 3.01
453 1500 4995 0.38
454 0 0 2.99
454 500 1495 3.99
454 1000 3490 3.01
454 1500 4995 0.38
455 0 0 2.99
455 500 1495 3.99
455 1000 3490 3.01
455 1500 4995 0.38
456 0 0 2.99
456 500 1495 3.99
456 1000 3490 3.01
456 1500 4995 0.38
457 0 0 2.99
457 500 1495 3.99
457 1000 3490 3.01
457 1500 4995 0.38
458 0 0 2.99
458 500 1495 3.99
458 1000 3490 3.01
458 1500 4995 0.38
459 0 0 2.99
459 500 1495 3.99
459 1000 3490 3.01
459 1500 4995 0.38
460 0 0 2.99
460 500 1495 3.99
460 1000 3490 3.01
460 1500 4995 0.38
461 0 0 2.99
461 500 1495 3.99
461 1000 3490 3.01
461 1500 4995 0.38
462 0 0 2.99
462 500 1495 3.99
462 1000 3490 3.01
462 1500 4995 0.38
463 0 0 2.99
463 500 1495 3.99
463 1000 3490 3.01
463 1500 4995 0.38
464 0 0 2.99
464 500 1495 3.99
464 1000 3490 3.01
464 1500 4995 0.38
465 0 0 2.99
465 500 1495 3.99
465 1000 3490 3.01
465 1500 4995 0.38
466 0 0 2.99
466 500 1495 3.99
466 1000 3490 3.01
466 1500 4995 0.38
467 0 0 2.99
467 500 1495 3.99
467 1000 3490 3.01
467 1500 4995 0.38
468 0 0 2.99
468 500 1495 3.99
468 1000 3490 3.01
468 1500 4995 0.38
469 0 0 2.99
469 500 1495 3.99
469 1000 3490 3.01
469 1500 4995 0.38
470 0 0 2.99
470 500 1495 3.99
470 1000 3490 3.01
470 1500 4995 0.38
471 0 0 2.99
471 500 1495 3.99
471 1000 3490 3.01
471 1500 4995 0.38
472 0 0 2.99
472 500 1495 3.99
472 1000 3490 3.01
472 1500 4995 0.38
473 0 0 2.99
473 500 1495 3.99
473 1000 3490 3.01
473 1500 4995 0.38
474 0 0 2.99
474 500 1495 3.99
474 1000 3490 3.01
474 1500 4995 0.38
475 0 0 2.99
475 500 1495 3.99
475 1000 3490 3.01
475 1500 4995 0.38
476 0 0 2.99
476 500 1495 3.99
476 1000 3490 3.01
476 1500 4995 0.38
477 0 0 2.99
477 500 1495 3.99
477 1000 3490 3.01
477 1500 4995 0.38
478 0 0 2.99
478 500 1495 3.99
478 1000 3490 3.01
478 1500 4995 0.38
479 0 0 2.99
479 500 1495 3.99
479 1000 3490 3.01
479 1500 4995 0.38
480 0 0 2.99
480 500 1495 3.99
480 1000 3490 3.01
480 1500 4995 0.38
481 0 0 2.99
481 500 1495 3.99
481 1000 3490 3.01
481 1500 4995 0.38
482 0 0 2.99
482 500 1495 3.99
482 1000 3490 3.01
482 1500 4995 0.38
483 0 0 2.99
483 500 1495 3.99
483 1000 3490 3.01
483 1500 4995 0.38
484 0 0 2.99
484 500 1495 3.99
484 1000 3490 3.01
484 1500 4995 0.38
485 0 0 2.99
485 500 1495 3.99
485 1000 3490 3.01
485 1500 4995 0.38
486 0 0 2.99
486 500 1495 3.99
486 1000 3490 3.01
486 1500 4995 0.38
487 0 0 2.99
487 500 1495 3.99
487 1000 3490 3.01
487 1500 4995 0.38
488 0 0 2.99
488 500 1495 3.99
488 1000 3490 3.01
488 1500 4995 0.38
489 0 0 2.99
489 500 1495 3.99
489 1000 3490 3.01
489 1500 4995 0.38
490 0 0 2.99
490 500 1495 3.99
490 1000 3490 3.01
490 1500 4995 0.38
491 0 0 2.99
491 500 1495 3.99
491 1000 3490 3.01
491 1500 4995 0.38
492 0 0 2.99
492 500 1495 3.99
492 1000 3490 3.01
492 1500 4995 0.38
493 0 0 2.99
493 500 1495 3.99
493 1000 3490 3.01
493 1500 4995 0.38
494 0 0 2.99
494 500 1495 3.99
494 1000 3490 3.01
494 1500 4995 0.38
495 0 0 2.99
495 500 1495 3.99
495 1000 3490 3.01
495 1500 4995 0.38
496 0 0 2.99
496 500 1495 3.99
496 1000 3490 3.01
496 1500 4995 0.38
497 0 0 2.99
497 500 1495 3.99
497 1000 3490 3.01
497 1500 4995 0.38
498 0 0 2.99
498 500 1495 3.99
498 1000 3490 3.01
498 1500 4995 0.38
499 0 0 2.99
499 500 1495 3.99
499 1000 3490 3.01
499 1500 4995 0.38
