20 10
0 0 0 4.99
0 200 998 1.14
0 400 1226 1.37
0 600 1500 0.27
0 800 1554 4.53
0 1000 2460 4.2
0 1200 3300 2.04
0 1400 3708 2.76
0 1600 4260 2.15
0 1800 4690 4.98
1 0 0 4.99
1 200 998 1.14
1 400 1226 1.37
1 600 1500 0.27
1 800 1554 4.53
1 1000 2460 4.2
1 1200 3300 2.04
1 1400 3708 2.76
1 1600 4260 2.15
1 1800 4690 4.98
2 0 0 4.99
2 200 998 1.14
2 400 1226 1.37
2 600 1500 0.27
2 800 1554 4.53
2 1000 2460 4.2
2 1200 3300 2.04
2 1400 3708 2.76
2 1600 4260 2.15
2 1800 4690 4.98
3 0 0 4.99
3 200 998 1.14
3 400 1226 1.37
3 600 1500 0.27
3 800 1554 4.53
3 1000 2460 4.2
3 1200 3300 2.04
3 1400 3708 2.76
3 1600 4260 2.15
3 1800 4690 4.98
4 0 0 4.99
4 200 998 1.14
4 400 1226 1.37
4 600 1500 0.27
4 800 1554 4.53
4 1000 2460 4.2
4 1200 3300 2.04
4 1400 3708 2.76
4 1600 4260 2.15
4 1800 4690 4.98
5 0 0 4.99
5 200 998 1.14
5 400 1226 1.37
5 600 1500 0.27
5 800 1554 4.53
5 1000 2460 4.2
5 1200 3300 2.04
5 1400 3708 2.76
5 1600 4260 2.15
5 1800 4690 4.98
6 0 0 4.99
6 200 998 1.14
6 400 1226 1.37
6 600 1500 0.27
6 800 1554 4.53
6 1000 2460 4.2
6 1200 3300 2.04
6 1400 3708 2.76
6 1600 4260 2.15
6 1800 4690 4.98
7 0 0 4.99
7 200 998 1.14
7 400 1226 1.37
7 600 1500 0.27
7 800 1554 4.53
7 1000 2460 4.2
7 1200 3300 2.04
7 1400 3708 2.76
7 1600 4260 2.15
7 1800 4690 4.98
8 0 0 4.99
8 200 998 1.14
8 400 1226 1.37
8 600 1500 0.27
8 800 1554 4.53
8 1000 2460 4.2
8 1200 3300 2.04
8 1400 3708 2.76
8 1600 4260 2.15
8 1800 4690 4.98
9 0 0 4.99
9 200 998 1.14
9 400 1226 1.37
9 600 1500 0.27
9 800 1554 4.53
9 1000 2460 4.2
9 1200 3300 2.04
9 1400 3708 2.76
9 1600 4260 2.15
9 1800 4690 4.98
10 0 0 4.99
10 200 998 1.14
10 400 1226 1.37
10 600 1500 0.27
10 800 1554 4.53
10 1000 2460 4.2
10 1200 3300 2.04
10 1400 3708 2.76
10 1600 4260 2.15
10 1800 4690 4.98
11 0 0 4.99
11 200 998 1.14
11 400 1226 1.37
11 600 1500 0.27
11 800 1554 4.53
11 1000 2460 4.2
11 1200 3300 2.04
11 1400 3708 2.76
11 1600 4260 2.15
11 1800 4690 4.98
12 0 0 4.99
12 200 998 1.14
12 400 1226 1.37
12 600 1500 0.27
12 800 1554 4.53
12 1000 2460 4.2
12 1200 3300 2.04
12 1400 3708 2.76
12 1600 4260 2.15
12 1800 4690 4.98
13 0 0 4.99
13 200 998 1.14
13 400 1226 1.37
13 600 1500 0.27
13 800 1554 4.53
13 1000 2460 4.2
13 1200 3300 2.04
13 1400 3708 2.76
13 1600 4260 2.15
13 1800 4690 4.98
14 0 0 4.99
14 200 998 1.14
14 400 1226 1.37
14 600 1500 0.27
14 800 1554 4.53
14 1000 2460 4.2
14 1200 3300 2.04
14 1400 3708 2.76
14 1600 4260 2.15
14 1800 4690 4.98
15 0 0 4.99
15 200 998 1.14
15 400 1226 1.37
15 600 1500 0.27
15 800 1554 4.53
15 1000 2460 4.2
15 1200 3300 2.04
15 1400 3708 2.76
15 1600 4260 2.15
15 1800 4690 4.98
16 0 0 4.99
16 200 998 1.14
16 400 1226 1.37
16 600 1500 0.27
16 800 1554 4.53
16 1000 2460 4.2
16 1200 3300 2.04
16 1400 3708 2.76
16 1600 4260 2.15
16 1800 4690 4.98
17 0 0 4.99
17 200 998 1.14
17 400 1226 1.37
17 600 1500 0.27
17 800 1554 4.53
17 1000 2460 4.2
17 1200 3300 2.04
17 1400 3708 2.76
17 1600 4260 2.15
17 1800 4690 4.98
18 0 0 4.99
18 200 998 1.14
18 400 1226 1.37
18 600 1500 0.27
18 800 1554 4.53
18 1000 2460 4.2
18 1200 3300 2.04
18 1400 3708 2.76
18 1600 4260 2.15
18 1800 4690 4.98
19 0 0 4.99
19 200 998 1.14
19 400 1226 1.37
19 600 1500 0.27
19 800 1554 4.53
19 1000 2460 4.2
19 1200 3300 2.04
19 1400 3708 2.76
19 1600 4260 2.15
19 1800 4690 4.98
