500 4
0 0 0 2.47
0 25 61.75 3.7
0 50 154.25 2.96
0 75 228.25 1.66
1 0 0 2.47
1 25 61.75 3.7
1 50 154.25 2.96
1 75 228.25 1.66
2 0 0 2.47
2 25 61.75 3.7
2 50 154.25 2.96
2 75 228.25 1.66
3 0 0 2.47
3 25 61.75 3.7
3 50 154.25 2.96
3 75 228.25 1.66
4 0 0 2.47
4 25 61.75 3.7
4 50 154.25 2.96
4 75 228.25 1.66
5 0 0 2.47
5 25 61.75 3.7
5 50 154.25 2.96
5 75 228.25 1.66
6 0 0 2.47
6 25 61.75 3.7
6 50 154.25 2.96
6 75 228.25 1.66
7 0 0 2.47
7 25 61.75 3.7
7 50 154.25 2.96
7 75 228.25 1.66
8 0 0 2.47
8 25 61.75 3.7
8 50 154.25 2.96
8 75 228.25 1.66
9 0 0 2.47
9 25 61.75 3.7
9 50 154.25 2.96
9 75 228.25 1.66
10 0 0 2.47
10 25 61.75 3.7
10 50 154.25 2.96
10 75 228.25 1.66
11 0 0 2.47
11 25 61.75 3.7
11 50 154.25 2.96
11 75 228.25 1.66
12 0 0 2.47
12 25 61.75 3.7
12 50 154.25 2.96
12 75 228.25 1.66
13 0 0 2.47
13 25 61.75 3.7
13 50 154.25 2.96
13 75 228.25 1.66
14 0 0 2.47
14 25 61.75 3.7
14 50 154.25 2.96
14 75 228.25 1.66
15 0 0 2.47
15 25 61.75 3.7
15 50 154.25 2.96
15 75 228.25 1.66
16 0 0 2.47
16 25 61.75 3.7
16 50 154.25 2.96
16 75 228.25 1.66
17 0 0 2.47
17 25 61.75 3.7
17 50 154.25 2.96
17 75 228.25 1.66
18 0 0 2.47
18 25 61.75 3.7
18 50 154.25 2.96
18 75 228.25 1.66
19 0 0 2.47
19 25 61.75 3.7
19 50 154.25 2.96
19 75 228.25 1.66
20 0 0 2.47
20 25 61.75 3.7
20 50 154.25 2.96
20 75 228.25 1.66
21 0 0 2.47
21 25 61.75 3.7
21 50 154.25 2.96
21 75 228.25 1.66
22 0 0 2.47
22 25 61.75 3.7
22 50 154.25 2.96
22 75 228.25 1.66
23 0 0 2.47
23 25 61.75 3.7
23 50 154.25 2.96
23 75 228.25 1.66
24 0 0 2.47
24 25 61.75 3.7
24 50 154.25 2.96
24 75 228.25 1.66
25 0 0 2.47
25 25 61.75 3.7
25 50 154.25 2.96
25 75 228.25 1.66
26 0 0 2.47
26 25 61.75 3.7
26 50 154.25 2.96
26 75 228.25 1.66
27 0 0 2.47
27 25 61.75 3.7
27 50 154.25 2.96
27 75 228.25 1.66
28 0 0 2.47
28 25 61.75 3.7
28 50 154.25 2.96
28 75 228.25 1.66
29 0 0 2.47
29 25 61.75 3.7
29 50 154.25 2.96
29 75 228.25 1.66
30 0 0 2.47
30 25 61.75 3.7
30 50 154.25 2.96
30 75 228.25 1.66
31 0 0 2.47
31 25 61.75 3.7
31 50 154.25 2.96
31 75 228.25 1.66
32 0 0 2.47
32 25 61.75 3.7
32 50 154.25 2.96
32 75 228.25 1.66
33 0 0 2.47
33 25 61.75 3.7
33 50 154.25 2.96
33 75 228.25 1.66
34 0 0 2.47
34 25 61.75 3.7
34 50 154.25 2.96
34 75 228.25 1.66
35 0 0 2.47
35 25 61.75 3.7
35 50 154.25 2.96
35 75 228.25 1.66
36 0 0 2.47
36 25 61.75 3.7
36 50 154.25 2.96
36 75 228.25 1.66
37 0 0 2.47
37 25 61.75 3.7
37 50 154.25 2.96
37 75 228.25 1.66
38 0 0 2.47
38 25 61.75 3.7
38 50 154.25 2.96
38 75 228.25 1.66
39 0 0 2.47
39 25 61.75 3.7
39 50 154.25 2.96
39 75 228.25 1.66
40 0 0 2.47
40 25 61.75 3.7
40 50 154.25 2.96
40 75 228.25 1.66
41 0 0 2.47
41 25 61.75 3.7
41 50 154.25 2.96
41 75 228.25 1.66
42 0 0 2.47
42 25 61.75 3.7
42 50 154.25 2.96
42 75 228.25 1.66
43 0 0 2.47
43 25 61.75 3.7
43 50 154.25 2.96
43 75 228.25 1.66
44 0 0 2.47
44 25 61.75 3.7
44 50 154.25 2.96
44 75 228.25 1.66
45 0 0 2.47
45 25 61.75 3.7
45 50 154.25 2.96
45 75 228.25 1.66
46 0 0 2.47
46 25 61.75 3.7
46 50 154.25 2.96
46 75 228.25 1.66
47 0 0 2.47
47 25 61.75 3.7
47 50 154.25 2.96
47 75 228.25 1.66
48 0 0 2.47
48 25 61.75 3.7
48 50 154.25 2.96
48 75 228.25 1.66
49 0 0 2.47
49 25 61.75 3.7
49 50 154.25 2.96
49 75 228.25 1.66
50 0 0 2.47
50 25 61.75 3.7
50 50 154.25 2.96
50 75 228.25 1.66
51 0 0 2.47
51 25 61.75 3.7
51 50 154.25 2.96
51 75 228.25 1.66
52 0 0 2.47
52 25 61.75 3.7
52 50 154.25 2.96
52 75 228.25 1.66
53 0 0 2.47
53 25 61.75 3.7
53 50 154.25 2.96
53 75 228.25 1.66
54 0 0 2.47
54 25 61.75 3.7
54 50 154.25 2.96
54 75 228.25 1.66
55 0 0 2.47
55 25 61.75 3.7
55 50 154.25 2.96
55 75 228.25 1.66
56 0 0 2.47
56 25 61.75 3.7
56 50 154.25 2.96
56 75 228.25 1.66
57 0 0 2.47
57 25 61.75 3.7
57 50 154.25 2.96
57 75 228.25 1.66
58 0 0 2.47
58 25 61.75 3.7
58 50 154.25 2.96
58 75 228.25 1.66
59 0 0 2.47
59 25 61.75 3.7
59 50 154.25 2.96
59 75 228.25 1.66
60 0 0 2.47
60 25 61.75 3.7
60 50 154.25 2.96
60 75 228.25 1.66
61 0 0 2.47
61 25 61.75 3.7
61 50 154.25 2.96
61 75 228.25 1.66
62 0 0 2.47
62 25 61.75 3.7
62 50 154.25 2.96
62 75 228.25 1.66
63 0 0 2.47
63 25 61.75 3.7
63 50 154.25 2.96
63 75 228.25 1.66
64 0 0 2.47
64 25 61.75 3.7
64 50 154.25 2.96
64 75 228.25 1.66
65 0 0 2.47
65 25 61.75 3.7
65 50 154.25 2.96
65 75 228.25 1.66
66 0 0 2.47
66 25 61.75 3.7
66 50 154.25 2.96
66 75 228.25 1.66
67 0 0 2.47
67 25 61.75 3.7
67 50 154.25 2.96
67 75 228.25 1.66
68 0 0 2.47
68 25 61.75 3.7
68 50 154.25 2.96
68 75 228.25 1.66
69 0 0 2.47
69 25 61.75 3.7
69 50 154.25 2.96
69 75 228.25 1.66
70 0 0 2.47
70 25 61.75 3.7
70 50 154.25 2.96
70 75 228.25 1.66
71 0 0 2.47
71 25 61.75 3.7
71 50 154.25 2.96
71 75 228.25 1.66
72 0 0 2.47
72 25 61.75 3.7
72 50 154.25 2.96
72 75 228.25 1.66
73 0 0 2.47
73 25 61.75 3.7
73 50 154.25 2.96
73 75 228.25 1.66
74 0 0 2.47
74 25 61.75 3.7
74 50 154.25 2.96
74 75 228.25 1.66
75 0 0 2.47
75 25 61.75 3.7
75 50 154.25 2.96
75 75 228.25 1.66
76 0 0 2.47
76 25 61.75 3.7
76 50 154.25 2.96
76 75 228.25 1.66
77 0 0 2.47
77 25 61.75 3.7
77 50 154.25 2.96
77 75 228.25 1.66
78 0 0 2.47
78 25 61.75 3.7
78 50 154.25 2.96
78 75 228.25 1.66
79 0 0 2.47
79 25 61.75 3.7
79 50 154.25 2.96
79 75 228.25 1.66
80 0 0 2.47
80 25 61.75 3.7
80 50 154.25 2.96
80 75 228.25 1.66
81 0 0 2.47
81 25 61.75 3.7
81 50 154.25 2.96
81 75 228.25 1.66
82 0 0 2.47
82 25 61.75 3.7
82 50 154.25 2.96
82 75 228.25 1.66
83 0 0 2.47
83 25 61.75 3.7
83 50 154.25 2.96
83 75 228.25 1.66
84 0 0 2.47
84 25 61.75 3.7
84 50 154.25 2.96
84 75 228.25 1.66
85 0 0 2.47
85 25 61.75 3.7
85 50 154.25 2.96
85 75 228.25 1.66
86 0 0 2.47
86 25 61.75 3.7
86 50 154.25 2.96
86 75 228.25 1.66
87 0 0 2.47
87 25 61.75 3.7
87 50 154.25 2.96
87 75 228.25 1.66
88 0 0 2.47
88 25 61.75 3.7
88 50 154.25 2.96
88 75 228.25 1.66
89 0 0 2.47
89 25 61.75 3.7
89 50 154.25 2.96
89 75 228.25 1.66
90 0 0 2.47
90 25 61.75 3.7
90 50 154.25 2.96
90 75 228.25 1.66
91 0 0 2.47
91 25 61.75 3.7
91 50 154.25 2.96
91 75 228.25 1.66
92 0 0 2.47
92 25 61.75 3.7
92 50 154.25 2.96
92 75 228.25 1.66
93 0 0 2.47
93 25 61.75 3.7
93 50 154.25 2.96
93 75 228.25 1.66
94 0 0 2.47
94 25 61.75 3.7
94 50 154.25 2.96
94 75 228.25 1.66
95 0 0 2.47
95 25 61.75 3.7
95 50 154.25 2.96
95 75 228.25 1.66
96 0 0 2.47
96 25 61.75 3.7
96 50 154.25 2.96
96 75 228.25 1.66
97 0 0 2.47
97 25 61.75 3.7
97 50 154.25 2.96
97 75 228.25 1.66
98 0 0 2.47
98 25 61.75 3.7
98 50 154.25 2.96
98 75 228.25 1.66
99 0 0 2.47
99 25 61.75 3.7
99 50 154.25 2.96
99 75 228.25 1.66
100 0 0 2.47
100 25 61.75 3.7
100 50 154.25 2.96
100 75 228.25 1.66
101 0 0 2.47
101 25 61.75 3.7
101 50 154.25 2.96
101 75 228.25 1.66
102 0 0 2.47
102 25 61.75 3.7
102 50 154.25 2.96
102 75 228.25 1.66
103 0 0 2.47
103 25 61.75 3.7
103 50 154.25 2.96
103 75 228.25 1.66
104 0 0 2.47
104 25 61.75 3.7
104 50 154.25 2.96
104 75 228.25 1.66
105 0 0 2.47
105 25 61.75 3.7
105 50 154.25 2.96
105 75 228.25 1.66
106 0 0 2.47
106 25 61.75 3.7
106 50 154.25 2.96
106 75 228.25 1.66
107 0 0 2.47
107 25 61.75 3.7
107 50 154.25 2.96
107 75 228.25 1.66
108 0 0 2.47
108 25 61.75 3.7
108 50 154.25 2.96
108 75 228.25 1.66
109 0 0 2.47
109 25 61.75 3.7
109 50 154.25 2.96
109 75 228.25 1.66
110 0 0 2.47
110 25 61.75 3.7
110 50 154.25 2.96
110 75 228.25 1.66
111 0 0 2.47
111 25 61.75 3.7
111 50 154.25 2.96
111 75 228.25 1.66
112 0 0 2.47
112 25 61.75 3.7
112 50 154.25 2.96
112 75 228.25 1.66
113 0 0 2.47
113 25 61.75 3.7
113 50 154.25 2.96
113 75 228.25 1.66
114 0 0 2.47
114 25 61.75 3.7
114 50 154.25 2.96
114 75 228.25 1.66
115 0 0 2.47
115 25 61.75 3.7
115 50 154.25 2.96
115 75 228.25 1.66
116 0 0 2.47
116 25 61.75 3.7
116 50 154.25 2.96
116 75 228.25 1.66
117 0 0 2.47
117 25 61.75 3.7
117 50 154.25 2.96
117 75 228.25 1.66
118 0 0 2.47
118 25 61.75 3.7
118 50 154.25 2.96
118 75 228.25 1.66
119 0 0 2.47
119 25 61.75 3.7
119 50 154.25 2.96
119 75 228.25 1.66
120 0 0 2.47
120 25 61.75 3.7
120 50 154.25 2.96
120 75 228.25 1.66
121 0 0 2.47
121 25 61.75 3.7
121 50 154.25 2.96
121 75 228.25 1.66
122 0 0 2.47
122 25 61.75 3.7
122 50 154.25 2.96
122 75 228.25 1.66
123 0 0 2.47
123 25 61.75 3.7
123 50 154.25 2.96
123 75 228.25 1.66
124 0 0 2.47
124 25 61.75 3.7
124 50 154.25 2.96
124 75 228.25 1.66
125 0 0 2.47
125 25 61.75 3.7
125 50 154.25 2.96
125 75 228.25 1.66
126 0 0 2.47
126 25 61.75 3.7
126 50 154.25 2.96
126 75 228.25 1.66
127 0 0 2.47
127 25 61.75 3.7
127 50 154.25 2.96
127 75 228.25 1.66
128 0 0 2.47
128 25 61.75 3.7
128 50 154.25 2.96
128 75 228.25 1.66
129 0 0 2.47
129 25 61.75 3.7
129 50 154.25 2.96
129 75 228.25 1.66
130 0 0 2.47
130 25 61.75 3.7
130 50 154.25 2.96
130 75 228.25 1.66
131 0 0 2.47
131 25 61.75 3.7
131 50 154.25 2.96
131 75 228.25 1.66
132 0 0 2.47
132 25 61.75 3.7
132 50 154.25 2.96
132 75 228.25 1.66
133 0 0 2.47
133 25 61.75 3.7
133 50 154.25 2.96
133 75 228.25 1.66
134 0 0 2.47
134 25 61.75 3.7
134 50 154.25 2.96
134 75 228.25 1.66
135 0 0 2.47
135 25 61.75 3.7
135 50 154.25 2.96
135 75 228.25 1.66
136 0 0 2.47
136 25 61.75 3.7
136 50 154.25 2.96
136 75 228.25 1.66
137 0 0 2.47
137 25 61.75 3.7
137 50 154.25 2.96
137 75 228.25 1.66
138 0 0 2.47
138 25 61.75 3.7
138 50 154.25 2.96
138 75 228.25 1.66
139 0 0 2.47
139 25 61.75 3.7
139 50 154.25 2.96
139 75 228.25 1.66
140 0 0 2.47
140 25 61.75 3.7
140 50 154.25 2.96
140 75 228.25 1.66
141 0 0 2.47
141 25 61.75 3.7
141 50 154.25 2.96
141 75 228.25 1.66
142 0 0 2.47
142 25 61.75 3.7
142 50 154.25 2.96
142 75 228.25 1.66
143 0 0 2.47
143 25 61.75 3.7
143 50 154.25 2.96
143 75 228.25 1.66
144 0 0 2.47
144 25 61.75 3.7
144 50 154.25 2.96
144 75 228.25 1.66
145 0 0 2.47
145 25 61.75 3.7
145 50 154.25 2.96
145 75 228.25 1.66
146 0 0 2.47
146 25 61.75 3.7
146 50 154.25 2.96
146 75 228.25 1.66
147 0 0 2.47
147 25 61.75 3.7
147 50 154.25 2.96
147 75 228.25 1.66
148 0 0 2.47
148 25 61.75 3.7
148 50 154.25 2.96
148 75 228.25 1.66
149 0 0 2.47
149 25 61.75 3.7
149 50 154.25 2.96
149 75 228.25 1.66
150 0 0 2.47
150 25 61.75 3.7
150 50 154.25 2.96
150 75 228.25 1.66
151 0 0 2.47
151 25 61.75 3.7
151 50 154.25 2.96
151 75 228.25 1.66
152 0 0 2.47
152 25 61.75 3.7
152 50 154.25 2.96
152 75 228.25 1.66
153 0 0 2.47
153 25 61.75 3.7
153 50 154.25 2.96
153 75 228.25 1.66
154 0 0 2.47
154 25 61.75 3.7
154 50 154.25 2.96
154 75 228.25 1.66
155 0 0 2.47
155 25 61.75 3.7
155 50 154.25 2.96
155 75 228.25 1.66
156 0 0 2.47
156 25 61.75 3.7
156 50 154.25 2.96
156 75 228.25 1.66
157 0 0 2.47
157 25 61.75 3.7
157 50 154.25 2.96
157 75 228.25 1.66
158 0 0 2.47
158 25 61.75 3.7
158 50 154.25 2.96
158 75 228.25 1.66
159 0 0 2.47
159 25 61.75 3.7
159 50 154.25 2.96
159 75 228.25 1.66
160 0 0 2.47
160 25 61.75 3.7
160 50 154.25 2.96
160 75 228.25 1.66
161 0 0 2.47
161 25 61.75 3.7
161 50 154.25 2.96
161 75 228.25 1.66
162 0 0 2.47
162 25 61.75 3.7
162 50 154.25 2.96
162 75 228.25 1.66
163 0 0 2.47
163 25 61.75 3.7
163 50 154.25 2.96
163 75 228.25 1.66
164 0 0 2.47
164 25 61.75 3.7
164 50 154.25 2.96
164 75 228.25 1.66
165 0 0 2.47
165 25 61.75 3.7
165 50 154.25 2.96
165 75 228.25 1.66
166 0 0 2.47
166 25 61.75 3.7
166 50 154.25 2.96
166 75 228.25 1.66
167 0 0 2.47
167 25 61.75 3.7
167 50 154.25 2.96
167 75 228.25 1.66
168 0 0 2.47
168 25 61.75 3.7
168 50 154.25 2.96
168 75 228.25 1.66
169 0 0 2.47
169 25 61.75 3.7
169 50 154.25 2.96
169 75 228.25 1.66
170 0 0 2.47
170 25 61.75 3.7
170 50 154.25 2.96
170 75 228.25 1.66
171 0 0 2.47
171 25 61.75 3.7
171 50 154.25 2.96
171 75 228.25 1.66
172 0 0 2.47
172 25 61.75 3.7
172 50 154.25 2.96
172 75 228.25 1.66
173 0 0 2.47
173 25 61.75 3.7
173 50 154.25 2.96
173 75 228.25 1.66
174 0 0 2.47
174 25 61.75 3.7
174 50 154.25 2.96
174 75 228.25 1.66
175 0 0 2.47
175 25 61.75 3.7
175 50 154.25 2.96
175 75 228.25 1.66
176 0 0 2.47
176 25 61.75 3.7
176 50 154.25 2.96
176 75 228.25 1.66
177 0 0 2.47
177 25 61.75 3.7
177 50 154.25 2.96
177 75 228.25 1.66
178 0 0 2.47
178 25 61.75 3.7
178 50 154.25 2.96
178 75 228.25 1.66
179 0 0 2.47
179 25 61.75 3.7
179 50 154.25 2.96
179 75 228.25 1.66
180 0 0 2.47
180 25 61.75 3.7
180 50 154.25 2.96
180 75 228.25 1.66
181 0 0 2.47
181 25 61.75 3.7
181 50 154.25 2.96
181 75 228.25 1.66
182 0 0 2.47
182 25 61.75 3.7
182 50 154.25 2.96
182 75 228.25 1.66
183 0 0 2.47
183 25 61.75 3.7
183 50 154.25 2.96
183 75 228.25 1.66
184 0 0 2.47
184 25 61.75 3.7
184 50 154.25 2.96
184 75 228.25 1.66
185 0 0 2.47
185 25 61.75 3.7
185 50 154.25 2.96
185 75 228.25 1.66
186 0 0 2.47
186 25 61.75 3.7
186 50 154.25 2.96
186 75 228.25 1.66
187 0 0 2.47
187 25 61.75 3.7
187 50 154.25 2.96
187 75 228.25 1.66
188 0 0 2.47
188 25 61.75 3.7
188 50 154.25 2.96
188 75 228.25 1.66
189 0 0 2.47
189 25 61.75 3.7
189 50 154.25 2.96
189 75 228.25 1.66
190 0 0 2.47
190 25 61.75 3.7
190 50 154.25 2.96
190 75 228.25 1.66
191 0 0 2.47
191 25 61.75 3.7
191 50 154.25 2.96
191 75 228.25 1.66
192 0 0 2.47
192 25 61.75 3.7
192 50 154.25 2.96
192 75 228.25 1.66
193 0 0 2.47
193 25 61.75 3.7
193 50 154.25 2.96
193 75 228.25 1.66
194 0 0 2.47
194 25 61.75 3.7
194 50 154.25 2.96
194 75 228.25 1.66
195 0 0 2.47
195 25 61.75 3.7
195 50 154.25 2.96
195 75 228.25 1.66
196 0 0 2.47
196 25 61.75 3.7
196 50 154.25 2.96
196 75 228.25 1.66
197 0 0 2.47
197 25 61.75 3.7
197 50 154.25 2.96
197 75 228.25 1.66
198 0 0 2.47
198 25 61.75 3.7
198 50 154.25 2.96
198 75 228.25 1.66
199 0 0 2.47
199 25 61.75 3.7
199 50 154.25 2.96
199 75 228.25 1.66
200 0 0 2.47
200 25 61.75 3.7
200 50 154.25 2.96
200 75 228.25 1.66
201 0 0 2.47
201 25 61.75 3.7
201 50 154.25 2.96
201 75 228.25 1.66
202 0 0 2.47
202 25 61.75 3.7
202 50 154.25 2.96
202 75 228.25 1.66
203 0 0 2.47
203 25 61.75 3.7
203 50 154.25 2.96
203 75 228.25 1.66
204 0 0 2.47
204 25 61.75 3.7
204 50 154.25 2.96
204 75 228.25 1.66
205 0 0 2.47
205 25 61.75 3.7
205 50 154.25 2.96
205 75 228.25 1.66
206 0 0 2.47
206 25 61.75 3.7
206 50 154.25 2.96
206 75 228.25 1.66
207 0 0 2.47
207 25 61.75 3.7
207 50 154.25 2.96
207 75 228.25 1.66
208 0 0 2.47
208 25 61.75 3.7
208 50 154.25 2.96
208 75 228.25 1.66
209 0 0 2.47
209 25 61.75 3.7
209 50 154.25 2.96
209 75 228.25 1.66
210 0 0 2.47
210 25 61.75 3.7
210 50 154.25 2.96
210 75 228.25 1.66
211 0 0 2.47
211 25 61.75 3.7
211 50 154.25 2.96
211 75 228.25 1.66
212 0 0 2.47
212 25 61.75 3.7
212 50 154.25 2.96
212 75 228.25 1.66
213 0 0 2.47
213 25 61.75 3.7
213 50 154.25 2.96
213 75 228.25 1.66
214 0 0 2.47
214 25 61.75 3.7
214 50 154.25 2.96
214 75 228.25 1.66
215 0 0 2.47
215 25 61.75 3.7
215 50 154.25 2.96
215 75 228.25 1.66
216 0 0 2.47
216 25 61.75 3.7
216 50 154.25 2.96
216 75 228.25 1.66
217 0 0 2.47
217 25 61.75 3.7
217 50 154.25 2.96
217 75 228.25 1.66
218 0 0 2.47
218 25 61.75 3.7
218 50 154.25 2.96
218 75 228.25 1.66
219 0 0 2.47
219 25 61.75 3.7
219 50 154.25 2.96
219 75 228.25 1.66
220 0 0 2.47
220 25 61.75 3.7
220 50 154.25 2.96
220 75 228.25 1.66
221 0 0 2.47
221 25 61.75 3.7
221 50 154.25 2.96
221 75 228.25 1.66
222 0 0 2.47
222 25 61.75 3.7
222 50 154.25 2.96
222 75 228.25 1.66
223 0 0 2.47
223 25 61.75 3.7
223 50 154.25 2.96
223 75 228.25 1.66
224 0 0 2.47
224 25 61.75 3.7
224 50 154.25 2.96
224 75 228.25 1.66
225 0 0 2.47
225 25 61.75 3.7
225 50 154.25 2.96
225 75 228.25 1.66
226 0 0 2.47
226 25 61.75 3.7
226 50 154.25 2.96
226 75 228.25 1.66
227 0 0 2.47
227 25 61.75 3.7
227 50 154.25 2.96
227 75 228.25 1.66
228 0 0 2.47
228 25 61.75 3.7
228 50 154.25 2.96
228 75 228.25 1.66
229 0 0 2.47
229 25 61.75 3.7
229 50 154.25 2.96
229 75 228.25 1.66
230 0 0 2.47
230 25 61.75 3.7
230 50 154.25 2.96
230 75 228.25 1.66
231 0 0 2.47
231 25 61.75 3.7
231 50 154.25 2.96
231 75 228.25 1.66
232 0 0 2.47
232 25 61.75 3.7
232 50 154.25 2.96
232 75 228.25 1.66
233 0 0 2.47
233 25 61.75 3.7
233 50 154.25 2.96
233 75 228.25 1.66
234 0 0 2.47
234 25 61.75 3.7
234 50 154.25 2.96
234 75 228.25 1.66
235 0 0 2.47
235 25 61.75 3.7
235 50 154.25 2.96
235 75 228.25 1.66
236 0 0 2.47
236 25 61.75 3.7
236 50 154.25 2.96
236 75 228.25 1.66
237 0 0 2.47
237 25 61.75 3.7
237 50 154.25 2.96
237 75 228.25 1.66
238 0 0 2.47
238 25 61.75 3.7
238 50 154.25 2.96
238 75 228.25 1.66
239 0 0 2.47
239 25 61.75 3.7
239 50 154.25 2.96
239 75 228.25 1.66
240 0 0 2.47
240 25 61.75 3.7
240 50 154.25 2.96
240 75 228.25 1.66
241 0 0 2.47
241 25 61.75 3.7
241 50 154.25 2.96
241 75 228.25 1.66
242 0 0 2.47
242 25 61.75 3.7
242 50 154.25 2.96
242 75 228.25 1.66
243 0 0 2.47
243 25 61.75 3.7
243 50 154.25 2.96
243 75 228.25 1.66
244 0 0 2.47
244 25 61.75 3.7
244 50 154.25 2.96
244 75 228.25 1.66
245 0 0 2.47
245 25 61.75 3.7
245 50 154.25 2.96
245 75 228.25 1.66
246 0 0 2.47
246 25 61.75 3.7
246 50 154.25 2.96
246 75 228.25 1.66
247 0 0 2.47
247 25 61.75 3.7
247 50 154.25 2.96
247 75 228.25 1.66
248 0 0 2.47
248 25 61.75 3.7
248 50 154.25 2.96
248 75 228.25 1.66
249 0 0 2.47
249 25 61.75 3.7
249 50 154.25 2.96
249 75 228.25 1.66
250 0 0 2.47
250 25 61.75 3.7
250 50 154.25 2.96
250 75 228.25 1.66
251 0 0 2.47
251 25 61.75 3.7
251 50 154.25 2.96
251 75 228.25 1.66
252 0 0 2.47
252 25 61.75 3.7
252 50 154.25 2.96
252 75 228.25 1.66
253 0 0 2.47
253 25 61.75 3.7
253 50 154.25 2.96
253 75 228.25 1.66
254 0 0 2.47
254 25 61.75 3.7
254 50 154.25 2.96
254 75 228.25 1.66
255 0 0 2.47
255 25 61.75 3.7
255 50 154.25 2.96
255 75 228.25 1.66
256 0 0 2.47
256 25 61.75 3.7
256 50 154.25 2.96
256 75 228.25 1.66
257 0 0 2.47
257 25 61.75 3.7
257 50 154.25 2.96
257 75 228.25 1.66
258 0 0 2.47
258 25 61.75 3.7
258 50 154.25 2.96
258 75 228.25 1.66
259 0 0 2.47
259 25 61.75 3.7
259 50 154.25 2.96
259 75 228.25 1.66
260 0 0 2.47
260 25 61.75 3.7
260 50 154.25 2.96
260 75 228.25 1.66
261 0 0 2.47
261 25 61.75 3.7
261 50 154.25 2.96
261 75 228.25 1.66
262 0 0 2.47
262 25 61.75 3.7
262 50 154.25 2.96
262 75 228.25 1.66
263 0 0 2.47
263 25 61.75 3.7
263 50 154.25 2.96
263 75 228.25 1.66
264 0 0 2.47
264 25 61.75 3.7
264 50 154.25 2.96
264 75 228.25 1.66
265 0 0 2.47
265 25 61.75 3.7
265 50 154.25 2.96
265 75 228.25 1.66
266 0 0 2.47
266 25 61.75 3.7
266 50 154.25 2.96
266 75 228.25 1.66
267 0 0 2.47
267 25 61.75 3.7
267 50 154.25 2.96
267 75 228.25 1.66
268 0 0 2.47
268 25 61.75 3.7
268 50 154.25 2.96
268 75 228.25 1.66
269 0 0 2.47
269 25 61.75 3.7
269 50 154.25 2.96
269 75 228.25 1.66
270 0 0 2.47
270 25 61.75 3.7
270 50 154.25 2.96
270 75 228.25 1.66
271 0 0 2.47
271 25 61.75 3.7
271 50 154.25 2.96
271 75 228.25 1.66
272 0 0 2.47
272 25 61.75 3.7
272 50 154.25 2.96
272 75 228.25 1.66
273 0 0 2.47
273 25 61.75 3.7
273 50 154.25 2.96
273 75 228.25 1.66
274 0 0 2.47
274 25 61.75 3.7
274 50 154.25 2.96
274 75 228.25 1.66
275 0 0 2.47
275 25 61.75 3.7
275 50 154.25 2.96
275 75 228.25 1.66
276 0 0 2.47
276 25 61.75 3.7
276 50 154.25 2.96
276 75 228.25 1.66
277 0 0 2.47
277 25 61.75 3.7
277 50 154.25 2.96
277 75 228.25 1.66
278 0 0 2.47
278 25 61.75 3.7
278 50 154.25 2.96
278 75 228.25 1.66
279 0 0 2.47
279 25 61.75 3.7
279 50 154.25 2.96
279 75 228.25 1.66
280 0 0 2.47
280 25 61.75 3.7
280 50 154.25 2.96
280 75 228.25 1.66
281 0 0 2.47
281 25 61.75 3.7
281 50 154.25 2.96
281 75 228.25 1.66
282 0 0 2.47
282 25 61.75 3.7
282 50 154.25 2.96
282 75 228.25 1.66
283 0 0 2.47
283 25 61.75 3.7
283 50 154.25 2.96
283 75 228.25 1.66
284 0 0 2.47
284 25 61.75 3.7
284 50 154.25 2.96
284 75 228.25 1.66
285 0 0 2.47
285 25 61.75 3.7
285 50 154.25 2.96
285 75 228.25 1.66
286 0 0 2.47
286 25 61.75 3.7
286 50 154.25 2.96
286 75 228.25 1.66
287 0 0 2.47
287 25 61.75 3.7
287 50 154.25 2.96
287 75 228.25 1.66
288 0 0 2.47
288 25 61.75 3.7
288 50 154.25 2.96
288 75 228.25 1.66
289 0 0 2.47
289 25 61.75 3.7
289 50 154.25 2.96
289 75 228.25 1.66
290 0 0 2.47
290 25 61.75 3.7
290 50 154.25 2.96
290 75 228.25 1.66
291 0 0 2.47
291 25 61.75 3.7
291 50 154.25 2.96
291 75 228.25 1.66
292 0 0 2.47
292 25 61.75 3.7
292 50 154.25 2.96
292 75 228.25 1.66
293 0 0 2.47
293 25 61.75 3.7
293 50 154.25 2.96
293 75 228.25 1.66
294 0 0 2.47
294 25 61.75 3.7
294 50 154.25 2.96
294 75 228.25 1.66
295 0 0 2.47
295 25 61.75 3.7
295 50 154.25 2.96
295 75 228.25 1.66
296 0 0 2.47
296 25 61.75 3.7
296 50 154.25 2.96
296 75 228.25 1.66
297 0 0 2.47
297 25 61.75 3.7
297 50 154.25 2.96
297 75 228.25 1.66
298 0 0 2.47
298 25 61.75 3.7
298 50 154.25 2.96
298 75 228.25 1.66
299 0 0 2.47
299 25 61.75 3.7
299 50 154.25 2.96
299 75 228.25 1.66
300 0 0 2.47
300 25 61.75 3.7
300 50 154.25 2.96
300 75 228.25 1.66
301 0 0 2.47
301 25 61.75 3.7
301 50 154.25 2.96
301 75 228.25 1.66
302 0 0 2.47
302 25 61.75 3.7
302 50 154.25 2.96
302 75 228.25 1.66
303 0 0 2.47
303 25 61.75 3.7
303 50 154.25 2.96
303 75 228.25 1.66
304 0 0 2.47
304 25 61.75 3.7
304 50 154.25 2.96
304 75 228.25 1.66
305 0 0 2.47
305 25 61.75 3.7
305 50 154.25 2.96
305 75 228.25 1.66
306 0 0 2.47
306 25 61.75 3.7
306 50 154.25 2.96
306 75 228.25 1.66
307 0 0 2.47
307 25 61.75 3.7
307 50 154.25 2.96
307 75 228.25 1.66
308 0 0 2.47
308 25 61.75 3.7
308 50 154.25 2.96
308 75 228.25 1.66
309 0 0 2.47
309 25 61.75 3.7
309 50 154.25 2.96
309 75 228.25 1.66
310 0 0 2.47
310 25 61.75 3.7
310 50 154.25 2.96
310 75 228.25 1.66
311 0 0 2.47
311 25 61.75 3.7
311 50 154.25 2.96
311 75 228.25 1.66
312 0 0 2.47
312 25 61.75 3.7
312 50 154.25 2.96
312 75 228.25 1.66
313 0 0 2.47
313 25 61.75 3.7
313 50 154.25 2.96
313 75 228.25 1.66
314 0 0 2.47
314 25 61.75 3.7
314 50 154.25 2.96
314 75 228.25 1.66
315 0 0 2.47
315 25 61.75 3.7
315 50 154.25 2.96
315 75 228.25 1.66
316 0 0 2.47
316 25 61.75 3.7
316 50 154.25 2.96
316 75 228.25 1.66
317 0 0 2.47
317 25 61.75 3.7
317 50 154.25 2.96
317 75 228.25 1.66
318 0 0 2.47
318 25 61.75 3.7
318 50 154.25 2.96
318 75 228.25 1.66
319 0 0 2.47
319 25 61.75 3.7
319 50 154.25 2.96
319 75 228.25 1.66
320 0 0 2.47
320 25 61.75 3.7
320 50 154.25 2.96
320 75 228.25 1.66
321 0 0 2.47
321 25 61.75 3.7
321 50 154.25 2.96
321 75 228.25 1.66
322 0 0 2.47
322 25 61.75 3.7
322 50 154.25 2.96
322 75 228.25 1.66
323 0 0 2.47
323 25 61.75 3.7
323 50 154.25 2.96
323 75 228.25 1.66
324 0 0 2.47
324 25 61.75 3.7
324 50 154.25 2.96
324 75 228.25 1.66
325 0 0 2.47
325 25 61.75 3.7
325 50 154.25 2.96
325 75 228.25 1.66
326 0 0 2.47
326 25 61.75 3.7
326 50 154.25 2.96
326 75 228.25 1.66
327 0 0 2.47
327 25 61.75 3.7
327 50 154.25 2.96
327 75 228.25 1.66
328 0 0 2.47
328 25 61.75 3.7
328 50 154.25 2.96
328 75 228.25 1.66
329 0 0 2.47
329 25 61.75 3.7
329 50 154.25 2.96
329 75 228.25 1.66
330 0 0 2.47
330 25 61.75 3.7
330 50 154.25 2.96
330 75 228.25 1.66
331 0 0 2.47
331 25 61.75 3.7
331 50 154.25 2.96
331 75 228.25 1.66
332 0 0 2.47
332 25 61.75 3.7
332 50 154.25 2.96
332 75 228.25 1.66
333 0 0 2.47
333 25 61.75 3.7
333 50 154.25 2.96
333 75 228.25 1.66
334 0 0 2.47
334 25 61.75 3.7
334 50 154.25 2.96
334 75 228.25 1.66
335 0 0 2.47
335 25 61.75 3.7
335 50 154.25 2.96
335 75 228.25 1.66
336 0 0 2.47
336 25 61.75 3.7
336 50 154.25 2.96
336 75 228.25 1.66
337 0 0 2.47
337 25 61.75 3.7
337 50 154.25 2.96
337 75 228.25 1.66
338 0 0 2.47
338 25 61.75 3.7
338 50 154.25 2.96
338 75 228.25 1.66
339 0 0 2.47
339 25 61.75 3.7
339 50 154.25 2.96
339 75 228.25 1.66
340 0 0 2.47
340 25 61.75 3.7
340 50 154.25 2.96
340 75 228.25 1.66
341 0 0 2.47
341 25 61.75 3.7
341 50 154.25 2.96
341 75 228.25 1.66
342 0 0 2.47
342 25 61.75 3.7
342 50 154.25 2.96
342 75 228.25 1.66
343 0 0 2.47
343 25 61.75 3.7
343 50 154.25 2.96
343 75 228.25 1.66
344 0 0 2.47
344 25 61.75 3.7
344 50 154.25 2.96
344 75 228.25 1.66
345 0 0 2.47
345 25 61.75 3.7
345 50 154.25 2.96
345 75 228.25 1.66
346 0 0 2.47
346 25 61.75 3.7
346 50 154.25 2.96
346 75 228.25 1.66
347 0 0 2.47
347 25 61.75 3.7
347 50 154.25 2.96
347 75 228.25 1.66
348 0 0 2.47
348 25 61.75 3.7
348 50 154.25 2.96
348 75 228.25 1.66
349 0 0 2.47
349 25 61.75 3.7
349 50 154.25 2.96
349 75 228.25 1.66
350 0 0 2.47
350 25 61.75 3.7
350 50 154.25 2.96
350 75 228.25 1.66
351 0 0 2.47
351 25 61.75 3.7
351 50 154.25 2.96
351 75 228.25 1.66
352 0 0 2.47
352 25 61.75 3.7
352 50 154.25 2.96
352 75 228.25 1.66
353 0 0 2.47
353 25 61.75 3.7
353 50 154.25 2.96
353 75 228.25 1.66
354 0 0 2.47
354 25 61.75 3.7
354 50 154.25 2.96
354 75 228.25 1.66
355 0 0 2.47
355 25 61.75 3.7
355 50 154.25 2.96
355 75 228.25 1.66
356 0 0 2.47
356 25 61.75 3.7
356 50 154.25 2.96
356 75 228.25 1.66
357 0 0 2.47
357 25 61.75 3.7
357 50 154.25 2.96
357 75 228.25 1.66
358 0 0 2.47
358 25 61.75 3.7
358 50 154.25 2.96
358 75 228.25 1.66
359 0 0 2.47
359 25 61.75 3.7
359 50 154.25 2.96
359 75 228.25 1.66
360 0 0 2.47
360 25 61.75 3.7
360 50 154.25 2.96
360 75 228.25 1.66
361 0 0 2.47
361 25 61.75 3.7
361 50 154.25 2.96
361 75 228.25 1.66
362 0 0 2.47
362 25 61.75 3.7
362 50 154.25 2.96
362 75 228.25 1.66
363 0 0 2.47
363 25 61.75 3.7
363 50 154.25 2.96
363 75 228.25 1.66
364 0 0 2.47
364 25 61.75 3.7
364 50 154.25 2.96
364 75 228.25 1.66
365 0 0 2.47
365 25 61.75 3.7
365 50 154.25 2.96
365 75 228.25 1.66
366 0 0 2.47
366 25 61.75 3.7
366 50 154.25 2.96
366 75 228.25 1.66
367 0 0 2.47
367 25 61.75 3.7
367 50 154.25 2.96
367 75 228.25 1.66
368 0 0 2.47
368 25 61.75 3.7
368 50 154.25 2.96
368 75 228.25 1.66
369 0 0 2.47
369 25 61.75 3.7
369 50 154.25 2.96
369 75 228.25 1.66
370 0 0 2.47
370 25 61.75 3.7
370 50 154.25 2.96
370 75 228.25 1.66
371 0 0 2.47
371 25 61.75 3.7
371 50 154.25 2.96
371 75 228.25 1.66
372 0 0 2.47
372 25 61.75 3.7
372 50 154.25 2.96
372 75 228.25 1.66
373 0 0 2.47
373 25 61.75 3.7
373 50 154.25 2.96
373 75 228.25 1.66
374 0 0 2.47
374 25 61.75 3.7
374 50 154.25 2.96
374 75 228.25 1.66
375 0 0 2.47
375 25 61.75 3.7
375 50 154.25 2.96
375 75 228.25 1.66
376 0 0 2.47
376 25 61.75 3.7
376 50 154.25 2.96
376 75 228.25 1.66
377 0 0 2.47
377 25 61.75 3.7
377 50 154.25 2.96
377 75 228.25 1.66
378 0 0 2.47
378 25 61.75 3.7
378 50 154.25 2.96
378 75 228.25 1.66
379 0 0 2.47
379 25 61.75 3.7
379 50 154.25 2.96
379 75 228.25 1.66
380 0 0 2.47
380 25 61.75 3.7
380 50 154.25 2.96
380 75 228.25 1.66
381 0 0 2.47
381 25 61.75 3.7
381 50 154.25 2.96
381 75 228.25 1.66
382 0 0 2.47
382 25 61.75 3.7
382 50 154.25 2.96
382 75 228.25 1.66
383 0 0 2.47
383 25 61.75 3.7
383 50 154.25 2.96
383 75 228.25 1.66
384 0 0 2.47
384 25 61.75 3.7
384 50 154.25 2.96
384 75 228.25 1.66
385 0 0 2.47
385 25 61.75 3.7
385 50 154.25 2.96
385 75 228.25 1.66
386 0 0 2.47
386 25 61.75 3.7
386 50 154.25 2.96
386 75 228.25 1.66
387 0 0 2.47
387 25 61.75 3.7
387 50 154.25 2.96
387 75 228.25 1.66
388 0 0 2.47
388 25 61.75 3.7
388 50 154.25 2.96
388 75 228.25 1.66
389 0 0 2.47
389 25 61.75 3.7
389 50 154.25 2.96
389 75 228.25 1.66
390 0 0 2.47
390 25 61.75 3.7
390 50 154.25 2.96
390 75 228.25 1.66
391 0 0 2.47
391 25 61.75 3.7
391 50 154.25 2.96
391 75 228.25 1.66
392 0 0 2.47
392 25 61.75 3.7
392 50 154.25 2.96
392 75 228.25 1.66
393 0 0 2.47
393 25 61.75 3.7
393 50 154.25 2.96
393 75 228.25 1.66
394 0 0 2.47
394 25 61.75 3.7
394 50 154.25 2.96
394 75 228.25 1.66
395 0 0 2.47
395 25 61.75 3.7
395 50 154.25 2.96
395 75 228.25 1.66
396 0 0 2.47
396 25 61.75 3.7
396 50 154.25 2.96
396 75 228.25 1.66
397 0 0 2.47
397 25 61.75 3.7
397 50 154.25 2.96
397 75 228.25 1.66
398 0 0 2.47
398 25 61.75 3.7
398 50 154.25 2.96
398 75 228.25 1.66
399 0 0 2.47
399 25 61.75 3.7
399 50 154.25 2.96
399 75 228.25 1.66
400 0 0 2.47
400 25 61.75 3.7
400 50 154.25 2.96
400 75 228.25 1.66
401 0 0 2.47
401 25 61.75 3.7
401 50 154.25 2.96
401 75 228.25 1.66
402 0 0 2.47
402 25 61.75 3.7
402 50 154.25 2.96
402 75 228.25 1.66
403 0 0 2.47
403 25 61.75 3.7
403 50 154.25 2.96
403 75 228.25 1.66
404 0 0 2.47
404 25 61.75 3.7
404 50 154.25 2.96
404 75 228.25 1.66
405 0 0 2.47
405 25 61.75 3.7
405 50 154.25 2.96
405 75 228.25 1.66
406 0 0 2.47
406 25 61.75 3.7
406 50 154.25 2.96
406 75 228.25 1.66
407 0 0 2.47
407 25 61.75 3.7
407 50 154.25 2.96
407 75 228.25 1.66
408 0 0 2.47
408 25 61.75 3.7
408 50 154.25 2.96
408 75 228.25 1.66
409 0 0 2.47
409 25 61.75 3.7
409 50 154.25 2.96
409 75 228.25 1.66
410 0 0 2.47
410 25 61.75 3.7
410 50 154.25 2.96
410 75 228.25 1.66
411 0 0 2.47
411 25 61.75 3.7
411 50 154.25 2.96
411 75 228.25 1.66
412 0 0 2.47
412 25 61.75 3.7
412 50 154.25 2.96
412 75 228.25 1.66
413 0 0 2.47
413 25 61.75 3.7
413 50 154.25 2.96
413 75 228.25 1.66
414 0 0 2.47
414 25 61.75 3.7
414 50 154.25 2.96
414 75 228.25 1.66
415 0 0 2.47
415 25 61.75 3.7
415 50 154.25 2.96
415 75 228.25 1.66
416 0 0 2.47
416 25 61.75 3.7
416 50 154.25 2.96
416 75 228.25 1.66
417 0 0 2.47
417 25 61.75 3.7
417 50 154.25 2.96
417 75 228.25 1.66
418 0 0 2.47
418 25 61.75 3.7
418 50 154.25 2.96
418 75 228.25 1.66
419 0 0 2.47
419 25 61.75 3.7
419 50 154.25 2.96
419 75 228.25 1.66
420 0 0 2.47
420 25 61.75 3.7
420 50 154.25 2.96
420 75 228.25 1.66
421 0 0 2.47
421 25 61.75 3.7
421 50 154.25 2.96
421 75 228.25 1.66
422 0 0 2.47
422 25 61.75 3.7
422 50 154.25 2.96
422 75 228.25 1.66
423 0 0 2.47
423 25 61.75 3.7
423 50 154.25 2.96
423 75 228.25 1.66
424 0 0 2.47
424 25 61.75 3.7
424 50 154.25 2.96
424 75 228.25 1.66
425 0 0 2.47
425 25 61.75 3.7
425 50 154.25 2.96
425 75 228.25 1.66
426 0 0 2.47
426 25 61.75 3.7
426 50 154.25 2.96
426 75 228.25 1.66
427 0 0 2.47
427 25 61.75 3.7
427 50 154.25 2.96
427 75 228.25 1.66
428 0 0 2.47
428 25 61.75 3.7
428 50 154.25 2.96
428 75 228.25 1.66
429 0 0 2.47
429 25 61.75 3.7
429 50 154.25 2.96
429 75 228.25 1.66
430 0 0 2.47
430 25 61.75 3.7
430 50 154.25 2.96
430 75 228.25 1.66
431 0 0 2.47
431 25 61.75 3.7
431 50 154.25 2.96
431 75 228.25 1.66
432 0 0 2.47
432 25 61.75 3.7
432 50 154.25 2.96
432 75 228.25 1.66
433 0 0 2.47
433 25 61.75 3.7
433 50 154.25 2.96
433 75 228.25 1.66
434 0 0 2.47
434 25 61.75 3.7
434 50 154.25 2.96
434 75 228.25 1.66
435 0 0 2.47
435 25 61.75 3.7
435 50 154.25 2.96
435 75 228.25 1.66
436 0 0 2.47
436 25 61.75 3.7
436 50 154.25 2.96
436 75 228.25 1.66
437 0 0 2.47
437 25 61.75 3.7
437 50 154.25 2.96
437 75 228.25 1.66
438 0 0 2.47
438 25 61.75 3.7
438 50 154.25 2.96
438 75 228.25 1.66
439 0 0 2.47
439 25 61.75 3.7
439 50 154.25 2.96
439 75 228.25 1.66
440 0 0 2.47
440 25 61.75 3.7
440 50 154.25 2.96
440 75 228.25 1.66
441 0 0 2.47
441 25 61.75 3.7
441 50 154.25 2.96
441 75 228.25 1.66
442 0 0 2.47
442 25 61.75 3.7
442 50 154.25 2.96
442 75 228.25 1.66
443 0 0 2.47
443 25 61.75 3.7
443 50 154.25 2.96
443 75 228.25 1.66
444 0 0 2.47
444 25 61.75 3.7
444 50 154.25 2.96
444 75 228.25 1.66
445 0 0 2.47
445 25 61.75 3.7
445 50 154.25 2.96
445 75 228.25 1.66
446 0 0 2.47
446 25 61.75 3.7
446 50 154.25 2.96
446 75 228.25 1.66
447 0 0 2.47
447 25 61.75 3.7
447 50 154.25 2.96
447 75 228.25 1.66
448 0 0 2.47
448 25 61.75 3.7
448 50 154.25 2.96
448 75 228.25 1.66
449 0 0 2.47
449 25 61.75 3.7
449 50 154.25 2.96
449 75 228.25 1.66
450 0 0 2.47
450 25 61.75 3.7
450 50 154.25 2.96
450 75 228.25 1.66
451 0 0 2.47
451 25 61.75 3.7
451 50 154.25 2.96
451 75 228.25 1.66
452 0 0 2.47
452 25 61.75 3.7
452 50 154.25 2.96
452 75 228.25 1.66
453 0 0 2.47
453 25 61.75 3.7
453 50 154.25 2.96
453 75 228.25 1.66
454 0 0 2.47
454 25 61.75 3.7
454 50 154.25 2.96
454 75 228.25 1.66
455 0 0 2.47
455 25 61.75 3.7
455 50 154.25 2.96
455 75 228.25 1.66
456 0 0 2.47
456 25 61.75 3.7
456 50 154.25 2.96
456 75 228.25 1.66
457 0 0 2.47
457 25 61.75 3.7
457 50 154.25 2.96
457 75 228.25 1.66
458 0 0 2.47
458 25 61.75 3.7
458 50 154.25 2.96
458 75 228.25 1.66
459 0 0 2.47
459 25 61.75 3.7
459 50 154.25 2.96
459 75 228.25 1.66
460 0 0 2.47
460 25 61.75 3.7
460 50 154.25 2.96
460 75 228.25 1.66
461 0 0 2.47
461 25 61.75 3.7
461 50 154.25 2.96
461 75 228.25 1.66
462 0 0 2.47
462 25 61.75 3.7
462 50 154.25 2.96
462 75 228.25 1.66
463 0 0 2.47
463 25 61.75 3.7
463 50 154.25 2.96
463 75 228.25 1.66
464 0 0 2.47
464 25 61.75 3.7
464 50 154.25 2.96
464 75 228.25 1.66
465 0 0 2.47
465 25 61.75 3.7
465 50 154.25 2.96
465 75 228.25 1.66
466 0 0 2.47
466 25 61.75 3.7
466 50 154.25 2.96
466 75 228.25 1.66
467 0 0 2.47
467 25 61.75 3.7
467 50 154.25 2.96
467 75 228.25 1.66
468 0 0 2.47
468 25 61.75 3.7
468 50 154.25 2.96
468 75 228.25 1.66
469 0 0 2.47
469 25 61.75 3.7
469 50 154.25 2.96
469 75 228.25 1.66
470 0 0 2.47
470 25 61.75 3.7
470 50 154.25 2.96
470 75 228.25 1.66
471 0 0 2.47
471 25 61.75 3.7
471 50 154.25 2.96
471 75 228.25 1.66
472 0 0 2.47
472 25 61.75 3.7
472 50 154.25 2.96
472 75 228.25 1.66
473 0 0 2.47
473 25 61.75 3.7
473 50 154.25 2.96
473 75 228.25 1.66
474 0 0 2.47
474 25 61.75 3.7
474 50 154.25 2.96
474 75 228.25 1.66
475 0 0 2.47
475 25 61.75 3.7
475 50 154.25 2.96
475 75 228.25 1.66
476 0 0 2.47
476 25 61.75 3.7
476 50 154.25 2.96
476 75 228.25 1.66
477 0 0 2.47
477 25 61.75 3.7
477 50 154.25 2.96
477 75 228.25 1.66
478 0 0 2.47
478 25 61.75 3.7
478 50 154.25 2.96
478 75 228.25 1.66
479 0 0 2.47
479 25 61.75 3.7
479 50 154.25 2.96
479 75 228.25 1.66
480 0 0 2.47
480 25 61.75 3.7
480 50 154.25 2.96
480 75 228.25 1.66
481 0 0 2.47
481 25 61.75 3.7
481 50 154.25 2.96
481 75 228.25 1.66
482 0 0 2.47
482 25 61.75 3.7
482 50 154.25 2.96
482 75 228.25 1.66
483 0 0 2.47
483 25 61.75 3.7
483 50 154.25 2.96
483 75 228.25 1.66
484 0 0 2.47
484 25 61.75 3.7
484 50 154.25 2.96
484 75 228.25 1.66
485 0 0 2.47
485 25 61.75 3.7
485 50 154.25 2.96
485 75 228.25 1.66
486 0 0 2.47
486 25 61.75 3.7
486 50 154.25 2.96
486 75 228.25 1.66
487 0 0 2.47
487 25 61.75 3.7
487 50 154.25 2.96
487 75 228.25 1.66
488 0 0 2.47
488 25 61.75 3.7
488 50 154.25 2.96
488 75 228.25 1.66
489 0 0 2.47
489 25 61.75 3.7
489 50 154.25 2.96
489 75 228.25 1.66
490 0 0 2.47
490 25 61.75 3.7
490 50 154.25 2.96
490 75 228.25 1.66
491 0 0 2.47
491 25 61.75 3.7
491 50 154.25 2.96
491 75 228.25 1.66
492 0 0 2.47
492 25 61.75 3.7
492 50 154.25 2.96
492 75 228.25 1.66
493 0 0 2.47
493 25 61.75 3.7
493 50 154.25 2.96
493 75 228.25 1.66
494 0 0 2.47
494 25 61.75 3.7
494 50 154.25 2.96
494 75 228.25 1.66
495 0 0 2.47
495 25 61.75 3.7
495 50 154.25 2.96
495 75 228.25 1.66
496 0 0 2.47
496 25 61.75 3.7
496 50 154.25 2.96
496 75 228.25 1.66
497 0 0 2.47
497 25 61.75 3.7
497 50 154.25 2.96
497 75 228.25 1.66
498 0 0 2.47
498 25 61.75 3.7
498 50 154.25 2.96
498 75 228.25 1.66
499 0 0 2.47
499 25 61.75 3.7
499 50 154.25 2.96
499 75 228.25 1.66
