20 4
0 0 0 2.1
0 500 1050 4.37
0 1000 3235 4
0 1500 5235 2.6
1 0 0 2.1
1 500 1050 4.37
1 1000 3235 4
1 1500 5235 2.6
2 0 0 2.1
2 500 1050 4.37
2 1000 3235 4
2 1500 5235 2.6
3 0 0 2.1
3 500 1050 4.37
3 1000 3235 4
3 1500 5235 2.6
4 0 0 2.1
4 500 1050 4.37
4 1000 3235 4
4 1500 5235 2.6
5 0 0 2.1
5 500 1050 4.37
5 1000 3235 4
5 1500 5235 2.6
6 0 0 2.1
6 500 1050 4.37
6 1000 3235 4
6 1500 5235 2.6
7 0 0 2.1
7 500 1050 4.37
7 1000 3235 4
7 1500 5235 2.6
8 0 0 2.1
8 500 1050 4.37
8 1000 3235 4
8 1500 5235 2.6
9 0 0 2.1
9 500 1050 4.37
9 1000 3235 4
9 1500 5235 2.6
10 0 0 2.1
10 500 1050 4.37
10 1000 3235 4
10 1500 5235 2.6
11 0 0 2.1
11 500 1050 4.37
11 1000 3235 4
11 1500 5235 2.6
12 0 0 2.1
12 500 1050 4.37
12 1000 3235 4
12 1500 5235 2.6
13 0 0 2.1
13 500 1050 4.37
13 1000 3235 4
13 1500 5235 2.6
14 0 0 2.1
14 500 1050 4.37
14 1000 3235 4
14 1500 5235 2.6
15 0 0 2.1
15 500 1050 4.37
15 1000 3235 4
15 1500 5235 2.6
16 0 0 2.1
16 500 1050 4.37
16 1000 3235 4
16 1500 5235 2.6
17 0 0 2.1
17 500 1050 4.37
17 1000 3235 4
17 1500 5235 2.6
18 0 0 2.1
18 500 1050 4.37
18 1000 3235 4
18 1500 5235 2.6
19 0 0 2.1
19 500 1050 4.37
19 1000 3235 4
19 1500 5235 2.6
