20 4
0 0 0 4.08
0 25 102 2.55
0 50 165.75 3.42
0 75 251.25 2.52
1 0 0 4.08
1 25 102 2.55
1 50 165.75 3.42
1 75 251.25 2.52
2 0 0 4.08
2 25 102 2.55
2 50 165.75 3.42
2 75 251.25 2.52
3 0 0 4.08
3 25 102 2.55
3 50 165.75 3.42
3 75 251.25 2.52
4 0 0 4.08
4 25 102 2.55
4 50 165.75 3.42
4 75 251.25 2.52
5 0 0 4.08
5 25 102 2.55
5 50 165.75 3.42
5 75 251.25 2.52
6 0 0 4.08
6 25 102 2.55
6 50 165.75 3.42
6 75 251.25 2.52
7 0 0 4.08
7 25 102 2.55
7 50 165.75 3.42
7 75 251.25 2.52
8 0 0 4.08
8 25 102 2.55
8 50 165.75 3.42
8 75 251.25 2.52
9 0 0 4.08
9 25 102 2.55
9 50 165.75 3.42
9 75 251.25 2.52
10 0 0 4.08
10 25 102 2.55
10 50 165.75 3.42
10 75 251.25 2.52
11 0 0 4.08
11 25 102 2.55
11 50 165.75 3.42
11 75 251.25 2.52
12 0 0 4.08
12 25 102 2.55
12 50 165.75 3.42
12 75 251.25 2.52
13 0 0 4.08
13 25 102 2.55
13 50 165.75 3.42
13 75 251.25 2.52
14 0 0 4.08
14 25 102 2.55
14 50 165.75 3.42
14 75 251.25 2.52
15 0 0 4.08
15 25 102 2.55
15 50 165.75 3.42
15 75 251.25 2.52
16 0 0 4.08
16 25 102 2.55
16 50 165.75 3.42
16 75 251.25 2.52
17 0 0 4.08
17 25 102 2.55
17 50 165.75 3.42
17 75 251.25 2.52
18 0 0 4.08
18 25 102 2.55
18 50 165.75 3.42
18 75 251.25 2.52
19 0 0 4.08
19 25 102 2.55
19 50 165.75 3.42
19 75 251.25 2.52
