0 0 0 2.65
0 40 106 1.43
0 80 163.2 2.1
0 120 247.2 0.64
0 160 272.8 2.45
1 0 0 2.65
1 40 106 1.43
1 80 163.2 2.1
1 120 247.2 0.64
1 160 272.8 2.45
2 0 0 2.65
2 40 106 1.43
2 80 163.2 2.1
2 120 247.2 0.64
2 160 272.8 2.45
3 0 0 2.65
3 40 106 1.43
3 80 163.2 2.1
3 120 247.2 0.64
3 160 272.8 2.45
4 0 0 2.65
4 40 106 1.43
4 80 163.2 2.1
4 120 247.2 0.64
4 160 272.8 2.45
5 0 0 2.65
5 40 106 1.43
5 80 163.2 2.1
5 120 247.2 0.64
5 160 272.8 2.45
6 0 0 2.65
6 40 106 1.43
6 80 163.2 2.1
6 120 247.2 0.64
6 160 272.8 2.45
7 0 0 2.65
7 40 106 1.43
7 80 163.2 2.1
7 120 247.2 0.64
7 160 272.8 2.45
8 0 0 2.65
8 40 106 1.43
8 80 163.2 2.1
8 120 247.2 0.64
8 160 272.8 2.45
9 0 0 2.65
9 40 106 1.43
9 80 163.2 2.1
9 120 247.2 0.64
9 160 272.8 2.45
10 0 0 2.65
10 40 106 1.43
10 80 163.2 2.1
10 120 247.2 0.64
10 160 272.8 2.45
11 0 0 2.65
11 40 106 1.43
11 80 163.2 2.1
11 120 247.2 0.64
11 160 272.8 2.45
12 0 0 2.65
12 40 106 1.43
12 80 163.2 2.1
12 120 247.2 0.64
12 160 272.8 2.45
13 0 0 2.65
13 40 106 1.43
13 80 163.2 2.1
13 120 247.2 0.64
13 160 272.8 2.45
14 0 0 2.65
14 40 106 1.43
14 80 163.2 2.1
14 120 247.2 0.64
14 160 272.8 2.45
15 0 0 2.65
15 40 106 1.43
15 80 163.2 2.1
15 120 247.2 0.64
15 160 272.8 2.45
16 0 0 2.65
16 40 106 1.43
16 80 163.2 2.1
16 120 247.2 0.64
16 160 272.8 2.45
17 0 0 2.65
17 40 106 1.43
17 80 163.2 2.1
17 120 247.2 0.64
17 160 272.8 2.45
18 0 0 2.65
18 40 106 1.43
18 80 163.2 2.1
18 120 247.2 0.64
18 160 272.8 2.45
19 0 0 2.65
19 40 106 1.43
19 80 163.2 2.1
19 120 247.2 0.64
19 160 272.8 2.45
