500 10
0 0 0 0.38
0 10 3.8 2.79
0 20 31.7 0.06
0 30 32.3 1
0 40 42.3 2
0 50 62.3 2.82
0 60 90.5 0.2
0 70 92.5 4.86
0 80 141.1 2.16
0 90 162.7 3.1
1 0 0 0.38
1 10 3.8 2.79
1 20 31.7 0.06
1 30 32.3 1
1 40 42.3 2
1 50 62.3 2.82
1 60 90.5 0.2
1 70 92.5 4.86
1 80 141.1 2.16
1 90 162.7 3.1
2 0 0 0.38
2 10 3.8 2.79
2 20 31.7 0.06
2 30 32.3 1
2 40 42.3 2
2 50 62.3 2.82
2 60 90.5 0.2
2 70 92.5 4.86
2 80 141.1 2.16
2 90 162.7 3.1
3 0 0 0.38
3 10 3.8 2.79
3 20 31.7 0.06
3 30 32.3 1
3 40 42.3 2
3 50 62.3 2.82
3 60 90.5 0.2
3 70 92.5 4.86
3 80 141.1 2.16
3 90 162.7 3.1
4 0 0 0.38
4 10 3.8 2.79
4 20 31.7 0.06
4 30 32.3 1
4 40 42.3 2
4 50 62.3 2.82
4 60 90.5 0.2
4 70 92.5 4.86
4 80 141.1 2.16
4 90 162.7 3.1
5 0 0 0.38
5 10 3.8 2.79
5 20 31.7 0.06
5 30 32.3 1
5 40 42.3 2
5 50 62.3 2.82
5 60 90.5 0.2
5 70 92.5 4.86
5 80 141.1 2.16
5 90 162.7 3.1
6 0 0 0.38
6 10 3.8 2.79
6 20 31.7 0.06
6 30 32.3 1
6 40 42.3 2
6 50 62.3 2.82
6 60 90.5 0.2
6 70 92.5 4.86
6 80 141.1 2.16
6 90 162.7 3.1
7 0 0 0.38
7 10 3.8 2.79
7 20 31.7 0.06
7 30 32.3 1
7 40 42.3 2
7 50 62.3 2.82
7 60 90.5 0.2
7 70 92.5 4.86
7 80 141.1 2.16
7 90 162.7 3.1
8 0 0 0.38
8 10 3.8 2.79
8 20 31.7 0.06
8 30 32.3 1
8 40 42.3 2
8 50 62.3 2.82
8 60 90.5 0.2
8 70 92.5 4.86
8 80 141.1 2.16
8 90 162.7 3.1
9 0 0 0.38
9 10 3.8 2.79
9 20 31.7 0.06
9 30 32.3 1
9 40 42.3 2
9 50 62.3 2.82
9 60 90.5 0.2
9 70 92.5 4.86
9 80 141.1 2.16
9 90 162.7 3.1
10 0 0 0.38
10 10 3.8 2.79
10 20 31.7 0.06
10 30 32.3 1
10 40 42.3 2
10 50 62.3 2.82
10 60 90.5 0.2
10 70 92.5 4.86
10 80 141.1 2.16
10 90 162.7 3.1
11 0 0 0.38
11 10 3.8 2.79
11 20 31.7 0.06
11 30 32.3 1
11 40 42.3 2
11 50 62.3 2.82
11 60 90.5 0.2
11 70 92.5 4.86
11 80 141.1 2.16
11 90 162.7 3.1
12 0 0 0.38
12 10 3.8 2.79
12 20 31.7 0.06
12 30 32.3 1
12 40 42.3 2
12 50 62.3 2.82
12 60 90.5 0.2
12 70 92.5 4.86
12 80 141.1 2.16
12 90 162.7 3.1
13 0 0 0.38
13 10 3.8 2.79
13 20 31.7 0.06
13 30 32.3 1
13 40 42.3 2
13 50 62.3 2.82
13 60 90.5 0.2
13 70 92.5 4.86
13 80 141.1 2.16
13 90 162.7 3.1
14 0 0 0.38
14 10 3.8 2.79
14 20 31.7 0.06
14 30 32.3 1
14 40 42.3 2
14 50 62.3 2.82
14 60 90.5 0.2
14 70 92.5 4.86
14 80 141.1 2.16
14 90 162.7 3.1
15 0 0 0.38
15 10 3.8 2.79
15 20 31.7 0.06
15 30 32.3 1
15 40 42.3 2
15 50 62.3 2.82
15 60 90.5 0.2
15 70 92.5 4.86
15 80 141.1 2.16
15 90 162.7 3.1
16 0 0 0.38
16 10 3.8 2.79
16 20 31.7 0.06
16 30 32.3 1
16 40 42.3 2
16 50 62.3 2.82
16 60 90.5 0.2
16 70 92.5 4.86
16 80 141.1 2.16
16 90 162.7 3.1
17 0 0 0.38
17 10 3.8 2.79
17 20 31.7 0.06
17 30 32.3 1
17 40 42.3 2
17 50 62.3 2.82
17 60 90.5 0.2
17 70 92.5 4.86
17 80 141.1 2.16
17 90 162.7 3.1
18 0 0 0.38
18 10 3.8 2.79
18 20 31.7 0.06
18 30 32.3 1
18 40 42.3 2
18 50 62.3 2.82
18 60 90.5 0.2
18 70 92.5 4.86
18 80 141.1 2.16
18 90 162.7 3.1
19 0 0 0.38
19 10 3.8 2.79
19 20 31.7 0.06
19 30 32.3 1
19 40 42.3 2
19 50 62.3 2.82
19 60 90.5 0.2
19 70 92.5 4.86
19 80 141.1 2.16
19 90 162.7 3.1
20 0 0 0.38
20 10 3.8 2.79
20 20 31.7 0.06
20 30 32.3 1
20 40 42.3 2
20 50 62.3 2.82
20 60 90.5 0.2
20 70 92.5 4.86
20 80 141.1 2.16
20 90 162.7 3.1
21 0 0 0.38
21 10 3.8 2.79
21 20 31.7 0.06
21 30 32.3 1
21 40 42.3 2
21 50 62.3 2.82
21 60 90.5 0.2
21 70 92.5 4.86
21 80 141.1 2.16
21 90 162.7 3.1
22 0 0 0.38
22 10 3.8 2.79
22 20 31.7 0.06
22 30 32.3 1
22 40 42.3 2
22 50 62.3 2.82
22 60 90.5 0.2
22 70 92.5 4.86
22 80 141.1 2.16
22 90 162.7 3.1
23 0 0 0.38
23 10 3.8 2.79
23 20 31.7 0.06
23 30 32.3 1
23 40 42.3 2
23 50 62.3 2.82
23 60 90.5 0.2
23 70 92.5 4.86
23 80 141.1 2.16
23 90 162.7 3.1
24 0 0 0.38
24 10 3.8 2.79
24 20 31.7 0.06
24 30 32.3 1
24 40 42.3 2
24 50 62.3 2.82
24 60 90.5 0.2
24 70 92.5 4.86
24 80 141.1 2.16
24 90 162.7 3.1
25 0 0 0.38
25 10 3.8 2.79
25 20 31.7 0.06
25 30 32.3 1
25 40 42.3 2
25 50 62.3 2.82
25 60 90.5 0.2
25 70 92.5 4.86
25 80 141.1 2.16
25 90 162.7 3.1
26 0 0 0.38
26 10 3.8 2.79
26 20 31.7 0.06
26 30 32.3 1
26 40 42.3 2
26 50 62.3 2.82
26 60 90.5 0.2
26 70 92.5 4.86
26 80 141.1 2.16
26 90 162.7 3.1
27 0 0 0.38
27 10 3.8 2.79
27 20 31.7 0.06
27 30 32.3 1
27 40 42.3 2
27 50 62.3 2.82
27 60 90.5 0.2
27 70 92.5 4.86
27 80 141.1 2.16
27 90 162.7 3.1
28 0 0 0.38
28 10 3.8 2.79
28 20 31.7 0.06
28 30 32.3 1
28 40 42.3 2
28 50 62.3 2.82
28 60 90.5 0.2
28 70 92.5 4.86
28 80 141.1 2.16
28 90 162.7 3.1
29 0 0 0.38
29 10 3.8 2.79
29 20 31.7 0.06
29 30 32.3 1
29 40 42.3 2
29 50 62.3 2.82
29 60 90.5 0.2
29 70 92.5 4.86
29 80 141.1 2.16
29 90 162.7 3.1
30 0 0 0.38
30 10 3.8 2.79
30 20 31.7 0.06
30 30 32.3 1
30 40 42.3 2
30 50 62.3 2.82
30 60 90.5 0.2
30 70 92.5 4.86
30 80 141.1 2.16
30 90 162.7 3.1
31 0 0 0.38
31 10 3.8 2.79
31 20 31.7 0.06
31 30 32.3 1
31 40 42.3 2
31 50 62.3 2.82
31 60 90.5 0.2
31 70 92.5 4.86
31 80 141.1 2.16
31 90 162.7 3.1
32 0 0 0.38
32 10 3.8 2.79
32 20 31.7 0.06
32 30 32.3 1
32 40 42.3 2
32 50 62.3 2.82
32 60 90.5 0.2
32 70 92.5 4.86
32 80 141.1 2.16
32 90 162.7 3.1
33 0 0 0.38
33 10 3.8 2.79
33 20 31.7 0.06
33 30 32.3 1
33 40 42.3 2
33 50 62.3 2.82
33 60 90.5 0.2
33 70 92.5 4.86
33 80 141.1 2.16
33 90 162.7 3.1
34 0 0 0.38
34 10 3.8 2.79
34 20 31.7 0.06
34 30 32.3 1
34 40 42.3 2
34 50 62.3 2.82
34 60 90.5 0.2
34 70 92.5 4.86
34 80 141.1 2.16
34 90 162.7 3.1
35 0 0 0.38
35 10 3.8 2.79
35 20 31.7 0.06
35 30 32.3 1
35 40 42.3 2
35 50 62.3 2.82
35 60 90.5 0.2
35 70 92.5 4.86
35 80 141.1 2.16
35 90 162.7 3.1
36 0 0 0.38
36 10 3.8 2.79
36 20 31.7 0.06
36 30 32.3 1
36 40 42.3 2
36 50 62.3 2.82
36 60 90.5 0.2
36 70 92.5 4.86
36 80 141.1 2.16
36 90 162.7 3.1
37 0 0 0.38
37 10 3.8 2.79
37 20 31.7 0.06
37 30 32.3 1
37 40 42.3 2
37 50 62.3 2.82
37 60 90.5 0.2
37 70 92.5 4.86
37 80 141.1 2.16
37 90 162.7 3.1
38 0 0 0.38
38 10 3.8 2.79
38 20 31.7 0.06
38 30 32.3 1
38 40 42.3 2
38 50 62.3 2.82
38 60 90.5 0.2
38 70 92.5 4.86
38 80 141.1 2.16
38 90 162.7 3.1
39 0 0 0.38
39 10 3.8 2.79
39 20 31.7 0.06
39 30 32.3 1
39 40 42.3 2
39 50 62.3 2.82
39 60 90.5 0.2
39 70 92.5 4.86
39 80 141.1 2.16
39 90 162.7 3.1
40 0 0 0.38
40 10 3.8 2.79
40 20 31.7 0.06
40 30 32.3 1
40 40 42.3 2
40 50 62.3 2.82
40 60 90.5 0.2
40 70 92.5 4.86
40 80 141.1 2.16
40 90 162.7 3.1
41 0 0 0.38
41 10 3.8 2.79
41 20 31.7 0.06
41 30 32.3 1
41 40 42.3 2
41 50 62.3 2.82
41 60 90.5 0.2
41 70 92.5 4.86
41 80 141.1 2.16
41 90 162.7 3.1
42 0 0 0.38
42 10 3.8 2.79
42 20 31.7 0.06
42 30 32.3 1
42 40 42.3 2
42 50 62.3 2.82
42 60 90.5 0.2
42 70 92.5 4.86
42 80 141.1 2.16
42 90 162.7 3.1
43 0 0 0.38
43 10 3.8 2.79
43 20 31.7 0.06
43 30 32.3 1
43 40 42.3 2
43 50 62.3 2.82
43 60 90.5 0.2
43 70 92.5 4.86
43 80 141.1 2.16
43 90 162.7 3.1
44 0 0 0.38
44 10 3.8 2.79
44 20 31.7 0.06
44 30 32.3 1
44 40 42.3 2
44 50 62.3 2.82
44 60 90.5 0.2
44 70 92.5 4.86
44 80 141.1 2.16
44 90 162.7 3.1
45 0 0 0.38
45 10 3.8 2.79
45 20 31.7 0.06
45 30 32.3 1
45 40 42.3 2
45 50 62.3 2.82
45 60 90.5 0.2
45 70 92.5 4.86
45 80 141.1 2.16
45 90 162.7 3.1
46 0 0 0.38
46 10 3.8 2.79
46 20 31.7 0.06
46 30 32.3 1
46 40 42.3 2
46 50 62.3 2.82
46 60 90.5 0.2
46 70 92.5 4.86
46 80 141.1 2.16
46 90 162.7 3.1
47 0 0 0.38
47 10 3.8 2.79
47 20 31.7 0.06
47 30 32.3 1
47 40 42.3 2
47 50 62.3 2.82
47 60 90.5 0.2
47 70 92.5 4.86
47 80 141.1 2.16
47 90 162.7 3.1
48 0 0 0.38
48 10 3.8 2.79
48 20 31.7 0.06
48 30 32.3 1
48 40 42.3 2
48 50 62.3 2.82
48 60 90.5 0.2
48 70 92.5 4.86
48 80 141.1 2.16
48 90 162.7 3.1
49 0 0 0.38
49 10 3.8 2.79
49 20 31.7 0.06
49 30 32.3 1
49 40 42.3 2
49 50 62.3 2.82
49 60 90.5 0.2
49 70 92.5 4.86
49 80 141.1 2.16
49 90 162.7 3.1
50 0 0 0.38
50 10 3.8 2.79
50 20 31.7 0.06
50 30 32.3 1
50 40 42.3 2
50 50 62.3 2.82
50 60 90.5 0.2
50 70 92.5 4.86
50 80 141.1 2.16
50 90 162.7 3.1
51 0 0 0.38
51 10 3.8 2.79
51 20 31.7 0.06
51 30 32.3 1
51 40 42.3 2
51 50 62.3 2.82
51 60 90.5 0.2
51 70 92.5 4.86
51 80 141.1 2.16
51 90 162.7 3.1
52 0 0 0.38
52 10 3.8 2.79
52 20 31.7 0.06
52 30 32.3 1
52 40 42.3 2
52 50 62.3 2.82
52 60 90.5 0.2
52 70 92.5 4.86
52 80 141.1 2.16
52 90 162.7 3.1
53 0 0 0.38
53 10 3.8 2.79
53 20 31.7 0.06
53 30 32.3 1
53 40 42.3 2
53 50 62.3 2.82
53 60 90.5 0.2
53 70 92.5 4.86
53 80 141.1 2.16
53 90 162.7 3.1
54 0 0 0.38
54 10 3.8 2.79
54 20 31.7 0.06
54 30 32.3 1
54 40 42.3 2
54 50 62.3 2.82
54 60 90.5 0.2
54 70 92.5 4.86
54 80 141.1 2.16
54 90 162.7 3.1
55 0 0 0.38
55 10 3.8 2.79
55 20 31.7 0.06
55 30 32.3 1
55 40 42.3 2
55 50 62.3 2.82
55 60 90.5 0.2
55 70 92.5 4.86
55 80 141.1 2.16
55 90 162.7 3.1
56 0 0 0.38
56 10 3.8 2.79
56 20 31.7 0.06
56 30 32.3 1
56 40 42.3 2
56 50 62.3 2.82
56 60 90.5 0.2
56 70 92.5 4.86
56 80 141.1 2.16
56 90 162.7 3.1
57 0 0 0.38
57 10 3.8 2.79
57 20 31.7 0.06
57 30 32.3 1
57 40 42.3 2
57 50 62.3 2.82
57 60 90.5 0.2
57 70 92.5 4.86
57 80 141.1 2.16
57 90 162.7 3.1
58 0 0 0.38
58 10 3.8 2.79
58 20 31.7 0.06
58 30 32.3 1
58 40 42.3 2
58 50 62.3 2.82
58 60 90.5 0.2
58 70 92.5 4.86
58 80 141.1 2.16
58 90 162.7 3.1
59 0 0 0.38
59 10 3.8 2.79
59 20 31.7 0.06
59 30 32.3 1
59 40 42.3 2
59 50 62.3 2.82
59 60 90.5 0.2
59 70 92.5 4.86
59 80 141.1 2.16
59 90 162.7 3.1
60 0 0 0.38
60 10 3.8 2.79
60 20 31.7 0.06
60 30 32.3 1
60 40 42.3 2
60 50 62.3 2.82
60 60 90.5 0.2
60 70 92.5 4.86
60 80 141.1 2.16
60 90 162.7 3.1
61 0 0 0.38
61 10 3.8 2.79
61 20 31.7 0.06
61 30 32.3 1
61 40 42.3 2
61 50 62.3 2.82
61 60 90.5 0.2
61 70 92.5 4.86
61 80 141.1 2.16
61 90 162.7 3.1
62 0 0 0.38
62 10 3.8 2.79
62 20 31.7 0.06
62 30 32.3 1
62 40 42.3 2
62 50 62.3 2.82
62 60 90.5 0.2
62 70 92.5 4.86
62 80 141.1 2.16
62 90 162.7 3.1
63 0 0 0.38
63 10 3.8 2.79
63 20 31.7 0.06
63 30 32.3 1
63 40 42.3 2
63 50 62.3 2.82
63 60 90.5 0.2
63 70 92.5 4.86
63 80 141.1 2.16
63 90 162.7 3.1
64 0 0 0.38
64 10 3.8 2.79
64 20 31.7 0.06
64 30 32.3 1
64 40 42.3 2
64 50 62.3 2.82
64 60 90.5 0.2
64 70 92.5 4.86
64 80 141.1 2.16
64 90 162.7 3.1
65 0 0 0.38
65 10 3.8 2.79
65 20 31.7 0.06
65 30 32.3 1
65 40 42.3 2
65 50 62.3 2.82
65 60 90.5 0.2
65 70 92.5 4.86
65 80 141.1 2.16
65 90 162.7 3.1
66 0 0 0.38
66 10 3.8 2.79
66 20 31.7 0.06
66 30 32.3 1
66 40 42.3 2
66 50 62.3 2.82
66 60 90.5 0.2
66 70 92.5 4.86
66 80 141.1 2.16
66 90 162.7 3.1
67 0 0 0.38
67 10 3.8 2.79
67 20 31.7 0.06
67 30 32.3 1
67 40 42.3 2
67 50 62.3 2.82
67 60 90.5 0.2
67 70 92.5 4.86
67 80 141.1 2.16
67 90 162.7 3.1
68 0 0 0.38
68 10 3.8 2.79
68 20 31.7 0.06
68 30 32.3 1
68 40 42.3 2
68 50 62.3 2.82
68 60 90.5 0.2
68 70 92.5 4.86
68 80 141.1 2.16
68 90 162.7 3.1
69 0 0 0.38
69 10 3.8 2.79
69 20 31.7 0.06
69 30 32.3 1
69 40 42.3 2
69 50 62.3 2.82
69 60 90.5 0.2
69 70 92.5 4.86
69 80 141.1 2.16
69 90 162.7 3.1
70 0 0 0.38
70 10 3.8 2.79
70 20 31.7 0.06
70 30 32.3 1
70 40 42.3 2
70 50 62.3 2.82
70 60 90.5 0.2
70 70 92.5 4.86
70 80 141.1 2.16
70 90 162.7 3.1
71 0 0 0.38
71 10 3.8 2.79
71 20 31.7 0.06
71 30 32.3 1
71 40 42.3 2
71 50 62.3 2.82
71 60 90.5 0.2
71 70 92.5 4.86
71 80 141.1 2.16
71 90 162.7 3.1
72 0 0 0.38
72 10 3.8 2.79
72 20 31.7 0.06
72 30 32.3 1
72 40 42.3 2
72 50 62.3 2.82
72 60 90.5 0.2
72 70 92.5 4.86
72 80 141.1 2.16
72 90 162.7 3.1
73 0 0 0.38
73 10 3.8 2.79
73 20 31.7 0.06
73 30 32.3 1
73 40 42.3 2
73 50 62.3 2.82
73 60 90.5 0.2
73 70 92.5 4.86
73 80 141.1 2.16
73 90 162.7 3.1
74 0 0 0.38
74 10 3.8 2.79
74 20 31.7 0.06
74 30 32.3 1
74 40 42.3 2
74 50 62.3 2.82
74 60 90.5 0.2
74 70 92.5 4.86
74 80 141.1 2.16
74 90 162.7 3.1
75 0 0 0.38
75 10 3.8 2.79
75 20 31.7 0.06
75 30 32.3 1
75 40 42.3 2
75 50 62.3 2.82
75 60 90.5 0.2
75 70 92.5 4.86
75 80 141.1 2.16
75 90 162.7 3.1
76 0 0 0.38
76 10 3.8 2.79
76 20 31.7 0.06
76 30 32.3 1
76 40 42.3 2
76 50 62.3 2.82
76 60 90.5 0.2
76 70 92.5 4.86
76 80 141.1 2.16
76 90 162.7 3.1
77 0 0 0.38
77 10 3.8 2.79
77 20 31.7 0.06
77 30 32.3 1
77 40 42.3 2
77 50 62.3 2.82
77 60 90.5 0.2
77 70 92.5 4.86
77 80 141.1 2.16
77 90 162.7 3.1
78 0 0 0.38
78 10 3.8 2.79
78 20 31.7 0.06
78 30 32.3 1
78 40 42.3 2
78 50 62.3 2.82
78 60 90.5 0.2
78 70 92.5 4.86
78 80 141.1 2.16
78 90 162.7 3.1
79 0 0 0.38
79 10 3.8 2.79
79 20 31.7 0.06
79 30 32.3 1
79 40 42.3 2
79 50 62.3 2.82
79 60 90.5 0.2
79 70 92.5 4.86
79 80 141.1 2.16
79 90 162.7 3.1
80 0 0 0.38
80 10 3.8 2.79
80 20 31.7 0.06
80 30 32.3 1
80 40 42.3 2
80 50 62.3 2.82
80 60 90.5 0.2
80 70 92.5 4.86
80 80 141.1 2.16
80 90 162.7 3.1
81 0 0 0.38
81 10 3.8 2.79
81 20 31.7 0.06
81 30 32.3 1
81 40 42.3 2
81 50 62.3 2.82
81 60 90.5 0.2
81 70 92.5 4.86
81 80 141.1 2.16
81 90 162.7 3.1
82 0 0 0.38
82 10 3.8 2.79
82 20 31.7 0.06
82 30 32.3 1
82 40 42.3 2
82 50 62.3 2.82
82 60 90.5 0.2
82 70 92.5 4.86
82 80 141.1 2.16
82 90 162.7 3.1
83 0 0 0.38
83 10 3.8 2.79
83 20 31.7 0.06
83 30 32.3 1
83 40 42.3 2
83 50 62.3 2.82
83 60 90.5 0.2
83 70 92.5 4.86
83 80 141.1 2.16
83 90 162.7 3.1
84 0 0 0.38
84 10 3.8 2.79
84 20 31.7 0.06
84 30 32.3 1
84 40 42.3 2
84 50 62.3 2.82
84 60 90.5 0.2
84 70 92.5 4.86
84 80 141.1 2.16
84 90 162.7 3.1
85 0 0 0.38
85 10 3.8 2.79
85 20 31.7 0.06
85 30 32.3 1
85 40 42.3 2
85 50 62.3 2.82
85 60 90.5 0.2
85 70 92.5 4.86
85 80 141.1 2.16
85 90 162.7 3.1
86 0 0 0.38
86 10 3.8 2.79
86 20 31.7 0.06
86 30 32.3 1
86 40 42.3 2
86 50 62.3 2.82
86 60 90.5 0.2
86 70 92.5 4.86
86 80 141.1 2.16
86 90 162.7 3.1
87 0 0 0.38
87 10 3.8 2.79
87 20 31.7 0.06
87 30 32.3 1
87 40 42.3 2
87 50 62.3 2.82
87 60 90.5 0.2
87 70 92.5 4.86
87 80 141.1 2.16
87 90 162.7 3.1
88 0 0 0.38
88 10 3.8 2.79
88 20 31.7 0.06
88 30 32.3 1
88 40 42.3 2
88 50 62.3 2.82
88 60 90.5 0.2
88 70 92.5 4.86
88 80 141.1 2.16
88 90 162.7 3.1
89 0 0 0.38
89 10 3.8 2.79
89 20 31.7 0.06
89 30 32.3 1
89 40 42.3 2
89 50 62.3 2.82
89 60 90.5 0.2
89 70 92.5 4.86
89 80 141.1 2.16
89 90 162.7 3.1
90 0 0 0.38
90 10 3.8 2.79
90 20 31.7 0.06
90 30 32.3 1
90 40 42.3 2
90 50 62.3 2.82
90 60 90.5 0.2
90 70 92.5 4.86
90 80 141.1 2.16
90 90 162.7 3.1
91 0 0 0.38
91 10 3.8 2.79
91 20 31.7 0.06
91 30 32.3 1
91 40 42.3 2
91 50 62.3 2.82
91 60 90.5 0.2
91 70 92.5 4.86
91 80 141.1 2.16
91 90 162.7 3.1
92 0 0 0.38
92 10 3.8 2.79
92 20 31.7 0.06
92 30 32.3 1
92 40 42.3 2
92 50 62.3 2.82
92 60 90.5 0.2
92 70 92.5 4.86
92 80 141.1 2.16
92 90 162.7 3.1
93 0 0 0.38
93 10 3.8 2.79
93 20 31.7 0.06
93 30 32.3 1
93 40 42.3 2
93 50 62.3 2.82
93 60 90.5 0.2
93 70 92.5 4.86
93 80 141.1 2.16
93 90 162.7 3.1
94 0 0 0.38
94 10 3.8 2.79
94 20 31.7 0.06
94 30 32.3 1
94 40 42.3 2
94 50 62.3 2.82
94 60 90.5 0.2
94 70 92.5 4.86
94 80 141.1 2.16
94 90 162.7 3.1
95 0 0 0.38
95 10 3.8 2.79
95 20 31.7 0.06
95 30 32.3 1
95 40 42.3 2
95 50 62.3 2.82
95 60 90.5 0.2
95 70 92.5 4.86
95 80 141.1 2.16
95 90 162.7 3.1
96 0 0 0.38
96 10 3.8 2.79
96 20 31.7 0.06
96 30 32.3 1
96 40 42.3 2
96 50 62.3 2.82
96 60 90.5 0.2
96 70 92.5 4.86
96 80 141.1 2.16
96 90 162.7 3.1
97 0 0 0.38
97 10 3.8 2.79
97 20 31.7 0.06
97 30 32.3 1
97 40 42.3 2
97 50 62.3 2.82
97 60 90.5 0.2
97 70 92.5 4.86
97 80 141.1 2.16
97 90 162.7 3.1
98 0 0 0.38
98 10 3.8 2.79
98 20 31.7 0.06
98 30 32.3 1
98 40 42.3 2
98 50 62.3 2.82
98 60 90.5 0.2
98 70 92.5 4.86
98 80 141.1 2.16
98 90 162.7 3.1
99 0 0 0.38
99 10 3.8 2.79
99 20 31.7 0.06
99 30 32.3 1
99 40 42.3 2
99 50 62.3 2.82
99 60 90.5 0.2
99 70 92.5 4.86
99 80 141.1 2.16
99 90 162.7 3.1
100 0 0 0.38
100 10 3.8 2.79
100 20 31.7 0.06
100 30 32.3 1
100 40 42.3 2
100 50 62.3 2.82
100 60 90.5 0.2
100 70 92.5 4.86
100 80 141.1 2.16
100 90 162.7 3.1
101 0 0 0.38
101 10 3.8 2.79
101 20 31.7 0.06
101 30 32.3 1
101 40 42.3 2
101 50 62.3 2.82
101 60 90.5 0.2
101 70 92.5 4.86
101 80 141.1 2.16
101 90 162.7 3.1
102 0 0 0.38
102 10 3.8 2.79
102 20 31.7 0.06
102 30 32.3 1
102 40 42.3 2
102 50 62.3 2.82
102 60 90.5 0.2
102 70 92.5 4.86
102 80 141.1 2.16
102 90 162.7 3.1
103 0 0 0.38
103 10 3.8 2.79
103 20 31.7 0.06
103 30 32.3 1
103 40 42.3 2
103 50 62.3 2.82
103 60 90.5 0.2
103 70 92.5 4.86
103 80 141.1 2.16
103 90 162.7 3.1
104 0 0 0.38
104 10 3.8 2.79
104 20 31.7 0.06
104 30 32.3 1
104 40 42.3 2
104 50 62.3 2.82
104 60 90.5 0.2
104 70 92.5 4.86
104 80 141.1 2.16
104 90 162.7 3.1
105 0 0 0.38
105 10 3.8 2.79
105 20 31.7 0.06
105 30 32.3 1
105 40 42.3 2
105 50 62.3 2.82
105 60 90.5 0.2
105 70 92.5 4.86
105 80 141.1 2.16
105 90 162.7 3.1
106 0 0 0.38
106 10 3.8 2.79
106 20 31.7 0.06
106 30 32.3 1
106 40 42.3 2
106 50 62.3 2.82
106 60 90.5 0.2
106 70 92.5 4.86
106 80 141.1 2.16
106 90 162.7 3.1
107 0 0 0.38
107 10 3.8 2.79
107 20 31.7 0.06
107 30 32.3 1
107 40 42.3 2
107 50 62.3 2.82
107 60 90.5 0.2
107 70 92.5 4.86
107 80 141.1 2.16
107 90 162.7 3.1
108 0 0 0.38
108 10 3.8 2.79
108 20 31.7 0.06
108 30 32.3 1
108 40 42.3 2
108 50 62.3 2.82
108 60 90.5 0.2
108 70 92.5 4.86
108 80 141.1 2.16
108 90 162.7 3.1
109 0 0 0.38
109 10 3.8 2.79
109 20 31.7 0.06
109 30 32.3 1
109 40 42.3 2
109 50 62.3 2.82
109 60 90.5 0.2
109 70 92.5 4.86
109 80 141.1 2.16
109 90 162.7 3.1
110 0 0 0.38
110 10 3.8 2.79
110 20 31.7 0.06
110 30 32.3 1
110 40 42.3 2
110 50 62.3 2.82
110 60 90.5 0.2
110 70 92.5 4.86
110 80 141.1 2.16
110 90 162.7 3.1
111 0 0 0.38
111 10 3.8 2.79
111 20 31.7 0.06
111 30 32.3 1
111 40 42.3 2
111 50 62.3 2.82
111 60 90.5 0.2
111 70 92.5 4.86
111 80 141.1 2.16
111 90 162.7 3.1
112 0 0 0.38
112 10 3.8 2.79
112 20 31.7 0.06
112 30 32.3 1
112 40 42.3 2
112 50 62.3 2.82
112 60 90.5 0.2
112 70 92.5 4.86
112 80 141.1 2.16
112 90 162.7 3.1
113 0 0 0.38
113 10 3.8 2.79
113 20 31.7 0.06
113 30 32.3 1
113 40 42.3 2
113 50 62.3 2.82
113 60 90.5 0.2
113 70 92.5 4.86
113 80 141.1 2.16
113 90 162.7 3.1
114 0 0 0.38
114 10 3.8 2.79
114 20 31.7 0.06
114 30 32.3 1
114 40 42.3 2
114 50 62.3 2.82
114 60 90.5 0.2
114 70 92.5 4.86
114 80 141.1 2.16
114 90 162.7 3.1
115 0 0 0.38
115 10 3.8 2.79
115 20 31.7 0.06
115 30 32.3 1
115 40 42.3 2
115 50 62.3 2.82
115 60 90.5 0.2
115 70 92.5 4.86
115 80 141.1 2.16
115 90 162.7 3.1
116 0 0 0.38
116 10 3.8 2.79
116 20 31.7 0.06
116 30 32.3 1
116 40 42.3 2
116 50 62.3 2.82
116 60 90.5 0.2
116 70 92.5 4.86
116 80 141.1 2.16
116 90 162.7 3.1
117 0 0 0.38
117 10 3.8 2.79
117 20 31.7 0.06
117 30 32.3 1
117 40 42.3 2
117 50 62.3 2.82
117 60 90.5 0.2
117 70 92.5 4.86
117 80 141.1 2.16
117 90 162.7 3.1
118 0 0 0.38
118 10 3.8 2.79
118 20 31.7 0.06
118 30 32.3 1
118 40 42.3 2
118 50 62.3 2.82
118 60 90.5 0.2
118 70 92.5 4.86
118 80 141.1 2.16
118 90 162.7 3.1
119 0 0 0.38
119 10 3.8 2.79
119 20 31.7 0.06
119 30 32.3 1
119 40 42.3 2
119 50 62.3 2.82
119 60 90.5 0.2
119 70 92.5 4.86
119 80 141.1 2.16
119 90 162.7 3.1
120 0 0 0.38
120 10 3.8 2.79
120 20 31.7 0.06
120 30 32.3 1
120 40 42.3 2
120 50 62.3 2.82
120 60 90.5 0.2
120 70 92.5 4.86
120 80 141.1 2.16
120 90 162.7 3.1
121 0 0 0.38
121 10 3.8 2.79
121 20 31.7 0.06
121 30 32.3 1
121 40 42.3 2
121 50 62.3 2.82
121 60 90.5 0.2
121 70 92.5 4.86
121 80 141.1 2.16
121 90 162.7 3.1
122 0 0 0.38
122 10 3.8 2.79
122 20 31.7 0.06
122 30 32.3 1
122 40 42.3 2
122 50 62.3 2.82
122 60 90.5 0.2
122 70 92.5 4.86
122 80 141.1 2.16
122 90 162.7 3.1
123 0 0 0.38
123 10 3.8 2.79
123 20 31.7 0.06
123 30 32.3 1
123 40 42.3 2
123 50 62.3 2.82
123 60 90.5 0.2
123 70 92.5 4.86
123 80 141.1 2.16
123 90 162.7 3.1
124 0 0 0.38
124 10 3.8 2.79
124 20 31.7 0.06
124 30 32.3 1
124 40 42.3 2
124 50 62.3 2.82
124 60 90.5 0.2
124 70 92.5 4.86
124 80 141.1 2.16
124 90 162.7 3.1
125 0 0 0.38
125 10 3.8 2.79
125 20 31.7 0.06
125 30 32.3 1
125 40 42.3 2
125 50 62.3 2.82
125 60 90.5 0.2
125 70 92.5 4.86
125 80 141.1 2.16
125 90 162.7 3.1
126 0 0 0.38
126 10 3.8 2.79
126 20 31.7 0.06
126 30 32.3 1
126 40 42.3 2
126 50 62.3 2.82
126 60 90.5 0.2
126 70 92.5 4.86
126 80 141.1 2.16
126 90 162.7 3.1
127 0 0 0.38
127 10 3.8 2.79
127 20 31.7 0.06
127 30 32.3 1
127 40 42.3 2
127 50 62.3 2.82
127 60 90.5 0.2
127 70 92.5 4.86
127 80 141.1 2.16
127 90 162.7 3.1
128 0 0 0.38
128 10 3.8 2.79
128 20 31.7 0.06
128 30 32.3 1
128 40 42.3 2
128 50 62.3 2.82
128 60 90.5 0.2
128 70 92.5 4.86
128 80 141.1 2.16
128 90 162.7 3.1
129 0 0 0.38
129 10 3.8 2.79
129 20 31.7 0.06
129 30 32.3 1
129 40 42.3 2
129 50 62.3 2.82
129 60 90.5 0.2
129 70 92.5 4.86
129 80 141.1 2.16
129 90 162.7 3.1
130 0 0 0.38
130 10 3.8 2.79
130 20 31.7 0.06
130 30 32.3 1
130 40 42.3 2
130 50 62.3 2.82
130 60 90.5 0.2
130 70 92.5 4.86
130 80 141.1 2.16
130 90 162.7 3.1
131 0 0 0.38
131 10 3.8 2.79
131 20 31.7 0.06
131 30 32.3 1
131 40 42.3 2
131 50 62.3 2.82
131 60 90.5 0.2
131 70 92.5 4.86
131 80 141.1 2.16
131 90 162.7 3.1
132 0 0 0.38
132 10 3.8 2.79
132 20 31.7 0.06
132 30 32.3 1
132 40 42.3 2
132 50 62.3 2.82
132 60 90.5 0.2
132 70 92.5 4.86
132 80 141.1 2.16
132 90 162.7 3.1
133 0 0 0.38
133 10 3.8 2.79
133 20 31.7 0.06
133 30 32.3 1
133 40 42.3 2
133 50 62.3 2.82
133 60 90.5 0.2
133 70 92.5 4.86
133 80 141.1 2.16
133 90 162.7 3.1
134 0 0 0.38
134 10 3.8 2.79
134 20 31.7 0.06
134 30 32.3 1
134 40 42.3 2
134 50 62.3 2.82
134 60 90.5 0.2
134 70 92.5 4.86
134 80 141.1 2.16
134 90 162.7 3.1
135 0 0 0.38
135 10 3.8 2.79
135 20 31.7 0.06
135 30 32.3 1
135 40 42.3 2
135 50 62.3 2.82
135 60 90.5 0.2
135 70 92.5 4.86
135 80 141.1 2.16
135 90 162.7 3.1
136 0 0 0.38
136 10 3.8 2.79
136 20 31.7 0.06
136 30 32.3 1
136 40 42.3 2
136 50 62.3 2.82
136 60 90.5 0.2
136 70 92.5 4.86
136 80 141.1 2.16
136 90 162.7 3.1
137 0 0 0.38
137 10 3.8 2.79
137 20 31.7 0.06
137 30 32.3 1
137 40 42.3 2
137 50 62.3 2.82
137 60 90.5 0.2
137 70 92.5 4.86
137 80 141.1 2.16
137 90 162.7 3.1
138 0 0 0.38
138 10 3.8 2.79
138 20 31.7 0.06
138 30 32.3 1
138 40 42.3 2
138 50 62.3 2.82
138 60 90.5 0.2
138 70 92.5 4.86
138 80 141.1 2.16
138 90 162.7 3.1
139 0 0 0.38
139 10 3.8 2.79
139 20 31.7 0.06
139 30 32.3 1
139 40 42.3 2
139 50 62.3 2.82
139 60 90.5 0.2
139 70 92.5 4.86
139 80 141.1 2.16
139 90 162.7 3.1
140 0 0 0.38
140 10 3.8 2.79
140 20 31.7 0.06
140 30 32.3 1
140 40 42.3 2
140 50 62.3 2.82
140 60 90.5 0.2
140 70 92.5 4.86
140 80 141.1 2.16
140 90 162.7 3.1
141 0 0 0.38
141 10 3.8 2.79
141 20 31.7 0.06
141 30 32.3 1
141 40 42.3 2
141 50 62.3 2.82
141 60 90.5 0.2
141 70 92.5 4.86
141 80 141.1 2.16
141 90 162.7 3.1
142 0 0 0.38
142 10 3.8 2.79
142 20 31.7 0.06
142 30 32.3 1
142 40 42.3 2
142 50 62.3 2.82
142 60 90.5 0.2
142 70 92.5 4.86
142 80 141.1 2.16
142 90 162.7 3.1
143 0 0 0.38
143 10 3.8 2.79
143 20 31.7 0.06
143 30 32.3 1
143 40 42.3 2
143 50 62.3 2.82
143 60 90.5 0.2
143 70 92.5 4.86
143 80 141.1 2.16
143 90 162.7 3.1
144 0 0 0.38
144 10 3.8 2.79
144 20 31.7 0.06
144 30 32.3 1
144 40 42.3 2
144 50 62.3 2.82
144 60 90.5 0.2
144 70 92.5 4.86
144 80 141.1 2.16
144 90 162.7 3.1
145 0 0 0.38
145 10 3.8 2.79
145 20 31.7 0.06
145 30 32.3 1
145 40 42.3 2
145 50 62.3 2.82
145 60 90.5 0.2
145 70 92.5 4.86
145 80 141.1 2.16
145 90 162.7 3.1
146 0 0 0.38
146 10 3.8 2.79
146 20 31.7 0.06
146 30 32.3 1
146 40 42.3 2
146 50 62.3 2.82
146 60 90.5 0.2
146 70 92.5 4.86
146 80 141.1 2.16
146 90 162.7 3.1
147 0 0 0.38
147 10 3.8 2.79
147 20 31.7 0.06
147 30 32.3 1
147 40 42.3 2
147 50 62.3 2.82
147 60 90.5 0.2
147 70 92.5 4.86
147 80 141.1 2.16
147 90 162.7 3.1
148 0 0 0.38
148 10 3.8 2.79
148 20 31.7 0.06
148 30 32.3 1
148 40 42.3 2
148 50 62.3 2.82
148 60 90.5 0.2
148 70 92.5 4.86
148 80 141.1 2.16
148 90 162.7 3.1
149 0 0 0.38
149 10 3.8 2.79
149 20 31.7 0.06
149 30 32.3 1
149 40 42.3 2
149 50 62.3 2.82
149 60 90.5 0.2
149 70 92.5 4.86
149 80 141.1 2.16
149 90 162.7 3.1
150 0 0 0.38
150 10 3.8 2.79
150 20 31.7 0.06
150 30 32.3 1
150 40 42.3 2
150 50 62.3 2.82
150 60 90.5 0.2
150 70 92.5 4.86
150 80 141.1 2.16
150 90 162.7 3.1
151 0 0 0.38
151 10 3.8 2.79
151 20 31.7 0.06
151 30 32.3 1
151 40 42.3 2
151 50 62.3 2.82
151 60 90.5 0.2
151 70 92.5 4.86
151 80 141.1 2.16
151 90 162.7 3.1
152 0 0 0.38
152 10 3.8 2.79
152 20 31.7 0.06
152 30 32.3 1
152 40 42.3 2
152 50 62.3 2.82
152 60 90.5 0.2
152 70 92.5 4.86
152 80 141.1 2.16
152 90 162.7 3.1
153 0 0 0.38
153 10 3.8 2.79
153 20 31.7 0.06
153 30 32.3 1
153 40 42.3 2
153 50 62.3 2.82
153 60 90.5 0.2
153 70 92.5 4.86
153 80 141.1 2.16
153 90 162.7 3.1
154 0 0 0.38
154 10 3.8 2.79
154 20 31.7 0.06
154 30 32.3 1
154 40 42.3 2
154 50 62.3 2.82
154 60 90.5 0.2
154 70 92.5 4.86
154 80 141.1 2.16
154 90 162.7 3.1
155 0 0 0.38
155 10 3.8 2.79
155 20 31.7 0.06
155 30 32.3 1
155 40 42.3 2
155 50 62.3 2.82
155 60 90.5 0.2
155 70 92.5 4.86
155 80 141.1 2.16
155 90 162.7 3.1
156 0 0 0.38
156 10 3.8 2.79
156 20 31.7 0.06
156 30 32.3 1
156 40 42.3 2
156 50 62.3 2.82
156 60 90.5 0.2
156 70 92.5 4.86
156 80 141.1 2.16
156 90 162.7 3.1
157 0 0 0.38
157 10 3.8 2.79
157 20 31.7 0.06
157 30 32.3 1
157 40 42.3 2
157 50 62.3 2.82
157 60 90.5 0.2
157 70 92.5 4.86
157 80 141.1 2.16
157 90 162.7 3.1
158 0 0 0.38
158 10 3.8 2.79
158 20 31.7 0.06
158 30 32.3 1
158 40 42.3 2
158 50 62.3 2.82
158 60 90.5 0.2
158 70 92.5 4.86
158 80 141.1 2.16
158 90 162.7 3.1
159 0 0 0.38
159 10 3.8 2.79
159 20 31.7 0.06
159 30 32.3 1
159 40 42.3 2
159 50 62.3 2.82
159 60 90.5 0.2
159 70 92.5 4.86
159 80 141.1 2.16
159 90 162.7 3.1
160 0 0 0.38
160 10 3.8 2.79
160 20 31.7 0.06
160 30 32.3 1
160 40 42.3 2
160 50 62.3 2.82
160 60 90.5 0.2
160 70 92.5 4.86
160 80 141.1 2.16
160 90 162.7 3.1
161 0 0 0.38
161 10 3.8 2.79
161 20 31.7 0.06
161 30 32.3 1
161 40 42.3 2
161 50 62.3 2.82
161 60 90.5 0.2
161 70 92.5 4.86
161 80 141.1 2.16
161 90 162.7 3.1
162 0 0 0.38
162 10 3.8 2.79
162 20 31.7 0.06
162 30 32.3 1
162 40 42.3 2
162 50 62.3 2.82
162 60 90.5 0.2
162 70 92.5 4.86
162 80 141.1 2.16
162 90 162.7 3.1
163 0 0 0.38
163 10 3.8 2.79
163 20 31.7 0.06
163 30 32.3 1
163 40 42.3 2
163 50 62.3 2.82
163 60 90.5 0.2
163 70 92.5 4.86
163 80 141.1 2.16
163 90 162.7 3.1
164 0 0 0.38
164 10 3.8 2.79
164 20 31.7 0.06
164 30 32.3 1
164 40 42.3 2
164 50 62.3 2.82
164 60 90.5 0.2
164 70 92.5 4.86
164 80 141.1 2.16
164 90 162.7 3.1
165 0 0 0.38
165 10 3.8 2.79
165 20 31.7 0.06
165 30 32.3 1
165 40 42.3 2
165 50 62.3 2.82
165 60 90.5 0.2
165 70 92.5 4.86
165 80 141.1 2.16
165 90 162.7 3.1
166 0 0 0.38
166 10 3.8 2.79
166 20 31.7 0.06
166 30 32.3 1
166 40 42.3 2
166 50 62.3 2.82
166 60 90.5 0.2
166 70 92.5 4.86
166 80 141.1 2.16
166 90 162.7 3.1
167 0 0 0.38
167 10 3.8 2.79
167 20 31.7 0.06
167 30 32.3 1
167 40 42.3 2
167 50 62.3 2.82
167 60 90.5 0.2
167 70 92.5 4.86
167 80 141.1 2.16
167 90 162.7 3.1
168 0 0 0.38
168 10 3.8 2.79
168 20 31.7 0.06
168 30 32.3 1
168 40 42.3 2
168 50 62.3 2.82
168 60 90.5 0.2
168 70 92.5 4.86
168 80 141.1 2.16
168 90 162.7 3.1
169 0 0 0.38
169 10 3.8 2.79
169 20 31.7 0.06
169 30 32.3 1
169 40 42.3 2
169 50 62.3 2.82
169 60 90.5 0.2
169 70 92.5 4.86
169 80 141.1 2.16
169 90 162.7 3.1
170 0 0 0.38
170 10 3.8 2.79
170 20 31.7 0.06
170 30 32.3 1
170 40 42.3 2
170 50 62.3 2.82
170 60 90.5 0.2
170 70 92.5 4.86
170 80 141.1 2.16
170 90 162.7 3.1
171 0 0 0.38
171 10 3.8 2.79
171 20 31.7 0.06
171 30 32.3 1
171 40 42.3 2
171 50 62.3 2.82
171 60 90.5 0.2
171 70 92.5 4.86
171 80 141.1 2.16
171 90 162.7 3.1
172 0 0 0.38
172 10 3.8 2.79
172 20 31.7 0.06
172 30 32.3 1
172 40 42.3 2
172 50 62.3 2.82
172 60 90.5 0.2
172 70 92.5 4.86
172 80 141.1 2.16
172 90 162.7 3.1
173 0 0 0.38
173 10 3.8 2.79
173 20 31.7 0.06
173 30 32.3 1
173 40 42.3 2
173 50 62.3 2.82
173 60 90.5 0.2
173 70 92.5 4.86
173 80 141.1 2.16
173 90 162.7 3.1
174 0 0 0.38
174 10 3.8 2.79
174 20 31.7 0.06
174 30 32.3 1
174 40 42.3 2
174 50 62.3 2.82
174 60 90.5 0.2
174 70 92.5 4.86
174 80 141.1 2.16
174 90 162.7 3.1
175 0 0 0.38
175 10 3.8 2.79
175 20 31.7 0.06
175 30 32.3 1
175 40 42.3 2
175 50 62.3 2.82
175 60 90.5 0.2
175 70 92.5 4.86
175 80 141.1 2.16
175 90 162.7 3.1
176 0 0 0.38
176 10 3.8 2.79
176 20 31.7 0.06
176 30 32.3 1
176 40 42.3 2
176 50 62.3 2.82
176 60 90.5 0.2
176 70 92.5 4.86
176 80 141.1 2.16
176 90 162.7 3.1
177 0 0 0.38
177 10 3.8 2.79
177 20 31.7 0.06
177 30 32.3 1
177 40 42.3 2
177 50 62.3 2.82
177 60 90.5 0.2
177 70 92.5 4.86
177 80 141.1 2.16
177 90 162.7 3.1
178 0 0 0.38
178 10 3.8 2.79
178 20 31.7 0.06
178 30 32.3 1
178 40 42.3 2
178 50 62.3 2.82
178 60 90.5 0.2
178 70 92.5 4.86
178 80 141.1 2.16
178 90 162.7 3.1
179 0 0 0.38
179 10 3.8 2.79
179 20 31.7 0.06
179 30 32.3 1
179 40 42.3 2
179 50 62.3 2.82
179 60 90.5 0.2
179 70 92.5 4.86
179 80 141.1 2.16
179 90 162.7 3.1
180 0 0 0.38
180 10 3.8 2.79
180 20 31.7 0.06
180 30 32.3 1
180 40 42.3 2
180 50 62.3 2.82
180 60 90.5 0.2
180 70 92.5 4.86
180 80 141.1 2.16
180 90 162.7 3.1
181 0 0 0.38
181 10 3.8 2.79
181 20 31.7 0.06
181 30 32.3 1
181 40 42.3 2
181 50 62.3 2.82
181 60 90.5 0.2
181 70 92.5 4.86
181 80 141.1 2.16
181 90 162.7 3.1
182 0 0 0.38
182 10 3.8 2.79
182 20 31.7 0.06
182 30 32.3 1
182 40 42.3 2
182 50 62.3 2.82
182 60 90.5 0.2
182 70 92.5 4.86
182 80 141.1 2.16
182 90 162.7 3.1
183 0 0 0.38
183 10 3.8 2.79
183 20 31.7 0.06
183 30 32.3 1
183 40 42.3 2
183 50 62.3 2.82
183 60 90.5 0.2
183 70 92.5 4.86
183 80 141.1 2.16
183 90 162.7 3.1
184 0 0 0.38
184 10 3.8 2.79
184 20 31.7 0.06
184 30 32.3 1
184 40 42.3 2
184 50 62.3 2.82
184 60 90.5 0.2
184 70 92.5 4.86
184 80 141.1 2.16
184 90 162.7 3.1
185 0 0 0.38
185 10 3.8 2.79
185 20 31.7 0.06
185 30 32.3 1
185 40 42.3 2
185 50 62.3 2.82
185 60 90.5 0.2
185 70 92.5 4.86
185 80 141.1 2.16
185 90 162.7 3.1
186 0 0 0.38
186 10 3.8 2.79
186 20 31.7 0.06
186 30 32.3 1
186 40 42.3 2
186 50 62.3 2.82
186 60 90.5 0.2
186 70 92.5 4.86
186 80 141.1 2.16
186 90 162.7 3.1
187 0 0 0.38
187 10 3.8 2.79
187 20 31.7 0.06
187 30 32.3 1
187 40 42.3 2
187 50 62.3 2.82
187 60 90.5 0.2
187 70 92.5 4.86
187 80 141.1 2.16
187 90 162.7 3.1
188 0 0 0.38
188 10 3.8 2.79
188 20 31.7 0.06
188 30 32.3 1
188 40 42.3 2
188 50 62.3 2.82
188 60 90.5 0.2
188 70 92.5 4.86
188 80 141.1 2.16
188 90 162.7 3.1
189 0 0 0.38
189 10 3.8 2.79
189 20 31.7 0.06
189 30 32.3 1
189 40 42.3 2
189 50 62.3 2.82
189 60 90.5 0.2
189 70 92.5 4.86
189 80 141.1 2.16
189 90 162.7 3.1
190 0 0 0.38
190 10 3.8 2.79
190 20 31.7 0.06
190 30 32.3 1
190 40 42.3 2
190 50 62.3 2.82
190 60 90.5 0.2
190 70 92.5 4.86
190 80 141.1 2.16
190 90 162.7 3.1
191 0 0 0.38
191 10 3.8 2.79
191 20 31.7 0.06
191 30 32.3 1
191 40 42.3 2
191 50 62.3 2.82
191 60 90.5 0.2
191 70 92.5 4.86
191 80 141.1 2.16
191 90 162.7 3.1
192 0 0 0.38
192 10 3.8 2.79
192 20 31.7 0.06
192 30 32.3 1
192 40 42.3 2
192 50 62.3 2.82
192 60 90.5 0.2
192 70 92.5 4.86
192 80 141.1 2.16
192 90 162.7 3.1
193 0 0 0.38
193 10 3.8 2.79
193 20 31.7 0.06
193 30 32.3 1
193 40 42.3 2
193 50 62.3 2.82
193 60 90.5 0.2
193 70 92.5 4.86
193 80 141.1 2.16
193 90 162.7 3.1
194 0 0 0.38
194 10 3.8 2.79
194 20 31.7 0.06
194 30 32.3 1
194 40 42.3 2
194 50 62.3 2.82
194 60 90.5 0.2
194 70 92.5 4.86
194 80 141.1 2.16
194 90 162.7 3.1
195 0 0 0.38
195 10 3.8 2.79
195 20 31.7 0.06
195 30 32.3 1
195 40 42.3 2
195 50 62.3 2.82
195 60 90.5 0.2
195 70 92.5 4.86
195 80 141.1 2.16
195 90 162.7 3.1
196 0 0 0.38
196 10 3.8 2.79
196 20 31.7 0.06
196 30 32.3 1
196 40 42.3 2
196 50 62.3 2.82
196 60 90.5 0.2
196 70 92.5 4.86
196 80 141.1 2.16
196 90 162.7 3.1
197 0 0 0.38
197 10 3.8 2.79
197 20 31.7 0.06
197 30 32.3 1
197 40 42.3 2
197 50 62.3 2.82
197 60 90.5 0.2
197 70 92.5 4.86
197 80 141.1 2.16
197 90 162.7 3.1
198 0 0 0.38
198 10 3.8 2.79
198 20 31.7 0.06
198 30 32.3 1
198 40 42.3 2
198 50 62.3 2.82
198 60 90.5 0.2
198 70 92.5 4.86
198 80 141.1 2.16
198 90 162.7 3.1
199 0 0 0.38
199 10 3.8 2.79
199 20 31.7 0.06
199 30 32.3 1
199 40 42.3 2
199 50 62.3 2.82
199 60 90.5 0.2
199 70 92.5 4.86
199 80 141.1 2.16
199 90 162.7 3.1
200 0 0 0.38
200 10 3.8 2.79
200 20 31.7 0.06
200 30 32.3 1
200 40 42.3 2
200 50 62.3 2.82
200 60 90.5 0.2
200 70 92.5 4.86
200 80 141.1 2.16
200 90 162.7 3.1
201 0 0 0.38
201 10 3.8 2.79
201 20 31.7 0.06
201 30 32.3 1
201 40 42.3 2
201 50 62.3 2.82
201 60 90.5 0.2
201 70 92.5 4.86
201 80 141.1 2.16
201 90 162.7 3.1
202 0 0 0.38
202 10 3.8 2.79
202 20 31.7 0.06
202 30 32.3 1
202 40 42.3 2
202 50 62.3 2.82
202 60 90.5 0.2
202 70 92.5 4.86
202 80 141.1 2.16
202 90 162.7 3.1
203 0 0 0.38
203 10 3.8 2.79
203 20 31.7 0.06
203 30 32.3 1
203 40 42.3 2
203 50 62.3 2.82
203 60 90.5 0.2
203 70 92.5 4.86
203 80 141.1 2.16
203 90 162.7 3.1
204 0 0 0.38
204 10 3.8 2.79
204 20 31.7 0.06
204 30 32.3 1
204 40 42.3 2
204 50 62.3 2.82
204 60 90.5 0.2
204 70 92.5 4.86
204 80 141.1 2.16
204 90 162.7 3.1
205 0 0 0.38
205 10 3.8 2.79
205 20 31.7 0.06
205 30 32.3 1
205 40 42.3 2
205 50 62.3 2.82
205 60 90.5 0.2
205 70 92.5 4.86
205 80 141.1 2.16
205 90 162.7 3.1
206 0 0 0.38
206 10 3.8 2.79
206 20 31.7 0.06
206 30 32.3 1
206 40 42.3 2
206 50 62.3 2.82
206 60 90.5 0.2
206 70 92.5 4.86
206 80 141.1 2.16
206 90 162.7 3.1
207 0 0 0.38
207 10 3.8 2.79
207 20 31.7 0.06
207 30 32.3 1
207 40 42.3 2
207 50 62.3 2.82
207 60 90.5 0.2
207 70 92.5 4.86
207 80 141.1 2.16
207 90 162.7 3.1
208 0 0 0.38
208 10 3.8 2.79
208 20 31.7 0.06
208 30 32.3 1
208 40 42.3 2
208 50 62.3 2.82
208 60 90.5 0.2
208 70 92.5 4.86
208 80 141.1 2.16
208 90 162.7 3.1
209 0 0 0.38
209 10 3.8 2.79
209 20 31.7 0.06
209 30 32.3 1
209 40 42.3 2
209 50 62.3 2.82
209 60 90.5 0.2
209 70 92.5 4.86
209 80 141.1 2.16
209 90 162.7 3.1
210 0 0 0.38
210 10 3.8 2.79
210 20 31.7 0.06
210 30 32.3 1
210 40 42.3 2
210 50 62.3 2.82
210 60 90.5 0.2
210 70 92.5 4.86
210 80 141.1 2.16
210 90 162.7 3.1
211 0 0 0.38
211 10 3.8 2.79
211 20 31.7 0.06
211 30 32.3 1
211 40 42.3 2
211 50 62.3 2.82
211 60 90.5 0.2
211 70 92.5 4.86
211 80 141.1 2.16
211 90 162.7 3.1
212 0 0 0.38
212 10 3.8 2.79
212 20 31.7 0.06
212 30 32.3 1
212 40 42.3 2
212 50 62.3 2.82
212 60 90.5 0.2
212 70 92.5 4.86
212 80 141.1 2.16
212 90 162.7 3.1
213 0 0 0.38
213 10 3.8 2.79
213 20 31.7 0.06
213 30 32.3 1
213 40 42.3 2
213 50 62.3 2.82
213 60 90.5 0.2
213 70 92.5 4.86
213 80 141.1 2.16
213 90 162.7 3.1
214 0 0 0.38
214 10 3.8 2.79
214 20 31.7 0.06
214 30 32.3 1
214 40 42.3 2
214 50 62.3 2.82
214 60 90.5 0.2
214 70 92.5 4.86
214 80 141.1 2.16
214 90 162.7 3.1
215 0 0 0.38
215 10 3.8 2.79
215 20 31.7 0.06
215 30 32.3 1
215 40 42.3 2
215 50 62.3 2.82
215 60 90.5 0.2
215 70 92.5 4.86
215 80 141.1 2.16
215 90 162.7 3.1
216 0 0 0.38
216 10 3.8 2.79
216 20 31.7 0.06
216 30 32.3 1
216 40 42.3 2
216 50 62.3 2.82
216 60 90.5 0.2
216 70 92.5 4.86
216 80 141.1 2.16
216 90 162.7 3.1
217 0 0 0.38
217 10 3.8 2.79
217 20 31.7 0.06
217 30 32.3 1
217 40 42.3 2
217 50 62.3 2.82
217 60 90.5 0.2
217 70 92.5 4.86
217 80 141.1 2.16
217 90 162.7 3.1
218 0 0 0.38
218 10 3.8 2.79
218 20 31.7 0.06
218 30 32.3 1
218 40 42.3 2
218 50 62.3 2.82
218 60 90.5 0.2
218 70 92.5 4.86
218 80 141.1 2.16
218 90 162.7 3.1
219 0 0 0.38
219 10 3.8 2.79
219 20 31.7 0.06
219 30 32.3 1
219 40 42.3 2
219 50 62.3 2.82
219 60 90.5 0.2
219 70 92.5 4.86
219 80 141.1 2.16
219 90 162.7 3.1
220 0 0 0.38
220 10 3.8 2.79
220 20 31.7 0.06
220 30 32.3 1
220 40 42.3 2
220 50 62.3 2.82
220 60 90.5 0.2
220 70 92.5 4.86
220 80 141.1 2.16
220 90 162.7 3.1
221 0 0 0.38
221 10 3.8 2.79
221 20 31.7 0.06
221 30 32.3 1
221 40 42.3 2
221 50 62.3 2.82
221 60 90.5 0.2
221 70 92.5 4.86
221 80 141.1 2.16
221 90 162.7 3.1
222 0 0 0.38
222 10 3.8 2.79
222 20 31.7 0.06
222 30 32.3 1
222 40 42.3 2
222 50 62.3 2.82
222 60 90.5 0.2
222 70 92.5 4.86
222 80 141.1 2.16
222 90 162.7 3.1
223 0 0 0.38
223 10 3.8 2.79
223 20 31.7 0.06
223 30 32.3 1
223 40 42.3 2
223 50 62.3 2.82
223 60 90.5 0.2
223 70 92.5 4.86
223 80 141.1 2.16
223 90 162.7 3.1
224 0 0 0.38
224 10 3.8 2.79
224 20 31.7 0.06
224 30 32.3 1
224 40 42.3 2
224 50 62.3 2.82
224 60 90.5 0.2
224 70 92.5 4.86
224 80 141.1 2.16
224 90 162.7 3.1
225 0 0 0.38
225 10 3.8 2.79
225 20 31.7 0.06
225 30 32.3 1
225 40 42.3 2
225 50 62.3 2.82
225 60 90.5 0.2
225 70 92.5 4.86
225 80 141.1 2.16
225 90 162.7 3.1
226 0 0 0.38
226 10 3.8 2.79
226 20 31.7 0.06
226 30 32.3 1
226 40 42.3 2
226 50 62.3 2.82
226 60 90.5 0.2
226 70 92.5 4.86
226 80 141.1 2.16
226 90 162.7 3.1
227 0 0 0.38
227 10 3.8 2.79
227 20 31.7 0.06
227 30 32.3 1
227 40 42.3 2
227 50 62.3 2.82
227 60 90.5 0.2
227 70 92.5 4.86
227 80 141.1 2.16
227 90 162.7 3.1
228 0 0 0.38
228 10 3.8 2.79
228 20 31.7 0.06
228 30 32.3 1
228 40 42.3 2
228 50 62.3 2.82
228 60 90.5 0.2
228 70 92.5 4.86
228 80 141.1 2.16
228 90 162.7 3.1
229 0 0 0.38
229 10 3.8 2.79
229 20 31.7 0.06
229 30 32.3 1
229 40 42.3 2
229 50 62.3 2.82
229 60 90.5 0.2
229 70 92.5 4.86
229 80 141.1 2.16
229 90 162.7 3.1
230 0 0 0.38
230 10 3.8 2.79
230 20 31.7 0.06
230 30 32.3 1
230 40 42.3 2
230 50 62.3 2.82
230 60 90.5 0.2
230 70 92.5 4.86
230 80 141.1 2.16
230 90 162.7 3.1
231 0 0 0.38
231 10 3.8 2.79
231 20 31.7 0.06
231 30 32.3 1
231 40 42.3 2
231 50 62.3 2.82
231 60 90.5 0.2
231 70 92.5 4.86
231 80 141.1 2.16
231 90 162.7 3.1
232 0 0 0.38
232 10 3.8 2.79
232 20 31.7 0.06
232 30 32.3 1
232 40 42.3 2
232 50 62.3 2.82
232 60 90.5 0.2
232 70 92.5 4.86
232 80 141.1 2.16
232 90 162.7 3.1
233 0 0 0.38
233 10 3.8 2.79
233 20 31.7 0.06
233 30 32.3 1
233 40 42.3 2
233 50 62.3 2.82
233 60 90.5 0.2
233 70 92.5 4.86
233 80 141.1 2.16
233 90 162.7 3.1
234 0 0 0.38
234 10 3.8 2.79
234 20 31.7 0.06
234 30 32.3 1
234 40 42.3 2
234 50 62.3 2.82
234 60 90.5 0.2
234 70 92.5 4.86
234 80 141.1 2.16
234 90 162.7 3.1
235 0 0 0.38
235 10 3.8 2.79
235 20 31.7 0.06
235 30 32.3 1
235 40 42.3 2
235 50 62.3 2.82
235 60 90.5 0.2
235 70 92.5 4.86
235 80 141.1 2.16
235 90 162.7 3.1
236 0 0 0.38
236 10 3.8 2.79
236 20 31.7 0.06
236 30 32.3 1
236 40 42.3 2
236 50 62.3 2.82
236 60 90.5 0.2
236 70 92.5 4.86
236 80 141.1 2.16
236 90 162.7 3.1
237 0 0 0.38
237 10 3.8 2.79
237 20 31.7 0.06
237 30 32.3 1
237 40 42.3 2
237 50 62.3 2.82
237 60 90.5 0.2
237 70 92.5 4.86
237 80 141.1 2.16
237 90 162.7 3.1
238 0 0 0.38
238 10 3.8 2.79
238 20 31.7 0.06
238 30 32.3 1
238 40 42.3 2
238 50 62.3 2.82
238 60 90.5 0.2
238 70 92.5 4.86
238 80 141.1 2.16
238 90 162.7 3.1
239 0 0 0.38
239 10 3.8 2.79
239 20 31.7 0.06
239 30 32.3 1
239 40 42.3 2
239 50 62.3 2.82
239 60 90.5 0.2
239 70 92.5 4.86
239 80 141.1 2.16
239 90 162.7 3.1
240 0 0 0.38
240 10 3.8 2.79
240 20 31.7 0.06
240 30 32.3 1
240 40 42.3 2
240 50 62.3 2.82
240 60 90.5 0.2
240 70 92.5 4.86
240 80 141.1 2.16
240 90 162.7 3.1
241 0 0 0.38
241 10 3.8 2.79
241 20 31.7 0.06
241 30 32.3 1
241 40 42.3 2
241 50 62.3 2.82
241 60 90.5 0.2
241 70 92.5 4.86
241 80 141.1 2.16
241 90 162.7 3.1
242 0 0 0.38
242 10 3.8 2.79
242 20 31.7 0.06
242 30 32.3 1
242 40 42.3 2
242 50 62.3 2.82
242 60 90.5 0.2
242 70 92.5 4.86
242 80 141.1 2.16
242 90 162.7 3.1
243 0 0 0.38
243 10 3.8 2.79
243 20 31.7 0.06
243 30 32.3 1
243 40 42.3 2
243 50 62.3 2.82
243 60 90.5 0.2
243 70 92.5 4.86
243 80 141.1 2.16
243 90 162.7 3.1
244 0 0 0.38
244 10 3.8 2.79
244 20 31.7 0.06
244 30 32.3 1
244 40 42.3 2
244 50 62.3 2.82
244 60 90.5 0.2
244 70 92.5 4.86
244 80 141.1 2.16
244 90 162.7 3.1
245 0 0 0.38
245 10 3.8 2.79
245 20 31.7 0.06
245 30 32.3 1
245 40 42.3 2
245 50 62.3 2.82
245 60 90.5 0.2
245 70 92.5 4.86
245 80 141.1 2.16
245 90 162.7 3.1
246 0 0 0.38
246 10 3.8 2.79
246 20 31.7 0.06
246 30 32.3 1
246 40 42.3 2
246 50 62.3 2.82
246 60 90.5 0.2
246 70 92.5 4.86
246 80 141.1 2.16
246 90 162.7 3.1
247 0 0 0.38
247 10 3.8 2.79
247 20 31.7 0.06
247 30 32.3 1
247 40 42.3 2
247 50 62.3 2.82
247 60 90.5 0.2
247 70 92.5 4.86
247 80 141.1 2.16
247 90 162.7 3.1
248 0 0 0.38
248 10 3.8 2.79
248 20 31.7 0.06
248 30 32.3 1
248 40 42.3 2
248 50 62.3 2.82
248 60 90.5 0.2
248 70 92.5 4.86
248 80 141.1 2.16
248 90 162.7 3.1
249 0 0 0.38
249 10 3.8 2.79
249 20 31.7 0.06
249 30 32.3 1
249 40 42.3 2
249 50 62.3 2.82
249 60 90.5 0.2
249 70 92.5 4.86
249 80 141.1 2.16
249 90 162.7 3.1
250 0 0 0.38
250 10 3.8 2.79
250 20 31.7 0.06
250 30 32.3 1
250 40 42.3 2
250 50 62.3 2.82
250 60 90.5 0.2
250 70 92.5 4.86
250 80 141.1 2.16
250 90 162.7 3.1
251 0 0 0.38
251 10 3.8 2.79
251 20 31.7 0.06
251 30 32.3 1
251 40 42.3 2
251 50 62.3 2.82
251 60 90.5 0.2
251 70 92.5 4.86
251 80 141.1 2.16
251 90 162.7 3.1
252 0 0 0.38
252 10 3.8 2.79
252 20 31.7 0.06
252 30 32.3 1
252 40 42.3 2
252 50 62.3 2.82
252 60 90.5 0.2
252 70 92.5 4.86
252 80 141.1 2.16
252 90 162.7 3.1
253 0 0 0.38
253 10 3.8 2.79
253 20 31.7 0.06
253 30 32.3 1
253 40 42.3 2
253 50 62.3 2.82
253 60 90.5 0.2
253 70 92.5 4.86
253 80 141.1 2.16
253 90 162.7 3.1
254 0 0 0.38
254 10 3.8 2.79
254 20 31.7 0.06
254 30 32.3 1
254 40 42.3 2
254 50 62.3 2.82
254 60 90.5 0.2
254 70 92.5 4.86
254 80 141.1 2.16
254 90 162.7 3.1
255 0 0 0.38
255 10 3.8 2.79
255 20 31.7 0.06
255 30 32.3 1
255 40 42.3 2
255 50 62.3 2.82
255 60 90.5 0.2
255 70 92.5 4.86
255 80 141.1 2.16
255 90 162.7 3.1
256 0 0 0.38
256 10 3.8 2.79
256 20 31.7 0.06
256 30 32.3 1
256 40 42.3 2
256 50 62.3 2.82
256 60 90.5 0.2
256 70 92.5 4.86
256 80 141.1 2.16
256 90 162.7 3.1
257 0 0 0.38
257 10 3.8 2.79
257 20 31.7 0.06
257 30 32.3 1
257 40 42.3 2
257 50 62.3 2.82
257 60 90.5 0.2
257 70 92.5 4.86
257 80 141.1 2.16
257 90 162.7 3.1
258 0 0 0.38
258 10 3.8 2.79
258 20 31.7 0.06
258 30 32.3 1
258 40 42.3 2
258 50 62.3 2.82
258 60 90.5 0.2
258 70 92.5 4.86
258 80 141.1 2.16
258 90 162.7 3.1
259 0 0 0.38
259 10 3.8 2.79
259 20 31.7 0.06
259 30 32.3 1
259 40 42.3 2
259 50 62.3 2.82
259 60 90.5 0.2
259 70 92.5 4.86
259 80 141.1 2.16
259 90 162.7 3.1
260 0 0 0.38
260 10 3.8 2.79
260 20 31.7 0.06
260 30 32.3 1
260 40 42.3 2
260 50 62.3 2.82
260 60 90.5 0.2
260 70 92.5 4.86
260 80 141.1 2.16
260 90 162.7 3.1
261 0 0 0.38
261 10 3.8 2.79
261 20 31.7 0.06
261 30 32.3 1
261 40 42.3 2
261 50 62.3 2.82
261 60 90.5 0.2
261 70 92.5 4.86
261 80 141.1 2.16
261 90 162.7 3.1
262 0 0 0.38
262 10 3.8 2.79
262 20 31.7 0.06
262 30 32.3 1
262 40 42.3 2
262 50 62.3 2.82
262 60 90.5 0.2
262 70 92.5 4.86
262 80 141.1 2.16
262 90 162.7 3.1
263 0 0 0.38
263 10 3.8 2.79
263 20 31.7 0.06
263 30 32.3 1
263 40 42.3 2
263 50 62.3 2.82
263 60 90.5 0.2
263 70 92.5 4.86
263 80 141.1 2.16
263 90 162.7 3.1
264 0 0 0.38
264 10 3.8 2.79
264 20 31.7 0.06
264 30 32.3 1
264 40 42.3 2
264 50 62.3 2.82
264 60 90.5 0.2
264 70 92.5 4.86
264 80 141.1 2.16
264 90 162.7 3.1
265 0 0 0.38
265 10 3.8 2.79
265 20 31.7 0.06
265 30 32.3 1
265 40 42.3 2
265 50 62.3 2.82
265 60 90.5 0.2
265 70 92.5 4.86
265 80 141.1 2.16
265 90 162.7 3.1
266 0 0 0.38
266 10 3.8 2.79
266 20 31.7 0.06
266 30 32.3 1
266 40 42.3 2
266 50 62.3 2.82
266 60 90.5 0.2
266 70 92.5 4.86
266 80 141.1 2.16
266 90 162.7 3.1
267 0 0 0.38
267 10 3.8 2.79
267 20 31.7 0.06
267 30 32.3 1
267 40 42.3 2
267 50 62.3 2.82
267 60 90.5 0.2
267 70 92.5 4.86
267 80 141.1 2.16
267 90 162.7 3.1
268 0 0 0.38
268 10 3.8 2.79
268 20 31.7 0.06
268 30 32.3 1
268 40 42.3 2
268 50 62.3 2.82
268 60 90.5 0.2
268 70 92.5 4.86
268 80 141.1 2.16
268 90 162.7 3.1
269 0 0 0.38
269 10 3.8 2.79
269 20 31.7 0.06
269 30 32.3 1
269 40 42.3 2
269 50 62.3 2.82
269 60 90.5 0.2
269 70 92.5 4.86
269 80 141.1 2.16
269 90 162.7 3.1
270 0 0 0.38
270 10 3.8 2.79
270 20 31.7 0.06
270 30 32.3 1
270 40 42.3 2
270 50 62.3 2.82
270 60 90.5 0.2
270 70 92.5 4.86
270 80 141.1 2.16
270 90 162.7 3.1
271 0 0 0.38
271 10 3.8 2.79
271 20 31.7 0.06
271 30 32.3 1
271 40 42.3 2
271 50 62.3 2.82
271 60 90.5 0.2
271 70 92.5 4.86
271 80 141.1 2.16
271 90 162.7 3.1
272 0 0 0.38
272 10 3.8 2.79
272 20 31.7 0.06
272 30 32.3 1
272 40 42.3 2
272 50 62.3 2.82
272 60 90.5 0.2
272 70 92.5 4.86
272 80 141.1 2.16
272 90 162.7 3.1
273 0 0 0.38
273 10 3.8 2.79
273 20 31.7 0.06
273 30 32.3 1
273 40 42.3 2
273 50 62.3 2.82
273 60 90.5 0.2
273 70 92.5 4.86
273 80 141.1 2.16
273 90 162.7 3.1
274 0 0 0.38
274 10 3.8 2.79
274 20 31.7 0.06
274 30 32.3 1
274 40 42.3 2
274 50 62.3 2.82
274 60 90.5 0.2
274 70 92.5 4.86
274 80 141.1 2.16
274 90 162.7 3.1
275 0 0 0.38
275 10 3.8 2.79
275 20 31.7 0.06
275 30 32.3 1
275 40 42.3 2
275 50 62.3 2.82
275 60 90.5 0.2
275 70 92.5 4.86
275 80 141.1 2.16
275 90 162.7 3.1
276 0 0 0.38
276 10 3.8 2.79
276 20 31.7 0.06
276 30 32.3 1
276 40 42.3 2
276 50 62.3 2.82
276 60 90.5 0.2
276 70 92.5 4.86
276 80 141.1 2.16
276 90 162.7 3.1
277 0 0 0.38
277 10 3.8 2.79
277 20 31.7 0.06
277 30 32.3 1
277 40 42.3 2
277 50 62.3 2.82
277 60 90.5 0.2
277 70 92.5 4.86
277 80 141.1 2.16
277 90 162.7 3.1
278 0 0 0.38
278 10 3.8 2.79
278 20 31.7 0.06
278 30 32.3 1
278 40 42.3 2
278 50 62.3 2.82
278 60 90.5 0.2
278 70 92.5 4.86
278 80 141.1 2.16
278 90 162.7 3.1
279 0 0 0.38
279 10 3.8 2.79
279 20 31.7 0.06
279 30 32.3 1
279 40 42.3 2
279 50 62.3 2.82
279 60 90.5 0.2
279 70 92.5 4.86
279 80 141.1 2.16
279 90 162.7 3.1
280 0 0 0.38
280 10 3.8 2.79
280 20 31.7 0.06
280 30 32.3 1
280 40 42.3 2
280 50 62.3 2.82
280 60 90.5 0.2
280 70 92.5 4.86
280 80 141.1 2.16
280 90 162.7 3.1
281 0 0 0.38
281 10 3.8 2.79
281 20 31.7 0.06
281 30 32.3 1
281 40 42.3 2
281 50 62.3 2.82
281 60 90.5 0.2
281 70 92.5 4.86
281 80 141.1 2.16
281 90 162.7 3.1
282 0 0 0.38
282 10 3.8 2.79
282 20 31.7 0.06
282 30 32.3 1
282 40 42.3 2
282 50 62.3 2.82
282 60 90.5 0.2
282 70 92.5 4.86
282 80 141.1 2.16
282 90 162.7 3.1
283 0 0 0.38
283 10 3.8 2.79
283 20 31.7 0.06
283 30 32.3 1
283 40 42.3 2
283 50 62.3 2.82
283 60 90.5 0.2
283 70 92.5 4.86
283 80 141.1 2.16
283 90 162.7 3.1
284 0 0 0.38
284 10 3.8 2.79
284 20 31.7 0.06
284 30 32.3 1
284 40 42.3 2
284 50 62.3 2.82
284 60 90.5 0.2
284 70 92.5 4.86
284 80 141.1 2.16
284 90 162.7 3.1
285 0 0 0.38
285 10 3.8 2.79
285 20 31.7 0.06
285 30 32.3 1
285 40 42.3 2
285 50 62.3 2.82
285 60 90.5 0.2
285 70 92.5 4.86
285 80 141.1 2.16
285 90 162.7 3.1
286 0 0 0.38
286 10 3.8 2.79
286 20 31.7 0.06
286 30 32.3 1
286 40 42.3 2
286 50 62.3 2.82
286 60 90.5 0.2
286 70 92.5 4.86
286 80 141.1 2.16
286 90 162.7 3.1
287 0 0 0.38
287 10 3.8 2.79
287 20 31.7 0.06
287 30 32.3 1
287 40 42.3 2
287 50 62.3 2.82
287 60 90.5 0.2
287 70 92.5 4.86
287 80 141.1 2.16
287 90 162.7 3.1
288 0 0 0.38
288 10 3.8 2.79
288 20 31.7 0.06
288 30 32.3 1
288 40 42.3 2
288 50 62.3 2.82
288 60 90.5 0.2
288 70 92.5 4.86
288 80 141.1 2.16
288 90 162.7 3.1
289 0 0 0.38
289 10 3.8 2.79
289 20 31.7 0.06
289 30 32.3 1
289 40 42.3 2
289 50 62.3 2.82
289 60 90.5 0.2
289 70 92.5 4.86
289 80 141.1 2.16
289 90 162.7 3.1
290 0 0 0.38
290 10 3.8 2.79
290 20 31.7 0.06
290 30 32.3 1
290 40 42.3 2
290 50 62.3 2.82
290 60 90.5 0.2
290 70 92.5 4.86
290 80 141.1 2.16
290 90 162.7 3.1
291 0 0 0.38
291 10 3.8 2.79
291 20 31.7 0.06
291 30 32.3 1
291 40 42.3 2
291 50 62.3 2.82
291 60 90.5 0.2
291 70 92.5 4.86
291 80 141.1 2.16
291 90 162.7 3.1
292 0 0 0.38
292 10 3.8 2.79
292 20 31.7 0.06
292 30 32.3 1
292 40 42.3 2
292 50 62.3 2.82
292 60 90.5 0.2
292 70 92.5 4.86
292 80 141.1 2.16
292 90 162.7 3.1
293 0 0 0.38
293 10 3.8 2.79
293 20 31.7 0.06
293 30 32.3 1
293 40 42.3 2
293 50 62.3 2.82
293 60 90.5 0.2
293 70 92.5 4.86
293 80 141.1 2.16
293 90 162.7 3.1
294 0 0 0.38
294 10 3.8 2.79
294 20 31.7 0.06
294 30 32.3 1
294 40 42.3 2
294 50 62.3 2.82
294 60 90.5 0.2
294 70 92.5 4.86
294 80 141.1 2.16
294 90 162.7 3.1
295 0 0 0.38
295 10 3.8 2.79
295 20 31.7 0.06
295 30 32.3 1
295 40 42.3 2
295 50 62.3 2.82
295 60 90.5 0.2
295 70 92.5 4.86
295 80 141.1 2.16
295 90 162.7 3.1
296 0 0 0.38
296 10 3.8 2.79
296 20 31.7 0.06
296 30 32.3 1
296 40 42.3 2
296 50 62.3 2.82
296 60 90.5 0.2
296 70 92.5 4.86
296 80 141.1 2.16
296 90 162.7 3.1
297 0 0 0.38
297 10 3.8 2.79
297 20 31.7 0.06
297 30 32.3 1
297 40 42.3 2
297 50 62.3 2.82
297 60 90.5 0.2
297 70 92.5 4.86
297 80 141.1 2.16
297 90 162.7 3.1
298 0 0 0.38
298 10 3.8 2.79
298 20 31.7 0.06
298 30 32.3 1
298 40 42.3 2
298 50 62.3 2.82
298 60 90.5 0.2
298 70 92.5 4.86
298 80 141.1 2.16
298 90 162.7 3.1
299 0 0 0.38
299 10 3.8 2.79
299 20 31.7 0.06
299 30 32.3 1
299 40 42.3 2
299 50 62.3 2.82
299 60 90.5 0.2
299 70 92.5 4.86
299 80 141.1 2.16
299 90 162.7 3.1
300 0 0 0.38
300 10 3.8 2.79
300 20 31.7 0.06
300 30 32.3 1
300 40 42.3 2
300 50 62.3 2.82
300 60 90.5 0.2
300 70 92.5 4.86
300 80 141.1 2.16
300 90 162.7 3.1
301 0 0 0.38
301 10 3.8 2.79
301 20 31.7 0.06
301 30 32.3 1
301 40 42.3 2
301 50 62.3 2.82
301 60 90.5 0.2
301 70 92.5 4.86
301 80 141.1 2.16
301 90 162.7 3.1
302 0 0 0.38
302 10 3.8 2.79
302 20 31.7 0.06
302 30 32.3 1
302 40 42.3 2
302 50 62.3 2.82
302 60 90.5 0.2
302 70 92.5 4.86
302 80 141.1 2.16
302 90 162.7 3.1
303 0 0 0.38
303 10 3.8 2.79
303 20 31.7 0.06
303 30 32.3 1
303 40 42.3 2
303 50 62.3 2.82
303 60 90.5 0.2
303 70 92.5 4.86
303 80 141.1 2.16
303 90 162.7 3.1
304 0 0 0.38
304 10 3.8 2.79
304 20 31.7 0.06
304 30 32.3 1
304 40 42.3 2
304 50 62.3 2.82
304 60 90.5 0.2
304 70 92.5 4.86
304 80 141.1 2.16
304 90 162.7 3.1
305 0 0 0.38
305 10 3.8 2.79
305 20 31.7 0.06
305 30 32.3 1
305 40 42.3 2
305 50 62.3 2.82
305 60 90.5 0.2
305 70 92.5 4.86
305 80 141.1 2.16
305 90 162.7 3.1
306 0 0 0.38
306 10 3.8 2.79
306 20 31.7 0.06
306 30 32.3 1
306 40 42.3 2
306 50 62.3 2.82
306 60 90.5 0.2
306 70 92.5 4.86
306 80 141.1 2.16
306 90 162.7 3.1
307 0 0 0.38
307 10 3.8 2.79
307 20 31.7 0.06
307 30 32.3 1
307 40 42.3 2
307 50 62.3 2.82
307 60 90.5 0.2
307 70 92.5 4.86
307 80 141.1 2.16
307 90 162.7 3.1
308 0 0 0.38
308 10 3.8 2.79
308 20 31.7 0.06
308 30 32.3 1
308 40 42.3 2
308 50 62.3 2.82
308 60 90.5 0.2
308 70 92.5 4.86
308 80 141.1 2.16
308 90 162.7 3.1
309 0 0 0.38
309 10 3.8 2.79
309 20 31.7 0.06
309 30 32.3 1
309 40 42.3 2
309 50 62.3 2.82
309 60 90.5 0.2
309 70 92.5 4.86
309 80 141.1 2.16
309 90 162.7 3.1
310 0 0 0.38
310 10 3.8 2.79
310 20 31.7 0.06
310 30 32.3 1
310 40 42.3 2
310 50 62.3 2.82
310 60 90.5 0.2
310 70 92.5 4.86
310 80 141.1 2.16
310 90 162.7 3.1
311 0 0 0.38
311 10 3.8 2.79
311 20 31.7 0.06
311 30 32.3 1
311 40 42.3 2
311 50 62.3 2.82
311 60 90.5 0.2
311 70 92.5 4.86
311 80 141.1 2.16
311 90 162.7 3.1
312 0 0 0.38
312 10 3.8 2.79
312 20 31.7 0.06
312 30 32.3 1
312 40 42.3 2
312 50 62.3 2.82
312 60 90.5 0.2
312 70 92.5 4.86
312 80 141.1 2.16
312 90 162.7 3.1
313 0 0 0.38
313 10 3.8 2.79
313 20 31.7 0.06
313 30 32.3 1
313 40 42.3 2
313 50 62.3 2.82
313 60 90.5 0.2
313 70 92.5 4.86
313 80 141.1 2.16
313 90 162.7 3.1
314 0 0 0.38
314 10 3.8 2.79
314 20 31.7 0.06
314 30 32.3 1
314 40 42.3 2
314 50 62.3 2.82
314 60 90.5 0.2
314 70 92.5 4.86
314 80 141.1 2.16
314 90 162.7 3.1
315 0 0 0.38
315 10 3.8 2.79
315 20 31.7 0.06
315 30 32.3 1
315 40 42.3 2
315 50 62.3 2.82
315 60 90.5 0.2
315 70 92.5 4.86
315 80 141.1 2.16
315 90 162.7 3.1
316 0 0 0.38
316 10 3.8 2.79
316 20 31.7 0.06
316 30 32.3 1
316 40 42.3 2
316 50 62.3 2.82
316 60 90.5 0.2
316 70 92.5 4.86
316 80 141.1 2.16
316 90 162.7 3.1
317 0 0 0.38
317 10 3.8 2.79
317 20 31.7 0.06
317 30 32.3 1
317 40 42.3 2
317 50 62.3 2.82
317 60 90.5 0.2
317 70 92.5 4.86
317 80 141.1 2.16
317 90 162.7 3.1
318 0 0 0.38
318 10 3.8 2.79
318 20 31.7 0.06
318 30 32.3 1
318 40 42.3 2
318 50 62.3 2.82
318 60 90.5 0.2
318 70 92.5 4.86
318 80 141.1 2.16
318 90 162.7 3.1
319 0 0 0.38
319 10 3.8 2.79
319 20 31.7 0.06
319 30 32.3 1
319 40 42.3 2
319 50 62.3 2.82
319 60 90.5 0.2
319 70 92.5 4.86
319 80 141.1 2.16
319 90 162.7 3.1
320 0 0 0.38
320 10 3.8 2.79
320 20 31.7 0.06
320 30 32.3 1
320 40 42.3 2
320 50 62.3 2.82
320 60 90.5 0.2
320 70 92.5 4.86
320 80 141.1 2.16
320 90 162.7 3.1
321 0 0 0.38
321 10 3.8 2.79
321 20 31.7 0.06
321 30 32.3 1
321 40 42.3 2
321 50 62.3 2.82
321 60 90.5 0.2
321 70 92.5 4.86
321 80 141.1 2.16
321 90 162.7 3.1
322 0 0 0.38
322 10 3.8 2.79
322 20 31.7 0.06
322 30 32.3 1
322 40 42.3 2
322 50 62.3 2.82
322 60 90.5 0.2
322 70 92.5 4.86
322 80 141.1 2.16
322 90 162.7 3.1
323 0 0 0.38
323 10 3.8 2.79
323 20 31.7 0.06
323 30 32.3 1
323 40 42.3 2
323 50 62.3 2.82
323 60 90.5 0.2
323 70 92.5 4.86
323 80 141.1 2.16
323 90 162.7 3.1
324 0 0 0.38
324 10 3.8 2.79
324 20 31.7 0.06
324 30 32.3 1
324 40 42.3 2
324 50 62.3 2.82
324 60 90.5 0.2
324 70 92.5 4.86
324 80 141.1 2.16
324 90 162.7 3.1
325 0 0 0.38
325 10 3.8 2.79
325 20 31.7 0.06
325 30 32.3 1
325 40 42.3 2
325 50 62.3 2.82
325 60 90.5 0.2
325 70 92.5 4.86
325 80 141.1 2.16
325 90 162.7 3.1
326 0 0 0.38
326 10 3.8 2.79
326 20 31.7 0.06
326 30 32.3 1
326 40 42.3 2
326 50 62.3 2.82
326 60 90.5 0.2
326 70 92.5 4.86
326 80 141.1 2.16
326 90 162.7 3.1
327 0 0 0.38
327 10 3.8 2.79
327 20 31.7 0.06
327 30 32.3 1
327 40 42.3 2
327 50 62.3 2.82
327 60 90.5 0.2
327 70 92.5 4.86
327 80 141.1 2.16
327 90 162.7 3.1
328 0 0 0.38
328 10 3.8 2.79
328 20 31.7 0.06
328 30 32.3 1
328 40 42.3 2
328 50 62.3 2.82
328 60 90.5 0.2
328 70 92.5 4.86
328 80 141.1 2.16
328 90 162.7 3.1
329 0 0 0.38
329 10 3.8 2.79
329 20 31.7 0.06
329 30 32.3 1
329 40 42.3 2
329 50 62.3 2.82
329 60 90.5 0.2
329 70 92.5 4.86
329 80 141.1 2.16
329 90 162.7 3.1
330 0 0 0.38
330 10 3.8 2.79
330 20 31.7 0.06
330 30 32.3 1
330 40 42.3 2
330 50 62.3 2.82
330 60 90.5 0.2
330 70 92.5 4.86
330 80 141.1 2.16
330 90 162.7 3.1
331 0 0 0.38
331 10 3.8 2.79
331 20 31.7 0.06
331 30 32.3 1
331 40 42.3 2
331 50 62.3 2.82
331 60 90.5 0.2
331 70 92.5 4.86
331 80 141.1 2.16
331 90 162.7 3.1
332 0 0 0.38
332 10 3.8 2.79
332 20 31.7 0.06
332 30 32.3 1
332 40 42.3 2
332 50 62.3 2.82
332 60 90.5 0.2
332 70 92.5 4.86
332 80 141.1 2.16
332 90 162.7 3.1
333 0 0 0.38
333 10 3.8 2.79
333 20 31.7 0.06
333 30 32.3 1
333 40 42.3 2
333 50 62.3 2.82
333 60 90.5 0.2
333 70 92.5 4.86
333 80 141.1 2.16
333 90 162.7 3.1
334 0 0 0.38
334 10 3.8 2.79
334 20 31.7 0.06
334 30 32.3 1
334 40 42.3 2
334 50 62.3 2.82
334 60 90.5 0.2
334 70 92.5 4.86
334 80 141.1 2.16
334 90 162.7 3.1
335 0 0 0.38
335 10 3.8 2.79
335 20 31.7 0.06
335 30 32.3 1
335 40 42.3 2
335 50 62.3 2.82
335 60 90.5 0.2
335 70 92.5 4.86
335 80 141.1 2.16
335 90 162.7 3.1
336 0 0 0.38
336 10 3.8 2.79
336 20 31.7 0.06
336 30 32.3 1
336 40 42.3 2
336 50 62.3 2.82
336 60 90.5 0.2
336 70 92.5 4.86
336 80 141.1 2.16
336 90 162.7 3.1
337 0 0 0.38
337 10 3.8 2.79
337 20 31.7 0.06
337 30 32.3 1
337 40 42.3 2
337 50 62.3 2.82
337 60 90.5 0.2
337 70 92.5 4.86
337 80 141.1 2.16
337 90 162.7 3.1
338 0 0 0.38
338 10 3.8 2.79
338 20 31.7 0.06
338 30 32.3 1
338 40 42.3 2
338 50 62.3 2.82
338 60 90.5 0.2
338 70 92.5 4.86
338 80 141.1 2.16
338 90 162.7 3.1
339 0 0 0.38
339 10 3.8 2.79
339 20 31.7 0.06
339 30 32.3 1
339 40 42.3 2
339 50 62.3 2.82
339 60 90.5 0.2
339 70 92.5 4.86
339 80 141.1 2.16
339 90 162.7 3.1
340 0 0 0.38
340 10 3.8 2.79
340 20 31.7 0.06
340 30 32.3 1
340 40 42.3 2
340 50 62.3 2.82
340 60 90.5 0.2
340 70 92.5 4.86
340 80 141.1 2.16
340 90 162.7 3.1
341 0 0 0.38
341 10 3.8 2.79
341 20 31.7 0.06
341 30 32.3 1
341 40 42.3 2
341 50 62.3 2.82
341 60 90.5 0.2
341 70 92.5 4.86
341 80 141.1 2.16
341 90 162.7 3.1
342 0 0 0.38
342 10 3.8 2.79
342 20 31.7 0.06
342 30 32.3 1
342 40 42.3 2
342 50 62.3 2.82
342 60 90.5 0.2
342 70 92.5 4.86
342 80 141.1 2.16
342 90 162.7 3.1
343 0 0 0.38
343 10 3.8 2.79
343 20 31.7 0.06
343 30 32.3 1
343 40 42.3 2
343 50 62.3 2.82
343 60 90.5 0.2
343 70 92.5 4.86
343 80 141.1 2.16
343 90 162.7 3.1
344 0 0 0.38
344 10 3.8 2.79
344 20 31.7 0.06
344 30 32.3 1
344 40 42.3 2
344 50 62.3 2.82
344 60 90.5 0.2
344 70 92.5 4.86
344 80 141.1 2.16
344 90 162.7 3.1
345 0 0 0.38
345 10 3.8 2.79
345 20 31.7 0.06
345 30 32.3 1
345 40 42.3 2
345 50 62.3 2.82
345 60 90.5 0.2
345 70 92.5 4.86
345 80 141.1 2.16
345 90 162.7 3.1
346 0 0 0.38
346 10 3.8 2.79
346 20 31.7 0.06
346 30 32.3 1
346 40 42.3 2
346 50 62.3 2.82
346 60 90.5 0.2
346 70 92.5 4.86
346 80 141.1 2.16
346 90 162.7 3.1
347 0 0 0.38
347 10 3.8 2.79
347 20 31.7 0.06
347 30 32.3 1
347 40 42.3 2
347 50 62.3 2.82
347 60 90.5 0.2
347 70 92.5 4.86
347 80 141.1 2.16
347 90 162.7 3.1
348 0 0 0.38
348 10 3.8 2.79
348 20 31.7 0.06
348 30 32.3 1
348 40 42.3 2
348 50 62.3 2.82
348 60 90.5 0.2
348 70 92.5 4.86
348 80 141.1 2.16
348 90 162.7 3.1
349 0 0 0.38
349 10 3.8 2.79
349 20 31.7 0.06
349 30 32.3 1
349 40 42.3 2
349 50 62.3 2.82
349 60 90.5 0.2
349 70 92.5 4.86
349 80 141.1 2.16
349 90 162.7 3.1
350 0 0 0.38
350 10 3.8 2.79
350 20 31.7 0.06
350 30 32.3 1
350 40 42.3 2
350 50 62.3 2.82
350 60 90.5 0.2
350 70 92.5 4.86
350 80 141.1 2.16
350 90 162.7 3.1
351 0 0 0.38
351 10 3.8 2.79
351 20 31.7 0.06
351 30 32.3 1
351 40 42.3 2
351 50 62.3 2.82
351 60 90.5 0.2
351 70 92.5 4.86
351 80 141.1 2.16
351 90 162.7 3.1
352 0 0 0.38
352 10 3.8 2.79
352 20 31.7 0.06
352 30 32.3 1
352 40 42.3 2
352 50 62.3 2.82
352 60 90.5 0.2
352 70 92.5 4.86
352 80 141.1 2.16
352 90 162.7 3.1
353 0 0 0.38
353 10 3.8 2.79
353 20 31.7 0.06
353 30 32.3 1
353 40 42.3 2
353 50 62.3 2.82
353 60 90.5 0.2
353 70 92.5 4.86
353 80 141.1 2.16
353 90 162.7 3.1
354 0 0 0.38
354 10 3.8 2.79
354 20 31.7 0.06
354 30 32.3 1
354 40 42.3 2
354 50 62.3 2.82
354 60 90.5 0.2
354 70 92.5 4.86
354 80 141.1 2.16
354 90 162.7 3.1
355 0 0 0.38
355 10 3.8 2.79
355 20 31.7 0.06
355 30 32.3 1
355 40 42.3 2
355 50 62.3 2.82
355 60 90.5 0.2
355 70 92.5 4.86
355 80 141.1 2.16
355 90 162.7 3.1
356 0 0 0.38
356 10 3.8 2.79
356 20 31.7 0.06
356 30 32.3 1
356 40 42.3 2
356 50 62.3 2.82
356 60 90.5 0.2
356 70 92.5 4.86
356 80 141.1 2.16
356 90 162.7 3.1
357 0 0 0.38
357 10 3.8 2.79
357 20 31.7 0.06
357 30 32.3 1
357 40 42.3 2
357 50 62.3 2.82
357 60 90.5 0.2
357 70 92.5 4.86
357 80 141.1 2.16
357 90 162.7 3.1
358 0 0 0.38
358 10 3.8 2.79
358 20 31.7 0.06
358 30 32.3 1
358 40 42.3 2
358 50 62.3 2.82
358 60 90.5 0.2
358 70 92.5 4.86
358 80 141.1 2.16
358 90 162.7 3.1
359 0 0 0.38
359 10 3.8 2.79
359 20 31.7 0.06
359 30 32.3 1
359 40 42.3 2
359 50 62.3 2.82
359 60 90.5 0.2
359 70 92.5 4.86
359 80 141.1 2.16
359 90 162.7 3.1
360 0 0 0.38
360 10 3.8 2.79
360 20 31.7 0.06
360 30 32.3 1
360 40 42.3 2
360 50 62.3 2.82
360 60 90.5 0.2
360 70 92.5 4.86
360 80 141.1 2.16
360 90 162.7 3.1
361 0 0 0.38
361 10 3.8 2.79
361 20 31.7 0.06
361 30 32.3 1
361 40 42.3 2
361 50 62.3 2.82
361 60 90.5 0.2
361 70 92.5 4.86
361 80 141.1 2.16
361 90 162.7 3.1
362 0 0 0.38
362 10 3.8 2.79
362 20 31.7 0.06
362 30 32.3 1
362 40 42.3 2
362 50 62.3 2.82
362 60 90.5 0.2
362 70 92.5 4.86
362 80 141.1 2.16
362 90 162.7 3.1
363 0 0 0.38
363 10 3.8 2.79
363 20 31.7 0.06
363 30 32.3 1
363 40 42.3 2
363 50 62.3 2.82
363 60 90.5 0.2
363 70 92.5 4.86
363 80 141.1 2.16
363 90 162.7 3.1
364 0 0 0.38
364 10 3.8 2.79
364 20 31.7 0.06
364 30 32.3 1
364 40 42.3 2
364 50 62.3 2.82
364 60 90.5 0.2
364 70 92.5 4.86
364 80 141.1 2.16
364 90 162.7 3.1
365 0 0 0.38
365 10 3.8 2.79
365 20 31.7 0.06
365 30 32.3 1
365 40 42.3 2
365 50 62.3 2.82
365 60 90.5 0.2
365 70 92.5 4.86
365 80 141.1 2.16
365 90 162.7 3.1
366 0 0 0.38
366 10 3.8 2.79
366 20 31.7 0.06
366 30 32.3 1
366 40 42.3 2
366 50 62.3 2.82
366 60 90.5 0.2
366 70 92.5 4.86
366 80 141.1 2.16
366 90 162.7 3.1
367 0 0 0.38
367 10 3.8 2.79
367 20 31.7 0.06
367 30 32.3 1
367 40 42.3 2
367 50 62.3 2.82
367 60 90.5 0.2
367 70 92.5 4.86
367 80 141.1 2.16
367 90 162.7 3.1
368 0 0 0.38
368 10 3.8 2.79
368 20 31.7 0.06
368 30 32.3 1
368 40 42.3 2
368 50 62.3 2.82
368 60 90.5 0.2
368 70 92.5 4.86
368 80 141.1 2.16
368 90 162.7 3.1
369 0 0 0.38
369 10 3.8 2.79
369 20 31.7 0.06
369 30 32.3 1
369 40 42.3 2
369 50 62.3 2.82
369 60 90.5 0.2
369 70 92.5 4.86
369 80 141.1 2.16
369 90 162.7 3.1
370 0 0 0.38
370 10 3.8 2.79
370 20 31.7 0.06
370 30 32.3 1
370 40 42.3 2
370 50 62.3 2.82
370 60 90.5 0.2
370 70 92.5 4.86
370 80 141.1 2.16
370 90 162.7 3.1
371 0 0 0.38
371 10 3.8 2.79
371 20 31.7 0.06
371 30 32.3 1
371 40 42.3 2
371 50 62.3 2.82
371 60 90.5 0.2
371 70 92.5 4.86
371 80 141.1 2.16
371 90 162.7 3.1
372 0 0 0.38
372 10 3.8 2.79
372 20 31.7 0.06
372 30 32.3 1
372 40 42.3 2
372 50 62.3 2.82
372 60 90.5 0.2
372 70 92.5 4.86
372 80 141.1 2.16
372 90 162.7 3.1
373 0 0 0.38
373 10 3.8 2.79
373 20 31.7 0.06
373 30 32.3 1
373 40 42.3 2
373 50 62.3 2.82
373 60 90.5 0.2
373 70 92.5 4.86
373 80 141.1 2.16
373 90 162.7 3.1
374 0 0 0.38
374 10 3.8 2.79
374 20 31.7 0.06
374 30 32.3 1
374 40 42.3 2
374 50 62.3 2.82
374 60 90.5 0.2
374 70 92.5 4.86
374 80 141.1 2.16
374 90 162.7 3.1
375 0 0 0.38
375 10 3.8 2.79
375 20 31.7 0.06
375 30 32.3 1
375 40 42.3 2
375 50 62.3 2.82
375 60 90.5 0.2
375 70 92.5 4.86
375 80 141.1 2.16
375 90 162.7 3.1
376 0 0 0.38
376 10 3.8 2.79
376 20 31.7 0.06
376 30 32.3 1
376 40 42.3 2
376 50 62.3 2.82
376 60 90.5 0.2
376 70 92.5 4.86
376 80 141.1 2.16
376 90 162.7 3.1
377 0 0 0.38
377 10 3.8 2.79
377 20 31.7 0.06
377 30 32.3 1
377 40 42.3 2
377 50 62.3 2.82
377 60 90.5 0.2
377 70 92.5 4.86
377 80 141.1 2.16
377 90 162.7 3.1
378 0 0 0.38
378 10 3.8 2.79
378 20 31.7 0.06
378 30 32.3 1
378 40 42.3 2
378 50 62.3 2.82
378 60 90.5 0.2
378 70 92.5 4.86
378 80 141.1 2.16
378 90 162.7 3.1
379 0 0 0.38
379 10 3.8 2.79
379 20 31.7 0.06
379 30 32.3 1
379 40 42.3 2
379 50 62.3 2.82
379 60 90.5 0.2
379 70 92.5 4.86
379 80 141.1 2.16
379 90 162.7 3.1
380 0 0 0.38
380 10 3.8 2.79
380 20 31.7 0.06
380 30 32.3 1
380 40 42.3 2
380 50 62.3 2.82
380 60 90.5 0.2
380 70 92.5 4.86
380 80 141.1 2.16
380 90 162.7 3.1
381 0 0 0.38
381 10 3.8 2.79
381 20 31.7 0.06
381 30 32.3 1
381 40 42.3 2
381 50 62.3 2.82
381 60 90.5 0.2
381 70 92.5 4.86
381 80 141.1 2.16
381 90 162.7 3.1
382 0 0 0.38
382 10 3.8 2.79
382 20 31.7 0.06
382 30 32.3 1
382 40 42.3 2
382 50 62.3 2.82
382 60 90.5 0.2
382 70 92.5 4.86
382 80 141.1 2.16
382 90 162.7 3.1
383 0 0 0.38
383 10 3.8 2.79
383 20 31.7 0.06
383 30 32.3 1
383 40 42.3 2
383 50 62.3 2.82
383 60 90.5 0.2
383 70 92.5 4.86
383 80 141.1 2.16
383 90 162.7 3.1
384 0 0 0.38
384 10 3.8 2.79
384 20 31.7 0.06
384 30 32.3 1
384 40 42.3 2
384 50 62.3 2.82
384 60 90.5 0.2
384 70 92.5 4.86
384 80 141.1 2.16
384 90 162.7 3.1
385 0 0 0.38
385 10 3.8 2.79
385 20 31.7 0.06
385 30 32.3 1
385 40 42.3 2
385 50 62.3 2.82
385 60 90.5 0.2
385 70 92.5 4.86
385 80 141.1 2.16
385 90 162.7 3.1
386 0 0 0.38
386 10 3.8 2.79
386 20 31.7 0.06
386 30 32.3 1
386 40 42.3 2
386 50 62.3 2.82
386 60 90.5 0.2
386 70 92.5 4.86
386 80 141.1 2.16
386 90 162.7 3.1
387 0 0 0.38
387 10 3.8 2.79
387 20 31.7 0.06
387 30 32.3 1
387 40 42.3 2
387 50 62.3 2.82
387 60 90.5 0.2
387 70 92.5 4.86
387 80 141.1 2.16
387 90 162.7 3.1
388 0 0 0.38
388 10 3.8 2.79
388 20 31.7 0.06
388 30 32.3 1
388 40 42.3 2
388 50 62.3 2.82
388 60 90.5 0.2
388 70 92.5 4.86
388 80 141.1 2.16
388 90 162.7 3.1
389 0 0 0.38
389 10 3.8 2.79
389 20 31.7 0.06
389 30 32.3 1
389 40 42.3 2
389 50 62.3 2.82
389 60 90.5 0.2
389 70 92.5 4.86
389 80 141.1 2.16
389 90 162.7 3.1
390 0 0 0.38
390 10 3.8 2.79
390 20 31.7 0.06
390 30 32.3 1
390 40 42.3 2
390 50 62.3 2.82
390 60 90.5 0.2
390 70 92.5 4.86
390 80 141.1 2.16
390 90 162.7 3.1
391 0 0 0.38
391 10 3.8 2.79
391 20 31.7 0.06
391 30 32.3 1
391 40 42.3 2
391 50 62.3 2.82
391 60 90.5 0.2
391 70 92.5 4.86
391 80 141.1 2.16
391 90 162.7 3.1
392 0 0 0.38
392 10 3.8 2.79
392 20 31.7 0.06
392 30 32.3 1
392 40 42.3 2
392 50 62.3 2.82
392 60 90.5 0.2
392 70 92.5 4.86
392 80 141.1 2.16
392 90 162.7 3.1
393 0 0 0.38
393 10 3.8 2.79
393 20 31.7 0.06
393 30 32.3 1
393 40 42.3 2
393 50 62.3 2.82
393 60 90.5 0.2
393 70 92.5 4.86
393 80 141.1 2.16
393 90 162.7 3.1
394 0 0 0.38
394 10 3.8 2.79
394 20 31.7 0.06
394 30 32.3 1
394 40 42.3 2
394 50 62.3 2.82
394 60 90.5 0.2
394 70 92.5 4.86
394 80 141.1 2.16
394 90 162.7 3.1
395 0 0 0.38
395 10 3.8 2.79
395 20 31.7 0.06
395 30 32.3 1
395 40 42.3 2
395 50 62.3 2.82
395 60 90.5 0.2
395 70 92.5 4.86
395 80 141.1 2.16
395 90 162.7 3.1
396 0 0 0.38
396 10 3.8 2.79
396 20 31.7 0.06
396 30 32.3 1
396 40 42.3 2
396 50 62.3 2.82
396 60 90.5 0.2
396 70 92.5 4.86
396 80 141.1 2.16
396 90 162.7 3.1
397 0 0 0.38
397 10 3.8 2.79
397 20 31.7 0.06
397 30 32.3 1
397 40 42.3 2
397 50 62.3 2.82
397 60 90.5 0.2
397 70 92.5 4.86
397 80 141.1 2.16
397 90 162.7 3.1
398 0 0 0.38
398 10 3.8 2.79
398 20 31.7 0.06
398 30 32.3 1
398 40 42.3 2
398 50 62.3 2.82
398 60 90.5 0.2
398 70 92.5 4.86
398 80 141.1 2.16
398 90 162.7 3.1
399 0 0 0.38
399 10 3.8 2.79
399 20 31.7 0.06
399 30 32.3 1
399 40 42.3 2
399 50 62.3 2.82
399 60 90.5 0.2
399 70 92.5 4.86
399 80 141.1 2.16
399 90 162.7 3.1
400 0 0 0.38
400 10 3.8 2.79
400 20 31.7 0.06
400 30 32.3 1
400 40 42.3 2
400 50 62.3 2.82
400 60 90.5 0.2
400 70 92.5 4.86
400 80 141.1 2.16
400 90 162.7 3.1
401 0 0 0.38
401 10 3.8 2.79
401 20 31.7 0.06
401 30 32.3 1
401 40 42.3 2
401 50 62.3 2.82
401 60 90.5 0.2
401 70 92.5 4.86
401 80 141.1 2.16
401 90 162.7 3.1
402 0 0 0.38
402 10 3.8 2.79
402 20 31.7 0.06
402 30 32.3 1
402 40 42.3 2
402 50 62.3 2.82
402 60 90.5 0.2
402 70 92.5 4.86
402 80 141.1 2.16
402 90 162.7 3.1
403 0 0 0.38
403 10 3.8 2.79
403 20 31.7 0.06
403 30 32.3 1
403 40 42.3 2
403 50 62.3 2.82
403 60 90.5 0.2
403 70 92.5 4.86
403 80 141.1 2.16
403 90 162.7 3.1
404 0 0 0.38
404 10 3.8 2.79
404 20 31.7 0.06
404 30 32.3 1
404 40 42.3 2
404 50 62.3 2.82
404 60 90.5 0.2
404 70 92.5 4.86
404 80 141.1 2.16
404 90 162.7 3.1
405 0 0 0.38
405 10 3.8 2.79
405 20 31.7 0.06
405 30 32.3 1
405 40 42.3 2
405 50 62.3 2.82
405 60 90.5 0.2
405 70 92.5 4.86
405 80 141.1 2.16
405 90 162.7 3.1
406 0 0 0.38
406 10 3.8 2.79
406 20 31.7 0.06
406 30 32.3 1
406 40 42.3 2
406 50 62.3 2.82
406 60 90.5 0.2
406 70 92.5 4.86
406 80 141.1 2.16
406 90 162.7 3.1
407 0 0 0.38
407 10 3.8 2.79
407 20 31.7 0.06
407 30 32.3 1
407 40 42.3 2
407 50 62.3 2.82
407 60 90.5 0.2
407 70 92.5 4.86
407 80 141.1 2.16
407 90 162.7 3.1
408 0 0 0.38
408 10 3.8 2.79
408 20 31.7 0.06
408 30 32.3 1
408 40 42.3 2
408 50 62.3 2.82
408 60 90.5 0.2
408 70 92.5 4.86
408 80 141.1 2.16
408 90 162.7 3.1
409 0 0 0.38
409 10 3.8 2.79
409 20 31.7 0.06
409 30 32.3 1
409 40 42.3 2
409 50 62.3 2.82
409 60 90.5 0.2
409 70 92.5 4.86
409 80 141.1 2.16
409 90 162.7 3.1
410 0 0 0.38
410 10 3.8 2.79
410 20 31.7 0.06
410 30 32.3 1
410 40 42.3 2
410 50 62.3 2.82
410 60 90.5 0.2
410 70 92.5 4.86
410 80 141.1 2.16
410 90 162.7 3.1
411 0 0 0.38
411 10 3.8 2.79
411 20 31.7 0.06
411 30 32.3 1
411 40 42.3 2
411 50 62.3 2.82
411 60 90.5 0.2
411 70 92.5 4.86
411 80 141.1 2.16
411 90 162.7 3.1
412 0 0 0.38
412 10 3.8 2.79
412 20 31.7 0.06
412 30 32.3 1
412 40 42.3 2
412 50 62.3 2.82
412 60 90.5 0.2
412 70 92.5 4.86
412 80 141.1 2.16
412 90 162.7 3.1
413 0 0 0.38
413 10 3.8 2.79
413 20 31.7 0.06
413 30 32.3 1
413 40 42.3 2
413 50 62.3 2.82
413 60 90.5 0.2
413 70 92.5 4.86
413 80 141.1 2.16
413 90 162.7 3.1
414 0 0 0.38
414 10 3.8 2.79
414 20 31.7 0.06
414 30 32.3 1
414 40 42.3 2
414 50 62.3 2.82
414 60 90.5 0.2
414 70 92.5 4.86
414 80 141.1 2.16
414 90 162.7 3.1
415 0 0 0.38
415 10 3.8 2.79
415 20 31.7 0.06
415 30 32.3 1
415 40 42.3 2
415 50 62.3 2.82
415 60 90.5 0.2
415 70 92.5 4.86
415 80 141.1 2.16
415 90 162.7 3.1
416 0 0 0.38
416 10 3.8 2.79
416 20 31.7 0.06
416 30 32.3 1
416 40 42.3 2
416 50 62.3 2.82
416 60 90.5 0.2
416 70 92.5 4.86
416 80 141.1 2.16
416 90 162.7 3.1
417 0 0 0.38
417 10 3.8 2.79
417 20 31.7 0.06
417 30 32.3 1
417 40 42.3 2
417 50 62.3 2.82
417 60 90.5 0.2
417 70 92.5 4.86
417 80 141.1 2.16
417 90 162.7 3.1
418 0 0 0.38
418 10 3.8 2.79
418 20 31.7 0.06
418 30 32.3 1
418 40 42.3 2
418 50 62.3 2.82
418 60 90.5 0.2
418 70 92.5 4.86
418 80 141.1 2.16
418 90 162.7 3.1
419 0 0 0.38
419 10 3.8 2.79
419 20 31.7 0.06
419 30 32.3 1
419 40 42.3 2
419 50 62.3 2.82
419 60 90.5 0.2
419 70 92.5 4.86
419 80 141.1 2.16
419 90 162.7 3.1
420 0 0 0.38
420 10 3.8 2.79
420 20 31.7 0.06
420 30 32.3 1
420 40 42.3 2
420 50 62.3 2.82
420 60 90.5 0.2
420 70 92.5 4.86
420 80 141.1 2.16
420 90 162.7 3.1
421 0 0 0.38
421 10 3.8 2.79
421 20 31.7 0.06
421 30 32.3 1
421 40 42.3 2
421 50 62.3 2.82
421 60 90.5 0.2
421 70 92.5 4.86
421 80 141.1 2.16
421 90 162.7 3.1
422 0 0 0.38
422 10 3.8 2.79
422 20 31.7 0.06
422 30 32.3 1
422 40 42.3 2
422 50 62.3 2.82
422 60 90.5 0.2
422 70 92.5 4.86
422 80 141.1 2.16
422 90 162.7 3.1
423 0 0 0.38
423 10 3.8 2.79
423 20 31.7 0.06
423 30 32.3 1
423 40 42.3 2
423 50 62.3 2.82
423 60 90.5 0.2
423 70 92.5 4.86
423 80 141.1 2.16
423 90 162.7 3.1
424 0 0 0.38
424 10 3.8 2.79
424 20 31.7 0.06
424 30 32.3 1
424 40 42.3 2
424 50 62.3 2.82
424 60 90.5 0.2
424 70 92.5 4.86
424 80 141.1 2.16
424 90 162.7 3.1
425 0 0 0.38
425 10 3.8 2.79
425 20 31.7 0.06
425 30 32.3 1
425 40 42.3 2
425 50 62.3 2.82
425 60 90.5 0.2
425 70 92.5 4.86
425 80 141.1 2.16
425 90 162.7 3.1
426 0 0 0.38
426 10 3.8 2.79
426 20 31.7 0.06
426 30 32.3 1
426 40 42.3 2
426 50 62.3 2.82
426 60 90.5 0.2
426 70 92.5 4.86
426 80 141.1 2.16
426 90 162.7 3.1
427 0 0 0.38
427 10 3.8 2.79
427 20 31.7 0.06
427 30 32.3 1
427 40 42.3 2
427 50 62.3 2.82
427 60 90.5 0.2
427 70 92.5 4.86
427 80 141.1 2.16
427 90 162.7 3.1
428 0 0 0.38
428 10 3.8 2.79
428 20 31.7 0.06
428 30 32.3 1
428 40 42.3 2
428 50 62.3 2.82
428 60 90.5 0.2
428 70 92.5 4.86
428 80 141.1 2.16
428 90 162.7 3.1
429 0 0 0.38
429 10 3.8 2.79
429 20 31.7 0.06
429 30 32.3 1
429 40 42.3 2
429 50 62.3 2.82
429 60 90.5 0.2
429 70 92.5 4.86
429 80 141.1 2.16
429 90 162.7 3.1
430 0 0 0.38
430 10 3.8 2.79
430 20 31.7 0.06
430 30 32.3 1
430 40 42.3 2
430 50 62.3 2.82
430 60 90.5 0.2
430 70 92.5 4.86
430 80 141.1 2.16
430 90 162.7 3.1
431 0 0 0.38
431 10 3.8 2.79
431 20 31.7 0.06
431 30 32.3 1
431 40 42.3 2
431 50 62.3 2.82
431 60 90.5 0.2
431 70 92.5 4.86
431 80 141.1 2.16
431 90 162.7 3.1
432 0 0 0.38
432 10 3.8 2.79
432 20 31.7 0.06
432 30 32.3 1
432 40 42.3 2
432 50 62.3 2.82
432 60 90.5 0.2
432 70 92.5 4.86
432 80 141.1 2.16
432 90 162.7 3.1
433 0 0 0.38
433 10 3.8 2.79
433 20 31.7 0.06
433 30 32.3 1
433 40 42.3 2
433 50 62.3 2.82
433 60 90.5 0.2
433 70 92.5 4.86
433 80 141.1 2.16
433 90 162.7 3.1
434 0 0 0.38
434 10 3.8 2.79
434 20 31.7 0.06
434 30 32.3 1
434 40 42.3 2
434 50 62.3 2.82
434 60 90.5 0.2
434 70 92.5 4.86
434 80 141.1 2.16
434 90 162.7 3.1
435 0 0 0.38
435 10 3.8 2.79
435 20 31.7 0.06
435 30 32.3 1
435 40 42.3 2
435 50 62.3 2.82
435 60 90.5 0.2
435 70 92.5 4.86
435 80 141.1 2.16
435 90 162.7 3.1
436 0 0 0.38
436 10 3.8 2.79
436 20 31.7 0.06
436 30 32.3 1
436 40 42.3 2
436 50 62.3 2.82
436 60 90.5 0.2
436 70 92.5 4.86
436 80 141.1 2.16
436 90 162.7 3.1
437 0 0 0.38
437 10 3.8 2.79
437 20 31.7 0.06
437 30 32.3 1
437 40 42.3 2
437 50 62.3 2.82
437 60 90.5 0.2
437 70 92.5 4.86
437 80 141.1 2.16
437 90 162.7 3.1
438 0 0 0.38
438 10 3.8 2.79
438 20 31.7 0.06
438 30 32.3 1
438 40 42.3 2
438 50 62.3 2.82
438 60 90.5 0.2
438 70 92.5 4.86
438 80 141.1 2.16
438 90 162.7 3.1
439 0 0 0.38
439 10 3.8 2.79
439 20 31.7 0.06
439 30 32.3 1
439 40 42.3 2
439 50 62.3 2.82
439 60 90.5 0.2
439 70 92.5 4.86
439 80 141.1 2.16
439 90 162.7 3.1
440 0 0 0.38
440 10 3.8 2.79
440 20 31.7 0.06
440 30 32.3 1
440 40 42.3 2
440 50 62.3 2.82
440 60 90.5 0.2
440 70 92.5 4.86
440 80 141.1 2.16
440 90 162.7 3.1
441 0 0 0.38
441 10 3.8 2.79
441 20 31.7 0.06
441 30 32.3 1
441 40 42.3 2
441 50 62.3 2.82
441 60 90.5 0.2
441 70 92.5 4.86
441 80 141.1 2.16
441 90 162.7 3.1
442 0 0 0.38
442 10 3.8 2.79
442 20 31.7 0.06
442 30 32.3 1
442 40 42.3 2
442 50 62.3 2.82
442 60 90.5 0.2
442 70 92.5 4.86
442 80 141.1 2.16
442 90 162.7 3.1
443 0 0 0.38
443 10 3.8 2.79
443 20 31.7 0.06
443 30 32.3 1
443 40 42.3 2
443 50 62.3 2.82
443 60 90.5 0.2
443 70 92.5 4.86
443 80 141.1 2.16
443 90 162.7 3.1
444 0 0 0.38
444 10 3.8 2.79
444 20 31.7 0.06
444 30 32.3 1
444 40 42.3 2
444 50 62.3 2.82
444 60 90.5 0.2
444 70 92.5 4.86
444 80 141.1 2.16
444 90 162.7 3.1
445 0 0 0.38
445 10 3.8 2.79
445 20 31.7 0.06
445 30 32.3 1
445 40 42.3 2
445 50 62.3 2.82
445 60 90.5 0.2
445 70 92.5 4.86
445 80 141.1 2.16
445 90 162.7 3.1
446 0 0 0.38
446 10 3.8 2.79
446 20 31.7 0.06
446 30 32.3 1
446 40 42.3 2
446 50 62.3 2.82
446 60 90.5 0.2
446 70 92.5 4.86
446 80 141.1 2.16
446 90 162.7 3.1
447 0 0 0.38
447 10 3.8 2.79
447 20 31.7 0.06
447 30 32.3 1
447 40 42.3 2
447 50 62.3 2.82
447 60 90.5 0.2
447 70 92.5 4.86
447 80 141.1 2.16
447 90 162.7 3.1
448 0 0 0.38
448 10 3.8 2.79
448 20 31.7 0.06
448 30 32.3 1
448 40 42.3 2
448 50 62.3 2.82
448 60 90.5 0.2
448 70 92.5 4.86
448 80 141.1 2.16
448 90 162.7 3.1
449 0 0 0.38
449 10 3.8 2.79
449 20 31.7 0.06
449 30 32.3 1
449 40 42.3 2
449 50 62.3 2.82
449 60 90.5 0.2
449 70 92.5 4.86
449 80 141.1 2.16
449 90 162.7 3.1
450 0 0 0.38
450 10 3.8 2.79
450 20 31.7 0.06
450 30 32.3 1
450 40 42.3 2
450 50 62.3 2.82
450 60 90.5 0.2
450 70 92.5 4.86
450 80 141.1 2.16
450 90 162.7 3.1
451 0 0 0.38
451 10 3.8 2.79
451 20 31.7 0.06
451 30 32.3 1
451 40 42.3 2
451 50 62.3 2.82
451 60 90.5 0.2
451 70 92.5 4.86
451 80 141.1 2.16
451 90 162.7 3.1
452 0 0 0.38
452 10 3.8 2.79
452 20 31.7 0.06
452 30 32.3 1
452 40 42.3 2
452 50 62.3 2.82
452 60 90.5 0.2
452 70 92.5 4.86
452 80 141.1 2.16
452 90 162.7 3.1
453 0 0 0.38
453 10 3.8 2.79
453 20 31.7 0.06
453 30 32.3 1
453 40 42.3 2
453 50 62.3 2.82
453 60 90.5 0.2
453 70 92.5 4.86
453 80 141.1 2.16
453 90 162.7 3.1
454 0 0 0.38
454 10 3.8 2.79
454 20 31.7 0.06
454 30 32.3 1
454 40 42.3 2
454 50 62.3 2.82
454 60 90.5 0.2
454 70 92.5 4.86
454 80 141.1 2.16
454 90 162.7 3.1
455 0 0 0.38
455 10 3.8 2.79
455 20 31.7 0.06
455 30 32.3 1
455 40 42.3 2
455 50 62.3 2.82
455 60 90.5 0.2
455 70 92.5 4.86
455 80 141.1 2.16
455 90 162.7 3.1
456 0 0 0.38
456 10 3.8 2.79
456 20 31.7 0.06
456 30 32.3 1
456 40 42.3 2
456 50 62.3 2.82
456 60 90.5 0.2
456 70 92.5 4.86
456 80 141.1 2.16
456 90 162.7 3.1
457 0 0 0.38
457 10 3.8 2.79
457 20 31.7 0.06
457 30 32.3 1
457 40 42.3 2
457 50 62.3 2.82
457 60 90.5 0.2
457 70 92.5 4.86
457 80 141.1 2.16
457 90 162.7 3.1
458 0 0 0.38
458 10 3.8 2.79
458 20 31.7 0.06
458 30 32.3 1
458 40 42.3 2
458 50 62.3 2.82
458 60 90.5 0.2
458 70 92.5 4.86
458 80 141.1 2.16
458 90 162.7 3.1
459 0 0 0.38
459 10 3.8 2.79
459 20 31.7 0.06
459 30 32.3 1
459 40 42.3 2
459 50 62.3 2.82
459 60 90.5 0.2
459 70 92.5 4.86
459 80 141.1 2.16
459 90 162.7 3.1
460 0 0 0.38
460 10 3.8 2.79
460 20 31.7 0.06
460 30 32.3 1
460 40 42.3 2
460 50 62.3 2.82
460 60 90.5 0.2
460 70 92.5 4.86
460 80 141.1 2.16
460 90 162.7 3.1
461 0 0 0.38
461 10 3.8 2.79
461 20 31.7 0.06
461 30 32.3 1
461 40 42.3 2
461 50 62.3 2.82
461 60 90.5 0.2
461 70 92.5 4.86
461 80 141.1 2.16
461 90 162.7 3.1
462 0 0 0.38
462 10 3.8 2.79
462 20 31.7 0.06
462 30 32.3 1
462 40 42.3 2
462 50 62.3 2.82
462 60 90.5 0.2
462 70 92.5 4.86
462 80 141.1 2.16
462 90 162.7 3.1
463 0 0 0.38
463 10 3.8 2.79
463 20 31.7 0.06
463 30 32.3 1
463 40 42.3 2
463 50 62.3 2.82
463 60 90.5 0.2
463 70 92.5 4.86
463 80 141.1 2.16
463 90 162.7 3.1
464 0 0 0.38
464 10 3.8 2.79
464 20 31.7 0.06
464 30 32.3 1
464 40 42.3 2
464 50 62.3 2.82
464 60 90.5 0.2
464 70 92.5 4.86
464 80 141.1 2.16
464 90 162.7 3.1
465 0 0 0.38
465 10 3.8 2.79
465 20 31.7 0.06
465 30 32.3 1
465 40 42.3 2
465 50 62.3 2.82
465 60 90.5 0.2
465 70 92.5 4.86
465 80 141.1 2.16
465 90 162.7 3.1
466 0 0 0.38
466 10 3.8 2.79
466 20 31.7 0.06
466 30 32.3 1
466 40 42.3 2
466 50 62.3 2.82
466 60 90.5 0.2
466 70 92.5 4.86
466 80 141.1 2.16
466 90 162.7 3.1
467 0 0 0.38
467 10 3.8 2.79
467 20 31.7 0.06
467 30 32.3 1
467 40 42.3 2
467 50 62.3 2.82
467 60 90.5 0.2
467 70 92.5 4.86
467 80 141.1 2.16
467 90 162.7 3.1
468 0 0 0.38
468 10 3.8 2.79
468 20 31.7 0.06
468 30 32.3 1
468 40 42.3 2
468 50 62.3 2.82
468 60 90.5 0.2
468 70 92.5 4.86
468 80 141.1 2.16
468 90 162.7 3.1
469 0 0 0.38
469 10 3.8 2.79
469 20 31.7 0.06
469 30 32.3 1
469 40 42.3 2
469 50 62.3 2.82
469 60 90.5 0.2
469 70 92.5 4.86
469 80 141.1 2.16
469 90 162.7 3.1
470 0 0 0.38
470 10 3.8 2.79
470 20 31.7 0.06
470 30 32.3 1
470 40 42.3 2
470 50 62.3 2.82
470 60 90.5 0.2
470 70 92.5 4.86
470 80 141.1 2.16
470 90 162.7 3.1
471 0 0 0.38
471 10 3.8 2.79
471 20 31.7 0.06
471 30 32.3 1
471 40 42.3 2
471 50 62.3 2.82
471 60 90.5 0.2
471 70 92.5 4.86
471 80 141.1 2.16
471 90 162.7 3.1
472 0 0 0.38
472 10 3.8 2.79
472 20 31.7 0.06
472 30 32.3 1
472 40 42.3 2
472 50 62.3 2.82
472 60 90.5 0.2
472 70 92.5 4.86
472 80 141.1 2.16
472 90 162.7 3.1
473 0 0 0.38
473 10 3.8 2.79
473 20 31.7 0.06
473 30 32.3 1
473 40 42.3 2
473 50 62.3 2.82
473 60 90.5 0.2
473 70 92.5 4.86
473 80 141.1 2.16
473 90 162.7 3.1
474 0 0 0.38
474 10 3.8 2.79
474 20 31.7 0.06
474 30 32.3 1
474 40 42.3 2
474 50 62.3 2.82
474 60 90.5 0.2
474 70 92.5 4.86
474 80 141.1 2.16
474 90 162.7 3.1
475 0 0 0.38
475 10 3.8 2.79
475 20 31.7 0.06
475 30 32.3 1
475 40 42.3 2
475 50 62.3 2.82
475 60 90.5 0.2
475 70 92.5 4.86
475 80 141.1 2.16
475 90 162.7 3.1
476 0 0 0.38
476 10 3.8 2.79
476 20 31.7 0.06
476 30 32.3 1
476 40 42.3 2
476 50 62.3 2.82
476 60 90.5 0.2
476 70 92.5 4.86
476 80 141.1 2.16
476 90 162.7 3.1
477 0 0 0.38
477 10 3.8 2.79
477 20 31.7 0.06
477 30 32.3 1
477 40 42.3 2
477 50 62.3 2.82
477 60 90.5 0.2
477 70 92.5 4.86
477 80 141.1 2.16
477 90 162.7 3.1
478 0 0 0.38
478 10 3.8 2.79
478 20 31.7 0.06
478 30 32.3 1
478 40 42.3 2
478 50 62.3 2.82
478 60 90.5 0.2
478 70 92.5 4.86
478 80 141.1 2.16
478 90 162.7 3.1
479 0 0 0.38
479 10 3.8 2.79
479 20 31.7 0.06
479 30 32.3 1
479 40 42.3 2
479 50 62.3 2.82
479 60 90.5 0.2
479 70 92.5 4.86
479 80 141.1 2.16
479 90 162.7 3.1
480 0 0 0.38
480 10 3.8 2.79
480 20 31.7 0.06
480 30 32.3 1
480 40 42.3 2
480 50 62.3 2.82
480 60 90.5 0.2
480 70 92.5 4.86
480 80 141.1 2.16
480 90 162.7 3.1
481 0 0 0.38
481 10 3.8 2.79
481 20 31.7 0.06
481 30 32.3 1
481 40 42.3 2
481 50 62.3 2.82
481 60 90.5 0.2
481 70 92.5 4.86
481 80 141.1 2.16
481 90 162.7 3.1
482 0 0 0.38
482 10 3.8 2.79
482 20 31.7 0.06
482 30 32.3 1
482 40 42.3 2
482 50 62.3 2.82
482 60 90.5 0.2
482 70 92.5 4.86
482 80 141.1 2.16
482 90 162.7 3.1
483 0 0 0.38
483 10 3.8 2.79
483 20 31.7 0.06
483 30 32.3 1
483 40 42.3 2
483 50 62.3 2.82
483 60 90.5 0.2
483 70 92.5 4.86
483 80 141.1 2.16
483 90 162.7 3.1
484 0 0 0.38
484 10 3.8 2.79
484 20 31.7 0.06
484 30 32.3 1
484 40 42.3 2
484 50 62.3 2.82
484 60 90.5 0.2
484 70 92.5 4.86
484 80 141.1 2.16
484 90 162.7 3.1
485 0 0 0.38
485 10 3.8 2.79
485 20 31.7 0.06
485 30 32.3 1
485 40 42.3 2
485 50 62.3 2.82
485 60 90.5 0.2
485 70 92.5 4.86
485 80 141.1 2.16
485 90 162.7 3.1
486 0 0 0.38
486 10 3.8 2.79
486 20 31.7 0.06
486 30 32.3 1
486 40 42.3 2
486 50 62.3 2.82
486 60 90.5 0.2
486 70 92.5 4.86
486 80 141.1 2.16
486 90 162.7 3.1
487 0 0 0.38
487 10 3.8 2.79
487 20 31.7 0.06
487 30 32.3 1
487 40 42.3 2
487 50 62.3 2.82
487 60 90.5 0.2
487 70 92.5 4.86
487 80 141.1 2.16
487 90 162.7 3.1
488 0 0 0.38
488 10 3.8 2.79
488 20 31.7 0.06
488 30 32.3 1
488 40 42.3 2
488 50 62.3 2.82
488 60 90.5 0.2
488 70 92.5 4.86
488 80 141.1 2.16
488 90 162.7 3.1
489 0 0 0.38
489 10 3.8 2.79
489 20 31.7 0.06
489 30 32.3 1
489 40 42.3 2
489 50 62.3 2.82
489 60 90.5 0.2
489 70 92.5 4.86
489 80 141.1 2.16
489 90 162.7 3.1
490 0 0 0.38
490 10 3.8 2.79
490 20 31.7 0.06
490 30 32.3 1
490 40 42.3 2
490 50 62.3 2.82
490 60 90.5 0.2
490 70 92.5 4.86
490 80 141.1 2.16
490 90 162.7 3.1
491 0 0 0.38
491 10 3.8 2.79
491 20 31.7 0.06
491 30 32.3 1
491 40 42.3 2
491 50 62.3 2.82
491 60 90.5 0.2
491 70 92.5 4.86
491 80 141.1 2.16
491 90 162.7 3.1
492 0 0 0.38
492 10 3.8 2.79
492 20 31.7 0.06
492 30 32.3 1
492 40 42.3 2
492 50 62.3 2.82
492 60 90.5 0.2
492 70 92.5 4.86
492 80 141.1 2.16
492 90 162.7 3.1
493 0 0 0.38
493 10 3.8 2.79
493 20 31.7 0.06
493 30 32.3 1
493 40 42.3 2
493 50 62.3 2.82
493 60 90.5 0.2
493 70 92.5 4.86
493 80 141.1 2.16
493 90 162.7 3.1
494 0 0 0.38
494 10 3.8 2.79
494 20 31.7 0.06
494 30 32.3 1
494 40 42.3 2
494 50 62.3 2.82
494 60 90.5 0.2
494 70 92.5 4.86
494 80 141.1 2.16
494 90 162.7 3.1
495 0 0 0.38
495 10 3.8 2.79
495 20 31.7 0.06
495 30 32.3 1
495 40 42.3 2
495 50 62.3 2.82
495 60 90.5 0.2
495 70 92.5 4.86
495 80 141.1 2.16
495 90 162.7 3.1
496 0 0 0.38
496 10 3.8 2.79
496 20 31.7 0.06
496 30 32.3 1
496 40 42.3 2
496 50 62.3 2.82
496 60 90.5 0.2
496 70 92.5 4.86
496 80 141.1 2.16
496 90 162.7 3.1
497 0 0 0.38
497 10 3.8 2.79
497 20 31.7 0.06
497 30 32.3 1
497 40 42.3 2
497 50 62.3 2.82
497 60 90.5 0.2
497 70 92.5 4.86
497 80 141.1 2.16
497 90 162.7 3.1
498 0 0 0.38
498 10 3.8 2.79
498 20 31.7 0.06
498 30 32.3 1
498 40 42.3 2
498 50 62.3 2.82
498 60 90.5 0.2
498 70 92.5 4.86
498 80 141.1 2.16
498 90 162.7 3.1
499 0 0 0.38
499 10 3.8 2.79
499 20 31.7 0.06
499 30 32.3 1
499 40 42.3 2
499 50 62.3 2.82
499 60 90.5 0.2
499 70 92.5 4.86
499 80 141.1 2.16
499 90 162.7 3.1
