100 4
0 0 0 2.1
0 25 52.5 4.67
0 50 169.25 4.75
0 75 288 2.05
1 0 0 2.1
1 25 52.5 4.67
1 50 169.25 4.75
1 75 288 2.05
2 0 0 2.1
2 25 52.5 4.67
2 50 169.25 4.75
2 75 288 2.05
3 0 0 2.1
3 25 52.5 4.67
3 50 169.25 4.75
3 75 288 2.05
4 0 0 2.1
4 25 52.5 4.67
4 50 169.25 4.75
4 75 288 2.05
5 0 0 2.1
5 25 52.5 4.67
5 50 169.25 4.75
5 75 288 2.05
6 0 0 2.1
6 25 52.5 4.67
6 50 169.25 4.75
6 75 288 2.05
7 0 0 2.1
7 25 52.5 4.67
7 50 169.25 4.75
7 75 288 2.05
8 0 0 2.1
8 25 52.5 4.67
8 50 169.25 4.75
8 75 288 2.05
9 0 0 2.1
9 25 52.5 4.67
9 50 169.25 4.75
9 75 288 2.05
10 0 0 2.1
10 25 52.5 4.67
10 50 169.25 4.75
10 75 288 2.05
11 0 0 2.1
11 25 52.5 4.67
11 50 169.25 4.75
11 75 288 2.05
12 0 0 2.1
12 25 52.5 4.67
12 50 169.25 4.75
12 75 288 2.05
13 0 0 2.1
13 25 52.5 4.67
13 50 169.25 4.75
13 75 288 2.05
14 0 0 2.1
14 25 52.5 4.67
14 50 169.25 4.75
14 75 288 2.05
15 0 0 2.1
15 25 52.5 4.67
15 50 169.25 4.75
15 75 288 2.05
16 0 0 2.1
16 25 52.5 4.67
16 50 169.25 4.75
16 75 288 2.05
17 0 0 2.1
17 25 52.5 4.67
17 50 169.25 4.75
17 75 288 2.05
18 0 0 2.1
18 25 52.5 4.67
18 50 169.25 4.75
18 75 288 2.05
19 0 0 2.1
19 25 52.5 4.67
19 50 169.25 4.75
19 75 288 2.05
20 0 0 2.1
20 25 52.5 4.67
20 50 169.25 4.75
20 75 288 2.05
21 0 0 2.1
21 25 52.5 4.67
21 50 169.25 4.75
21 75 288 2.05
22 0 0 2.1
22 25 52.5 4.67
22 50 169.25 4.75
22 75 288 2.05
23 0 0 2.1
23 25 52.5 4.67
23 50 169.25 4.75
23 75 288 2.05
24 0 0 2.1
24 25 52.5 4.67
24 50 169.25 4.75
24 75 288 2.05
25 0 0 2.1
25 25 52.5 4.67
25 50 169.25 4.75
25 75 288 2.05
26 0 0 2.1
26 25 52.5 4.67
26 50 169.25 4.75
26 75 288 2.05
27 0 0 2.1
27 25 52.5 4.67
27 50 169.25 4.75
27 75 288 2.05
28 0 0 2.1
28 25 52.5 4.67
28 50 169.25 4.75
28 75 288 2.05
29 0 0 2.1
29 25 52.5 4.67
29 50 169.25 4.75
29 75 288 2.05
30 0 0 2.1
30 25 52.5 4.67
30 50 169.25 4.75
30 75 288 2.05
31 0 0 2.1
31 25 52.5 4.67
31 50 169.25 4.75
31 75 288 2.05
32 0 0 2.1
32 25 52.5 4.67
32 50 169.25 4.75
32 75 288 2.05
33 0 0 2.1
33 25 52.5 4.67
33 50 169.25 4.75
33 75 288 2.05
34 0 0 2.1
34 25 52.5 4.67
34 50 169.25 4.75
34 75 288 2.05
35 0 0 2.1
35 25 52.5 4.67
35 50 169.25 4.75
35 75 288 2.05
36 0 0 2.1
36 25 52.5 4.67
36 50 169.25 4.75
36 75 288 2.05
37 0 0 2.1
37 25 52.5 4.67
37 50 169.25 4.75
37 75 288 2.05
38 0 0 2.1
38 25 52.5 4.67
38 50 169.25 4.75
38 75 288 2.05
39 0 0 2.1
39 25 52.5 4.67
39 50 169.25 4.75
39 75 288 2.05
40 0 0 2.1
40 25 52.5 4.67
40 50 169.25 4.75
40 75 288 2.05
41 0 0 2.1
41 25 52.5 4.67
41 50 169.25 4.75
41 75 288 2.05
42 0 0 2.1
42 25 52.5 4.67
42 50 169.25 4.75
42 75 288 2.05
43 0 0 2.1
43 25 52.5 4.67
43 50 169.25 4.75
43 75 288 2.05
44 0 0 2.1
44 25 52.5 4.67
44 50 169.25 4.75
44 75 288 2.05
45 0 0 2.1
45 25 52.5 4.67
45 50 169.25 4.75
45 75 288 2.05
46 0 0 2.1
46 25 52.5 4.67
46 50 169.25 4.75
46 75 288 2.05
47 0 0 2.1
47 25 52.5 4.67
47 50 169.25 4.75
47 75 288 2.05
48 0 0 2.1
48 25 52.5 4.67
48 50 169.25 4.75
48 75 288 2.05
49 0 0 2.1
49 25 52.5 4.67
49 50 169.25 4.75
49 75 288 2.05
50 0 0 2.1
50 25 52.5 4.67
50 50 169.25 4.75
50 75 288 2.05
51 0 0 2.1
51 25 52.5 4.67
51 50 169.25 4.75
51 75 288 2.05
52 0 0 2.1
52 25 52.5 4.67
52 50 169.25 4.75
52 75 288 2.05
53 0 0 2.1
53 25 52.5 4.67
53 50 169.25 4.75
53 75 288 2.05
54 0 0 2.1
54 25 52.5 4.67
54 50 169.25 4.75
54 75 288 2.05
55 0 0 2.1
55 25 52.5 4.67
55 50 169.25 4.75
55 75 288 2.05
56 0 0 2.1
56 25 52.5 4.67
56 50 169.25 4.75
56 75 288 2.05
57 0 0 2.1
57 25 52.5 4.67
57 50 169.25 4.75
57 75 288 2.05
58 0 0 2.1
58 25 52.5 4.67
58 50 169.25 4.75
58 75 288 2.05
59 0 0 2.1
59 25 52.5 4.67
59 50 169.25 4.75
59 75 288 2.05
60 0 0 2.1
60 25 52.5 4.67
60 50 169.25 4.75
60 75 288 2.05
61 0 0 2.1
61 25 52.5 4.67
61 50 169.25 4.75
61 75 288 2.05
62 0 0 2.1
62 25 52.5 4.67
62 50 169.25 4.75
62 75 288 2.05
63 0 0 2.1
63 25 52.5 4.67
63 50 169.25 4.75
63 75 288 2.05
64 0 0 2.1
64 25 52.5 4.67
64 50 169.25 4.75
64 75 288 2.05
65 0 0 2.1
65 25 52.5 4.67
65 50 169.25 4.75
65 75 288 2.05
66 0 0 2.1
66 25 52.5 4.67
66 50 169.25 4.75
66 75 288 2.05
67 0 0 2.1
67 25 52.5 4.67
67 50 169.25 4.75
67 75 288 2.05
68 0 0 2.1
68 25 52.5 4.67
68 50 169.25 4.75
68 75 288 2.05
69 0 0 2.1
69 25 52.5 4.67
69 50 169.25 4.75
69 75 288 2.05
70 0 0 2.1
70 25 52.5 4.67
70 50 169.25 4.75
70 75 288 2.05
71 0 0 2.1
71 25 52.5 4.67
71 50 169.25 4.75
71 75 288 2.05
72 0 0 2.1
72 25 52.5 4.67
72 50 169.25 4.75
72 75 288 2.05
73 0 0 2.1
73 25 52.5 4.67
73 50 169.25 4.75
73 75 288 2.05
74 0 0 2.1
74 25 52.5 4.67
74 50 169.25 4.75
74 75 288 2.05
75 0 0 2.1
75 25 52.5 4.67
75 50 169.25 4.75
75 75 288 2.05
76 0 0 2.1
76 25 52.5 4.67
76 50 169.25 4.75
76 75 288 2.05
77 0 0 2.1
77 25 52.5 4.67
77 50 169.25 4.75
77 75 288 2.05
78 0 0 2.1
78 25 52.5 4.67
78 50 169.25 4.75
78 75 288 2.05
79 0 0 2.1
79 25 52.5 4.67
79 50 169.25 4.75
79 75 288 2.05
80 0 0 2.1
80 25 52.5 4.67
80 50 169.25 4.75
80 75 288 2.05
81 0 0 2.1
81 25 52.5 4.67
81 50 169.25 4.75
81 75 288 2.05
82 0 0 2.1
82 25 52.5 4.67
82 50 169.25 4.75
82 75 288 2.05
83 0 0 2.1
83 25 52.5 4.67
83 50 169.25 4.75
83 75 288 2.05
84 0 0 2.1
84 25 52.5 4.67
84 50 169.25 4.75
84 75 288 2.05
85 0 0 2.1
85 25 52.5 4.67
85 50 169.25 4.75
85 75 288 2.05
86 0 0 2.1
86 25 52.5 4.67
86 50 169.25 4.75
86 75 288 2.05
87 0 0 2.1
87 25 52.5 4.67
87 50 169.25 4.75
87 75 288 2.05
88 0 0 2.1
88 25 52.5 4.67
88 50 169.25 4.75
88 75 288 2.05
89 0 0 2.1
89 25 52.5 4.67
89 50 169.25 4.75
89 75 288 2.05
90 0 0 2.1
90 25 52.5 4.67
90 50 169.25 4.75
90 75 288 2.05
91 0 0 2.1
91 25 52.5 4.67
91 50 169.25 4.75
91 75 288 2.05
92 0 0 2.1
92 25 52.5 4.67
92 50 169.25 4.75
92 75 288 2.05
93 0 0 2.1
93 25 52.5 4.67
93 50 169.25 4.75
93 75 288 2.05
94 0 0 2.1
94 25 52.5 4.67
94 50 169.25 4.75
94 75 288 2.05
95 0 0 2.1
95 25 52.5 4.67
95 50 169.25 4.75
95 75 288 2.05
96 0 0 2.1
96 25 52.5 4.67
96 50 169.25 4.75
96 75 288 2.05
97 0 0 2.1
97 25 52.5 4.67
97 50 169.25 4.75
97 75 288 2.05
98 0 0 2.1
98 25 52.5 4.67
98 50 169.25 4.75
98 75 288 2.05
99 0 0 2.1
99 25 52.5 4.67
99 50 169.25 4.75
99 75 288 2.05
