1000 4
0 0 0 3.39
0 500 1695 0.03
0 1000 1710 4.77
0 1500 4095 3.81
1 0 0 3.39
1 500 1695 0.03
1 1000 1710 4.77
1 1500 4095 3.81
2 0 0 3.39
2 500 1695 0.03
2 1000 1710 4.77
2 1500 4095 3.81
3 0 0 3.39
3 500 1695 0.03
3 1000 1710 4.77
3 1500 4095 3.81
4 0 0 3.39
4 500 1695 0.03
4 1000 1710 4.77
4 1500 4095 3.81
5 0 0 3.39
5 500 1695 0.03
5 1000 1710 4.77
5 1500 4095 3.81
6 0 0 3.39
6 500 1695 0.03
6 1000 1710 4.77
6 1500 4095 3.81
7 0 0 3.39
7 500 1695 0.03
7 1000 1710 4.77
7 1500 4095 3.81
8 0 0 3.39
8 500 1695 0.03
8 1000 1710 4.77
8 1500 4095 3.81
9 0 0 3.39
9 500 1695 0.03
9 1000 1710 4.77
9 1500 4095 3.81
10 0 0 3.39
10 500 1695 0.03
10 1000 1710 4.77
10 1500 4095 3.81
11 0 0 3.39
11 500 1695 0.03
11 1000 1710 4.77
11 1500 4095 3.81
12 0 0 3.39
12 500 1695 0.03
12 1000 1710 4.77
12 1500 4095 3.81
13 0 0 3.39
13 500 1695 0.03
13 1000 1710 4.77
13 1500 4095 3.81
14 0 0 3.39
14 500 1695 0.03
14 1000 1710 4.77
14 1500 4095 3.81
15 0 0 3.39
15 500 1695 0.03
15 1000 1710 4.77
15 1500 4095 3.81
16 0 0 3.39
16 500 1695 0.03
16 1000 1710 4.77
16 1500 4095 3.81
17 0 0 3.39
17 500 1695 0.03
17 1000 1710 4.77
17 1500 4095 3.81
18 0 0 3.39
18 500 1695 0.03
18 1000 1710 4.77
18 1500 4095 3.81
19 0 0 3.39
19 500 1695 0.03
19 1000 1710 4.77
19 1500 4095 3.81
20 0 0 3.39
20 500 1695 0.03
20 1000 1710 4.77
20 1500 4095 3.81
21 0 0 3.39
21 500 1695 0.03
21 1000 1710 4.77
21 1500 4095 3.81
22 0 0 3.39
22 500 1695 0.03
22 1000 1710 4.77
22 1500 4095 3.81
23 0 0 3.39
23 500 1695 0.03
23 1000 1710 4.77
23 1500 4095 3.81
24 0 0 3.39
24 500 1695 0.03
24 1000 1710 4.77
24 1500 4095 3.81
25 0 0 3.39
25 500 1695 0.03
25 1000 1710 4.77
25 1500 4095 3.81
26 0 0 3.39
26 500 1695 0.03
26 1000 1710 4.77
26 1500 4095 3.81
27 0 0 3.39
27 500 1695 0.03
27 1000 1710 4.77
27 1500 4095 3.81
28 0 0 3.39
28 500 1695 0.03
28 1000 1710 4.77
28 1500 4095 3.81
29 0 0 3.39
29 500 1695 0.03
29 1000 1710 4.77
29 1500 4095 3.81
30 0 0 3.39
30 500 1695 0.03
30 1000 1710 4.77
30 1500 4095 3.81
31 0 0 3.39
31 500 1695 0.03
31 1000 1710 4.77
31 1500 4095 3.81
32 0 0 3.39
32 500 1695 0.03
32 1000 1710 4.77
32 1500 4095 3.81
33 0 0 3.39
33 500 1695 0.03
33 1000 1710 4.77
33 1500 4095 3.81
34 0 0 3.39
34 500 1695 0.03
34 1000 1710 4.77
34 1500 4095 3.81
35 0 0 3.39
35 500 1695 0.03
35 1000 1710 4.77
35 1500 4095 3.81
36 0 0 3.39
36 500 1695 0.03
36 1000 1710 4.77
36 1500 4095 3.81
37 0 0 3.39
37 500 1695 0.03
37 1000 1710 4.77
37 1500 4095 3.81
38 0 0 3.39
38 500 1695 0.03
38 1000 1710 4.77
38 1500 4095 3.81
39 0 0 3.39
39 500 1695 0.03
39 1000 1710 4.77
39 1500 4095 3.81
40 0 0 3.39
40 500 1695 0.03
40 1000 1710 4.77
40 1500 4095 3.81
41 0 0 3.39
41 500 1695 0.03
41 1000 1710 4.77
41 1500 4095 3.81
42 0 0 3.39
42 500 1695 0.03
42 1000 1710 4.77
42 1500 4095 3.81
43 0 0 3.39
43 500 1695 0.03
43 1000 1710 4.77
43 1500 4095 3.81
44 0 0 3.39
44 500 1695 0.03
44 1000 1710 4.77
44 1500 4095 3.81
45 0 0 3.39
45 500 1695 0.03
45 1000 1710 4.77
45 1500 4095 3.81
46 0 0 3.39
46 500 1695 0.03
46 1000 1710 4.77
46 1500 4095 3.81
47 0 0 3.39
47 500 1695 0.03
47 1000 1710 4.77
47 1500 4095 3.81
48 0 0 3.39
48 500 1695 0.03
48 1000 1710 4.77
48 1500 4095 3.81
49 0 0 3.39
49 500 1695 0.03
49 1000 1710 4.77
49 1500 4095 3.81
50 0 0 3.39
50 500 1695 0.03
50 1000 1710 4.77
50 1500 4095 3.81
51 0 0 3.39
51 500 1695 0.03
51 1000 1710 4.77
51 1500 4095 3.81
52 0 0 3.39
52 500 1695 0.03
52 1000 1710 4.77
52 1500 4095 3.81
53 0 0 3.39
53 500 1695 0.03
53 1000 1710 4.77
53 1500 4095 3.81
54 0 0 3.39
54 500 1695 0.03
54 1000 1710 4.77
54 1500 4095 3.81
55 0 0 3.39
55 500 1695 0.03
55 1000 1710 4.77
55 1500 4095 3.81
56 0 0 3.39
56 500 1695 0.03
56 1000 1710 4.77
56 1500 4095 3.81
57 0 0 3.39
57 500 1695 0.03
57 1000 1710 4.77
57 1500 4095 3.81
58 0 0 3.39
58 500 1695 0.03
58 1000 1710 4.77
58 1500 4095 3.81
59 0 0 3.39
59 500 1695 0.03
59 1000 1710 4.77
59 1500 4095 3.81
60 0 0 3.39
60 500 1695 0.03
60 1000 1710 4.77
60 1500 4095 3.81
61 0 0 3.39
61 500 1695 0.03
61 1000 1710 4.77
61 1500 4095 3.81
62 0 0 3.39
62 500 1695 0.03
62 1000 1710 4.77
62 1500 4095 3.81
63 0 0 3.39
63 500 1695 0.03
63 1000 1710 4.77
63 1500 4095 3.81
64 0 0 3.39
64 500 1695 0.03
64 1000 1710 4.77
64 1500 4095 3.81
65 0 0 3.39
65 500 1695 0.03
65 1000 1710 4.77
65 1500 4095 3.81
66 0 0 3.39
66 500 1695 0.03
66 1000 1710 4.77
66 1500 4095 3.81
67 0 0 3.39
67 500 1695 0.03
67 1000 1710 4.77
67 1500 4095 3.81
68 0 0 3.39
68 500 1695 0.03
68 1000 1710 4.77
68 1500 4095 3.81
69 0 0 3.39
69 500 1695 0.03
69 1000 1710 4.77
69 1500 4095 3.81
70 0 0 3.39
70 500 1695 0.03
70 1000 1710 4.77
70 1500 4095 3.81
71 0 0 3.39
71 500 1695 0.03
71 1000 1710 4.77
71 1500 4095 3.81
72 0 0 3.39
72 500 1695 0.03
72 1000 1710 4.77
72 1500 4095 3.81
73 0 0 3.39
73 500 1695 0.03
73 1000 1710 4.77
73 1500 4095 3.81
74 0 0 3.39
74 500 1695 0.03
74 1000 1710 4.77
74 1500 4095 3.81
75 0 0 3.39
75 500 1695 0.03
75 1000 1710 4.77
75 1500 4095 3.81
76 0 0 3.39
76 500 1695 0.03
76 1000 1710 4.77
76 1500 4095 3.81
77 0 0 3.39
77 500 1695 0.03
77 1000 1710 4.77
77 1500 4095 3.81
78 0 0 3.39
78 500 1695 0.03
78 1000 1710 4.77
78 1500 4095 3.81
79 0 0 3.39
79 500 1695 0.03
79 1000 1710 4.77
79 1500 4095 3.81
80 0 0 3.39
80 500 1695 0.03
80 1000 1710 4.77
80 1500 4095 3.81
81 0 0 3.39
81 500 1695 0.03
81 1000 1710 4.77
81 1500 4095 3.81
82 0 0 3.39
82 500 1695 0.03
82 1000 1710 4.77
82 1500 4095 3.81
83 0 0 3.39
83 500 1695 0.03
83 1000 1710 4.77
83 1500 4095 3.81
84 0 0 3.39
84 500 1695 0.03
84 1000 1710 4.77
84 1500 4095 3.81
85 0 0 3.39
85 500 1695 0.03
85 1000 1710 4.77
85 1500 4095 3.81
86 0 0 3.39
86 500 1695 0.03
86 1000 1710 4.77
86 1500 4095 3.81
87 0 0 3.39
87 500 1695 0.03
87 1000 1710 4.77
87 1500 4095 3.81
88 0 0 3.39
88 500 1695 0.03
88 1000 1710 4.77
88 1500 4095 3.81
89 0 0 3.39
89 500 1695 0.03
89 1000 1710 4.77
89 1500 4095 3.81
90 0 0 3.39
90 500 1695 0.03
90 1000 1710 4.77
90 1500 4095 3.81
91 0 0 3.39
91 500 1695 0.03
91 1000 1710 4.77
91 1500 4095 3.81
92 0 0 3.39
92 500 1695 0.03
92 1000 1710 4.77
92 1500 4095 3.81
93 0 0 3.39
93 500 1695 0.03
93 1000 1710 4.77
93 1500 4095 3.81
94 0 0 3.39
94 500 1695 0.03
94 1000 1710 4.77
94 1500 4095 3.81
95 0 0 3.39
95 500 1695 0.03
95 1000 1710 4.77
95 1500 4095 3.81
96 0 0 3.39
96 500 1695 0.03
96 1000 1710 4.77
96 1500 4095 3.81
97 0 0 3.39
97 500 1695 0.03
97 1000 1710 4.77
97 1500 4095 3.81
98 0 0 3.39
98 500 1695 0.03
98 1000 1710 4.77
98 1500 4095 3.81
99 0 0 3.39
99 500 1695 0.03
99 1000 1710 4.77
99 1500 4095 3.81
100 0 0 3.39
100 500 1695 0.03
100 1000 1710 4.77
100 1500 4095 3.81
101 0 0 3.39
101 500 1695 0.03
101 1000 1710 4.77
101 1500 4095 3.81
102 0 0 3.39
102 500 1695 0.03
102 1000 1710 4.77
102 1500 4095 3.81
103 0 0 3.39
103 500 1695 0.03
103 1000 1710 4.77
103 1500 4095 3.81
104 0 0 3.39
104 500 1695 0.03
104 1000 1710 4.77
104 1500 4095 3.81
105 0 0 3.39
105 500 1695 0.03
105 1000 1710 4.77
105 1500 4095 3.81
106 0 0 3.39
106 500 1695 0.03
106 1000 1710 4.77
106 1500 4095 3.81
107 0 0 3.39
107 500 1695 0.03
107 1000 1710 4.77
107 1500 4095 3.81
108 0 0 3.39
108 500 1695 0.03
108 1000 1710 4.77
108 1500 4095 3.81
109 0 0 3.39
109 500 1695 0.03
109 1000 1710 4.77
109 1500 4095 3.81
110 0 0 3.39
110 500 1695 0.03
110 1000 1710 4.77
110 1500 4095 3.81
111 0 0 3.39
111 500 1695 0.03
111 1000 1710 4.77
111 1500 4095 3.81
112 0 0 3.39
112 500 1695 0.03
112 1000 1710 4.77
112 1500 4095 3.81
113 0 0 3.39
113 500 1695 0.03
113 1000 1710 4.77
113 1500 4095 3.81
114 0 0 3.39
114 500 1695 0.03
114 1000 1710 4.77
114 1500 4095 3.81
115 0 0 3.39
115 500 1695 0.03
115 1000 1710 4.77
115 1500 4095 3.81
116 0 0 3.39
116 500 1695 0.03
116 1000 1710 4.77
116 1500 4095 3.81
117 0 0 3.39
117 500 1695 0.03
117 1000 1710 4.77
117 1500 4095 3.81
118 0 0 3.39
118 500 1695 0.03
118 1000 1710 4.77
118 1500 4095 3.81
119 0 0 3.39
119 500 1695 0.03
119 1000 1710 4.77
119 1500 4095 3.81
120 0 0 3.39
120 500 1695 0.03
120 1000 1710 4.77
120 1500 4095 3.81
121 0 0 3.39
121 500 1695 0.03
121 1000 1710 4.77
121 1500 4095 3.81
122 0 0 3.39
122 500 1695 0.03
122 1000 1710 4.77
122 1500 4095 3.81
123 0 0 3.39
123 500 1695 0.03
123 1000 1710 4.77
123 1500 4095 3.81
124 0 0 3.39
124 500 1695 0.03
124 1000 1710 4.77
124 1500 4095 3.81
125 0 0 3.39
125 500 1695 0.03
125 1000 1710 4.77
125 1500 4095 3.81
126 0 0 3.39
126 500 1695 0.03
126 1000 1710 4.77
126 1500 4095 3.81
127 0 0 3.39
127 500 1695 0.03
127 1000 1710 4.77
127 1500 4095 3.81
128 0 0 3.39
128 500 1695 0.03
128 1000 1710 4.77
128 1500 4095 3.81
129 0 0 3.39
129 500 1695 0.03
129 1000 1710 4.77
129 1500 4095 3.81
130 0 0 3.39
130 500 1695 0.03
130 1000 1710 4.77
130 1500 4095 3.81
131 0 0 3.39
131 500 1695 0.03
131 1000 1710 4.77
131 1500 4095 3.81
132 0 0 3.39
132 500 1695 0.03
132 1000 1710 4.77
132 1500 4095 3.81
133 0 0 3.39
133 500 1695 0.03
133 1000 1710 4.77
133 1500 4095 3.81
134 0 0 3.39
134 500 1695 0.03
134 1000 1710 4.77
134 1500 4095 3.81
135 0 0 3.39
135 500 1695 0.03
135 1000 1710 4.77
135 1500 4095 3.81
136 0 0 3.39
136 500 1695 0.03
136 1000 1710 4.77
136 1500 4095 3.81
137 0 0 3.39
137 500 1695 0.03
137 1000 1710 4.77
137 1500 4095 3.81
138 0 0 3.39
138 500 1695 0.03
138 1000 1710 4.77
138 1500 4095 3.81
139 0 0 3.39
139 500 1695 0.03
139 1000 1710 4.77
139 1500 4095 3.81
140 0 0 3.39
140 500 1695 0.03
140 1000 1710 4.77
140 1500 4095 3.81
141 0 0 3.39
141 500 1695 0.03
141 1000 1710 4.77
141 1500 4095 3.81
142 0 0 3.39
142 500 1695 0.03
142 1000 1710 4.77
142 1500 4095 3.81
143 0 0 3.39
143 500 1695 0.03
143 1000 1710 4.77
143 1500 4095 3.81
144 0 0 3.39
144 500 1695 0.03
144 1000 1710 4.77
144 1500 4095 3.81
145 0 0 3.39
145 500 1695 0.03
145 1000 1710 4.77
145 1500 4095 3.81
146 0 0 3.39
146 500 1695 0.03
146 1000 1710 4.77
146 1500 4095 3.81
147 0 0 3.39
147 500 1695 0.03
147 1000 1710 4.77
147 1500 4095 3.81
148 0 0 3.39
148 500 1695 0.03
148 1000 1710 4.77
148 1500 4095 3.81
149 0 0 3.39
149 500 1695 0.03
149 1000 1710 4.77
149 1500 4095 3.81
150 0 0 3.39
150 500 1695 0.03
150 1000 1710 4.77
150 1500 4095 3.81
151 0 0 3.39
151 500 1695 0.03
151 1000 1710 4.77
151 1500 4095 3.81
152 0 0 3.39
152 500 1695 0.03
152 1000 1710 4.77
152 1500 4095 3.81
153 0 0 3.39
153 500 1695 0.03
153 1000 1710 4.77
153 1500 4095 3.81
154 0 0 3.39
154 500 1695 0.03
154 1000 1710 4.77
154 1500 4095 3.81
155 0 0 3.39
155 500 1695 0.03
155 1000 1710 4.77
155 1500 4095 3.81
156 0 0 3.39
156 500 1695 0.03
156 1000 1710 4.77
156 1500 4095 3.81
157 0 0 3.39
157 500 1695 0.03
157 1000 1710 4.77
157 1500 4095 3.81
158 0 0 3.39
158 500 1695 0.03
158 1000 1710 4.77
158 1500 4095 3.81
159 0 0 3.39
159 500 1695 0.03
159 1000 1710 4.77
159 1500 4095 3.81
160 0 0 3.39
160 500 1695 0.03
160 1000 1710 4.77
160 1500 4095 3.81
161 0 0 3.39
161 500 1695 0.03
161 1000 1710 4.77
161 1500 4095 3.81
162 0 0 3.39
162 500 1695 0.03
162 1000 1710 4.77
162 1500 4095 3.81
163 0 0 3.39
163 500 1695 0.03
163 1000 1710 4.77
163 1500 4095 3.81
164 0 0 3.39
164 500 1695 0.03
164 1000 1710 4.77
164 1500 4095 3.81
165 0 0 3.39
165 500 1695 0.03
165 1000 1710 4.77
165 1500 4095 3.81
166 0 0 3.39
166 500 1695 0.03
166 1000 1710 4.77
166 1500 4095 3.81
167 0 0 3.39
167 500 1695 0.03
167 1000 1710 4.77
167 1500 4095 3.81
168 0 0 3.39
168 500 1695 0.03
168 1000 1710 4.77
168 1500 4095 3.81
169 0 0 3.39
169 500 1695 0.03
169 1000 1710 4.77
169 1500 4095 3.81
170 0 0 3.39
170 500 1695 0.03
170 1000 1710 4.77
170 1500 4095 3.81
171 0 0 3.39
171 500 1695 0.03
171 1000 1710 4.77
171 1500 4095 3.81
172 0 0 3.39
172 500 1695 0.03
172 1000 1710 4.77
172 1500 4095 3.81
173 0 0 3.39
173 500 1695 0.03
173 1000 1710 4.77
173 1500 4095 3.81
174 0 0 3.39
174 500 1695 0.03
174 1000 1710 4.77
174 1500 4095 3.81
175 0 0 3.39
175 500 1695 0.03
175 1000 1710 4.77
175 1500 4095 3.81
176 0 0 3.39
176 500 1695 0.03
176 1000 1710 4.77
176 1500 4095 3.81
177 0 0 3.39
177 500 1695 0.03
177 1000 1710 4.77
177 1500 4095 3.81
178 0 0 3.39
178 500 1695 0.03
178 1000 1710 4.77
178 1500 4095 3.81
179 0 0 3.39
179 500 1695 0.03
179 1000 1710 4.77
179 1500 4095 3.81
180 0 0 3.39
180 500 1695 0.03
180 1000 1710 4.77
180 1500 4095 3.81
181 0 0 3.39
181 500 1695 0.03
181 1000 1710 4.77
181 1500 4095 3.81
182 0 0 3.39
182 500 1695 0.03
182 1000 1710 4.77
182 1500 4095 3.81
183 0 0 3.39
183 500 1695 0.03
183 1000 1710 4.77
183 1500 4095 3.81
184 0 0 3.39
184 500 1695 0.03
184 1000 1710 4.77
184 1500 4095 3.81
185 0 0 3.39
185 500 1695 0.03
185 1000 1710 4.77
185 1500 4095 3.81
186 0 0 3.39
186 500 1695 0.03
186 1000 1710 4.77
186 1500 4095 3.81
187 0 0 3.39
187 500 1695 0.03
187 1000 1710 4.77
187 1500 4095 3.81
188 0 0 3.39
188 500 1695 0.03
188 1000 1710 4.77
188 1500 4095 3.81
189 0 0 3.39
189 500 1695 0.03
189 1000 1710 4.77
189 1500 4095 3.81
190 0 0 3.39
190 500 1695 0.03
190 1000 1710 4.77
190 1500 4095 3.81
191 0 0 3.39
191 500 1695 0.03
191 1000 1710 4.77
191 1500 4095 3.81
192 0 0 3.39
192 500 1695 0.03
192 1000 1710 4.77
192 1500 4095 3.81
193 0 0 3.39
193 500 1695 0.03
193 1000 1710 4.77
193 1500 4095 3.81
194 0 0 3.39
194 500 1695 0.03
194 1000 1710 4.77
194 1500 4095 3.81
195 0 0 3.39
195 500 1695 0.03
195 1000 1710 4.77
195 1500 4095 3.81
196 0 0 3.39
196 500 1695 0.03
196 1000 1710 4.77
196 1500 4095 3.81
197 0 0 3.39
197 500 1695 0.03
197 1000 1710 4.77
197 1500 4095 3.81
198 0 0 3.39
198 500 1695 0.03
198 1000 1710 4.77
198 1500 4095 3.81
199 0 0 3.39
199 500 1695 0.03
199 1000 1710 4.77
199 1500 4095 3.81
200 0 0 3.39
200 500 1695 0.03
200 1000 1710 4.77
200 1500 4095 3.81
201 0 0 3.39
201 500 1695 0.03
201 1000 1710 4.77
201 1500 4095 3.81
202 0 0 3.39
202 500 1695 0.03
202 1000 1710 4.77
202 1500 4095 3.81
203 0 0 3.39
203 500 1695 0.03
203 1000 1710 4.77
203 1500 4095 3.81
204 0 0 3.39
204 500 1695 0.03
204 1000 1710 4.77
204 1500 4095 3.81
205 0 0 3.39
205 500 1695 0.03
205 1000 1710 4.77
205 1500 4095 3.81
206 0 0 3.39
206 500 1695 0.03
206 1000 1710 4.77
206 1500 4095 3.81
207 0 0 3.39
207 500 1695 0.03
207 1000 1710 4.77
207 1500 4095 3.81
208 0 0 3.39
208 500 1695 0.03
208 1000 1710 4.77
208 1500 4095 3.81
209 0 0 3.39
209 500 1695 0.03
209 1000 1710 4.77
209 1500 4095 3.81
210 0 0 3.39
210 500 1695 0.03
210 1000 1710 4.77
210 1500 4095 3.81
211 0 0 3.39
211 500 1695 0.03
211 1000 1710 4.77
211 1500 4095 3.81
212 0 0 3.39
212 500 1695 0.03
212 1000 1710 4.77
212 1500 4095 3.81
213 0 0 3.39
213 500 1695 0.03
213 1000 1710 4.77
213 1500 4095 3.81
214 0 0 3.39
214 500 1695 0.03
214 1000 1710 4.77
214 1500 4095 3.81
215 0 0 3.39
215 500 1695 0.03
215 1000 1710 4.77
215 1500 4095 3.81
216 0 0 3.39
216 500 1695 0.03
216 1000 1710 4.77
216 1500 4095 3.81
217 0 0 3.39
217 500 1695 0.03
217 1000 1710 4.77
217 1500 4095 3.81
218 0 0 3.39
218 500 1695 0.03
218 1000 1710 4.77
218 1500 4095 3.81
219 0 0 3.39
219 500 1695 0.03
219 1000 1710 4.77
219 1500 4095 3.81
220 0 0 3.39
220 500 1695 0.03
220 1000 1710 4.77
220 1500 4095 3.81
221 0 0 3.39
221 500 1695 0.03
221 1000 1710 4.77
221 1500 4095 3.81
222 0 0 3.39
222 500 1695 0.03
222 1000 1710 4.77
222 1500 4095 3.81
223 0 0 3.39
223 500 1695 0.03
223 1000 1710 4.77
223 1500 4095 3.81
224 0 0 3.39
224 500 1695 0.03
224 1000 1710 4.77
224 1500 4095 3.81
225 0 0 3.39
225 500 1695 0.03
225 1000 1710 4.77
225 1500 4095 3.81
226 0 0 3.39
226 500 1695 0.03
226 1000 1710 4.77
226 1500 4095 3.81
227 0 0 3.39
227 500 1695 0.03
227 1000 1710 4.77
227 1500 4095 3.81
228 0 0 3.39
228 500 1695 0.03
228 1000 1710 4.77
228 1500 4095 3.81
229 0 0 3.39
229 500 1695 0.03
229 1000 1710 4.77
229 1500 4095 3.81
230 0 0 3.39
230 500 1695 0.03
230 1000 1710 4.77
230 1500 4095 3.81
231 0 0 3.39
231 500 1695 0.03
231 1000 1710 4.77
231 1500 4095 3.81
232 0 0 3.39
232 500 1695 0.03
232 1000 1710 4.77
232 1500 4095 3.81
233 0 0 3.39
233 500 1695 0.03
233 1000 1710 4.77
233 1500 4095 3.81
234 0 0 3.39
234 500 1695 0.03
234 1000 1710 4.77
234 1500 4095 3.81
235 0 0 3.39
235 500 1695 0.03
235 1000 1710 4.77
235 1500 4095 3.81
236 0 0 3.39
236 500 1695 0.03
236 1000 1710 4.77
236 1500 4095 3.81
237 0 0 3.39
237 500 1695 0.03
237 1000 1710 4.77
237 1500 4095 3.81
238 0 0 3.39
238 500 1695 0.03
238 1000 1710 4.77
238 1500 4095 3.81
239 0 0 3.39
239 500 1695 0.03
239 1000 1710 4.77
239 1500 4095 3.81
240 0 0 3.39
240 500 1695 0.03
240 1000 1710 4.77
240 1500 4095 3.81
241 0 0 3.39
241 500 1695 0.03
241 1000 1710 4.77
241 1500 4095 3.81
242 0 0 3.39
242 500 1695 0.03
242 1000 1710 4.77
242 1500 4095 3.81
243 0 0 3.39
243 500 1695 0.03
243 1000 1710 4.77
243 1500 4095 3.81
244 0 0 3.39
244 500 1695 0.03
244 1000 1710 4.77
244 1500 4095 3.81
245 0 0 3.39
245 500 1695 0.03
245 1000 1710 4.77
245 1500 4095 3.81
246 0 0 3.39
246 500 1695 0.03
246 1000 1710 4.77
246 1500 4095 3.81
247 0 0 3.39
247 500 1695 0.03
247 1000 1710 4.77
247 1500 4095 3.81
248 0 0 3.39
248 500 1695 0.03
248 1000 1710 4.77
248 1500 4095 3.81
249 0 0 3.39
249 500 1695 0.03
249 1000 1710 4.77
249 1500 4095 3.81
250 0 0 3.39
250 500 1695 0.03
250 1000 1710 4.77
250 1500 4095 3.81
251 0 0 3.39
251 500 1695 0.03
251 1000 1710 4.77
251 1500 4095 3.81
252 0 0 3.39
252 500 1695 0.03
252 1000 1710 4.77
252 1500 4095 3.81
253 0 0 3.39
253 500 1695 0.03
253 1000 1710 4.77
253 1500 4095 3.81
254 0 0 3.39
254 500 1695 0.03
254 1000 1710 4.77
254 1500 4095 3.81
255 0 0 3.39
255 500 1695 0.03
255 1000 1710 4.77
255 1500 4095 3.81
256 0 0 3.39
256 500 1695 0.03
256 1000 1710 4.77
256 1500 4095 3.81
257 0 0 3.39
257 500 1695 0.03
257 1000 1710 4.77
257 1500 4095 3.81
258 0 0 3.39
258 500 1695 0.03
258 1000 1710 4.77
258 1500 4095 3.81
259 0 0 3.39
259 500 1695 0.03
259 1000 1710 4.77
259 1500 4095 3.81
260 0 0 3.39
260 500 1695 0.03
260 1000 1710 4.77
260 1500 4095 3.81
261 0 0 3.39
261 500 1695 0.03
261 1000 1710 4.77
261 1500 4095 3.81
262 0 0 3.39
262 500 1695 0.03
262 1000 1710 4.77
262 1500 4095 3.81
263 0 0 3.39
263 500 1695 0.03
263 1000 1710 4.77
263 1500 4095 3.81
264 0 0 3.39
264 500 1695 0.03
264 1000 1710 4.77
264 1500 4095 3.81
265 0 0 3.39
265 500 1695 0.03
265 1000 1710 4.77
265 1500 4095 3.81
266 0 0 3.39
266 500 1695 0.03
266 1000 1710 4.77
266 1500 4095 3.81
267 0 0 3.39
267 500 1695 0.03
267 1000 1710 4.77
267 1500 4095 3.81
268 0 0 3.39
268 500 1695 0.03
268 1000 1710 4.77
268 1500 4095 3.81
269 0 0 3.39
269 500 1695 0.03
269 1000 1710 4.77
269 1500 4095 3.81
270 0 0 3.39
270 500 1695 0.03
270 1000 1710 4.77
270 1500 4095 3.81
271 0 0 3.39
271 500 1695 0.03
271 1000 1710 4.77
271 1500 4095 3.81
272 0 0 3.39
272 500 1695 0.03
272 1000 1710 4.77
272 1500 4095 3.81
273 0 0 3.39
273 500 1695 0.03
273 1000 1710 4.77
273 1500 4095 3.81
274 0 0 3.39
274 500 1695 0.03
274 1000 1710 4.77
274 1500 4095 3.81
275 0 0 3.39
275 500 1695 0.03
275 1000 1710 4.77
275 1500 4095 3.81
276 0 0 3.39
276 500 1695 0.03
276 1000 1710 4.77
276 1500 4095 3.81
277 0 0 3.39
277 500 1695 0.03
277 1000 1710 4.77
277 1500 4095 3.81
278 0 0 3.39
278 500 1695 0.03
278 1000 1710 4.77
278 1500 4095 3.81
279 0 0 3.39
279 500 1695 0.03
279 1000 1710 4.77
279 1500 4095 3.81
280 0 0 3.39
280 500 1695 0.03
280 1000 1710 4.77
280 1500 4095 3.81
281 0 0 3.39
281 500 1695 0.03
281 1000 1710 4.77
281 1500 4095 3.81
282 0 0 3.39
282 500 1695 0.03
282 1000 1710 4.77
282 1500 4095 3.81
283 0 0 3.39
283 500 1695 0.03
283 1000 1710 4.77
283 1500 4095 3.81
284 0 0 3.39
284 500 1695 0.03
284 1000 1710 4.77
284 1500 4095 3.81
285 0 0 3.39
285 500 1695 0.03
285 1000 1710 4.77
285 1500 4095 3.81
286 0 0 3.39
286 500 1695 0.03
286 1000 1710 4.77
286 1500 4095 3.81
287 0 0 3.39
287 500 1695 0.03
287 1000 1710 4.77
287 1500 4095 3.81
288 0 0 3.39
288 500 1695 0.03
288 1000 1710 4.77
288 1500 4095 3.81
289 0 0 3.39
289 500 1695 0.03
289 1000 1710 4.77
289 1500 4095 3.81
290 0 0 3.39
290 500 1695 0.03
290 1000 1710 4.77
290 1500 4095 3.81
291 0 0 3.39
291 500 1695 0.03
291 1000 1710 4.77
291 1500 4095 3.81
292 0 0 3.39
292 500 1695 0.03
292 1000 1710 4.77
292 1500 4095 3.81
293 0 0 3.39
293 500 1695 0.03
293 1000 1710 4.77
293 1500 4095 3.81
294 0 0 3.39
294 500 1695 0.03
294 1000 1710 4.77
294 1500 4095 3.81
295 0 0 3.39
295 500 1695 0.03
295 1000 1710 4.77
295 1500 4095 3.81
296 0 0 3.39
296 500 1695 0.03
296 1000 1710 4.77
296 1500 4095 3.81
297 0 0 3.39
297 500 1695 0.03
297 1000 1710 4.77
297 1500 4095 3.81
298 0 0 3.39
298 500 1695 0.03
298 1000 1710 4.77
298 1500 4095 3.81
299 0 0 3.39
299 500 1695 0.03
299 1000 1710 4.77
299 1500 4095 3.81
300 0 0 3.39
300 500 1695 0.03
300 1000 1710 4.77
300 1500 4095 3.81
301 0 0 3.39
301 500 1695 0.03
301 1000 1710 4.77
301 1500 4095 3.81
302 0 0 3.39
302 500 1695 0.03
302 1000 1710 4.77
302 1500 4095 3.81
303 0 0 3.39
303 500 1695 0.03
303 1000 1710 4.77
303 1500 4095 3.81
304 0 0 3.39
304 500 1695 0.03
304 1000 1710 4.77
304 1500 4095 3.81
305 0 0 3.39
305 500 1695 0.03
305 1000 1710 4.77
305 1500 4095 3.81
306 0 0 3.39
306 500 1695 0.03
306 1000 1710 4.77
306 1500 4095 3.81
307 0 0 3.39
307 500 1695 0.03
307 1000 1710 4.77
307 1500 4095 3.81
308 0 0 3.39
308 500 1695 0.03
308 1000 1710 4.77
308 1500 4095 3.81
309 0 0 3.39
309 500 1695 0.03
309 1000 1710 4.77
309 1500 4095 3.81
310 0 0 3.39
310 500 1695 0.03
310 1000 1710 4.77
310 1500 4095 3.81
311 0 0 3.39
311 500 1695 0.03
311 1000 1710 4.77
311 1500 4095 3.81
312 0 0 3.39
312 500 1695 0.03
312 1000 1710 4.77
312 1500 4095 3.81
313 0 0 3.39
313 500 1695 0.03
313 1000 1710 4.77
313 1500 4095 3.81
314 0 0 3.39
314 500 1695 0.03
314 1000 1710 4.77
314 1500 4095 3.81
315 0 0 3.39
315 500 1695 0.03
315 1000 1710 4.77
315 1500 4095 3.81
316 0 0 3.39
316 500 1695 0.03
316 1000 1710 4.77
316 1500 4095 3.81
317 0 0 3.39
317 500 1695 0.03
317 1000 1710 4.77
317 1500 4095 3.81
318 0 0 3.39
318 500 1695 0.03
318 1000 1710 4.77
318 1500 4095 3.81
319 0 0 3.39
319 500 1695 0.03
319 1000 1710 4.77
319 1500 4095 3.81
320 0 0 3.39
320 500 1695 0.03
320 1000 1710 4.77
320 1500 4095 3.81
321 0 0 3.39
321 500 1695 0.03
321 1000 1710 4.77
321 1500 4095 3.81
322 0 0 3.39
322 500 1695 0.03
322 1000 1710 4.77
322 1500 4095 3.81
323 0 0 3.39
323 500 1695 0.03
323 1000 1710 4.77
323 1500 4095 3.81
324 0 0 3.39
324 500 1695 0.03
324 1000 1710 4.77
324 1500 4095 3.81
325 0 0 3.39
325 500 1695 0.03
325 1000 1710 4.77
325 1500 4095 3.81
326 0 0 3.39
326 500 1695 0.03
326 1000 1710 4.77
326 1500 4095 3.81
327 0 0 3.39
327 500 1695 0.03
327 1000 1710 4.77
327 1500 4095 3.81
328 0 0 3.39
328 500 1695 0.03
328 1000 1710 4.77
328 1500 4095 3.81
329 0 0 3.39
329 500 1695 0.03
329 1000 1710 4.77
329 1500 4095 3.81
330 0 0 3.39
330 500 1695 0.03
330 1000 1710 4.77
330 1500 4095 3.81
331 0 0 3.39
331 500 1695 0.03
331 1000 1710 4.77
331 1500 4095 3.81
332 0 0 3.39
332 500 1695 0.03
332 1000 1710 4.77
332 1500 4095 3.81
333 0 0 3.39
333 500 1695 0.03
333 1000 1710 4.77
333 1500 4095 3.81
334 0 0 3.39
334 500 1695 0.03
334 1000 1710 4.77
334 1500 4095 3.81
335 0 0 3.39
335 500 1695 0.03
335 1000 1710 4.77
335 1500 4095 3.81
336 0 0 3.39
336 500 1695 0.03
336 1000 1710 4.77
336 1500 4095 3.81
337 0 0 3.39
337 500 1695 0.03
337 1000 1710 4.77
337 1500 4095 3.81
338 0 0 3.39
338 500 1695 0.03
338 1000 1710 4.77
338 1500 4095 3.81
339 0 0 3.39
339 500 1695 0.03
339 1000 1710 4.77
339 1500 4095 3.81
340 0 0 3.39
340 500 1695 0.03
340 1000 1710 4.77
340 1500 4095 3.81
341 0 0 3.39
341 500 1695 0.03
341 1000 1710 4.77
341 1500 4095 3.81
342 0 0 3.39
342 500 1695 0.03
342 1000 1710 4.77
342 1500 4095 3.81
343 0 0 3.39
343 500 1695 0.03
343 1000 1710 4.77
343 1500 4095 3.81
344 0 0 3.39
344 500 1695 0.03
344 1000 1710 4.77
344 1500 4095 3.81
345 0 0 3.39
345 500 1695 0.03
345 1000 1710 4.77
345 1500 4095 3.81
346 0 0 3.39
346 500 1695 0.03
346 1000 1710 4.77
346 1500 4095 3.81
347 0 0 3.39
347 500 1695 0.03
347 1000 1710 4.77
347 1500 4095 3.81
348 0 0 3.39
348 500 1695 0.03
348 1000 1710 4.77
348 1500 4095 3.81
349 0 0 3.39
349 500 1695 0.03
349 1000 1710 4.77
349 1500 4095 3.81
350 0 0 3.39
350 500 1695 0.03
350 1000 1710 4.77
350 1500 4095 3.81
351 0 0 3.39
351 500 1695 0.03
351 1000 1710 4.77
351 1500 4095 3.81
352 0 0 3.39
352 500 1695 0.03
352 1000 1710 4.77
352 1500 4095 3.81
353 0 0 3.39
353 500 1695 0.03
353 1000 1710 4.77
353 1500 4095 3.81
354 0 0 3.39
354 500 1695 0.03
354 1000 1710 4.77
354 1500 4095 3.81
355 0 0 3.39
355 500 1695 0.03
355 1000 1710 4.77
355 1500 4095 3.81
356 0 0 3.39
356 500 1695 0.03
356 1000 1710 4.77
356 1500 4095 3.81
357 0 0 3.39
357 500 1695 0.03
357 1000 1710 4.77
357 1500 4095 3.81
358 0 0 3.39
358 500 1695 0.03
358 1000 1710 4.77
358 1500 4095 3.81
359 0 0 3.39
359 500 1695 0.03
359 1000 1710 4.77
359 1500 4095 3.81
360 0 0 3.39
360 500 1695 0.03
360 1000 1710 4.77
360 1500 4095 3.81
361 0 0 3.39
361 500 1695 0.03
361 1000 1710 4.77
361 1500 4095 3.81
362 0 0 3.39
362 500 1695 0.03
362 1000 1710 4.77
362 1500 4095 3.81
363 0 0 3.39
363 500 1695 0.03
363 1000 1710 4.77
363 1500 4095 3.81
364 0 0 3.39
364 500 1695 0.03
364 1000 1710 4.77
364 1500 4095 3.81
365 0 0 3.39
365 500 1695 0.03
365 1000 1710 4.77
365 1500 4095 3.81
366 0 0 3.39
366 500 1695 0.03
366 1000 1710 4.77
366 1500 4095 3.81
367 0 0 3.39
367 500 1695 0.03
367 1000 1710 4.77
367 1500 4095 3.81
368 0 0 3.39
368 500 1695 0.03
368 1000 1710 4.77
368 1500 4095 3.81
369 0 0 3.39
369 500 1695 0.03
369 1000 1710 4.77
369 1500 4095 3.81
370 0 0 3.39
370 500 1695 0.03
370 1000 1710 4.77
370 1500 4095 3.81
371 0 0 3.39
371 500 1695 0.03
371 1000 1710 4.77
371 1500 4095 3.81
372 0 0 3.39
372 500 1695 0.03
372 1000 1710 4.77
372 1500 4095 3.81
373 0 0 3.39
373 500 1695 0.03
373 1000 1710 4.77
373 1500 4095 3.81
374 0 0 3.39
374 500 1695 0.03
374 1000 1710 4.77
374 1500 4095 3.81
375 0 0 3.39
375 500 1695 0.03
375 1000 1710 4.77
375 1500 4095 3.81
376 0 0 3.39
376 500 1695 0.03
376 1000 1710 4.77
376 1500 4095 3.81
377 0 0 3.39
377 500 1695 0.03
377 1000 1710 4.77
377 1500 4095 3.81
378 0 0 3.39
378 500 1695 0.03
378 1000 1710 4.77
378 1500 4095 3.81
379 0 0 3.39
379 500 1695 0.03
379 1000 1710 4.77
379 1500 4095 3.81
380 0 0 3.39
380 500 1695 0.03
380 1000 1710 4.77
380 1500 4095 3.81
381 0 0 3.39
381 500 1695 0.03
381 1000 1710 4.77
381 1500 4095 3.81
382 0 0 3.39
382 500 1695 0.03
382 1000 1710 4.77
382 1500 4095 3.81
383 0 0 3.39
383 500 1695 0.03
383 1000 1710 4.77
383 1500 4095 3.81
384 0 0 3.39
384 500 1695 0.03
384 1000 1710 4.77
384 1500 4095 3.81
385 0 0 3.39
385 500 1695 0.03
385 1000 1710 4.77
385 1500 4095 3.81
386 0 0 3.39
386 500 1695 0.03
386 1000 1710 4.77
386 1500 4095 3.81
387 0 0 3.39
387 500 1695 0.03
387 1000 1710 4.77
387 1500 4095 3.81
388 0 0 3.39
388 500 1695 0.03
388 1000 1710 4.77
388 1500 4095 3.81
389 0 0 3.39
389 500 1695 0.03
389 1000 1710 4.77
389 1500 4095 3.81
390 0 0 3.39
390 500 1695 0.03
390 1000 1710 4.77
390 1500 4095 3.81
391 0 0 3.39
391 500 1695 0.03
391 1000 1710 4.77
391 1500 4095 3.81
392 0 0 3.39
392 500 1695 0.03
392 1000 1710 4.77
392 1500 4095 3.81
393 0 0 3.39
393 500 1695 0.03
393 1000 1710 4.77
393 1500 4095 3.81
394 0 0 3.39
394 500 1695 0.03
394 1000 1710 4.77
394 1500 4095 3.81
395 0 0 3.39
395 500 1695 0.03
395 1000 1710 4.77
395 1500 4095 3.81
396 0 0 3.39
396 500 1695 0.03
396 1000 1710 4.77
396 1500 4095 3.81
397 0 0 3.39
397 500 1695 0.03
397 1000 1710 4.77
397 1500 4095 3.81
398 0 0 3.39
398 500 1695 0.03
398 1000 1710 4.77
398 1500 4095 3.81
399 0 0 3.39
399 500 1695 0.03
399 1000 1710 4.77
399 1500 4095 3.81
400 0 0 3.39
400 500 1695 0.03
400 1000 1710 4.77
400 1500 4095 3.81
401 0 0 3.39
401 500 1695 0.03
401 1000 1710 4.77
401 1500 4095 3.81
402 0 0 3.39
402 500 1695 0.03
402 1000 1710 4.77
402 1500 4095 3.81
403 0 0 3.39
403 500 1695 0.03
403 1000 1710 4.77
403 1500 4095 3.81
404 0 0 3.39
404 500 1695 0.03
404 1000 1710 4.77
404 1500 4095 3.81
405 0 0 3.39
405 500 1695 0.03
405 1000 1710 4.77
405 1500 4095 3.81
406 0 0 3.39
406 500 1695 0.03
406 1000 1710 4.77
406 1500 4095 3.81
407 0 0 3.39
407 500 1695 0.03
407 1000 1710 4.77
407 1500 4095 3.81
408 0 0 3.39
408 500 1695 0.03
408 1000 1710 4.77
408 1500 4095 3.81
409 0 0 3.39
409 500 1695 0.03
409 1000 1710 4.77
409 1500 4095 3.81
410 0 0 3.39
410 500 1695 0.03
410 1000 1710 4.77
410 1500 4095 3.81
411 0 0 3.39
411 500 1695 0.03
411 1000 1710 4.77
411 1500 4095 3.81
412 0 0 3.39
412 500 1695 0.03
412 1000 1710 4.77
412 1500 4095 3.81
413 0 0 3.39
413 500 1695 0.03
413 1000 1710 4.77
413 1500 4095 3.81
414 0 0 3.39
414 500 1695 0.03
414 1000 1710 4.77
414 1500 4095 3.81
415 0 0 3.39
415 500 1695 0.03
415 1000 1710 4.77
415 1500 4095 3.81
416 0 0 3.39
416 500 1695 0.03
416 1000 1710 4.77
416 1500 4095 3.81
417 0 0 3.39
417 500 1695 0.03
417 1000 1710 4.77
417 1500 4095 3.81
418 0 0 3.39
418 500 1695 0.03
418 1000 1710 4.77
418 1500 4095 3.81
419 0 0 3.39
419 500 1695 0.03
419 1000 1710 4.77
419 1500 4095 3.81
420 0 0 3.39
420 500 1695 0.03
420 1000 1710 4.77
420 1500 4095 3.81
421 0 0 3.39
421 500 1695 0.03
421 1000 1710 4.77
421 1500 4095 3.81
422 0 0 3.39
422 500 1695 0.03
422 1000 1710 4.77
422 1500 4095 3.81
423 0 0 3.39
423 500 1695 0.03
423 1000 1710 4.77
423 1500 4095 3.81
424 0 0 3.39
424 500 1695 0.03
424 1000 1710 4.77
424 1500 4095 3.81
425 0 0 3.39
425 500 1695 0.03
425 1000 1710 4.77
425 1500 4095 3.81
426 0 0 3.39
426 500 1695 0.03
426 1000 1710 4.77
426 1500 4095 3.81
427 0 0 3.39
427 500 1695 0.03
427 1000 1710 4.77
427 1500 4095 3.81
428 0 0 3.39
428 500 1695 0.03
428 1000 1710 4.77
428 1500 4095 3.81
429 0 0 3.39
429 500 1695 0.03
429 1000 1710 4.77
429 1500 4095 3.81
430 0 0 3.39
430 500 1695 0.03
430 1000 1710 4.77
430 1500 4095 3.81
431 0 0 3.39
431 500 1695 0.03
431 1000 1710 4.77
431 1500 4095 3.81
432 0 0 3.39
432 500 1695 0.03
432 1000 1710 4.77
432 1500 4095 3.81
433 0 0 3.39
433 500 1695 0.03
433 1000 1710 4.77
433 1500 4095 3.81
434 0 0 3.39
434 500 1695 0.03
434 1000 1710 4.77
434 1500 4095 3.81
435 0 0 3.39
435 500 1695 0.03
435 1000 1710 4.77
435 1500 4095 3.81
436 0 0 3.39
436 500 1695 0.03
436 1000 1710 4.77
436 1500 4095 3.81
437 0 0 3.39
437 500 1695 0.03
437 1000 1710 4.77
437 1500 4095 3.81
438 0 0 3.39
438 500 1695 0.03
438 1000 1710 4.77
438 1500 4095 3.81
439 0 0 3.39
439 500 1695 0.03
439 1000 1710 4.77
439 1500 4095 3.81
440 0 0 3.39
440 500 1695 0.03
440 1000 1710 4.77
440 1500 4095 3.81
441 0 0 3.39
441 500 1695 0.03
441 1000 1710 4.77
441 1500 4095 3.81
442 0 0 3.39
442 500 1695 0.03
442 1000 1710 4.77
442 1500 4095 3.81
443 0 0 3.39
443 500 1695 0.03
443 1000 1710 4.77
443 1500 4095 3.81
444 0 0 3.39
444 500 1695 0.03
444 1000 1710 4.77
444 1500 4095 3.81
445 0 0 3.39
445 500 1695 0.03
445 1000 1710 4.77
445 1500 4095 3.81
446 0 0 3.39
446 500 1695 0.03
446 1000 1710 4.77
446 1500 4095 3.81
447 0 0 3.39
447 500 1695 0.03
447 1000 1710 4.77
447 1500 4095 3.81
448 0 0 3.39
448 500 1695 0.03
448 1000 1710 4.77
448 1500 4095 3.81
449 0 0 3.39
449 500 1695 0.03
449 1000 1710 4.77
449 1500 4095 3.81
450 0 0 3.39
450 500 1695 0.03
450 1000 1710 4.77
450 1500 4095 3.81
451 0 0 3.39
451 500 1695 0.03
451 1000 1710 4.77
451 1500 4095 3.81
452 0 0 3.39
452 500 1695 0.03
452 1000 1710 4.77
452 1500 4095 3.81
453 0 0 3.39
453 500 1695 0.03
453 1000 1710 4.77
453 1500 4095 3.81
454 0 0 3.39
454 500 1695 0.03
454 1000 1710 4.77
454 1500 4095 3.81
455 0 0 3.39
455 500 1695 0.03
455 1000 1710 4.77
455 1500 4095 3.81
456 0 0 3.39
456 500 1695 0.03
456 1000 1710 4.77
456 1500 4095 3.81
457 0 0 3.39
457 500 1695 0.03
457 1000 1710 4.77
457 1500 4095 3.81
458 0 0 3.39
458 500 1695 0.03
458 1000 1710 4.77
458 1500 4095 3.81
459 0 0 3.39
459 500 1695 0.03
459 1000 1710 4.77
459 1500 4095 3.81
460 0 0 3.39
460 500 1695 0.03
460 1000 1710 4.77
460 1500 4095 3.81
461 0 0 3.39
461 500 1695 0.03
461 1000 1710 4.77
461 1500 4095 3.81
462 0 0 3.39
462 500 1695 0.03
462 1000 1710 4.77
462 1500 4095 3.81
463 0 0 3.39
463 500 1695 0.03
463 1000 1710 4.77
463 1500 4095 3.81
464 0 0 3.39
464 500 1695 0.03
464 1000 1710 4.77
464 1500 4095 3.81
465 0 0 3.39
465 500 1695 0.03
465 1000 1710 4.77
465 1500 4095 3.81
466 0 0 3.39
466 500 1695 0.03
466 1000 1710 4.77
466 1500 4095 3.81
467 0 0 3.39
467 500 1695 0.03
467 1000 1710 4.77
467 1500 4095 3.81
468 0 0 3.39
468 500 1695 0.03
468 1000 1710 4.77
468 1500 4095 3.81
469 0 0 3.39
469 500 1695 0.03
469 1000 1710 4.77
469 1500 4095 3.81
470 0 0 3.39
470 500 1695 0.03
470 1000 1710 4.77
470 1500 4095 3.81
471 0 0 3.39
471 500 1695 0.03
471 1000 1710 4.77
471 1500 4095 3.81
472 0 0 3.39
472 500 1695 0.03
472 1000 1710 4.77
472 1500 4095 3.81
473 0 0 3.39
473 500 1695 0.03
473 1000 1710 4.77
473 1500 4095 3.81
474 0 0 3.39
474 500 1695 0.03
474 1000 1710 4.77
474 1500 4095 3.81
475 0 0 3.39
475 500 1695 0.03
475 1000 1710 4.77
475 1500 4095 3.81
476 0 0 3.39
476 500 1695 0.03
476 1000 1710 4.77
476 1500 4095 3.81
477 0 0 3.39
477 500 1695 0.03
477 1000 1710 4.77
477 1500 4095 3.81
478 0 0 3.39
478 500 1695 0.03
478 1000 1710 4.77
478 1500 4095 3.81
479 0 0 3.39
479 500 1695 0.03
479 1000 1710 4.77
479 1500 4095 3.81
480 0 0 3.39
480 500 1695 0.03
480 1000 1710 4.77
480 1500 4095 3.81
481 0 0 3.39
481 500 1695 0.03
481 1000 1710 4.77
481 1500 4095 3.81
482 0 0 3.39
482 500 1695 0.03
482 1000 1710 4.77
482 1500 4095 3.81
483 0 0 3.39
483 500 1695 0.03
483 1000 1710 4.77
483 1500 4095 3.81
484 0 0 3.39
484 500 1695 0.03
484 1000 1710 4.77
484 1500 4095 3.81
485 0 0 3.39
485 500 1695 0.03
485 1000 1710 4.77
485 1500 4095 3.81
486 0 0 3.39
486 500 1695 0.03
486 1000 1710 4.77
486 1500 4095 3.81
487 0 0 3.39
487 500 1695 0.03
487 1000 1710 4.77
487 1500 4095 3.81
488 0 0 3.39
488 500 1695 0.03
488 1000 1710 4.77
488 1500 4095 3.81
489 0 0 3.39
489 500 1695 0.03
489 1000 1710 4.77
489 1500 4095 3.81
490 0 0 3.39
490 500 1695 0.03
490 1000 1710 4.77
490 1500 4095 3.81
491 0 0 3.39
491 500 1695 0.03
491 1000 1710 4.77
491 1500 4095 3.81
492 0 0 3.39
492 500 1695 0.03
492 1000 1710 4.77
492 1500 4095 3.81
493 0 0 3.39
493 500 1695 0.03
493 1000 1710 4.77
493 1500 4095 3.81
494 0 0 3.39
494 500 1695 0.03
494 1000 1710 4.77
494 1500 4095 3.81
495 0 0 3.39
495 500 1695 0.03
495 1000 1710 4.77
495 1500 4095 3.81
496 0 0 3.39
496 500 1695 0.03
496 1000 1710 4.77
496 1500 4095 3.81
497 0 0 3.39
497 500 1695 0.03
497 1000 1710 4.77
497 1500 4095 3.81
498 0 0 3.39
498 500 1695 0.03
498 1000 1710 4.77
498 1500 4095 3.81
499 0 0 3.39
499 500 1695 0.03
499 1000 1710 4.77
499 1500 4095 3.81
500 0 0 3.39
500 500 1695 0.03
500 1000 1710 4.77
500 1500 4095 3.81
501 0 0 3.39
501 500 1695 0.03
501 1000 1710 4.77
501 1500 4095 3.81
502 0 0 3.39
502 500 1695 0.03
502 1000 1710 4.77
502 1500 4095 3.81
503 0 0 3.39
503 500 1695 0.03
503 1000 1710 4.77
503 1500 4095 3.81
504 0 0 3.39
504 500 1695 0.03
504 1000 1710 4.77
504 1500 4095 3.81
505 0 0 3.39
505 500 1695 0.03
505 1000 1710 4.77
505 1500 4095 3.81
506 0 0 3.39
506 500 1695 0.03
506 1000 1710 4.77
506 1500 4095 3.81
507 0 0 3.39
507 500 1695 0.03
507 1000 1710 4.77
507 1500 4095 3.81
508 0 0 3.39
508 500 1695 0.03
508 1000 1710 4.77
508 1500 4095 3.81
509 0 0 3.39
509 500 1695 0.03
509 1000 1710 4.77
509 1500 4095 3.81
510 0 0 3.39
510 500 1695 0.03
510 1000 1710 4.77
510 1500 4095 3.81
511 0 0 3.39
511 500 1695 0.03
511 1000 1710 4.77
511 1500 4095 3.81
512 0 0 3.39
512 500 1695 0.03
512 1000 1710 4.77
512 1500 4095 3.81
513 0 0 3.39
513 500 1695 0.03
513 1000 1710 4.77
513 1500 4095 3.81
514 0 0 3.39
514 500 1695 0.03
514 1000 1710 4.77
514 1500 4095 3.81
515 0 0 3.39
515 500 1695 0.03
515 1000 1710 4.77
515 1500 4095 3.81
516 0 0 3.39
516 500 1695 0.03
516 1000 1710 4.77
516 1500 4095 3.81
517 0 0 3.39
517 500 1695 0.03
517 1000 1710 4.77
517 1500 4095 3.81
518 0 0 3.39
518 500 1695 0.03
518 1000 1710 4.77
518 1500 4095 3.81
519 0 0 3.39
519 500 1695 0.03
519 1000 1710 4.77
519 1500 4095 3.81
520 0 0 3.39
520 500 1695 0.03
520 1000 1710 4.77
520 1500 4095 3.81
521 0 0 3.39
521 500 1695 0.03
521 1000 1710 4.77
521 1500 4095 3.81
522 0 0 3.39
522 500 1695 0.03
522 1000 1710 4.77
522 1500 4095 3.81
523 0 0 3.39
523 500 1695 0.03
523 1000 1710 4.77
523 1500 4095 3.81
524 0 0 3.39
524 500 1695 0.03
524 1000 1710 4.77
524 1500 4095 3.81
525 0 0 3.39
525 500 1695 0.03
525 1000 1710 4.77
525 1500 4095 3.81
526 0 0 3.39
526 500 1695 0.03
526 1000 1710 4.77
526 1500 4095 3.81
527 0 0 3.39
527 500 1695 0.03
527 1000 1710 4.77
527 1500 4095 3.81
528 0 0 3.39
528 500 1695 0.03
528 1000 1710 4.77
528 1500 4095 3.81
529 0 0 3.39
529 500 1695 0.03
529 1000 1710 4.77
529 1500 4095 3.81
530 0 0 3.39
530 500 1695 0.03
530 1000 1710 4.77
530 1500 4095 3.81
531 0 0 3.39
531 500 1695 0.03
531 1000 1710 4.77
531 1500 4095 3.81
532 0 0 3.39
532 500 1695 0.03
532 1000 1710 4.77
532 1500 4095 3.81
533 0 0 3.39
533 500 1695 0.03
533 1000 1710 4.77
533 1500 4095 3.81
534 0 0 3.39
534 500 1695 0.03
534 1000 1710 4.77
534 1500 4095 3.81
535 0 0 3.39
535 500 1695 0.03
535 1000 1710 4.77
535 1500 4095 3.81
536 0 0 3.39
536 500 1695 0.03
536 1000 1710 4.77
536 1500 4095 3.81
537 0 0 3.39
537 500 1695 0.03
537 1000 1710 4.77
537 1500 4095 3.81
538 0 0 3.39
538 500 1695 0.03
538 1000 1710 4.77
538 1500 4095 3.81
539 0 0 3.39
539 500 1695 0.03
539 1000 1710 4.77
539 1500 4095 3.81
540 0 0 3.39
540 500 1695 0.03
540 1000 1710 4.77
540 1500 4095 3.81
541 0 0 3.39
541 500 1695 0.03
541 1000 1710 4.77
541 1500 4095 3.81
542 0 0 3.39
542 500 1695 0.03
542 1000 1710 4.77
542 1500 4095 3.81
543 0 0 3.39
543 500 1695 0.03
543 1000 1710 4.77
543 1500 4095 3.81
544 0 0 3.39
544 500 1695 0.03
544 1000 1710 4.77
544 1500 4095 3.81
545 0 0 3.39
545 500 1695 0.03
545 1000 1710 4.77
545 1500 4095 3.81
546 0 0 3.39
546 500 1695 0.03
546 1000 1710 4.77
546 1500 4095 3.81
547 0 0 3.39
547 500 1695 0.03
547 1000 1710 4.77
547 1500 4095 3.81
548 0 0 3.39
548 500 1695 0.03
548 1000 1710 4.77
548 1500 4095 3.81
549 0 0 3.39
549 500 1695 0.03
549 1000 1710 4.77
549 1500 4095 3.81
550 0 0 3.39
550 500 1695 0.03
550 1000 1710 4.77
550 1500 4095 3.81
551 0 0 3.39
551 500 1695 0.03
551 1000 1710 4.77
551 1500 4095 3.81
552 0 0 3.39
552 500 1695 0.03
552 1000 1710 4.77
552 1500 4095 3.81
553 0 0 3.39
553 500 1695 0.03
553 1000 1710 4.77
553 1500 4095 3.81
554 0 0 3.39
554 500 1695 0.03
554 1000 1710 4.77
554 1500 4095 3.81
555 0 0 3.39
555 500 1695 0.03
555 1000 1710 4.77
555 1500 4095 3.81
556 0 0 3.39
556 500 1695 0.03
556 1000 1710 4.77
556 1500 4095 3.81
557 0 0 3.39
557 500 1695 0.03
557 1000 1710 4.77
557 1500 4095 3.81
558 0 0 3.39
558 500 1695 0.03
558 1000 1710 4.77
558 1500 4095 3.81
559 0 0 3.39
559 500 1695 0.03
559 1000 1710 4.77
559 1500 4095 3.81
560 0 0 3.39
560 500 1695 0.03
560 1000 1710 4.77
560 1500 4095 3.81
561 0 0 3.39
561 500 1695 0.03
561 1000 1710 4.77
561 1500 4095 3.81
562 0 0 3.39
562 500 1695 0.03
562 1000 1710 4.77
562 1500 4095 3.81
563 0 0 3.39
563 500 1695 0.03
563 1000 1710 4.77
563 1500 4095 3.81
564 0 0 3.39
564 500 1695 0.03
564 1000 1710 4.77
564 1500 4095 3.81
565 0 0 3.39
565 500 1695 0.03
565 1000 1710 4.77
565 1500 4095 3.81
566 0 0 3.39
566 500 1695 0.03
566 1000 1710 4.77
566 1500 4095 3.81
567 0 0 3.39
567 500 1695 0.03
567 1000 1710 4.77
567 1500 4095 3.81
568 0 0 3.39
568 500 1695 0.03
568 1000 1710 4.77
568 1500 4095 3.81
569 0 0 3.39
569 500 1695 0.03
569 1000 1710 4.77
569 1500 4095 3.81
570 0 0 3.39
570 500 1695 0.03
570 1000 1710 4.77
570 1500 4095 3.81
571 0 0 3.39
571 500 1695 0.03
571 1000 1710 4.77
571 1500 4095 3.81
572 0 0 3.39
572 500 1695 0.03
572 1000 1710 4.77
572 1500 4095 3.81
573 0 0 3.39
573 500 1695 0.03
573 1000 1710 4.77
573 1500 4095 3.81
574 0 0 3.39
574 500 1695 0.03
574 1000 1710 4.77
574 1500 4095 3.81
575 0 0 3.39
575 500 1695 0.03
575 1000 1710 4.77
575 1500 4095 3.81
576 0 0 3.39
576 500 1695 0.03
576 1000 1710 4.77
576 1500 4095 3.81
577 0 0 3.39
577 500 1695 0.03
577 1000 1710 4.77
577 1500 4095 3.81
578 0 0 3.39
578 500 1695 0.03
578 1000 1710 4.77
578 1500 4095 3.81
579 0 0 3.39
579 500 1695 0.03
579 1000 1710 4.77
579 1500 4095 3.81
580 0 0 3.39
580 500 1695 0.03
580 1000 1710 4.77
580 1500 4095 3.81
581 0 0 3.39
581 500 1695 0.03
581 1000 1710 4.77
581 1500 4095 3.81
582 0 0 3.39
582 500 1695 0.03
582 1000 1710 4.77
582 1500 4095 3.81
583 0 0 3.39
583 500 1695 0.03
583 1000 1710 4.77
583 1500 4095 3.81
584 0 0 3.39
584 500 1695 0.03
584 1000 1710 4.77
584 1500 4095 3.81
585 0 0 3.39
585 500 1695 0.03
585 1000 1710 4.77
585 1500 4095 3.81
586 0 0 3.39
586 500 1695 0.03
586 1000 1710 4.77
586 1500 4095 3.81
587 0 0 3.39
587 500 1695 0.03
587 1000 1710 4.77
587 1500 4095 3.81
588 0 0 3.39
588 500 1695 0.03
588 1000 1710 4.77
588 1500 4095 3.81
589 0 0 3.39
589 500 1695 0.03
589 1000 1710 4.77
589 1500 4095 3.81
590 0 0 3.39
590 500 1695 0.03
590 1000 1710 4.77
590 1500 4095 3.81
591 0 0 3.39
591 500 1695 0.03
591 1000 1710 4.77
591 1500 4095 3.81
592 0 0 3.39
592 500 1695 0.03
592 1000 1710 4.77
592 1500 4095 3.81
593 0 0 3.39
593 500 1695 0.03
593 1000 1710 4.77
593 1500 4095 3.81
594 0 0 3.39
594 500 1695 0.03
594 1000 1710 4.77
594 1500 4095 3.81
595 0 0 3.39
595 500 1695 0.03
595 1000 1710 4.77
595 1500 4095 3.81
596 0 0 3.39
596 500 1695 0.03
596 1000 1710 4.77
596 1500 4095 3.81
597 0 0 3.39
597 500 1695 0.03
597 1000 1710 4.77
597 1500 4095 3.81
598 0 0 3.39
598 500 1695 0.03
598 1000 1710 4.77
598 1500 4095 3.81
599 0 0 3.39
599 500 1695 0.03
599 1000 1710 4.77
599 1500 4095 3.81
600 0 0 3.39
600 500 1695 0.03
600 1000 1710 4.77
600 1500 4095 3.81
601 0 0 3.39
601 500 1695 0.03
601 1000 1710 4.77
601 1500 4095 3.81
602 0 0 3.39
602 500 1695 0.03
602 1000 1710 4.77
602 1500 4095 3.81
603 0 0 3.39
603 500 1695 0.03
603 1000 1710 4.77
603 1500 4095 3.81
604 0 0 3.39
604 500 1695 0.03
604 1000 1710 4.77
604 1500 4095 3.81
605 0 0 3.39
605 500 1695 0.03
605 1000 1710 4.77
605 1500 4095 3.81
606 0 0 3.39
606 500 1695 0.03
606 1000 1710 4.77
606 1500 4095 3.81
607 0 0 3.39
607 500 1695 0.03
607 1000 1710 4.77
607 1500 4095 3.81
608 0 0 3.39
608 500 1695 0.03
608 1000 1710 4.77
608 1500 4095 3.81
609 0 0 3.39
609 500 1695 0.03
609 1000 1710 4.77
609 1500 4095 3.81
610 0 0 3.39
610 500 1695 0.03
610 1000 1710 4.77
610 1500 4095 3.81
611 0 0 3.39
611 500 1695 0.03
611 1000 1710 4.77
611 1500 4095 3.81
612 0 0 3.39
612 500 1695 0.03
612 1000 1710 4.77
612 1500 4095 3.81
613 0 0 3.39
613 500 1695 0.03
613 1000 1710 4.77
613 1500 4095 3.81
614 0 0 3.39
614 500 1695 0.03
614 1000 1710 4.77
614 1500 4095 3.81
615 0 0 3.39
615 500 1695 0.03
615 1000 1710 4.77
615 1500 4095 3.81
616 0 0 3.39
616 500 1695 0.03
616 1000 1710 4.77
616 1500 4095 3.81
617 0 0 3.39
617 500 1695 0.03
617 1000 1710 4.77
617 1500 4095 3.81
618 0 0 3.39
618 500 1695 0.03
618 1000 1710 4.77
618 1500 4095 3.81
619 0 0 3.39
619 500 1695 0.03
619 1000 1710 4.77
619 1500 4095 3.81
620 0 0 3.39
620 500 1695 0.03
620 1000 1710 4.77
620 1500 4095 3.81
621 0 0 3.39
621 500 1695 0.03
621 1000 1710 4.77
621 1500 4095 3.81
622 0 0 3.39
622 500 1695 0.03
622 1000 1710 4.77
622 1500 4095 3.81
623 0 0 3.39
623 500 1695 0.03
623 1000 1710 4.77
623 1500 4095 3.81
624 0 0 3.39
624 500 1695 0.03
624 1000 1710 4.77
624 1500 4095 3.81
625 0 0 3.39
625 500 1695 0.03
625 1000 1710 4.77
625 1500 4095 3.81
626 0 0 3.39
626 500 1695 0.03
626 1000 1710 4.77
626 1500 4095 3.81
627 0 0 3.39
627 500 1695 0.03
627 1000 1710 4.77
627 1500 4095 3.81
628 0 0 3.39
628 500 1695 0.03
628 1000 1710 4.77
628 1500 4095 3.81
629 0 0 3.39
629 500 1695 0.03
629 1000 1710 4.77
629 1500 4095 3.81
630 0 0 3.39
630 500 1695 0.03
630 1000 1710 4.77
630 1500 4095 3.81
631 0 0 3.39
631 500 1695 0.03
631 1000 1710 4.77
631 1500 4095 3.81
632 0 0 3.39
632 500 1695 0.03
632 1000 1710 4.77
632 1500 4095 3.81
633 0 0 3.39
633 500 1695 0.03
633 1000 1710 4.77
633 1500 4095 3.81
634 0 0 3.39
634 500 1695 0.03
634 1000 1710 4.77
634 1500 4095 3.81
635 0 0 3.39
635 500 1695 0.03
635 1000 1710 4.77
635 1500 4095 3.81
636 0 0 3.39
636 500 1695 0.03
636 1000 1710 4.77
636 1500 4095 3.81
637 0 0 3.39
637 500 1695 0.03
637 1000 1710 4.77
637 1500 4095 3.81
638 0 0 3.39
638 500 1695 0.03
638 1000 1710 4.77
638 1500 4095 3.81
639 0 0 3.39
639 500 1695 0.03
639 1000 1710 4.77
639 1500 4095 3.81
640 0 0 3.39
640 500 1695 0.03
640 1000 1710 4.77
640 1500 4095 3.81
641 0 0 3.39
641 500 1695 0.03
641 1000 1710 4.77
641 1500 4095 3.81
642 0 0 3.39
642 500 1695 0.03
642 1000 1710 4.77
642 1500 4095 3.81
643 0 0 3.39
643 500 1695 0.03
643 1000 1710 4.77
643 1500 4095 3.81
644 0 0 3.39
644 500 1695 0.03
644 1000 1710 4.77
644 1500 4095 3.81
645 0 0 3.39
645 500 1695 0.03
645 1000 1710 4.77
645 1500 4095 3.81
646 0 0 3.39
646 500 1695 0.03
646 1000 1710 4.77
646 1500 4095 3.81
647 0 0 3.39
647 500 1695 0.03
647 1000 1710 4.77
647 1500 4095 3.81
648 0 0 3.39
648 500 1695 0.03
648 1000 1710 4.77
648 1500 4095 3.81
649 0 0 3.39
649 500 1695 0.03
649 1000 1710 4.77
649 1500 4095 3.81
650 0 0 3.39
650 500 1695 0.03
650 1000 1710 4.77
650 1500 4095 3.81
651 0 0 3.39
651 500 1695 0.03
651 1000 1710 4.77
651 1500 4095 3.81
652 0 0 3.39
652 500 1695 0.03
652 1000 1710 4.77
652 1500 4095 3.81
653 0 0 3.39
653 500 1695 0.03
653 1000 1710 4.77
653 1500 4095 3.81
654 0 0 3.39
654 500 1695 0.03
654 1000 1710 4.77
654 1500 4095 3.81
655 0 0 3.39
655 500 1695 0.03
655 1000 1710 4.77
655 1500 4095 3.81
656 0 0 3.39
656 500 1695 0.03
656 1000 1710 4.77
656 1500 4095 3.81
657 0 0 3.39
657 500 1695 0.03
657 1000 1710 4.77
657 1500 4095 3.81
658 0 0 3.39
658 500 1695 0.03
658 1000 1710 4.77
658 1500 4095 3.81
659 0 0 3.39
659 500 1695 0.03
659 1000 1710 4.77
659 1500 4095 3.81
660 0 0 3.39
660 500 1695 0.03
660 1000 1710 4.77
660 1500 4095 3.81
661 0 0 3.39
661 500 1695 0.03
661 1000 1710 4.77
661 1500 4095 3.81
662 0 0 3.39
662 500 1695 0.03
662 1000 1710 4.77
662 1500 4095 3.81
663 0 0 3.39
663 500 1695 0.03
663 1000 1710 4.77
663 1500 4095 3.81
664 0 0 3.39
664 500 1695 0.03
664 1000 1710 4.77
664 1500 4095 3.81
665 0 0 3.39
665 500 1695 0.03
665 1000 1710 4.77
665 1500 4095 3.81
666 0 0 3.39
666 500 1695 0.03
666 1000 1710 4.77
666 1500 4095 3.81
667 0 0 3.39
667 500 1695 0.03
667 1000 1710 4.77
667 1500 4095 3.81
668 0 0 3.39
668 500 1695 0.03
668 1000 1710 4.77
668 1500 4095 3.81
669 0 0 3.39
669 500 1695 0.03
669 1000 1710 4.77
669 1500 4095 3.81
670 0 0 3.39
670 500 1695 0.03
670 1000 1710 4.77
670 1500 4095 3.81
671 0 0 3.39
671 500 1695 0.03
671 1000 1710 4.77
671 1500 4095 3.81
672 0 0 3.39
672 500 1695 0.03
672 1000 1710 4.77
672 1500 4095 3.81
673 0 0 3.39
673 500 1695 0.03
673 1000 1710 4.77
673 1500 4095 3.81
674 0 0 3.39
674 500 1695 0.03
674 1000 1710 4.77
674 1500 4095 3.81
675 0 0 3.39
675 500 1695 0.03
675 1000 1710 4.77
675 1500 4095 3.81
676 0 0 3.39
676 500 1695 0.03
676 1000 1710 4.77
676 1500 4095 3.81
677 0 0 3.39
677 500 1695 0.03
677 1000 1710 4.77
677 1500 4095 3.81
678 0 0 3.39
678 500 1695 0.03
678 1000 1710 4.77
678 1500 4095 3.81
679 0 0 3.39
679 500 1695 0.03
679 1000 1710 4.77
679 1500 4095 3.81
680 0 0 3.39
680 500 1695 0.03
680 1000 1710 4.77
680 1500 4095 3.81
681 0 0 3.39
681 500 1695 0.03
681 1000 1710 4.77
681 1500 4095 3.81
682 0 0 3.39
682 500 1695 0.03
682 1000 1710 4.77
682 1500 4095 3.81
683 0 0 3.39
683 500 1695 0.03
683 1000 1710 4.77
683 1500 4095 3.81
684 0 0 3.39
684 500 1695 0.03
684 1000 1710 4.77
684 1500 4095 3.81
685 0 0 3.39
685 500 1695 0.03
685 1000 1710 4.77
685 1500 4095 3.81
686 0 0 3.39
686 500 1695 0.03
686 1000 1710 4.77
686 1500 4095 3.81
687 0 0 3.39
687 500 1695 0.03
687 1000 1710 4.77
687 1500 4095 3.81
688 0 0 3.39
688 500 1695 0.03
688 1000 1710 4.77
688 1500 4095 3.81
689 0 0 3.39
689 500 1695 0.03
689 1000 1710 4.77
689 1500 4095 3.81
690 0 0 3.39
690 500 1695 0.03
690 1000 1710 4.77
690 1500 4095 3.81
691 0 0 3.39
691 500 1695 0.03
691 1000 1710 4.77
691 1500 4095 3.81
692 0 0 3.39
692 500 1695 0.03
692 1000 1710 4.77
692 1500 4095 3.81
693 0 0 3.39
693 500 1695 0.03
693 1000 1710 4.77
693 1500 4095 3.81
694 0 0 3.39
694 500 1695 0.03
694 1000 1710 4.77
694 1500 4095 3.81
695 0 0 3.39
695 500 1695 0.03
695 1000 1710 4.77
695 1500 4095 3.81
696 0 0 3.39
696 500 1695 0.03
696 1000 1710 4.77
696 1500 4095 3.81
697 0 0 3.39
697 500 1695 0.03
697 1000 1710 4.77
697 1500 4095 3.81
698 0 0 3.39
698 500 1695 0.03
698 1000 1710 4.77
698 1500 4095 3.81
699 0 0 3.39
699 500 1695 0.03
699 1000 1710 4.77
699 1500 4095 3.81
700 0 0 3.39
700 500 1695 0.03
700 1000 1710 4.77
700 1500 4095 3.81
701 0 0 3.39
701 500 1695 0.03
701 1000 1710 4.77
701 1500 4095 3.81
702 0 0 3.39
702 500 1695 0.03
702 1000 1710 4.77
702 1500 4095 3.81
703 0 0 3.39
703 500 1695 0.03
703 1000 1710 4.77
703 1500 4095 3.81
704 0 0 3.39
704 500 1695 0.03
704 1000 1710 4.77
704 1500 4095 3.81
705 0 0 3.39
705 500 1695 0.03
705 1000 1710 4.77
705 1500 4095 3.81
706 0 0 3.39
706 500 1695 0.03
706 1000 1710 4.77
706 1500 4095 3.81
707 0 0 3.39
707 500 1695 0.03
707 1000 1710 4.77
707 1500 4095 3.81
708 0 0 3.39
708 500 1695 0.03
708 1000 1710 4.77
708 1500 4095 3.81
709 0 0 3.39
709 500 1695 0.03
709 1000 1710 4.77
709 1500 4095 3.81
710 0 0 3.39
710 500 1695 0.03
710 1000 1710 4.77
710 1500 4095 3.81
711 0 0 3.39
711 500 1695 0.03
711 1000 1710 4.77
711 1500 4095 3.81
712 0 0 3.39
712 500 1695 0.03
712 1000 1710 4.77
712 1500 4095 3.81
713 0 0 3.39
713 500 1695 0.03
713 1000 1710 4.77
713 1500 4095 3.81
714 0 0 3.39
714 500 1695 0.03
714 1000 1710 4.77
714 1500 4095 3.81
715 0 0 3.39
715 500 1695 0.03
715 1000 1710 4.77
715 1500 4095 3.81
716 0 0 3.39
716 500 1695 0.03
716 1000 1710 4.77
716 1500 4095 3.81
717 0 0 3.39
717 500 1695 0.03
717 1000 1710 4.77
717 1500 4095 3.81
718 0 0 3.39
718 500 1695 0.03
718 1000 1710 4.77
718 1500 4095 3.81
719 0 0 3.39
719 500 1695 0.03
719 1000 1710 4.77
719 1500 4095 3.81
720 0 0 3.39
720 500 1695 0.03
720 1000 1710 4.77
720 1500 4095 3.81
721 0 0 3.39
721 500 1695 0.03
721 1000 1710 4.77
721 1500 4095 3.81
722 0 0 3.39
722 500 1695 0.03
722 1000 1710 4.77
722 1500 4095 3.81
723 0 0 3.39
723 500 1695 0.03
723 1000 1710 4.77
723 1500 4095 3.81
724 0 0 3.39
724 500 1695 0.03
724 1000 1710 4.77
724 1500 4095 3.81
725 0 0 3.39
725 500 1695 0.03
725 1000 1710 4.77
725 1500 4095 3.81
726 0 0 3.39
726 500 1695 0.03
726 1000 1710 4.77
726 1500 4095 3.81
727 0 0 3.39
727 500 1695 0.03
727 1000 1710 4.77
727 1500 4095 3.81
728 0 0 3.39
728 500 1695 0.03
728 1000 1710 4.77
728 1500 4095 3.81
729 0 0 3.39
729 500 1695 0.03
729 1000 1710 4.77
729 1500 4095 3.81
730 0 0 3.39
730 500 1695 0.03
730 1000 1710 4.77
730 1500 4095 3.81
731 0 0 3.39
731 500 1695 0.03
731 1000 1710 4.77
731 1500 4095 3.81
732 0 0 3.39
732 500 1695 0.03
732 1000 1710 4.77
732 1500 4095 3.81
733 0 0 3.39
733 500 1695 0.03
733 1000 1710 4.77
733 1500 4095 3.81
734 0 0 3.39
734 500 1695 0.03
734 1000 1710 4.77
734 1500 4095 3.81
735 0 0 3.39
735 500 1695 0.03
735 1000 1710 4.77
735 1500 4095 3.81
736 0 0 3.39
736 500 1695 0.03
736 1000 1710 4.77
736 1500 4095 3.81
737 0 0 3.39
737 500 1695 0.03
737 1000 1710 4.77
737 1500 4095 3.81
738 0 0 3.39
738 500 1695 0.03
738 1000 1710 4.77
738 1500 4095 3.81
739 0 0 3.39
739 500 1695 0.03
739 1000 1710 4.77
739 1500 4095 3.81
740 0 0 3.39
740 500 1695 0.03
740 1000 1710 4.77
740 1500 4095 3.81
741 0 0 3.39
741 500 1695 0.03
741 1000 1710 4.77
741 1500 4095 3.81
742 0 0 3.39
742 500 1695 0.03
742 1000 1710 4.77
742 1500 4095 3.81
743 0 0 3.39
743 500 1695 0.03
743 1000 1710 4.77
743 1500 4095 3.81
744 0 0 3.39
744 500 1695 0.03
744 1000 1710 4.77
744 1500 4095 3.81
745 0 0 3.39
745 500 1695 0.03
745 1000 1710 4.77
745 1500 4095 3.81
746 0 0 3.39
746 500 1695 0.03
746 1000 1710 4.77
746 1500 4095 3.81
747 0 0 3.39
747 500 1695 0.03
747 1000 1710 4.77
747 1500 4095 3.81
748 0 0 3.39
748 500 1695 0.03
748 1000 1710 4.77
748 1500 4095 3.81
749 0 0 3.39
749 500 1695 0.03
749 1000 1710 4.77
749 1500 4095 3.81
750 0 0 3.39
750 500 1695 0.03
750 1000 1710 4.77
750 1500 4095 3.81
751 0 0 3.39
751 500 1695 0.03
751 1000 1710 4.77
751 1500 4095 3.81
752 0 0 3.39
752 500 1695 0.03
752 1000 1710 4.77
752 1500 4095 3.81
753 0 0 3.39
753 500 1695 0.03
753 1000 1710 4.77
753 1500 4095 3.81
754 0 0 3.39
754 500 1695 0.03
754 1000 1710 4.77
754 1500 4095 3.81
755 0 0 3.39
755 500 1695 0.03
755 1000 1710 4.77
755 1500 4095 3.81
756 0 0 3.39
756 500 1695 0.03
756 1000 1710 4.77
756 1500 4095 3.81
757 0 0 3.39
757 500 1695 0.03
757 1000 1710 4.77
757 1500 4095 3.81
758 0 0 3.39
758 500 1695 0.03
758 1000 1710 4.77
758 1500 4095 3.81
759 0 0 3.39
759 500 1695 0.03
759 1000 1710 4.77
759 1500 4095 3.81
760 0 0 3.39
760 500 1695 0.03
760 1000 1710 4.77
760 1500 4095 3.81
761 0 0 3.39
761 500 1695 0.03
761 1000 1710 4.77
761 1500 4095 3.81
762 0 0 3.39
762 500 1695 0.03
762 1000 1710 4.77
762 1500 4095 3.81
763 0 0 3.39
763 500 1695 0.03
763 1000 1710 4.77
763 1500 4095 3.81
764 0 0 3.39
764 500 1695 0.03
764 1000 1710 4.77
764 1500 4095 3.81
765 0 0 3.39
765 500 1695 0.03
765 1000 1710 4.77
765 1500 4095 3.81
766 0 0 3.39
766 500 1695 0.03
766 1000 1710 4.77
766 1500 4095 3.81
767 0 0 3.39
767 500 1695 0.03
767 1000 1710 4.77
767 1500 4095 3.81
768 0 0 3.39
768 500 1695 0.03
768 1000 1710 4.77
768 1500 4095 3.81
769 0 0 3.39
769 500 1695 0.03
769 1000 1710 4.77
769 1500 4095 3.81
770 0 0 3.39
770 500 1695 0.03
770 1000 1710 4.77
770 1500 4095 3.81
771 0 0 3.39
771 500 1695 0.03
771 1000 1710 4.77
771 1500 4095 3.81
772 0 0 3.39
772 500 1695 0.03
772 1000 1710 4.77
772 1500 4095 3.81
773 0 0 3.39
773 500 1695 0.03
773 1000 1710 4.77
773 1500 4095 3.81
774 0 0 3.39
774 500 1695 0.03
774 1000 1710 4.77
774 1500 4095 3.81
775 0 0 3.39
775 500 1695 0.03
775 1000 1710 4.77
775 1500 4095 3.81
776 0 0 3.39
776 500 1695 0.03
776 1000 1710 4.77
776 1500 4095 3.81
777 0 0 3.39
777 500 1695 0.03
777 1000 1710 4.77
777 1500 4095 3.81
778 0 0 3.39
778 500 1695 0.03
778 1000 1710 4.77
778 1500 4095 3.81
779 0 0 3.39
779 500 1695 0.03
779 1000 1710 4.77
779 1500 4095 3.81
780 0 0 3.39
780 500 1695 0.03
780 1000 1710 4.77
780 1500 4095 3.81
781 0 0 3.39
781 500 1695 0.03
781 1000 1710 4.77
781 1500 4095 3.81
782 0 0 3.39
782 500 1695 0.03
782 1000 1710 4.77
782 1500 4095 3.81
783 0 0 3.39
783 500 1695 0.03
783 1000 1710 4.77
783 1500 4095 3.81
784 0 0 3.39
784 500 1695 0.03
784 1000 1710 4.77
784 1500 4095 3.81
785 0 0 3.39
785 500 1695 0.03
785 1000 1710 4.77
785 1500 4095 3.81
786 0 0 3.39
786 500 1695 0.03
786 1000 1710 4.77
786 1500 4095 3.81
787 0 0 3.39
787 500 1695 0.03
787 1000 1710 4.77
787 1500 4095 3.81
788 0 0 3.39
788 500 1695 0.03
788 1000 1710 4.77
788 1500 4095 3.81
789 0 0 3.39
789 500 1695 0.03
789 1000 1710 4.77
789 1500 4095 3.81
790 0 0 3.39
790 500 1695 0.03
790 1000 1710 4.77
790 1500 4095 3.81
791 0 0 3.39
791 500 1695 0.03
791 1000 1710 4.77
791 1500 4095 3.81
792 0 0 3.39
792 500 1695 0.03
792 1000 1710 4.77
792 1500 4095 3.81
793 0 0 3.39
793 500 1695 0.03
793 1000 1710 4.77
793 1500 4095 3.81
794 0 0 3.39
794 500 1695 0.03
794 1000 1710 4.77
794 1500 4095 3.81
795 0 0 3.39
795 500 1695 0.03
795 1000 1710 4.77
795 1500 4095 3.81
796 0 0 3.39
796 500 1695 0.03
796 1000 1710 4.77
796 1500 4095 3.81
797 0 0 3.39
797 500 1695 0.03
797 1000 1710 4.77
797 1500 4095 3.81
798 0 0 3.39
798 500 1695 0.03
798 1000 1710 4.77
798 1500 4095 3.81
799 0 0 3.39
799 500 1695 0.03
799 1000 1710 4.77
799 1500 4095 3.81
800 0 0 3.39
800 500 1695 0.03
800 1000 1710 4.77
800 1500 4095 3.81
801 0 0 3.39
801 500 1695 0.03
801 1000 1710 4.77
801 1500 4095 3.81
802 0 0 3.39
802 500 1695 0.03
802 1000 1710 4.77
802 1500 4095 3.81
803 0 0 3.39
803 500 1695 0.03
803 1000 1710 4.77
803 1500 4095 3.81
804 0 0 3.39
804 500 1695 0.03
804 1000 1710 4.77
804 1500 4095 3.81
805 0 0 3.39
805 500 1695 0.03
805 1000 1710 4.77
805 1500 4095 3.81
806 0 0 3.39
806 500 1695 0.03
806 1000 1710 4.77
806 1500 4095 3.81
807 0 0 3.39
807 500 1695 0.03
807 1000 1710 4.77
807 1500 4095 3.81
808 0 0 3.39
808 500 1695 0.03
808 1000 1710 4.77
808 1500 4095 3.81
809 0 0 3.39
809 500 1695 0.03
809 1000 1710 4.77
809 1500 4095 3.81
810 0 0 3.39
810 500 1695 0.03
810 1000 1710 4.77
810 1500 4095 3.81
811 0 0 3.39
811 500 1695 0.03
811 1000 1710 4.77
811 1500 4095 3.81
812 0 0 3.39
812 500 1695 0.03
812 1000 1710 4.77
812 1500 4095 3.81
813 0 0 3.39
813 500 1695 0.03
813 1000 1710 4.77
813 1500 4095 3.81
814 0 0 3.39
814 500 1695 0.03
814 1000 1710 4.77
814 1500 4095 3.81
815 0 0 3.39
815 500 1695 0.03
815 1000 1710 4.77
815 1500 4095 3.81
816 0 0 3.39
816 500 1695 0.03
816 1000 1710 4.77
816 1500 4095 3.81
817 0 0 3.39
817 500 1695 0.03
817 1000 1710 4.77
817 1500 4095 3.81
818 0 0 3.39
818 500 1695 0.03
818 1000 1710 4.77
818 1500 4095 3.81
819 0 0 3.39
819 500 1695 0.03
819 1000 1710 4.77
819 1500 4095 3.81
820 0 0 3.39
820 500 1695 0.03
820 1000 1710 4.77
820 1500 4095 3.81
821 0 0 3.39
821 500 1695 0.03
821 1000 1710 4.77
821 1500 4095 3.81
822 0 0 3.39
822 500 1695 0.03
822 1000 1710 4.77
822 1500 4095 3.81
823 0 0 3.39
823 500 1695 0.03
823 1000 1710 4.77
823 1500 4095 3.81
824 0 0 3.39
824 500 1695 0.03
824 1000 1710 4.77
824 1500 4095 3.81
825 0 0 3.39
825 500 1695 0.03
825 1000 1710 4.77
825 1500 4095 3.81
826 0 0 3.39
826 500 1695 0.03
826 1000 1710 4.77
826 1500 4095 3.81
827 0 0 3.39
827 500 1695 0.03
827 1000 1710 4.77
827 1500 4095 3.81
828 0 0 3.39
828 500 1695 0.03
828 1000 1710 4.77
828 1500 4095 3.81
829 0 0 3.39
829 500 1695 0.03
829 1000 1710 4.77
829 1500 4095 3.81
830 0 0 3.39
830 500 1695 0.03
830 1000 1710 4.77
830 1500 4095 3.81
831 0 0 3.39
831 500 1695 0.03
831 1000 1710 4.77
831 1500 4095 3.81
832 0 0 3.39
832 500 1695 0.03
832 1000 1710 4.77
832 1500 4095 3.81
833 0 0 3.39
833 500 1695 0.03
833 1000 1710 4.77
833 1500 4095 3.81
834 0 0 3.39
834 500 1695 0.03
834 1000 1710 4.77
834 1500 4095 3.81
835 0 0 3.39
835 500 1695 0.03
835 1000 1710 4.77
835 1500 4095 3.81
836 0 0 3.39
836 500 1695 0.03
836 1000 1710 4.77
836 1500 4095 3.81
837 0 0 3.39
837 500 1695 0.03
837 1000 1710 4.77
837 1500 4095 3.81
838 0 0 3.39
838 500 1695 0.03
838 1000 1710 4.77
838 1500 4095 3.81
839 0 0 3.39
839 500 1695 0.03
839 1000 1710 4.77
839 1500 4095 3.81
840 0 0 3.39
840 500 1695 0.03
840 1000 1710 4.77
840 1500 4095 3.81
841 0 0 3.39
841 500 1695 0.03
841 1000 1710 4.77
841 1500 4095 3.81
842 0 0 3.39
842 500 1695 0.03
842 1000 1710 4.77
842 1500 4095 3.81
843 0 0 3.39
843 500 1695 0.03
843 1000 1710 4.77
843 1500 4095 3.81
844 0 0 3.39
844 500 1695 0.03
844 1000 1710 4.77
844 1500 4095 3.81
845 0 0 3.39
845 500 1695 0.03
845 1000 1710 4.77
845 1500 4095 3.81
846 0 0 3.39
846 500 1695 0.03
846 1000 1710 4.77
846 1500 4095 3.81
847 0 0 3.39
847 500 1695 0.03
847 1000 1710 4.77
847 1500 4095 3.81
848 0 0 3.39
848 500 1695 0.03
848 1000 1710 4.77
848 1500 4095 3.81
849 0 0 3.39
849 500 1695 0.03
849 1000 1710 4.77
849 1500 4095 3.81
850 0 0 3.39
850 500 1695 0.03
850 1000 1710 4.77
850 1500 4095 3.81
851 0 0 3.39
851 500 1695 0.03
851 1000 1710 4.77
851 1500 4095 3.81
852 0 0 3.39
852 500 1695 0.03
852 1000 1710 4.77
852 1500 4095 3.81
853 0 0 3.39
853 500 1695 0.03
853 1000 1710 4.77
853 1500 4095 3.81
854 0 0 3.39
854 500 1695 0.03
854 1000 1710 4.77
854 1500 4095 3.81
855 0 0 3.39
855 500 1695 0.03
855 1000 1710 4.77
855 1500 4095 3.81
856 0 0 3.39
856 500 1695 0.03
856 1000 1710 4.77
856 1500 4095 3.81
857 0 0 3.39
857 500 1695 0.03
857 1000 1710 4.77
857 1500 4095 3.81
858 0 0 3.39
858 500 1695 0.03
858 1000 1710 4.77
858 1500 4095 3.81
859 0 0 3.39
859 500 1695 0.03
859 1000 1710 4.77
859 1500 4095 3.81
860 0 0 3.39
860 500 1695 0.03
860 1000 1710 4.77
860 1500 4095 3.81
861 0 0 3.39
861 500 1695 0.03
861 1000 1710 4.77
861 1500 4095 3.81
862 0 0 3.39
862 500 1695 0.03
862 1000 1710 4.77
862 1500 4095 3.81
863 0 0 3.39
863 500 1695 0.03
863 1000 1710 4.77
863 1500 4095 3.81
864 0 0 3.39
864 500 1695 0.03
864 1000 1710 4.77
864 1500 4095 3.81
865 0 0 3.39
865 500 1695 0.03
865 1000 1710 4.77
865 1500 4095 3.81
866 0 0 3.39
866 500 1695 0.03
866 1000 1710 4.77
866 1500 4095 3.81
867 0 0 3.39
867 500 1695 0.03
867 1000 1710 4.77
867 1500 4095 3.81
868 0 0 3.39
868 500 1695 0.03
868 1000 1710 4.77
868 1500 4095 3.81
869 0 0 3.39
869 500 1695 0.03
869 1000 1710 4.77
869 1500 4095 3.81
870 0 0 3.39
870 500 1695 0.03
870 1000 1710 4.77
870 1500 4095 3.81
871 0 0 3.39
871 500 1695 0.03
871 1000 1710 4.77
871 1500 4095 3.81
872 0 0 3.39
872 500 1695 0.03
872 1000 1710 4.77
872 1500 4095 3.81
873 0 0 3.39
873 500 1695 0.03
873 1000 1710 4.77
873 1500 4095 3.81
874 0 0 3.39
874 500 1695 0.03
874 1000 1710 4.77
874 1500 4095 3.81
875 0 0 3.39
875 500 1695 0.03
875 1000 1710 4.77
875 1500 4095 3.81
876 0 0 3.39
876 500 1695 0.03
876 1000 1710 4.77
876 1500 4095 3.81
877 0 0 3.39
877 500 1695 0.03
877 1000 1710 4.77
877 1500 4095 3.81
878 0 0 3.39
878 500 1695 0.03
878 1000 1710 4.77
878 1500 4095 3.81
879 0 0 3.39
879 500 1695 0.03
879 1000 1710 4.77
879 1500 4095 3.81
880 0 0 3.39
880 500 1695 0.03
880 1000 1710 4.77
880 1500 4095 3.81
881 0 0 3.39
881 500 1695 0.03
881 1000 1710 4.77
881 1500 4095 3.81
882 0 0 3.39
882 500 1695 0.03
882 1000 1710 4.77
882 1500 4095 3.81
883 0 0 3.39
883 500 1695 0.03
883 1000 1710 4.77
883 1500 4095 3.81
884 0 0 3.39
884 500 1695 0.03
884 1000 1710 4.77
884 1500 4095 3.81
885 0 0 3.39
885 500 1695 0.03
885 1000 1710 4.77
885 1500 4095 3.81
886 0 0 3.39
886 500 1695 0.03
886 1000 1710 4.77
886 1500 4095 3.81
887 0 0 3.39
887 500 1695 0.03
887 1000 1710 4.77
887 1500 4095 3.81
888 0 0 3.39
888 500 1695 0.03
888 1000 1710 4.77
888 1500 4095 3.81
889 0 0 3.39
889 500 1695 0.03
889 1000 1710 4.77
889 1500 4095 3.81
890 0 0 3.39
890 500 1695 0.03
890 1000 1710 4.77
890 1500 4095 3.81
891 0 0 3.39
891 500 1695 0.03
891 1000 1710 4.77
891 1500 4095 3.81
892 0 0 3.39
892 500 1695 0.03
892 1000 1710 4.77
892 1500 4095 3.81
893 0 0 3.39
893 500 1695 0.03
893 1000 1710 4.77
893 1500 4095 3.81
894 0 0 3.39
894 500 1695 0.03
894 1000 1710 4.77
894 1500 4095 3.81
895 0 0 3.39
895 500 1695 0.03
895 1000 1710 4.77
895 1500 4095 3.81
896 0 0 3.39
896 500 1695 0.03
896 1000 1710 4.77
896 1500 4095 3.81
897 0 0 3.39
897 500 1695 0.03
897 1000 1710 4.77
897 1500 4095 3.81
898 0 0 3.39
898 500 1695 0.03
898 1000 1710 4.77
898 1500 4095 3.81
899 0 0 3.39
899 500 1695 0.03
899 1000 1710 4.77
899 1500 4095 3.81
900 0 0 3.39
900 500 1695 0.03
900 1000 1710 4.77
900 1500 4095 3.81
901 0 0 3.39
901 500 1695 0.03
901 1000 1710 4.77
901 1500 4095 3.81
902 0 0 3.39
902 500 1695 0.03
902 1000 1710 4.77
902 1500 4095 3.81
903 0 0 3.39
903 500 1695 0.03
903 1000 1710 4.77
903 1500 4095 3.81
904 0 0 3.39
904 500 1695 0.03
904 1000 1710 4.77
904 1500 4095 3.81
905 0 0 3.39
905 500 1695 0.03
905 1000 1710 4.77
905 1500 4095 3.81
906 0 0 3.39
906 500 1695 0.03
906 1000 1710 4.77
906 1500 4095 3.81
907 0 0 3.39
907 500 1695 0.03
907 1000 1710 4.77
907 1500 4095 3.81
908 0 0 3.39
908 500 1695 0.03
908 1000 1710 4.77
908 1500 4095 3.81
909 0 0 3.39
909 500 1695 0.03
909 1000 1710 4.77
909 1500 4095 3.81
910 0 0 3.39
910 500 1695 0.03
910 1000 1710 4.77
910 1500 4095 3.81
911 0 0 3.39
911 500 1695 0.03
911 1000 1710 4.77
911 1500 4095 3.81
912 0 0 3.39
912 500 1695 0.03
912 1000 1710 4.77
912 1500 4095 3.81
913 0 0 3.39
913 500 1695 0.03
913 1000 1710 4.77
913 1500 4095 3.81
914 0 0 3.39
914 500 1695 0.03
914 1000 1710 4.77
914 1500 4095 3.81
915 0 0 3.39
915 500 1695 0.03
915 1000 1710 4.77
915 1500 4095 3.81
916 0 0 3.39
916 500 1695 0.03
916 1000 1710 4.77
916 1500 4095 3.81
917 0 0 3.39
917 500 1695 0.03
917 1000 1710 4.77
917 1500 4095 3.81
918 0 0 3.39
918 500 1695 0.03
918 1000 1710 4.77
918 1500 4095 3.81
919 0 0 3.39
919 500 1695 0.03
919 1000 1710 4.77
919 1500 4095 3.81
920 0 0 3.39
920 500 1695 0.03
920 1000 1710 4.77
920 1500 4095 3.81
921 0 0 3.39
921 500 1695 0.03
921 1000 1710 4.77
921 1500 4095 3.81
922 0 0 3.39
922 500 1695 0.03
922 1000 1710 4.77
922 1500 4095 3.81
923 0 0 3.39
923 500 1695 0.03
923 1000 1710 4.77
923 1500 4095 3.81
924 0 0 3.39
924 500 1695 0.03
924 1000 1710 4.77
924 1500 4095 3.81
925 0 0 3.39
925 500 1695 0.03
925 1000 1710 4.77
925 1500 4095 3.81
926 0 0 3.39
926 500 1695 0.03
926 1000 1710 4.77
926 1500 4095 3.81
927 0 0 3.39
927 500 1695 0.03
927 1000 1710 4.77
927 1500 4095 3.81
928 0 0 3.39
928 500 1695 0.03
928 1000 1710 4.77
928 1500 4095 3.81
929 0 0 3.39
929 500 1695 0.03
929 1000 1710 4.77
929 1500 4095 3.81
930 0 0 3.39
930 500 1695 0.03
930 1000 1710 4.77
930 1500 4095 3.81
931 0 0 3.39
931 500 1695 0.03
931 1000 1710 4.77
931 1500 4095 3.81
932 0 0 3.39
932 500 1695 0.03
932 1000 1710 4.77
932 1500 4095 3.81
933 0 0 3.39
933 500 1695 0.03
933 1000 1710 4.77
933 1500 4095 3.81
934 0 0 3.39
934 500 1695 0.03
934 1000 1710 4.77
934 1500 4095 3.81
935 0 0 3.39
935 500 1695 0.03
935 1000 1710 4.77
935 1500 4095 3.81
936 0 0 3.39
936 500 1695 0.03
936 1000 1710 4.77
936 1500 4095 3.81
937 0 0 3.39
937 500 1695 0.03
937 1000 1710 4.77
937 1500 4095 3.81
938 0 0 3.39
938 500 1695 0.03
938 1000 1710 4.77
938 1500 4095 3.81
939 0 0 3.39
939 500 1695 0.03
939 1000 1710 4.77
939 1500 4095 3.81
940 0 0 3.39
940 500 1695 0.03
940 1000 1710 4.77
940 1500 4095 3.81
941 0 0 3.39
941 500 1695 0.03
941 1000 1710 4.77
941 1500 4095 3.81
942 0 0 3.39
942 500 1695 0.03
942 1000 1710 4.77
942 1500 4095 3.81
943 0 0 3.39
943 500 1695 0.03
943 1000 1710 4.77
943 1500 4095 3.81
944 0 0 3.39
944 500 1695 0.03
944 1000 1710 4.77
944 1500 4095 3.81
945 0 0 3.39
945 500 1695 0.03
945 1000 1710 4.77
945 1500 4095 3.81
946 0 0 3.39
946 500 1695 0.03
946 1000 1710 4.77
946 1500 4095 3.81
947 0 0 3.39
947 500 1695 0.03
947 1000 1710 4.77
947 1500 4095 3.81
948 0 0 3.39
948 500 1695 0.03
948 1000 1710 4.77
948 1500 4095 3.81
949 0 0 3.39
949 500 1695 0.03
949 1000 1710 4.77
949 1500 4095 3.81
950 0 0 3.39
950 500 1695 0.03
950 1000 1710 4.77
950 1500 4095 3.81
951 0 0 3.39
951 500 1695 0.03
951 1000 1710 4.77
951 1500 4095 3.81
952 0 0 3.39
952 500 1695 0.03
952 1000 1710 4.77
952 1500 4095 3.81
953 0 0 3.39
953 500 1695 0.03
953 1000 1710 4.77
953 1500 4095 3.81
954 0 0 3.39
954 500 1695 0.03
954 1000 1710 4.77
954 1500 4095 3.81
955 0 0 3.39
955 500 1695 0.03
955 1000 1710 4.77
955 1500 4095 3.81
956 0 0 3.39
956 500 1695 0.03
956 1000 1710 4.77
956 1500 4095 3.81
957 0 0 3.39
957 500 1695 0.03
957 1000 1710 4.77
957 1500 4095 3.81
958 0 0 3.39
958 500 1695 0.03
958 1000 1710 4.77
958 1500 4095 3.81
959 0 0 3.39
959 500 1695 0.03
959 1000 1710 4.77
959 1500 4095 3.81
960 0 0 3.39
960 500 1695 0.03
960 1000 1710 4.77
960 1500 4095 3.81
961 0 0 3.39
961 500 1695 0.03
961 1000 1710 4.77
961 1500 4095 3.81
962 0 0 3.39
962 500 1695 0.03
962 1000 1710 4.77
962 1500 4095 3.81
963 0 0 3.39
963 500 1695 0.03
963 1000 1710 4.77
963 1500 4095 3.81
964 0 0 3.39
964 500 1695 0.03
964 1000 1710 4.77
964 1500 4095 3.81
965 0 0 3.39
965 500 1695 0.03
965 1000 1710 4.77
965 1500 4095 3.81
966 0 0 3.39
966 500 1695 0.03
966 1000 1710 4.77
966 1500 4095 3.81
967 0 0 3.39
967 500 1695 0.03
967 1000 1710 4.77
967 1500 4095 3.81
968 0 0 3.39
968 500 1695 0.03
968 1000 1710 4.77
968 1500 4095 3.81
969 0 0 3.39
969 500 1695 0.03
969 1000 1710 4.77
969 1500 4095 3.81
970 0 0 3.39
970 500 1695 0.03
970 1000 1710 4.77
970 1500 4095 3.81
971 0 0 3.39
971 500 1695 0.03
971 1000 1710 4.77
971 1500 4095 3.81
972 0 0 3.39
972 500 1695 0.03
972 1000 1710 4.77
972 1500 4095 3.81
973 0 0 3.39
973 500 1695 0.03
973 1000 1710 4.77
973 1500 4095 3.81
974 0 0 3.39
974 500 1695 0.03
974 1000 1710 4.77
974 1500 4095 3.81
975 0 0 3.39
975 500 1695 0.03
975 1000 1710 4.77
975 1500 4095 3.81
976 0 0 3.39
976 500 1695 0.03
976 1000 1710 4.77
976 1500 4095 3.81
977 0 0 3.39
977 500 1695 0.03
977 1000 1710 4.77
977 1500 4095 3.81
978 0 0 3.39
978 500 1695 0.03
978 1000 1710 4.77
978 1500 4095 3.81
979 0 0 3.39
979 500 1695 0.03
979 1000 1710 4.77
979 1500 4095 3.81
980 0 0 3.39
980 500 1695 0.03
980 1000 1710 4.77
980 1500 4095 3.81
981 0 0 3.39
981 500 1695 0.03
981 1000 1710 4.77
981 1500 4095 3.81
982 0 0 3.39
982 500 1695 0.03
982 1000 1710 4.77
982 1500 4095 3.81
983 0 0 3.39
983 500 1695 0.03
983 1000 1710 4.77
983 1500 4095 3.81
984 0 0 3.39
984 500 1695 0.03
984 1000 1710 4.77
984 1500 4095 3.81
985 0 0 3.39
985 500 1695 0.03
985 1000 1710 4.77
985 1500 4095 3.81
986 0 0 3.39
986 500 1695 0.03
986 1000 1710 4.77
986 1500 4095 3.81
987 0 0 3.39
987 500 1695 0.03
987 1000 1710 4.77
987 1500 4095 3.81
988 0 0 3.39
988 500 1695 0.03
988 1000 1710 4.77
988 1500 4095 3.81
989 0 0 3.39
989 500 1695 0.03
989 1000 1710 4.77
989 1500 4095 3.81
990 0 0 3.39
990 500 1695 0.03
990 1000 1710 4.77
990 1500 4095 3.81
991 0 0 3.39
991 500 1695 0.03
991 1000 1710 4.77
991 1500 4095 3.81
992 0 0 3.39
992 500 1695 0.03
992 1000 1710 4.77
992 1500 4095 3.81
993 0 0 3.39
993 500 1695 0.03
993 1000 1710 4.77
993 1500 4095 3.81
994 0 0 3.39
994 500 1695 0.03
994 1000 1710 4.77
994 1500 4095 3.81
995 0 0 3.39
995 500 1695 0.03
995 1000 1710 4.77
995 1500 4095 3.81
996 0 0 3.39
996 500 1695 0.03
996 1000 1710 4.77
996 1500 4095 3.81
997 0 0 3.39
997 500 1695 0.03
997 1000 1710 4.77
997 1500 4095 3.81
998 0 0 3.39
998 500 1695 0.03
998 1000 1710 4.77
998 1500 4095 3.81
999 0 0 3.39
999 500 1695 0.03
999 1000 1710 4.77
999 1500 4095 3.81
