0 0 0 2.07
0 40 82.8 1.84
0 80 156.4 0.2
0 120 164.4 1.44
0 160 222 2.6
1 0 0 2.07
1 40 82.8 1.84
1 80 156.4 0.2
1 120 164.4 1.44
1 160 222 2.6
2 0 0 2.07
2 40 82.8 1.84
2 80 156.4 0.2
2 120 164.4 1.44
2 160 222 2.6
3 0 0 2.07
3 40 82.8 1.84
3 80 156.4 0.2
3 120 164.4 1.44
3 160 222 2.6
4 0 0 2.07
4 40 82.8 1.84
4 80 156.4 0.2
4 120 164.4 1.44
4 160 222 2.6
5 0 0 2.07
5 40 82.8 1.84
5 80 156.4 0.2
5 120 164.4 1.44
5 160 222 2.6
6 0 0 2.07
6 40 82.8 1.84
6 80 156.4 0.2
6 120 164.4 1.44
6 160 222 2.6
7 0 0 2.07
7 40 82.8 1.84
7 80 156.4 0.2
7 120 164.4 1.44
7 160 222 2.6
8 0 0 2.07
8 40 82.8 1.84
8 80 156.4 0.2
8 120 164.4 1.44
8 160 222 2.6
9 0 0 2.07
9 40 82.8 1.84
9 80 156.4 0.2
9 120 164.4 1.44
9 160 222 2.6
