1000
0 32.7
1 90.9
2 37.8
3 7.9
4 55.7
5 97.2
6 82.1
7 66.3
8 94.4
9 35.7
10 95.2
11 52.4
12 14.9
13 74.1
14 75.9
15 40
16 95.3
17 71.4
18 51.6
19 96.2
20 75.4
21 64
22 54.6
23 97.7
24 88.3
25 77.4
26 38.7
27 33.6
28 1.1
29 11
30 66.3
31 88.1
32 6.6
33 2.1
34 37
35 69.1
36 50.8
37 74
38 46.6
39 67.8
40 69.3
41 73.3
42 33.5
43 91.2
44 30.9
45 2
46 20
47 9.7
48 51.5
49 32.2
50 26.4
51 42.1
52 58.6
53 24.3
54 50.6
55 37.2
56 2.5
57 22.7
58 7.2
59 17.1
60 63.6
61 86
62 96.9
63 99.2
64 60.7
65 71.7
66 36.3
67 95.3
68 53.8
69 12.4
70 12.3
71 96.3
72 21.8
73 73.4
74 85.6
75 62.1
76 57.8
77 26.1
78 79.1
79 19.4
80 48.7
81 28.2
82 26.5
83 64.6
84 43.6
85 65.3
86 22.8
87 50.3
88 87.7
89 54.4
90 24.1
91 52.7
92 4.4
93 46.7
94 49.1
95 85.4
96 42.8
97 56.4
98 26.1
99 80.7
100 70.9
101 78.2
102 92.2
103 34.2
104 96.9
105 67.5
106 31.9
107 17.5
108 7.8
109 57.4
110 59.1
111 78.5
112 8
113 24.4
114 57.6
115 56.3
116 82.1
117 41.3
118 41.9
119 27.2
120 61.1
121 34.4
122 53.3
123 74
124 79.6
125 1.7
126 30.9
127 96.5
128 17.9
129 55.6
130 58.4
131 85.4
132 98.9
133 82.6
134 38.7
135 97.2
136 81.4
137 64.1
138 49.7
139 46.7
140 67.2
141 87.4
142 29.5
143 30.3
144 13.6
145 69.3
146 24.9
147 65.6
148 33.8
149 1.3
150 70.7
151 38.1
152 6.6
153 41.3
154 74.7
155 64.6
156 47.7
157 87.1
158 44.6
159 46.2
160 48.9
161 99.9
162 34.7
163 9.9
164 77.1
165 69.7
166 29.3
167 61.5
168 92.3
169 4.6
170 56
171 56.8
172 97.8
173 65.8
174 27.3
175 79.6
176 53.7
177 24.4
178 44
179 22
180 47.1
181 83.8
182 80.9
183 57.5
184 13.7
185 30.4
186 4.2
187 26
188 43.4
189 1.9
190 96.7
191 61.6
192 80.7
193 96.5
194 78.8
195 11
196 44.8
197 13
198 17.1
199 16.2
200 43.9
201 69.6
202 62.7
203 99.3
204 87.1
205 22.8
206 82
207 21.1
208 86.1
209 93.6
210 94.6
211 11.1
212 31
213 85.5
214 47
215 97
216 12.7
217 97.3
218 73.3
219 27.4
220 88
221 65.6
222 24.9
223 68.4
224 41.8
225 82.4
226 80.9
227 9.5
228 77.3
229 96.8
230 4.7
231 49
232 21.6
233 43.2
234 66.9
235 26
236 89.9
237 66.8
238 57.6
239 27
240 37.5
241 19
242 29.4
243 79.4
244 13.5
245 33.3
246 58.6
247 76.5
248 72.3
249 79.2
250 80.5
251 33.8
252 20.3
253 9.6
254 6
255 30
256 90.8
257 77.1
258 34.8
259 93.6
260 96.2
261 19.1
262 29.4
263 51.4
264 84.1
265 73.7
266 65.4
267 13.2
268 95.8
269 62.8
270 84.6
271 13.4
272 69.7
273 65.4
274 44.5
275 41.4
276 13.1
277 27
278 8.4
279 97.9
280 95.5
281 58
282 71.1
283 62.8
284 3.8
285 2.7
286 57.8
287 74.4
288 99.3
289 99.9
290 11
291 89
292 74.6
293 9.5
294 41.5
295 40.5
296 92
297 91.6
298 82.8
299 13.3
300 84.3
301 72.9
302 84.2
303 23.6
304 6.2
305 50.3
306 38.3
307 20.2
308 79.1
309 7.2
310 94
311 53.6
312 99.3
313 29
314 15.5
315 64.3
316 96.9
317 20.6
318 43.8
319 26.2
320 29.2
321 23.6
322 6.8
323 62.1
324 4.1
325 43.9
326 92.5
327 44.1
328 21.3
329 27.1
330 35.3
331 98.9
332 78.2
333 48
334 26.9
335 20.5
336 95.7
337 49
338 25.6
339 30.5
340 18.6
341 99.4
342 32.8
343 16.1
344 88.1
345 15.4
346 16.7
347 27
348 35.9
349 59.3
350 35.6
351 70.5
352 85.2
353 5.7
354 76.9
355 51.9
356 79.5
357 46.5
358 79.3
359 77.2
360 85.9
361 90.7
362 72.1
363 96.9
364 36
365 29.1
366 77.5
367 60.3
368 22.3
369 92.2
370 71.9
371 9.7
372 25
373 91.3
374 75
375 96
376 13.8
377 72
378 89
379 4.8
380 67.6
381 97.4
382 37.1
383 93.8
384 56
385 56.1
386 48.1
387 73.7
388 8.9
389 68.1
390 34.8
391 77.7
392 79.5
393 63.6
394 85.7
395 95.6
396 18.5
397 32.8
398 7.3
399 45.8
400 93.3
401 46.5
402 25.9
403 49.7
404 22.6
405 53.3
406 34.9
407 64.7
408 68.7
409 69.1
410 44.3
411 48
412 99.4
413 15.3
414 61.4
415 34.2
416 61.6
417 69.4
418 22.5
419 99.4
420 97.8
421 80.7
422 67.7
423 23.5
424 89.7
425 57.3
426 6.9
427 43.6
428 32.8
429 94
430 64.2
431 10.4
432 59.2
433 83.8
434 2.8
435 39.7
436 3.7
437 25.6
438 44.1
439 68.8
440 20.8
441 63.4
442 35.7
443 42.2
444 61.1
445 77
446 66.4
447 77
448 60.4
449 89.3
450 48.2
451 46.7
452 52.9
453 36.1
454 17.2
455 40.7
456 22.1
457 89.9
458 99.6
459 66.5
460 41.5
461 14.5
462 79.4
463 2.8
464 25.6
465 74.1
466 62.5
467 89.2
468 20.6
469 93.9
470 3
471 85.4
472 26.2
473 8.6
474 87
475 83
476 33
477 25.8
478 57.8
479 75.1
480 35.5
481 10
482 14.5
483 27.2
484 62.4
485 84.8
486 32.6
487 7.4
488 91.8
489 63.5
490 71.7
491 98.9
492 54.9
493 73.9
494 44.6
495 60.8
496 31.7
497 94.8
498 92.9
499 46.9
500 93
501 91.4
502 58.9
503 63.5
504 21.3
505 77.6
506 30.3
507 15.9
508 96.4
509 26.4
510 31.1
511 57.3
512 81
513 91.6
514 11.5
515 51.7
516 55
517 1.5
518 90.2
519 81.1
520 63.3
521 88.1
522 65.1
523 2.2
524 65.8
525 77.4
526 18.2
527 79.7
528 77.8
529 62.9
530 84.7
531 1.2
532 26.8
533 4
534 18.8
535 42.8
536 91.7
537 45.4
538 11
539 8
540 95.1
541 39.1
542 20.4
543 50.2
544 27.2
545 49.2
546 93.7
547 2.3
548 21.2
549 25.5
550 16.5
551 86.3
552 52.6
553 32.4
554 80.8
555 31.3
556 84.3
557 40.1
558 86.1
559 83
560 41.6
561 14.7
562 82.1
563 3.7
564 58.8
565 20.3
566 26.7
567 73.2
568 9.9
569 64.2
570 95.6
571 77.9
572 95.4
573 11.2
574 53.2
575 33
576 6.1
577 18
578 75.3
579 61.2
580 94.7
581 33.9
582 96.7
583 80.2
584 7.2
585 54.2
586 44.3
587 70.4
588 63.9
589 13.2
590 12.7
591 53.9
592 36.7
593 83.9
594 14.6
595 85.6
596 28.5
597 15.1
598 73
599 55.2
600 29.6
601 24.7
602 17.9
603 50.5
604 71.7
605 4.2
606 92.3
607 5.3
608 28.2
609 89.3
610 90
611 78.6
612 54.3
613 19.6
614 11.4
615 34.9
616 59.6
617 41.2
618 86.4
619 93.9
620 79.5
621 19.2
622 90.7
623 52.9
624 66.4
625 82.6
626 58.1
627 37.9
628 62.1
629 34
630 38.5
631 72.6
632 36.4
633 82.9
634 12.3
635 15.1
636 4.7
637 36.8
638 16.7
639 55.7
640 99.7
641 30.1
642 94.1
643 52.2
644 40.5
645 92.9
646 1.5
647 11.7
648 55.7
649 59.6
650 47.9
651 53.8
652 62.2
653 5.4
654 13.3
655 36
656 8.2
657 25.2
658 82.5
659 95.8
660 42.7
661 33.8
662 29.5
663 15.8
664 1.7
665 15.7
666 6.9
667 81.9
668 59.5
669 29.3
670 36.4
671 32.8
672 28.3
673 88.5
674 33.7
675 14.6
676 22
677 93.5
678 67
679 80.6
680 74.5
681 82.9
682 95.1
683 3.3
684 44.4
685 39.9
686 97.2
687 53.9
688 36
689 33.4
690 64.6
691 22.2
692 66.4
693 34
694 94.7
695 11.7
696 83.4
697 70.4
698 14.7
699 94.2
700 6.1
701 27.9
702 60.5
703 38.5
704 67.1
705 67.1
706 31.1
707 4.4
708 80.6
709 1
710 80.2
711 55.1
712 28
713 57.6
714 61.4
715 7
716 38.7
717 46.4
718 34
719 7.8
720 25.5
721 61.6
722 44.1
723 74.2
724 14.9
725 17
726 25.6
727 33.5
728 2.1
729 12.8
730 22.4
731 66.7
732 42.6
733 72.1
734 84.6
735 62.8
736 73.7
737 72.3
738 81.8
739 36.3
740 52.6
741 99.7
742 40.7
743 2.3
744 26.6
745 22.5
746 30
747 89.4
748 89.7
749 75.1
750 35.3
751 19.2
752 73
753 81.5
754 26.6
755 42.7
756 10.9
757 19.4
758 41.1
759 95.3
760 39
761 32.5
762 66.4
763 36.3
764 31.9
765 64.7
766 54.7
767 61.5
768 70.8
769 41.8
770 97.1
771 57.9
772 5.6
773 68.8
774 54.8
775 22.8
776 81.3
777 49.5
778 13.8
779 90.5
780 51.9
781 2.9
782 71.6
783 9.4
784 57.3
785 60
786 42.9
787 75.8
788 8.2
789 78.3
790 60.8
791 61.8
792 91.9
793 35.3
794 9.5
795 98.8
796 53.4
797 10.3
798 80.1
799 71.2
800 86.8
801 16.4
802 4.8
803 88.8
804 13
805 66.5
806 78.8
807 51.2
808 38.8
809 64.7
810 61.4
811 43.6
812 48.2
813 38.4
814 32.3
815 56.5
816 87
817 42.3
818 20.6
819 54.5
820 12.3
821 19.4
822 1.6
823 8.9
824 40.9
825 6.1
826 98.8
827 26.1
828 21.8
829 85.1
830 67.3
831 8
832 78.3
833 41.7
834 27.8
835 78.6
836 57.3
837 86.8
838 92.8
839 27.6
840 96.7
841 40.9
842 28.4
843 93.9
844 73.1
845 1.5
846 22.9
847 73.6
848 80.9
849 76.1
850 14.1
851 19.9
852 39.2
853 6.9
854 87
855 55.9
856 90.1
857 76.2
858 90.1
859 49.3
860 97.6
861 90.1
862 20.2
863 59.1
864 8.2
865 80.3
866 50.8
867 36.1
868 99.8
869 90.1
870 60.5
871 52.9
872 84.2
873 70.9
874 76.7
875 82.2
876 90.8
877 38.8
878 12.2
879 59.6
880 6.7
881 74
882 23.6
883 81.8
884 89.4
885 20.9
886 77.2
887 92.9
888 65.8
889 54.1
890 84.2
891 15.3
892 93.6
893 24.2
894 63.4
895 11.2
896 30.1
897 40.7
898 12.2
899 46.2
900 96.6
901 83.6
902 22.7
903 79.8
904 37.7
905 23.9
906 41.3
907 56.2
908 96.5
909 36.8
910 44.8
911 38
912 33.1
913 38.5
914 9.2
915 73.6
916 97.1
917 76.1
918 61.1
919 98.2
920 48.7
921 4.9
922 52.5
923 6.5
924 62.6
925 14.3
926 11.9
927 6.4
928 4.2
929 70.5
930 65
931 1.7
932 32.1
933 28.1
934 21.2
935 14.4
936 62
937 58.1
938 63.9
939 1.6
940 43.8
941 77.9
942 43.5
943 49.8
944 88.9
945 8.2
946 6.7
947 5.4
948 81.5
949 65.1
950 14.4
951 95.9
952 61.1
953 56.7
954 67.6
955 74.9
956 96.6
957 42.8
958 83.7
959 23.3
960 40
961 83.9
962 80.1
963 17.3
964 53.5
965 36
966 26.5
967 69
968 54.4
969 74.1
970 98.9
971 95.1
972 71.8
973 38.3
974 72.6
975 58.1
976 70.1
977 96.9
978 84.4
979 73.3
980 31.6
981 25.4
982 57.6
983 16.7
984 59.4
985 51.6
986 3.4
987 26.9
988 49.5
989 37.6
990 18.9
991 11.1
992 76.1
993 79.7
994 79.1
995 10.5
996 83.7
997 28.5
998 54.3
999 48.5
