1000
0 72.6
1 64.9
2 25.4
3 65.2
4 73.1
5 18.4
6 95.2
7 33.9
8 90.8
9 81.9
10 60.5
11 36
12 36.9
13 2.4
14 33.8
15 22.3
16 94.9
17 13.3
18 81.5
19 68.1
20 6.7
21 56.1
22 50.6
23 95.2
24 24.4
25 37.8
26 45.7
27 30.9
28 58.7
29 63.9
30 60.9
31 56.7
32 7.5
33 44.1
34 65.1
35 84.7
36 58.2
37 32.2
38 10.2
39 21.2
40 83.6
41 7.9
42 78.2
43 94.5
44 75.6
45 36.9
46 8
47 87.6
48 51.8
49 64
50 28.9
51 72.4
52 4.9
53 21
54 80.2
55 2.4
56 74.9
57 7.5
58 15.8
59 74.5
60 30.2
61 39
62 54.9
63 95.9
64 37.4
65 49.6
66 92.8
67 81
68 54
69 14.9
70 92.6
71 74.9
72 50.3
73 95
74 43.2
75 98.2
76 16.5
77 86.5
78 22.8
79 51.6
80 35
81 57.8
82 56
83 4.4
84 43
85 60.5
86 33.2
87 53.3
88 61.8
89 83.7
90 12
91 59.9
92 20.2
93 82.1
94 67.8
95 42
96 38
97 12.2
98 37
99 4.4
100 2.9
101 86.6
102 76.8
103 13.2
104 54.2
105 3.3
106 95.7
107 72
108 27.6
109 19.4
110 31.5
111 26
112 32.7
113 4.3
114 26.2
115 68.3
116 43.2
117 86.6
118 84
119 33.9
120 6.2
121 27.2
122 38.5
123 31.6
124 67
125 82.6
126 35.4
127 58
128 84.5
129 25.5
130 96.3
131 95.9
132 21
133 9.7
134 82.4
135 79
136 46.1
137 10.4
138 27.9
139 77.6
140 61.5
141 84.6
142 49
143 52.3
144 69.3
145 51.7
146 11
147 37.6
148 52.5
149 77.5
150 64.6
151 3.3
152 5.2
153 51.5
154 63.8
155 6.6
156 38.3
157 30.8
158 85.7
159 96.1
160 82.5
161 49.3
162 92.4
163 33.3
164 79
165 33.3
166 56.8
167 26.8
168 25.1
169 66.6
170 25.2
171 56.5
172 74.8
173 63.8
174 2.2
175 54.9
176 20.5
177 39.4
178 75.5
179 65.5
180 54.6
181 52
182 20.9
183 52.7
184 69.6
185 30.6
186 85.1
187 53.7
188 41.3
189 80.9
190 12.2
191 63
192 82.6
193 80.7
194 5
195 43.7
196 23.6
197 1.6
198 44.7
199 56.5
200 52.6
201 91.9
202 95.7
203 21.1
204 19.5
205 86.5
206 78.6
207 74.3
208 18.5
209 45.2
210 82
211 85.3
212 11.8
213 53.9
214 55.7
215 40
216 89.8
217 79
218 53.7
219 80.7
220 17.4
221 89.9
222 31
223 72.9
224 56.9
225 76.7
226 39
227 29.4
228 83.7
229 79.5
230 85.7
231 88.2
232 6.1
233 49.7
234 50
235 60.7
236 67.9
237 8.5
238 35.6
239 18.9
240 5.7
241 22.8
242 32.6
243 68.9
244 22.8
245 74.9
246 3
247 45.4
248 85.4
249 73.6
250 87
251 22.7
252 44.7
253 66.4
254 60
255 74.6
256 2
257 3.9
258 58.5
259 78.6
260 16.2
261 53.6
262 29.8
263 87
264 65.6
265 99.1
266 40.3
267 9.3
268 14.2
269 35.9
270 86.3
271 4.7
272 87.9
273 44.1
274 96.5
275 2.9
276 5.3
277 32.6
278 63.5
279 72.6
280 86.8
281 63.1
282 6.5
283 95.9
284 31.2
285 1.6
286 18.7
287 5.7
288 64.5
289 56.9
290 3.9
291 78.3
292 54.2
293 8.3
294 96.5
295 12.6
296 29.8
297 30.1
298 47.7
299 22.2
300 13.4
301 75.1
302 9.7
303 1.4
304 91.8
305 2.7
306 5.9
307 44.1
308 47.7
309 27.5
310 76.4
311 25
312 2.8
313 1.3
314 45.5
315 84.7
316 39.6
317 63.8
318 87.1
319 73
320 31.8
321 75.3
322 93.8
323 55.4
324 94.4
325 63.3
326 29.6
327 83.3
328 20.2
329 32.3
330 99.1
331 11.2
332 37.5
333 82.6
334 74
335 10.5
336 17.7
337 27.3
338 46.3
339 68.1
340 4.4
341 69.2
342 90.2
343 74.7
344 29
345 77.4
346 9.1
347 44.6
348 58.5
349 70.7
350 34.3
351 44.1
352 96.3
353 72.6
354 50.7
355 34.6
356 50.4
357 3
358 39.6
359 17.7
360 53.2
361 11.3
362 64.9
363 4.4
364 28.6
365 41.5
366 56.8
367 4.8
368 99.6
369 42.7
370 96.8
371 86.7
372 31.2
373 50.4
374 60.9
375 76.8
376 5.9
377 33.3
378 49.9
379 97.4
380 12
381 76.3
382 57.7
383 71.2
384 84.8
385 86.7
386 66.5
387 86
388 47.1
389 16.7
390 12
391 60.3
392 92.8
393 24.2
394 23.4
395 70.1
396 58.9
397 17
398 51.7
399 72.4
400 68.9
401 59.2
402 35.6
403 95.1
404 64.1
405 17.1
406 11.4
407 6.6
408 19
409 64.5
410 2.3
411 33.2
412 6.8
413 93
414 50.2
415 27.6
416 95.4
417 63.8
418 93.7
419 31.8
420 54.6
421 41.8
422 13.8
423 43.1
424 25.4
425 48.9
426 99.6
427 65.7
428 47
429 7.2
430 3.8
431 34.1
432 29.1
433 50.6
434 72
435 16.6
436 18.3
437 77.8
438 48.8
439 60.4
440 17.1
441 49.8
442 62.2
443 35.7
444 73.3
445 5.1
446 52.5
447 52.7
448 29.5
449 52.2
450 33.2
451 55.8
452 96.9
453 84.7
454 12.6
455 82.1
456 77.2
457 58.5
458 79.6
459 75.4
460 7.1
461 10.5
462 13.6
463 40.9
464 24.7
465 26.6
466 55.7
467 99.6
468 62.6
469 19.6
470 69.6
471 3.8
472 12.4
473 33
474 59
475 80.2
476 13.3
477 24.4
478 98.5
479 1.4
480 66.4
481 28.5
482 71.8
483 43
484 32.6
485 22.6
486 92
487 84.9
488 42
489 68
490 48.9
491 45.4
492 70.9
493 36.2
494 92.1
495 56.7
496 50.2
497 62.4
498 5
499 49.3
500 5.5
501 33.8
502 27.7
503 97.6
504 35.3
505 38.9
506 39.4
507 46.7
508 53.8
509 81.8
510 18.5
511 39.9
512 12.3
513 61.9
514 12.1
515 71
516 33.9
517 52.2
518 20.4
519 92.8
520 90
521 26.8
522 59
523 78.9
524 45.5
525 72.1
526 46.2
527 42.5
528 14.7
529 29.2
530 24.2
531 28.2
532 41
533 88
534 94
535 48.3
536 91.8
537 36.4
538 15.4
539 9.4
540 75.1
541 18.9
542 52.8
543 41.2
544 3.7
545 47.7
546 46.9
547 97.3
548 77.1
549 98.3
550 43.3
551 76.3
552 85.3
553 95.9
554 27
555 88.2
556 65.6
557 63
558 26.2
559 60.3
560 88.3
561 75.5
562 15.5
563 99.7
564 28.9
565 77.2
566 26.3
567 38.3
568 61
569 12.3
570 75.4
571 19.5
572 3.8
573 59.4
574 8.1
575 26.5
576 58
577 32.1
578 59.7
579 53.5
580 82
581 21.6
582 38.9
583 87.5
584 69.5
585 70.6
586 50.6
587 50.3
588 87.8
589 48.7
590 10.7
591 58.2
592 59.4
593 68.7
594 20.4
595 47.1
596 66.4
597 35.9
598 84.8
599 22.1
600 7.5
601 21.2
602 31.7
603 57
604 36.1
605 47.9
606 97.7
607 22.8
608 34.8
609 50.7
610 13.3
611 84.9
612 50.3
613 98.3
614 56.7
615 47.8
616 71.6
617 64.9
618 21.2
619 43.9
620 91.2
621 76.9
622 96
623 4.9
624 82.6
625 75.8
626 61.8
627 56.6
628 31.8
629 83.9
630 19.4
631 74.9
632 19.5
633 28.2
634 13.9
635 67.7
636 35.3
637 54.9
638 90.3
639 31.4
640 47.8
641 74
642 47.7
643 91.5
644 68.9
645 70.6
646 96
647 95.5
648 95.6
649 24.5
650 98.8
651 8.6
652 86.4
653 66.5
654 88.7
655 17.1
656 6
657 42.7
658 20.7
659 39.6
660 23.6
661 72.1
662 19.3
663 17.4
664 51.6
665 84.4
666 92.1
667 96.4
668 9.1
669 65.7
670 8.7
671 50
672 83.3
673 11.4
674 9.7
675 74.9
676 33.1
677 60.3
678 68.8
679 49.8
680 17.9
681 77.9
682 1.2
683 16.3
684 70.7
685 34.2
686 51.3
687 72.1
688 85.6
689 39.8
690 87.5
691 75.3
692 43.1
693 62.4
694 4.6
695 17.8
696 11.8
697 30.5
698 39.6
699 74.1
700 5.7
701 9.7
702 79.2
703 8.6
704 70.5
705 22.5
706 73.4
707 6.3
708 60.4
709 37.5
710 99.1
711 41.3
712 15.3
713 91.4
714 53.6
715 97.3
716 46.3
717 9.1
718 13.1
719 35.3
720 50.3
721 80.9
722 52.4
723 38
724 90.4
725 21.4
726 7.8
727 74.2
728 74
729 31.6
730 2.5
731 39.6
732 2
733 38.8
734 80.9
735 65.1
736 7.3
737 45.7
738 91
739 22.5
740 67.8
741 17.9
742 12
743 59.7
744 88.1
745 82.1
746 63.2
747 29.8
748 99.8
749 32.5
750 97.4
751 64
752 75.7
753 92.8
754 15.5
755 12.6
756 67.5
757 87.4
758 26
759 31.2
760 53
761 20.3
762 72.4
763 57.2
764 44.4
765 75.3
766 13.5
767 65.2
768 55.5
769 64.3
770 72.1
771 5.2
772 10.1
773 93.3
774 52.8
775 48.5
776 5.7
777 34.9
778 86.4
779 68.4
780 19.7
781 48.2
782 99
783 58.2
784 95.5
785 43.3
786 19
787 49.4
788 65.6
789 24.2
790 4.4
791 96.3
792 16
793 68.2
794 34.9
795 15.8
796 84.6
797 96.4
798 14.9
799 63.4
800 88.9
801 77
802 13.3
803 80.1
804 94.6
805 98
806 69.6
807 52.3
808 3
809 78
810 58.7
811 91
812 95.4
813 59.6
814 92.9
815 77.2
816 48.8
817 3.6
818 38.1
819 55.6
820 3.6
821 90
822 5.3
823 74.8
824 41.2
825 84.8
826 13.8
827 88.3
828 72.3
829 23.7
830 19.9
831 2.1
832 36
833 81.9
834 21.5
835 7.7
836 78.7
837 22
838 51.9
839 72.2
840 67.2
841 4
842 33.2
843 39.3
844 57.4
845 18
846 80
847 45.5
848 75.6
849 62.4
850 84.7
851 70.4
852 75.5
853 56.3
854 63.1
855 100
856 77.1
857 81.3
858 7.2
859 30.6
860 79.4
861 79.5
862 46.8
863 8.9
864 39.6
865 39.2
866 15.3
867 10.1
868 32.6
869 52.8
870 40.8
871 41.1
872 68.5
873 9.7
874 80.9
875 84.5
876 63.8
877 61.8
878 36.6
879 23.2
880 93
881 8.2
882 45.5
883 79.5
884 52.2
885 34.9
886 28.4
887 41.4
888 70
889 21.4
890 76.6
891 41.4
892 43.2
893 43.9
894 14.7
895 76.2
896 12.1
897 89
898 26
899 99.6
900 7
901 95
902 99.6
903 78.9
904 13.1
905 55.8
906 8.1
907 36.2
908 17.1
909 72.3
910 16.1
911 28.6
912 47.4
913 23.3
914 27
915 65.9
916 76.6
917 55.3
918 56
919 37.7
920 35.4
921 61.5
922 91.8
923 78.1
924 58.4
925 43.2
926 26.9
927 44.5
928 5.4
929 3.3
930 72.4
931 68.3
932 4.1
933 38.7
934 4.8
935 72.6
936 16.1
937 55
938 29
939 44.4
940 27.5
941 9.7
942 16.1
943 4.5
944 9.5
945 84.6
946 9.1
947 14.3
948 93.6
949 67.2
950 99.2
951 89.1
952 89.4
953 59.8
954 83.6
955 36.7
956 23.8
957 58.9
958 63.5
959 86.2
960 26.4
961 98.6
962 79.6
963 11.5
964 23.3
965 78.2
966 86.2
967 53.8
968 64.6
969 46.2
970 55.2
971 57.7
972 61.4
973 55.6
974 82
975 33.1
976 14.8
977 47.4
978 98.9
979 63
980 35.1
981 33.6
982 96.2
983 42.6
984 20.9
985 17.9
986 54.1
987 46.6
988 10.7
989 18.6
990 90.2
991 80.5
992 87
993 81.3
994 46.9
995 98
996 14.5
997 52.6
998 6.1
999 23.4
