1000
0 488.5
1 638.3
2 1767.6
3 362.3
4 1098.7
5 1782.2
6 469.5
7 1174.8
8 516.8
9 606.5
10 1988.3
11 213.6
12 1118.7
13 1537.5
14 854.2
15 116.8
16 904.7
17 1796
18 1279.9
19 12
20 885
21 430
22 662.9
23 1173.4
24 1590.7
25 1404.1
26 341.8
27 409.4
28 687.1
29 1387.4
30 1051.7
31 1383.8
32 755.9
33 23.7
34 1501.4
35 1892.5
36 1942.9
37 1421.6
38 733.2
39 1989
40 1740.5
41 527.8
42 1161.5
43 215.5
44 1977.9
45 1856
46 1642.5
47 1816.7
48 1688.3
49 426.7
50 381.1
51 1124.8
52 134.5
53 922
54 710.9
55 620.1
56 1411.8
57 1593.9
58 940.3
59 447.7
60 865.6
61 402.9
62 1433.4
63 147.3
64 1445.4
65 1988
66 1428.3
67 1737.8
68 409.8
69 1312.2
70 1131.4
71 945.3
72 1585.8
73 983
74 1686
75 1954.7
76 1376.6
77 742.1
78 166.4
79 1330.7
80 445.7
81 1980
82 1975.9
83 435.2
84 1579.7
85 31.1
86 1700.6
87 1596.2
88 785.3
89 503.5
90 342.7
91 435.2
92 1916.2
93 1578.8
94 1935.2
95 856.9
96 66.1
97 299.1
98 1716
99 1680.8
100 971.4
101 920.9
102 14.2
103 1500.9
104 97.7
105 1474.6
106 1770.3
107 301.3
108 415
109 17.5
110 595.1
111 1814.2
112 1296.4
113 856.1
114 1482.5
115 1522.3
116 818.2
117 513.5
118 1646.5
119 1190.2
120 21.8
121 103.5
122 108.4
123 674
124 1601.6
125 395.3
126 1313.3
127 1148.2
128 270.7
129 1173.3
130 817.2
131 426.2
132 1332.8
133 1388.5
134 894.3
135 1602.7
136 1806.8
137 1393.6
138 202.4
139 1127.6
140 884.8
141 1341.5
142 40.4
143 149.6
144 236.5
145 1071.4
146 861
147 416.9
148 1608.2
149 1181.9
150 1142.4
151 1831.1
152 1129.4
153 1737.4
154 464.3
155 1994.5
156 986
157 850.9
158 173.8
159 341.6
160 1208.8
161 1011.5
162 1449.4
163 1047.9
164 577.4
165 1713.9
166 1860.5
167 1046.5
168 270
169 530.7
170 600.5
171 905.7
172 1352.7
173 559.5
174 811.9
175 257.2
176 849.5
177 1384.3
178 641.8
179 389
180 1077.1
181 1662.2
182 1972.3
183 1759.9
184 1477.8
185 113.7
186 1246.3
187 1327.9
188 774.8
189 354.9
190 298.2
191 125.6
192 1232.4
193 1066.7
194 695.9
195 654.9
196 1150.1
197 1996
198 1564.3
199 1596
200 378
201 1619
202 596.8
203 909.8
204 1180.2
205 778.9
206 144.6
207 1673.9
208 501.7
209 1192
210 541.1
211 934.2
212 23.1
213 912.1
214 24.6
215 1632.7
216 613.4
217 1659.5
218 1464.1
219 237.9
220 1093.7
221 1393.2
222 1485.9
223 1901
224 1333.9
225 1745.1
226 712.5
227 1396.7
228 1853.4
229 1199.3
230 87.3
231 387.5
232 1590.8
233 1540.8
234 907
235 1213.5
236 792.5
237 812.1
238 1343.1
239 1481.2
240 1926.1
241 1215.4
242 1366.5
243 188.6
244 170.5
245 570
246 1871.7
247 292.3
248 1732.9
249 1390.6
250 45.3
251 1282.9
252 814.2
253 1880.6
254 317.2
255 1162.8
256 587.1
257 136.3
258 112.1
259 569.3
260 75.8
261 999.5
262 1130.3
263 798.4
264 1988.8
265 757.8
266 1825.7
267 1780
268 623.5
269 1959.1
270 456.9
271 692.9
272 1382.9
273 191
274 1052.9
275 1767.5
276 1077.6
277 1720.9
278 904.7
279 1853.1
280 527.7
281 72
282 1122.7
283 1119.5
284 1544.5
285 1511.4
286 437.9
287 1822.5
288 1108.7
289 844
290 1032.3
291 1366.8
292 1370.3
293 404.2
294 644.5
295 329.1
296 632.8
297 147.9
298 455.8
299 142.6
300 1463.8
301 1833.8
302 1069
303 1500.6
304 1385.4
305 1889.3
306 1890.7
307 701.2
308 586.9
309 793.9
310 1760.4
311 1395.2
312 264.3
313 1771.2
314 472.5
315 669.2
316 1107.7
317 1641
318 270.9
319 249.8
320 1990.2
321 332
322 1394.5
323 1659.1
324 1216.4
325 1558.3
326 1550.3
327 784.2
328 307.5
329 1530.6
330 1184
331 745
332 319.8
333 625.9
334 1747.2
335 1225.9
336 1775.6
337 1581.4
338 320.9
339 1814.5
340 1573.2
341 1205
342 1732
343 1574.1
344 1948.6
345 1460.2
346 902
347 1471.6
348 1842.2
349 290.1
350 510.7
351 1334.9
352 87.7
353 552.8
354 1064
355 1999.9
356 1242.8
357 731.5
358 1318.4
359 1384.2
360 413.3
361 1308.9
362 44.8
363 1737.4
364 830.4
365 1724.6
366 1102.2
367 1166.5
368 1937.9
369 1395.6
370 77.8
371 1992.9
372 1309.4
373 676.4
374 191.1
375 1402.5
376 1442.9
377 1068.5
378 1544.7
379 540.5
380 970.8
381 1848.8
382 319.4
383 454.8
384 107.6
385 69.7
386 478.6
387 1540.4
388 1535.8
389 554.5
390 475.4
391 217.5
392 971.6
393 55.2
394 751.3
395 315.5
396 1854.2
397 1706.9
398 825.5
399 237.2
400 1491.5
401 1574.3
402 1805.1
403 197.7
404 1589.1
405 300.4
406 271.6
407 608.5
408 396.7
409 930.4
410 1502.6
411 93.4
412 680.9
413 1355.1
414 621.9
415 85.7
416 777.3
417 1456.7
418 546.8
419 1915.5
420 1816.2
421 367.8
422 311.6
423 1895.7
424 1086.4
425 67.7
426 5.9
427 1479.6
428 917
429 711.2
430 1796.7
431 847.8
432 1585.7
433 1117.9
434 794.7
435 387.8
436 1077
437 386.4
438 1979
439 480.6
440 1184.1
441 623.7
442 1412.6
443 1927.9
444 1663.9
445 131.7
446 1564.8
447 986.2
448 418.5
449 98.4
450 1894.6
451 276.8
452 1670.5
453 1565.1
454 1183.5
455 682.2
456 1840
457 1654.6
458 1544
459 1418.6
460 1820.4
461 359.1
462 1425.1
463 1380.6
464 1241.4
465 594
466 1221.6
467 691.4
468 405.1
469 1816.8
470 825.1
471 915.4
472 139.9
473 1799.9
474 1423.4
475 1821.2
476 782.7
477 1422
478 1958.1
479 1241.1
480 1083.4
481 821.6
482 649.1
483 1919.6
484 134.9
485 1932.2
486 333.6
487 1911.9
488 926
489 660.3
490 1362.4
491 564.9
492 443.7
493 1536
494 100.1
495 794.5
496 320.2
497 1759.7
498 1147.9
499 1500.6
500 646.2
501 210.5
502 68.8
503 200.7
504 708.4
505 682.3
506 720.3
507 1163.7
508 1789.4
509 499.2
510 1953.7
511 1536.7
512 1142.4
513 428.9
514 1356.6
515 1423.5
516 1792.5
517 321.8
518 582.6
519 1344.3
520 329.8
521 511.4
522 1365.4
523 1448.3
524 1168.8
525 159.7
526 753.4
527 1105.5
528 777.5
529 1424.8
530 1339.6
531 744.5
532 1322.7
533 711.2
534 1069.3
535 350.4
536 1305.8
537 768.8
538 1143.5
539 1270.9
540 723.3
541 1131.1
542 1464.1
543 240.9
544 1704.9
545 1877.7
546 54.5
547 687.4
548 1560.9
549 698.4
550 217.6
551 1826.9
552 1673.4
553 986.4
554 508.9
555 630.7
556 103.9
557 1413
558 25.4
559 1690.6
560 427.4
561 493.5
562 1899.5
563 963.7
564 1565.3
565 1294.8
566 1244.2
567 1080.5
568 1518.6
569 701.9
570 1549.7
571 922.4
572 977.2
573 545.3
574 532.9
575 562.1
576 1100.3
577 654.9
578 1402.8
579 830
580 1660.5
581 363.9
582 931.8
583 1191.7
584 269.3
585 1863.9
586 597.3
587 425.8
588 244.1
589 536.3
590 748.2
591 1137.7
592 1994
593 1321.5
594 1719.4
595 1725.7
596 917.6
597 1799.4
598 1982.5
599 1189.9
600 1147.9
601 1761
602 159.8
603 184.5
604 960.4
605 1486.6
606 1420.4
607 344.6
608 1391.3
609 1880.1
610 1644.1
611 377.7
612 1038.2
613 1716.1
614 1996.6
615 119.9
616 930.6
617 687.2
618 1471.5
619 1102
620 578.1
621 1621
622 130.1
623 1605.9
624 1643.9
625 1173.4
626 486.7
627 1992.4
628 1180.2
629 668.5
630 1778.8
631 1136
632 915.9
633 1912.4
634 1726.8
635 1646.5
636 498.6
637 844
638 1470.3
639 1871
640 535.2
641 1575.2
642 207.3
643 1738.2
644 307.6
645 231.9
646 526.9
647 17.2
648 666.7
649 1019.8
650 913.8
651 1192.6
652 229.6
653 280.7
654 757.1
655 908.9
656 1270.5
657 1695.7
658 492.8
659 1717.9
660 137.9
661 1974.2
662 761.5
663 1064.4
664 1655.2
665 1595.8
666 1352.1
667 719.3
668 1027.6
669 1709
670 109.3
671 1089.6
672 1979
673 993.9
674 1540.9
675 752.1
676 1818.6
677 1103.7
678 280.8
679 1367.3
680 203.6
681 1039.3
682 1474.6
683 126.4
684 1798.3
685 508.7
686 768.6
687 379.2
688 1314.6
689 1872.2
690 1808
691 58.6
692 693.3
693 610.1
694 1533.6
695 843.8
696 1562.6
697 1863.9
698 1921
699 108.7
700 1795.4
701 1025.9
702 1734.8
703 790.2
704 926.1
705 166.2
706 1253.7
707 775
708 886.8
709 447.3
710 902.4
711 928.4
712 117.1
713 560.1
714 954.4
715 82.6
716 1566.5
717 103.1
718 753.4
719 641
720 1773.3
721 1358
722 1835.4
723 280
724 1369.3
725 1051.4
726 1898.8
727 1651
728 413
729 417.7
730 1976.1
731 856.2
732 1172.1
733 1967.1
734 476.2
735 655.6
736 1063.1
737 1277.8
738 1783.2
739 430.7
740 999.7
741 1352.1
742 1844.5
743 28.2
744 663.5
745 1043.9
746 825.2
747 170.8
748 444.6
749 889.2
750 1245.1
751 1951.9
752 871.5
753 168.4
754 1262.9
755 458.3
756 273.8
757 1501.9
758 434.1
759 855
760 202.1
761 636.7
762 1852.7
763 406.9
764 1400.9
765 1974.6
766 1914.4
767 1448.6
768 3
769 15.5
770 456.3
771 1492
772 868.4
773 1615.9
774 1907.3
775 660.1
776 301
777 1270.8
778 813.8
779 257.8
780 95.1
781 106.6
782 350.5
783 547.7
784 1513.9
785 811.5
786 1402.7
787 599.6
788 75.1
789 390.4
790 412.3
791 1959.8
792 1370.1
793 764.7
794 1149.8
795 642.3
796 1713.5
797 1564.2
798 1951
799 154.3
800 1781.9
801 1563.1
802 1907.3
803 206.1
804 50.1
805 411
806 550.5
807 1001.2
808 1169.9
809 1758.6
810 154
811 325.6
812 1993.5
813 1904.6
814 1417.7
815 363.9
816 896.5
817 1149
818 1750
819 215.4
820 1324.3
821 1146.7
822 904.8
823 336.8
824 1062.5
825 243.5
826 475
827 771.2
828 1422.1
829 1120.9
830 1516.5
831 943.2
832 1695.8
833 540.4
834 1760
835 1471.6
836 543
837 674.8
838 890
839 595.8
840 553.7
841 1364.4
842 317.8
843 347.8
844 403.4
845 748.9
846 1495.4
847 131.9
848 326.1
849 1311
850 456.2
851 889.3
852 1221.2
853 413.3
854 362.7
855 37
856 1038
857 1455.5
858 1745.2
859 1851.4
860 1108.7
861 1962.1
862 451
863 446.1
864 873.1
865 1472.1
866 1503.6
867 762.1
868 1119.5
869 1111.2
870 1400
871 761.2
872 120.8
873 1276.4
874 1046.3
875 138
876 103.9
877 1269.9
878 1909.3
879 969.4
880 66.9
881 161.4
882 770.3
883 1336.4
884 273.4
885 828.5
886 1880.7
887 1833
888 751.5
889 726
890 1539.4
891 1618.8
892 952.7
893 774.8
894 1233
895 873.3
896 1810.2
897 666.9
898 1055.5
899 959.6
900 921
901 87.6
902 437.8
903 1041.8
904 1232.8
905 1741.4
906 588.9
907 1292.1
908 805.1
909 966.9
910 92.7
911 442
912 1825.4
913 258.5
914 951.3
915 803.6
916 521.5
917 875.5
918 1507.2
919 372.1
920 1271.6
921 518.2
922 1562.1
923 1870.6
924 1905.2
925 253
926 1367.5
927 1546.8
928 1954.6
929 1657.7
930 1872.2
931 98.7
932 1219.5
933 1113.9
934 1567
935 1339
936 900.6
937 218.7
938 513
939 718.3
940 916.4
941 157.7
942 563.9
943 845.9
944 770.3
945 472.2
946 390
947 1557
948 1305.2
949 1688.9
950 212
951 1303
952 236.3
953 1331.7
954 129.6
955 806.7
956 1982.9
957 1015.9
958 336.2
959 754.4
960 1269.3
961 1596.8
962 1944.4
963 1359.4
964 1129.1
965 1258.2
966 614.8
967 1192.4
968 631.9
969 1085.9
970 986.1
971 920.5
972 822.6
973 1747.1
974 1192
975 1370.1
976 1106.2
977 1888.2
978 122.7
979 1291.7
980 1365.7
981 78.6
982 1152.8
983 665.7
984 1141.4
985 572.4
986 1862.9
987 1309.3
988 1021.1
989 1025.8
990 1556.6
991 1684.5
992 1869
993 1678.7
994 1445
995 910.9
996 1485.9
997 324.3
998 1282
999 1331.4
