100
0 1688.3
1 852.4
2 1897.5
3 1464.4
4 1308.5
5 1053
6 957.3
7 1025.7
8 840.8
9 1826.8
10 940.9
11 1147.2
12 994.9
13 374.2
14 253
15 332.2
16 1542.5
17 36.7
18 299.3
19 1082.8
20 587.6
21 721.4
22 1988
23 1940.4
24 208.9
25 1115.3
26 593.8
27 993.5
28 877.7
29 620.9
30 1853.6
31 875
32 1323.2
33 1042.5
34 42.4
35 1394.2
36 1469.2
37 1263.9
38 624
39 282.7
40 592.3
41 847.9
42 55.6
43 1002.5
44 859.8
45 925.7
46 316.7
47 1220.3
48 1135.8
49 1864.7
50 725.4
51 554.7
52 1950.5
53 453.5
54 1173.3
55 1901.1
56 379.9
57 1678.7
58 1890.7
59 559.6
60 1834.9
61 264.1
62 1886.4
63 819.3
64 1555.5
65 894
66 498.7
67 957.6
68 629.3
69 954.9
70 1970
71 1627.8
72 368.3
73 679.6
74 641.4
75 1684.6
76 1613.1
77 1250.9
78 1041.6
79 246.4
80 61.9
81 808.2
82 1928.9
83 1794
84 1725.6
85 1824.1
86 1170.6
87 1258.3
88 1049.3
89 762.9
90 667
91 1503.2
92 23.2
93 1762.7
94 653.8
95 1902.1
96 1956.6
97 593.5
98 1144
99 1151.6
