100
0 1555.3
1 1090.6
2 1639.8
3 212.9
4 256.7
5 148.8
6 854.3
7 559.3
8 29.2
9 1328
10 1518.8
11 148.8
12 1816.3
13 506.4
14 830.9
15 903.1
16 1523.3
17 1998.8
18 1585.5
19 520.2
20 779.5
21 1964.3
22 878.2
23 1707
24 1537.3
25 1065.1
26 425.1
27 1410.2
28 971.4
29 702.8
30 61.8
31 150.4
32 92.1
33 926.1
34 684.3
35 1891.2
36 726.7
37 20.9
38 833.4
39 72.8
40 1173.6
41 331.2
42 961.6
43 710
44 1226.7
45 847.1
46 390.2
47 626.2
48 1534.1
49 1182.2
50 1046.2
51 1113.8
52 543.4
53 1948.6
54 990.8
55 100.8
56 355.9
57 1431.4
58 429.6
59 501.4
60 433.2
61 1703.7
62 1736.9
63 1574.2
64 1609.3
65 1315.9
66 1363.6
67 1396.9
68 79.1
69 1249.9
70 988.2
71 1195.7
72 1904.4
73 1595
74 254.2
75 1680.1
76 1950.5
77 356.2
78 1680
79 815.6
80 1413.1
81 1500.8
82 649.6
83 183.1
84 46.2
85 1727.9
86 709.5
87 1891.9
88 1935
89 1917.7
90 369.6
91 361.8
92 207.5
93 29.8
94 717.5
95 1521.4
96 1181.6
97 1895.8
98 1816.1
99 1493.7
