1000
0 1596.9
1 161.4
2 1977.5
3 1396.7
4 68.8
5 1017.1
6 1865
7 1035
8 833.3
9 1624.2
10 1935.4
11 762.9
12 657
13 31.5
14 1838.9
15 765.1
16 1822.6
17 1270.5
18 1114.9
19 137.6
20 451.7
21 1094.2
22 1302.8
23 1161.5
24 842.5
25 389.4
26 1757.8
27 1106
28 1957.9
29 899.9
30 964.8
31 1916.6
32 1757.8
33 359.6
34 661
35 1146.3
36 380.2
37 45.1
38 1516.7
39 724.4
40 602.5
41 882.5
42 558.4
43 139.4
44 1056.9
45 135
46 767.8
47 234.6
48 1640.3
49 1606.1
50 1825.8
51 1529.9
52 493.1
53 1229.9
54 1331.8
55 1088.1
56 1489.1
57 1539.1
58 84.4
59 1978.8
60 455.5
61 1868.6
62 1769.6
63 1863.3
64 881.4
65 1024.2
66 1767.4
67 749.5
68 515.5
69 1306.2
70 21.5
71 514.8
72 1717.7
73 677.1
74 1586.1
75 566.4
76 1248.4
77 448.8
78 561.3
79 334.5
80 1397.9
81 1550.9
82 1814.1
83 138.9
84 1517.1
85 1423.1
86 556.2
87 303.6
88 171.8
89 141.6
90 119.8
91 894.5
92 617.5
93 1009.6
94 432.9
95 1409.6
96 1409.2
97 1921.4
98 303.5
99 1537.7
100 1966.8
101 832.1
102 251.1
103 235.7
104 1814.1
105 1848.1
106 54
107 1288.5
108 742.7
109 1688
110 648.3
111 396.2
112 12.9
113 287.5
114 1974.8
115 153.6
116 1648.4
117 147.1
118 1599.6
119 34.5
120 635.1
121 52.1
122 499.2
123 963.7
124 1020.4
125 1299.3
126 1550.4
127 1023.3
128 158.4
129 20.7
130 1924.9
131 1122.5
132 117.8
133 1141.2
134 1730
135 26.3
136 1005.1
137 574.1
138 684.4
139 1766.4
140 1326
141 454.7
142 518.9
143 985.5
144 67.5
145 1488.8
146 493.1
147 120
148 1016.9
149 1439.2
150 1694.4
151 374.4
152 863.1
153 1131.3
154 855.5
155 909.6
156 882.2
157 687
158 598.9
159 414.7
160 319.4
161 1088.3
162 560.8
163 232.6
164 912.4
165 1163.9
166 418.4
167 1689.1
168 446.9
169 1908.5
170 1967.2
171 252.7
172 1990.1
173 1974.3
174 1085.8
175 27.5
176 1684.8
177 636.8
178 1539
179 655.7
180 1465.6
181 1620.4
182 750.2
183 287
184 1171.5
185 563.9
186 1180.9
187 1327.6
188 1091
189 290.5
190 350.4
191 351.5
192 965
193 309
194 1775.7
195 714.2
196 1627.8
197 998.4
198 83.9
199 504.9
200 552.8
201 1203.3
202 602.2
203 1285.2
204 50.6
205 1826.2
206 516.7
207 513.4
208 188.4
209 472.4
210 1760.7
211 38.7
212 828.7
213 1584.2
214 22.4
215 118.7
216 987.8
217 934.8
218 1922.7
219 1834.7
220 1938.3
221 1879.4
222 1517.7
223 976.3
224 401.2
225 585.2
226 1610.2
227 92.8
228 869.7
229 632.2
230 1974.4
231 1026.9
232 1899.6
233 1713.9
234 861.4
235 1842.5
236 117.4
237 1314.6
238 1653.4
239 754.2
240 807.5
241 643.7
242 735.3
243 655.2
244 1091.3
245 102.2
246 1371.6
247 1369.6
248 931.9
249 1240.9
250 783.4
251 758.1
252 182.6
253 809.1
254 1820.4
255 1422.2
256 1352.6
257 880.9
258 1605.5
259 862.3
260 87.1
261 1507.2
262 965.4
263 1911.2
264 605.8
265 1453.9
266 534.9
267 1267.9
268 956.9
269 141.5
270 1668.3
271 1394.7
272 1071.8
273 260.2
274 1691.8
275 1772.5
276 1056.6
277 1594.7
278 1467.9
279 176.8
280 177.3
281 1337.3
282 1529.4
283 1971.2
284 711.1
285 749.3
286 479
287 27.1
288 1771.3
289 315.9
290 891.4
291 1363.1
292 1775.8
293 1056.4
294 502.5
295 288.3
296 522
297 1545.4
298 436.5
299 1222.1
300 1023.8
301 288.7
302 902.6
303 720.3
304 1493.6
305 1642
306 1012.8
307 1310.9
308 1664.8
309 1680.5
310 773
311 1520.1
312 1063.6
313 736.3
314 1684.1
315 1339.5
316 1250.3
317 1200
318 1467.4
319 1370.6
320 840.3
321 1589.4
322 1943.4
323 1848.9
324 1210.2
325 105.3
326 131.6
327 1219
328 1475.2
329 759
330 1804.2
331 194.2
332 402.2
333 1051
334 97.7
335 1217.2
336 38.8
337 359.3
338 1323.2
339 417.2
340 449.8
341 1054
342 321.2
343 122.4
344 1055.5
345 295.9
346 1284.4
347 1870.7
348 1214.9
349 1942.5
350 1628.8
351 128.8
352 121.3
353 534.3
354 912
355 1122.9
356 1079.4
357 1979.6
358 1846.2
359 1978.8
360 1847.9
361 1183.4
362 1834.8
363 1329.6
364 1856.4
365 489.7
366 1346.5
367 413.5
368 353.4
369 1941.8
370 1813.2
371 953.6
372 668.1
373 1405.5
374 1004.8
375 1521.7
376 947.6
377 89.5
378 1864
379 1370.7
380 64.8
381 1264.2
382 1552.5
383 1239
384 1073.7
385 1283.2
386 1286.8
387 495.8
388 1873.6
389 1104.3
390 198.7
391 1301.7
392 1655
393 651.4
394 1070.4
395 660.3
396 1958.6
397 423.6
398 654.7
399 1845.2
400 897.8
401 1368.3
402 285.2
403 511
404 648.6
405 1857.6
406 1174.3
407 1853.7
408 298.6
409 1318.1
410 1333.3
411 466.7
412 347.4
413 549.1
414 302.5
415 293.4
416 1066
417 1356.7
418 1586.9
419 394.1
420 701.8
421 244.4
422 450.3
423 1016.2
424 302.4
425 174.4
426 1578.5
427 97.3
428 339.3
429 1432.1
430 1876.2
431 1185
432 1902.9
433 1267.6
434 234.3
435 1127.1
436 1806.7
437 1855.2
438 1287.8
439 683.6
440 867.3
441 693.3
442 1591.6
443 458.7
444 1932.7
445 1971.8
446 586.3
447 694.8
448 681
449 770.8
450 511.3
451 65.5
452 919
453 972.5
454 737
455 225.3
456 1254.9
457 392
458 1564
459 192.3
460 678.7
461 433.3
462 1784.5
463 224.3
464 648
465 1806.8
466 1632
467 939.4
468 1307
469 807
470 363.1
471 850.7
472 1481.9
473 1803.2
474 947.3
475 962.4
476 1754.4
477 1730
478 882.4
479 1945.9
480 549.9
481 1194.1
482 1360.2
483 361.6
484 1966.8
485 113.9
486 832.9
487 1851.9
488 1741.3
489 485.8
490 428.5
491 1840.2
492 965.2
493 1113.8
494 451.8
495 1259.6
496 723.8
497 438.4
498 1844.3
499 1155.5
500 1132.2
501 1902.7
502 1258
503 1059.4
504 710.5
505 829.4
506 1464.4
507 443.4
508 59.7
509 647.4
510 1458.4
511 1928
512 84
513 629.2
514 1653.1
515 1500.5
516 995.2
517 389.4
518 49.7
519 1853.6
520 389.1
521 462.5
522 82.6
523 1265.3
524 21.3
525 1695.4
526 58.2
527 583.2
528 263.2
529 1664.3
530 1368.3
531 577
532 713.8
533 1933.2
534 1165.1
535 792.8
536 227.6
537 532.5
538 554.9
539 1167.8
540 1491.7
541 1756.3
542 1754.2
543 1936
544 194.1
545 1625
546 1573.5
547 1006
548 1751
549 170.1
550 1368.1
551 516.5
552 1061.8
553 151.9
554 1795.9
555 1455.9
556 1282.5
557 245.2
558 464.9
559 1490.1
560 24.4
561 623
562 722.3
563 558.3
564 180.7
565 1575.8
566 292.1
567 1406.9
568 1546.7
569 1552.4
570 808.4
571 1295.8
572 967.9
573 1287.2
574 5.3
575 464.9
576 278
577 147.2
578 844.2
579 636.2
580 432.3
581 603.6
582 1415.9
583 885.9
584 1462.5
585 178.5
586 1871.1
587 1896.5
588 400.4
589 1438.1
590 1307.7
591 1160
592 1048.9
593 1738.8
594 223.2
595 700.6
596 899.5
597 1021
598 1684.9
599 1307.4
600 744.4
601 706.9
602 1686.5
603 770.8
604 1219.2
605 1870
606 1039.9
607 1320.6
608 196.8
609 1306.8
610 1976.5
611 430.5
612 1079.7
613 1096
614 1928.7
615 934.7
616 1744.5
617 714.1
618 1376.6
619 42.1
620 968
621 1189.8
622 165.8
623 1362.2
624 515.8
625 282.7
626 1831.2
627 911.5
628 1777.3
629 1438.3
630 1247.8
631 325.3
632 1406.8
633 480.6
634 39.3
635 878.3
636 884.9
637 1869
638 1611
639 1775.2
640 281.7
641 196.3
642 849
643 382.9
644 1916.6
645 196.1
646 1173
647 1192.6
648 1954.4
649 1555.6
650 1468.7
651 1725.5
652 1649.1
653 117.1
654 368.2
655 584.7
656 329.4
657 1328.6
658 1992.9
659 1444
660 1427.8
661 763.7
662 1604.9
663 1237.3
664 1544.4
665 421.3
666 489
667 1087.3
668 1018.2
669 1787.6
670 479.8
671 91.2
672 1955.5
673 1212.4
674 1856
675 105.8
676 1865.6
677 1854.4
678 1555.6
679 1979.1
680 365.5
681 1213.2
682 1417.7
683 907.5
684 279.4
685 1034.6
686 987.7
687 299.1
688 1636.2
689 1523.5
690 520.7
691 1889.8
692 1486.8
693 90.9
694 925.9
695 207.5
696 686.3
697 131.5
698 1925.3
699 332.8
700 1552.9
701 1518.5
702 321.1
703 616.7
704 1378.7
705 416.7
706 474.7
707 1003.1
708 1592.5
709 898.4
710 1573.8
711 1618.7
712 1448.1
713 1911.8
714 1306.7
715 624.6
716 1814
717 228.5
718 666.4
719 1612.8
720 1938
721 90
722 143.4
723 163.5
724 1409.8
725 641
726 976.4
727 1148.9
728 1439.4
729 1401.4
730 1875.6
731 1372.7
732 175.3
733 1931.4
734 64.1
735 1688
736 1176.6
737 1147.7
738 1970.2
739 1608.2
740 679.4
741 1420.3
742 1453.1
743 1043
744 232.7
745 1429.9
746 1340.5
747 711.7
748 1639.2
749 56.5
750 1216.3
751 1999.1
752 1673.2
753 863.7
754 483.9
755 1271.3
756 14.6
757 468.4
758 1313.3
759 1032.1
760 1535
761 450
762 1416.1
763 208.4
764 1184.5
765 1128.8
766 824.2
767 1102.3
768 545.3
769 232
770 426
771 159.2
772 770.1
773 570.2
774 1629.2
775 946.4
776 683.5
777 202.8
778 1229.7
779 138.8
780 1489.6
781 1576.4
782 321.9
783 1224.4
784 1644.7
785 686.9
786 1734
787 1254.2
788 932.5
789 42.6
790 1652
791 1123.1
792 1093.9
793 1814
794 2.2
795 1506.3
796 396.1
797 713.6
798 1501.6
799 332.5
800 1554
801 1830.8
802 1521.5
803 1840.1
804 33.5
805 1472.7
806 1489.4
807 1423.3
808 1169
809 1422.3
810 1102
811 31.5
812 1865.3
813 1263.3
814 1985.7
815 814
816 1356.6
817 200
818 1746.7
819 620.6
820 1013.7
821 673.4
822 781.8
823 582.3
824 1496.6
825 990.9
826 1108.8
827 981.4
828 240.3
829 1948.7
830 1844.9
831 1210.8
832 30.6
833 673
834 972.8
835 1459.4
836 45.9
837 1490.2
838 988.9
839 1500.8
840 1399.6
841 217.3
842 1254.5
843 1085.8
844 1675.8
845 1674.7
846 248.1
847 1200.2
848 560.2
849 800.4
850 562.2
851 1774.6
852 1692.8
853 462.8
854 1896.8
855 106.2
856 1370.1
857 258.2
858 867.6
859 1266.1
860 1755.7
861 246.4
862 404.6
863 1687
864 739
865 685.3
866 1668.7
867 1426.2
868 1471.3
869 10.6
870 1759.3
871 1477.3
872 1101.6
873 1988.8
874 1247.7
875 230.8
876 190.3
877 868.1
878 767.6
879 1257.2
880 270.2
881 842.7
882 788.1
883 710.4
884 1306.4
885 124.5
886 633.1
887 14.8
888 380.8
889 1763.5
890 1602.7
891 579.2
892 1740.6
893 1459.2
894 448.5
895 1809.2
896 64.1
897 1447.1
898 76
899 1228.6
900 52.1
901 512.2
902 355.2
903 1575.4
904 1676.9
905 416.3
906 1978
907 1227.8
908 1009.3
909 348
910 900.7
911 1956.3
912 1965.2
913 302.3
914 583.4
915 553.4
916 1901.5
917 984
918 1564.5
919 622.1
920 697.2
921 2.9
922 108.7
923 1603.5
924 1045.7
925 1349.8
926 1667.5
927 442.2
928 1677
929 1317.6
930 1393.3
931 950.6
932 1249.4
933 1414.1
934 1028.9
935 1196.3
936 378.9
937 1364.3
938 1435
939 75.3
940 476.4
941 636
942 983.5
943 531.2
944 1443
945 280.7
946 558.6
947 890.4
948 1690.6
949 1235
950 933
951 959.7
952 1287.8
953 1266
954 244.2
955 608.4
956 1764.5
957 1054.1
958 1097.9
959 603.4
960 865.5
961 1923.2
962 1408
963 1261.2
964 1178.4
965 1154.2
966 96.2
967 1114.3
968 1251.9
969 924.9
970 956.2
971 1254.7
972 168.7
973 1210.2
974 1005.2
975 383
976 573.7
977 193.5
978 1189.9
979 1133.9
980 786.5
981 609.6
982 1716.3
983 86
984 1445.2
985 311.5
986 1654.1
987 840.2
988 1444.4
989 583.7
990 1438.6
991 1221.6
992 1891
993 1920.1
994 1416.7
995 1919.1
996 881.8
997 666.6
998 77
999 1954
