100
0 13.6
1 20.9
2 46.5
3 4
4 24.9
5 85.9
6 52.9
7 37.2
8 34.8
9 57.3
10 15.2
11 13.6
12 15
13 30.1
14 98.1
15 36.3
16 96.3
17 40.9
18 73
19 10
20 11.7
21 59.7
22 76.7
23 16.6
24 20.4
25 16.9
26 38.8
27 45.9
28 29
29 42.1
30 41.6
31 46.5
32 12.4
33 83.7
34 30.3
35 15.1
36 7.2
37 11.2
38 50.6
39 76
40 50.4
41 96.3
42 37.9
43 36.4
44 15
45 22.7
46 42.4
47 79.1
48 78.1
49 96.8
50 88.9
51 58.1
52 87.3
53 80.2
54 2
55 39
56 3
57 11.5
58 95.2
59 98.1
60 16
61 62
62 48.8
63 70.9
64 94.8
65 96.3
66 15.7
67 94.7
68 81.8
69 95.4
70 1.5
71 70.5
72 26.1
73 7.7
74 14.2
75 17.5
76 88.5
77 67.3
78 40.2
79 25.7
80 91.2
81 43.3
82 83.6
83 19.3
84 93.5
85 20.8
86 49.3
87 88.7
88 68.3
89 51.2
90 66.3
91 42.9
92 26.2
93 48.5
94 45.7
95 26.6
96 47.3
97 15.2
98 96.1
99 48.4
