1000
0 6.3
1 62.1
2 38.8
3 92.7
4 15.8
5 14.9
6 30.2
7 91.2
8 74.7
9 35.8
10 37.7
11 78.3
12 60.9
13 96.4
14 65.8
15 28.9
16 47.2
17 74.8
18 65.3
19 25.3
20 97.5
21 92.9
22 32.2
23 62.9
24 95.2
25 65.4
26 88.5
27 69.6
28 89.4
29 31.1
30 41.8
31 59.4
32 16.7
33 58.2
34 85.9
35 3.5
36 94.5
37 28.6
38 71.3
39 93
40 15.3
41 65.5
42 81.7
43 76.8
44 51.3
45 12.6
46 77.7
47 79.7
48 16.2
49 26.3
50 43.9
51 16.3
52 91.6
53 32.4
54 63
55 22.6
56 47.1
57 13.8
58 87.4
59 12.7
60 61.8
61 12.3
62 50.2
63 3.7
64 46.5
65 4.4
66 77.1
67 40.8
68 74.3
69 29.2
70 67.2
71 54.4
72 66.9
73 79
74 82
75 33.6
76 71.2
77 64.1
78 10
79 46.7
80 73.5
81 79.7
82 1.2
83 97.3
84 82.7
85 30.1
86 8.7
87 95.6
88 58.8
89 13.4
90 74.4
91 24.6
92 16.4
93 41.1
94 81.8
95 27.7
96 41.9
97 94
98 50.2
99 4.7
100 81.1
101 91.5
102 98.5
103 5.8
104 56.5
105 12.1
106 86.3
107 1.2
108 47
109 31.5
110 28.8
111 51.1
112 61.3
113 13
114 15.9
115 89
116 72.8
117 35.9
118 97.4
119 15.1
120 38.9
121 79.1
122 81.7
123 4.5
124 96.2
125 97.3
126 31.5
127 20.2
128 64.9
129 79.1
130 88.9
131 33.3
132 12.6
133 84.5
134 46.2
135 60.9
136 84.3
137 95
138 82.6
139 96.5
140 86.4
141 52.7
142 86.9
143 33.9
144 94.5
145 30.4
146 16.9
147 90
148 80.1
149 40.1
150 11.5
151 37.5
152 66.5
153 37.5
154 69.3
155 66.1
156 4.8
157 68.8
158 37.7
159 50.1
160 82.3
161 17
162 48.6
163 97.8
164 12.6
165 27.8
166 22.2
167 35.7
168 88.3
169 37.1
170 16
171 88.8
172 12
173 34
174 39.5
175 7.7
176 44
177 2
178 9.9
179 93.9
180 37.8
181 77.3
182 57.5
183 72.5
184 83.4
185 53.4
186 87.4
187 88.6
188 28.2
189 66.1
190 80.9
191 45.2
192 18.7
193 70.8
194 58.9
195 40
196 13.7
197 23.3
198 62.7
199 43.4
200 65.5
201 93.3
202 11.1
203 24
204 41.2
205 59.3
206 89.1
207 45
208 90.5
209 83.2
210 56.4
211 95.2
212 30
213 87.8
214 32.8
215 41.9
216 48.4
217 48.8
218 5.6
219 59.5
220 91.8
221 54.6
222 16.8
223 63.3
224 8.6
225 83
226 54.9
227 33.1
228 40.6
229 53.9
230 99.7
231 91.9
232 33.4
233 51.5
234 93.6
235 45.7
236 33.3
237 95.8
238 74.5
239 68.7
240 63
241 58.1
242 8.8
243 7.2
244 99.7
245 85.4
246 49.3
247 43.8
248 29
249 95.7
250 56.5
251 4.7
252 31.4
253 99.5
254 98.5
255 20.7
256 40.3
257 99.6
258 74.2
259 62.6
260 31.1
261 2.4
262 97.8
263 35.4
264 10.8
265 8.3
266 5.6
267 28.3
268 19
269 44.7
270 5.1
271 20.4
272 75.7
273 13.9
274 79.9
275 17.4
276 51.1
277 44.7
278 68.9
279 71.5
280 36.6
281 43.5
282 70.1
283 72.5
284 57.4
285 28.2
286 68.2
287 39
288 33.4
289 73.2
290 36.5
291 64
292 65.7
293 19.2
294 86
295 72.6
296 82.8
297 25.5
298 77.5
299 50
300 2.6
301 2.2
302 13.7
303 19.2
304 86
305 64.5
306 97.6
307 85.3
308 22.8
309 56.4
310 24.1
311 37
312 30.1
313 49.9
314 89
315 4.1
316 96.1
317 65.7
318 67.5
319 69
320 97.6
321 26.2
322 76
323 64
324 39
325 86.3
326 18.6
327 90.5
328 53.8
329 31.8
330 30
331 39.4
332 71.4
333 28.2
334 22.6
335 16.2
336 97
337 93.2
338 53.2
339 96.9
340 51
341 9.8
342 17.5
343 10.2
344 7.8
345 53.5
346 76.6
347 73.3
348 33.1
349 42.6
350 60.9
351 43.8
352 78.2
353 53
354 50.6
355 22.1
356 50.1
357 57.3
358 57.1
359 38.9
360 69.3
361 96.4
362 32.4
363 40.2
364 58
365 16
366 37.9
367 5.8
368 50.6
369 2.9
370 99.8
371 51.5
372 75.3
373 14.9
374 32.1
375 44.6
376 21.2
377 46.8
378 32.9
379 18
380 10.6
381 76.3
382 7.8
383 67.3
384 68.2
385 5.4
386 63
387 38.8
388 69
389 88.1
390 42.9
391 97.3
392 82.2
393 59.9
394 75.9
395 75.7
396 49.6
397 83.9
398 2.8
399 41.2
400 75.2
401 88.2
402 80
403 4
404 53.6
405 95.9
406 52.9
407 97.5
408 12.5
409 94.7
410 52.4
411 89.9
412 61.5
413 11.6
414 68.4
415 41.8
416 83.3
417 24.9
418 22.6
419 27.3
420 70.2
421 23.4
422 53.3
423 55.1
424 59.6
425 55.3
426 57.4
427 66.4
428 74.1
429 87.3
430 16.2
431 53.4
432 16.2
433 35.6
434 70.5
435 64.1
436 2.9
437 63.8
438 89.5
439 77.3
440 93.6
441 90.5
442 63.3
443 11.7
444 41.2
445 4.6
446 98.5
447 89.4
448 99.8
449 16.3
450 6.3
451 44
452 27
453 24.1
454 72.8
455 46
456 73.3
457 88
458 61.9
459 21.1
460 14.6
461 88.6
462 26.8
463 16.2
464 97.2
465 37.7
466 89.5
467 37.3
468 42
469 64.5
470 80.6
471 2.9
472 95.1
473 53
474 99.4
475 55.4
476 5.7
477 16.6
478 70.4
479 56.9
480 95.6
481 46.9
482 61.8
483 16.2
484 24
485 82
486 27.4
487 67.2
488 52.3
489 12
490 62.4
491 20.9
492 27.3
493 70.9
494 57.1
495 26
496 83.4
497 17.9
498 6.2
499 68
500 61.6
501 89.4
502 62.6
503 85.7
504 86.7
505 60.5
506 49.9
507 42.7
508 11.4
509 22
510 39
511 34
512 4.7
513 27.7
514 27.5
515 50.3
516 63.8
517 85.5
518 5.7
519 8.8
520 25.1
521 26.8
522 23.6
523 27
524 97.3
525 32
526 9.1
527 82.2
528 95
529 61.2
530 9.1
531 57.4
532 18.2
533 40
534 64.9
535 16.4
536 59.7
537 96.3
538 3.1
539 15.5
540 50.4
541 87.9
542 1.1
543 71.9
544 1.1
545 92.8
546 55.9
547 38.3
548 90.2
549 43.6
550 3.7
551 70.5
552 76.5
553 82.6
554 81.3
555 51.9
556 81.2
557 95.2
558 76.2
559 73.8
560 49.1
561 87.9
562 84.5
563 57.5
564 58.3
565 69
566 98.3
567 47.3
568 32.1
569 47.9
570 19.3
571 58.4
572 3.3
573 94.6
574 27
575 41.1
576 65.9
577 63.7
578 75.4
579 24
580 76.7
581 89.5
582 13.8
583 94
584 72.3
585 31.2
586 46.4
587 66
588 55.1
589 34.5
590 70
591 70.2
592 17.6
593 8.9
594 36.7
595 2.6
596 55
597 64.8
598 87.4
599 82.4
600 98
601 43.4
602 49.6
603 30.6
604 99.3
605 97.5
606 70.8
607 97.7
608 27.1
609 40.3
610 24.1
611 54.3
612 6.7
613 10.5
614 80.7
615 81.6
616 14.3
617 43.2
618 26.1
619 89.1
620 20.1
621 97.7
622 55.2
623 86.4
624 52.7
625 11
626 50.4
627 51
628 74.6
629 59.8
630 22.3
631 24.4
632 6
633 47.3
634 80.6
635 35
636 29.7
637 71.7
638 35.4
639 19.3
640 25.1
641 51.7
642 37.1
643 11.8
644 84.5
645 49.2
646 37.5
647 98.2
648 16
649 28.3
650 50.3
651 88.5
652 68.5
653 60.6
654 63.3
655 15.7
656 49.9
657 98.9
658 66.8
659 61
660 92.2
661 95.7
662 84.6
663 2.7
664 98.2
665 52.5
666 29.1
667 62.2
668 37
669 35.1
670 95.9
671 83.7
672 64.2
673 27.1
674 87.4
675 58.7
676 5
677 53.3
678 46.9
679 22.9
680 13.2
681 23.8
682 86
683 91.8
684 39.1
685 73.4
686 11.3
687 8.3
688 65.7
689 3.7
690 72.1
691 42.3
692 72.8
693 53.1
694 83.1
695 94.5
696 35.4
697 22
698 13
699 80.6
700 39
701 30.9
702 63.9
703 7.2
704 64.4
705 76.7
706 15
707 29.7
708 94.4
709 86.3
710 16.9
711 35.1
712 69.6
713 20.2
714 97.5
715 18.4
716 75.2
717 1.3
718 10.8
719 57.2
720 74.1
721 36.2
722 3.5
723 27.4
724 2.8
725 34.9
726 94.9
727 74.5
728 73.4
729 30.3
730 84.7
731 19.5
732 72.4
733 52.7
734 38.1
735 35.7
736 15.6
737 67.9
738 14.1
739 88
740 72.8
741 94
742 18.2
743 70.5
744 98.1
745 24
746 61.2
747 22.2
748 63.7
749 21.9
750 64.9
751 15.4
752 50.7
753 2.3
754 84.3
755 29.8
756 36.5
757 21.1
758 10.2
759 91.7
760 20.1
761 15.1
762 61.3
763 10.3
764 37.5
765 8.2
766 53.7
767 52.5
768 7.6
769 62.9
770 81.1
771 66.5
772 71.3
773 31.9
774 53.5
775 87
776 26.5
777 17.7
778 91.7
779 65.9
780 91.5
781 5.6
782 72.5
783 47.4
784 75.6
785 70.6
786 24.5
787 41.4
788 36.4
789 69.4
790 20.6
791 9.7
792 60
793 82.4
794 29.8
795 29.8
796 86.8
797 8.8
798 73.9
799 85.2
800 35
801 62.2
802 38.9
803 96.2
804 68.9
805 2.3
806 38.2
807 76.6
808 37
809 91.5
810 8.2
811 79
812 2.7
813 4.1
814 55.6
815 66
816 96.4
817 28.5
818 32.9
819 44.6
820 11.6
821 84.4
822 91.9
823 20.1
824 53.9
825 92.1
826 65.9
827 10.9
828 94.9
829 45.9
830 94.7
831 57.8
832 88.5
833 54.3
834 2.7
835 41.7
836 10.2
837 82.8
838 55.9
839 89.1
840 40.1
841 41.1
842 44.8
843 49.6
844 19.6
845 67.2
846 42.5
847 46.6
848 35.4
849 53.2
850 83
851 27.4
852 84.9
853 46.1
854 25.7
855 99
856 61.4
857 77.1
858 43.3
859 92.4
860 85.6
861 30.2
862 75.6
863 13.5
864 17.9
865 46.2
866 23.2
867 41.7
868 62.2
869 62.6
870 57.6
871 22.7
872 61.2
873 37.3
874 60.1
875 47.3
876 23.5
877 41.8
878 49.2
879 27.3
880 11
881 94.2
882 47.4
883 70.8
884 74.1
885 79.9
886 85.4
887 59.2
888 95.5
889 1.7
890 8
891 86.3
892 32.5
893 7.5
894 31.7
895 21.4
896 39.6
897 12.8
898 25.3
899 61.5
900 47.7
901 32.3
902 79.4
903 43.3
904 78.4
905 34.9
906 66.4
907 49.6
908 38.5
909 68.4
910 53
911 49.2
912 80.5
913 39.1
914 31.7
915 79.6
916 38.9
917 90
918 58.6
919 44.7
920 13.9
921 34.2
922 21.5
923 94.8
924 14.1
925 78.6
926 25.6
927 50.7
928 86
929 28.4
930 10.8
931 32.5
932 47.2
933 32
934 89.7
935 40.2
936 51
937 59.2
938 41.3
939 73.9
940 66.6
941 2.7
942 70.4
943 27.2
944 64.3
945 32.8
946 30
947 54.3
948 3.2
949 90
950 61
951 90
952 62.4
953 17.6
954 74.5
955 50.1
956 64.7
957 32
958 18.7
959 44.7
960 81.3
961 6.4
962 6.2
963 24
964 18.9
965 12
966 18.7
967 60.8
968 52.4
969 27.3
970 72.6
971 52.5
972 10
973 34.4
974 3.5
975 49.4
976 46.5
977 26.2
978 38.8
979 46.6
980 62.8
981 11.8
982 97.4
983 51.2
984 49.3
985 10.8
986 27.9
987 46.5
988 85
989 69.5
990 55.8
991 94.4
992 54.9
993 36.6
994 48.6
995 2
996 58.5
997 32.6
998 19.5
999 77.1
