100
0 64.3
1 13.3
2 10.7
3 90.7
4 54.1
5 93.2
6 78.1
7 89.3
8 92.1
9 79.7
10 45.6
11 71.5
12 16.6
13 48.6
14 99.1
15 5.2
16 89
17 74.5
18 4.9
19 50.5
20 79.4
21 64.5
22 65.9
23 23.5
24 49.1
25 2.5
26 18
27 17.4
28 62
29 9.9
30 88.2
31 93
32 99.6
33 31
34 31.5
35 86.2
36 14.4
37 75.7
38 53.5
39 32.4
40 36.8
41 75.5
42 21.3
43 37.3
44 42.5
45 42.3
46 57.5
47 55.9
48 82
49 42.7
50 70.2
51 71.1
52 77
53 10.2
54 42.1
55 37.9
56 50.2
57 23
58 77
59 85.6
60 55.5
61 51
62 20
63 19
64 62.2
65 48.9
66 93.5
67 36.7
68 79.2
69 66.7
70 41.4
71 7.5
72 40.6
73 4.8
74 50.3
75 1.6
76 45.3
77 84.9
78 48.7
79 46.8
80 69.3
81 73.6
82 92.8
83 2.9
84 64.1
85 36.1
86 1.7
87 50.5
88 30.2
89 4.1
90 9.8
91 50.6
92 14.3
93 28.7
94 98.7
95 47.4
96 20.7
97 14.2
98 94.1
99 50.9
