500
0 473.8
1 994.8
2 1497.4
3 1898.1
4 1630.7
5 1689.6
6 1167.2
7 1692.4
8 617.3
9 523.1
10 1080.2
11 387.5
12 277.3
13 146.6
14 241.9
15 929.2
16 790.2
17 1664.8
18 1741.7
19 1067.1
20 934.8
21 675.6
22 1581
23 1283.8
24 1324.4
25 1045.6
26 506
27 1788.1
28 1684.5
29 1044.1
30 1334.6
31 720.7
32 329.3
33 461.7
34 1339.1
35 659.3
36 258.1
37 210.2
38 1692.8
39 1497.1
40 1834.1
41 1061.8
42 1914.6
43 256.7
44 218
45 267.6
46 1279.7
47 1316.1
48 763.8
49 1036.7
50 1170.7
51 1414.1
52 1374.9
53 737.7
54 1745.2
55 15.9
56 1423.7
57 263.1
58 837.6
59 366.4
60 1666.9
61 482.4
62 949.7
63 915
64 1664.6
65 576
66 1540.9
67 1213.9
68 335.9
69 1705.6
70 1467.5
71 1492.2
72 1041.8
73 1682.6
74 1389.1
75 1761.1
76 1848.4
77 580.4
78 211.9
79 960.2
80 991.9
81 1265.4
82 1072
83 268.7
84 924.5
85 1026
86 159.3
87 1715.7
88 559.9
89 434.9
90 218.3
91 1254.1
92 941
93 1410.8
94 1564.3
95 451.5
96 614.7
97 153.1
98 1213.8
99 385.4
100 1283.9
101 1419.4
102 998.7
103 505.2
104 1957.4
105 1065.1
106 1846.4
107 212.5
108 1258
109 84.3
110 778.9
111 1086.3
112 1927.3
113 55.5
114 1699.1
115 1208.2
116 454.2
117 118.6
118 1662.5
119 225.2
120 1277.6
121 242.5
122 1412
123 1159.6
124 1744.9
125 807.6
126 866.1
127 1555.4
128 1725.5
129 1990.8
130 118
131 1330.8
132 1419.7
133 1590.9
134 1211.5
135 684.7
136 893.1
137 680.8
138 1366.8
139 9.4
140 1609.3
141 1905.8
142 13
143 1656.8
144 785.3
145 88.1
146 1542.9
147 1919.4
148 1903.8
149 622.8
150 105.8
151 994.7
152 298.3
153 381.5
154 1546.8
155 1112.2
156 729.9
157 1763.7
158 1321.5
159 1209.9
160 1761.6
161 1391.9
162 929.2
163 108.1
164 1129.4
165 760.1
166 142.2
167 1940
168 1100.2
169 1661.1
170 238.8
171 1586.6
172 960.8
173 1615
174 972.5
175 306.6
176 1990.6
177 72.8
178 1977.6
179 479
180 155.1
181 1707.3
182 775.2
183 824
184 983.9
185 1583.7
186 133.1
187 547.5
188 1992
189 22.7
190 1594.5
191 677.4
192 1281.9
193 633.6
194 772.5
195 1099
196 1513.3
197 96
198 1841
199 147
200 260.7
201 1173.5
202 918.9
203 1113.8
204 186.6
205 1710.2
206 587.4
207 870.8
208 145
209 801.3
210 1593.6
211 317.3
212 734.6
213 1457.3
214 1360.2
215 1432.1
216 875.5
217 900.2
218 1338.8
219 81
220 1074.5
221 857.6
222 1823.2
223 428.5
224 902.5
225 1515.7
226 1756.8
227 1089.9
228 327.9
229 1648.4
230 1530.5
231 35.9
232 1852.6
233 741.3
234 1794.7
235 98.8
236 1696.3
237 1908.7
238 1171.3
239 1704.2
240 993.7
241 17.6
242 1628.4
243 925.6
244 1473
245 1500.9
246 1349.5
247 245.6
248 1901.7
249 1493.6
250 843.7
251 1483.1
252 711.7
253 1267.5
254 1520.9
255 1642
256 1540.4
257 255.7
258 1138.8
259 174.6
260 984.9
261 1950.7
262 513
263 711.2
264 782.6
265 1893.5
266 272.9
267 1643.7
268 1171.5
269 1651.6
270 1379.3
271 413.9
272 1825.2
273 549
274 197.4
275 1316.3
276 915.5
277 1683.3
278 563.1
279 644.9
280 1240
281 1300.5
282 385.6
283 199.8
284 720.8
285 1334.9
286 826.5
287 272.8
288 115.9
289 41.9
290 361.2
291 554.1
292 989.2
293 634.5
294 1282.6
295 1217.7
296 1009.5
297 588.8
298 114.9
299 104.6
300 714.7
301 1785.8
302 564.1
303 737.8
304 1477.9
305 1638.9
306 372.9
307 167.5
308 453.8
309 121.1
310 561.3
311 1138.2
312 1003.2
313 153.1
314 658.5
315 662
316 1394
317 1474.5
318 200.4
319 1392.9
320 637.7
321 1257.5
322 1591.7
323 329.8
324 17.8
325 307
326 1835.1
327 1376.2
328 1003.5
329 225.2
330 281.4
331 727
332 1421.6
333 1387.2
334 1481.6
335 303.5
336 1910.9
337 1611.6
338 450.7
339 685.3
340 34.2
341 385
342 1912.5
343 403.7
344 1860.8
345 1396.4
346 658.4
347 428
348 1783
349 1264.5
350 1513.9
351 95.1
352 1677.7
353 1746.7
354 492.3
355 1036.1
356 1381.2
357 1621.1
358 37.4
359 1827
360 1733.6
361 145.7
362 1202.3
363 1986.1
364 631.5
365 1388
366 622.1
367 1996.6
368 1568
369 1995
370 1114.4
371 1144
372 1227.6
373 178.7
374 750.2
375 1216.1
376 1875.8
377 513.4
378 812.1
379 689.1
380 1204.2
381 885.5
382 1707.8
383 1989.5
384 1749.2
385 901.3
386 1418.7
387 555.3
388 923.8
389 1369.8
390 690.7
391 1154.9
392 1327.7
393 163.2
394 878.4
395 17.3
396 170.2
397 1361.4
398 1515.2
399 403.7
400 1281.6
401 417.6
402 1893.8
403 1882.7
404 445.1
405 926.3
406 1879
407 616.9
408 973.7
409 33.5
410 1352.6
411 75.6
412 1330.6
413 66.1
414 5.3
415 1640.2
416 1058.9
417 1531.8
418 413.5
419 1933.4
420 378.1
421 1665.7
422 511.3
423 1825.8
424 1747
425 193.1
426 511.4
427 1962.1
428 166.9
429 1500.6
430 322.1
431 590.3
432 430.2
433 205.9
434 1053
435 714.2
436 1500.2
437 1698.8
438 96.7
439 516.1
440 1129.5
441 1446.9
442 604.3
443 206.8
444 1047.9
445 1489.7
446 1649.4
447 1031.3
448 303
449 450.6
450 1084
451 1120.6
452 1111.2
453 1800.2
454 49.1
455 1450.1
456 1549.8
457 1493.4
458 1855.2
459 1860.1
460 1063
461 1876.7
462 429.4
463 762.8
464 1131.4
465 1650.3
466 1172.1
467 597.1
468 1730.4
469 1407.5
470 443.1
471 1265.4
472 327.2
473 1091
474 190.1
475 566
476 1922.7
477 1547.4
478 1609.9
479 1943
480 94.4
481 898.3
482 1581
483 100.2
484 1245.7
485 1698.5
486 1816.3
487 1484.3
488 444.4
489 1411.3
490 653.6
491 598.6
492 849.2
493 1435.7
494 1934.3
495 1147.6
496 495.1
497 805
498 71.6
499 144
