500
0 87.6
1 72.6
2 96.3
3 54.6
4 67.5
5 1.4
6 34.5
7 63.7
8 17.9
9 39.8
10 10.7
11 37.7
12 31.5
13 19.7
14 57.1
15 14.2
16 66.8
17 58.8
18 72.7
19 76.8
20 60.2
21 8.4
22 72.8
23 30
24 51.4
25 96.6
26 3
27 84.5
28 40.2
29 96.6
30 58.1
31 15.8
32 86.6
33 56.8
34 58.3
35 67.9
36 68.2
37 55.7
38 12.9
39 6.7
40 27.9
41 79
42 10.8
43 78.2
44 51.6
45 15.7
46 48.4
47 96.9
48 28.1
49 14.9
50 52
51 98.5
52 74.3
53 81.9
54 15.9
55 2
56 9.7
57 79
58 76.6
59 84.8
60 4
61 85.8
62 51
63 92.2
64 17
65 51.7
66 45
67 24.5
68 99.9
69 60.8
70 7.1
71 67.1
72 54.7
73 39.5
74 27.3
75 15.9
76 36.6
77 29.7
78 77.6
79 45.9
80 23.8
81 18.4
82 47.4
83 48.8
84 26.6
85 85.5
86 24.5
87 48.3
88 62.1
89 82.2
90 84.3
91 19.6
92 94.6
93 9.1
94 73.9
95 7.1
96 14.5
97 83.2
98 37.2
99 35.4
100 57.3
101 67.3
102 65.8
103 19.7
104 27.5
105 20.5
106 74.9
107 64.6
108 72.2
109 37.5
110 37.2
111 27.6
112 2.5
113 47.4
114 36.9
115 65.2
116 27.8
117 28.9
118 67.4
119 16.9
120 74.3
121 93.1
122 90.9
123 73
124 36.4
125 1.8
126 3.2
127 54.7
128 50.7
129 16.3
130 57.9
131 34.5
132 4.7
133 19.1
134 3.1
135 7.5
136 27.9
137 68.9
138 84.6
139 3.2
140 16
141 48.5
142 17.8
143 95.5
144 72.5
145 32.8
146 91.5
147 64.9
148 79.4
149 59.6
150 99.6
151 48.9
152 98.3
153 17.1
154 13.5
155 28.6
156 55.8
157 4.4
158 4.7
159 96.8
160 74.4
161 56.6
162 39.4
163 53.6
164 37.2
165 12.4
166 74.9
167 32
168 1
169 8.2
170 74.5
171 52.2
172 83.3
173 83.3
174 79.9
175 49.4
176 77.4
177 57.1
178 80.9
179 65.1
180 45.4
181 21.3
182 38.7
183 45.9
184 26.7
185 7.4
186 37.4
187 98
188 72.1
189 31.9
190 72.4
191 80.6
192 65.2
193 29.8
194 28.6
195 73.9
196 22
197 75.6
198 39.8
199 30.6
200 33.3
201 72.1
202 10.5
203 75.8
204 13.5
205 66.3
206 4.4
207 42.7
208 22
209 15.1
210 60.9
211 42.8
212 51.1
213 98.7
214 75.1
215 55.3
216 63
217 63.8
218 65
219 10.3
220 62.9
221 84.5
222 40
223 63.1
224 17.1
225 87.6
226 75.2
227 28.3
228 5.1
229 67.7
230 68.6
231 55
232 20.5
233 78
234 64.6
235 43.8
236 99.7
237 21.6
238 96.6
239 99.3
240 45.6
241 17.9
242 59
243 65.1
244 31.3
245 95.7
246 22.7
247 68.1
248 23.4
249 72.8
250 33.6
251 28.2
252 89.7
253 79.9
254 89.2
255 92.2
256 17.8
257 70.8
258 31.4
259 43.9
260 58.2
261 57
262 16.4
263 94.8
264 73
265 11.2
266 35.2
267 84.1
268 65.9
269 15.6
270 90.1
271 89.2
272 85.5
273 88.6
274 32.1
275 16.5
276 37.6
277 76.6
278 30.9
279 40
280 2.5
281 30.8
282 11.9
283 15.8
284 38.3
285 90
286 42.3
287 95.3
288 56.3
289 65.8
290 20.7
291 21
292 14.5
293 88.4
294 57.7
295 70
296 70.8
297 48.8
298 20.4
299 4.9
300 33.7
301 77.3
302 95
303 99
304 12.1
305 74.4
306 1.8
307 68
308 66.9
309 92.1
310 80.1
311 96.5
312 89
313 15
314 56.3
315 77.8
316 65.9
317 51.5
318 27
319 4.8
320 58.7
321 47.8
322 14.8
323 95.9
324 70.8
325 89.1
326 65.5
327 66.1
328 5.4
329 50.8
330 89
331 50
332 2.9
333 92.2
334 57.6
335 52.1
336 3.4
337 48.3
338 48.1
339 69.5
340 51.9
341 63.2
342 22.6
343 95.7
344 2.3
345 46.1
346 90.8
347 85.3
348 82
349 77.5
350 74.3
351 51.6
352 93.6
353 61.9
354 82.3
355 15.9
356 43.5
357 5.7
358 23.1
359 11.3
360 9.1
361 94
362 6.5
363 77.6
364 58.5
365 17.4
366 62.5
367 32.4
368 78.9
369 77.3
370 21.4
371 14.5
372 54.2
373 34.6
374 8.8
375 42.9
376 96.7
377 66.9
378 70.8
379 83.2
380 40.3
381 71.3
382 87
383 88.5
384 36.9
385 9.5
386 40.7
387 55.4
388 32.3
389 8.9
390 5.7
391 67.3
392 13.4
393 69.5
394 1.6
395 99.9
396 76.8
397 91.6
398 90.1
399 87.5
400 48.3
401 75.2
402 81
403 14.1
404 24.9
405 96.1
406 5.4
407 56.3
408 41.4
409 28.5
410 14.9
411 29.2
412 31.4
413 59.5
414 56.3
415 20.9
416 50
417 91.7
418 12.6
419 10.5
420 89
421 87
422 22
423 31.7
424 43.4
425 1.5
426 18.5
427 54.7
428 46.9
429 15.2
430 68.4
431 79.2
432 56.5
433 73.2
434 57.3
435 49.8
436 67.4
437 43
438 90.2
439 85.3
440 32.9
441 30.5
442 48.8
443 62.8
444 46.7
445 45.5
446 7.3
447 88
448 5.3
449 75.2
450 41.5
451 25.9
452 25.2
453 52.5
454 95.4
455 80.5
456 36.2
457 42
458 76.7
459 2.8
460 10.6
461 56.7
462 41
463 44.8
464 70.8
465 59.4
466 23.6
467 46.5
468 30.3
469 70.6
470 40.3
471 62.8
472 54.3
473 36.2
474 67.5
475 24.6
476 18.2
477 29.1
478 80.5
479 47.1
480 12.8
481 54.6
482 63.1
483 96.8
484 25.1
485 50.7
486 41.1
487 59.1
488 53.3
489 3.8
490 70.1
491 51.7
492 1.4
493 64.7
494 97.3
495 9.6
496 43
497 38.8
498 21.1
499 72.8
