500
0 98.1
1 67.7
2 36.5
3 8.2
4 58.1
5 89.9
6 18.6
7 68.5
8 55.4
9 10.6
10 71.4
11 55.7
12 97.4
13 72
14 47.5
15 36.8
16 6.5
17 56.1
18 4.9
19 3.8
20 45.5
21 57.4
22 31.4
23 5.2
24 39.5
25 23.1
26 52.8
27 21.3
28 70
29 68.5
30 13.8
31 87.2
32 12.6
33 98.4
34 87.9
35 97
36 73.1
37 58.4
38 39.5
39 62.2
40 55.5
41 70.8
42 74.6
43 1.2
44 50.9
45 39.9
46 84.5
47 89
48 25.1
49 26.4
50 64.3
51 99.4
52 97.3
53 73.8
54 72.3
55 30.7
56 43.3
57 31.5
58 23.4
59 56.9
60 10.7
61 30
62 50.7
63 90
64 35.9
65 52.6
66 82.4
67 35
68 13.8
69 53.4
70 60.1
71 54.5
72 17.5
73 1.8
74 75.6
75 8.9
76 35.9
77 83.6
78 1.8
79 90.7
80 63.2
81 44.3
82 93.6
83 43.1
84 60.3
85 77.4
86 52.6
87 22.8
88 17.3
89 89
90 65.2
91 83
92 60.2
93 64.2
94 79.2
95 64.8
96 97.2
97 23.1
98 91.5
99 99.1
100 51.7
101 31.9
102 47.2
103 25
104 47.9
105 45.8
106 32.5
107 2.8
108 17
109 8.8
110 36
111 78.3
112 36
113 49.1
114 98
115 76.8
116 91.5
117 71.5
118 66.4
119 32.5
120 76.7
121 1.7
122 71.9
123 84.7
124 12.6
125 15.6
126 37.7
127 69.2
128 76.3
129 57.8
130 1.5
131 3.7
132 94.3
133 85.2
134 40.6
135 3.3
136 85.6
137 65.2
138 28.5
139 2.7
140 10.7
141 85.5
142 69.3
143 21.5
144 80.2
145 5.9
146 59.6
147 12.1
148 97.4
149 36.8
150 90.7
151 28.3
152 12.6
153 12.4
154 58
155 59.3
156 59
157 70
158 71.7
159 83
160 54.4
161 44.4
162 21.2
163 20.6
164 83.6
165 82.4
166 8.5
167 8.4
168 97.1
169 22.1
170 20.6
171 31.7
172 31
173 36
174 89.9
175 71.3
176 8.1
177 84.4
178 66.5
179 34.4
180 86.8
181 20.6
182 41.6
183 74.2
184 92.6
185 46
186 49.2
187 88.9
188 78.7
189 98
190 79.4
191 48.3
192 79.2
193 85.4
194 62.2
195 90.9
196 13.4
197 88.8
198 53.5
199 78.7
200 18.3
201 66.7
202 89.6
203 20.4
204 17.8
205 24.4
206 5.2
207 15.9
208 52.2
209 24.9
210 76.2
211 87.6
212 78.8
213 57
214 43.2
215 96.5
216 76.3
217 74.3
218 38.5
219 77.2
220 93.2
221 62.2
222 59.7
223 89
224 5.6
225 63.9
226 85.6
227 90.3
228 93.5
229 33
230 8.1
231 1.1
232 66.9
233 81.3
234 52.8
235 19.6
236 1.1
237 12.7
238 54.3
239 70.8
240 51.5
241 97.1
242 37.8
243 83.2
244 8
245 94.3
246 49.1
247 76.2
248 68.4
249 85.3
250 23
251 33.6
252 75
253 24.5
254 1.5
255 67.5
256 69.5
257 44.8
258 43
259 75.2
260 15.6
261 22.7
262 61.3
263 78.3
264 83.9
265 98.9
266 60
267 22.7
268 72.6
269 94.8
270 8.5
271 44.7
272 16.8
273 76.5
274 65.6
275 80.3
276 41.6
277 46.9
278 16.1
279 20.9
280 37.8
281 89.4
282 27.8
283 21.7
284 79.1
285 72.6
286 17.3
287 85.5
288 58.7
289 79.4
290 55.7
291 19
292 91
293 91.7
294 97.1
295 26.7
296 81.9
297 58.8
298 44.1
299 34.6
300 52.7
301 1.6
302 79.2
303 7
304 93.9
305 20.8
306 48.1
307 29.1
308 22.3
309 23.4
310 58.2
311 92.1
312 88.2
313 42.1
314 39
315 5.1
316 48.6
317 25.8
318 27.9
319 70.1
320 34.3
321 24.1
322 60.6
323 48.2
324 96.5
325 94.5
326 23.9
327 72.3
328 59
329 63
330 17.6
331 18.5
332 96.6
333 18.2
334 30.9
335 60.9
336 92.2
337 12.7
338 91.7
339 31.7
340 66.1
341 8.5
342 38.2
343 31.9
344 81.2
345 73.6
346 1.9
347 82.8
348 11.7
349 83.8
350 55.2
351 39.4
352 25.4
353 40.5
354 1.4
355 5.8
356 91.6
357 22.1
358 41.4
359 6.4
360 12.8
361 12.2
362 12.9
363 92.9
364 35.5
365 36
366 67.6
367 52.4
368 55.6
369 15.3
370 48.1
371 32.6
372 9.5
373 28.3
374 93.8
375 2.1
376 10.9
377 9.5
378 77.6
379 21.2
380 91.9
381 71.3
382 37.4
383 28.3
384 44.1
385 3
386 73.5
387 50
388 71.5
389 12.4
390 26.8
391 16.5
392 51
393 77.8
394 98.7
395 88.7
396 83.3
397 32.4
398 34.7
399 37.4
400 73.3
401 94.7
402 19.8
403 41.4
404 30.2
405 23.3
406 68.5
407 83.6
408 31.4
409 75.1
410 53.2
411 29.2
412 66.2
413 43.8
414 20.6
415 66.4
416 9.2
417 51.9
418 81.3
419 8.4
420 45.4
421 56.8
422 23.5
423 4.4
424 1.4
425 49.4
426 93.1
427 12.6
428 42.9
429 15
430 7.6
431 38
432 97.1
433 74.1
434 71.3
435 47.1
436 58.8
437 21
438 19.1
439 15.1
440 30.6
441 8.3
442 62.5
443 77.1
444 87.7
445 45.8
446 6.3
447 7.5
448 5.2
449 12.4
450 26
451 19.5
452 46.1
453 69
454 97.6
455 3
456 70.5
457 80.2
458 68.6
459 34
460 52.4
461 84.7
462 44.2
463 29.1
464 32.4
465 35.2
466 14.9
467 97
468 21.1
469 73.2
470 44.5
471 50.2
472 7.7
473 3.6
474 75.7
475 31.4
476 4.7
477 28.8
478 28.6
479 75.4
480 27.5
481 29.3
482 68.2
483 61.9
484 42.2
485 96.3
486 62.8
487 53.2
488 75.1
489 40
490 93.2
491 94.8
492 15.7
493 37.7
494 73.1
495 42.1
496 59.4
497 17.7
498 39.9
499 47.9
