100
0 59.2
1 10
2 7.5
3 23.1
4 21.6
5 35.5
6 23.5
7 71.4
8 59.6
9 39.7
10 65.5
11 75.2
12 27.7
13 66.9
14 9.9
15 84.3
16 3.8
17 6.4
18 50.6
19 73.5
20 53.1
21 35
22 10.1
23 76.8
24 21.2
25 86.1
26 54.3
27 40.6
28 17.3
29 39.5
30 22.6
31 41.1
32 22.6
33 77.5
34 14.1
35 96.1
36 78
37 53.6
38 58.2
39 84.8
40 66
41 79.2
42 73.2
43 90.7
44 4.6
45 25.9
46 44.1
47 70.3
48 61.6
49 32.2
50 96.6
51 30.4
52 52.5
53 20.3
54 71.6
55 34.6
56 47.7
57 24.7
58 67.2
59 60.6
60 6.5
61 24.4
62 72.5
63 76.5
64 88.3
65 64.4
66 20.2
67 84.7
68 16.1
69 89.8
70 86.5
71 64.3
72 3.6
73 14.8
74 24.3
75 56
76 27.9
77 24.3
78 26.6
79 32.6
80 75.4
81 90.5
82 26
83 61.2
84 8.5
85 36.2
86 19.3
87 5.8
88 4.1
89 90.7
90 3.1
91 51.4
92 51.5
93 13.7
94 70.8
95 34.4
96 46.7
97 57.6
98 76.9
99 85.1
