500
0 28.2
1 45.7
2 62.9
3 51.1
4 67.4
5 19.5
6 77.8
7 52.8
8 82.9
9 52.7
10 13.7
11 9.5
12 98.9
13 16
14 59.3
15 88.7
16 76.9
17 44.4
18 79.6
19 46.8
20 51.9
21 16.3
22 35.8
23 65.4
24 97.9
25 30.3
26 41.4
27 77.5
28 44.7
29 81.4
30 24.8
31 25.3
32 85.6
33 53.4
34 96.3
35 29.2
36 39.8
37 70.6
38 57.9
39 90.6
40 10.5
41 89.6
42 36.7
43 66
44 37.1
45 3.4
46 72.7
47 29.9
48 80.9
49 53.2
50 84.8
51 70.2
52 83.1
53 75.7
54 77.7
55 15
56 40.2
57 81.3
58 2.7
59 11.5
60 59.3
61 14.3
62 3.2
63 60.2
64 57.2
65 95
66 34
67 55.7
68 47.9
69 84.1
70 36.5
71 72.5
72 94.2
73 64.2
74 28.6
75 7.4
76 45.3
77 18.6
78 90.8
79 24.5
80 55.3
81 20.6
82 72.3
83 54.5
84 98
85 24.5
86 46.3
87 56
88 85.5
89 33.8
90 51.7
91 54.2
92 99.6
93 94.3
94 14.2
95 45.3
96 85.7
97 98
98 29.7
99 60.7
100 10
101 56.4
102 15.5
103 62.1
104 21.7
105 5.4
106 88.1
107 65.7
108 80.1
109 69.4
110 59.7
111 12.2
112 48.3
113 84.4
114 51.5
115 53.9
116 97.8
117 63.5
118 52.1
119 30.3
120 99
121 20.6
122 29.7
123 54.1
124 90.2
125 73.8
126 88.9
127 92.4
128 31.8
129 16
130 73
131 6.7
132 99.8
133 19.3
134 87.5
135 31.2
136 50.8
137 63.4
138 99.4
139 70.4
140 79.2
141 54
142 52.6
143 45.7
144 56.7
145 90.4
146 47.2
147 51.7
148 84.6
149 53.4
150 99.7
151 45.9
152 90.5
153 71.5
154 92.3
155 15.1
156 70.7
157 55.8
158 23
159 72
160 30.4
161 3
162 62.2
163 39.4
164 23.7
165 75.9
166 33.6
167 87.9
168 81.6
169 20.3
170 87
171 53.8
172 31.9
173 40.3
174 86.3
175 38.6
176 32.4
177 61
178 62.5
179 23.9
180 19.7
181 75
182 28.9
183 40
184 53
185 44.8
186 18.1
187 86.5
188 56.3
189 69.4
190 89.6
191 86.8
192 60.9
193 89.8
194 30.9
195 40.3
196 78
197 86.7
198 11.7
199 48.9
200 84.7
201 29.7
202 34.8
203 74.9
204 2.1
205 4.9
206 45
207 89.8
208 76.2
209 59.5
210 26.1
211 33.1
212 2.5
213 98.2
214 2.7
215 76
216 16.4
217 69.8
218 19.5
219 24.4
220 99.3
221 23.6
222 85.7
223 99.2
224 19.2
225 59.7
226 81.5
227 71.2
228 72.5
229 84
230 32.9
231 29.8
232 15.2
233 42.5
234 68.2
235 42
236 48.4
237 25.6
238 78.8
239 47.3
240 73.3
241 68
242 85
243 3.4
244 6.7
245 68.4
246 77.8
247 12.6
248 95
249 75.4
250 16.8
251 39.5
252 86.5
253 63.8
254 3.9
255 19.8
256 96.1
257 89.6
258 3.2
259 25.9
260 26.9
261 50.2
262 5
263 13
264 33.7
265 50.9
266 47.5
267 13.1
268 71
269 25.8
270 54.2
271 47.4
272 16.1
273 56.5
274 45.5
275 27.3
276 72.1
277 66.8
278 54.7
279 81
280 84.4
281 83.5
282 3.2
283 46.1
284 89.9
285 44.7
286 97.7
287 35.6
288 90.2
289 20.8
290 30.4
291 24.2
292 18.4
293 11.1
294 72.3
295 75.6
296 26.7
297 82.1
298 55.4
299 17.8
300 39.9
301 61.8
302 20.7
303 1.3
304 18.9
305 13.1
306 32.7
307 42.2
308 21.1
309 2.2
310 63.2
311 51.1
312 48.8
313 19.2
314 52.3
315 51.6
316 58.6
317 5.2
318 96.9
319 41.8
320 13.9
321 78.1
322 52.8
323 30.1
324 92.2
325 68.2
326 76.9
327 74.8
328 76.6
329 85.7
330 85
331 17.4
332 96.2
333 24.9
334 80.9
335 45.1
336 26.3
337 18.3
338 34.8
339 42.9
340 80.3
341 86
342 33.9
343 85.5
344 93.6
345 4.1
346 94.2
347 20.4
348 93.8
349 84.1
350 56.7
351 94
352 59.6
353 35.7
354 36.9
355 56.3
356 60
357 8.9
358 83.5
359 57.6
360 13.6
361 84.8
362 37.5
363 47
364 75.2
365 21.3
366 99.4
367 17.2
368 63.6
369 18.3
370 29.1
371 61.9
372 75.4
373 79
374 3.6
375 16.7
376 43.9
377 45.4
378 76.7
379 55.8
380 26.8
381 43.6
382 75.9
383 76.1
384 92.5
385 82.4
386 58.4
387 92
388 25.5
389 67.7
390 10.2
391 76.8
392 34
393 24.8
394 96.5
395 26.3
396 51.4
397 67.4
398 68.8
399 55.1
400 24.8
401 72.3
402 54.3
403 90.6
404 21.9
405 82.4
406 63.3
407 85.1
408 71.4
409 81
410 9.5
411 79.2
412 98.8
413 67.9
414 35.9
415 46.8
416 3.5
417 38.8
418 90.2
419 18.3
420 80.1
421 71.3
422 7.6
423 3.2
424 77.6
425 69.2
426 51
427 23.2
428 65.3
429 46.7
430 17.7
431 53.7
432 65.7
433 40
434 92.4
435 45
436 1.4
437 72
438 91.5
439 59.5
440 79.7
441 19
442 15.8
443 38.1
444 70.3
445 61.3
446 43
447 41.9
448 52.3
449 18.7
450 23.6
451 84.5
452 90.6
453 50.3
454 1.9
455 42.6
456 5.1
457 93.8
458 39.9
459 98.8
460 75.2
461 67.5
462 16.3
463 34.6
464 34.1
465 31.1
466 10.7
467 82.7
468 43.2
469 23.9
470 49.6
471 91.7
472 69.5
473 39.8
474 13
475 46.4
476 81.2
477 95.4
478 40.2
479 25.1
480 63.5
481 1.1
482 89.6
483 22
484 24.6
485 55
486 71.7
487 84.2
488 24.5
489 20.8
490 37.4
491 80.8
492 37.1
493 65
494 75.7
495 13.9
496 55.7
497 42.3
498 62.9
499 2.1
