100
0 321.4
1 1028.4
2 160.1
3 1190.3
4 640.4
5 474.3
6 924.1
7 239.9
8 1040.5
9 749.2
10 494.1
11 872.9
12 812.8
13 779.4
14 647.1
15 1948.8
16 1577.5
17 988.5
18 465
19 103.8
20 158.1
21 1760.6
22 106.9
23 1184.9
24 505.3
25 787.6
26 702.2
27 649.5
28 1173.1
29 1594.3
30 1961
31 432.7
32 1686.7
33 941.3
34 682.4
35 132.6
36 512.6
37 706.1
38 357.1
39 934.7
40 1929.5
41 1457.1
42 1195
43 1766.2
44 166.1
45 1621.1
46 178
47 1453.4
48 1043.9
49 1398.1
50 1941.1
51 1371.6
52 1178.5
53 118.3
54 1004.3
55 1130.3
56 63.4
57 743
58 1904.6
59 340.3
60 1726
61 1876.8
62 339.8
63 1069.5
64 920.5
65 183
66 1983.7
67 1190.5
68 439.5
69 121.3
70 145.3
71 1312.5
72 1301.5
73 545.2
74 1506.9
75 119.6
76 1467.9
77 1998.1
78 1397.8
79 1639.5
80 1701.9
81 1306.2
82 677.3
83 1973.7
84 115.7
85 1834.3
86 285.3
87 1566.1
88 1716.7
89 1081.1
90 1344.7
91 265.6
92 434
93 609
94 623.6
95 1995.5
96 1511.7
97 1665.6
98 1092.1
99 1194.5
