1000
0 41
1 34.8
2 75
3 64
4 38.9
5 70
6 88
7 95.9
8 28.5
9 71.4
10 1.8
11 6.5
12 73.8
13 67.3
14 42.7
15 25.4
16 94.3
17 34.3
18 32.7
19 77.3
20 70.5
21 48.8
22 1.8
23 60.4
24 24.7
25 18.1
26 11.5
27 48.1
28 70.9
29 89.1
30 36.3
31 65.9
32 45.3
33 70.5
34 49.6
35 45.6
36 43
37 66.7
38 26.9
39 55.7
40 92.8
41 84.7
42 69.5
43 43.2
44 6.1
45 56.6
46 5.9
47 48.6
48 19.3
49 85.7
50 15
51 48.7
52 63.5
53 62.3
54 57.3
55 62.6
56 92.7
57 87.3
58 54.8
59 55
60 29.3
61 73
62 67.4
63 31.2
64 52
65 39.4
66 76.9
67 70.3
68 62
69 35.2
70 65.1
71 6.6
72 61.8
73 85.7
74 21.8
75 67.1
76 17.7
77 61.2
78 89.3
79 95.7
80 60.6
81 96.9
82 96.8
83 19.6
84 95.5
85 33.4
86 51.7
87 92.6
88 58.8
89 55
90 63.9
91 69.5
92 76.8
93 98.2
94 23.2
95 58.4
96 78.6
97 57.9
98 91.5
99 20.5
100 18.2
101 70.7
102 25.5
103 17.5
104 72.6
105 84.1
106 51.6
107 21.5
108 17.5
109 45.8
110 54.5
111 83.8
112 40.7
113 93.3
114 98.6
115 71.7
116 24.2
117 31.4
118 62.1
119 99.2
120 61.9
121 22.6
122 32.8
123 21.8
124 43.4
125 35.1
126 70.1
127 74
128 6.9
129 98.5
130 89.5
131 15
132 82.3
133 7.9
134 45.4
135 46.3
136 7.1
137 56.6
138 68.2
139 2.7
140 23
141 83.1
142 18
143 73.2
144 67.7
145 82.8
146 97
147 50.9
148 3.4
149 35.2
150 33.6
151 92.2
152 3
153 21.3
154 17.1
155 44.8
156 47.4
157 68.4
158 31.4
159 10.7
160 8.8
161 44
162 17.8
163 22.5
164 47
165 93.7
166 86.9
167 19.7
168 32.9
169 99.6
170 10.6
171 86.5
172 26.3
173 99
174 33.4
175 48.6
176 57
177 70.7
178 99.4
179 9.2
180 42.5
181 55.7
182 88.5
183 64.5
184 47.7
185 7.6
186 70.5
187 92.4
188 89.3
189 98.7
190 13.7
191 23.7
192 68
193 8.5
194 64.2
195 33.5
196 75.7
197 81.9
198 58.9
199 93.2
200 81.5
201 73
202 34
203 64.3
204 30.5
205 67.2
206 28
207 69.1
208 90.1
209 2.4
210 56.5
211 5.7
212 3
213 42.3
214 96.1
215 21.4
216 93.6
217 5.3
218 27.2
219 40.4
220 18.7
221 49.4
222 27
223 99.9
224 36
225 56.7
226 73.7
227 70.3
228 13.9
229 63.4
230 93.9
231 69.5
232 9.7
233 90.8
234 32.4
235 39.3
236 79.4
237 44.1
238 54.7
239 38.9
240 27.6
241 48.1
242 70.1
243 56.6
244 49.6
245 62
246 75.5
247 45.8
248 23
249 73.9
250 63.7
251 24.1
252 19.4
253 36.8
254 29.5
255 91.8
256 38.7
257 60
258 28.6
259 31.4
260 58
261 63.9
262 98.5
263 98
264 56.3
265 82.4
266 94
267 36.6
268 18
269 8.8
270 75.8
271 94.3
272 52
273 58
274 29.2
275 58
276 54.5
277 45.1
278 19
279 83.9
280 35
281 9.7
282 36.2
283 7.3
284 86.9
285 82.8
286 67.2
287 61.1
288 26.2
289 99.1
290 3.2
291 41.7
292 45.1
293 85.1
294 61.9
295 48.5
296 53.6
297 50.3
298 21.5
299 6.7
300 3.7
301 59.1
302 65
303 42
304 42.4
305 44.4
306 41
307 47.6
308 98.4
309 10.9
310 13.3
311 40.3
312 76.3
313 49.1
314 9.1
315 60.2
316 18.4
317 69.6
318 93.8
319 62.5
320 76.6
321 31.5
322 37.4
323 90
324 77.4
325 13.7
326 67.3
327 43.3
328 23.1
329 52.4
330 35
331 63.5
332 8.9
333 86.5
334 21.4
335 53.2
336 49
337 37.3
338 8.6
339 12.2
340 34.4
341 47.9
342 42.9
343 13.4
344 10
345 97.3
346 4.3
347 74.6
348 45.2
349 28.1
350 12.2
351 28
352 76.4
353 93
354 44.7
355 64.7
356 47.8
357 85.2
358 38.5
359 94.5
360 40.4
361 56.6
362 20
363 94.9
364 41.3
365 97.3
366 18.7
367 79.3
368 89.2
369 59.4
370 1.2
371 38.7
372 72.2
373 35.6
374 96.8
375 85
376 89.1
377 99.9
378 44.3
379 2.1
380 49.9
381 89.7
382 63.9
383 80.6
384 27.9
385 42.5
386 52.7
387 55.1
388 19.3
389 38.3
390 23.8
391 94.5
392 49.3
393 78.3
394 24.8
395 6.8
396 88.3
397 30.4
398 33.7
399 76
400 3.2
401 86
402 42.8
403 72.9
404 13.3
405 68.8
406 76.6
407 9.7
408 80.7
409 84.4
410 91.2
411 17.1
412 83.9
413 5.8
414 74.3
415 90.6
416 83.3
417 88.9
418 83.2
419 29.6
420 61
421 38
422 9.3
423 62
424 78.6
425 44.3
426 73.9
427 7.2
428 59.7
429 66.8
430 21.8
431 23.3
432 22.2
433 92.8
434 51
435 78.3
436 49.5
437 45.6
438 55.2
439 54.8
440 31.2
441 35.7
442 24
443 2
444 75.6
445 31.7
446 90.2
447 31.9
448 59.2
449 32.9
450 49
451 45.6
452 52.7
453 34.4
454 11.5
455 66.1
456 22.9
457 6
458 51.9
459 44.5
460 92.3
461 28.8
462 44.9
463 37.1
464 17.7
465 84.2
466 70.1
467 3.7
468 66.4
469 46.8
470 51.8
471 49
472 83.7
473 29.7
474 23.7
475 51.9
476 33.6
477 27.7
478 63.7
479 39.4
480 9.4
481 95.4
482 29.1
483 74
484 83.4
485 31.2
486 36.6
487 68.6
488 73.1
489 46.4
490 16.8
491 56
492 2.2
493 93.2
494 89.6
495 6.9
496 16.3
497 46.7
498 15
499 4.9
500 53.2
501 78.9
502 72.8
503 71.5
504 10.4
505 88.8
506 75.4
507 40.9
508 36.6
509 5.4
510 28.8
511 63.8
512 17.3
513 8.7
514 25.4
515 60.4
516 78
517 91
518 25.5
519 18.5
520 76.6
521 82.3
522 93.8
523 42.9
524 88.2
525 27.5
526 68.2
527 66.1
528 66.4
529 18.7
530 37.1
531 92.8
532 97.2
533 19.1
534 17.2
535 95.5
536 11.3
537 4.1
538 96.5
539 38.5
540 19.6
541 42.5
542 59.4
543 4.6
544 15
545 3
546 29.7
547 80.5
548 1.6
549 90.4
550 59.6
551 55.3
552 54.6
553 22.4
554 22.8
555 42.7
556 54.7
557 15.1
558 18.6
559 18.1
560 36.9
561 10.2
562 4.9
563 28
564 92.6
565 71.5
566 60.9
567 51.7
568 72.5
569 20
570 62.3
571 69.4
572 53.2
573 79.8
574 38.3
575 70.6
576 79.6
577 43.3
578 45.6
579 43.1
580 18.2
581 92.1
582 80.5
583 4.1
584 39.3
585 26.3
586 7.1
587 29.4
588 41.1
589 64.8
590 72.7
591 52.4
592 89.8
593 42.8
594 18.1
595 72.9
596 38.9
597 55.2
598 79
599 45.4
600 96.3
601 4.6
602 42.6
603 58.3
604 54.3
605 7.3
606 28.5
607 71.3
608 29.9
609 47.4
610 46.5
611 24.3
612 14.8
613 48.3
614 64.4
615 39.8
616 56.5
617 37.5
618 75.4
619 57.1
620 89.8
621 33.9
622 38.3
623 32.7
624 98.3
625 58.6
626 6.8
627 9.3
628 58.3
629 91.5
630 43.3
631 41.9
632 79.8
633 6.2
634 1.3
635 53.6
636 5
637 5.9
638 78.2
639 28.6
640 26.2
641 38.3
642 59.6
643 97.3
644 90.9
645 18.7
646 81.7
647 33.6
648 24.7
649 38.5
650 55.6
651 41.6
652 93.5
653 48.7
654 10.9
655 98.5
656 99.4
657 12.5
658 36
659 28
660 66.3
661 77.8
662 90.7
663 98.9
664 16.6
665 34.8
666 1.7
667 71.7
668 14.3
669 34.8
670 87.1
671 53.3
672 41.1
673 96
674 3.6
675 41.4
676 88.8
677 99.6
678 68.5
679 1.3
680 39.7
681 91.5
682 31.9
683 6
684 70.8
685 58.2
686 96.5
687 67.6
688 77.4
689 55.9
690 30.2
691 15.2
692 40.1
693 24.2
694 36.3
695 62.2
696 89.8
697 33.6
698 65.2
699 14.6
700 86.6
701 64.9
702 87.5
703 5.6
704 63.4
705 15.5
706 81.1
707 45.4
708 37.7
709 30.9
710 84
711 90.3
712 33.4
713 37.7
714 16.5
715 23.6
716 13.1
717 42.2
718 72.3
719 46.4
720 41.2
721 64.6
722 96.1
723 4.5
724 65
725 76.7
726 40.5
727 67.5
728 55.4
729 93.2
730 96
731 74.1
732 68.1
733 52.2
734 75.3
735 27.2
736 54.7
737 71.7
738 49.5
739 50.9
740 98.4
741 9.7
742 51.5
743 67.3
744 42
745 26.6
746 37.1
747 88.9
748 89
749 8.1
750 60.6
751 98.2
752 84.5
753 48
754 42.4
755 28.3
756 80.2
757 16.5
758 27.1
759 63.1
760 93.5
761 54.5
762 57
763 94
764 18.2
765 22.6
766 30.4
767 29.3
768 32.2
769 31.4
770 32.5
771 43.3
772 88
773 24.1
774 66.1
775 43
776 93.4
777 84
778 63.8
779 81.8
780 87
781 30.7
782 88.2
783 51.6
784 76.5
785 63.3
786 65.3
787 5.9
788 21.6
789 9
790 94.3
791 42.6
792 15
793 2.6
794 63.7
795 83.9
796 97.9
797 76.5
798 3.4
799 16.5
800 85.1
801 53.7
802 5.3
803 9.8
804 22.5
805 62.7
806 83.9
807 78.4
808 71.7
809 22.7
810 90.6
811 38.5
812 32.7
813 12.5
814 46.9
815 67.7
816 83.7
817 25.8
818 56.9
819 91.5
820 37.3
821 1.5
822 77.3
823 71.7
824 5
825 74.6
826 98.1
827 31.3
828 53
829 11.1
830 58.8
831 55
832 46.2
833 2.7
834 76.2
835 58.1
836 33
837 96.2
838 34.7
839 65.2
840 14.5
841 14.5
842 67.8
843 88.6
844 40
845 43.4
846 54.8
847 24.4
848 25.3
849 70
850 66.1
851 39.2
852 22.2
853 32.4
854 93
855 82.9
856 18.5
857 50.2
858 71.9
859 27.9
860 77.1
861 8.8
862 17.6
863 65.1
864 46.2
865 84.1
866 89.5
867 46.7
868 52.3
869 13.5
870 48.1
871 9.9
872 79.4
873 81.8
874 8.8
875 24.5
876 79.8
877 52.9
878 48.3
879 18.1
880 79.1
881 66.2
882 92.3
883 82
884 41.8
885 84.2
886 25.7
887 74.2
888 66.8
889 13.3
890 37.6
891 99
892 4.4
893 65.9
894 37.5
895 82
896 23
897 88.8
898 56
899 44.4
900 65.4
901 87.7
902 91.8
903 67.2
904 98.1
905 43.7
906 61.1
907 4.2
908 54.7
909 75.5
910 25.3
911 41.6
912 38.4
913 14.8
914 29.5
915 69.1
916 96.5
917 59.4
918 47.3
919 15.6
920 5.2
921 14.6
922 3.2
923 75.2
924 68.5
925 27.3
926 5.4
927 9.7
928 69
929 98.1
930 7.1
931 36.3
932 34.6
933 59.2
934 40
935 50.4
936 60.8
937 53.3
938 36.9
939 13.5
940 69.9
941 89.9
942 37.7
943 10.4
944 22.2
945 59
946 13.5
947 90.4
948 57.8
949 27.5
950 34.1
951 28.6
952 48.9
953 42.3
954 73.3
955 64
956 55.3
957 91.3
958 46
959 71.6
960 2.7
961 40.8
962 54.4
963 24.3
964 1.7
965 66.1
966 90.6
967 8.6
968 50.6
969 12.2
970 37.3
971 62.9
972 75.4
973 71.7
974 25.3
975 43.3
976 76.4
977 54.4
978 11.1
979 83.1
980 76.9
981 78.6
982 86.5
983 12.8
984 88.9
985 49.6
986 12.8
987 58.8
988 27.9
989 27.4
990 74.7
991 57.7
992 67.6
993 3.5
994 30.1
995 26.4
996 70
997 28.2
998 57.8
999 19.4
