500
0 1127.7
1 478
2 910.8
3 1947.4
4 1947.9
5 1382
6 537.7
7 122.3
8 1598.2
9 24.4
10 416.3
11 1400.5
12 124.9
13 886.2
14 1303.1
15 1678.4
16 842.5
17 1456
18 1202.5
19 1795.1
20 171.4
21 1184.4
22 1406.3
23 1799.6
24 120.6
25 398.2
26 1262.6
27 1090.1
28 1804
29 175.4
30 766.2
31 862.6
32 324.7
33 228
34 721.6
35 473.8
36 1116
37 852.5
38 998
39 5.5
40 1151.2
41 197.7
42 1348.2
43 376
44 1053
45 904.5
46 1144.8
47 209.2
48 908.7
49 1958.5
50 249
51 1785.4
52 654.4
53 1801.1
54 1082.7
55 1026.2
56 269.4
57 884.4
58 1498.9
59 1889.2
60 883.9
61 1478.6
62 409.7
63 1344.2
64 862.5
65 783
66 1956.6
67 265.5
68 1337.5
69 1752.5
70 354.4
71 470.2
72 1015.5
73 1329.8
74 653.4
75 1625.7
76 1432.4
77 1694.9
78 828
79 754.4
80 1309.3
81 1286
82 341.6
83 1257.1
84 1157.5
85 180.3
86 1610.7
87 337.1
88 504.2
89 264.7
90 1997.5
91 1219
92 356.6
93 281.2
94 28.3
95 1737.1
96 814.4
97 203.5
98 1562.9
99 683.1
100 1609.7
101 589.1
102 606.8
103 683.3
104 1942.1
105 860.7
106 1763.8
107 1907
108 42.7
109 1227.9
110 1421.7
111 1191.5
112 1814.5
113 129.9
114 1090.4
115 1706.4
116 777.8
117 498.6
118 1957
119 492.9
120 1930.3
121 1206.8
122 700
123 653.8
124 691.6
125 350.5
126 640.4
127 687.4
128 1170.8
129 1705.9
130 321.4
131 1988.2
132 1330.8
133 827.5
134 1144.1
135 880.4
136 490.2
137 230.4
138 514.8
139 333.1
140 816.4
141 1645.6
142 420.7
143 1851.2
144 1557.2
145 355.3
146 90.2
147 387.9
148 759.8
149 1417.9
150 1599.3
151 761.3
152 342.5
153 138.3
154 1518.4
155 495.7
156 413.5
157 1935.6
158 1396.1
159 1002.7
160 1824.7
161 813.1
162 724.4
163 264.5
164 429.3
165 1585.6
166 1181.1
167 712.5
168 1533.9
169 383.2
170 254.4
171 433.3
172 1957.6
173 409
174 854.9
175 1420.3
176 1107.6
177 1742.9
178 1859.1
179 852
180 947
181 1028.3
182 168.2
183 1892.4
184 767.3
185 1411
186 733
187 1397.3
188 1193.2
189 1772.5
190 674.9
191 804.7
192 30
193 111.6
194 1999.4
195 1555.5
196 1090.3
197 1844.5
198 1467
199 1689.7
200 125.8
201 465.7
202 1455.7
203 528.2
204 1062.1
205 1764.2
206 554.6
207 179.7
208 1510.6
209 1440.9
210 1791.4
211 1012.9
212 766.2
213 1761.3
214 1018.8
215 1104.7
216 618.1
217 888.6
218 821.3
219 797.2
220 1516.2
221 459.4
222 1743.4
223 1962.1
224 953.8
225 1896.1
226 1767.6
227 1810.7
228 1706.7
229 1583.8
230 549.7
231 550.6
232 40.3
233 422
234 1000.6
235 933.8
236 1640.6
237 570.4
238 1005
239 207
240 1095.7
241 1820.9
242 519.8
243 1520.3
244 1856.1
245 1349.4
246 638.3
247 737.9
248 1724
249 269.3
250 1892.9
251 1714.2
252 775.4
253 872.1
254 568.2
255 1455.5
256 100.8
257 579.5
258 987.6
259 1263.4
260 197.5
261 1751.7
262 1780.9
263 900
264 1101.3
265 1248.3
266 1433.1
267 75.6
268 1757.2
269 899.8
270 811
271 1566.7
272 703.4
273 1925.1
274 898.6
275 1716.5
276 387.7
277 34.4
278 1453.2
279 1711.8
280 1586.1
281 792.3
282 1760.8
283 40.6
284 778.1
285 1104.5
286 1549.8
287 1249.9
288 1821.4
289 299.7
290 63.6
291 710
292 1089.9
293 126.5
294 621.2
295 1019.2
296 1231.9
297 1995.5
298 674.2
299 1826.1
300 1778.8
301 1040.7
302 70.2
303 512.5
304 1238.2
305 1677.6
306 1054.2
307 1150.1
308 1057.9
309 1460.4
310 1696.5
311 337.6
312 257.4
313 1997.5
314 1440.6
315 1801.8
316 866.7
317 1262.3
318 1394.4
319 1058.8
320 922.8
321 444.3
322 1360.9
323 1083.8
324 371.3
325 1460.9
326 1470.2
327 1152.8
328 1617.4
329 365.2
330 1907
331 1833.9
332 998.1
333 861.3
334 709.2
335 29.5
336 1356.7
337 101.5
338 1411.3
339 438.8
340 1243.4
341 509
342 1658.9
343 500.9
344 1035.1
345 170.1
346 182.4
347 26.1
348 789.9
349 279.1
350 900.2
351 1290.5
352 1749.5
353 1650.4
354 963.4
355 1097.2
356 777.4
357 1684.5
358 246.1
359 1340.8
360 966.7
361 1739.6
362 1927
363 834.9
364 727.9
365 194.4
366 1438.6
367 506.7
368 993
369 460.7
370 1165.8
371 1243.9
372 1451.8
373 994.2
374 839.5
375 290.7
376 639.3
377 1991.5
378 435
379 545
380 992.6
381 1873.2
382 1912.2
383 973.1
384 51.9
385 1845.1
386 1076.2
387 110.7
388 1895.1
389 1383.2
390 170.5
391 1664.6
392 1764.1
393 13.8
394 304.2
395 117.5
396 165.3
397 953.8
398 527.5
399 835
400 659.9
401 1524.2
402 572.5
403 430.8
404 1617.8
405 876.1
406 1296.2
407 1079.4
408 1729.4
409 1948.8
410 108.1
411 1023.4
412 175.4
413 991.8
414 1401.7
415 364.1
416 1580.3
417 81.1
418 1402.7
419 792.6
420 1432.8
421 1137.8
422 382.7
423 88.9
424 1271.7
425 465.9
426 1206.2
427 1060.9
428 1111.4
429 612.7
430 691.6
431 1015.5
432 645.2
433 858.8
434 227.8
435 1190.4
436 1103
437 1109.2
438 504.2
439 497.2
440 592.5
441 1573.8
442 185.5
443 882.9
444 1629.1
445 311.1
446 588.1
447 730
448 859
449 997.3
450 1528.8
451 786.6
452 107.7
453 58.4
454 1413.5
455 1020.9
456 1584.4
457 1979.5
458 1156.2
459 1183
460 58.8
461 1458
462 12.8
463 1112.6
464 1903.1
465 928.1
466 749.4
467 1655.5
468 807.5
469 329.4
470 181.8
471 215.3
472 1367.1
473 1819.7
474 961
475 9.9
476 1209.2
477 921.9
478 1213.1
479 1935.9
480 622.4
481 1752
482 455.1
483 103.1
484 992
485 1634.4
486 825.8
487 721
488 1536.2
489 661.9
490 1762.7
491 464.1
492 270.6
493 1871.4
494 272.8
495 1309.1
496 1414.1
497 98.7
498 549.7
499 1937
