1000
0 1811.5
1 1709.7
2 1564.1
3 1557.8
4 1321.5
5 1396.9
6 1466.5
7 785.5
8 1952.8
9 1515
10 247.1
11 9.4
12 1184.8
13 960.8
14 1542.6
15 528.2
16 954.6
17 416.1
18 1626.3
19 154.5
20 1872
21 1849.5
22 1057.7
23 1377.3
24 638.1
25 1109.6
26 1397.4
27 555.4
28 621.5
29 460.3
30 1129.7
31 1842.7
32 581.3
33 1787.1
34 1877
35 1227.7
36 1286
37 1952.1
38 1472.4
39 1077.8
40 964.6
41 383.8
42 106
43 113.1
44 265.2
45 1673.9
46 891
47 234.9
48 188
49 1481.7
50 1501.9
51 1465
52 214.3
53 247.1
54 698.4
55 434.6
56 857.2
57 971.8
58 811.7
59 1244.8
60 1543.7
61 1277.4
62 1144.3
63 264.9
64 1619.2
65 1952.6
66 992.4
67 1272
68 523.3
69 1051.2
70 114.8
71 125.3
72 278
73 1283.3
74 609.5
75 1154.1
76 664.7
77 1269.3
78 733
79 1871.5
80 1451.4
81 349.5
82 1456.8
83 550
84 1264.2
85 420.6
86 892.9
87 1218.7
88 1743.8
89 426.4
90 1716.3
91 1881.5
92 254.3
93 1313.9
94 1927
95 555.4
96 1292.3
97 1429.8
98 525.7
99 125.8
100 819.1
101 1527.1
102 1317.5
103 1493
104 573.8
105 1153
106 412
107 622
108 949.8
109 900.3
110 40.5
111 878
112 1823.8
113 82
114 322.6
115 80.6
116 1476.2
117 306.4
118 515.5
119 1981.1
120 1611.3
121 1086
122 3.8
123 388.4
124 1231.2
125 6.9
126 1239.8
127 397.6
128 733.8
129 1589.5
130 294.5
131 853.3
132 780.6
133 223.5
134 1240.1
135 1464.6
136 1597.1
137 362
138 1842
139 1754
140 1911.5
141 1100.9
142 134.8
143 206.1
144 1680.5
145 897.3
146 1939.3
147 1894.9
148 906.3
149 1947.8
150 181.7
151 134.7
152 819.2
153 1793.4
154 1943.8
155 979
156 123.7
157 887.2
158 1982.6
159 663.2
160 298.5
161 1472.4
162 662.2
163 1861.8
164 1767.8
165 1699.3
166 1181.5
167 1985.7
168 851.8
169 1978.3
170 416.2
171 853.9
172 317.8
173 1779.8
174 1774.5
175 1026.6
176 1053.7
177 1250.8
178 860.8
179 1868.6
180 1002.9
181 1310.5
182 1538.7
183 867.8
184 14.8
185 1726.4
186 1650.9
187 47.6
188 677.4
189 863.5
190 1821.3
191 293.1
192 1139.3
193 1403.4
194 1032.7
195 1857.7
196 1951.3
197 1392.1
198 1624.5
199 1251.8
200 906.4
201 1858.3
202 1453.5
203 1947.7
204 795.1
205 1550.8
206 1051.2
207 1902.6
208 73.9
209 1139.7
210 905.3
211 322
212 769.8
213 1977.9
214 455.4
215 1036.6
216 1666.7
217 825
218 689.7
219 974.6
220 881
221 1924.2
222 1444.6
223 1778.5
224 919
225 1265.7
226 599.8
227 1048.5
228 545.8
229 424
230 606.8
231 30.1
232 855.4
233 819.5
234 1167.2
235 352.9
236 1823.5
237 6
238 663.1
239 1244.8
240 846.8
241 1945.4
242 1678.7
243 1217.3
244 1113.9
245 1016.9
246 1413.6
247 177.1
248 764.2
249 1954.3
250 299.4
251 1687.6
252 467
253 1440.2
254 539
255 1230.6
256 1033.8
257 856.7
258 61.5
259 172.4
260 1243
261 922.6
262 522.3
263 1318.9
264 1095.7
265 474
266 985.3
267 16.8
268 864.2
269 328.3
270 876.6
271 1413.2
272 1489.8
273 1424.3
274 1321
275 146
276 1446.1
277 806
278 758
279 1462.2
280 1983.5
281 88
282 1524.8
283 116.7
284 73
285 528
286 1414.4
287 402.2
288 57.4
289 1636.1
290 1353.3
291 1069.4
292 1030.8
293 76
294 624.9
295 213.1
296 1472.7
297 1424.3
298 1577.4
299 876.6
300 690.5
301 462.8
302 962.8
303 302.9
304 1013
305 1869
306 989.9
307 296.2
308 478.1
309 1028.7
310 732.6
311 1491.4
312 254.1
313 1486.3
314 1827.4
315 1789.1
316 1050.5
317 876.5
318 1396.8
319 1576.3
320 832.3
321 1481.1
322 320.4
323 935.1
324 1247
325 162.8
326 718.9
327 1177.5
328 56.2
329 902.2
330 500.5
331 1745.9
332 152.5
333 896.9
334 1665.4
335 401.1
336 1832.8
337 666.6
338 592.6
339 1892.9
340 90.6
341 823.5
342 1091.7
343 1952.7
344 384.8
345 862.3
346 1318.4
347 1175.7
348 1437.1
349 609.1
350 535.5
351 1267.1
352 1336.1
353 1280.7
354 1779.6
355 378.3
356 1758.8
357 1268.4
358 348.7
359 1203.4
360 345
361 885.1
362 357
363 1694.2
364 933.4
365 137.2
366 1263.2
367 1709.8
368 1907.2
369 1631
370 961.9
371 1020.3
372 1161.2
373 793.7
374 1343.4
375 105.8
376 1144.1
377 366.6
378 143.7
379 1319.5
380 1319.8
381 1958.6
382 303.1
383 1268.5
384 839.7
385 537.9
386 89
387 1603.3
388 1489.6
389 192.7
390 647.2
391 1748.4
392 173.9
393 278
394 1302.8
395 1803.4
396 1870.7
397 357.1
398 1589.8
399 247.7
400 1870
401 1893.5
402 1804
403 1304
404 1660.9
405 414.7
406 1687.8
407 701
408 137.4
409 785.6
410 192.7
411 705.5
412 299.1
413 1667.2
414 127.3
415 1638.4
416 1836.7
417 83.2
418 137.1
419 1600.7
420 799.2
421 558.1
422 1235.7
423 1335.3
424 172
425 1744.1
426 134
427 869.9
428 719.6
429 1636.4
430 17.5
431 1576.6
432 331.5
433 569.8
434 1962
435 1561
436 1770.8
437 995.2
438 1835.8
439 1112
440 996.8
441 1829.1
442 262.1
443 1470.1
444 1779.3
445 1465
446 908.5
447 251.6
448 654.7
449 883.7
450 1586.9
451 1436.3
452 1526.6
453 800.2
454 623.2
455 1097.2
456 55
457 1385.6
458 1315.4
459 71
460 51.2
461 354.3
462 1502
463 1966.2
464 326.9
465 966
466 518.9
467 1407.9
468 1251.3
469 1034.5
470 1634.3
471 1542.5
472 1400.1
473 1375.6
474 489.9
475 323.1
476 37.9
477 1529.4
478 854
479 777.8
480 685.8
481 1882.6
482 1962.3
483 1726.8
484 1663.9
485 852.6
486 928.3
487 1663.3
488 1416.5
489 1287.6
490 156.7
491 582.1
492 1067.5
493 785
494 1632.2
495 1670.9
496 1914.2
497 1653.5
498 405.1
499 1034.5
500 1320.5
501 488.6
502 1856.2
503 423.9
504 1819.4
505 498.8
506 681.1
507 836.6
508 415
509 1890.6
510 1402.8
511 1940.8
512 1843.1
513 168.9
514 1032.8
515 1247.8
516 592.4
517 728.8
518 241.4
519 1486.4
520 933.1
521 38.5
522 847
523 1920.2
524 1529.3
525 259.3
526 279
527 710.7
528 1466.8
529 589.8
530 1685.7
531 1318.4
532 664.5
533 162.4
534 1834.4
535 221.1
536 9.2
537 1305.2
538 1559.1
539 437.7
540 346.2
541 1616.2
542 940.8
543 1286.7
544 414.8
545 995.6
546 1625.8
547 209.2
548 1198
549 1017.4
550 1451.8
551 1820.8
552 277.5
553 1507.6
554 1646.5
555 1854.4
556 1839.5
557 233.6
558 196.6
559 1390.5
560 67.7
561 491.3
562 1854.1
563 17.7
564 448.7
565 1566.6
566 1784.7
567 87.4
568 757.1
569 1441.6
570 1958.6
571 706
572 1864
573 1605.4
574 1855.7
575 1331.8
576 466.4
577 1764.6
578 927
579 1051
580 31.7
581 923.8
582 1247.9
583 805.1
584 498.6
585 1118.5
586 1307.3
587 220.8
588 1200.4
589 597.2
590 1775.9
591 1350.2
592 486.8
593 12.9
594 790.3
595 1618
596 1382.6
597 1639.9
598 23.7
599 619.4
600 1600.7
601 1660.2
602 709.5
603 1686.5
604 1142.2
605 1141.1
606 645.8
607 1429.7
608 1149.3
609 123.9
610 1594.4
611 878.8
612 1535.1
613 417.3
614 1385.4
615 1832.4
616 565.4
617 1225
618 1994.6
619 1782.9
620 1686.2
621 1105.1
622 993.7
623 1903.5
624 76.6
625 123.5
626 723.1
627 1994.4
628 689.3
629 106.7
630 1727.2
631 976.3
632 117.8
633 1800.9
634 733.6
635 374.9
636 1066.1
637 246.8
638 411.7
639 1248.3
640 1.3
641 1096.1
642 124.2
643 819.2
644 1362.5
645 1051
646 865.8
647 472.8
648 682
649 535.9
650 1824.5
651 1434.3
652 63.5
653 1247.8
654 1760.9
655 70.6
656 625.9
657 1334.7
658 409.7
659 579.6
660 51.3
661 339.6
662 1445.5
663 161.3
664 796.4
665 491.5
666 1083.9
667 1672.8
668 1772.1
669 246.2
670 1532.9
671 541.1
672 456.8
673 1986.6
674 938.4
675 1641
676 334
677 1782.8
678 1939.7
679 474.7
680 105.5
681 1800.1
682 1098
683 1363.1
684 616.1
685 1698.2
686 883.8
687 181.6
688 244.5
689 1490
690 1038.4
691 655.3
692 1588
693 1358.1
694 1294.1
695 1733.6
696 1875.5
697 1780.9
698 744.3
699 1131.7
700 748.9
701 1288.3
702 754.9
703 499.8
704 203.2
705 545.8
706 971.3
707 102.8
708 1875.3
709 48.4
710 1801.2
711 260.1
712 1521.6
713 1418.3
714 1325.6
715 1554.9
716 682.9
717 1292.8
718 521.2
719 100.7
720 1819.3
721 354.7
722 92.8
723 97.1
724 1745.3
725 1896.8
726 1005.3
727 594.3
728 1852.1
729 1327.7
730 303.1
731 1131.4
732 1484.4
733 1734
734 178.6
735 721.9
736 399.6
737 1453.5
738 195.6
739 596.9
740 1685
741 1212.1
742 704
743 599
744 1139.3
745 537.8
746 112.6
747 1531.7
748 1617
749 416.5
750 455.2
751 503.9
752 1571.4
753 1763.2
754 832.5
755 1883.9
756 66.8
757 57.2
758 979.4
759 151.3
760 1182.7
761 766.3
762 1126.6
763 111.3
764 1427
765 572.4
766 29.4
767 1800.2
768 1113.8
769 1003
770 1596.9
771 570.5
772 612.5
773 809.5
774 789.6
775 420.8
776 208.3
777 651.4
778 1320
779 1181.4
780 1396.6
781 1066.7
782 1291.5
783 650.1
784 1447.4
785 946.5
786 425.9
787 593
788 896.1
789 582.5
790 1950.4
791 274.2
792 213.3
793 252.8
794 505.6
795 1219.8
796 414.9
797 1598.5
798 296.9
799 421.2
800 417.8
801 572.7
802 1193.2
803 1798.4
804 918.3
805 1374.8
806 597.6
807 683.2
808 720
809 742.6
810 1917.1
811 1121.8
812 155
813 1874.7
814 801.2
815 662.5
816 649.2
817 1487.6
818 937.2
819 1373.9
820 347.4
821 1216.1
822 837.9
823 1959.1
824 1152.3
825 1232.7
826 227.9
827 1331.7
828 392.7
829 1460.8
830 940.5
831 553.8
832 1904.1
833 54
834 919.8
835 776
836 1285.4
837 1443.5
838 978.3
839 169.1
840 1900.8
841 1784
842 600.9
843 868.8
844 609.2
845 1630.3
846 6.9
847 456
848 419.6
849 417.4
850 1398
851 1573.1
852 839.1
853 317.2
854 1486.9
855 1880
856 1483.1
857 798.1
858 1688.2
859 899.3
860 368
861 990.6
862 1481
863 312.6
864 128.4
865 1934.8
866 1915.7
867 1124.1
868 609.5
869 1637.2
870 966.3
871 1846.2
872 1421
873 1200.8
874 1996.9
875 1815.7
876 440.1
877 343
878 1804.7
879 1695.5
880 1784.2
881 799.3
882 1839.1
883 768.6
884 1736.1
885 493.6
886 1996.6
887 947
888 660.1
889 1627.3
890 50.8
891 1453.5
892 1047.3
893 627.9
894 968.3
895 1151.7
896 394.2
897 714.4
898 469
899 34.4
900 861.9
901 964.6
902 1736.7
903 822.3
904 787.4
905 753.3
906 737.7
907 86.8
908 795.6
909 592.8
910 321.5
911 1284.2
912 207.1
913 1012.8
914 123.3
915 633.3
916 1669.8
917 1680.8
918 294.5
919 1635.1
920 1730.3
921 1648.1
922 1801.6
923 462.8
924 723.7
925 1566.6
926 464.4
927 303.9
928 497.9
929 837
930 1916.9
931 1679.1
932 1795.6
933 1820.5
934 57.6
935 688.1
936 1750.9
937 469.1
938 87.1
939 305.9
940 715
941 1736.6
942 1774.7
943 753.9
944 534.1
945 1658.6
946 1586.3
947 970.4
948 47.2
949 1777.1
950 543.1
951 1067.2
952 1965.2
953 1187.1
954 1174.5
955 609.3
956 342.8
957 1459.3
958 167.3
959 1010.8
960 1024.2
961 653.9
962 31.6
963 792.1
964 1372.6
965 1480.4
966 883.2
967 1442.5
968 1098.2
969 1102.7
970 275.5
971 1097.6
972 860.5
973 993.6
974 826.2
975 125.4
976 656
977 658.1
978 406.1
979 1510
980 1642.9
981 36.3
982 1649.5
983 48.3
984 619
985 57
986 601.1
987 813.5
988 1432.1
989 46.4
990 943.2
991 1120.8
992 286.7
993 362.1
994 544.6
995 1992.8
996 697.4
997 696.8
998 824.5
999 1229.2
