100
0 486.6
1 346.6
2 1387.3
3 136.5
4 1533.1
5 1910.3
6 972.8
7 1417
8 963.3
9 665.5
10 1464.3
11 760.6
12 1378.8
13 1312.5
14 1822.9
15 1629.6
16 1942.8
17 909.8
18 1572.1
19 1961.7
20 134.4
21 509.8
22 1513.1
23 82.6
24 1112.2
25 407.3
26 348.8
27 1333.3
28 902.8
29 645.1
30 1141.8
31 694.1
32 1548.8
33 1272.1
34 1762.5
35 1606.1
36 1409.6
37 828.9
38 1237.4
39 1350.4
40 889.9
41 282.4
42 64.2
43 1849.3
44 828.2
45 1266.7
46 201.3
47 177.6
48 1298.2
49 1274.1
50 1985.9
51 1737.5
52 596.2
53 587.1
54 1686.7
55 61.9
56 643.3
57 974.4
58 57.2
59 1015.9
60 1290.3
61 909.5
62 1107.7
63 1742.2
64 956.4
65 879.2
66 690.1
67 684.7
68 1438.1
69 1748.9
70 1918.5
71 661
72 1323.9
73 731.8
74 588.7
75 1331.9
76 32.8
77 213.7
78 1072.6
79 1690
80 1236.7
81 905
82 1415.4
83 388.5
84 783.9
85 222.6
86 1400.3
87 1326.9
88 1599.1
89 862.3
90 1682.6
91 1301.9
92 1581.5
93 81.1
94 164.7
95 1297.4
96 1726.9
97 162.2
98 1320.3
99 1102.5
