500
0 49.3
1 33.1
2 66.5
3 13.5
4 100
5 99.4
6 44.7
7 8.1
8 56.2
9 23.3
10 40
11 60
12 2
13 89.6
14 27
15 56.1
16 63.5
17 80
18 3.5
19 91.5
20 93
21 45.8
22 4
23 15.4
24 89.7
25 67.5
26 53.1
27 39.4
28 72.8
29 58.8
30 93.5
31 66.8
32 98
33 7.9
34 82.6
35 37.6
36 87.1
37 83.7
38 72.8
39 71.7
40 82.8
41 78
42 7.4
43 47.1
44 98.3
45 72
46 31.6
47 70.1
48 91.1
49 54.4
50 53.3
51 58.8
52 7.1
53 48.9
54 76.3
55 35.6
56 75.1
57 76.2
58 3.4
59 43.5
60 62.7
61 29.4
62 10.5
63 68.2
64 20.9
65 13.3
66 43.6
67 6.7
68 90.3
69 58.1
70 88.1
71 27.4
72 50
73 92
74 12.6
75 79.5
76 56.8
77 84.4
78 26.6
79 45.6
80 85.6
81 37.1
82 46.7
83 1.4
84 79.1
85 13.8
86 84.8
87 80.8
88 62.3
89 11.9
90 17.2
91 92.1
92 27.9
93 73.1
94 39.2
95 39.8
96 98.1
97 20.7
98 83.4
99 90.8
100 40
101 37.1
102 20
103 97.8
104 74.9
105 66.5
106 54.7
107 34.1
108 21.4
109 36.6
110 61
111 76.3
112 24.4
113 66.1
114 9.8
115 32.5
116 94.6
117 67.4
118 38.4
119 67.4
120 72.9
121 56
122 31.3
123 40.1
124 76.8
125 96.1
126 94.8
127 44.4
128 6.2
129 93.9
130 56
131 85.8
132 14.7
133 37.3
134 59.5
135 84.1
136 7.9
137 16.8
138 38.2
139 22.9
140 54.9
141 68.5
142 98.1
143 83.6
144 81.6
145 15.3
146 77.4
147 83.5
148 54.8
149 63.5
150 4.4
151 20.4
152 7.6
153 35.7
154 58.6
155 83.6
156 84.4
157 45.2
158 9.8
159 47.1
160 34.5
161 91.6
162 37.8
163 51.4
164 39.5
165 34.9
166 72.4
167 83.2
168 18.3
169 14.9
170 67
171 36.5
172 47.2
173 100
174 13.1
175 40
176 35.7
177 71.1
178 31.1
179 55.5
180 79.4
181 99.9
182 25.6
183 45
184 51.6
185 5.2
186 30.7
187 30.7
188 85
189 21.6
190 86.2
191 6.5
192 53.4
193 20.7
194 62.8
195 36
196 8.6
197 20.6
198 47
199 75.7
200 40.4
201 75.2
202 66.8
203 53.2
204 52.8
205 20.7
206 63.1
207 96.9
208 31.9
209 13
210 93.8
211 82.7
212 36.7
213 36.3
214 73.4
215 11.9
216 27.5
217 37.7
218 9
219 29.7
220 65.8
221 23.6
222 17.6
223 19.1
224 55.8
225 89.4
226 67.2
227 65.5
228 14.7
229 17.6
230 74.2
231 54
232 71.6
233 58.8
234 9.4
235 72.5
236 59.4
237 2.3
238 87.3
239 1.6
240 75.7
241 59.3
242 10.8
243 72.7
244 89.4
245 35.5
246 68.9
247 96.3
248 63.4
249 24.7
250 62.5
251 26.1
252 65.5
253 68.5
254 45.2
255 20.5
256 81.2
257 50.5
258 92.6
259 50.8
260 85.5
261 59.4
262 21.2
263 87.7
264 76.8
265 40.6
266 76.2
267 73.6
268 13.8
269 23.5
270 1.6
271 72.1
272 40
273 10.2
274 82.9
275 48
276 48
277 22
278 33.7
279 38.9
280 32.7
281 66.9
282 16.5
283 16.8
284 10.9
285 89
286 11.2
287 9.9
288 92
289 5.3
290 77.9
291 28.6
292 55.8
293 54.4
294 96.3
295 98.9
296 65.4
297 45.3
298 39.7
299 84
300 8
301 62.7
302 50
303 17
304 9.2
305 45.3
306 20.8
307 53.8
308 77
309 74.9
310 37.9
311 72.2
312 22.3
313 4.2
314 21.8
315 36.8
316 19.9
317 61
318 50.9
319 46.7
320 30.1
321 23.6
322 75.4
323 8.1
324 14.5
325 99.1
326 27.6
327 67.4
328 2.1
329 84.4
330 44.8
331 67
332 88.9
333 34
334 50.8
335 18.1
336 68
337 19.5
338 7.4
339 8.3
340 21.6
341 39.8
342 21.9
343 56.7
344 42.7
345 51.9
346 46.4
347 87.3
348 67.7
349 30.2
350 16.2
351 37.5
352 79.1
353 83.8
354 37
355 44.8
356 17.9
357 43.7
358 30.4
359 96
360 61.5
361 88.6
362 71.4
363 47.2
364 40.9
365 70.3
366 47
367 82.4
368 54.1
369 14.4
370 34.2
371 42.7
372 98.4
373 84.2
374 16.2
375 26.1
376 77
377 26.9
378 40.1
379 22.9
380 29
381 59.3
382 60.4
383 8.2
384 80.7
385 25
386 98
387 25.8
388 95.7
389 20.2
390 6
391 95.8
392 80
393 50.6
394 75.4
395 97.8
396 89.3
397 28.8
398 92.8
399 5.5
400 37.5
401 6
402 15.5
403 29.4
404 66.4
405 97.6
406 48.7
407 99.6
408 95.2
409 93.3
410 14.6
411 21.5
412 53.4
413 35.5
414 54.4
415 78.8
416 77.9
417 29.5
418 51.8
419 99.1
420 88.2
421 69.8
422 89.6
423 65.8
424 69.9
425 72.9
426 90.1
427 73.3
428 89
429 77.8
430 34.4
431 8.8
432 21.2
433 83.7
434 31.2
435 4
436 65.3
437 20.4
438 53.1
439 45
440 5
441 12.4
442 86.3
443 28.2
444 98
445 8.3
446 9.7
447 53.8
448 55.8
449 3.4
450 25.5
451 34.9
452 45.8
453 84.2
454 50
455 79.3
456 80
457 11.9
458 88.2
459 11.7
460 28.4
461 53
462 77.8
463 77.5
464 27.4
465 4.3
466 3.4
467 45
468 27.9
469 85.7
470 48
471 18.2
472 16.1
473 95.9
474 67.4
475 30.9
476 79.8
477 88.9
478 66.3
479 75.4
480 10.4
481 66.2
482 99
483 3.5
484 58.2
485 77.1
486 41.1
487 52.8
488 59.1
489 8.3
490 6.6
491 95.5
492 33.2
493 11.5
494 73.3
495 76.3
496 59
497 49.6
498 67.6
499 56.5
