1000
0 80.6
1 62.5
2 4.1
3 99.2
4 62.3
5 30.5
6 96
7 97.5
8 12.3
9 94.8
10 64.7
11 52
12 50.1
13 79
14 44.7
15 56.4
16 39.2
17 55.6
18 11.5
19 94.9
20 40.8
21 31.9
22 30.8
23 37.8
24 43.3
25 43.3
26 77.7
27 8.8
28 45.3
29 90.6
30 31.8
31 58.7
32 65.2
33 51.3
34 79.3
35 68.9
36 69.2
37 55.2
38 7.7
39 71
40 48.4
41 57.7
42 74.5
43 17.4
44 14.1
45 17.6
46 28.4
47 27.4
48 13.1
49 98.1
50 22.5
51 12.6
52 43.7
53 33.2
54 25.8
55 17.6
56 11
57 9.3
58 38.4
59 72.9
60 10.1
61 67.8
62 75
63 70.7
64 70.7
65 17.9
66 39.2
67 25.6
68 54.9
69 43
70 38.3
71 1.7
72 40.8
73 85
74 9.8
75 74.2
76 90.5
77 53.9
78 90
79 19
80 53.7
81 73.1
82 5.9
83 60.4
84 24.8
85 31.4
86 2.2
87 26.2
88 16.1
89 57.2
90 64.1
91 34.4
92 66.4
93 24.6
94 17.4
95 8.5
96 16.8
97 26.1
98 44.4
99 40.4
100 66.5
101 16.5
102 71.7
103 90.1
104 92.8
105 89.6
106 41.4
107 41.8
108 92.6
109 54.3
110 21.5
111 95.9
112 78.6
113 62.2
114 14.2
115 78.6
116 71.1
117 75.7
118 96.2
119 93.6
120 84.7
121 56.5
122 67.9
123 61.1
124 76.1
125 76.2
126 94.5
127 91.5
128 48
129 3.5
130 36.3
131 36.5
132 99.1
133 19.1
134 2.2
135 49.5
136 32.1
137 21
138 16.1
139 51.6
140 29.7
141 45.4
142 75.9
143 47.6
144 24.2
145 5
146 55.5
147 62.5
148 53.2
149 8.9
150 86.9
151 86.4
152 58.5
153 50
154 77.3
155 63.9
156 89.8
157 69.7
158 12.9
159 84.9
160 73
161 35.6
162 79.6
163 16.1
164 74.5
165 47.6
166 43.2
167 98.9
168 92.1
169 57.5
170 17.5
171 43.1
172 3.1
173 23.1
174 85.5
175 87
176 70.1
177 93.3
178 98.6
179 67.5
180 85.1
181 95.6
182 5.5
183 54.2
184 1.5
185 68.8
186 92.5
187 87.5
188 61.2
189 5.2
190 6.7
191 7.9
192 46.6
193 39.7
194 51.7
195 91
196 89.3
197 15.5
198 10.6
199 12.2
200 26.1
201 46.5
202 26.4
203 71.7
204 62.9
205 92.5
206 67.5
207 99.2
208 85.6
209 98.5
210 59
211 64.9
212 28
213 83.6
214 89.4
215 43.7
216 29.3
217 98
218 43
219 52.7
220 11.6
221 97.5
222 28.6
223 58.1
224 31.3
225 55.1
226 60.4
227 78.8
228 55.4
229 74.3
230 70.9
231 95.7
232 51.5
233 63.2
234 3.4
235 36.2
236 41.1
237 87.9
238 80.9
239 15.2
240 9
241 31.7
242 9.5
243 46.7
244 91
245 45
246 29.3
247 54.6
248 98.5
249 81.2
250 8.2
251 16.1
252 45.7
253 80.8
254 9.4
255 99.9
256 89.8
257 33.1
258 72.1
259 59.3
260 4.1
261 24.1
262 70.9
263 4.7
264 34.2
265 36.3
266 76.6
267 78.4
268 33.3
269 43
270 38.4
271 33.6
272 80.8
273 16.6
274 28.2
275 2.3
276 85.5
277 77.6
278 46.3
279 38.1
280 3.9
281 19
282 3.4
283 60.7
284 26.1
285 53.4
286 37.2
287 2.6
288 98.3
289 88.2
290 7.8
291 31.6
292 38.5
293 46.4
294 52
295 85.3
296 98.9
297 58.4
298 68.1
299 40.7
300 37.6
301 7.2
302 50.2
303 32.1
304 81.7
305 55.2
306 45.6
307 40
308 60.8
309 96.6
310 6.8
311 69.5
312 32.2
313 82.7
314 88.5
315 58.7
316 28
317 7.6
318 46.2
319 43
320 82
321 43.6
322 21.9
323 2.7
324 34.4
325 96.4
326 95.8
327 53.9
328 70.2
329 95.1
330 11.9
331 83.6
332 23.7
333 67.9
334 40.4
335 71.1
336 24.8
337 93.4
338 5.7
339 98.8
340 93.9
341 56.9
342 48.6
343 54.6
344 32.2
345 11.6
346 91.3
347 12.9
348 50.6
349 58.6
350 24.1
351 70.3
352 75.3
353 82
354 9.2
355 59.2
356 19.8
357 71.2
358 95.7
359 15.6
360 60.9
361 52.9
362 22.1
363 20
364 94.8
365 34.2
366 26.6
367 81.6
368 2.6
369 46.5
370 79.6
371 55.6
372 14.1
373 35.7
374 51.5
375 71
376 3.8
377 23.9
378 44
379 15.2
380 87.2
381 24.2
382 25.6
383 70.9
384 23.4
385 29.9
386 96.3
387 27.7
388 36.5
389 84.2
390 94.1
391 81
392 10.4
393 34.4
394 40.1
395 2.4
396 49
397 19.3
398 89.8
399 7
400 18.3
401 77.2
402 17.1
403 48
404 30.3
405 22.5
406 97
407 73.8
408 51.5
409 15.8
410 93.7
411 52.9
412 61
413 92
414 88.1
415 72.8
416 20.9
417 80.3
418 8.4
419 86.4
420 86.9
421 12.6
422 72
423 35.7
424 31.2
425 74.2
426 39.4
427 26.5
428 30.7
429 32.5
430 37
431 26.2
432 54.8
433 40.7
434 87.2
435 77
436 31.4
437 48.5
438 22.1
439 67.3
440 60.3
441 87.5
442 75.3
443 93.2
444 82.5
445 71.6
446 81.1
447 50.4
448 95.7
449 25.3
450 68.6
451 86.6
452 62.1
453 34.6
454 93
455 1
456 83.5
457 1.5
458 3.9
459 52.2
460 93.1
461 6.7
462 65.8
463 15.1
464 53.2
465 86.7
466 50
467 61.1
468 80.9
469 97.2
470 61.9
471 48.1
472 36.5
473 68.6
474 26.2
475 46.5
476 27.6
477 34.5
478 58.2
479 34.5
480 21.4
481 29.3
482 11.3
483 48.3
484 8.5
485 34.2
486 61.6
487 41.6
488 30.2
489 75.5
490 95.3
491 5.8
492 9.9
493 45.9
494 79.6
495 85.6
496 65.1
497 37.6
498 89.5
499 58
500 77
501 97.8
502 44
503 18.9
504 48
505 76.5
506 32.6
507 89.3
508 8.1
509 63.2
510 32.4
511 10.9
512 79.3
513 16.8
514 82.3
515 64.9
516 87.3
517 19.3
518 7.9
519 10
520 60.8
521 86.4
522 93.9
523 8.8
524 44.8
525 85.7
526 73.9
527 48.3
528 99.1
529 5.9
530 89.5
531 83.5
532 26.7
533 29
534 97.3
535 90.7
536 85.3
537 64.9
538 67.2
539 16.6
540 65.3
541 17.3
542 6.3
543 13
544 14.6
545 68.7
546 5.6
547 56
548 82.3
549 66.9
550 33.2
551 27.4
552 17.1
553 4
554 53.8
555 70.3
556 45.3
557 36.5
558 98.1
559 62.7
560 80.7
561 66.6
562 58
563 77.8
564 69.4
565 36.1
566 75.6
567 61.4
568 70
569 59.2
570 62.4
571 36.8
572 18.8
573 48.4
574 90.4
575 4.1
576 5.9
577 59.4
578 91.9
579 92.2
580 92.1
581 46.9
582 61.3
583 57.3
584 62.8
585 57.2
586 54.9
587 9.7
588 75.3
589 90.5
590 93.3
591 42.5
592 47.7
593 82.8
594 36.8
595 16.8
596 4.3
597 6
598 74.5
599 39.8
600 48.6
601 23.6
602 63.5
603 22.5
604 84.9
605 73.1
606 4.8
607 50.8
608 51.7
609 65.7
610 67.8
611 88.5
612 77.4
613 72.3
614 33
615 14.7
616 94.2
617 41.7
618 45.2
619 25.7
620 50.3
621 25.6
622 88.3
623 55.3
624 77.1
625 75.2
626 41.2
627 18
628 95.4
629 70.8
630 29.5
631 98.4
632 43.1
633 71.1
634 40.4
635 4.9
636 16.1
637 24.8
638 75.4
639 3.7
640 17.2
641 40.2
642 53.2
643 12.5
644 32.5
645 92
646 30.3
647 52.6
648 85.5
649 37.9
650 81.6
651 85.6
652 97.5
653 41.7
654 45.7
655 84
656 18.2
657 50.8
658 26.4
659 97.5
660 59
661 3.2
662 14.4
663 16.8
664 39.1
665 24.9
666 20.4
667 37
668 79.5
669 78.4
670 84.1
671 38
672 40.2
673 26.8
674 89.8
675 38
676 36.2
677 28.9
678 74.9
679 34.4
680 5.7
681 49.9
682 50.6
683 9.7
684 79.1
685 18.4
686 26
687 27.3
688 49
689 84.7
690 39.7
691 96.7
692 86.9
693 9.6
694 22.4
695 78
696 77.7
697 16.2
698 11.1
699 95.3
700 54.6
701 62.9
702 22
703 2.3
704 11.9
705 57.3
706 11.9
707 90.4
708 44.3
709 56.2
710 57.1
711 73.7
712 83.1
713 71.3
714 5.3
715 65
716 76.9
717 68.1
718 90.9
719 3.9
720 83.5
721 53
722 23.4
723 40.6
724 68.3
725 88.5
726 29.4
727 20.2
728 55.4
729 20.2
730 9.8
731 10.9
732 63.3
733 85.6
734 59
735 36.7
736 68.5
737 77.9
738 40.3
739 58.5
740 80.8
741 21.2
742 41.2
743 25.4
744 41.9
745 28.9
746 38.5
747 20.3
748 15.6
749 4
750 48.3
751 43
752 70.4
753 19.8
754 44.8
755 73
756 13.8
757 17.2
758 53.7
759 34.3
760 38.2
761 29.2
762 8.1
763 82.6
764 97.8
765 36.3
766 63.2
767 86.8
768 26.9
769 45.1
770 58
771 31.6
772 84
773 52
774 37
775 90.8
776 87.7
777 43.1
778 66.5
779 46.4
780 84.9
781 47.9
782 47.2
783 42.7
784 75.2
785 53.7
786 52.8
787 16.5
788 69.8
789 36.3
790 36
791 81.4
792 13.3
793 16
794 6.2
795 58.3
796 77.3
797 69
798 68.7
799 16.1
800 41.8
801 47.7
802 68.1
803 39.1
804 50.1
805 39.8
806 88.5
807 63.6
808 92.7
809 47.6
810 52.3
811 2
812 74.2
813 90.9
814 88.8
815 91
816 97.9
817 84.5
818 38.6
819 38.4
820 56.4
821 49.7
822 51
823 46.3
824 85.4
825 84.3
826 68.2
827 64.3
828 12
829 22.8
830 39.9
831 64.4
832 95.5
833 68.1
834 41.5
835 96.1
836 24.1
837 50.1
838 62.2
839 2.2
840 89.5
841 39.9
842 67.7
843 41.9
844 2
845 11.9
846 35.8
847 2
848 61.4
849 78.7
850 16.8
851 30.1
852 14.5
853 34.9
854 30.3
855 27.8
856 46
857 47.5
858 71.4
859 41.3
860 9.3
861 79.5
862 11.8
863 85.1
864 13.1
865 36.9
866 65.5
867 62.9
868 59.9
869 40.9
870 16.9
871 61.6
872 68.8
873 67.3
874 47.1
875 93
876 64.5
877 1.3
878 72.4
879 31.9
880 83.5
881 2.7
882 85.9
883 92.6
884 14
885 4.7
886 56.7
887 72.4
888 59.5
889 80.7
890 7.9
891 2.8
892 32.2
893 55.4
894 41.8
895 10.8
896 72.4
897 25.7
898 90.4
899 8.3
900 71.4
901 35.2
902 75
903 96.4
904 87.6
905 50.6
906 69.5
907 20.1
908 38.7
909 25.2
910 5.4
911 84.7
912 66.5
913 78.8
914 31.4
915 46.1
916 9.9
917 55.1
918 76.4
919 62
920 10.6
921 4.5
922 77.5
923 63.8
924 10.5
925 39.2
926 11.2
927 36.5
928 10.8
929 85.8
930 36.9
931 60.6
932 29.1
933 11.1
934 64.6
935 56.9
936 99.3
937 21.4
938 39.4
939 37.7
940 74.8
941 85.8
942 39.2
943 38.1
944 80
945 28.1
946 9.5
947 14.4
948 17
949 92.4
950 35.9
951 81.7
952 84.4
953 61
954 42.4
955 35.9
956 26
957 79.1
958 4.7
959 23.2
960 94.9
961 60.3
962 91
963 14.3
964 49.2
965 70.7
966 61.2
967 53.1
968 91.7
969 89.4
970 51.8
971 60.5
972 67.5
973 43.6
974 73.7
975 57.6
976 57.7
977 6
978 33.2
979 35
980 89.9
981 18.3
982 25.9
983 95.3
984 59.9
985 49.5
986 70.9
987 98
988 31
989 93.5
990 90.3
991 69.1
992 37.9
993 99.7
994 42.7
995 76.4
996 99.1
997 50.7
998 54.8
999 30.4
