500
0 3.9
1 30.1
2 94.1
3 97.8
4 10.8
5 78.4
6 97.1
7 16.6
8 72.5
9 23
10 19.8
11 99
12 75.5
13 44
14 14.7
15 28.5
16 3.4
17 46.4
18 29.2
19 35.8
20 26.1
21 66.7
22 90.8
23 47.3
24 12.2
25 27.6
26 69.1
27 97.2
28 65.8
29 27.2
30 3.6
31 25.8
32 13
33 93
34 15.2
35 30.7
36 63.4
37 17.8
38 62.9
39 82.2
40 20.1
41 72
42 16.2
43 38.5
44 50.8
45 5
46 15.5
47 25.8
48 99.8
49 94.2
50 21.6
51 36.8
52 25
53 12.6
54 13.6
55 91.9
56 26.9
57 11.7
58 59.1
59 83.8
60 52.3
61 46.5
62 9.7
63 94.6
64 62.9
65 12.4
66 68.5
67 94.7
68 85.6
69 47.2
70 3.9
71 39.6
72 49
73 88.2
74 35.1
75 90
76 94.2
77 47.2
78 81.9
79 15.7
80 26
81 7.7
82 51.7
83 42.7
84 4.5
85 96.7
86 46.2
87 8.3
88 90.7
89 34.5
90 86.2
91 98.5
92 96.3
93 26.4
94 14.2
95 7.2
96 79.6
97 3.2
98 96.5
99 17.4
100 32.7
101 8.8
102 99.8
103 79.5
104 62.2
105 11.6
106 65.4
107 28.4
108 31.3
109 92.6
110 5.6
111 95.9
112 82.7
113 6.1
114 82.3
115 97.5
116 41.8
117 67.8
118 13.9
119 67.3
120 70.9
121 17
122 5.7
123 34.1
124 4.9
125 54.5
126 81.2
127 27.9
128 69.8
129 63.6
130 45.8
131 73.8
132 62.4
133 27.3
134 89.5
135 11.7
136 63
137 9.3
138 64.6
139 14.1
140 83.9
141 39.4
142 66.3
143 6.9
144 1.7
145 45.8
146 68.2
147 88.7
148 33.4
149 54.9
150 39.9
151 54.5
152 40.5
153 89.1
154 14.4
155 54.4
156 18.9
157 90.2
158 55.6
159 37.1
160 3.3
161 27.4
162 21.3
163 39.7
164 50.6
165 18.9
166 84.5
167 64.8
168 83.1
169 31.9
170 18.4
171 99.1
172 7.2
173 13.5
174 81.1
175 36.1
176 42.3
177 80.1
178 89.3
179 1.6
180 18.1
181 61.7
182 78.9
183 57.1
184 86.2
185 69.5
186 27.3
187 20.9
188 65.5
189 28.9
190 21.8
191 48.4
192 42
193 38.2
194 16.4
195 34.2
196 81.3
197 21.8
198 59.3
199 59.1
200 59.3
201 13.3
202 72.6
203 52.1
204 99.5
205 68.3
206 58.1
207 26.7
208 25.5
209 66.9
210 14.2
211 19.5
212 32.6
213 94.4
214 82.7
215 15
216 46.4
217 7.2
218 92.2
219 68.7
220 10
221 16
222 14.8
223 4.3
224 57.5
225 7.8
226 21.8
227 57
228 60.4
229 17.2
230 8.3
231 62.9
232 47.6
233 83.3
234 1.6
235 89.7
236 44.5
237 65.9
238 59.1
239 61
240 44.9
241 86.9
242 88.9
243 89.5
244 34.6
245 25.1
246 83.2
247 66.4
248 7.6
249 53.4
250 4.4
251 38.2
252 55.2
253 16.2
254 29.2
255 52.1
256 10.6
257 21.3
258 29.2
259 14.7
260 54.2
261 34.7
262 72
263 6.8
264 36.8
265 51.1
266 47.6
267 49.6
268 59
269 32
270 39.1
271 7.9
272 69.1
273 44
274 17.7
275 31.1
276 98.3
277 53.4
278 90.9
279 71.8
280 76.7
281 42.2
282 15
283 62.6
284 37.5
285 95.3
286 86.5
287 81.5
288 3.2
289 57
290 12.8
291 98.6
292 79
293 28.6
294 61.8
295 84.6
296 31.7
297 12.4
298 32.1
299 5.6
300 93.2
301 26.7
302 49.3
303 58.9
304 46.1
305 42.9
306 37.5
307 37.5
308 7.4
309 84.6
310 88.9
311 62.7
312 96.6
313 60
314 38.1
315 52.4
316 41.2
317 85.6
318 10.5
319 15.5
320 99.7
321 70.2
322 55.8
323 23.4
324 18.4
325 50.3
326 3.9
327 59.9
328 18.4
329 82.7
330 2.4
331 68.9
332 5.9
333 75.2
334 58.9
335 67
336 72
337 7
338 31.8
339 16.7
340 16
341 26.3
342 88.6
343 30.7
344 14
345 69.1
346 95.9
347 4.8
348 11.2
349 25.3
350 100
351 16.3
352 2.9
353 84.4
354 5.3
355 26.4
356 57
357 66.5
358 25.7
359 66.1
360 78.2
361 5.1
362 32.3
363 21.8
364 53.8
365 20.5
366 61.3
367 38.4
368 31.7
369 82.1
370 4.8
371 82.3
372 20
373 7.5
374 9.9
375 85
376 86.1
377 83.8
378 52.3
379 96.3
380 93
381 12.8
382 67.8
383 68.5
384 77.8
385 20.1
386 41.1
387 84.9
388 46
389 65.4
390 18.1
391 17.8
392 27.1
393 80.7
394 99.9
395 90.2
396 37.9
397 6.8
398 68.3
399 2.9
400 26.8
401 46.7
402 19.6
403 56.7
404 7.7
405 44.6
406 57.3
407 17.1
408 94.8
409 13.5
410 27.5
411 50.6
412 49.2
413 92.7
414 74.7
415 48.9
416 30.8
417 72.7
418 4.1
419 80.6
420 11.8
421 86.2
422 18.4
423 62.6
424 24.3
425 36
426 97.6
427 20.1
428 73.6
429 55.5
430 54.2
431 34.3
432 20.4
433 17.1
434 29.5
435 74.8
436 41.1
437 66.8
438 98.6
439 65.5
440 44.6
441 66.4
442 54.1
443 93.2
444 48.5
445 87
446 48.8
447 73.8
448 91.7
449 78.3
450 88.4
451 34.7
452 74.7
453 60.9
454 25.1
455 21.5
456 33.1
457 2.3
458 9.1
459 66.6
460 21.8
461 33.3
462 97.9
463 9.7
464 76.7
465 21
466 77.7
467 74.3
468 88.2
469 30.4
470 36.7
471 43.4
472 52.9
473 46.5
474 73.6
475 93.7
476 77.9
477 93.9
478 34.6
479 69.7
480 5.4
481 26.2
482 84.9
483 68.5
484 80.5
485 10.5
486 57.5
487 69.6
488 53.4
489 70.7
490 54.7
491 23.9
492 24.6
493 49.4
494 55.2
495 40.9
496 90.4
497 5
498 15
499 52.9
