100
0 60.3
1 3.9
2 56.7
3 70.9
4 57
5 54
6 14.6
7 92.6
8 74.7
9 44.3
10 85.9
11 43.9
12 59.4
13 42.4
14 5.7
15 94.4
16 23.1
17 82.2
18 86.3
19 63.6
20 83.9
21 21
22 27.8
23 19.9
24 2.5
25 26.1
26 31.7
27 61.2
28 79.1
29 70.4
30 91.5
31 7.8
32 6.2
33 27.2
34 26.9
35 2.2
36 2.5
37 67.3
38 65.9
39 96.3
40 93.2
41 40.2
42 43.9
43 74.6
44 14
45 84.3
46 50.4
47 44.2
48 41.7
49 57.9
50 89.1
51 94.1
52 8.9
53 9.8
54 24
55 88.1
56 85.9
57 54.6
58 33.9
59 45.8
60 69.1
61 63.9
62 55.4
63 40.5
64 40.9
65 32.8
66 58.9
67 28.6
68 91.9
69 27.8
70 22.1
71 92.7
72 32.6
73 95.7
74 93.7
75 35.2
76 36.4
77 84.4
78 19.4
79 31.1
80 3.7
81 69
82 45.5
83 63
84 56.4
85 71.6
86 16.2
87 38.3
88 47.7
89 74.4
90 73.2
91 63.7
92 4.8
93 14.7
94 68
95 29.4
96 13.3
97 77
98 99.3
99 76
