500
0 1278.5
1 1490.1
2 1049.6
3 211.6
4 1408.6
5 681.8
6 602
7 1681.8
8 547.2
9 1123.8
10 178.4
11 1430.5
12 1924.2
13 12.5
14 1463.8
15 305.5
16 1368.2
17 28.7
18 759.7
19 1685
20 395.7
21 39.7
22 1979.4
23 1804.7
24 379
25 292.8
26 626.9
27 836.6
28 1855
29 460.3
30 1204.7
31 1540.7
32 1140.4
33 562.9
34 88.5
35 1953.2
36 715.9
37 1561.9
38 1212.6
39 1656.7
40 837.9
41 1088
42 64.8
43 518.1
44 273.8
45 705.3
46 826.2
47 1140.8
48 167.5
49 437.5
50 1209.9
51 248
52 1539
53 1652.3
54 1029.7
55 853.1
56 790.4
57 840.4
58 1673.4
59 1892.6
60 463
61 1681.6
62 200.4
63 1340.4
64 183.3
65 622.2
66 1540.5
67 10.4
68 805.4
69 1109
70 354.8
71 253.4
72 1178.4
73 1780.2
74 1667
75 532.3
76 26.7
77 562.7
78 1774.2
79 431.2
80 1102.1
81 961.7
82 777.8
83 930.9
84 26.3
85 1409.2
86 1378.9
87 688.4
88 142.1
89 63.6
90 1819.8
91 1294.7
92 963.4
93 1480
94 1362.9
95 361.6
96 1271.2
97 1803.1
98 496.9
99 1238.8
100 282.9
101 646.5
102 1049.3
103 1005.3
104 920.6
105 598
106 657.3
107 1874.8
108 1691.7
109 1576.5
110 852
111 1803.3
112 497.2
113 1297.2
114 434.1
115 1859.4
116 1689
117 448.7
118 1914.8
119 144.5
120 1498.1
121 744.6
122 816.1
123 219.5
124 1003.9
125 966.3
126 1285.5
127 282.2
128 1073.4
129 988.5
130 1158.8
131 393.8
132 122.5
133 1924.1
134 278.5
135 808.3
136 815.8
137 826.3
138 1446.8
139 1289.3
140 564
141 1123.6
142 682.4
143 1076.7
144 1323.1
145 826.8
146 449.3
147 1436
148 1238.7
149 673.2
150 222.6
151 1180.8
152 1591.9
153 1852
154 251.7
155 725.5
156 1019.8
157 1955.8
158 1337.4
159 996.3
160 1125.7
161 390.6
162 1570.6
163 1666.8
164 605.4
165 524.8
166 1336.6
167 1532.3
168 784.8
169 597.4
170 1418.3
171 1488.4
172 1032.2
173 675.5
174 1739.3
175 1932.3
176 843.5
177 20.2
178 1672.9
179 1558.7
180 1043.2
181 1723.4
182 1092.9
183 196.5
184 628.6
185 282.3
186 49.7
187 1680.6
188 1760.7
189 924.5
190 1222.8
191 630.7
192 892.8
193 671.1
194 1995.9
195 1620.4
196 1896.2
197 211.5
198 1525.3
199 107
200 676.7
201 582.2
202 224.6
203 1838.2
204 1087.4
205 1524.2
206 339.7
207 1570.1
208 451.3
209 1109.7
210 1410.9
211 1612.8
212 887.1
213 1412.9
214 1822.8
215 1380.5
216 83.4
217 1965.2
218 290
219 1832.6
220 21.4
221 228.1
222 823.6
223 821.3
224 572.4
225 1838.7
226 1758.3
227 336.4
228 1777
229 948
230 348
231 499.1
232 498
233 314.4
234 1240.2
235 1805.1
236 838.9
237 724.3
238 51
239 128.7
240 1041.4
241 1441.5
242 1617.4
243 1464.6
244 1179.7
245 99.8
246 125.1
247 321.5
248 888.4
249 737.8
250 1726.7
251 369.3
252 70.4
253 843.3
254 1205.6
255 1880.3
256 1507.5
257 1457
258 116.4
259 760.7
260 1918.4
261 619.7
262 431
263 1720.1
264 330.5
265 706.2
266 872.5
267 861.3
268 1783.7
269 1423.8
270 249
271 556.3
272 1425.8
273 1535.4
274 595
275 1930.6
276 1330.4
277 810.1
278 331.5
279 1809
280 1934.1
281 544.1
282 527
283 1329.8
284 1134.7
285 1668.4
286 1660.6
287 209.8
288 1655.9
289 1744.7
290 1140.8
291 536.8
292 841.3
293 1710.6
294 104
295 144.2
296 770.4
297 1580.9
298 870.5
299 396.7
300 1536.7
301 1892.2
302 1483.9
303 228
304 372.6
305 1138.2
306 1629.8
307 71.2
308 459.7
309 1563.1
310 1025.5
311 1204.9
312 653.2
313 174.9
314 1887.1
315 1350.1
316 470.4
317 1529.9
318 1345.1
319 1484.9
320 1239.7
321 1713.8
322 980.7
323 1793.8
324 940.7
325 645.9
326 1288.9
327 1883.5
328 1670
329 1441.8
330 295.5
331 686.3
332 937
333 246
334 1786.2
335 104.5
336 1095.7
337 1374.4
338 406.3
339 1051.6
340 986.8
341 193.8
342 87.4
343 1425.6
344 115.6
345 664.7
346 233.7
347 1329.3
348 817.8
349 1271.6
350 161.9
351 155
352 1856.3
353 1373.6
354 227.7
355 1622.9
356 1067.2
357 1569.7
358 942.8
359 1850.2
360 1113.6
361 241.1
362 802.4
363 5.4
364 1045.5
365 817.1
366 1294.8
367 1457
368 890.5
369 760.5
370 1104.4
371 1064.9
372 1920.9
373 319.8
374 1202.9
375 1616.9
376 1740.6
377 386.5
378 339.7
379 412.2
380 224.6
381 915.7
382 426.3
383 873
384 773.2
385 1941.9
386 1221.8
387 1283.5
388 1039.4
389 676.8
390 276.7
391 606.1
392 1787.5
393 478.4
394 1845.5
395 975.3
396 59.7
397 496.3
398 565.9
399 1632.7
400 1902.1
401 1621.1
402 1158.9
403 1048.7
404 504.3
405 529.2
406 1613.8
407 1699.2
408 151.8
409 1485.1
410 552.8
411 240.8
412 1976.2
413 656
414 1313.6
415 623.5
416 196.1
417 1431.8
418 251.4
419 701.3
420 1848.9
421 1563
422 1257.6
423 577.1
424 1155.5
425 785.7
426 322.9
427 1734.5
428 710.2
429 1184.1
430 862.5
431 891
432 1314.9
433 224.5
434 794.3
435 1307.5
436 1958.3
437 1111.8
438 1613.6
439 699.3
440 1291.8
441 235.4
442 246.1
443 1480.6
444 1542.6
445 230.3
446 755
447 1312.4
448 188.2
449 208.8
450 998.4
451 445
452 361.2
453 505.1
454 287
455 687.3
456 1227.9
457 681.3
458 328.5
459 1997.8
460 662.7
461 1302.5
462 1684.3
463 50.9
464 28.5
465 76.6
466 1434.4
467 1826.2
468 947.3
469 1492.2
470 1015.6
471 1807.7
472 792.1
473 1009.3
474 1307.9
475 1068.7
476 1749.9
477 772.6
478 568.3
479 809.7
480 1933.3
481 590.2
482 587.3
483 1108.4
484 963.6
485 1524.9
486 961.8
487 505.8
488 757.9
489 790
490 1887.3
491 996.8
492 569.8
493 1350
494 735.4
495 1542.1
496 1004
497 476
498 1048.3
499 274.1
