100
0 86.7
1 63.8
2 52.6
3 67.4
4 46.5
5 79
6 72.7
7 13.4
8 87.8
9 77.4
10 42
11 13.8
12 90.6
13 99
14 59.3
15 50.2
16 84
17 84.7
18 81.4
19 35.2
20 39
21 19.4
22 88.5
23 47.4
24 60.2
25 52.5
26 31.4
27 83.4
28 80.4
29 60.8
30 14.6
31 68.3
32 37.6
33 30.7
34 16.2
35 31
36 44.3
37 89.6
38 48.6
39 80.8
40 46.7
41 31
42 37.9
43 77.8
44 23.5
45 96.7
46 33.3
47 73.7
48 18.7
49 72.9
50 61.1
51 3.1
52 79.8
53 42.2
54 64.6
55 12.2
56 64
57 76
58 78.3
59 41.5
60 48.6
61 1.1
62 43.4
63 39
64 55.7
65 32.5
66 38.4
67 72.3
68 44.3
69 42.5
70 49.9
71 21.8
72 8.9
73 34.7
74 41.4
75 51.4
76 45.3
77 92.5
78 76.3
79 67.3
80 86.8
81 3.1
82 60
83 27.9
84 67.9
85 77.9
86 3.5
87 94
88 97.3
89 23.2
90 91.7
91 60.7
92 4
93 98.6
94 75.7
95 98.3
96 28.1
97 73.8
98 2.5
99 81.1
