500
0 33.8
1 1441.1
2 1150.3
3 1776.1
4 1480.5
5 273.5
6 1793.8
7 1942.3
8 104.2
9 1342
10 40.6
11 1976.1
12 727.1
13 326.8
14 56.9
15 1973.7
16 1075.7
17 1737.8
18 1985.8
19 1678.6
20 406.7
21 1371.2
22 1319.6
23 1650.8
24 1303.6
25 1361.2
26 1692.4
27 179
28 538.1
29 882.9
30 1286.9
31 1637.9
32 1068.3
33 114.5
34 1797.1
35 1064.6
36 692.8
37 1280.5
38 1100.9
39 1373.6
40 668
41 176.7
42 1328.3
43 637.6
44 1230.7
45 1459.1
46 499.6
47 486.4
48 1960.1
49 159
50 1650.4
51 1913.7
52 264.5
53 421
54 770.2
55 987.8
56 1080.6
57 633.2
58 680.7
59 955
60 583.4
61 1913.2
62 653.1
63 1145.3
64 1180.8
65 183.3
66 978
67 948.2
68 647.1
69 1640.5
70 1936
71 1288.4
72 1803.6
73 1781.4
74 894.2
75 1198.4
76 1245.2
77 1769.6
78 1375.5
79 1682.9
80 1038.2
81 1260.3
82 850.4
83 1302.6
84 1623.5
85 757.9
86 78
87 216.4
88 1613
89 1358.1
90 292.7
91 275.3
92 239.6
93 171.4
94 1021.8
95 1072.5
96 681.2
97 228.1
98 1763.7
99 863.1
100 1682.4
101 397.9
102 36.2
103 201.3
104 1729.6
105 361.7
106 434.3
107 148.8
108 753.2
109 942.7
110 988.3
111 668.7
112 1764.8
113 1655.6
114 1641.1
115 1533.7
116 287.1
117 922.3
118 697.8
119 539.6
120 1612.4
121 1317.7
122 1536.1
123 1504.9
124 185.9
125 1137.7
126 290.9
127 122.7
128 1938.2
129 373.5
130 409.7
131 1444.4
132 695.1
133 1031.5
134 1664.6
135 1439.1
136 1492.8
137 529.4
138 1357.7
139 1715.2
140 440.2
141 40.5
142 866.6
143 1861
144 787.7
145 1875.7
146 1251.1
147 218
148 1428.9
149 1621.4
150 1136.8
151 37.7
152 909.8
153 761.6
154 564.9
155 875
156 1608.5
157 1817.1
158 200
159 948.2
160 1151.6
161 275.5
162 1622.8
163 2000
164 1077.8
165 727.4
166 363.4
167 930.8
168 164
169 1806.7
170 1462.1
171 1404.5
172 784
173 1454.2
174 409.9
175 1925.2
176 536.3
177 912.9
178 1918.1
179 1866.3
180 507.3
181 1365.2
182 1730.1
183 1380.4
184 7.8
185 1064
186 332.7
187 1241.6
188 949
189 1994.7
190 1391.6
191 1342.1
192 1751.1
193 852
194 472.4
195 1663.6
196 1141.8
197 876.5
198 1700.2
199 381.8
200 1731.2
201 1626.8
202 249.2
203 292.9
204 1470
205 1842.7
206 1549.6
207 1550.8
208 1966.8
209 148.7
210 1295.8
211 1255.9
212 1411.7
213 810.1
214 1919.6
215 1778.9
216 1028.3
217 998.5
218 1360.7
219 799.5
220 1887.5
221 161.2
222 1573.1
223 801.2
224 797.8
225 1374
226 1327.3
227 596
228 124.3
229 1222.2
230 1632.8
231 1907
232 1050.2
233 1658.4
234 1167.5
235 783.2
236 97.9
237 1424.8
238 348.1
239 1589
240 1480.9
241 470.9
242 678.6
243 1256.5
244 1622.5
245 127.8
246 28.6
247 1477.9
248 854
249 1282
250 1735.3
251 569.7
252 1486
253 280
254 1363.7
255 1773.6
256 1469.3
257 1328.3
258 135.9
259 796.7
260 881.9
261 1542.2
262 1995.8
263 135.7
264 1399.9
265 479.2
266 562.5
267 1515
268 516.5
269 190.9
270 1589.4
271 1432.6
272 1891.7
273 466.6
274 73.4
275 627.4
276 1844.2
277 33.2
278 1285.4
279 1516.9
280 1085.9
281 1733.1
282 1984.4
283 1233.7
284 621.9
285 398.5
286 1965.8
287 771.5
288 1703.7
289 1673.7
290 1257.3
291 1486.2
292 1131.1
293 1697.6
294 711.2
295 1817
296 1486.7
297 649.1
298 1959.7
299 144.3
300 1648.3
301 880.5
302 591.2
303 852.8
304 680.5
305 1237.3
306 554.9
307 996.8
308 1080.6
309 577.1
310 852.9
311 578.9
312 1043.4
313 986.3
314 353.8
315 31.6
316 498.2
317 422.9
318 717.3
319 390.4
320 445.7
321 270.5
322 1717.7
323 928.9
324 1878.9
325 1495
326 54.7
327 756.2
328 1609.8
329 1937.8
330 1996.5
331 668
332 749.2
333 1031.6
334 614.1
335 1483.4
336 627.9
337 1947
338 1622.5
339 1256.2
340 1258.3
341 1629.3
342 236.5
343 534.7
344 882.6
345 1800.5
346 1503.7
347 438.4
348 814.4
349 608.7
350 303.9
351 791.2
352 967.9
353 1823.7
354 1539
355 930.1
356 1357.1
357 17.2
358 1227
359 404.7
360 575.7
361 629
362 903.7
363 740.1
364 709.9
365 847.8
366 424.5
367 271.5
368 8.8
369 668.2
370 1955
371 15.9
372 366.8
373 1796.1
374 1245.9
375 1369.9
376 1829
377 1368
378 71.2
379 688.8
380 1998.2
381 879
382 1505
383 1439.4
384 761.4
385 1207.6
386 240.5
387 439.5
388 444
389 157.1
390 1904.2
391 1383.7
392 1981
393 1150.5
394 1920.9
395 1311.4
396 275
397 477.1
398 1106.8
399 1398
400 12.7
401 1923
402 1016.6
403 619.8
404 77.7
405 1820
406 1437.2
407 1274.1
408 268.3
409 1898.1
410 1422.7
411 1845.1
412 20.9
413 555
414 1006.5
415 242.9
416 607.3
417 754.5
418 43.4
419 561.7
420 686.3
421 439.6
422 1463.4
423 934
424 674.1
425 1847
426 1025.2
427 1080.3
428 33.4
429 1030.6
430 784.6
431 854.4
432 1870.1
433 1255.2
434 292.2
435 628.9
436 1166.4
437 1774.5
438 1969.3
439 36.4
440 780
441 1491.7
442 1873.6
443 1862.8
444 1256.5
445 1128.8
446 1099.6
447 572.4
448 888.4
449 1903.6
450 1587.7
451 842.6
452 1101.6
453 1795.1
454 1631.2
455 449.5
456 1698.1
457 941.1
458 28.1
459 1469.3
460 1708.8
461 196
462 99.4
463 1778.2
464 668.7
465 946.2
466 381.1
467 1200.9
468 899.3
469 610.4
470 1081.7
471 1702.8
472 1537.9
473 1985.8
474 314.7
475 556.6
476 1824
477 1784.8
478 1644.9
479 1572.9
480 1089.7
481 1127.5
482 585.2
483 454.4
484 1298.6
485 838
486 950.8
487 1341
488 1292.2
489 1882.9
490 1077.4
491 353.6
492 863.4
493 429.8
494 502.5
495 1741.8
496 1021.9
497 1134.8
498 471.9
499 873.9
