100
0 68.5
1 29.4
2 3.5
3 76.9
4 26.1
5 65.5
6 73.7
7 95.4
8 20.8
9 32.6
10 18.5
11 50.3
12 48.9
13 83.4
14 85
15 38.3
16 72.3
17 79.9
18 96.2
19 54.7
20 97
21 17.1
22 70
23 7.6
24 40.7
25 93
26 94
27 80
28 46.4
29 98
30 38
31 30.9
32 31.3
33 77.5
34 82.2
35 74.3
36 7.3
37 13.6
38 2.9
39 19.6
40 89.3
41 18.1
42 34.6
43 65.9
44 98.6
45 58.1
46 49.1
47 50.9
48 71.5
49 32.6
50 82.4
51 11.1
52 5.1
53 2.2
54 86.1
55 57.1
56 39.6
57 44.5
58 68.9
59 89.1
60 84.2
61 55
62 74.2
63 96.3
64 45.9
65 19.6
66 80.3
67 69.2
68 12.4
69 71.3
70 33.5
71 9.7
72 40.8
73 26.1
74 89.2
75 39.5
76 7.2
77 36.1
78 27.7
79 12.8
80 17.7
81 96.7
82 26.3
83 10.6
84 47
85 91.8
86 48.8
87 6.6
88 31.4
89 86.7
90 77.9
91 32.4
92 67.1
93 32.4
94 19.1
95 2.5
96 44.5
97 70.1
98 26.4
99 30.5
