500
0 92
1 55.9
2 92.1
3 80.8
4 75.9
5 22.4
6 7.6
7 37.5
8 78.2
9 71.9
10 21.6
11 92.1
12 35.6
13 93.4
14 90.4
15 76.4
16 54.7
17 29.6
18 17.2
19 64.9
20 30.9
21 72.2
22 85.8
23 76.7
24 80.3
25 49.5
26 26.6
27 79.3
28 54.4
29 72.9
30 45.9
31 82
32 29.9
33 67.7
34 42.7
35 38.1
36 21.2
37 81.4
38 69.1
39 90
40 14.8
41 23.9
42 70.9
43 18.2
44 47.4
45 72.7
46 95.2
47 27.1
48 33.1
49 40.7
50 37.6
51 25.4
52 38.1
53 61.5
54 40.9
55 93.7
56 98.2
57 89.7
58 63
59 93.2
60 8.9
61 20.3
62 40.2
63 69.4
64 46.9
65 26
66 1.8
67 25.3
68 68.8
69 4.8
70 7.7
71 8.7
72 74.7
73 34.8
74 92.9
75 59.7
76 55
77 64.9
78 69.9
79 92.4
80 25.9
81 27.4
82 60.6
83 79.7
84 5
85 16.3
86 66.4
87 94.5
88 92.8
89 84
90 3.7
91 10.1
92 80.9
93 52.9
94 48.8
95 97
96 9
97 63
98 12.6
99 81.4
100 83.1
101 78.8
102 56.1
103 84.7
104 80.7
105 7.8
106 98.4
107 37.3
108 95.6
109 81.6
110 48.2
111 52.3
112 37.6
113 18.6
114 31.8
115 28.8
116 89.9
117 92.3
118 79.7
119 48.9
120 41.4
121 57
122 62.2
123 83.4
124 10.9
125 20.5
126 13
127 52
128 53.3
129 43.7
130 95.8
131 59.4
132 82.4
133 64.9
134 89.3
135 63.6
136 77.8
137 41.1
138 57.1
139 14.5
140 81.3
141 66.9
142 14.7
143 76.6
144 1.1
145 97.3
146 35.5
147 39.6
148 99.4
149 23
150 78.3
151 12.8
152 52.7
153 55.5
154 21.8
155 86.7
156 28
157 83.9
158 28.6
159 25.1
160 1.9
161 35.2
162 89.9
163 73.5
164 77.4
165 50.1
166 8.4
167 96.9
168 8.6
169 65.3
170 34.1
171 70.7
172 2.1
173 31
174 18.2
175 92.5
176 67.2
177 32.3
178 44.4
179 1.3
180 58.9
181 40.9
182 13.7
183 97.3
184 73
185 67.5
186 10.3
187 73
188 94.1
189 96
190 63.7
191 71.6
192 9.2
193 16.4
194 62.2
195 79.8
196 92.9
197 82.4
198 26.6
199 69.4
200 21.6
201 54
202 70.7
203 22.2
204 74.8
205 68.5
206 59.2
207 32.4
208 79.2
209 90.6
210 84.8
211 79.3
212 59.2
213 97.2
214 15.5
215 84.2
216 67.8
217 14.6
218 8.2
219 65.6
220 14.2
221 31.7
222 81.3
223 4.3
224 78.2
225 12
226 64.3
227 43.4
228 63.5
229 99.9
230 52.3
231 22.7
232 27.2
233 12
234 99.7
235 24.9
236 28.9
237 3.4
238 75.3
239 80.5
240 5.3
241 63.3
242 9.9
243 77.1
244 54.4
245 22.2
246 89.4
247 68.5
248 30.6
249 25
250 92.2
251 15.6
252 9.7
253 29.5
254 97.2
255 81
256 36.4
257 45.6
258 16.9
259 57.3
260 84.4
261 12.8
262 17.5
263 46.9
264 19.9
265 9.5
266 21.4
267 97.4
268 9.7
269 46.6
270 22.1
271 65.1
272 97.3
273 15.1
274 19
275 89
276 82.9
277 14.6
278 70.7
279 49.8
280 98.9
281 31.4
282 18.2
283 2.1
284 80.8
285 59.6
286 20.9
287 52.4
288 76.3
289 81.5
290 3.1
291 39.8
292 50.9
293 45.1
294 76.5
295 95.3
296 95.1
297 96
298 81.6
299 50.3
300 53.9
301 11.4
302 50.1
303 3.8
304 17.3
305 90
306 69.3
307 4.9
308 27.1
309 89.7
310 38.3
311 16.2
312 62.8
313 79.4
314 36.9
315 95.5
316 76.5
317 9.2
318 33.2
319 93
320 16.9
321 26.2
322 16.1
323 15.4
324 73.3
325 4.3
326 15.2
327 21.5
328 33.7
329 40.4
330 90.5
331 89.3
332 21.9
333 98.9
334 90
335 4
336 55
337 22.3
338 39.4
339 90.3
340 92.7
341 99.1
342 40.8
343 4.6
344 96.4
345 69.7
346 1
347 4.5
348 39.6
349 82
350 79.4
351 57.2
352 61.1
353 14
354 66.3
355 88.9
356 29.3
357 35.2
358 18.5
359 89.1
360 70.8
361 22.3
362 34.4
363 56.2
364 5
365 16
366 22.3
367 82.7
368 35.6
369 8.9
370 6
371 10.1
372 74.8
373 27.8
374 72.6
375 3.8
376 17.5
377 9.3
378 40.8
379 76.2
380 26.3
381 71.5
382 96.7
383 87.3
384 51.2
385 4.3
386 58
387 30.5
388 14.8
389 78.7
390 13.2
391 10.7
392 35
393 96.9
394 78.2
395 13.8
396 27.1
397 37.6
398 32.9
399 98.5
400 35.2
401 95.4
402 20.7
403 27.8
404 46.3
405 34.6
406 26.5
407 15.7
408 21.2
409 85.5
410 95.7
411 17.4
412 55.3
413 20.9
414 25.2
415 89.5
416 45.3
417 44.2
418 84.7
419 84.9
420 11.6
421 92
422 14.1
423 84.1
424 45.3
425 79.8
426 82.3
427 95.2
428 39.6
429 28.5
430 24.1
431 27.4
432 46.9
433 93.5
434 68.9
435 18.7
436 27
437 85.8
438 48.5
439 5.4
440 74.1
441 30.4
442 24
443 44.5
444 92.9
445 6.3
446 69.5
447 94.6
448 93
449 3.5
450 70.6
451 88.5
452 85.2
453 45.3
454 55.5
455 68.4
456 82.7
457 24.4
458 24
459 84.2
460 10.3
461 64.4
462 15.1
463 95.3
464 41.9
465 93.3
466 77.9
467 58.5
468 89.5
469 5.1
470 59
471 7.8
472 94.2
473 61.5
474 34.5
475 60.8
476 44.2
477 66.4
478 67.7
479 74.7
480 60.9
481 68.8
482 69.4
483 88.4
484 78.4
485 61.9
486 54.8
487 99.7
488 81.6
489 28.5
490 55.2
491 43.3
492 21.2
493 51.5
494 9.4
495 27.2
496 85.8
497 17.7
498 83.2
499 31.2
