500
0 1557.3
1 1902.2
2 68.2
3 280.2
4 70.8
5 1141.4
6 385
7 158.2
8 1090.7
9 1029.5
10 1250.9
11 87.7
12 457
13 1922.7
14 512.9
15 1190.8
16 936.6
17 1212
18 1212.7
19 1043.7
20 1255.9
21 496.9
22 1281.9
23 1082.3
24 1963.8
25 1174.2
26 1721.4
27 1669.3
28 1976.1
29 1691.1
30 1731.9
31 1552.8
32 1729.4
33 1490.3
34 1866
35 966.8
36 1640.4
37 219.7
38 1261.8
39 992.1
40 29.2
41 692.4
42 315.4
43 717.3
44 1634.8
45 1776.2
46 1177.4
47 335.5
48 72.8
49 573.1
50 461
51 736.6
52 1895.8
53 865.8
54 1233.9
55 323.2
56 819.8
57 1799.3
58 1498.3
59 380.9
60 1163.6
61 1810.5
62 346.4
63 677.7
64 368.9
65 1125
66 961.7
67 558.4
68 191.3
69 829.5
70 383.5
71 467.4
72 1253.9
73 1329.2
74 1164.1
75 876.5
76 163.6
77 1018.4
78 1385
79 163.1
80 1618.5
81 1912
82 600.4
83 518.2
84 1992.8
85 1082.5
86 1119.4
87 434.7
88 815.5
89 477.1
90 310.7
91 387.2
92 1308.1
93 1442.7
94 1957.5
95 679.2
96 1819.8
97 1259.1
98 995.3
99 1950.6
100 1409.7
101 684.2
102 1525.3
103 1364.7
104 1612.7
105 1580.7
106 1485.5
107 75.8
108 1950.6
109 760.1
110 1659
111 889.9
112 400.9
113 1573.6
114 64.6
115 1609.9
116 1324.8
117 1787.5
118 1341.8
119 494.8
120 170.1
121 130.8
122 466.1
123 822.1
124 724.6
125 1101.1
126 525.5
127 1618.2
128 1428
129 1147.6
130 437.1
131 61.5
132 1946.6
133 1373.6
134 206
135 1927.8
136 1776.5
137 1942.9
138 1762.9
139 221.9
140 918.7
141 1393.3
142 463.6
143 1399.1
144 1647.9
145 694.9
146 418
147 1079.8
148 1351.1
149 1905.7
150 853.5
151 1092.2
152 1810.7
153 1945.3
154 419.1
155 1703.8
156 558.5
157 944.7
158 1606.8
159 1283.7
160 1722.4
161 1701.8
162 950.2
163 1802.5
164 94.3
165 1008.7
166 957.7
167 802.2
168 1579.8
169 1156.6
170 468.9
171 800.8
172 533.3
173 1777.7
174 973.4
175 1397.5
176 1207.9
177 1140.8
178 1520
179 1393.5
180 573
181 1885.8
182 1781.9
183 379
184 434.4
185 1909.9
186 1837
187 468.8
188 462.1
189 1926.2
190 315.8
191 385.8
192 1432.6
193 170.3
194 1993.2
195 90
196 92.1
197 1087.9
198 1436.8
199 1281.3
200 570.6
201 1808
202 806.2
203 1170.8
204 1813.6
205 407
206 781.1
207 271.9
208 747.8
209 748.8
210 1189.4
211 1046
212 443.9
213 1978.3
214 1176.8
215 1677.6
216 380.4
217 1270.2
218 505
219 1137.7
220 1139.2
221 315
222 150.7
223 1955.8
224 1052.8
225 516.7
226 88.5
227 666.6
228 478.6
229 1582.3
230 3.3
231 422.8
232 1992.3
233 351.7
234 1882.1
235 185.3
236 723.9
237 1607.5
238 835.7
239 582
240 731.9
241 1729.4
242 832.7
243 354.2
244 942.8
245 683.8
246 635.8
247 1968.8
248 1517.7
249 1952.7
250 1006.3
251 1668.1
252 1230.5
253 1400.7
254 1557.5
255 808.7
256 933.4
257 376.9
258 250.2
259 840.2
260 1913.7
261 168.9
262 1553.4
263 347.9
264 589.6
265 1232.6
266 948.1
267 1758.7
268 1430.2
269 1532.6
270 1449.9
271 16.5
272 558.5
273 986.4
274 553.8
275 1653.7
276 1569.6
277 498.4
278 1873.3
279 335.3
280 1219.3
281 1156.3
282 802.5
283 956.9
284 1845.6
285 165.5
286 250.9
287 1827.3
288 1039.8
289 1950.7
290 1615.8
291 1482.1
292 45.1
293 518.2
294 103
295 1434.6
296 672.9
297 713
298 827.4
299 1889.6
300 1294.3
301 1381.3
302 123
303 1647.1
304 308.9
305 1053.6
306 266.8
307 250.7
308 232.4
309 1143.2
310 75.4
311 279.3
312 1373.5
313 758.7
314 206.1
315 1604.6
316 1227.4
317 290.5
318 251.7
319 1106.3
320 1072
321 1683.3
322 1714.2
323 621.4
324 1859.8
325 1859.8
326 382.1
327 2.3
328 1408.8
329 1367.5
330 1388.6
331 238.7
332 1787.5
333 1240
334 1806.9
335 1141
336 1773
337 583.8
338 1489.8
339 1839.9
340 1421
341 1118.6
342 807.3
343 1457.5
344 506.6
345 376.3
346 1722.6
347 881
348 1425
349 1015.8
350 887.8
351 1296
352 1226.3
353 613.4
354 1375
355 1257.4
356 819.9
357 321.3
358 661.3
359 214.1
360 1264.4
361 1437.5
362 820.9
363 1529.5
364 1593.6
365 1403.1
366 1514.9
367 343.1
368 204.9
369 1761.8
370 1567.6
371 1300.7
372 198.2
373 1876.9
374 442.7
375 220.1
376 980.2
377 2.4
378 513.9
379 1945.3
380 113
381 1024.7
382 696.1
383 1285.5
384 690.4
385 1287.3
386 78.6
387 1353.6
388 497.8
389 757.6
390 1091.2
391 552.8
392 183.4
393 92.6
394 1144.7
395 1440
396 688.5
397 1222.4
398 1277
399 1203.1
400 969.3
401 743.3
402 1333
403 1742.9
404 1511.6
405 884.4
406 734
407 1927.1
408 557.2
409 1135.9
410 231.7
411 617.8
412 134.7
413 1766.1
414 297.6
415 1176.2
416 364.3
417 1367.6
418 279.2
419 290.3
420 1054.8
421 377.2
422 1247.3
423 1448
424 1155.4
425 1530.6
426 1853.5
427 831.1
428 1247.7
429 956.6
430 1218.9
431 928
432 1188.1
433 1516.1
434 1163.4
435 821.6
436 1749.5
437 1473.9
438 412.6
439 1125.2
440 1639.2
441 346.8
442 456.6
443 72.4
444 1559.4
445 829.3
446 741.1
447 1861.4
448 1249.1
449 260.2
450 794.4
451 281.4
452 1502.4
453 1758.6
454 267.6
455 1369.3
456 600.7
457 260.7
458 869.7
459 309.9
460 782.2
461 1393.2
462 994.6
463 285.9
464 155.3
465 1773
466 435.2
467 1914.1
468 756.9
469 466.9
470 319.7
471 585.6
472 1560.1
473 365.6
474 1106.1
475 1464.5
476 1284.5
477 1914.3
478 370.1
479 1080
480 857.9
481 1433.9
482 1420
483 1287.6
484 991.2
485 195.3
486 377.9
487 88.7
488 500.4
489 482.9
490 1841.9
491 9.6
492 1633.2
493 244.1
494 663.4
495 1021.1
496 1214.5
497 334.7
498 1833.2
499 497.3
