100
0 39.7
1 76.4
2 86
3 37.7
4 56.7
5 32
6 68.9
7 34.5
8 73.7
9 87
10 4.8
11 17.7
12 65.2
13 40.8
14 51.4
15 45.6
16 68.7
17 92
18 23.3
19 57
20 24.6
21 47.2
22 5.5
23 51.6
24 16.4
25 76.5
26 96.5
27 69.6
28 25.1
29 24.6
30 68.8
31 26.8
32 21.4
33 8.5
34 23.7
35 5.5
36 32.8
37 5.1
38 10.7
39 51.2
40 88.3
41 45.4
42 62.6
43 96.8
44 68.2
45 10.2
46 67.2
47 78.3
48 85.2
49 1.8
50 1.6
51 20
52 88.8
53 78.8
54 12.5
55 86.4
56 23.3
57 35.8
58 43.2
59 47.3
60 98.5
61 86.1
62 3.3
63 28.6
64 71.8
65 47.4
66 20.5
67 20.9
68 58.3
69 58.4
70 33.3
71 97.9
72 73.2
73 91.5
74 99.8
75 71.9
76 76.2
77 63.8
78 36.3
79 47.3
80 12.8
81 25.6
82 81.7
83 96.2
84 86.2
85 59.4
86 57.3
87 83.7
88 8.5
89 37.7
90 92.8
91 93.5
92 99.6
93 87
94 43.9
95 38.2
96 55.8
97 39.1
98 63.6
99 53.6
