500
0 37
1 36.3
2 74
3 12.4
4 44.6
5 21.2
6 17.9
7 66.8
8 55.2
9 3
10 72.1
11 64.8
12 6.6
13 89
14 88.7
15 33.6
16 85.5
17 72
18 23.2
19 49.3
20 97
21 96.5
22 95
23 16.2
24 45.7
25 94.7
26 72.6
27 59.6
28 31.3
29 47.2
30 8.2
31 4
32 47.8
33 94.3
34 37.5
35 37.3
36 68.3
37 67.9
38 63.7
39 46.7
40 35.1
41 80.9
42 40.4
43 67.8
44 90.1
45 41.3
46 23.7
47 72.9
48 21.2
49 22.2
50 85.9
51 34.6
52 10.4
53 89.5
54 54.9
55 44.2
56 35
57 61
58 22.4
59 72.1
60 16.5
61 99.6
62 68.4
63 80.4
64 50.2
65 62.4
66 94.7
67 18
68 70
69 46.3
70 37.3
71 48.6
72 6.1
73 68.7
74 27.8
75 55.9
76 98.5
77 15.1
78 6.5
79 39
80 83.3
81 60.8
82 52.1
83 23.2
84 42.8
85 93.2
86 40.9
87 24.3
88 68.4
89 44.8
90 69.6
91 53.6
92 11.2
93 1.8
94 76.9
95 46.6
96 40.4
97 15.2
98 87.9
99 76.3
100 71.7
101 82
102 8.6
103 30.3
104 44.8
105 31.6
106 78.8
107 99
108 74.9
109 2.8
110 81.6
111 15.2
112 24.2
113 79.3
114 43.4
115 71.8
116 43.1
117 7.4
118 84.8
119 87.9
120 88.2
121 5
122 1.2
123 72
124 68.4
125 95.7
126 63.5
127 22.8
128 3.3
129 26.3
130 25.7
131 67.5
132 77.5
133 21
134 33.2
135 73.7
136 26.1
137 48.8
138 64.8
139 89.7
140 92.8
141 30.9
142 18.4
143 54.8
144 54.4
145 94.1
146 45.7
147 67.3
148 31.7
149 63.3
150 30.9
151 63.6
152 33.4
153 92.6
154 85.5
155 58.3
156 47.4
157 12.9
158 91.6
159 21.9
160 74.6
161 69.3
162 18.7
163 84.6
164 61.4
165 5.9
166 65.3
167 92.8
168 1.8
169 46.3
170 16.4
171 55.6
172 6.3
173 52.4
174 50.6
175 25.4
176 29.6
177 64.7
178 24.1
179 93.4
180 80
181 57
182 59.6
183 99.6
184 63.4
185 32.6
186 40.8
187 84.8
188 29.7
189 69.1
190 62.5
191 33.1
192 95.5
193 20.5
194 57.6
195 66.3
196 16.6
197 6.5
198 77.5
199 99.7
200 9.1
201 63.4
202 89
203 1.3
204 37.3
205 46.3
206 62.2
207 76
208 86.8
209 82.8
210 74.1
211 49.2
212 91.6
213 23.2
214 52.8
215 21.7
216 99.8
217 38.2
218 17.3
219 67.9
220 21.6
221 27.4
222 3.4
223 27.8
224 49.5
225 38.7
226 65.3
227 45.4
228 51.8
229 28.6
230 57.5
231 11.8
232 12.5
233 80.4
234 14.2
235 96
236 74.2
237 1.8
238 30.7
239 19.9
240 32.5
241 71.4
242 47.9
243 22.2
244 76.1
245 57.8
246 72.5
247 22.6
248 57.5
249 55.9
250 91.9
251 86.9
252 96.1
253 91.7
254 46
255 84.7
256 64.5
257 95.8
258 92.3
259 13.7
260 84.8
261 87
262 19.9
263 40.6
264 51.3
265 23.5
266 23.1
267 94.8
268 57.6
269 18.3
270 47.8
271 24.3
272 39.3
273 70.5
274 88.5
275 33.4
276 31.4
277 69.2
278 50.9
279 79
280 28.1
281 32.1
282 39.9
283 70.8
284 18.5
285 76.8
286 86.7
287 79.1
288 61.5
289 47.9
290 5.3
291 76.5
292 70.8
293 59.5
294 34.9
295 91.2
296 48.3
297 12.2
298 9.9
299 83.5
300 94.8
301 52.5
302 79.8
303 32.9
304 89.4
305 71.4
306 81
307 64.1
308 84.8
309 67.2
310 53.7
311 10.9
312 44.4
313 90.6
314 46.3
315 10.8
316 97.6
317 25.6
318 99.9
319 54.7
320 7.9
321 97.1
322 83.6
323 87.2
324 40.1
325 43
326 51.8
327 75.8
328 64.7
329 27.7
330 46.6
331 85.9
332 5.8
333 66
334 38.5
335 9.3
336 20.2
337 30.5
338 32.9
339 13.4
340 87.2
341 68.7
342 40.9
343 48
344 91.8
345 46.4
346 62.1
347 82
348 23.3
349 98.9
350 67.7
351 90.1
352 60.2
353 90.7
354 78
355 79.1
356 72.1
357 1.3
358 5.6
359 18.9
360 61.2
361 5.9
362 6.7
363 99
364 79.3
365 32.9
366 36.7
367 30
368 67.4
369 34.1
370 35.3
371 35.6
372 40.6
373 54
374 84.2
375 91.3
376 28.2
377 11
378 49.7
379 91.8
380 30
381 62.4
382 76.7
383 74.6
384 35.3
385 58.7
386 86
387 53.4
388 17.1
389 39.7
390 76.1
391 62.9
392 18.3
393 36.2
394 11.3
395 60.9
396 42.1
397 67.1
398 69.2
399 13.2
400 43.1
401 76.7
402 31
403 3.7
404 55.6
405 52.3
406 41.3
407 77.2
408 44.9
409 88.6
410 82
411 91.8
412 96.3
413 72.5
414 45.1
415 85
416 84.1
417 61.8
418 83.6
419 72
420 11.9
421 92.1
422 13
423 72.3
424 63.2
425 25.8
426 38.5
427 4.9
428 60.8
429 78.6
430 7.4
431 78.6
432 2.6
433 63.5
434 8.9
435 90.9
436 87.1
437 35.1
438 23.9
439 14.8
440 63.6
441 65.5
442 70
443 56.6
444 91.3
445 95.8
446 62.6
447 37.3
448 87.3
449 67.7
450 81.8
451 7.5
452 59.5
453 90.3
454 36.6
455 25
456 21.7
457 70.5
458 1.2
459 25.5
460 97.3
461 82.2
462 39.3
463 70
464 72.4
465 99.3
466 25.6
467 10
468 85.9
469 67.6
470 23.2
471 9.1
472 19.8
473 30
474 91.1
475 54.2
476 41.3
477 96.2
478 9.6
479 40
480 53.4
481 80.8
482 94.7
483 64.2
484 94
485 28.5
486 49
487 6.7
488 19.8
489 56.7
490 26.9
491 64
492 16.1
493 76.7
494 7.5
495 53.6
496 23.3
497 47.5
498 74.2
499 85.9
