1000
0 36.5
1 32
2 39.6
3 83.1
4 28.1
5 51.7
6 13.5
7 21.1
8 51.3
9 10.1
10 16.9
11 29.6
12 26.4
13 39.6
14 84.9
15 31.4
16 89
17 9.7
18 93.6
19 33.1
20 84.6
21 33.2
22 19.1
23 91.5
24 31.2
25 67.3
26 39.9
27 92
28 6.8
29 3.7
30 67.4
31 39.6
32 39.3
33 35.6
34 79.4
35 11.2
36 32.2
37 84.8
38 53.5
39 38.2
40 33.9
41 10.8
42 36.8
43 66.1
44 4.4
45 21.3
46 11.3
47 83.7
48 82.4
49 2.4
50 7.2
51 47.1
52 69.7
53 96
54 63.7
55 26.7
56 92.2
57 12.5
58 88.9
59 17.9
60 25.8
61 69.1
62 97.6
63 19.1
64 83.8
65 34.4
66 5.9
67 37.2
68 72.5
69 9.2
70 8.1
71 38.6
72 14.6
73 47.8
74 58.2
75 39.9
76 86.6
77 58.8
78 73.1
79 8.4
80 1.7
81 19.3
82 98.7
83 14.1
84 36.4
85 79.6
86 96.9
87 41.1
88 25.2
89 53.7
90 74.5
91 4.6
92 74.9
93 53.1
94 59.3
95 17.2
96 83.3
97 86
98 83
99 92
100 39.1
101 14
102 77.3
103 86.9
104 83
105 85.4
106 94.3
107 70.5
108 21.1
109 35.4
110 76.8
111 28.8
112 40.9
113 50
114 84.4
115 83.5
116 75.5
117 89.4
118 42.6
119 41.2
120 38.5
121 81.1
122 24.4
123 47.2
124 75.5
125 55.7
126 8.1
127 33.1
128 95.7
129 67.6
130 78.6
131 5.7
132 61.2
133 33.6
134 86.4
135 88
136 57.4
137 87.1
138 77
139 34.7
140 93.7
141 98.6
142 39.4
143 6.3
144 3
145 82.8
146 96.3
147 58.5
148 65
149 34.3
150 41.8
151 29.9
152 40.5
153 13.1
154 3.4
155 40.2
156 38
157 78.6
158 67
159 34
160 80.4
161 7
162 41.8
163 30.7
164 21.2
165 76.1
166 26.7
167 74.9
168 73.4
169 51.6
170 23.3
171 42
172 40.2
173 52
174 36.5
175 83.2
176 65.4
177 42.4
178 65.9
179 18.6
180 81.6
181 38.9
182 56.7
183 66
184 26.6
185 73
186 12
187 48.7
188 59.4
189 26.9
190 9.1
191 50.1
192 73.6
193 87.8
194 24.7
195 52.1
196 40.8
197 6.9
198 50.7
199 3.4
200 11.5
201 82.7
202 7.5
203 84.4
204 47.2
205 37
206 69.5
207 8.3
208 9.8
209 51.3
210 37.6
211 79.9
212 98.9
213 10.5
214 42.7
215 94.5
216 22.6
217 95.7
218 51.6
219 62.8
220 86.3
221 38.7
222 15.5
223 35.8
224 61.3
225 66.3
226 98
227 25.8
228 91.7
229 21
230 33.4
231 18.5
232 88.3
233 12.4
234 80.3
235 7.6
236 18.9
237 53.7
238 72.3
239 56.8
240 87.7
241 47.6
242 33.7
243 47.6
244 18.9
245 58
246 78
247 10.1
248 6.4
249 3.6
250 9.8
251 21.6
252 50.5
253 29.7
254 50.3
255 31
256 90.3
257 25
258 72.5
259 48.4
260 64.9
261 52.8
262 11.1
263 31.3
264 46.2
265 85.7
266 87.6
267 27.4
268 7.4
269 63.4
270 16.2
271 8.1
272 58.4
273 18.5
274 8.6
275 76.3
276 51.1
277 13.8
278 3.4
279 77.8
280 20.1
281 38.6
282 32
283 40.4
284 26
285 87.6
286 60.4
287 91.3
288 15.8
289 31
290 91.5
291 58.2
292 60.2
293 77.5
294 1.9
295 52.3
296 5.9
297 61.9
298 65.3
299 39.7
300 64.9
301 27.1
302 69.3
303 8.4
304 40.7
305 82.3
306 17.2
307 57.5
308 42.8
309 82.4
310 79.3
311 39.1
312 87.2
313 36.1
314 50.8
315 12.3
316 49.8
317 4
318 22.6
319 88.6
320 17.2
321 40.4
322 17.2
323 65.2
324 60.6
325 99.8
326 53.9
327 57.8
328 42.6
329 27.2
330 15.9
331 30.7
332 90.8
333 72.8
334 58.5
335 62
336 61.5
337 54
338 52.5
339 29
340 33.4
341 27.4
342 87.6
343 62.7
344 96.2
345 60.9
346 27.2
347 65.9
348 81
349 63.7
350 33.4
351 88.2
352 2.3
353 95.6
354 3.5
355 84.7
356 21.5
357 27.6
358 20.1
359 4.8
360 98.9
361 47.7
362 73.6
363 54.5
364 2.1
365 24
366 4.7
367 98.7
368 45
369 54.3
370 43.2
371 25.8
372 17.4
373 50.8
374 99.8
375 31.4
376 75.3
377 64.6
378 52.8
379 66.4
380 29.1
381 92.6
382 27.3
383 42.5
384 71
385 8.3
386 35.1
387 52.3
388 50.3
389 45.2
390 78.9
391 27
392 33.3
393 93.5
394 54.7
395 23.4
396 91
397 63.4
398 91.9
399 39.8
400 18.4
401 3.4
402 55.3
403 4.8
404 60
405 63
406 58.2
407 27.2
408 44.2
409 60.4
410 30.8
411 43
412 62.9
413 99.3
414 45.8
415 95.3
416 94.6
417 45.1
418 70.5
419 66.8
420 21.2
421 21.2
422 3.3
423 49.1
424 18.5
425 5.6
426 76.4
427 59.2
428 82.9
429 33.2
430 15.8
431 14.9
432 79.7
433 52.6
434 98.2
435 56.7
436 7.4
437 92.5
438 47.4
439 72.9
440 33.8
441 34.8
442 85.4
443 36.4
444 45.3
445 70.4
446 24
447 9
448 38.3
449 14.5
450 14.2
451 86.2
452 59.6
453 83.9
454 87.8
455 24.8
456 54.6
457 73.5
458 61.4
459 42.6
460 29
461 29.2
462 68.8
463 57.8
464 3.1
465 43
466 12.3
467 54.4
468 96.5
469 18.1
470 32.9
471 30
472 14.1
473 23.8
474 86.6
475 50.3
476 24.8
477 61.2
478 37.7
479 82.5
480 75.6
481 70.2
482 34.1
483 57.3
484 31
485 64
486 86.7
487 72.1
488 55.4
489 10.7
490 53.4
491 24.7
492 6.2
493 77.5
494 85.1
495 22.9
496 41.2
497 31.8
498 10
499 37.8
500 38.2
501 81.1
502 65.9
503 22.8
504 1.6
505 98.6
506 61.5
507 90.8
508 11.4
509 98
510 22.3
511 9.1
512 99.9
513 25.2
514 66.5
515 61.8
516 96.6
517 44.6
518 20.9
519 72.7
520 96.4
521 62
522 33.7
523 32.7
524 65.7
525 28.1
526 26.2
527 82.5
528 55.4
529 58.4
530 76.4
531 55.3
532 15.1
533 22.9
534 7
535 39.1
536 43.4
537 19.5
538 66.6
539 66.9
540 15.9
541 38.9
542 94.3
543 66.9
544 17.6
545 61.8
546 98.9
547 4.5
548 55.1
549 78.1
550 50.7
551 16.3
552 36.8
553 66.6
554 75.3
555 18.7
556 12.7
557 95.6
558 52
559 14.5
560 99.9
561 48.7
562 8
563 92.9
564 46.8
565 47.8
566 78.3
567 37.2
568 3.5
569 3.2
570 41.9
571 59.2
572 18.2
573 39.2
574 35.4
575 92.5
576 27.8
577 52
578 41.3
579 80.8
580 22.9
581 39.5
582 14.3
583 22.3
584 92.3
585 90.8
586 95.5
587 77.7
588 43.5
589 87.9
590 32.4
591 75.9
592 29.9
593 15.1
594 89.4
595 49.3
596 51.3
597 88.5
598 87.5
599 94.7
600 46.4
601 32
602 82.5
603 64.5
604 26.7
605 6.4
606 15.5
607 95.2
608 66.6
609 41.2
610 54.5
611 14.6
612 81.3
613 60.4
614 74.8
615 41.2
616 9.2
617 78.9
618 86.8
619 93
620 79.2
621 96.2
622 21.1
623 92.4
624 79
625 11
626 71.3
627 6.5
628 72.8
629 27.9
630 20.9
631 90.7
632 7.3
633 27.6
634 46.9
635 95.9
636 44.4
637 99.2
638 9.8
639 61.6
640 57.6
641 81.3
642 95.8
643 82.5
644 5.1
645 89.5
646 24.7
647 75.9
648 23.8
649 87.2
650 83
651 31.8
652 73
653 86.3
654 29.2
655 96.4
656 43.7
657 71
658 53.6
659 88.4
660 92.9
661 57.4
662 75
663 8.8
664 69.5
665 46.4
666 67.8
667 31.2
668 59.1
669 51.2
670 95.4
671 74.5
672 18.9
673 76.2
674 34.8
675 99.5
676 83.9
677 71.1
678 54.2
679 34.2
680 20.2
681 88.8
682 25.8
683 81.8
684 92.5
685 97.9
686 92.9
687 7.1
688 21.1
689 89.5
690 63.1
691 50.8
692 19.6
693 95.6
694 44
695 93.7
696 19
697 83.9
698 70.1
699 63.5
700 88
701 95.7
702 50.7
703 64.1
704 13.6
705 52.3
706 65.2
707 37.6
708 92.2
709 21.6
710 22
711 50.3
712 65.4
713 86.6
714 65
715 54.2
716 83.3
717 33.6
718 68.8
719 67.2
720 11
721 37.4
722 69.7
723 90
724 26.2
725 17.2
726 41.7
727 87.9
728 60.5
729 72.9
730 64.1
731 48.1
732 7.5
733 81.6
734 16
735 83.5
736 40.6
737 96.4
738 22.1
739 23.4
740 67.9
741 59.4
742 8.5
743 81.5
744 65.7
745 24.1
746 49.8
747 20.2
748 63.2
749 87.7
750 35.7
751 46.2
752 84.9
753 26.6
754 70.5
755 91
756 33.1
757 83.1
758 12.4
759 92.1
760 82.5
761 13.8
762 49.3
763 93.2
764 18.3
765 64.9
766 76.3
767 96
768 92.9
769 10.6
770 92.9
771 26.1
772 68
773 97.9
774 91.9
775 83.2
776 27.6
777 8.7
778 73.7
779 91.9
780 86.7
781 82.1
782 91.5
783 55.8
784 31.1
785 82.6
786 64
787 29.7
788 93.8
789 92.2
790 27.5
791 23.3
792 78.8
793 79.7
794 90.4
795 9.2
796 36.7
797 56.7
798 22.9
799 1.8
800 7.2
801 45.6
802 59.8
803 3.6
804 68.9
805 4.3
806 24.9
807 6.4
808 30.3
809 25.4
810 75.2
811 28.6
812 87.8
813 60.2
814 87.5
815 56.6
816 29.9
817 20.3
818 56.8
819 27.5
820 72.1
821 74.5
822 31.8
823 20.5
824 57.6
825 93.6
826 59.4
827 37
828 42.3
829 30
830 80
831 10.6
832 83.1
833 5
834 76.4
835 76.8
836 92.7
837 35.6
838 72.7
839 74.5
840 34.4
841 59.7
842 27.3
843 62.2
844 35.1
845 45.3
846 80.9
847 39.1
848 4.6
849 81.2
850 56.4
851 41.2
852 47
853 87.1
854 28.5
855 64.4
856 13.1
857 68.4
858 93.5
859 90
860 31.2
861 19.1
862 64.5
863 47
864 34.5
865 88.4
866 78.8
867 59.3
868 81.1
869 58.2
870 24.7
871 82.2
872 74.9
873 3.7
874 89.3
875 69.7
876 73.2
877 10.2
878 52.1
879 82.8
880 82.3
881 21.4
882 37
883 37.4
884 49.3
885 87.7
886 73.5
887 66.8
888 48.8
889 96.3
890 70.1
891 9.2
892 93.5
893 7.5
894 69.4
895 29.6
896 21.3
897 70.3
898 70
899 21.1
900 21.6
901 32.9
902 55.6
903 90.2
904 40.9
905 99.3
906 4.6
907 66.7
908 53.7
909 13.5
910 81.3
911 56.3
912 8.8
913 8.3
914 43.3
915 45.7
916 41.8
917 52.7
918 12
919 91.3
920 48.2
921 18.4
922 84.6
923 74.4
924 59.7
925 12.3
926 43.5
927 44.1
928 93
929 40.5
930 75.7
931 41.2
932 77.1
933 31.2
934 95.7
935 90
936 67.1
937 7.3
938 40.5
939 30.5
940 50
941 98.3
942 82.1
943 59.5
944 38.7
945 89.7
946 22.6
947 57.8
948 89.5
949 23.8
950 58.4
951 6.7
952 50.8
953 68.2
954 61.2
955 69.4
956 49.8
957 85.7
958 37.4
959 13
960 61.9
961 62
962 15.1
963 51.6
964 75.2
965 89.9
966 97.6
967 68.4
968 56.7
969 26.7
970 45.1
971 81.6
972 74
973 36.3
974 37.1
975 61.1
976 77.8
977 67.4
978 2.6
979 42.2
980 65
981 33.6
982 46.1
983 56.4
984 64.2
985 94.8
986 49.5
987 97.2
988 53
989 49.1
990 93.4
991 8
992 64
993 62.6
994 86.1
995 61.4
996 26.8
997 41.3
998 68.5
999 64.5
