500
0 140.7
1 1741.6
2 1627
3 1185.5
4 1305.3
5 912.4
6 27.6
7 171.5
8 837
9 1777.4
10 1979.4
11 347.6
12 1075.7
13 1754.7
14 332.8
15 726.5
16 645.2
17 768.3
18 282.7
19 1497.7
20 1472.8
21 743.7
22 316.5
23 1641.9
24 137.4
25 592.4
26 1951
27 706
28 453.5
29 1343.7
30 167
31 695.9
32 1299.1
33 595.5
34 327.3
35 245.6
36 994.9
37 969.1
38 1447.6
39 1136.9
40 444.9
41 776.6
42 1605.4
43 526.6
44 361.8
45 1795.3
46 1863.6
47 1464
48 228.4
49 827.7
50 1795.3
51 1707.9
52 1158.1
53 113.3
54 984.4
55 387
56 785.4
57 276.2
58 857.7
59 429.5
60 717.8
61 913.9
62 1898.3
63 822.8
64 997.1
65 236.1
66 601.2
67 937.4
68 1633.6
69 1509.7
70 191.5
71 821.6
72 546.8
73 1011.2
74 1774.3
75 239.7
76 1591.7
77 992.5
78 1303.9
79 536.2
80 1495.5
81 1381.5
82 1407.4
83 595.9
84 1643.9
85 617.7
86 881
87 609.5
88 295.5
89 1114.9
90 1955.3
91 700.1
92 1208.1
93 165.9
94 1687.5
95 1538.9
96 1055.8
97 373.9
98 1293.5
99 1779.2
100 539.6
101 971.1
102 815.3
103 1164
104 595.6
105 1604.2
106 140.9
107 883
108 518.2
109 1345.8
110 1741
111 754
112 1343.6
113 1297.3
114 1915.5
115 1241.2
116 1987.8
117 927.6
118 1880.3
119 1840.3
120 598
121 462.8
122 695.5
123 572.8
124 1239.8
125 262.5
126 59.8
127 934.1
128 1749.2
129 1278.2
130 461.3
131 1162.2
132 207.9
133 786.8
134 288.1
135 311.1
136 617.8
137 381
138 1752.1
139 1315.6
140 400.8
141 452.9
142 1134.4
143 285.2
144 1412.4
145 1233.8
146 162.8
147 1428.4
148 569.3
149 1830.5
150 1598.2
151 115.3
152 426.5
153 1309.6
154 900.9
155 1606.4
156 350.5
157 1776.1
158 1558.9
159 1748
160 1953.4
161 113.6
162 731.2
163 1814.6
164 1266.9
165 1994.9
166 1442.6
167 214.5
168 944.4
169 1995.2
170 1644.3
171 326.2
172 1906.1
173 282.2
174 803.9
175 1030.8
176 1278.5
177 956.6
178 1553.5
179 1630.2
180 952.5
181 1343.2
182 1756
183 1121.1
184 695.9
185 1842.7
186 208.1
187 1217
188 243.2
189 1716.1
190 1109.5
191 1495.7
192 1906.5
193 1081.8
194 1239.6
195 307.5
196 415.3
197 764.6
198 382.4
199 1467.3
200 843.7
201 1924.4
202 314
203 1064.1
204 420.3
205 1247.6
206 960.7
207 1525.4
208 1411
209 114.8
210 1441
211 979.6
212 818.4
213 1526.1
214 1234.7
215 1426.6
216 1541.1
217 1485.4
218 624.7
219 785.1
220 429.3
221 465.4
222 921.4
223 1126.9
224 1440.2
225 1934.8
226 1788.2
227 1416.4
228 94.5
229 697.9
230 1759.1
231 262.8
232 118.2
233 1003.7
234 1198.8
235 129.1
236 254.5
237 1683
238 835.4
239 1740.2
240 966.8
241 323.6
242 732.8
243 435.8
244 1166.6
245 1191.6
246 19.5
247 529.4
248 231.8
249 1462.4
250 1257.2
251 216.7
252 981.6
253 1145.7
254 876.8
255 144
256 278.2
257 52.8
258 1691.4
259 654
260 396.5
261 1477.7
262 419.5
263 1240.3
264 1452.2
265 1016
266 200.6
267 523.3
268 438
269 513.6
270 1468.4
271 128.8
272 235.6
273 835.9
274 1873.9
275 1927.1
276 1364.5
277 1834.7
278 1140.1
279 561
280 1119
281 1717.9
282 686.5
283 993.3
284 980.2
285 908.1
286 1235
287 1955.5
288 412.4
289 1746.4
290 1411.4
291 1393.8
292 1488
293 245.6
294 104.3
295 912.1
296 1159.9
297 1966.3
298 1134.4
299 416.2
300 1607.8
301 1248.7
302 1993.1
303 205.6
304 252.7
305 92.5
306 732.3
307 1588.9
308 373.3
309 911.6
310 1888.3
311 252.5
312 485.3
313 1785.8
314 1700.7
315 1390.5
316 1021.4
317 1832.5
318 1332.2
319 62
320 204.3
321 1063.3
322 304.2
323 1333.7
324 1117.6
325 1998
326 1470.9
327 1304.1
328 775.6
329 877.1
330 1768.9
331 1021.6
332 1855.2
333 1506.4
334 1714.7
335 1621.2
336 1872.4
337 537.4
338 1089.1
339 1333.2
340 1509.7
341 1375.6
342 1780.8
343 496.4
344 303.1
345 1216.5
346 1620.6
347 1131.5
348 1721.7
349 1019
350 967.8
351 552.1
352 515.7
353 360.5
354 1876.9
355 1823.4
356 1375.3
357 147.3
358 406.3
359 1596.2
360 396.9
361 199.8
362 355.3
363 1471.6
364 55.5
365 1595.9
366 1386.8
367 1242.9
368 477.7
369 1993.7
370 1921.5
371 1863.1
372 615.1
373 1381.3
374 557.9
375 1594.7
376 289.3
377 112.8
378 34.7
379 982.7
380 1295.8
381 1979.2
382 226.4
383 926
384 246.6
385 1555
386 709.7
387 1552.9
388 1005.7
389 781.4
390 1916.8
391 511
392 786.2
393 658.3
394 1232.5
395 1162
396 110.6
397 1198
398 1061.9
399 79.1
400 784.3
401 461.6
402 914.8
403 408.3
404 1851.5
405 375.6
406 1744.1
407 1665.5
408 1742.3
409 564.7
410 1429.5
411 339.5
412 1707.1
413 1519.1
414 1729.7
415 517.1
416 372.6
417 113.5
418 170.6
419 522.6
420 309.3
421 1145.4
422 89.3
423 1651.6
424 232.9
425 686.5
426 1682.1
427 534.3
428 1275.8
429 152
430 1008.8
431 408.2
432 263.7
433 1773.8
434 1872.6
435 1526.9
436 1552.4
437 381.9
438 713.8
439 815.5
440 553.1
441 265.9
442 1656.4
443 359.1
444 1799.3
445 1505.6
446 1787.3
447 1062.5
448 1193.4
449 1683.7
450 1222.5
451 1088.8
452 1706.9
453 1977.1
454 788.3
455 1400.3
456 795.9
457 1123.7
458 205.6
459 618.6
460 625.5
461 657
462 166
463 1328.6
464 1053.1
465 1566.4
466 1655.1
467 733
468 1571.3
469 271.4
470 1887.1
471 93.5
472 138.9
473 21.7
474 1297.6
475 1110.7
476 494.9
477 958.5
478 1606.7
479 642
480 1657.4
481 894.5
482 1508.1
483 789.1
484 1477.9
485 1661.2
486 1157.6
487 126.9
488 121.1
489 1575.9
490 1721.6
491 725.4
492 1155.8
493 987.1
494 388.1
495 22.7
496 1933.6
497 1833.2
498 1451.8
499 580.9
