1000
0 1480.9
1 559.6
2 1890.1
3 1918.3
4 846.7
5 1124.6
6 857.3
7 1893.1
8 36.6
9 980
10 1053.2
11 1411.6
12 669.6
13 883.2
14 1999.9
15 902.6
16 976
17 220.2
18 1047
19 1556.4
20 1751.1
21 1555.6
22 731.3
23 559
24 337.2
25 78.1
26 679.4
27 437.8
28 413.4
29 1217.6
30 83.1
31 939.4
32 306.8
33 990
34 433.4
35 1052.7
36 260.3
37 405.9
38 1629.6
39 117.8
40 555.5
41 1671.4
42 1829.6
43 477.8
44 577.1
45 490.3
46 670.7
47 1505.4
48 124.2
49 595
50 1354.1
51 725.6
52 1607.2
53 273
54 265.8
55 1346.7
56 925.4
57 723.7
58 1493.4
59 801
60 1799
61 1547.3
62 1802.3
63 898.3
64 390.6
65 1655.9
66 786
67 1528.3
68 1044.4
69 1875
70 750
71 320.3
72 1671
73 1194.7
74 143.1
75 866
76 1077.9
77 578.8
78 1967.4
79 903.6
80 1215
81 1116.9
82 882
83 984.2
84 53.9
85 1666.8
86 823
87 1714.8
88 1450.1
89 510.5
90 1081.3
91 561.2
92 1715.1
93 970.8
94 1554.7
95 644.9
96 2.3
97 682.9
98 991.6
99 889.1
100 1947.5
101 415.2
102 578.7
103 1354.5
104 1365.2
105 1319.7
106 901.5
107 572.7
108 1382.5
109 1643.4
110 430.3
111 1125
112 454.8
113 33.2
114 1006.9
115 1794.4
116 551.4
117 1155.1
118 989.2
119 774.3
120 1885.2
121 269.8
122 697.4
123 1262.7
124 193.3
125 1278.1
126 1661
127 1492.4
128 250
129 1982.5
130 634.4
131 763.2
132 874
133 1786.2
134 1687.3
135 85
136 100
137 1555.2
138 1954.2
139 765.6
140 1278.4
141 1490.3
142 1434.4
143 189.6
144 1178.1
145 1484.1
146 1180.9
147 102.3
148 825.5
149 274.9
150 747.5
151 1175.4
152 1287.6
153 5
154 324.8
155 1130.3
156 1779.1
157 1469.6
158 177.8
159 1038.4
160 1038.2
161 1064.8
162 1516.6
163 1720.8
164 1283.6
165 997.8
166 641.9
167 885.1
168 1419.5
169 349.3
170 591.9
171 1049.4
172 464.1
173 397.6
174 1713.4
175 237.1
176 1929.9
177 279.6
178 1199.8
179 849.2
180 270.1
181 71.9
182 1329.8
183 1706.4
184 1439.6
185 772.2
186 500
187 1291.2
188 1808.6
189 1776.4
190 1979.8
191 1995.1
192 789
193 888.1
194 599.3
195 562.7
196 1403.2
197 673.7
198 652.4
199 1231.2
200 99.2
201 1826.7
202 1739.4
203 1739.4
204 1038.4
205 598.4
206 880.8
207 1442.6
208 223.2
209 441.4
210 368.2
211 1466.4
212 96.8
213 144.3
214 1527.6
215 466.5
216 1347.7
217 1553.9
218 580.2
219 641.4
220 1190.7
221 247.2
222 1820
223 376.6
224 373.9
225 1399.8
226 1307.7
227 692.2
228 505.6
229 1395.5
230 1886.9
231 991.8
232 1382.8
233 287.6
234 1290.5
235 90.8
236 573.2
237 1200.2
238 1075.4
239 231.8
240 1300.9
241 129.4
242 1917.7
243 694.1
244 915.5
245 935.7
246 463.6
247 607.2
248 1795.4
249 1261.4
250 648.7
251 1247
252 298.3
253 99.1
254 640.1
255 1472.7
256 282.3
257 958.5
258 217.8
259 1997
260 98
261 733.8
262 1117.7
263 1767.7
264 1619.8
265 97.9
266 1957.5
267 142.9
268 717.5
269 759.4
270 308.6
271 1171.2
272 743.1
273 394.3
274 1105.6
275 592.1
276 1223.3
277 812.4
278 1625.1
279 1214.9
280 1789.5
281 897.6
282 1088.1
283 1394.8
284 207.6
285 1809.2
286 1159
287 499.2
288 1004.5
289 1182.8
290 60.5
291 1723.7
292 1188.5
293 952
294 1932.1
295 121.3
296 286.3
297 1427.1
298 1078.2
299 1507.9
300 713.2
301 691.2
302 615.7
303 1086.5
304 1594.9
305 975.3
306 1335.1
307 1579.6
308 281.6
309 1829.3
310 1394.9
311 679.5
312 408.6
313 1220
314 1552.9
315 1135.3
316 1644.4
317 531.5
318 125.7
319 777.6
320 911
321 1049.8
322 297.8
323 1784.8
324 740.3
325 446.2
326 1607.4
327 1033.8
328 1088.5
329 659.3
330 1755.3
331 1278.7
332 1012.4
333 477.3
334 566.6
335 456.2
336 873.9
337 1676.5
338 1573.3
339 305.9
340 571.5
341 952.8
342 469.8
343 458.5
344 295.3
345 129.3
346 513.8
347 981.6
348 435.6
349 1352.2
350 1259.9
351 1343
352 1222.6
353 657.5
354 89.3
355 260.5
356 663.7
357 767.5
358 1476.9
359 197.2
360 944.7
361 742.7
362 1290.6
363 1590.2
364 740.5
365 468.3
366 603.7
367 209.5
368 234.6
369 333.1
370 1324.7
371 62.8
372 1526.1
373 543.8
374 112.5
375 1225.4
376 1011.9
377 165.1
378 1959.4
379 249.7
380 1947.7
381 1821
382 931.4
383 1147.4
384 521.8
385 161.1
386 1397.4
387 1737.6
388 860
389 1140.1
390 372.8
391 141.5
392 1537.7
393 1904.7
394 615.7
395 1293
396 716.9
397 1887.4
398 1987
399 879.9
400 1962.9
401 1127.3
402 1534.2
403 259.9
404 732.1
405 1297
406 739.7
407 649.7
408 1442.6
409 1945.1
410 938
411 1474.2
412 373.7
413 1733.7
414 1671.6
415 1522.7
416 530.7
417 957.9
418 1230.7
419 59
420 1538.4
421 160.1
422 930.8
423 457
424 1884.2
425 1597.5
426 43.6
427 278.8
428 325.9
429 392.5
430 1122.5
431 1238.1
432 1999.5
433 523.6
434 641.5
435 1169.3
436 31
437 686.7
438 1938.7
439 1684.6
440 623.4
441 1837.9
442 1530
443 546
444 703.4
445 602.3
446 1185.8
447 993.1
448 281.1
449 550.2
450 487.2
451 58.6
452 1952.7
453 250.3
454 1039.9
455 1913.1
456 1138.6
457 1392.6
458 1575.3
459 1359.5
460 1911.1
461 759.7
462 83
463 1400.8
464 1657.2
465 517
466 560.8
467 1344.7
468 1060.9
469 1634.1
470 1527.4
471 751.5
472 1126.1
473 1156.2
474 1808.8
475 1927.4
476 1448.3
477 1106.7
478 75.8
479 1886.7
480 1825.5
481 1198.9
482 1617.2
483 1175.6
484 1861.1
485 374.8
486 189.7
487 1459
488 1845.9
489 1714.8
490 634.2
491 529.6
492 1967.3
493 534.8
494 305.4
495 471.9
496 1185.8
497 1448.6
498 1129.6
499 660.7
500 824.4
501 161.5
502 1563.1
503 603.5
504 566
505 13.9
506 1041.6
507 1761.7
508 1404.3
509 980.6
510 1304.1
511 881.7
512 579
513 1479.6
514 1522.6
515 948.9
516 1597
517 438
518 1334.2
519 1378.1
520 1402.7
521 781.6
522 958.2
523 98.2
524 624.8
525 1119.4
526 1159.6
527 1275.9
528 1996.9
529 346.9
530 333
531 471.6
532 985.5
533 1332.2
534 1834.5
535 142.2
536 147.1
537 1740.8
538 1202.9
539 1932.7
540 1468.5
541 1546.3
542 2.2
543 1752.1
544 1913.5
545 1063.6
546 482.6
547 1465.2
548 1943.1
549 269.9
550 881.6
551 1911.3
552 1415.2
553 349.6
554 108.6
555 289.9
556 1528.8
557 479.3
558 789
559 1709.7
560 1204.3
561 529.6
562 1208
563 650.8
564 959.9
565 992.8
566 376
567 102.9
568 1931.5
569 626.9
570 18.4
571 1538.9
572 1559.3
573 611.3
574 1657.8
575 1158.3
576 1242.1
577 422.5
578 1297.2
579 1767.8
580 983.4
581 276.7
582 193.6
583 1411.7
584 476.5
585 1509
586 639.8
587 511.1
588 1147.4
589 820.1
590 1516.5
591 1761.5
592 1680.9
593 990
594 141.2
595 221.8
596 1845.2
597 1092.7
598 304.3
599 358.4
600 1293.4
601 221.7
602 997.8
603 1919.4
604 1884
605 1846.3
606 897.6
607 1950.9
608 1660.4
609 568.1
610 924.2
611 127.6
612 1881.1
613 609.4
614 156.9
615 1946.5
616 548.6
617 1531.7
618 1954.1
619 1373.2
620 583.2
621 248.2
622 303
623 1850.7
624 1233.9
625 1879.4
626 1097.7
627 32
628 1731.2
629 757.6
630 472.4
631 1142.5
632 1028.3
633 1591
634 160
635 1806.7
636 941.9
637 1049.1
638 188.1
639 1217.3
640 598.2
641 550.7
642 1422.9
643 965.2
644 1769.2
645 1791.4
646 31.4
647 1721.2
648 300.3
649 1870.6
650 1353.5
651 335
652 1319.2
653 415.3
654 1214.5
655 245.1
656 1701.7
657 1857.6
658 1692.6
659 1054.3
660 1060.8
661 1838.6
662 633
663 565.3
664 716.8
665 89.1
666 1005.3
667 1542.4
668 660.4
669 1023.8
670 214.9
671 1028.5
672 1667.5
673 247.4
674 1128.6
675 417.2
676 983.8
677 357.7
678 392
679 1617.9
680 1486.1
681 508.3
682 613.5
683 1796
684 875
685 1662.1
686 1844.8
687 1028.8
688 1108.7
689 1004.5
690 433.8
691 1704.9
692 439.3
693 1095.3
694 1260.7
695 1598.1
696 155.7
697 937.5
698 1642.7
699 733.5
700 945.7
701 774.6
702 461
703 1806.4
704 1205
705 1897.7
706 1006.5
707 1302.3
708 981.3
709 1215
710 1287.2
711 201.4
712 1541.7
713 445.6
714 1442.3
715 1729.6
716 810.3
717 862.8
718 1675.6
719 1372.9
720 648.5
721 1504.4
722 1948.9
723 74.7
724 1433.2
725 1464
726 644.8
727 253
728 1187.9
729 773.4
730 183.2
731 1187.4
732 365.1
733 329.4
734 562.6
735 520.9
736 596.7
737 1451
738 1583.2
739 598.8
740 756.5
741 1403.2
742 1800.7
743 139
744 1157.3
745 1442.8
746 1673
747 871.3
748 1209.2
749 1906.3
750 1304.3
751 1245.9
752 1558.4
753 1533
754 359.7
755 324.9
756 1328.2
757 1195.5
758 1282.3
759 744.9
760 652.7
761 1076.4
762 1179.7
763 1962.1
764 676.5
765 564.4
766 88.4
767 513.3
768 1467.8
769 1604.9
770 380
771 492.3
772 355.5
773 622.1
774 971.3
775 293
776 1908.2
777 296.1
778 65.3
779 1600.4
780 1570.5
781 1975.5
782 1821.5
783 1580.5
784 393.1
785 208.4
786 35.3
787 1883.9
788 1162.6
789 864.5
790 1455.7
791 1924.2
792 1412.1
793 901.2
794 1764.9
795 103.7
796 992.1
797 695.9
798 1556.1
799 195.5
800 543.6
801 1589.2
802 143.6
803 1338.2
804 178
805 1887.8
806 499.3
807 448.2
808 990.1
809 1947.1
810 734.6
811 413.7
812 214.8
813 1557.4
814 533
815 1122.7
816 1136
817 609.8
818 1653.7
819 730.8
820 1811.5
821 596
822 1005.9
823 1448.8
824 828.3
825 172.6
826 1457
827 1091.1
828 980.4
829 380.6
830 193
831 1946.3
832 1230.6
833 731.8
834 238.1
835 1491.1
836 830.4
837 577.9
838 408.3
839 1627
840 446
841 1074.6
842 308.9
843 621.1
844 1552.5
845 1250.6
846 1835.2
847 1510.2
848 1919
849 1852.6
850 593
851 866
852 880.2
853 1758.7
854 1849.2
855 1461.1
856 402.8
857 1866
858 1980.6
859 1443.5
860 1286.5
861 722.4
862 290
863 969.3
864 395.3
865 1752.2
866 822.4
867 1082.5
868 680.8
869 924.5
870 1662.1
871 712.9
872 1608.2
873 1585.3
874 596
875 1303.3
876 1415.9
877 1262.7
878 1706.5
879 387.1
880 1958.2
881 360.1
882 174.9
883 235
884 1386.5
885 998.4
886 726.6
887 715.4
888 175.7
889 464.2
890 942.1
891 1813
892 1280.7
893 1055
894 328.6
895 1459.9
896 648.2
897 53.7
898 97.7
899 1350.8
900 854.7
901 1551
902 1236.8
903 1640.9
904 1338.2
905 1284
906 1449.5
907 862.7
908 840.7
909 1972.2
910 1404.8
911 451.8
912 502
913 600.5
914 1633
915 1742.6
916 1654.8
917 1927.9
918 1316.2
919 647.6
920 1523.6
921 1163.4
922 634.8
923 618.4
924 1498.2
925 1085.7
926 1370.6
927 1791.9
928 1794.4
929 1721.1
930 1793
931 67.5
932 658.7
933 1287.4
934 926.8
935 1011.9
936 1750.9
937 1048.7
938 1670
939 225.3
940 498.9
941 46.3
942 598.5
943 1394.6
944 1492.6
945 1483.3
946 12.6
947 1407.4
948 300.1
949 1565.7
950 1565.7
951 752.5
952 1919.5
953 1867.5
954 575.3
955 830.1
956 1981.3
957 901
958 1908
959 559
960 164
961 1804
962 840.7
963 1712
964 89
965 377.9
966 1632.6
967 1246
968 704.6
969 1302.6
970 1148.7
971 275.6
972 1743.8
973 896
974 1091.4
975 1611.5
976 1542.1
977 202.7
978 254.6
979 1080.5
980 226
981 130.5
982 593.4
983 804.1
984 1623.8
985 1897.1
986 746.7
987 1362.1
988 1657.2
989 110.8
990 1122.5
991 386.4
992 656.5
993 1949
994 1398.8
995 1252.4
996 1638.9
997 518.9
998 441.2
999 1951.9
