1000
0 933.2
1 818.7
2 231.4
3 539
4 896.2
5 1258.6
6 686.2
7 536.8
8 757.3
9 1148.4
10 1029.4
11 79.8
12 1722.1
13 565.3
14 1622.7
15 1875.3
16 931.8
17 710.3
18 59.8
19 958.8
20 710.6
21 594.7
22 1076.2
23 128.3
24 1058.9
25 155.9
26 1078.3
27 206.1
28 175
29 161.9
30 366.6
31 1843.8
32 136
33 488.4
34 11.1
35 1942.8
36 382
37 18.4
38 796.3
39 517.7
40 1475.4
41 384.7
42 1837.6
43 954.9
44 972.3
45 693.9
46 1679
47 595.3
48 1570.3
49 1990.7
50 25
51 91.8
52 1053
53 1674.8
54 600.2
55 917.4
56 606.6
57 1660
58 1753.1
59 1184.8
60 1787.4
61 876.7
62 294.8
63 1387.5
64 1970
65 317.7
66 273.4
67 1243.7
68 1773.3
69 1563.6
70 1430.5
71 1278.3
72 928.2
73 666.3
74 789.8
75 1545.7
76 1287.8
77 255.3
78 693.9
79 1380.8
80 1990.9
81 1681.5
82 288.5
83 296.5
84 937.7
85 530.7
86 1100.3
87 878.1
88 269.8
89 177.3
90 1877.3
91 1391.6
92 805.4
93 622
94 1071.9
95 737.7
96 603.2
97 1417.9
98 1473.9
99 682.7
100 276.1
101 1292.2
102 947.3
103 682.1
104 676.3
105 741.3
106 1975.9
107 617.9
108 1608.6
109 1560.8
110 1817.2
111 1016.6
112 39.9
113 1514.4
114 270.8
115 21.1
116 730
117 357.3
118 371.2
119 1703.5
120 332.5
121 1544.1
122 1780.1
123 1772.2
124 1322.5
125 655.6
126 1232.7
127 941.3
128 301.8
129 45.8
130 1640.4
131 501.3
132 363.1
133 1697.1
134 1508.1
135 1146.3
136 1190.6
137 823.5
138 1777.9
139 1418
140 716.6
141 1652.1
142 1826.9
143 1051.4
144 81.5
145 1567
146 710.5
147 1171.1
148 1325.8
149 1861.1
150 381.5
151 1809.3
152 1851.2
153 1671.1
154 945.2
155 1856.9
156 976.3
157 1021.7
158 201.6
159 1060.6
160 1157.6
161 143.3
162 1749.1
163 153.1
164 518.1
165 623.1
166 383
167 1926.8
168 915.2
169 449
170 897.5
171 1211.8
172 96.1
173 1126.5
174 1086.5
175 692.1
176 1348.2
177 1373.8
178 925.5
179 1507.8
180 900.1
181 51.8
182 1979.2
183 1287
184 1028.8
185 1642.4
186 962.7
187 821.6
188 1830.9
189 1104.3
190 854.3
191 1473.2
192 1843.5
193 1354.2
194 50.6
195 972.4
196 359.9
197 1135.3
198 1934.9
199 223.2
200 1467
201 536
202 1156.3
203 156.9
204 45.3
205 1705.5
206 1185
207 1951.7
208 280.8
209 445.4
210 49.5
211 868.1
212 1594.3
213 495.8
214 1914.3
215 114.9
216 1086.8
217 1423.9
218 590.4
219 1894.3
220 477
221 693
222 839.6
223 390.1
224 1908.9
225 1625.2
226 1769.3
227 1499.6
228 1584.3
229 603.4
230 1550.8
231 873.9
232 1954.5
233 959.1
234 1781.4
235 621.5
236 1078.9
237 268.6
238 262.8
239 1373.7
240 13.2
241 1940.5
242 1389.7
243 1495.1
244 1011.4
245 264
246 1748.5
247 514
248 970.5
249 498.5
250 980.6
251 434.1
252 1986.5
253 248.2
254 572.9
255 317
256 1347.1
257 746.6
258 674.4
259 1659.1
260 1757.2
261 1992.2
262 928.6
263 24.1
264 1767.1
265 1871.3
266 1249.5
267 1494.1
268 1248.6
269 544.8
270 1330.9
271 449.8
272 1776.5
273 1555.8
274 1278.2
275 1929.7
276 63.3
277 1635.9
278 579.6
279 65.8
280 1740.9
281 253.5
282 1933.9
283 1681.4
284 1017.4
285 1448.4
286 1608.3
287 1637.1
288 654.4
289 667.9
290 429.3
291 1724.4
292 1671.5
293 1617
294 1379.7
295 890.4
296 186.1
297 1242.1
298 421.9
299 927.1
300 531.8
301 500.1
302 810
303 1292.7
304 1405.1
305 600.5
306 1771.5
307 216.2
308 268.2
309 455
310 823.6
311 877.9
312 345.9
313 268.2
314 669.8
315 1636.9
316 1645.2
317 1453.2
318 470.7
319 233
320 432.6
321 548.4
322 710.7
323 238.1
324 427.6
325 276.9
326 1967.1
327 1946.2
328 824.4
329 846.4
330 1480.5
331 858.5
332 965
333 1524.5
334 212.8
335 103.4
336 1888.1
337 1507.5
338 566.2
339 484.9
340 396.8
341 289.5
342 536.2
343 1205.2
344 1089.9
345 1560.1
346 1426.8
347 496.9
348 1550.5
349 1631.5
350 871.8
351 1260.3
352 1139.9
353 114.4
354 1465.2
355 573.9
356 658.3
357 274.3
358 1227.6
359 289.6
360 1997.7
361 1472.2
362 705.1
363 599.9
364 1217.8
365 754.1
366 1707.2
367 1252.6
368 1133.2
369 1522.4
370 254.2
371 513.1
372 110.5
373 1186.5
374 872
375 374.7
376 5.2
377 965.7
378 301.5
379 1963.1
380 1674.9
381 549.7
382 842.9
383 269.4
384 578.3
385 270.8
386 125.7
387 1543.5
388 1075.8
389 1980.4
390 409.2
391 482.3
392 1523.7
393 1845
394 749
395 1962.7
396 1238.2
397 1073.6
398 1660.2
399 1352.8
400 758.1
401 845.2
402 1974.3
403 1390.7
404 1043.5
405 155.6
406 819.7
407 1950.2
408 728.9
409 302.3
410 1843.3
411 1617.4
412 759.1
413 1552.6
414 1171.7
415 986.1
416 674.1
417 252.8
418 781.1
419 829.9
420 1123.4
421 1531.5
422 1756.5
423 414.6
424 383.2
425 1536.2
426 157
427 631.2
428 1341.8
429 90.2
430 620.1
431 1363.6
432 1329.9
433 1178.3
434 1080.8
435 712.2
436 1690.6
437 1400
438 1175.1
439 1838.1
440 1197
441 113.2
442 1322.9
443 1133.8
444 493.8
445 1609.5
446 1170.9
447 1310.7
448 611.1
449 1129.5
450 1684.1
451 1828.1
452 415.3
453 1696.6
454 1008.7
455 63.8
456 180.7
457 1688.3
458 1507
459 111.6
460 1228.9
461 545.7
462 1435
463 1264.4
464 832.9
465 1271.2
466 953.8
467 1941.7
468 1990.3
469 1320.9
470 903.1
471 752.7
472 1754
473 470.7
474 703.9
475 49.9
476 919.2
477 159.9
478 1071.6
479 226.7
480 552.8
481 980.9
482 1902.4
483 1032.7
484 1574
485 393.9
486 101.1
487 422.5
488 919.9
489 1850.1
490 1157.3
491 686.5
492 925.5
493 268.2
494 812.4
495 1318.5
496 1847.2
497 1720.9
498 1786.3
499 1956.5
500 617.4
501 254.4
502 1219.7
503 365.8
504 1766.2
505 839.3
506 1665.2
507 1305.8
508 1355.6
509 678.8
510 567.9
511 1972.7
512 256.1
513 975.4
514 913.6
515 480.1
516 1722.1
517 1942.7
518 657.5
519 1372.8
520 1797.4
521 1786.6
522 1919.4
523 1855.9
524 367.5
525 1033.2
526 516.5
527 1986.5
528 187.8
529 717.8
530 1711.3
531 1527.2
532 69.4
533 1078
534 1411.7
535 1708.8
536 1337.7
537 206.2
538 1735.4
539 1164.1
540 1638.3
541 705.3
542 1923.5
543 1021.6
544 1455.5
545 615.4
546 1022.5
547 131.2
548 1079.1
549 186.4
550 358.4
551 129.5
552 228.9
553 1967.5
554 32.3
555 1576.6
556 438.8
557 78.9
558 1993.4
559 1548.1
560 1003.4
561 673.3
562 1175.4
563 934.7
564 1711.9
565 1502.6
566 69.7
567 1431.4
568 521.1
569 186.5
570 1622.4
571 270.5
572 987.3
573 1696.5
574 1713.7
575 878.7
576 161.9
577 1009.4
578 232.7
579 1984.7
580 1748.8
581 154.9
582 13.3
583 1725.1
584 934.4
585 1453.3
586 1269.9
587 426.9
588 663.6
589 25.4
590 445.3
591 1073.3
592 1061.6
593 586.4
594 18.7
595 1906.7
596 392.1
597 20.7
598 1098.1
599 333
600 1854.9
601 1891.7
602 692.5
603 260.2
604 1066.6
605 1269.6
606 932.4
607 1914.7
608 438.3
609 874.7
610 1970.3
611 1721.7
612 1169.1
613 263.5
614 36.9
615 357.9
616 1548.5
617 1311.8
618 1449
619 63.3
620 456.8
621 1596.8
622 1200.4
623 1428.8
624 1381.3
625 1636.8
626 1639.8
627 349.9
628 1130.7
629 1970.6
630 1024.7
631 1345.3
632 1829.8
633 1006.6
634 1935.5
635 963.6
636 1874.3
637 796
638 495.2
639 1247.5
640 787.2
641 760.3
642 217.3
643 721
644 1148.1
645 1480.4
646 1851.1
647 101.3
648 506.7
649 1894.5
650 1389.6
651 1584.5
652 1057.6
653 856.2
654 1343.8
655 261.6
656 1066.6
657 543.4
658 400.9
659 1650
660 1079.2
661 156.5
662 1193.5
663 1104.3
664 1670.1
665 800.7
666 70.1
667 1767.8
668 1353.3
669 548
670 617.5
671 600.9
672 964.7
673 317.1
674 1007.9
675 495.6
676 1912.1
677 246.2
678 1978.8
679 70.7
680 867.7
681 1037.8
682 283.6
683 684.3
684 1259.7
685 547.9
686 1247.8
687 1829.4
688 1354.4
689 72.1
690 680.9
691 391.8
692 1068.2
693 1482.4
694 416.6
695 1525.5
696 885.7
697 530.8
698 461.9
699 1482.3
700 1603.8
701 306.3
702 952.9
703 1480.7
704 1896.3
705 1933.6
706 1046.6
707 895.7
708 857.7
709 1018.4
710 409.1
711 454.2
712 1291.8
713 1163.5
714 1504.7
715 1477.3
716 1487
717 480.2
718 1368.9
719 270.9
720 1396
721 214.3
722 1895.4
723 1855.7
724 1595
725 130.9
726 1254
727 957.8
728 164.9
729 1648.8
730 784.8
731 6.6
732 1339.5
733 919.4
734 1235.8
735 182.6
736 1652.7
737 473.5
738 135.7
739 1341.7
740 749.4
741 889.2
742 462.1
743 795.4
744 1608
745 1182.5
746 1680.1
747 817.7
748 1357.6
749 925.3
750 961.8
751 1951.8
752 783.3
753 927.6
754 1030.7
755 99.7
756 954.4
757 93.7
758 973.4
759 681
760 1939.3
761 347
762 721.6
763 238.9
764 1489.6
765 1399.2
766 1163.6
767 1102.4
768 627.8
769 1527.4
770 966.7
771 493.2
772 1045.1
773 1712
774 1748.8
775 5.2
776 1408.7
777 1565.4
778 634.2
779 37.4
780 1791.9
781 804.7
782 1664.2
783 88.2
784 1975
785 95.9
786 1781.5
787 569.4
788 146.4
789 1855.4
790 1051.4
791 1696.5
792 330.9
793 1172.2
794 1758.7
795 470.9
796 337.4
797 1962.9
798 1268.7
799 132.7
800 1844.7
801 1742.9
802 1603.4
803 1427.8
804 310.6
805 1914.9
806 417.5
807 533.4
808 1379.4
809 1125.3
810 1577.9
811 1877
812 1765.8
813 1516.8
814 1304.8
815 1308.3
816 1109.4
817 1340.2
818 1945.3
819 862.2
820 1783.9
821 1111
822 56.3
823 1902.7
824 1804
825 1665.8
826 298.5
827 1706
828 296.1
829 588.3
830 554
831 1124.6
832 507.7
833 843
834 974.6
835 1973.8
836 1092.9
837 1075.6
838 429.2
839 615.7
840 20.5
841 314.9
842 1332.9
843 1703.4
844 305.3
845 712.8
846 1988.4
847 621.7
848 8
849 1646.7
850 1813.2
851 992.5
852 401.5
853 1598.4
854 310.4
855 501.7
856 1016.2
857 716.9
858 1756.8
859 1283.7
860 1208.8
861 922.5
862 1831.8
863 564.8
864 1959.2
865 821.3
866 63.5
867 732.8
868 559.1
869 748.8
870 123.6
871 597.8
872 1760.3
873 1748.1
874 995.6
875 803.8
876 1415.2
877 1245.4
878 735.1
879 1487.4
880 1768.6
881 219.8
882 87
883 1511.8
884 1919.6
885 213.2
886 1301.4
887 1824.1
888 650.6
889 1117
890 1168.6
891 49
892 525.2
893 1463.4
894 811.3
895 931.1
896 1903.9
897 613.4
898 1979.6
899 1223.7
900 950.7
901 678.4
902 1625.5
903 368.8
904 1873.7
905 666.3
906 618
907 1772.5
908 1346.9
909 598.6
910 1616.4
911 105.6
912 1879.8
913 876.2
914 1176.1
915 370.4
916 865.8
917 1299.8
918 1870.4
919 1031.3
920 734.2
921 241.9
922 1666.3
923 1995.5
924 1596
925 720.4
926 1314.3
927 1568.1
928 986
929 425.5
930 1459.8
931 945.1
932 218.6
933 654.5
934 1387.7
935 1158.9
936 940
937 1667.8
938 404.9
939 546.2
940 298.1
941 1501.4
942 1610.9
943 1253
944 1877.1
945 124.1
946 1171.1
947 1430
948 1545.6
949 1613.9
950 1370.1
951 641.1
952 1082.1
953 539.4
954 1842.5
955 1318.6
956 180.5
957 266.4
958 194.1
959 91.1
960 781.4
961 1692.3
962 1865
963 711.2
964 861.2
965 261.9
966 924.8
967 1492
968 1890.7
969 1470.9
970 1131.1
971 1306.8
972 1732.4
973 1490
974 1512.7
975 874.2
976 1320.4
977 1940.5
978 1884.2
979 613.6
980 1340.4
981 831.3
982 1785.1
983 191.4
984 231.7
985 1678.4
986 317.6
987 648.6
988 1609.7
989 1102.9
990 471.6
991 1216.2
992 1202.8
993 99.7
994 1263.8
995 1171.7
996 1526
997 1361.2
998 783.3
999 338.2
