1000
0 50.3
1 15.5
2 26.7
3 85.7
4 64.6
5 88.6
6 57.7
7 93.4
8 20.9
9 34.9
10 93.8
11 86.1
12 27
13 79.6
14 39.1
15 85.6
16 91.7
17 83.9
18 82.4
19 44.5
20 25.3
21 46.7
22 62.1
23 30.7
24 19.5
25 30.1
26 67.9
27 22.8
28 99.6
29 89.9
30 25.1
31 67.5
32 99.8
33 47.9
34 67.5
35 25.1
36 71.7
37 87.9
38 43.5
39 45.3
40 17
41 88
42 59
43 13.9
44 3.8
45 92.5
46 5.7
47 33.1
48 63.1
49 45.6
50 66.8
51 13.8
52 4.8
53 13.9
54 30.8
55 29.4
56 27.2
57 28.2
58 49.3
59 96.4
60 4.5
61 35.7
62 76.6
63 71.8
64 87.8
65 15.5
66 72.9
67 85
68 84.7
69 33.7
70 4.8
71 11.2
72 14.9
73 97.3
74 53.1
75 75.2
76 56
77 38.5
78 95.1
79 84.6
80 70.2
81 57.1
82 68.5
83 52.4
84 51.8
85 87.9
86 80.9
87 38.5
88 14.1
89 46.6
90 43.2
91 35.5
92 27.5
93 17.9
94 23.4
95 76.7
96 73.4
97 42.4
98 44.6
99 90.1
100 26.7
101 90
102 90.4
103 62.6
104 91.1
105 51.6
106 18
107 14.2
108 42.5
109 4
110 19.6
111 36.7
112 25.6
113 19.8
114 35.3
115 74.5
116 59.2
117 80.5
118 30.3
119 42.1
120 56.3
121 69.1
122 24.8
123 81.7
124 62.9
125 39.7
126 67.3
127 47.2
128 40.6
129 69.9
130 18.9
131 65.2
132 98.2
133 54.3
134 7
135 35.1
136 100
137 98.5
138 83.8
139 61.3
140 59.2
141 44.6
142 25.8
143 69.1
144 16.1
145 97.3
146 75.5
147 13.2
148 95.5
149 51.4
150 67.3
151 59.1
152 35.5
153 87.7
154 76.1
155 82.4
156 48.2
157 86.7
158 90.6
159 21.7
160 21.6
161 47.1
162 92.1
163 92.7
164 74.7
165 23.3
166 1.6
167 61.5
168 12.1
169 54.9
170 69
171 53.3
172 14.9
173 70.3
174 45.2
175 55.5
176 6.4
177 36.6
178 33.5
179 98.5
180 60.3
181 4.2
182 63.8
183 58
184 96.9
185 45.3
186 59.3
187 5.6
188 52.9
189 85.2
190 93.9
191 45
192 78.6
193 28.9
194 49
195 69.1
196 58.7
197 63.5
198 13.9
199 96.5
200 43.4
201 87.5
202 6.8
203 48.4
204 13.8
205 30.3
206 98.3
207 67.1
208 79.1
209 27.3
210 48.1
211 71.1
212 21.7
213 25.7
214 75.6
215 2.7
216 12.3
217 6.9
218 63.9
219 60.5
220 65.7
221 71.6
222 57.9
223 21.3
224 39.4
225 6
226 27.7
227 50.7
228 85.1
229 76.1
230 74.1
231 2.4
232 88.5
233 34
234 58.6
235 79.8
236 55
237 90
238 5.9
239 89.9
240 76.7
241 6.6
242 89.2
243 17
244 39
245 62.4
246 9.9
247 19.9
248 55.2
249 47.3
250 67.2
251 16.2
252 54.6
253 82.9
254 88.4
255 82.1
256 39.4
257 33.1
258 14.2
259 71.8
260 98.1
261 11.2
262 79.7
263 20.2
264 69.4
265 48.2
266 86.6
267 81.6
268 7.3
269 34
270 13.4
271 9.6
272 13.1
273 60.6
274 98.3
275 37.3
276 10.9
277 50.8
278 50.3
279 94.5
280 50.5
281 37
282 4.7
283 90.1
284 67.4
285 32.5
286 45.6
287 16
288 60.5
289 87.4
290 60.8
291 32.5
292 27
293 73
294 74.9
295 67.8
296 94.5
297 92.6
298 79.5
299 74.4
300 7
301 84.5
302 56.4
303 44.9
304 92.5
305 14.6
306 51.9
307 93.5
308 28.3
309 3.3
310 80.3
311 10.2
312 67.3
313 81.5
314 74.2
315 84.3
316 20.7
317 81
318 5.9
319 53
320 42.2
321 43.2
322 33.4
323 59.3
324 87
325 22.5
326 34.8
327 16.1
328 76.7
329 64.4
330 41
331 47.5
332 24.7
333 24.6
334 19.8
335 94.5
336 38.9
337 39
338 33.6
339 48.8
340 39.8
341 73.9
342 12.7
343 43.8
344 77.5
345 54.3
346 53.7
347 88.4
348 56.4
349 7.9
350 41.7
351 97.5
352 8.5
353 5.3
354 25.4
355 82.4
356 81.1
357 46.9
358 32.4
359 35.2
360 31.4
361 11.5
362 17.5
363 21.6
364 26.5
365 9.1
366 41.6
367 90
368 53.8
369 47.4
370 58.3
371 19.7
372 77.7
373 14.2
374 4.4
375 95
376 64.1
377 21.4
378 68.6
379 16.4
380 33.2
381 79.1
382 88.2
383 86.3
384 72.8
385 52.3
386 16.5
387 88.2
388 37.6
389 13.4
390 21
391 76.6
392 9.9
393 27.4
394 70.3
395 88.4
396 89
397 84.1
398 20.8
399 63.2
400 83.9
401 79.4
402 66.8
403 52.8
404 66.2
405 45
406 85.6
407 42.2
408 60.4
409 64
410 46.8
411 50.5
412 12.8
413 23.4
414 31.3
415 26.5
416 64.1
417 40.7
418 28
419 35.3
420 69
421 71.5
422 20.7
423 73.5
424 72.8
425 70
426 25.7
427 31.8
428 66.2
429 36.1
430 10.5
431 77.3
432 98.7
433 67.3
434 47
435 14.5
436 4.9
437 94
438 49.2
439 57.7
440 69.1
441 93.8
442 77.7
443 42.1
444 6.8
445 83.8
446 44.3
447 95.1
448 41
449 42.3
450 48.8
451 90.2
452 95.3
453 90
454 73.4
455 20.5
456 36.3
457 8.8
458 12.9
459 48.4
460 18.9
461 91.7
462 88.1
463 81.6
464 53.6
465 62.1
466 20.4
467 61.8
468 90.6
469 28
470 37.5
471 34.1
472 35.4
473 26.3
474 32.8
475 51.4
476 29.3
477 27.1
478 23.1
479 86.4
480 9.8
481 18.2
482 70.9
483 54.5
484 39.8
485 37.9
486 10.6
487 50.7
488 64.8
489 69.5
490 78.5
491 76.1
492 21.3
493 56.1
494 42.4
495 65.5
496 20.3
497 90.3
498 79
499 60.8
500 30.2
501 33.3
502 98.9
503 34.9
504 36.4
505 50.9
506 30.8
507 10.1
508 87.1
509 96.7
510 80.1
511 74.8
512 23.6
513 83.1
514 62.3
515 91.7
516 22.8
517 34.8
518 98.6
519 68.7
520 92.2
521 13.2
522 1.8
523 84.1
524 83.8
525 32.6
526 21.8
527 32.2
528 68.8
529 66.6
530 98.9
531 65.8
532 41.2
533 48.6
534 66.6
535 84.3
536 36.7
537 37
538 23.4
539 66.2
540 18.9
541 17.3
542 50.3
543 19.1
544 45.8
545 58
546 60.2
547 82.7
548 45.5
549 26.2
550 88.6
551 96.5
552 6.3
553 72.8
554 89.5
555 82.1
556 11.1
557 31.9
558 17.4
559 60.4
560 57.8
561 1.3
562 64.8
563 85.4
564 76.3
565 74.8
566 28.8
567 37.3
568 36.9
569 79.6
570 13.3
571 14.5
572 80.3
573 2.5
574 23.9
575 34.5
576 7.8
577 59.2
578 78.8
579 26.5
580 90.9
581 76.3
582 20.9
583 1.1
584 49.9
585 58.1
586 3.8
587 23.7
588 18.8
589 27.6
590 17.7
591 9.1
592 73.2
593 56
594 40.9
595 64.4
596 95.6
597 51.7
598 20.6
599 87.6
600 62.3
601 56.2
602 33.5
603 45
604 46.6
605 95.9
606 7.7
607 83.1
608 97.6
609 3.9
610 35.5
611 72.3
612 38.7
613 51.5
614 81.7
615 49
616 76.4
617 49
618 19.7
619 75.3
620 38.9
621 67.5
622 85.7
623 86.2
624 70.4
625 74.3
626 79.9
627 92.4
628 13.3
629 51.4
630 31.1
631 6.5
632 28.7
633 57.2
634 51.4
635 72.6
636 84.5
637 49.2
638 63.4
639 94.4
640 64.7
641 2.2
642 34.2
643 77.7
644 59.4
645 59.9
646 51.5
647 76.1
648 56
649 6.8
650 90.4
651 56.9
652 64.4
653 90
654 97.3
655 29
656 34
657 85.1
658 89.4
659 46.2
660 60.3
661 13.4
662 8.7
663 18.5
664 34.9
665 68
666 72.9
667 27.7
668 88.3
669 26
670 11.6
671 25.4
672 63.9
673 28.7
674 27.8
675 91.4
676 40.3
677 39
678 74.7
679 63.9
680 98.2
681 98.2
682 24.2
683 41.4
684 4.9
685 69.6
686 15.8
687 75.6
688 3.7
689 87.6
690 31.2
691 51
692 15
693 5.1
694 87.6
695 62.2
696 57.8
697 27.7
698 92.3
699 54.3
700 22.4
701 68.5
702 25.8
703 25.8
704 60.4
705 92
706 60.4
707 86.6
708 18.9
709 52.3
710 65.1
711 37.2
712 13.2
713 68.6
714 55.4
715 1.8
716 28.1
717 6.5
718 10.1
719 44.4
720 42.2
721 79.4
722 2.5
723 18.9
724 75.3
725 81.1
726 59.1
727 69.9
728 46.7
729 57
730 78.4
731 41.1
732 55.2
733 13.3
734 21.5
735 27.6
736 60.4
737 33.1
738 67.5
739 50.4
740 46.2
741 51.3
742 94.9
743 73.6
744 1.3
745 29.9
746 55.5
747 99.1
748 67.3
749 77
750 11.6
751 75.1
752 29.8
753 91.5
754 40.7
755 31.5
756 99.4
757 78.8
758 30.1
759 62.2
760 94.4
761 69.6
762 3.7
763 58.9
764 38.5
765 93.1
766 86.4
767 4.6
768 72.4
769 53.4
770 87.4
771 75
772 26.5
773 95.1
774 62
775 59.9
776 29
777 70
778 33.7
779 90.5
780 87.1
781 71.1
782 71.5
783 74.7
784 13.7
785 99.4
786 50.2
787 10.5
788 67.6
789 37.3
790 97
791 47
792 15.1
793 82
794 20.7
795 47.1
796 11.2
797 50.7
798 36.9
799 66.4
800 31
801 92.9
802 19.1
803 95.8
804 62.4
805 85.2
806 4.7
807 23.8
808 44
809 39.9
810 80.7
811 31.9
812 6.7
813 69.8
814 56.5
815 91.6
816 31.4
817 14.8
818 99.2
819 1.2
820 81.7
821 47.4
822 41.5
823 84.1
824 58.4
825 37.7
826 31.6
827 63.6
828 33.9
829 69.9
830 50.5
831 28.9
832 81.1
833 80.8
834 74.1
835 20.3
836 45.1
837 91.8
838 62
839 3.1
840 26.7
841 64.2
842 44.3
843 36.5
844 66.6
845 49.1
846 6.4
847 49.4
848 93.5
849 83.7
850 53.9
851 30
852 3.3
853 40.4
854 18.8
855 24.3
856 30.6
857 9.1
858 79.7
859 21.9
860 56.5
861 6.5
862 30.3
863 15.9
864 41.9
865 73.7
866 48.3
867 94.6
868 23.1
869 66.8
870 5.4
871 19.6
872 81.5
873 2.6
874 43.9
875 89.2
876 66.4
877 5.1
878 91
879 27.7
880 65.9
881 34.2
882 23.8
883 84.2
884 12.8
885 82.1
886 90
887 64.2
888 26.4
889 83.5
890 76.9
891 84.8
892 2.7
893 58.1
894 85.4
895 89
896 57.1
897 79.7
898 74.7
899 97.2
900 28.1
901 64.1
902 30.7
903 44.8
904 71.3
905 15.2
906 40.9
907 58.3
908 18.7
909 6.4
910 43.1
911 89.9
912 43
913 33.1
914 83.7
915 4.7
916 88.7
917 68.2
918 31.1
919 21.6
920 99.5
921 22
922 97
923 35.8
924 20.7
925 77.4
926 12.6
927 64.3
928 63.7
929 65.6
930 91.4
931 71.9
932 1.2
933 21.3
934 52.8
935 9
936 64
937 48.6
938 69.7
939 99.9
940 4
941 8.5
942 15.4
943 15
944 39.9
945 90.7
946 57.5
947 30.3
948 2.9
949 87.8
950 35.3
951 38
952 50.4
953 39.2
954 4.4
955 52.7
956 34.5
957 42.3
958 23.6
959 70.6
960 27.7
961 95
962 4.3
963 66.5
964 79.4
965 44
966 92.4
967 18.5
968 45.9
969 16.8
970 27.3
971 73.6
972 75.2
973 60.6
974 10.8
975 77.9
976 6.1
977 87.5
978 14.3
979 23.3
980 67.8
981 27.1
982 20.6
983 2.6
984 8.2
985 15.8
986 39.6
987 74.6
988 14
989 56
990 5.1
991 47.4
992 57.1
993 74.5
994 13.4
995 53.6
996 36.9
997 62.5
998 14.8
999 84
