500
0 523.6
1 1348
2 1434
3 1696.5
4 1246.6
5 984.3
6 457.9
7 357.7
8 654.4
9 464.1
10 373
11 99.9
12 596.2
13 1411.2
14 779.2
15 1328.5
16 318.1
17 418.7
18 501
19 498.1
20 1582.8
21 1900.9
22 751.3
23 28
24 1060.1
25 663
26 1076.9
27 696.5
28 1921.4
29 1183.2
30 1447.1
31 340.4
32 1308.4
33 766.9
34 1425.8
35 758.6
36 125.8
37 186.8
38 162.4
39 244.9
40 1129.3
41 1957.5
42 1940.1
43 1782.2
44 94.6
45 85.2
46 1408.1
47 731.1
48 390.3
49 269.8
50 75.6
51 1557.9
52 909.6
53 1281.2
54 25.3
55 235
56 1940
57 510.6
58 1662.3
59 830
60 1752.4
61 1665.3
62 1225.7
63 412.5
64 1062.6
65 244
66 213.7
67 956.9
68 1844.5
69 428.4
70 63.3
71 105.6
72 619.2
73 1779.4
74 1541.5
75 1926.4
76 817
77 762
78 1863.5
79 1007.6
80 796.7
81 1267.2
82 1821.9
83 1842.2
84 1920.6
85 82.1
86 187
87 316.6
88 1430.3
89 1144.8
90 133.2
91 1389.7
92 637.9
93 924.3
94 452.6
95 435
96 1730.4
97 939.6
98 871.8
99 907.5
100 1480.3
101 1632.3
102 1147.4
103 1043
104 1418.7
105 1652.7
106 237.6
107 744.8
108 609.8
109 1651
110 27.3
111 962.2
112 535.7
113 1871.1
114 1030.5
115 769.8
116 1821.2
117 1028.1
118 299.7
119 771.3
120 150.9
121 1311.8
122 1866.3
123 348.1
124 1129.9
125 1481.7
126 1714.6
127 1327.1
128 656.1
129 429.7
130 225.1
131 99.5
132 819.7
133 16.6
134 1427
135 211.4
136 1082.3
137 1858.4
138 811.7
139 1864.8
140 995.9
141 1724.7
142 261.3
143 1293.7
144 1734.4
145 1706
146 817.2
147 1160.4
148 1646.7
149 575.1
150 1782.7
151 333.8
152 1996.9
153 916.4
154 1359.4
155 1711.7
156 865.7
157 1867.1
158 1853.1
159 1105.3
160 1358.4
161 107.5
162 1331.8
163 1429.5
164 1023.5
165 1709
166 520.5
167 795.5
168 196.2
169 1213.7
170 440.8
171 1370.7
172 257.8
173 1957.1
174 1683.6
175 1280.6
176 17
177 1359
178 180
179 784.3
180 1107.8
181 1219.1
182 1831.5
183 520.7
184 1532.2
185 1755.9
186 171.6
187 1369.4
188 842.5
189 1641.7
190 1947.6
191 1811.1
192 666.6
193 1201.8
194 187.9
195 763
196 245.6
197 56.5
198 25.4
199 167.7
200 686.7
201 181
202 1438.9
203 939.5
204 490.7
205 363.8
206 900.5
207 836.7
208 1349.7
209 336.3
210 179
211 602
212 1456
213 1133.4
214 1302.3
215 1697.2
216 1758.8
217 812.2
218 157.3
219 839
220 1184.1
221 1333.2
222 1894.9
223 1831.9
224 1993.8
225 290.9
226 897.7
227 1867.9
228 285.8
229 1894.4
230 296.2
231 483.4
232 91.2
233 606.1
234 667.6
235 231.3
236 1941.2
237 784.1
238 990.2
239 1132.8
240 250.6
241 66.8
242 1477.1
243 1615.7
244 536.6
245 780.4
246 484.3
247 939.6
248 1394.8
249 1534.4
250 1843.7
251 1622.6
252 774.6
253 996
254 491.5
255 253.5
256 1450.2
257 1751.3
258 1303.3
259 1124.2
260 1689.9
261 551.2
262 244.8
263 1446.1
264 1180.6
265 1338.2
266 867.5
267 1867
268 1225.9
269 1612.4
270 1856.4
271 1581.9
272 1554.4
273 1686.5
274 335.8
275 1708.8
276 205.4
277 1108.1
278 1579.9
279 1690.5
280 1800.4
281 1183.6
282 1452.3
283 19.2
284 1460.5
285 1487.6
286 1440.9
287 1684.4
288 49.3
289 1014.6
290 624.3
291 556.5
292 1784.5
293 386.2
294 484.3
295 792.2
296 335
297 1214.5
298 823.7
299 1476.4
300 189.5
301 1310.7
302 36.8
303 860.3
304 586.2
305 1803.8
306 36.3
307 1356.2
308 1498
309 1011.8
310 1274.4
311 546.2
312 1126.5
313 1151.9
314 1615
315 630.5
316 96.6
317 1950.2
318 1979.5
319 1330.5
320 1658.8
321 577.2
322 649.3
323 999.2
324 1532.2
325 246.1
326 877
327 234.1
328 1617.7
329 64.1
330 609.2
331 10.9
332 1487.2
333 1098.4
334 1685.1
335 816.1
336 482.6
337 946.9
338 249.5
339 871.1
340 1556.7
341 1916.2
342 37.4
343 197.1
344 1166.9
345 1899.6
346 1435.7
347 1910.9
348 139.3
349 724
350 1519.8
351 837.3
352 917.5
353 1983.8
354 969
355 171.5
356 1984.9
357 1681.8
358 605.1
359 240.1
360 66.2
361 752
362 1322.5
363 1067
364 62.9
365 1092
366 193.3
367 1375.7
368 1906.9
369 1983.7
370 103.8
371 1016.8
372 1134.9
373 1677.3
374 1118.4
375 1766.1
376 1123.2
377 804.1
378 173.9
379 1526
380 163.2
381 276.8
382 555.2
383 671.8
384 1553.5
385 754.3
386 1616.9
387 1159.5
388 1429.2
389 165.4
390 13
391 1478.6
392 1232.4
393 811.6
394 346.8
395 709.1
396 1660.3
397 131.7
398 122.3
399 1254
400 780.8
401 424.7
402 1410.7
403 508.9
404 774.5
405 1124.3
406 729.5
407 750
408 544.1
409 501.1
410 989.7
411 900.1
412 760.4
413 453.8
414 1062.5
415 1868.6
416 1439.6
417 1316.6
418 863.3
419 352.5
420 848.3
421 1351.8
422 663.3
423 1160
424 1096.5
425 1141.3
426 931.4
427 1212.7
428 989.1
429 395.2
430 21
431 1170.1
432 1397.2
433 1342.8
434 1840.2
435 659.4
436 129.2
437 522.4
438 552.1
439 1539.2
440 295.1
441 1328.2
442 156
443 724.3
444 248.2
445 1703.2
446 1887.3
447 1194.7
448 591.9
449 1296.7
450 1821.9
451 1635.1
452 1469.4
453 366.7
454 1923.5
455 550.5
456 182.3
457 1819.1
458 340.2
459 350.3
460 1596.4
461 118.3
462 1213
463 213.9
464 1274.6
465 937.9
466 1259.3
467 1717.3
468 1932.5
469 1999.8
470 713.6
471 1680.2
472 1610.2
473 1810.8
474 124.7
475 1581.5
476 1630.4
477 1061.7
478 1059.9
479 1246.2
480 599.2
481 682.3
482 325.8
483 1439.5
484 1924.8
485 859.5
486 1210.7
487 1716.3
488 1072.7
489 710.4
490 1936.4
491 1166.8
492 319.4
493 1569.9
494 92.3
495 836.2
496 1474.8
497 1433.6
498 482.7
499 1903.6
