1000
0 1488.2
1 640.9
2 175.9
3 1867.5
4 260.1
5 461.4
6 380.8
7 1817.8
8 900.8
9 1595
10 1901
11 1964.3
12 636.9
13 327.9
14 1080.3
15 941.8
16 1195.7
17 153.7
18 1806.4
19 360.3
20 1378.5
21 839.2
22 1595.3
23 613.3
24 757.9
25 1533.6
26 13.6
27 92.9
28 136.4
29 1206.9
30 55.7
31 1219.1
32 1699.4
33 355.8
34 1749.6
35 874.7
36 462.4
37 1534.1
38 1431.5
39 265.4
40 1755.8
41 1151.5
42 1696
43 808.7
44 1429.4
45 489.2
46 1855.6
47 185.3
48 1890.4
49 1456.1
50 1603.9
51 1441.9
52 876.3
53 65.9
54 892.6
55 1142
56 1921.7
57 189.4
58 45.2
59 193.3
60 1007.2
61 86.1
62 662.2
63 1982.3
64 929.6
65 1516.6
66 1441.4
67 1396.5
68 967.3
69 816.6
70 61.7
71 1747.3
72 1328.4
73 1484.7
74 204.7
75 610.7
76 876
77 790.8
78 1155.9
79 1077.8
80 1867.9
81 1558.1
82 683.3
83 1443.7
84 803.6
85 970.9
86 1737.7
87 1857.2
88 1218.2
89 437.4
90 331.4
91 735.2
92 906.7
93 1684.5
94 43.9
95 763.7
96 610.5
97 212.5
98 185.5
99 624.8
100 1330.3
101 371.4
102 473.9
103 626.7
104 1725.5
105 1525.4
106 1607.6
107 1509.9
108 997.5
109 254.5
110 1842.5
111 430.7
112 344.7
113 1321.4
114 1502.8
115 599.4
116 464.5
117 497.6
118 559.6
119 842.4
120 1834.3
121 503.6
122 480.8
123 1724.6
124 1563.3
125 1218.2
126 902.8
127 1165.5
128 1226.2
129 630.1
130 703.9
131 330.2
132 1883.9
133 318.7
134 355.4
135 322.3
136 598.6
137 815.5
138 1724.8
139 1063.3
140 185
141 1216.6
142 898.1
143 32.2
144 1360.4
145 1839.9
146 979.5
147 1055.6
148 316.9
149 1709.8
150 1424.4
151 209.2
152 1226.5
153 630.9
154 1341.1
155 73.8
156 1531.3
157 728.1
158 1054.1
159 1497.8
160 491.8
161 428.4
162 1288.7
163 524.9
164 1227.6
165 532.6
166 356.6
167 946.5
168 1166.1
169 1443.3
170 1034.8
171 339.1
172 1797.4
173 582
174 1564.6
175 494.6
176 1109.7
177 1615
178 754.2
179 722.1
180 1468.6
181 1415.4
182 398.6
183 1030.6
184 994.6
185 1800.5
186 179.2
187 27.7
188 1915.4
189 985.7
190 166.1
191 1190
192 1207
193 1544.1
194 1048
195 1697.2
196 807.3
197 1259.8
198 995.2
199 1592.6
200 1461.4
201 414.4
202 1580.9
203 1134.5
204 1349.9
205 1302.8
206 1885.9
207 1303.2
208 1202.6
209 1014.9
210 1938.9
211 698.8
212 1901.2
213 1536
214 731.1
215 399.8
216 951.6
217 1332.7
218 942
219 1542
220 27.4
221 669.5
222 742.8
223 1059.3
224 284.7
225 1300.8
226 342.7
227 1663.8
228 1098.8
229 912.7
230 1616.2
231 1079
232 1823.6
233 234.2
234 1345.8
235 327.1
236 241.3
237 866.6
238 1852.6
239 152.3
240 62.3
241 1054.6
242 109.5
243 1496.5
244 1425.8
245 1313.1
246 503.7
247 476.9
248 581.3
249 780.2
250 63.5
251 1713.1
252 314.1
253 319.1
254 1200.6
255 535.1
256 1579.8
257 1360.3
258 1689.6
259 1128.6
260 659.7
261 924.1
262 1423.9
263 351.6
264 317.6
265 1036.9
266 1364.7
267 865.5
268 702
269 225.8
270 1426.2
271 1663.6
272 655.8
273 206.1
274 1701.8
275 1067
276 391.8
277 475.1
278 1427.3
279 558.3
280 719
281 30.9
282 594
283 946.4
284 1449.9
285 332.8
286 1457.2
287 606.5
288 1126.7
289 1200.4
290 332
291 459.3
292 74.5
293 1520
294 1076
295 1166.9
296 1897.4
297 1144.7
298 245.5
299 1816.6
300 974.1
301 1362.7
302 365.9
303 313.5
304 1292.6
305 1748.1
306 586.5
307 1056.5
308 1157.9
309 1436
310 1688.6
311 290.3
312 1830.3
313 1562.5
314 196.9
315 17.2
316 663.2
317 651.7
318 1623.8
319 289.1
320 1421.6
321 981.5
322 1457.3
323 1859.6
324 16.9
325 875.3
326 1820.1
327 160.9
328 519.6
329 1844.2
330 1162.7
331 147.4
332 1241.1
333 500.8
334 25.7
335 452.4
336 146
337 877.8
338 758.9
339 1679.1
340 1841.2
341 101.2
342 1909.8
343 1668.9
344 1874.2
345 1647.8
346 1987.8
347 709.2
348 1026.9
349 291.5
350 195.1
351 296.5
352 1094.7
353 1275
354 1236
355 65.7
356 939.2
357 1343.3
358 636.7
359 1110.8
360 165.4
361 1282
362 884.1
363 1180.6
364 429.1
365 736
366 578
367 789.8
368 303.4
369 525.5
370 1731.7
371 1049.4
372 1629.2
373 1911
374 551.7
375 249.6
376 1926
377 1676.6
378 906.5
379 1143.7
380 43.3
381 1760
382 1053.6
383 833.4
384 313.3
385 1998.6
386 1427.5
387 1378.3
388 173.1
389 926.6
390 1395.3
391 1934.9
392 1317.1
393 530.5
394 1359
395 1351.6
396 1518.5
397 1729.5
398 65.5
399 872.7
400 1573.2
401 822.2
402 570.6
403 588.4
404 1585.9
405 516.5
406 219.4
407 738.3
408 1697
409 315.2
410 1607.8
411 259.1
412 1075
413 168.2
414 1437.1
415 1586.5
416 1859.2
417 1169
418 213.3
419 761.2
420 862.4
421 1265.8
422 609.9
423 480.7
424 488.5
425 674.2
426 1646.5
427 1138.5
428 1669.9
429 930.9
430 1432
431 1270
432 1665.1
433 747.9
434 107.2
435 1318.9
436 21.6
437 1130.1
438 1005.3
439 761.5
440 1974.2
441 1109.3
442 1361.7
443 750.7
444 1655.9
445 833.8
446 1299.3
447 1914.4
448 1919.8
449 445.1
450 385.8
451 1543.7
452 1676.6
453 1469.4
454 1974.2
455 1144.7
456 453.4
457 417.5
458 1540.4
459 643.9
460 325.4
461 1628.5
462 1945.4
463 1109.2
464 513.5
465 1184.3
466 585.4
467 911.1
468 1108.2
469 1126.1
470 456.7
471 924.4
472 494
473 437.1
474 913.3
475 1103
476 431.5
477 1135.3
478 1901
479 201.6
480 1255.9
481 1387
482 1790.7
483 423.1
484 30.2
485 931
486 1411.9
487 867.5
488 787.2
489 1374.8
490 114.9
491 670.6
492 1394.1
493 619.6
494 1547.2
495 69.1
496 1130.4
497 843.7
498 567.9
499 1703.9
500 1089.9
501 1305.4
502 1176.1
503 1978.8
504 1588.3
505 993.2
506 1514.5
507 1372.2
508 625
509 172.5
510 1616
511 808.8
512 1402.4
513 1550.8
514 1985.6
515 1349.2
516 1823
517 1017.4
518 1286.3
519 645.5
520 636
521 1022.5
522 345
523 244.8
524 822.2
525 993.1
526 1143.8
527 1582.6
528 506.9
529 1539.3
530 170.9
531 511.5
532 1018.7
533 1114.4
534 1789
535 1655.5
536 456.6
537 1821.7
538 1943.2
539 624.3
540 105.6
541 152
542 1275.3
543 963.6
544 652.3
545 1419.2
546 1218.8
547 916.8
548 1642.3
549 1688.5
550 1414.9
551 1169.7
552 659.8
553 1212.5
554 25
555 550.6
556 400.2
557 951
558 1084.2
559 1420.4
560 679
561 55.5
562 296.1
563 528.8
564 447.5
565 517.1
566 60.1
567 865.6
568 1288
569 827.2
570 441.1
571 1890
572 1493.6
573 413.3
574 1765.1
575 1195.2
576 1158.1
577 1902.6
578 1661.8
579 550.4
580 1037.5
581 1316.2
582 142.6
583 721.7
584 1300.7
585 1742.7
586 435.4
587 837
588 1978.3
589 35.7
590 1899.5
591 1455.1
592 1919.9
593 1908.4
594 1511.4
595 205.4
596 1980.1
597 514.5
598 787
599 533.3
600 1275.4
601 1194.7
602 364.1
603 712
604 1716.5
605 307.6
606 1141.8
607 1702
608 1857.8
609 1700
610 1448.6
611 679.8
612 780.8
613 1616.3
614 1808.3
615 588
616 334.9
617 1803.6
618 1463.7
619 1323.7
620 1669.7
621 1255.8
622 1004
623 9.7
624 774.3
625 913
626 1116.7
627 1207.4
628 1512.4
629 932.5
630 667.6
631 787.2
632 966.4
633 361.1
634 729.6
635 539.1
636 149.2
637 335.7
638 1479
639 1467.9
640 949.9
641 162.1
642 1347.4
643 164.7
644 1615.2
645 1157.6
646 1916.1
647 793.6
648 647.1
649 1861.3
650 445.7
651 16.4
652 1388
653 1856.9
654 231
655 906.5
656 1470.3
657 1268.4
658 1171.1
659 594.9
660 360
661 330.8
662 848.2
663 1214.4
664 523
665 1186.5
666 187.2
667 1151.9
668 1377.4
669 380.5
670 1582.1
671 863.9
672 1745.6
673 847.3
674 1749.3
675 1324.8
676 663.4
677 584.1
678 1088.6
679 922.8
680 1944.6
681 1230.7
682 337.1
683 953.6
684 298.4
685 1961.4
686 649.4
687 389.1
688 793.7
689 1847.3
690 1014.6
691 975
692 356.5
693 504
694 1169.6
695 135.4
696 1162.7
697 1011.1
698 1105.3
699 376.7
700 278.5
701 1136.3
702 1442.2
703 290.3
704 951.5
705 672.3
706 157.9
707 1205.4
708 1571.8
709 1850.3
710 1051
711 432.2
712 41.7
713 1586.9
714 1552.4
715 1114.4
716 585.5
717 432
718 1947.7
719 273.7
720 131.4
721 52.9
722 896.9
723 1334.7
724 830.4
725 1003.5
726 324.3
727 1546.3
728 968.1
729 683.9
730 1636.9
731 1652.2
732 1704.8
733 1935.5
734 1682.9
735 1065.4
736 386
737 653.1
738 274.8
739 80
740 507.3
741 1942.5
742 818.5
743 922.7
744 570.6
745 1831.8
746 214.2
747 1847
748 1681.4
749 1903
750 1901.8
751 197.6
752 1088.1
753 1327.9
754 1357.9
755 805.4
756 384.5
757 1569.8
758 615.5
759 1434.4
760 344.8
761 1817.1
762 1319.7
763 1143.4
764 1832.2
765 1808
766 789.9
767 907.4
768 96.5
769 986.3
770 1.1
771 130.4
772 1081.2
773 1258.8
774 1304.5
775 387
776 668.4
777 1707
778 1683.8
779 1722.3
780 894.9
781 1209.6
782 607.6
783 1739.4
784 1188.2
785 301.4
786 378.3
787 1686.7
788 805.8
789 1162.8
790 706.2
791 686
792 826.3
793 1473.6
794 1173.5
795 1172.4
796 594
797 1798.6
798 343.9
799 805.9
800 1600.5
801 459.6
802 1202.3
803 106.3
804 403.2
805 523.6
806 35.1
807 386.6
808 530.4
809 737.5
810 1646.2
811 1015.5
812 1391.9
813 415.4
814 768.4
815 1553.1
816 697.5
817 1005.2
818 1355.3
819 596.4
820 1742.7
821 1286.6
822 1339.1
823 1610.9
824 1440.1
825 1372.3
826 319.7
827 226.1
828 1045.8
829 612
830 1434.6
831 350
832 785
833 1199.7
834 540.3
835 1563.1
836 1774.2
837 1789.7
838 915.9
839 1587.1
840 1677.1
841 698.6
842 974.4
843 928.4
844 613.3
845 807.3
846 779.7
847 932.2
848 1383.7
849 1073.2
850 1385.9
851 277.8
852 1632.4
853 782.1
854 892.4
855 1122.7
856 26.1
857 1109.3
858 1723.2
859 747.7
860 140.3
861 1737.7
862 1506.9
863 1398.2
864 1799.5
865 1800.3
866 1891.5
867 376
868 191.3
869 1280.6
870 1392.1
871 1949.9
872 1079.6
873 1257.5
874 379.7
875 901.3
876 1448.9
877 1027.9
878 1426.4
879 1188.1
880 242.7
881 1625.6
882 1102.9
883 305.8
884 286.5
885 1444.2
886 918.9
887 814.7
888 792.8
889 386.8
890 1343.7
891 436.8
892 892.4
893 1654.7
894 404.7
895 1897.7
896 138.2
897 1801.3
898 1283.9
899 1857.5
900 1055.7
901 1605.2
902 946.8
903 1839.4
904 936.9
905 455.5
906 1995.3
907 507.6
908 422.5
909 1318.3
910 1757.4
911 40.7
912 244.3
913 460.4
914 86.7
915 224.3
916 348.1
917 1499.3
918 842.3
919 733.8
920 431.7
921 1576.2
922 1255.2
923 1641.3
924 644.4
925 263.7
926 1463.4
927 1064.6
928 475
929 756.5
930 910.8
931 724.7
932 1921.9
933 1963
934 798.2
935 992.5
936 487.4
937 228
938 1069.7
939 1366
940 198.3
941 1821.1
942 969.9
943 1892.4
944 23.8
945 1616.4
946 344.5
947 565.1
948 1461.4
949 1813.6
950 1196.3
951 624
952 514.3
953 1594.5
954 95.2
955 1902
956 1363.3
957 1052.7
958 718.8
959 842.2
960 225
961 1520.6
962 1923.6
963 1007
964 1348.3
965 167.4
966 262.3
967 480.1
968 1583.7
969 615.7
970 1865.5
971 1193.8
972 398
973 1968.8
974 1640.6
975 1463.7
976 514.1
977 3
978 571.6
979 1209.4
980 221.7
981 84.1
982 1696.6
983 1785.5
984 670.9
985 743.9
986 1261.6
987 1239.6
988 1145.2
989 1809.8
990 674.6
991 1540.9
992 291.1
993 353.6
994 443.6
995 184.3
996 1501.6
997 1365.5
998 897.8
999 821.2
