500
0 41.2
1 87.5
2 99.9
3 46.1
4 45.9
5 88.9
6 78.2
7 49
8 22.3
9 36.8
10 11.2
11 24.2
12 85.4
13 96.1
14 35.6
15 18.8
16 97.1
17 8.2
18 39.6
19 22
20 81.4
21 67.9
22 24.1
23 71.5
24 26.5
25 22.9
26 4.2
27 77.8
28 65.4
29 25.7
30 70.5
31 4.4
32 23.6
33 62.9
34 59
35 90.9
36 53.9
37 25.2
38 6.8
39 6.6
40 57.9
41 66
42 88.6
43 75.8
44 82.4
45 22.1
46 48
47 19.2
48 56.3
49 47.6
50 3.6
51 69.4
52 73.8
53 45
54 8.4
55 78.7
56 83.8
57 67.1
58 99.3
59 71.3
60 88.2
61 9.1
62 72.6
63 49.9
64 64.5
65 50
66 53.7
67 5.3
68 3.2
69 6.3
70 86.4
71 49.9
72 36.3
73 91
74 61.4
75 35.3
76 66.5
77 12.8
78 90.8
79 26.1
80 94
81 63.5
82 61.2
83 76.5
84 74.3
85 69
86 5.5
87 42.4
88 6.5
89 69.2
90 47.6
91 35.6
92 68.1
93 55.9
94 22
95 68.4
96 31.6
97 63.1
98 93
99 62.4
100 97.1
101 12.1
102 85.7
103 57.8
104 84.3
105 74.6
106 13.4
107 87.1
108 44.1
109 80.6
110 42.4
111 67.9
112 5.8
113 82.7
114 37.4
115 16.6
116 52.6
117 78.7
118 90.8
119 20.2
120 24.1
121 40.3
122 88
123 48.1
124 65
125 7.8
126 78
127 49.8
128 48.3
129 40.5
130 34.6
131 87
132 31
133 30.9
134 22.4
135 18.9
136 34.2
137 51.1
138 29.5
139 10.3
140 9.6
141 62
142 81.4
143 3.8
144 2.2
145 36.1
146 2.8
147 49.3
148 16.6
149 7.8
150 13.9
151 5.1
152 65.2
153 65.1
154 55.9
155 92.9
156 16
157 6.9
158 69.5
159 62.3
160 27
161 25.1
162 88.6
163 14.2
164 80.4
165 96.7
166 48.3
167 90
168 25.3
169 67.9
170 37.4
171 97.6
172 51.3
173 42.9
174 75.6
175 41
176 4.5
177 98.1
178 55
179 69
180 63.2
181 33.6
182 92.2
183 93.3
184 72.5
185 29
186 17.3
187 62.3
188 95.4
189 67.9
190 63.6
191 89.9
192 96.1
193 78.4
194 89.5
195 29.7
196 63.5
197 7.1
198 98.9
199 63.3
200 24.7
201 3.5
202 65.3
203 83.1
204 9.5
205 82.7
206 91.3
207 44.9
208 43
209 37.3
210 14.7
211 7.8
212 9.2
213 61.3
214 51.7
215 72.6
216 11.5
217 76.4
218 18.9
219 66.4
220 23.6
221 45.1
222 87.4
223 89.6
224 7.4
225 12.1
226 69.5
227 29.4
228 39.5
229 25.5
230 78.1
231 36
232 57.9
233 24.3
234 67.9
235 14.9
236 46.8
237 63.5
238 10.5
239 13.9
240 83.6
241 35.8
242 26.4
243 24
244 62
245 10.4
246 97.5
247 9.3
248 19.3
249 70.6
250 60.6
251 79.7
252 11.8
253 50.7
254 88.5
255 59.4
256 31
257 27.6
258 26.7
259 71.4
260 59.4
261 14.6
262 20.7
263 75.6
264 27.8
265 66.1
266 6.8
267 16.1
268 20.9
269 32.4
270 62.5
271 75.1
272 38.7
273 21.2
274 13.4
275 79.1
276 18
277 42.8
278 64
279 57.4
280 30.3
281 18.7
282 27.5
283 28.1
284 80
285 63
286 81.7
287 73.5
288 77.9
289 87.1
290 77.4
291 42.3
292 72.2
293 63.2
294 78.2
295 15.5
296 77.8
297 60.7
298 40.7
299 97.5
300 5.3
301 91.7
302 75.1
303 31.4
304 19.4
305 94.2
306 67.7
307 78.3
308 76.4
309 70.3
310 6.2
311 33.2
312 95.9
313 24.8
314 42.6
315 19.6
316 81.5
317 91.9
318 60.2
319 96.4
320 46.6
321 41.7
322 2.6
323 50.7
324 26.6
325 49
326 42.9
327 24.6
328 21.9
329 59.9
330 12
331 12.6
332 8.8
333 60.3
334 19.1
335 65.7
336 33.3
337 51.2
338 50
339 31.1
340 87.8
341 27.9
342 44.8
343 45.8
344 1.2
345 25.8
346 9.2
347 72
348 26.4
349 4.5
350 68.6
351 86.4
352 24.9
353 62.1
354 41.7
355 48.4
356 72.6
357 15.6
358 19.7
359 94.4
360 47.6
361 91.2
362 6.1
363 15.9
364 76.9
365 41.7
366 72.4
367 15
368 78.6
369 98.7
370 31.4
371 21
372 5
373 86.6
374 19.5
375 17.2
376 66.2
377 11.2
378 60.1
379 48.6
380 68.1
381 9.2
382 87.9
383 94.6
384 8
385 79.2
386 76.7
387 77.3
388 92.2
389 99.6
390 6.9
391 91.5
392 15.6
393 12.4
394 20.8
395 12.4
396 4.3
397 96.9
398 96.2
399 29
400 8.7
401 31.6
402 81.6
403 10.4
404 65.7
405 78.5
406 44.9
407 60.5
408 89
409 72.8
410 97.7
411 54.9
412 18.8
413 42.3
414 22
415 87.6
416 24.6
417 53.7
418 69.9
419 93.6
420 44.9
421 18.4
422 67.6
423 83.8
424 82.2
425 27.3
426 30.1
427 91.4
428 6.5
429 95
430 50.9
431 34.8
432 39.4
433 29.9
434 12.1
435 78.7
436 14.6
437 94.2
438 51.6
439 28.1
440 33.3
441 61.3
442 66.1
443 7.6
444 77.1
445 14.5
446 33.4
447 2.6
448 60.9
449 46.4
450 71.6
451 50.7
452 48.6
453 93.7
454 21.3
455 11.5
456 48.7
457 57.5
458 42.7
459 97.9
460 95.9
461 65.6
462 54.8
463 49.8
464 19.9
465 66.4
466 5
467 33.8
468 19.8
469 39.3
470 51.5
471 36.4
472 94.5
473 70.7
474 64.6
475 89.2
476 79.3
477 69.3
478 32.7
479 32.6
480 4.9
481 19.7
482 7.7
483 6.7
484 33.9
485 25.3
486 12.8
487 52.3
488 30.5
489 27.3
490 15.7
491 3.6
492 82.1
493 95.7
494 83
495 79.4
496 24.4
497 99.6
498 12.6
499 23.9
