100
0 1672.8
1 1200.2
2 860.9
3 1008
4 579.4
5 249.2
6 1077.7
7 2.2
8 851.2
9 1576.3
10 437.4
11 72.1
12 1426.9
13 379.5
14 1903.6
15 1552.2
16 527.9
17 904.8
18 221.1
19 625.3
20 307.4
21 1120.3
22 1926.4
23 161.4
24 1786.9
25 61.9
26 1188.2
27 1319.3
28 1771.7
29 1194.4
30 851.7
31 1075.9
32 1670.1
33 1541.2
34 1850.2
35 196.2
36 1969.6
37 1477.8
38 7
39 1618.3
40 1365.8
41 1355.8
42 1145.1
43 1751.3
44 218.7
45 1189.7
46 97.8
47 812.2
48 1637.5
49 1592.5
50 1250.6
51 880.2
52 760.8
53 357.6
54 648.8
55 187.9
56 742.5
57 79.8
58 1973.3
59 1353.3
60 645.8
61 81.6
62 1686.6
63 913.4
64 1684.7
65 1715.9
66 532.3
67 1733.5
68 1528.3
69 761.8
70 22.8
71 860.3
72 1702.6
73 121.9
74 446.3
75 1908.4
76 1402.3
77 1147.1
78 1605.9
79 859.7
80 1901.9
81 388.8
82 1019.9
83 283.5
84 141.6
85 394.7
86 1703.5
87 771.1
88 1776.9
89 494.8
90 1626.5
91 1859.1
92 1512.6
93 1742.4
94 307.8
95 1250
96 1719.4
97 1893.5
98 391.9
99 556.4
