100
0 1336.3
1 1672.8
2 1560.2
3 1329.5
4 1918
5 905.6
6 285.1
7 652
8 170.9
9 778.2
10 836.1
11 287.2
12 1715.5
13 1955.1
14 1583.2
15 220.5
16 828.1
17 1382.5
18 613.6
19 264.2
20 1719.3
21 1630.4
22 1470.6
23 1686.4
24 1821.1
25 22.7
26 1824.8
27 294.8
28 81.6
29 353.8
30 665.4
31 642.3
32 229.4
33 687.1
34 1799.2
35 1953.6
36 499.6
37 1957.7
38 528.9
39 1603.1
40 1959
41 1090.1
42 1627
43 116.8
44 17.6
45 212.2
46 1620.2
47 1998.3
48 398
49 847.7
50 620.7
51 1670.6
52 10.9
53 1021
54 926.9
55 1963.2
56 161.8
57 1668.8
58 1671.6
59 1409.1
60 422.1
61 228.8
62 1386.7
63 1573.9
64 1221.5
65 1608.4
66 79.2
67 769.8
68 1463.9
69 1310.8
70 1566.2
71 1282.5
72 1640.8
73 1309.7
74 1336.7
75 502
76 949
77 1498.1
78 984
79 343.2
80 817.5
81 705.5
82 1458.7
83 1953.3
84 1328.4
85 1027.8
86 1964.1
87 1481.8
88 1752.6
89 1975.5
90 1774
91 1401.5
92 1528.1
93 1957.9
94 583.4
95 1504.4
96 104.1
97 1386.1
98 1620.1
99 1117.2
