500
0 1949.5
1 1483
2 1624.9
3 1950.6
4 920.5
5 920.7
6 586.8
7 432.7
8 1626.8
9 1544.7
10 912.5
11 1119.7
12 336.3
13 1251.9
14 161.9
15 251.4
16 1722.8
17 1522.9
18 392.8
19 1510.3
20 1008
21 69.2
22 553.4
23 189.6
24 132.5
25 833.2
26 1816.9
27 418.7
28 1865.6
29 1503.5
30 50.8
31 1046.7
32 1358.2
33 404.9
34 919.7
35 1432.4
36 1583.4
37 419.1
38 1039.3
39 1709.7
40 1428.9
41 1988.3
42 605.2
43 1337.9
44 1849.9
45 62.9
46 1726.3
47 1872.9
48 119.6
49 106.2
50 1997.9
51 161.4
52 539.7
53 94
54 820.3
55 574.6
56 948.9
57 947.3
58 1319.4
59 121.6
60 1592.5
61 1865.9
62 1585.1
63 906.5
64 937.4
65 1150.3
66 72.6
67 565.9
68 1204.7
69 1020.9
70 1585.1
71 677.3
72 405.2
73 826.5
74 982.7
75 1006
76 1693
77 1955
78 1107.3
79 103.8
80 632.6
81 1560
82 58.9
83 398.8
84 1619.3
85 393.7
86 1738.5
87 352.1
88 149.4
89 1422.2
90 1618.6
91 7.1
92 420.2
93 1751.1
94 1239.7
95 1696.3
96 1506.7
97 1545.6
98 848.5
99 1118.1
100 1959.7
101 20.1
102 1763.7
103 1787.2
104 997.5
105 1740.1
106 1232
107 1792.2
108 1167.1
109 1861.5
110 1514.8
111 377.3
112 1990.4
113 1205.2
114 1617.5
115 934
116 900.3
117 263.8
118 16.9
119 1148.5
120 1326.8
121 1914.1
122 1881
123 1744.4
124 482.7
125 563.3
126 21.9
127 337.4
128 1869.7
129 1908.8
130 228.9
131 791.2
132 1443.7
133 577.9
134 1531.1
135 118.9
136 162
137 924.6
138 602.6
139 600.8
140 1195.9
141 1551.3
142 1721.5
143 1718.4
144 1838.1
145 1903.2
146 127
147 2.6
148 318.8
149 1932.1
150 15.5
151 1275
152 502.9
153 1109.2
154 206.9
155 1322.2
156 1423.2
157 717.3
158 990.3
159 796.7
160 940.4
161 1996.7
162 1834.2
163 1366.9
164 1466.5
165 620.7
166 875.6
167 997.9
168 1255.9
169 750.3
170 350.2
171 390.8
172 232.6
173 1314.5
174 824.6
175 950.8
176 1400.7
177 1518.2
178 549.7
179 1878.2
180 1168.3
181 1223.1
182 1270.7
183 889
184 1019.6
185 1490.7
186 1603.6
187 148.7
188 1365.4
189 761.2
190 1914.9
191 198.5
192 361.7
193 1194.7
194 976.2
195 860.6
196 1527.3
197 755.4
198 1574.7
199 1566.8
200 1709
201 257.9
202 1250.1
203 655.1
204 922.1
205 430.9
206 1274.9
207 790.8
208 1524.8
209 1053.1
210 1676.8
211 985.6
212 34.8
213 1782.5
214 657.6
215 349.6
216 893.6
217 1962.3
218 733.4
219 1291
220 1012.3
221 540.6
222 1348.7
223 866.3
224 104.5
225 1431.1
226 1681.2
227 382
228 1436.6
229 718.2
230 1832.4
231 1732.8
232 441.3
233 1353.8
234 405.9
235 1233.8
236 66
237 165.1
238 1465.6
239 709.9
240 1504.8
241 1826.6
242 1424.4
243 1664.4
244 352.3
245 573.4
246 87.9
247 1673.9
248 391.1
249 1538.8
250 1128.1
251 1230.8
252 497.1
253 1562.6
254 636
255 1570.1
256 500.5
257 385.3
258 1692.9
259 395
260 552.9
261 160.7
262 226.8
263 1934.3
264 1523.7
265 653.3
266 790.9
267 499.2
268 830.6
269 1958.3
270 782.9
271 1384.9
272 346.3
273 964.4
274 1640
275 1858.9
276 1136.2
277 886.9
278 13
279 115
280 557.1
281 766.9
282 1524.1
283 618.1
284 1299.3
285 712.9
286 51.6
287 223.3
288 603.7
289 1083.8
290 1781.3
291 818.8
292 1554.5
293 1086.4
294 287.6
295 893.5
296 37.9
297 1627.2
298 448.3
299 983.4
300 313.4
301 663
302 248.9
303 1271.2
304 1308.2
305 831.8
306 131.2
307 1228.2
308 1460.5
309 1919.2
310 242.4
311 530.7
312 1525.4
313 519.8
314 1366.4
315 520.3
316 1628.3
317 911.3
318 1297.2
319 1641.3
320 1458.2
321 199.8
322 4.7
323 1616.8
324 19.4
325 1616
326 1559.9
327 784.8
328 1075.6
329 808.9
330 1977.4
331 59.3
332 1966.3
333 1332.7
334 942.2
335 1448.4
336 1587.9
337 639.9
338 1086.2
339 197
340 720.6
341 792.9
342 91.4
343 368.8
344 258.9
345 1179.8
346 425
347 1352.4
348 1413.4
349 1640
350 535.4
351 1306.6
352 819.8
353 1436.2
354 1477
355 915.4
356 1021.5
357 563.8
358 1944.2
359 1276.9
360 1433.3
361 1116.6
362 493.3
363 284.4
364 785.9
365 652.9
366 616.7
367 1213.1
368 1301.1
369 1999.5
370 1704.2
371 270.1
372 1314.1
373 510.2
374 623.3
375 626
376 754.3
377 900.7
378 1535.1
379 565.7
380 1073.6
381 1795.7
382 781.8
383 359.1
384 463.9
385 1565.9
386 974.7
387 371.2
388 61.9
389 1085.2
390 10.4
391 1085.6
392 516.7
393 379.2
394 1967.8
395 1838.3
396 1255.9
397 239.2
398 1916.6
399 1356.8
400 609.5
401 1725.8
402 1708.3
403 1904.9
404 256.8
405 1075.6
406 1422.9
407 1431.2
408 1490.7
409 418.7
410 1295.4
411 1619.7
412 961.3
413 819.9
414 291.4
415 490
416 1931.8
417 1043
418 1115.4
419 983.6
420 321
421 1860.4
422 1747.1
423 229
424 1910.1
425 842.6
426 1214.5
427 1314.8
428 1767
429 801.5
430 367.6
431 64.2
432 1874.4
433 78.6
434 1624.3
435 719.5
436 1588
437 147.2
438 1425.2
439 1325.6
440 1752.9
441 662.9
442 318.4
443 108.4
444 1536.8
445 1416.5
446 1033.9
447 1177.7
448 464.6
449 873.6
450 243.6
451 705.8
452 1048.3
453 1244.8
454 169
455 1018.9
456 396.4
457 1812
458 638.9
459 1871.4
460 1586.9
461 990.3
462 988.5
463 1681.7
464 973.2
465 1737.6
466 382
467 11.6
468 701.6
469 1341.8
470 1713.5
471 1075.3
472 285.3
473 825.1
474 78.7
475 126.2
476 1269
477 1478.9
478 1092.3
479 701.8
480 98.6
481 1717.8
482 774.6
483 394.4
484 25.7
485 208
486 1063.3
487 1760.6
488 1663.8
489 1496.8
490 472.3
491 361
492 937.7
493 873.1
494 1572.3
495 969.6
496 1244.1
497 314.2
498 782.6
499 1480
