500
0 1423.3
1 1401
2 1598
3 494.2
4 1429
5 1570.7
6 1401.1
7 1539.1
8 1231.2
9 1506.6
10 1837.8
11 372
12 1219.3
13 1083.5
14 1144.2
15 1686.6
16 443.7
17 983
18 585
19 139.1
20 1734.3
21 1557.4
22 825.6
23 314.6
24 778.1
25 1717.8
26 1155.4
27 1394.3
28 123
29 755.5
30 59.6
31 198.8
32 1026.1
33 1959.8
34 1141.2
35 1479
36 1116.8
37 1418.9
38 1306.1
39 492.3
40 382.6
41 1862.4
42 1056.7
43 164.3
44 1024.6
45 358.9
46 1487.1
47 1556.5
48 1866.5
49 130.1
50 1236.9
51 1023.3
52 1077.2
53 421.9
54 1689.4
55 905
56 547.9
57 1011.6
58 445.4
59 788.9
60 420.4
61 1897.1
62 944.5
63 1399.5
64 440.2
65 1733.5
66 1070.6
67 1659.6
68 1840.5
69 213
70 1515.9
71 1699
72 841.9
73 45.9
74 1156.8
75 379.8
76 629.6
77 1942
78 716.6
79 1710.7
80 26.2
81 1980
82 1719
83 1803.4
84 1977.6
85 591.2
86 848.1
87 1279.8
88 30.6
89 346.3
90 1657.9
91 548.2
92 1109.5
93 363
94 1720.6
95 1163.1
96 1457.4
97 1619.6
98 731.9
99 1187.5
100 1116.9
101 1272
102 658.2
103 1988.1
104 148.7
105 1419.6
106 1122.4
107 1913
108 1368.3
109 1868.1
110 606
111 776.4
112 182.3
113 1544.5
114 1659.3
115 1100.9
116 37
117 765
118 128
119 780.8
120 860.6
121 230.3
122 1105.8
123 1396.5
124 429.2
125 1729.2
126 78
127 503.4
128 811.6
129 614.9
130 1091.9
131 1910.9
132 210.3
133 241.6
134 931.8
135 1788.8
136 1939.3
137 283
138 1913.7
139 644.8
140 1515.6
141 368
142 864.7
143 1633.8
144 306.1
145 1798.6
146 1589.5
147 1331.1
148 930.1
149 1344.7
150 176.9
151 1558.6
152 1074
153 299.2
154 1152.6
155 1780
156 1521.2
157 831.1
158 1328.3
159 1608.8
160 1617.7
161 385.9
162 877.1
163 560.1
164 1404.6
165 395.8
166 527.7
167 589.5
168 683.5
169 376.5
170 1329
171 520.7
172 1237.9
173 1922.5
174 1487.3
175 328.8
176 1100.6
177 1769.4
178 75.2
179 1436.3
180 1034.7
181 376.1
182 194.3
183 1161.9
184 1204
185 378.9
186 1658.5
187 1709.4
188 1438.3
189 656.4
190 859.9
191 268.3
192 1039.6
193 419.4
194 1295.4
195 379.4
196 1621.5
197 651.5
198 1102.8
199 681.1
200 299.9
201 1609.7
202 242.9
203 1901.1
204 147.9
205 1341.3
206 27.9
207 1608
208 1092.1
209 2.5
210 1653.8
211 427.6
212 1398.7
213 172
214 411.1
215 761.8
216 465
217 126.3
218 252.5
219 1358.1
220 800.3
221 1013.8
222 1494.9
223 1971.9
224 201.6
225 1734.3
226 233.9
227 1426.7
228 912.2
229 95.1
230 1232.7
231 1037.6
232 951.6
233 1666.1
234 1365.1
235 792
236 1040.3
237 1856.2
238 304.9
239 1774.8
240 875.9
241 1054.4
242 732.7
243 602.2
244 1066.7
245 472
246 628.1
247 336.5
248 1097.2
249 108.5
250 1143
251 412.2
252 1708.5
253 987.4
254 872.9
255 1243.3
256 1448.7
257 1559.3
258 1794
259 1990.9
260 1427.5
261 624.7
262 166.3
263 1768.8
264 581.8
265 1215.6
266 350.5
267 677.9
268 1252.2
269 121
270 1030
271 83.5
272 431.4
273 43.5
274 111.3
275 1016.3
276 955.2
277 1050.2
278 1509.6
279 96.7
280 1741.1
281 1047.6
282 1525.3
283 1573.8
284 276.9
285 993.4
286 414.2
287 1991.1
288 1741.3
289 481.4
290 1662.4
291 1433.7
292 1785.1
293 1618.9
294 521.1
295 563.9
296 1161.9
297 1400.3
298 1820.3
299 1440.6
300 1177.9
301 1942.6
302 1965.7
303 346.6
304 1108.9
305 1196.8
306 818.1
307 512.2
308 1932.7
309 475.6
310 1167.6
311 1425
312 1665.2
313 1280.4
314 1289.7
315 1589.6
316 1388.1
317 1466.5
318 1841.4
319 1801.4
320 944.9
321 1678.6
322 648.4
323 324.8
324 911.2
325 1090.1
326 1117.6
327 1322.9
328 363.6
329 1191.7
330 67.5
331 387.7
332 1926.7
333 1788.4
334 1134
335 189.2
336 1878.5
337 790.3
338 1472
339 1362.1
340 1241.5
341 101.3
342 1538.8
343 1084.5
344 395.5
345 724.9
346 1833.1
347 1416
348 856.1
349 1903.7
350 303.9
351 1576.8
352 1008.9
353 519.8
354 1989.6
355 1775.1
356 1149.8
357 31.4
358 1961.6
359 1131.9
360 1878.2
361 951.3
362 1596.1
363 648.7
364 1519.4
365 334.5
366 1943.5
367 234.9
368 296.6
369 1531.3
370 1619.6
371 1200.9
372 75.2
373 550.8
374 489
375 146.5
376 1988.1
377 1034.7
378 444.2
379 1823.6
380 1033.6
381 604
382 840.9
383 850.6
384 317.6
385 322.2
386 1363.1
387 926.9
388 1949.5
389 904.4
390 649.4
391 1832
392 586
393 1785.2
394 1586
395 320.1
396 338.1
397 907.2
398 1329.3
399 619.6
400 882.9
401 752.7
402 773.9
403 1985.3
404 1875.6
405 32.1
406 846
407 586.2
408 1742
409 913
410 347.6
411 58
412 995.2
413 1900.2
414 1645.8
415 1384.2
416 1971.1
417 1497.7
418 1475.7
419 146.3
420 330.6
421 409.4
422 1255.3
423 575.7
424 93
425 483
426 1240.7
427 281.2
428 647.5
429 549.5
430 117.3
431 1118.9
432 897.4
433 1385.9
434 1508.8
435 244
436 516.9
437 360.1
438 1499.3
439 1021.9
440 681.4
441 1760.3
442 1309.1
443 170.6
444 1712.8
445 588.9
446 1786.9
447 1476.2
448 1248
449 240.5
450 1901.8
451 183.2
452 624.4
453 794.2
454 1453.7
455 344.1
456 737.5
457 1240.7
458 1603.7
459 969.6
460 1612.4
461 931.9
462 610.3
463 1871
464 1023.1
465 976.3
466 905.6
467 1988.1
468 526.4
469 1593.2
470 661.3
471 1718.5
472 1896.6
473 1762.4
474 33.7
475 536.3
476 1306.4
477 1639.9
478 188.9
479 477.2
480 1172.3
481 94.1
482 1520.6
483 459.5
484 980.6
485 1697
486 169.2
487 1432.5
488 1186.4
489 1520.5
490 1841.7
491 1469.8
492 1666.6
493 966.5
494 1163.1
495 163.3
496 645.4
497 630.9
498 153.5
499 727.6
