500
0 6.4
1 610.6
2 952.6
3 1720.5
4 1336.3
5 299.7
6 1652.3
7 229
8 1869.3
9 17.4
10 1163.3
11 1171.7
12 497.2
13 423.1
14 1466.3
15 1685.1
16 1034.8
17 52
18 222.2
19 1027.8
20 663.8
21 456.7
22 376.8
23 1338.7
24 333.7
25 932.4
26 1257.2
27 1711.9
28 449.1
29 909.2
30 1874.3
31 245.4
32 1663.7
33 1427.9
34 505.7
35 1707
36 980.1
37 1160.4
38 54.7
39 1749.8
40 1624.1
41 939.4
42 1257.7
43 1704.3
44 1868.2
45 908.9
46 1518.8
47 11.3
48 263.4
49 1138.1
50 1529.5
51 1149.5
52 852.7
53 940.8
54 1543.8
55 1707.5
56 1370.5
57 1737
58 321.7
59 817.1
60 854.2
61 842.5
62 691.7
63 1085.6
64 1577.6
65 570.2
66 1930.5
67 1714.7
68 1461.5
69 1472.1
70 1984.4
71 1490.9
72 1692.9
73 980.7
74 1935.8
75 1102.1
76 805.6
77 34.3
78 1081.2
79 441.4
80 1802.6
81 1596.5
82 1063.6
83 618.4
84 1185.5
85 1441.1
86 576.9
87 1474.2
88 1858.7
89 1308.3
90 776.4
91 1277.1
92 941.4
93 1838.2
94 403.1
95 304.1
96 825.3
97 575.5
98 526.8
99 355.7
100 1405
101 1593.6
102 1161.8
103 1684.6
104 1302.3
105 342.7
106 334.3
107 434.3
108 948
109 1884.4
110 271.2
111 899.1
112 1920.7
113 753.6
114 244.5
115 737.4
116 252.1
117 1805.7
118 734.4
119 1224.8
120 1253.4
121 1119
122 1011.7
123 1426.1
124 888.8
125 1979.3
126 1109
127 697.3
128 1524.1
129 609.5
130 621.5
131 618.8
132 1788.9
133 791.4
134 450.2
135 971.8
136 1414.2
137 1598.8
138 1618.6
139 1443.3
140 1933
141 720.7
142 1473.8
143 1631.8
144 242
145 1673.5
146 609
147 1683
148 1366.3
149 403.7
150 149.8
151 1221.5
152 189.9
153 1306.1
154 1186.1
155 245.7
156 899
157 544.6
158 586.6
159 1653.6
160 287.4
161 1905.9
162 468.7
163 753.5
164 1861.9
165 358.3
166 1829.5
167 149.6
168 915.5
169 308.7
170 1030.3
171 1482.3
172 1710.8
173 1092.3
174 1717.9
175 608
176 563.4
177 283.1
178 1046.6
179 13.6
180 1552.1
181 1315.5
182 891.6
183 1957
184 333.6
185 1109.7
186 646.8
187 155.4
188 188.5
189 1440.5
190 1381.5
191 922.5
192 1923.7
193 990.6
194 1748.2
195 1830.7
196 1912.3
197 954.5
198 1402.5
199 1981.8
200 1943.1
201 1851.8
202 958.8
203 1997.7
204 1548.8
205 347
206 816.7
207 1804.1
208 533.7
209 458
210 1619.3
211 92.8
212 1145.4
213 149.3
214 1823.3
215 1477.8
216 1240.2
217 1086.7
218 349.2
219 656.9
220 1646.8
221 1165.9
222 1566.1
223 615.3
224 1968.1
225 580.5
226 1088.5
227 900.8
228 1048.4
229 794.3
230 1575.2
231 598.8
232 818.9
233 1070.3
234 284.8
235 1835.1
236 1409
237 163.1
238 1399.3
239 1183.4
240 1957.4
241 1235.9
242 35.2
243 1190.1
244 1668.2
245 200.8
246 990.8
247 1727.9
248 91.9
249 730
250 597.2
251 307.7
252 559.1
253 618.3
254 1025.6
255 1620.8
256 1750.9
257 423.7
258 1466.7
259 175.6
260 1354.5
261 1445.1
262 310.3
263 1400.8
264 57.2
265 1078.7
266 1578.9
267 1866.4
268 1614.7
269 1829.1
270 1649.8
271 1400.9
272 1631.6
273 1836.7
274 1616.5
275 1799.9
276 1290.6
277 1203.6
278 512.7
279 1173.2
280 149.5
281 680.7
282 537.4
283 1887.2
284 279.1
285 1262.2
286 726.7
287 1494.8
288 644.8
289 180.6
290 767.9
291 68.1
292 524.2
293 1694.1
294 1610.3
295 974.7
296 744.5
297 328.1
298 1520.1
299 1275.1
300 826.1
301 1895.9
302 1227.2
303 1385.1
304 1398.9
305 1274.5
306 782
307 1334.3
308 286.2
309 1292.9
310 307.1
311 1879.9
312 35.4
313 474.6
314 1691.1
315 613.9
316 1692
317 1078.5
318 1613
319 165.7
320 1944.1
321 1643.4
322 1897.1
323 103.2
324 1794.2
325 1946.4
326 1292.4
327 906.1
328 888.6
329 97.5
330 681.7
331 1803.4
332 1028.3
333 301.8
334 999.5
335 1042.2
336 1429.7
337 440
338 1107.6
339 1080.9
340 3.2
341 1807.9
342 957.8
343 414.8
344 382.9
345 1233.6
346 1519.1
347 907.6
348 1120.2
349 1835.2
350 1242.9
351 1006.5
352 769.4
353 1735.6
354 287.8
355 1034.8
356 508
357 875.5
358 1754.7
359 1892
360 1675.4
361 1422.1
362 317.4
363 710.6
364 106.6
365 700
366 1462.5
367 120.7
368 1500.6
369 1014.5
370 1254.1
371 402.3
372 719
373 1801.6
374 235.7
375 1931.6
376 886.4
377 1191.9
378 887.4
379 806.1
380 45.1
381 1203.5
382 660.1
383 1014.3
384 535
385 1915.8
386 7
387 1757.3
388 1844.3
389 479.8
390 1048
391 1718.6
392 259
393 1267.2
394 253.1
395 1276.8
396 1955.7
397 1052
398 1103.4
399 1587.2
400 554.7
401 884.4
402 1819.2
403 1427.8
404 81.1
405 1727
406 1913.9
407 1123.8
408 848.5
409 1072
410 607.5
411 81.8
412 944.7
413 41.3
414 855.3
415 1508.4
416 217.5
417 836.8
418 1044.1
419 1503.1
420 754.5
421 1729.6
422 674.4
423 1972.2
424 1080.8
425 1057.9
426 1367.1
427 1621.4
428 1898.4
429 1254.6
430 790.6
431 578.1
432 936.4
433 1264.6
434 1408.6
435 88
436 300
437 1966.1
438 1919.4
439 191.8
440 1158.4
441 940.6
442 167.7
443 1749.7
444 1146.9
445 1050.6
446 853.9
447 523.7
448 1018.3
449 1289
450 552.5
451 1894.7
452 537.3
453 403.4
454 1250.7
455 1881.6
456 1486.4
457 50.1
458 152
459 1346.9
460 530.1
461 1604.5
462 1627.6
463 275.5
464 1496.3
465 693.1
466 687.6
467 1010.5
468 1671.4
469 1749.1
470 954.7
471 1333.9
472 1658.8
473 1152.7
474 1600.7
475 132.5
476 334.5
477 1199.6
478 1561.7
479 541
480 1459
481 1935.9
482 1560.4
483 378.1
484 822.4
485 576.7
486 1438.5
487 1202.1
488 119.9
489 1251.3
490 277.1
491 807.9
492 1916.2
493 531.6
494 1894.5
495 1575.4
496 1566.1
497 1911.2
498 1601.1
499 1264.1
