100
0 516.3
1 1739.9
2 1455.4
3 1494.4
4 858.8
5 503
6 986.4
7 1025
8 43.7
9 1297.5
10 1506.9
11 333.2
12 639.1
13 1204.4
14 205.8
15 406.3
16 466.4
17 1208.4
18 1064.8
19 1806.9
20 103.4
21 66.1
22 1767.8
23 751.4
24 1491.5
25 101.9
26 292.4
27 1114.5
28 766.7
29 1543.3
30 417.6
31 826.8
32 101.5
33 675.7
34 418.7
35 847.4
36 1969.7
37 1224.5
38 959.6
39 389.8
40 870.1
41 426.4
42 1571.5
43 1981
44 1693.7
45 1481
46 599.4
47 1826
48 396.7
49 1735.4
50 388
51 106.2
52 1957.4
53 255.1
54 1794
55 355.4
56 1680
57 1060.1
58 1631.9
59 1161
60 176.1
61 922.7
62 982.9
63 323.2
64 1947.6
65 931.5
66 1484.4
67 964.4
68 1328.9
69 1534
70 1089.9
71 1663.9
72 1485.9
73 1751.3
74 307.3
75 1516.4
76 1467.8
77 297.2
78 60.3
79 1577.7
80 1715
81 747.7
82 13.9
83 26
84 1841.7
85 1240.2
86 936.6
87 794.4
88 1737.5
89 110.4
90 290.1
91 1746.7
92 41
93 1254
94 285.1
95 1689.8
96 1295.3
97 1128.8
98 1092.1
99 1579.1
