1000
0 53.7
1 6.8
2 60.4
3 12.5
4 70.2
5 90.6
6 16.6
7 54.1
8 43
9 26.5
10 91.1
11 58.3
12 45.4
13 72.4
14 26.9
15 58.6
16 11.1
17 19.2
18 2.9
19 21
20 3.3
21 74
22 27.2
23 64.3
24 12.9
25 85.8
26 20.1
27 15.3
28 52.9
29 9.1
30 50.5
31 88.7
32 67.4
33 93.1
34 53.1
35 30.4
36 25
37 8.4
38 1.3
39 30.6
40 77.7
41 69.9
42 94.9
43 44.6
44 30.3
45 17.9
46 6.7
47 33.4
48 75.1
49 38.7
50 63.3
51 66
52 81.5
53 9.9
54 4.4
55 16.3
56 96.8
57 41.2
58 64.7
59 76.1
60 52
61 67.2
62 16.7
63 91.3
64 50
65 28.4
66 39.5
67 36.1
68 38.1
69 67.4
70 91.4
71 21.3
72 15.8
73 42
74 30
75 39
76 55.8
77 63.7
78 71.2
79 76.2
80 72.3
81 31.9
82 94.4
83 6
84 68.5
85 29.9
86 31.3
87 40.5
88 58.6
89 93.9
90 28.8
91 27
92 12.6
93 13.4
94 97.5
95 19
96 3
97 79.3
98 96.9
99 28.2
100 85.2
101 89.9
102 49.3
103 80.1
104 47.5
105 17.2
106 99.5
107 98
108 73.1
109 50.8
110 30
111 78.2
112 73.3
113 73.9
114 36.8
115 70.8
116 87.6
117 88.5
118 15.6
119 84.4
120 7.6
121 55.2
122 38.7
123 89.8
124 75.5
125 12.4
126 21.4
127 85.7
128 4.5
129 82.4
130 71.3
131 47.5
132 90.7
133 63.1
134 44.1
135 80.4
136 43.9
137 1.7
138 16.1
139 83.6
140 37.4
141 44.8
142 56.2
143 14.4
144 93.3
145 10.4
146 47.8
147 44.3
148 71.4
149 30.7
150 51.6
151 27
152 10.8
153 51.9
154 51.1
155 1.6
156 54
157 99.1
158 10.4
159 97.2
160 4.3
161 62.5
162 76
163 36.9
164 34.4
165 75.8
166 98.8
167 37
168 23.3
169 51.6
170 83.4
171 84.5
172 90
173 86.2
174 90.7
175 29.3
176 54.5
177 39.5
178 44.6
179 62.8
180 77.2
181 4.4
182 14
183 59.4
184 67.1
185 34.7
186 77.7
187 44
188 11.3
189 46.5
190 69.4
191 53.5
192 70.1
193 38.4
194 75.2
195 79.2
196 65.7
197 59.3
198 66.1
199 33.6
200 8.7
201 61.2
202 31.8
203 16.2
204 46.1
205 77.7
206 69.7
207 71.2
208 54.5
209 23
210 54.9
211 57.9
212 97.8
213 62
214 20.9
215 1.8
216 87.7
217 95.8
218 26.6
219 53.8
220 48
221 10.3
222 14.9
223 23.2
224 94
225 57.5
226 78
227 99.7
228 16.3
229 4.4
230 23
231 67.5
232 60
233 17.8
234 15.1
235 7
236 6.9
237 89.6
238 45.9
239 98.5
240 43
241 81.9
242 87.6
243 26.3
244 89.9
245 52
246 87.3
247 15.2
248 30.9
249 4.7
250 28
251 3.2
252 46.1
253 78
254 62.2
255 40
256 15.8
257 53.9
258 5.6
259 11.4
260 33.8
261 54.8
262 98
263 78.7
264 46.9
265 10.5
266 46.7
267 64.2
268 4.3
269 67.5
270 98.3
271 59.3
272 30.7
273 56.2
274 6.1
275 43.5
276 5.8
277 28
278 82.7
279 54.8
280 70.8
281 48.6
282 28.5
283 65.6
284 42
285 59.5
286 34.3
287 21.5
288 39.4
289 19.3
290 94.6
291 37.7
292 16.5
293 65
294 75.4
295 34.2
296 9.3
297 48.2
298 74.5
299 54.6
300 75.1
301 8
302 42.6
303 45.7
304 84.6
305 4.6
306 6.6
307 41.9
308 84.5
309 76.3
310 47.6
311 56.6
312 8.1
313 16.1
314 4.8
315 82.8
316 96.4
317 77.8
318 68.9
319 25.3
320 30.2
321 75
322 51.9
323 7.1
324 26.1
325 21.6
326 98.2
327 93.2
328 23.3
329 77.9
330 87.7
331 88.3
332 99.6
333 48.9
334 89.8
335 26.7
336 40.2
337 59.1
338 95.5
339 40.2
340 38.4
341 41.6
342 63.4
343 95
344 31
345 28.4
346 44.9
347 1
348 78.8
349 61.1
350 84.9
351 41.9
352 52.5
353 40.7
354 8.3
355 18.3
356 66
357 18.3
358 71.8
359 14.4
360 72.1
361 34
362 33
363 80.3
364 98.1
365 34.9
366 55.4
367 68.5
368 21.2
369 19.8
370 4.4
371 64.6
372 76.6
373 47.3
374 36.1
375 93.7
376 91
377 55
378 27.3
379 85.7
380 75.6
381 2.6
382 8.7
383 61
384 72.5
385 38.4
386 42.6
387 91.2
388 88
389 31.5
390 45.9
391 28.8
392 78.6
393 73.1
394 78.8
395 84.2
396 35
397 61
398 32.3
399 92.5
400 67.5
401 59.9
402 60.9
403 69.4
404 56.2
405 95.8
406 83.8
407 22.6
408 73.3
409 15.7
410 40.9
411 63.9
412 10.4
413 80.5
414 40
415 1.5
416 98.7
417 93.1
418 20
419 19.5
420 66.5
421 65.9
422 29.3
423 25.1
424 87.5
425 78.7
426 86.9
427 61.4
428 70
429 18.8
430 89.7
431 54.1
432 53.8
433 6.4
434 55.8
435 44.6
436 87.2
437 27.1
438 5.6
439 16.4
440 81.9
441 44.5
442 50.2
443 77.9
444 60.1
445 95.9
446 99.9
447 36.7
448 57.1
449 46.5
450 12.5
451 97.1
452 25.1
453 52
454 26.1
455 17.7
456 62.3
457 28.8
458 58.4
459 80.7
460 77.2
461 68.6
462 39.8
463 12.7
464 9.8
465 27.1
466 14.5
467 14.2
468 22.2
469 6.2
470 74.7
471 89.6
472 14.6
473 38.9
474 6.5
475 57.8
476 53.5
477 39.4
478 46
479 82.4
480 72.4
481 51.1
482 26.5
483 23.3
484 22.6
485 48.3
486 10
487 79.4
488 86.7
489 58
490 80.6
491 90.6
492 26.3
493 89.6
494 48.5
495 16.3
496 74.5
497 27.3
498 80.9
499 25.6
500 95.4
501 69.4
502 27.5
503 94.8
504 84
505 85.6
506 90.1
507 76.7
508 92
509 83.6
510 59.9
511 29.9
512 57.6
513 91.4
514 77.1
515 39.6
516 55.4
517 91.4
518 64.8
519 54.9
520 60.8
521 40.1
522 62.7
523 8.2
524 24.4
525 6.5
526 20.1
527 57
528 6.7
529 24.2
530 65.1
531 27.6
532 10.2
533 80.6
534 16.2
535 59.8
536 8.8
537 16.1
538 91.5
539 99.6
540 95.7
541 39.5
542 70.5
543 16
544 53.2
545 79.2
546 84
547 85.8
548 81.6
549 89.6
550 6.9
551 99.9
552 68
553 52.6
554 93
555 5.6
556 79.5
557 40.8
558 86.4
559 58.6
560 85.8
561 5.7
562 91.3
563 32.5
564 99.2
565 13.4
566 74
567 92.4
568 28.6
569 6.8
570 6.7
571 47.2
572 88.5
573 75.6
574 23.1
575 56.8
576 32.6
577 97.9
578 18.6
579 86.9
580 66.2
581 16.4
582 88.5
583 51.9
584 46.8
585 31.3
586 19
587 98.5
588 5.2
589 53.1
590 66.5
591 57.2
592 83.5
593 79.7
594 14
595 4.5
596 52.9
597 26.9
598 49
599 81.4
600 57.5
601 56
602 86.4
603 9.1
604 11.3
605 90.1
606 10.7
607 6.2
608 67
609 56
610 47.6
611 96.6
612 52.6
613 47.7
614 97.7
615 37
616 62.7
617 86.6
618 61.4
619 74.5
620 49.2
621 70.2
622 1.8
623 56.8
624 14.4
625 4.8
626 92.5
627 25.9
628 45.5
629 30.8
630 78.6
631 4.2
632 30.2
633 10.8
634 96.5
635 35.8
636 56.9
637 72
638 23.8
639 78.4
640 44
641 96.4
642 57.7
643 45.8
644 32.1
645 61.1
646 53.1
647 60.1
648 96.9
649 59.2
650 74.8
651 78.7
652 63.6
653 97.9
654 24.6
655 13.6
656 47.7
657 85.6
658 18.3
659 58.2
660 14.8
661 80.3
662 18.9
663 41.8
664 31.9
665 16.4
666 22.7
667 62.1
668 61.4
669 16.8
670 5.8
671 63.5
672 26
673 58.6
674 8.6
675 15.1
676 96.8
677 99
678 12
679 41.5
680 29.2
681 61.6
682 66.9
683 1.3
684 3.6
685 79.5
686 53.1
687 68.3
688 39
689 5.2
690 71
691 70.6
692 19.2
693 77.7
694 77.4
695 64.3
696 84.3
697 92.9
698 42.6
699 12.1
700 21.8
701 23.2
702 78.7
703 58.5
704 9.7
705 19.5
706 11.9
707 5.3
708 18
709 56.5
710 91.2
711 60
712 19
713 50.9
714 92
715 51.5
716 28.5
717 36.9
718 14.3
719 50
720 47.8
721 31.3
722 21.5
723 90.6
724 71
725 77.1
726 37.9
727 51.1
728 22.8
729 30.2
730 20.5
731 76.5
732 6.9
733 6.2
734 48.6
735 44.5
736 20.3
737 3.6
738 84.7
739 86.5
740 68.6
741 76.9
742 70
743 30.7
744 50.7
745 71.5
746 93.9
747 28.9
748 70.6
749 97.1
750 33.4
751 29.8
752 89.1
753 30.5
754 94.9
755 78.5
756 54.6
757 30.5
758 41
759 41.3
760 39
761 30.5
762 91.3
763 30.7
764 52.4
765 60
766 92.9
767 54.3
768 96
769 45.9
770 35.4
771 24.7
772 84.3
773 26.7
774 64
775 29.1
776 26.3
777 55.5
778 23.6
779 45.6
780 4.2
781 23.3
782 28.4
783 79.2
784 81
785 48.9
786 4.8
787 44.8
788 31.6
789 61
790 62.4
791 18.4
792 7.3
793 43.4
794 73
795 75.4
796 6.5
797 60.3
798 45.8
799 78.1
800 13.4
801 9.4
802 32.6
803 59.9
804 56
805 65.6
806 25.8
807 4.6
808 65.6
809 6.2
810 7.8
811 25.5
812 10.4
813 41.6
814 36.2
815 23.6
816 29.4
817 31.6
818 91.8
819 48.5
820 16.9
821 38
822 93.8
823 25.2
824 13.3
825 88.8
826 63.8
827 39.3
828 83.3
829 16.8
830 31.8
831 17.2
832 70.3
833 8.3
834 9.5
835 9.5
836 88.3
837 74.6
838 96.8
839 100
840 46.2
841 9.3
842 71.1
843 4.7
844 30.2
845 85.5
846 50.1
847 91.5
848 42.9
849 29.9
850 93.7
851 95.1
852 22.8
853 1.4
854 41.8
855 79.5
856 90.4
857 45.4
858 33
859 57.4
860 34
861 3.8
862 33.5
863 82.6
864 53.6
865 64.9
866 71.7
867 33.8
868 53.4
869 90.1
870 72.9
871 96.6
872 90.1
873 43.4
874 92.6
875 43
876 4
877 33.4
878 84.3
879 27
880 90.4
881 87.5
882 1.5
883 43
884 75.1
885 76.9
886 89.5
887 58.5
888 14.7
889 88.3
890 84
891 71.6
892 37.3
893 36.7
894 14.6
895 75.6
896 28.1
897 60.1
898 17.9
899 14.2
900 89.1
901 19.8
902 70.3
903 12.6
904 61.1
905 62.8
906 77.6
907 6.6
908 46.5
909 20.5
910 3.3
911 78.5
912 58.4
913 90
914 82.2
915 72.1
916 54.1
917 11.9
918 49.5
919 35.8
920 32.5
921 40.2
922 52.6
923 40.2
924 82.8
925 15.1
926 39.1
927 59.8
928 78.5
929 16.2
930 16.7
931 73.5
932 89.2
933 74.9
934 64.9
935 16.6
936 34
937 79.1
938 60.2
939 17.3
940 71.9
941 29.6
942 84.7
943 57.5
944 68.7
945 22.8
946 54.6
947 75.8
948 12.9
949 95.9
950 22.3
951 43.9
952 5.1
953 93.6
954 4.3
955 79.8
956 57.5
957 73.5
958 61.4
959 38.8
960 25
961 58
962 91.5
963 78.3
964 70.4
965 71.4
966 53
967 51.1
968 50.6
969 52.1
970 32.7
971 33.5
972 90.8
973 66.5
974 18
975 60.9
976 16.9
977 25.2
978 6.5
979 70.1
980 82.1
981 78.8
982 44
983 1.1
984 76.7
985 51.3
986 39.6
987 6.7
988 24.3
989 89.2
990 98.9
991 65.6
992 41
993 57.1
994 72
995 1.1
996 75.4
997 23.6
998 48
999 2.8
