1000
0 829.5
1 236.9
2 1374.7
3 391.9
4 1993.5
5 648.3
6 630.3
7 721.2
8 1774.3
9 1131.2
10 200.3
11 1689.3
12 41.7
13 1149.4
14 1262.3
15 879.1
16 461.2
17 1155.5
18 192.4
19 858.6
20 1152.4
21 1756.6
22 64.2
23 1903.6
24 1628.1
25 379.5
26 1614.6
27 1949.7
28 1508.5
29 629.3
30 271.7
31 1353.4
32 1905.7
33 922.1
34 643.2
35 1660.5
36 559.1
37 687
38 1902.4
39 1751.1
40 1928.2
41 802.9
42 98.4
43 864.9
44 358.4
45 1285.8
46 429.7
47 54.6
48 1924.7
49 1773.1
50 268.9
51 600
52 1981.7
53 371.6
54 1001.4
55 1242
56 359.9
57 1345.5
58 225.8
59 1610.2
60 1232.9
61 1442.9
62 1691.1
63 1094.5
64 1438.6
65 318.2
66 906
67 1942.5
68 754.6
69 1134
70 1218.2
71 457.9
72 324.7
73 1607.9
74 1111.1
75 716.4
76 35.9
77 1571.9
78 1533
79 794.2
80 801.3
81 1813.2
82 1478.5
83 1789.3
84 216.8
85 542.4
86 718.8
87 538.8
88 1339.3
89 537.3
90 225.9
91 122.6
92 932.5
93 1909.6
94 1106.8
95 582.4
96 325.7
97 1777.4
98 1056.5
99 407.1
100 1353
101 1735.4
102 1264.7
103 1697.7
104 1519.6
105 1401.9
106 392.6
107 930.3
108 1149.7
109 1002.3
110 155.1
111 1080.2
112 537.5
113 1789.3
114 1481.9
115 1633.5
116 551.1
117 258.9
118 1526.7
119 1808.7
120 1379.1
121 198.3
122 560.9
123 1265.4
124 1891.8
125 330.3
126 845.8
127 1931.4
128 616.6
129 1056.1
130 1920.6
131 315.1
132 1793.8
133 332.4
134 1955.6
135 1931.1
136 1707.5
137 720.1
138 112.5
139 1924.1
140 911.7
141 308.3
142 261.1
143 719.4
144 289.1
145 515.4
146 1264.1
147 147.2
148 1198.5
149 1972.1
150 1170.3
151 1691.3
152 730.1
153 684.3
154 486.2
155 1980
156 770.4
157 497.7
158 515.4
159 1064.8
160 637.8
161 628
162 1921.5
163 1682.8
164 1675.5
165 1444.8
166 713.6
167 381.3
168 1784.4
169 827.9
170 1178.3
171 1317.8
172 1199.2
173 1542.9
174 170
175 1647.2
176 1148.5
177 1486
178 1066
179 830.5
180 410.7
181 1495.1
182 1543.2
183 557.8
184 389.3
185 1011.2
186 1409
187 374.6
188 1015
189 1375.4
190 637.2
191 1313
192 1706.8
193 177.5
194 1578.1
195 84
196 1250.5
197 598.2
198 680.9
199 1152.4
200 1461.5
201 984.1
202 612.2
203 577.4
204 742.1
205 1607.1
206 491.3
207 1341.8
208 1450.9
209 1861.4
210 724.6
211 408.5
212 1465.3
213 819.1
214 1833
215 566
216 1938.8
217 1926.9
218 1686.9
219 1593.9
220 635.8
221 1845.9
222 784.5
223 374
224 1008
225 207.4
226 1502.6
227 758.6
228 29.8
229 1413.4
230 1008.5
231 1945
232 687
233 1571.3
234 755.6
235 675.6
236 163.8
237 1212.3
238 596.3
239 836.8
240 11.6
241 137.1
242 828.7
243 1714.7
244 1498.1
245 429.6
246 7.1
247 1107
248 1826.8
249 1429
250 1138.5
251 1664
252 1005
253 639.9
254 339.2
255 1309.5
256 895.7
257 228.9
258 797.9
259 1520.5
260 1397.6
261 1949.8
262 1293.5
263 806.3
264 588.5
265 405.8
266 677.3
267 155.6
268 1317.7
269 21.6
270 1276
271 1972.5
272 343.5
273 338.6
274 1848.7
275 808.3
276 496.4
277 21.5
278 42.9
279 1882.6
280 808.6
281 603.8
282 260.6
283 1864.6
284 1511.2
285 196.6
286 282.3
287 795.5
288 912.6
289 379.6
290 511
291 1407.3
292 1022.2
293 1289.1
294 1266.5
295 159.8
296 1942.7
297 1640.5
298 1544.2
299 1309
300 915.8
301 1507.5
302 613.8
303 110.2
304 737.8
305 761.5
306 1680.4
307 571.1
308 1226.9
309 1357.3
310 1780.8
311 1417.3
312 252.6
313 908.9
314 1756.3
315 610.4
316 1958.5
317 824.5
318 674.9
319 1190.8
320 757
321 744.6
322 1287.8
323 431.9
324 394.6
325 1680
326 659.2
327 1362.1
328 1174.9
329 1704.7
330 78.9
331 1444.7
332 1058.6
333 459.5
334 82.4
335 1572.9
336 1797.1
337 1447.3
338 860.2
339 222.9
340 1013.5
341 1919.5
342 1936.2
343 793.9
344 232.1
345 458.1
346 138.3
347 337.8
348 1849.6
349 1316
350 1210.2
351 1996.7
352 427.5
353 1539.3
354 1339
355 1066.4
356 1968.4
357 1206.6
358 939.6
359 327.8
360 643.5
361 383.6
362 465.7
363 1058.3
364 1508.7
365 647.2
366 1381.2
367 1601.8
368 50
369 299.7
370 1311.3
371 985.5
372 1446.3
373 109.8
374 1436.9
375 368.6
376 491.7
377 530
378 1700.4
379 1076.3
380 1789.9
381 478.5
382 28.9
383 1792.3
384 693.1
385 1035.9
386 186.5
387 923.1
388 1906.7
389 1902.2
390 359.8
391 1144.9
392 38.7
393 1958.2
394 443.5
395 1932.4
396 1955.7
397 618.5
398 621.7
399 1428.9
400 505.3
401 1276.5
402 961.9
403 209.1
404 151.5
405 1518.8
406 1088.6
407 1353.2
408 10.9
409 284.6
410 817.5
411 187.4
412 695.5
413 1969.8
414 606.1
415 922.7
416 1971.5
417 1372.2
418 1519.7
419 1608.9
420 1036.4
421 83.9
422 140.7
423 1347.4
424 1516
425 1024.6
426 564.6
427 704
428 120.5
429 354.2
430 1544.9
431 999.8
432 772.4
433 477.5
434 303.2
435 611
436 587.1
437 1793.4
438 344.2
439 1749.4
440 1551.6
441 178.7
442 385.7
443 1809.2
444 802.7
445 1558.9
446 1371.6
447 1224.9
448 428.8
449 396.1
450 283.9
451 328.9
452 949.1
453 1509.6
454 472
455 1824.7
456 1255.7
457 524
458 1425.9
459 1510.5
460 1098.5
461 597.6
462 1591.7
463 1407.9
464 1633.2
465 1180.8
466 1924.3
467 1185.4
468 28.4
469 852.5
470 1016.2
471 703.1
472 296.2
473 157.1
474 774.8
475 35.4
476 975.1
477 145.3
478 463.6
479 1473
480 1509.4
481 545.4
482 831.3
483 1030.6
484 1913
485 1950.8
486 149.9
487 688.3
488 1549.2
489 1763.3
490 1811.2
491 1821
492 1064.5
493 801.2
494 684.4
495 470.1
496 383.6
497 428.1
498 1971.7
499 1522.5
500 1136.7
501 1206.7
502 1249.6
503 1559.9
504 1139
505 1496.6
506 988
507 432.4
508 1910.4
509 1384.9
510 1268.9
511 1414.1
512 1845.7
513 1946.3
514 1790.4
515 1892.4
516 172.1
517 472.8
518 618.6
519 1958.7
520 1590.8
521 1970.6
522 759.1
523 285.9
524 1152.5
525 559.3
526 1046.6
527 1261.5
528 1539.8
529 742.7
530 1155.9
531 1251
532 834.5
533 1627.8
534 1920.6
535 362.1
536 295.9
537 410.8
538 1490.1
539 288
540 395
541 1194.1
542 131
543 458.3
544 989.5
545 145.7
546 864.3
547 1356.6
548 629.1
549 532.5
550 738.2
551 1653.6
552 1001.8
553 1546.4
554 1810.6
555 66.4
556 270.2
557 828
558 900
559 14.2
560 1106.9
561 1718.3
562 1345
563 990.6
564 1173.2
565 364.4
566 1459.9
567 1488.1
568 1478.2
569 1035.3
570 901.2
571 994.1
572 1300.1
573 511.1
574 1883.8
575 1077.7
576 86
577 597.9
578 669.6
579 1323.6
580 1022.3
581 1694.3
582 877
583 1315.8
584 524.1
585 179.2
586 828.8
587 1022.8
588 1917.6
589 199.6
590 520.9
591 494.4
592 1393.3
593 399.9
594 1899.2
595 539.6
596 1450.9
597 328.2
598 465.2
599 1828.8
600 922.9
601 1988.8
602 1452.8
603 879.8
604 775.1
605 228.2
606 844
607 909.8
608 1534.4
609 732.1
610 1798.1
611 1805.6
612 976.6
613 860
614 1347.6
615 1616.2
616 1073.6
617 440.8
618 863.1
619 1052.2
620 1836.2
621 607.4
622 254.2
623 1711
624 1390.6
625 1517.6
626 818.3
627 1566.7
628 1219.4
629 1616.7
630 1493
631 1596.2
632 3.2
633 839.9
634 1070.2
635 1524
636 1796.3
637 1112.5
638 285
639 1390.8
640 503.1
641 1634.7
642 458.3
643 617.8
644 1159.9
645 1453.5
646 566.1
647 934
648 107.6
649 1308.5
650 362.7
651 648.4
652 700.3
653 232.2
654 1921.9
655 822.5
656 1683.6
657 413.5
658 1929.7
659 1245.4
660 1419.4
661 1444.1
662 1445.2
663 1390.6
664 1499.9
665 1975.4
666 1384.8
667 1029.7
668 1537
669 882.3
670 683.4
671 1497.5
672 309.4
673 1478.3
674 981.2
675 1689.9
676 1759.8
677 1363.5
678 750.2
679 1047
680 624.6
681 287
682 1953.6
683 838.1
684 1297.6
685 1093.9
686 550.3
687 1216.8
688 285.4
689 868.5
690 1432.3
691 476.3
692 576.1
693 539.2
694 24.7
695 744.3
696 1292.5
697 74.9
698 1350.9
699 1438.1
700 445.9
701 698.9
702 1136.2
703 1230.9
704 455.2
705 1142.2
706 435.2
707 621.2
708 1126.5
709 490.5
710 1983.7
711 1085.2
712 1219.9
713 43.7
714 1384.2
715 1288.1
716 460.8
717 1842.3
718 703
719 1758.8
720 1914.4
721 1800.3
722 1298.3
723 170.7
724 714.8
725 431.2
726 1093.7
727 633.1
728 1196.3
729 1205.3
730 1091.4
731 1297.2
732 639.7
733 288.1
734 1812.5
735 1319.1
736 905.8
737 485.6
738 192.4
739 1355.4
740 8.5
741 1432.8
742 1094.7
743 1232.8
744 788.5
745 110
746 940.7
747 1051.8
748 470
749 837.8
750 643.5
751 697.4
752 1434.4
753 1830.5
754 1176.4
755 156.2
756 631.1
757 297
758 517.4
759 450.3
760 352
761 1610.8
762 403.5
763 839.6
764 1618.3
765 510.3
766 746.4
767 1852.4
768 735.1
769 1917.9
770 545.5
771 398.8
772 401.5
773 943.3
774 1317.1
775 1362.1
776 701.6
777 1485.1
778 1827.8
779 652.9
780 753.1
781 743.7
782 1529
783 1195.4
784 1986
785 273.1
786 1065.3
787 1987.1
788 1348.2
789 752.9
790 84
791 390.3
792 1046.4
793 1329
794 1344.7
795 1731.3
796 191.4
797 134.5
798 1784.8
799 1293.5
800 1121.2
801 702.8
802 1139.4
803 733.3
804 1633.8
805 1956.1
806 750.5
807 1491.5
808 1253.1
809 118.9
810 187.6
811 1382.9
812 1252.4
813 1484.4
814 1334.3
815 1310.1
816 1897.6
817 71.2
818 1272.4
819 1497.5
820 106.6
821 2.2
822 381.7
823 1160.6
824 368.3
825 654.2
826 629.3
827 1875.8
828 1433.9
829 1321.5
830 1940.7
831 1461.2
832 778.8
833 638.1
834 154.6
835 525.9
836 47.2
837 366.3
838 1305.6
839 364.7
840 1159
841 190.4
842 235.9
843 1227.7
844 1068.3
845 1026.5
846 478.2
847 1740.1
848 112
849 435.3
850 1645.8
851 226.1
852 252.9
853 147.3
854 705.5
855 360.1
856 1070.7
857 816.9
858 1518.1
859 98.1
860 962.3
861 848
862 23.8
863 1105.3
864 1083.2
865 1869
866 1885.3
867 210.7
868 41.1
869 1922.9
870 893
871 1007.8
872 1809.1
873 420.3
874 1616.5
875 100
876 961.3
877 1181.2
878 1953.5
879 1199.6
880 463.9
881 63.5
882 809.2
883 1334.8
884 51.4
885 3.6
886 30
887 807.5
888 884.3
889 471
890 1967.1
891 1335.5
892 182
893 510.6
894 1679.4
895 526.8
896 552.5
897 1071.7
898 1298.7
899 547.8
900 108.7
901 621.4
902 1075.6
903 1064.9
904 1904.1
905 1040.9
906 864.5
907 363.8
908 1515
909 1439.9
910 162.4
911 669.5
912 873.5
913 15.5
914 294
915 754.5
916 936.1
917 827.8
918 893.2
919 292.8
920 884
921 981.9
922 1176.1
923 1846.1
924 698
925 1926
926 1850.3
927 420.2
928 681.3
929 1542
930 234
931 221.3
932 11.9
933 11.8
934 332
935 1280.9
936 1827.6
937 201
938 999.1
939 149
940 1379.4
941 671.6
942 951.6
943 899.1
944 535.2
945 1150.2
946 1591.9
947 1748.5
948 134.5
949 1215.7
950 1674.7
951 1237.2
952 715.5
953 77.8
954 349.2
955 1864.2
956 1985.8
957 109.4
958 1802.8
959 767.5
960 1594.7
961 1768.3
962 738.5
963 286.6
964 839.4
965 1492.7
966 948.4
967 1171.7
968 128.3
969 808.9
970 245.4
971 377.2
972 784.3
973 479.1
974 100
975 1320.2
976 1790.1
977 1508.7
978 90.1
979 164.1
980 22.8
981 1967
982 834.9
983 1732.4
984 1949.1
985 1286.4
986 752.5
987 1677.5
988 187.9
989 1769.3
990 1263.5
991 1226.3
992 1031.6
993 1145.6
994 841.7
995 1292.8
996 1299.5
997 1082.5
998 647.9
999 1589.2
