100
0 50
1 33.6
2 35.5
3 39.3
4 24.5
5 91.2
6 35.8
7 61.8
8 88.5
9 31.6
10 19.7
11 95.4
12 66
13 20.8
14 44.1
15 11.3
16 12
17 81.6
18 94.1
19 64.4
20 29.1
21 99.4
22 59.6
23 57.9
24 94.6
25 98.6
26 44.7
27 50.9
28 74.6
29 22.2
30 90.5
31 68
32 56.4
33 81.7
34 60.4
35 26.3
36 35.6
37 74.3
38 81.8
39 78.3
40 36.6
41 64.9
42 36.1
43 30.1
44 65.1
45 4.4
46 23.7
47 59.8
48 78.3
49 89.6
50 68.1
51 64.2
52 52.5
53 57.4
54 98.8
55 91.4
56 67.7
57 40
58 77.8
59 67.7
60 85.4
61 88
62 43.8
63 38.5
64 7.1
65 46.6
66 56.6
67 79.6
68 69.8
69 5.9
70 47.7
71 4.6
72 78.4
73 92.3
74 1.4
75 26.3
76 78.4
77 41.6
78 79.6
79 70.3
80 66.7
81 84.4
82 28.9
83 30.4
84 6.2
85 1.4
86 80.4
87 6.4
88 74.2
89 13.6
90 82.7
91 22
92 4.6
93 66.9
94 78.2
95 71.3
96 21.5
97 17.4
98 82.7
99 75.6
