100
0 214.2
1 818.4
2 373.9
3 978.7
4 669.9
5 96.2
6 952.4
7 226.1
8 644.4
9 471.7
10 289.5
11 1069.9
12 481.4
13 1154.3
14 1161.3
15 1415
16 1665.2
17 1500.5
18 1445.8
19 225.6
20 1266.1
21 297.6
22 418.4
23 1793.1
24 675.6
25 65.1
26 591.4
27 387.8
28 341.9
29 1401.1
30 501.9
31 1073.2
32 15.5
33 977.1
34 287.7
35 538.1
36 1504.6
37 147.6
38 339.9
39 1637.8
40 1513.4
41 791.3
42 833.6
43 363.5
44 1435.9
45 1576
46 432.7
47 454.4
48 649
49 1399.3
50 1840.9
51 1566
52 1123.1
53 114.5
54 1951.9
55 1816.4
56 524.4
57 1279.2
58 1547
59 620.1
60 615.5
61 359.3
62 30.1
63 444.9
64 420.2
65 1033.1
66 1851.8
67 674.5
68 1112.5
69 129.2
70 436.5
71 1361.1
72 295.5
73 1466.9
74 1517.6
75 1736.5
76 155.2
77 896.1
78 159.9
79 1719.1
80 1290.9
81 147.3
82 636.9
83 768.4
84 1606.6
85 172.3
86 440
87 912.7
88 1521.3
89 1932.7
90 924.6
91 1540.5
92 79.6
93 1698
94 1969.3
95 199
96 316
97 611.7
98 750.9
99 295.9
