500
0 50.8
1 48.1
2 4.2
3 13.9
4 35.2
5 22.1
6 13.5
7 85.1
8 68.5
9 55.4
10 42.8
11 68.3
12 53.8
13 49.4
14 28
15 36.3
16 16.4
17 92.7
18 41.3
19 23.7
20 30.7
21 14
22 81.1
23 38.5
24 30.5
25 24.5
26 24.4
27 8.2
28 66.6
29 56.3
30 81.5
31 7.7
32 7.7
33 96.6
34 91.3
35 18.3
36 17.8
37 22.3
38 36.2
39 14
40 41
41 6.7
42 80.4
43 51.2
44 4.4
45 55.4
46 50.1
47 79.9
48 96.9
49 30.8
50 84
51 72.9
52 52.3
53 4.5
54 43.9
55 32.3
56 29.8
57 4.7
58 33.7
59 99
60 30.7
61 66.7
62 84
63 45.8
64 8.8
65 34.6
66 99.4
67 92.5
68 41.3
69 19.5
70 51.9
71 40.8
72 66.1
73 6.6
74 67.3
75 42.1
76 18.1
77 25.2
78 5.3
79 35.2
80 56.6
81 36.1
82 30.5
83 85.8
84 39
85 12.5
86 99.8
87 28.3
88 84
89 63.5
90 69.1
91 92.8
92 81.6
93 24.6
94 50.6
95 41.1
96 98.7
97 97.9
98 59.2
99 11.1
100 50.1
101 17.1
102 45.5
103 90.4
104 41.5
105 99
106 84.1
107 61
108 66.5
109 64.3
110 6.5
111 85.5
112 93.9
113 51.5
114 45
115 12.4
116 99.3
117 23.2
118 43
119 74.1
120 79.9
121 93.5
122 39.3
123 94
124 93.1
125 99.8
126 96.3
127 36.9
128 22.8
129 10
130 92.5
131 9.2
132 15.3
133 49.4
134 84.4
135 74.2
136 36.7
137 97.8
138 53.2
139 50.9
140 29.1
141 37.1
142 6.1
143 80.1
144 15.5
145 58.4
146 27.9
147 25.2
148 5.8
149 41.5
150 46.4
151 7.1
152 24.2
153 68.2
154 51
155 93
156 15.8
157 11.7
158 99.4
159 97.4
160 6.2
161 5.2
162 78
163 95.7
164 81.9
165 63.6
166 53.8
167 37.9
168 11
169 86
170 28.9
171 1.5
172 76.4
173 78.9
174 77.4
175 67.3
176 54.8
177 13.4
178 15.4
179 84.3
180 7.7
181 46.4
182 52.3
183 97.5
184 49.6
185 4.9
186 24.8
187 54.1
188 18
189 46.2
190 98.3
191 68.9
192 87.7
193 62.3
194 97.6
195 41
196 51.2
197 10.7
198 6
199 23.1
200 47
201 72.2
202 21.8
203 46.2
204 80.4
205 15.5
206 71.4
207 79
208 74.9
209 77
210 36.2
211 82.3
212 6.9
213 14.1
214 58.8
215 15.9
216 78.8
217 86.1
218 41.8
219 44.1
220 87.2
221 79.9
222 55.9
223 92.7
224 46
225 89.8
226 98.8
227 98.5
228 61.2
229 12.7
230 77.2
231 86.1
232 13.3
233 93.8
234 45.3
235 45.1
236 44.2
237 40.6
238 71.6
239 8.6
240 69.6
241 65.4
242 88
243 92.7
244 78.5
245 7.1
246 21.6
247 88.7
248 41.8
249 41.1
250 9.7
251 94.4
252 76.8
253 18.9
254 42.5
255 91.9
256 60.3
257 41.4
258 26.3
259 28.4
260 91
261 88.2
262 69.2
263 3
264 17.2
265 3.6
266 10.5
267 39.7
268 21.8
269 99.6
270 6.8
271 3.3
272 72.4
273 4.2
274 20.8
275 87
276 29.8
277 97
278 9.3
279 62.1
280 60.6
281 94
282 71.1
283 60.4
284 51.1
285 74.3
286 42.7
287 29
288 36.4
289 60.7
290 31.5
291 79.9
292 63.4
293 48.4
294 67.5
295 4.6
296 49.9
297 74.1
298 88.8
299 8.8
300 62.8
301 71.9
302 39.8
303 51.7
304 88.4
305 45.6
306 89.1
307 80.3
308 53.8
309 80.8
310 20.4
311 99.1
312 54.7
313 12.1
314 29.8
315 68.4
316 98.3
317 54.8
318 40.1
319 52
320 69.3
321 10
322 45.8
323 52.9
324 35.1
325 88.7
326 22.7
327 58.2
328 64.8
329 5.4
330 96.6
331 67.5
332 51.2
333 17.9
334 53.1
335 64.3
336 94.1
337 60.7
338 64.9
339 32.3
340 86.8
341 13.1
342 66.1
343 32
344 79.2
345 82.1
346 39.1
347 34.9
348 60.3
349 75.6
350 38.4
351 43.5
352 41.7
353 22
354 78.2
355 84.4
356 83.5
357 16.5
358 42.5
359 46.4
360 84.1
361 95.8
362 91.4
363 9.3
364 21
365 74
366 87.5
367 53
368 7.2
369 38.3
370 69.7
371 41
372 92.3
373 80.2
374 88.4
375 89.9
376 9.9
377 4.7
378 58.5
379 66.3
380 8
381 31.7
382 71
383 84.1
384 31
385 74.9
386 19.5
387 44.1
388 69.9
389 84.7
390 53.4
391 25.9
392 69.1
393 25.8
394 79.4
395 85.3
396 81
397 98.5
398 6.7
399 1.4
400 9.1
401 74.8
402 52.3
403 74.3
404 54.3
405 15.8
406 91.5
407 25.7
408 77.7
409 78.4
410 21.6
411 38.7
412 61.7
413 35.6
414 34.4
415 75.5
416 32.6
417 58.7
418 53.9
419 36.1
420 65.7
421 17.5
422 66.3
423 14.7
424 58.8
425 23.3
426 71.9
427 10.7
428 94.7
429 36.3
430 22.2
431 48.1
432 28.9
433 53.6
434 92.3
435 39.7
436 27.3
437 99.9
438 85.8
439 4.2
440 25.2
441 27.4
442 80.5
443 55.8
444 86.3
445 19.7
446 90.3
447 46.7
448 76.9
449 44.2
450 14.9
451 9
452 48.6
453 100
454 81.5
455 84.6
456 68.1
457 17.6
458 68.6
459 52.5
460 59
461 36.3
462 9.5
463 63.5
464 28.4
465 70.2
466 31.4
467 64
468 93.4
469 95.5
470 39.7
471 33.8
472 73.7
473 36.8
474 52.1
475 40.6
476 93.5
477 92
478 56.6
479 51.7
480 56.1
481 71.4
482 76.7
483 17.6
484 44.3
485 58.6
486 34.5
487 19.8
488 31.8
489 32.6
490 15.9
491 98
492 18.3
493 12.7
494 87.8
495 24.4
496 98.4
497 4.4
498 10.8
499 82.6
