1000 4
0 0 0 2.8
0 500 1400 1.2
0 1000 2000 1.6
0 1500 2800 1.3
1 0 0 2.8
1 500 1400 1.2
1 1000 2000 1.6
1 1500 2800 1.3
2 0 0 2.8
2 500 1400 1.2
2 1000 2000 1.6
2 1500 2800 1.3
3 0 0 2.8
3 500 1400 1.2
3 1000 2000 1.6
3 1500 2800 1.3
4 0 0 2.8
4 500 1400 1.2
4 1000 2000 1.6
4 1500 2800 1.3
5 0 0 2.8
5 500 1400 1.2
5 1000 2000 1.6
5 1500 2800 1.3
6 0 0 2.8
6 500 1400 1.2
6 1000 2000 1.6
6 1500 2800 1.3
7 0 0 2.8
7 500 1400 1.2
7 1000 2000 1.6
7 1500 2800 1.3
8 0 0 2.8
8 500 1400 1.2
8 1000 2000 1.6
8 1500 2800 1.3
9 0 0 2.8
9 500 1400 1.2
9 1000 2000 1.6
9 1500 2800 1.3
10 0 0 2.8
10 500 1400 1.2
10 1000 2000 1.6
10 1500 2800 1.3
11 0 0 2.8
11 500 1400 1.2
11 1000 2000 1.6
11 1500 2800 1.3
12 0 0 2.8
12 500 1400 1.2
12 1000 2000 1.6
12 1500 2800 1.3
13 0 0 2.8
13 500 1400 1.2
13 1000 2000 1.6
13 1500 2800 1.3
14 0 0 2.8
14 500 1400 1.2
14 1000 2000 1.6
14 1500 2800 1.3
15 0 0 2.8
15 500 1400 1.2
15 1000 2000 1.6
15 1500 2800 1.3
16 0 0 2.8
16 500 1400 1.2
16 1000 2000 1.6
16 1500 2800 1.3
17 0 0 2.8
17 500 1400 1.2
17 1000 2000 1.6
17 1500 2800 1.3
18 0 0 2.8
18 500 1400 1.2
18 1000 2000 1.6
18 1500 2800 1.3
19 0 0 2.8
19 500 1400 1.2
19 1000 2000 1.6
19 1500 2800 1.3
20 0 0 2.8
20 500 1400 1.2
20 1000 2000 1.6
20 1500 2800 1.3
21 0 0 2.8
21 500 1400 1.2
21 1000 2000 1.6
21 1500 2800 1.3
22 0 0 2.8
22 500 1400 1.2
22 1000 2000 1.6
22 1500 2800 1.3
23 0 0 2.8
23 500 1400 1.2
23 1000 2000 1.6
23 1500 2800 1.3
24 0 0 2.8
24 500 1400 1.2
24 1000 2000 1.6
24 1500 2800 1.3
25 0 0 2.8
25 500 1400 1.2
25 1000 2000 1.6
25 1500 2800 1.3
26 0 0 2.8
26 500 1400 1.2
26 1000 2000 1.6
26 1500 2800 1.3
27 0 0 2.8
27 500 1400 1.2
27 1000 2000 1.6
27 1500 2800 1.3
28 0 0 2.8
28 500 1400 1.2
28 1000 2000 1.6
28 1500 2800 1.3
29 0 0 2.8
29 500 1400 1.2
29 1000 2000 1.6
29 1500 2800 1.3
30 0 0 2.8
30 500 1400 1.2
30 1000 2000 1.6
30 1500 2800 1.3
31 0 0 2.8
31 500 1400 1.2
31 1000 2000 1.6
31 1500 2800 1.3
32 0 0 2.8
32 500 1400 1.2
32 1000 2000 1.6
32 1500 2800 1.3
33 0 0 2.8
33 500 1400 1.2
33 1000 2000 1.6
33 1500 2800 1.3
34 0 0 2.8
34 500 1400 1.2
34 1000 2000 1.6
34 1500 2800 1.3
35 0 0 2.8
35 500 1400 1.2
35 1000 2000 1.6
35 1500 2800 1.3
36 0 0 2.8
36 500 1400 1.2
36 1000 2000 1.6
36 1500 2800 1.3
37 0 0 2.8
37 500 1400 1.2
37 1000 2000 1.6
37 1500 2800 1.3
38 0 0 2.8
38 500 1400 1.2
38 1000 2000 1.6
38 1500 2800 1.3
39 0 0 2.8
39 500 1400 1.2
39 1000 2000 1.6
39 1500 2800 1.3
40 0 0 2.8
40 500 1400 1.2
40 1000 2000 1.6
40 1500 2800 1.3
41 0 0 2.8
41 500 1400 1.2
41 1000 2000 1.6
41 1500 2800 1.3
42 0 0 2.8
42 500 1400 1.2
42 1000 2000 1.6
42 1500 2800 1.3
43 0 0 2.8
43 500 1400 1.2
43 1000 2000 1.6
43 1500 2800 1.3
44 0 0 2.8
44 500 1400 1.2
44 1000 2000 1.6
44 1500 2800 1.3
45 0 0 2.8
45 500 1400 1.2
45 1000 2000 1.6
45 1500 2800 1.3
46 0 0 2.8
46 500 1400 1.2
46 1000 2000 1.6
46 1500 2800 1.3
47 0 0 2.8
47 500 1400 1.2
47 1000 2000 1.6
47 1500 2800 1.3
48 0 0 2.8
48 500 1400 1.2
48 1000 2000 1.6
48 1500 2800 1.3
49 0 0 2.8
49 500 1400 1.2
49 1000 2000 1.6
49 1500 2800 1.3
50 0 0 2.8
50 500 1400 1.2
50 1000 2000 1.6
50 1500 2800 1.3
51 0 0 2.8
51 500 1400 1.2
51 1000 2000 1.6
51 1500 2800 1.3
52 0 0 2.8
52 500 1400 1.2
52 1000 2000 1.6
52 1500 2800 1.3
53 0 0 2.8
53 500 1400 1.2
53 1000 2000 1.6
53 1500 2800 1.3
54 0 0 2.8
54 500 1400 1.2
54 1000 2000 1.6
54 1500 2800 1.3
55 0 0 2.8
55 500 1400 1.2
55 1000 2000 1.6
55 1500 2800 1.3
56 0 0 2.8
56 500 1400 1.2
56 1000 2000 1.6
56 1500 2800 1.3
57 0 0 2.8
57 500 1400 1.2
57 1000 2000 1.6
57 1500 2800 1.3
58 0 0 2.8
58 500 1400 1.2
58 1000 2000 1.6
58 1500 2800 1.3
59 0 0 2.8
59 500 1400 1.2
59 1000 2000 1.6
59 1500 2800 1.3
60 0 0 2.8
60 500 1400 1.2
60 1000 2000 1.6
60 1500 2800 1.3
61 0 0 2.8
61 500 1400 1.2
61 1000 2000 1.6
61 1500 2800 1.3
62 0 0 2.8
62 500 1400 1.2
62 1000 2000 1.6
62 1500 2800 1.3
63 0 0 2.8
63 500 1400 1.2
63 1000 2000 1.6
63 1500 2800 1.3
64 0 0 2.8
64 500 1400 1.2
64 1000 2000 1.6
64 1500 2800 1.3
65 0 0 2.8
65 500 1400 1.2
65 1000 2000 1.6
65 1500 2800 1.3
66 0 0 2.8
66 500 1400 1.2
66 1000 2000 1.6
66 1500 2800 1.3
67 0 0 2.8
67 500 1400 1.2
67 1000 2000 1.6
67 1500 2800 1.3
68 0 0 2.8
68 500 1400 1.2
68 1000 2000 1.6
68 1500 2800 1.3
69 0 0 2.8
69 500 1400 1.2
69 1000 2000 1.6
69 1500 2800 1.3
70 0 0 2.8
70 500 1400 1.2
70 1000 2000 1.6
70 1500 2800 1.3
71 0 0 2.8
71 500 1400 1.2
71 1000 2000 1.6
71 1500 2800 1.3
72 0 0 2.8
72 500 1400 1.2
72 1000 2000 1.6
72 1500 2800 1.3
73 0 0 2.8
73 500 1400 1.2
73 1000 2000 1.6
73 1500 2800 1.3
74 0 0 2.8
74 500 1400 1.2
74 1000 2000 1.6
74 1500 2800 1.3
75 0 0 2.8
75 500 1400 1.2
75 1000 2000 1.6
75 1500 2800 1.3
76 0 0 2.8
76 500 1400 1.2
76 1000 2000 1.6
76 1500 2800 1.3
77 0 0 2.8
77 500 1400 1.2
77 1000 2000 1.6
77 1500 2800 1.3
78 0 0 2.8
78 500 1400 1.2
78 1000 2000 1.6
78 1500 2800 1.3
79 0 0 2.8
79 500 1400 1.2
79 1000 2000 1.6
79 1500 2800 1.3
80 0 0 2.8
80 500 1400 1.2
80 1000 2000 1.6
80 1500 2800 1.3
81 0 0 2.8
81 500 1400 1.2
81 1000 2000 1.6
81 1500 2800 1.3
82 0 0 2.8
82 500 1400 1.2
82 1000 2000 1.6
82 1500 2800 1.3
83 0 0 2.8
83 500 1400 1.2
83 1000 2000 1.6
83 1500 2800 1.3
84 0 0 2.8
84 500 1400 1.2
84 1000 2000 1.6
84 1500 2800 1.3
85 0 0 2.8
85 500 1400 1.2
85 1000 2000 1.6
85 1500 2800 1.3
86 0 0 2.8
86 500 1400 1.2
86 1000 2000 1.6
86 1500 2800 1.3
87 0 0 2.8
87 500 1400 1.2
87 1000 2000 1.6
87 1500 2800 1.3
88 0 0 2.8
88 500 1400 1.2
88 1000 2000 1.6
88 1500 2800 1.3
89 0 0 2.8
89 500 1400 1.2
89 1000 2000 1.6
89 1500 2800 1.3
90 0 0 2.8
90 500 1400 1.2
90 1000 2000 1.6
90 1500 2800 1.3
91 0 0 2.8
91 500 1400 1.2
91 1000 2000 1.6
91 1500 2800 1.3
92 0 0 2.8
92 500 1400 1.2
92 1000 2000 1.6
92 1500 2800 1.3
93 0 0 2.8
93 500 1400 1.2
93 1000 2000 1.6
93 1500 2800 1.3
94 0 0 2.8
94 500 1400 1.2
94 1000 2000 1.6
94 1500 2800 1.3
95 0 0 2.8
95 500 1400 1.2
95 1000 2000 1.6
95 1500 2800 1.3
96 0 0 2.8
96 500 1400 1.2
96 1000 2000 1.6
96 1500 2800 1.3
97 0 0 2.8
97 500 1400 1.2
97 1000 2000 1.6
97 1500 2800 1.3
98 0 0 2.8
98 500 1400 1.2
98 1000 2000 1.6
98 1500 2800 1.3
99 0 0 2.8
99 500 1400 1.2
99 1000 2000 1.6
99 1500 2800 1.3
100 0 0 2.8
100 500 1400 1.2
100 1000 2000 1.6
100 1500 2800 1.3
101 0 0 2.8
101 500 1400 1.2
101 1000 2000 1.6
101 1500 2800 1.3
102 0 0 2.8
102 500 1400 1.2
102 1000 2000 1.6
102 1500 2800 1.3
103 0 0 2.8
103 500 1400 1.2
103 1000 2000 1.6
103 1500 2800 1.3
104 0 0 2.8
104 500 1400 1.2
104 1000 2000 1.6
104 1500 2800 1.3
105 0 0 2.8
105 500 1400 1.2
105 1000 2000 1.6
105 1500 2800 1.3
106 0 0 2.8
106 500 1400 1.2
106 1000 2000 1.6
106 1500 2800 1.3
107 0 0 2.8
107 500 1400 1.2
107 1000 2000 1.6
107 1500 2800 1.3
108 0 0 2.8
108 500 1400 1.2
108 1000 2000 1.6
108 1500 2800 1.3
109 0 0 2.8
109 500 1400 1.2
109 1000 2000 1.6
109 1500 2800 1.3
110 0 0 2.8
110 500 1400 1.2
110 1000 2000 1.6
110 1500 2800 1.3
111 0 0 2.8
111 500 1400 1.2
111 1000 2000 1.6
111 1500 2800 1.3
112 0 0 2.8
112 500 1400 1.2
112 1000 2000 1.6
112 1500 2800 1.3
113 0 0 2.8
113 500 1400 1.2
113 1000 2000 1.6
113 1500 2800 1.3
114 0 0 2.8
114 500 1400 1.2
114 1000 2000 1.6
114 1500 2800 1.3
115 0 0 2.8
115 500 1400 1.2
115 1000 2000 1.6
115 1500 2800 1.3
116 0 0 2.8
116 500 1400 1.2
116 1000 2000 1.6
116 1500 2800 1.3
117 0 0 2.8
117 500 1400 1.2
117 1000 2000 1.6
117 1500 2800 1.3
118 0 0 2.8
118 500 1400 1.2
118 1000 2000 1.6
118 1500 2800 1.3
119 0 0 2.8
119 500 1400 1.2
119 1000 2000 1.6
119 1500 2800 1.3
120 0 0 2.8
120 500 1400 1.2
120 1000 2000 1.6
120 1500 2800 1.3
121 0 0 2.8
121 500 1400 1.2
121 1000 2000 1.6
121 1500 2800 1.3
122 0 0 2.8
122 500 1400 1.2
122 1000 2000 1.6
122 1500 2800 1.3
123 0 0 2.8
123 500 1400 1.2
123 1000 2000 1.6
123 1500 2800 1.3
124 0 0 2.8
124 500 1400 1.2
124 1000 2000 1.6
124 1500 2800 1.3
125 0 0 2.8
125 500 1400 1.2
125 1000 2000 1.6
125 1500 2800 1.3
126 0 0 2.8
126 500 1400 1.2
126 1000 2000 1.6
126 1500 2800 1.3
127 0 0 2.8
127 500 1400 1.2
127 1000 2000 1.6
127 1500 2800 1.3
128 0 0 2.8
128 500 1400 1.2
128 1000 2000 1.6
128 1500 2800 1.3
129 0 0 2.8
129 500 1400 1.2
129 1000 2000 1.6
129 1500 2800 1.3
130 0 0 2.8
130 500 1400 1.2
130 1000 2000 1.6
130 1500 2800 1.3
131 0 0 2.8
131 500 1400 1.2
131 1000 2000 1.6
131 1500 2800 1.3
132 0 0 2.8
132 500 1400 1.2
132 1000 2000 1.6
132 1500 2800 1.3
133 0 0 2.8
133 500 1400 1.2
133 1000 2000 1.6
133 1500 2800 1.3
134 0 0 2.8
134 500 1400 1.2
134 1000 2000 1.6
134 1500 2800 1.3
135 0 0 2.8
135 500 1400 1.2
135 1000 2000 1.6
135 1500 2800 1.3
136 0 0 2.8
136 500 1400 1.2
136 1000 2000 1.6
136 1500 2800 1.3
137 0 0 2.8
137 500 1400 1.2
137 1000 2000 1.6
137 1500 2800 1.3
138 0 0 2.8
138 500 1400 1.2
138 1000 2000 1.6
138 1500 2800 1.3
139 0 0 2.8
139 500 1400 1.2
139 1000 2000 1.6
139 1500 2800 1.3
140 0 0 2.8
140 500 1400 1.2
140 1000 2000 1.6
140 1500 2800 1.3
141 0 0 2.8
141 500 1400 1.2
141 1000 2000 1.6
141 1500 2800 1.3
142 0 0 2.8
142 500 1400 1.2
142 1000 2000 1.6
142 1500 2800 1.3
143 0 0 2.8
143 500 1400 1.2
143 1000 2000 1.6
143 1500 2800 1.3
144 0 0 2.8
144 500 1400 1.2
144 1000 2000 1.6
144 1500 2800 1.3
145 0 0 2.8
145 500 1400 1.2
145 1000 2000 1.6
145 1500 2800 1.3
146 0 0 2.8
146 500 1400 1.2
146 1000 2000 1.6
146 1500 2800 1.3
147 0 0 2.8
147 500 1400 1.2
147 1000 2000 1.6
147 1500 2800 1.3
148 0 0 2.8
148 500 1400 1.2
148 1000 2000 1.6
148 1500 2800 1.3
149 0 0 2.8
149 500 1400 1.2
149 1000 2000 1.6
149 1500 2800 1.3
150 0 0 2.8
150 500 1400 1.2
150 1000 2000 1.6
150 1500 2800 1.3
151 0 0 2.8
151 500 1400 1.2
151 1000 2000 1.6
151 1500 2800 1.3
152 0 0 2.8
152 500 1400 1.2
152 1000 2000 1.6
152 1500 2800 1.3
153 0 0 2.8
153 500 1400 1.2
153 1000 2000 1.6
153 1500 2800 1.3
154 0 0 2.8
154 500 1400 1.2
154 1000 2000 1.6
154 1500 2800 1.3
155 0 0 2.8
155 500 1400 1.2
155 1000 2000 1.6
155 1500 2800 1.3
156 0 0 2.8
156 500 1400 1.2
156 1000 2000 1.6
156 1500 2800 1.3
157 0 0 2.8
157 500 1400 1.2
157 1000 2000 1.6
157 1500 2800 1.3
158 0 0 2.8
158 500 1400 1.2
158 1000 2000 1.6
158 1500 2800 1.3
159 0 0 2.8
159 500 1400 1.2
159 1000 2000 1.6
159 1500 2800 1.3
160 0 0 2.8
160 500 1400 1.2
160 1000 2000 1.6
160 1500 2800 1.3
161 0 0 2.8
161 500 1400 1.2
161 1000 2000 1.6
161 1500 2800 1.3
162 0 0 2.8
162 500 1400 1.2
162 1000 2000 1.6
162 1500 2800 1.3
163 0 0 2.8
163 500 1400 1.2
163 1000 2000 1.6
163 1500 2800 1.3
164 0 0 2.8
164 500 1400 1.2
164 1000 2000 1.6
164 1500 2800 1.3
165 0 0 2.8
165 500 1400 1.2
165 1000 2000 1.6
165 1500 2800 1.3
166 0 0 2.8
166 500 1400 1.2
166 1000 2000 1.6
166 1500 2800 1.3
167 0 0 2.8
167 500 1400 1.2
167 1000 2000 1.6
167 1500 2800 1.3
168 0 0 2.8
168 500 1400 1.2
168 1000 2000 1.6
168 1500 2800 1.3
169 0 0 2.8
169 500 1400 1.2
169 1000 2000 1.6
169 1500 2800 1.3
170 0 0 2.8
170 500 1400 1.2
170 1000 2000 1.6
170 1500 2800 1.3
171 0 0 2.8
171 500 1400 1.2
171 1000 2000 1.6
171 1500 2800 1.3
172 0 0 2.8
172 500 1400 1.2
172 1000 2000 1.6
172 1500 2800 1.3
173 0 0 2.8
173 500 1400 1.2
173 1000 2000 1.6
173 1500 2800 1.3
174 0 0 2.8
174 500 1400 1.2
174 1000 2000 1.6
174 1500 2800 1.3
175 0 0 2.8
175 500 1400 1.2
175 1000 2000 1.6
175 1500 2800 1.3
176 0 0 2.8
176 500 1400 1.2
176 1000 2000 1.6
176 1500 2800 1.3
177 0 0 2.8
177 500 1400 1.2
177 1000 2000 1.6
177 1500 2800 1.3
178 0 0 2.8
178 500 1400 1.2
178 1000 2000 1.6
178 1500 2800 1.3
179 0 0 2.8
179 500 1400 1.2
179 1000 2000 1.6
179 1500 2800 1.3
180 0 0 2.8
180 500 1400 1.2
180 1000 2000 1.6
180 1500 2800 1.3
181 0 0 2.8
181 500 1400 1.2
181 1000 2000 1.6
181 1500 2800 1.3
182 0 0 2.8
182 500 1400 1.2
182 1000 2000 1.6
182 1500 2800 1.3
183 0 0 2.8
183 500 1400 1.2
183 1000 2000 1.6
183 1500 2800 1.3
184 0 0 2.8
184 500 1400 1.2
184 1000 2000 1.6
184 1500 2800 1.3
185 0 0 2.8
185 500 1400 1.2
185 1000 2000 1.6
185 1500 2800 1.3
186 0 0 2.8
186 500 1400 1.2
186 1000 2000 1.6
186 1500 2800 1.3
187 0 0 2.8
187 500 1400 1.2
187 1000 2000 1.6
187 1500 2800 1.3
188 0 0 2.8
188 500 1400 1.2
188 1000 2000 1.6
188 1500 2800 1.3
189 0 0 2.8
189 500 1400 1.2
189 1000 2000 1.6
189 1500 2800 1.3
190 0 0 2.8
190 500 1400 1.2
190 1000 2000 1.6
190 1500 2800 1.3
191 0 0 2.8
191 500 1400 1.2
191 1000 2000 1.6
191 1500 2800 1.3
192 0 0 2.8
192 500 1400 1.2
192 1000 2000 1.6
192 1500 2800 1.3
193 0 0 2.8
193 500 1400 1.2
193 1000 2000 1.6
193 1500 2800 1.3
194 0 0 2.8
194 500 1400 1.2
194 1000 2000 1.6
194 1500 2800 1.3
195 0 0 2.8
195 500 1400 1.2
195 1000 2000 1.6
195 1500 2800 1.3
196 0 0 2.8
196 500 1400 1.2
196 1000 2000 1.6
196 1500 2800 1.3
197 0 0 2.8
197 500 1400 1.2
197 1000 2000 1.6
197 1500 2800 1.3
198 0 0 2.8
198 500 1400 1.2
198 1000 2000 1.6
198 1500 2800 1.3
199 0 0 2.8
199 500 1400 1.2
199 1000 2000 1.6
199 1500 2800 1.3
200 0 0 2.8
200 500 1400 1.2
200 1000 2000 1.6
200 1500 2800 1.3
201 0 0 2.8
201 500 1400 1.2
201 1000 2000 1.6
201 1500 2800 1.3
202 0 0 2.8
202 500 1400 1.2
202 1000 2000 1.6
202 1500 2800 1.3
203 0 0 2.8
203 500 1400 1.2
203 1000 2000 1.6
203 1500 2800 1.3
204 0 0 2.8
204 500 1400 1.2
204 1000 2000 1.6
204 1500 2800 1.3
205 0 0 2.8
205 500 1400 1.2
205 1000 2000 1.6
205 1500 2800 1.3
206 0 0 2.8
206 500 1400 1.2
206 1000 2000 1.6
206 1500 2800 1.3
207 0 0 2.8
207 500 1400 1.2
207 1000 2000 1.6
207 1500 2800 1.3
208 0 0 2.8
208 500 1400 1.2
208 1000 2000 1.6
208 1500 2800 1.3
209 0 0 2.8
209 500 1400 1.2
209 1000 2000 1.6
209 1500 2800 1.3
210 0 0 2.8
210 500 1400 1.2
210 1000 2000 1.6
210 1500 2800 1.3
211 0 0 2.8
211 500 1400 1.2
211 1000 2000 1.6
211 1500 2800 1.3
212 0 0 2.8
212 500 1400 1.2
212 1000 2000 1.6
212 1500 2800 1.3
213 0 0 2.8
213 500 1400 1.2
213 1000 2000 1.6
213 1500 2800 1.3
214 0 0 2.8
214 500 1400 1.2
214 1000 2000 1.6
214 1500 2800 1.3
215 0 0 2.8
215 500 1400 1.2
215 1000 2000 1.6
215 1500 2800 1.3
216 0 0 2.8
216 500 1400 1.2
216 1000 2000 1.6
216 1500 2800 1.3
217 0 0 2.8
217 500 1400 1.2
217 1000 2000 1.6
217 1500 2800 1.3
218 0 0 2.8
218 500 1400 1.2
218 1000 2000 1.6
218 1500 2800 1.3
219 0 0 2.8
219 500 1400 1.2
219 1000 2000 1.6
219 1500 2800 1.3
220 0 0 2.8
220 500 1400 1.2
220 1000 2000 1.6
220 1500 2800 1.3
221 0 0 2.8
221 500 1400 1.2
221 1000 2000 1.6
221 1500 2800 1.3
222 0 0 2.8
222 500 1400 1.2
222 1000 2000 1.6
222 1500 2800 1.3
223 0 0 2.8
223 500 1400 1.2
223 1000 2000 1.6
223 1500 2800 1.3
224 0 0 2.8
224 500 1400 1.2
224 1000 2000 1.6
224 1500 2800 1.3
225 0 0 2.8
225 500 1400 1.2
225 1000 2000 1.6
225 1500 2800 1.3
226 0 0 2.8
226 500 1400 1.2
226 1000 2000 1.6
226 1500 2800 1.3
227 0 0 2.8
227 500 1400 1.2
227 1000 2000 1.6
227 1500 2800 1.3
228 0 0 2.8
228 500 1400 1.2
228 1000 2000 1.6
228 1500 2800 1.3
229 0 0 2.8
229 500 1400 1.2
229 1000 2000 1.6
229 1500 2800 1.3
230 0 0 2.8
230 500 1400 1.2
230 1000 2000 1.6
230 1500 2800 1.3
231 0 0 2.8
231 500 1400 1.2
231 1000 2000 1.6
231 1500 2800 1.3
232 0 0 2.8
232 500 1400 1.2
232 1000 2000 1.6
232 1500 2800 1.3
233 0 0 2.8
233 500 1400 1.2
233 1000 2000 1.6
233 1500 2800 1.3
234 0 0 2.8
234 500 1400 1.2
234 1000 2000 1.6
234 1500 2800 1.3
235 0 0 2.8
235 500 1400 1.2
235 1000 2000 1.6
235 1500 2800 1.3
236 0 0 2.8
236 500 1400 1.2
236 1000 2000 1.6
236 1500 2800 1.3
237 0 0 2.8
237 500 1400 1.2
237 1000 2000 1.6
237 1500 2800 1.3
238 0 0 2.8
238 500 1400 1.2
238 1000 2000 1.6
238 1500 2800 1.3
239 0 0 2.8
239 500 1400 1.2
239 1000 2000 1.6
239 1500 2800 1.3
240 0 0 2.8
240 500 1400 1.2
240 1000 2000 1.6
240 1500 2800 1.3
241 0 0 2.8
241 500 1400 1.2
241 1000 2000 1.6
241 1500 2800 1.3
242 0 0 2.8
242 500 1400 1.2
242 1000 2000 1.6
242 1500 2800 1.3
243 0 0 2.8
243 500 1400 1.2
243 1000 2000 1.6
243 1500 2800 1.3
244 0 0 2.8
244 500 1400 1.2
244 1000 2000 1.6
244 1500 2800 1.3
245 0 0 2.8
245 500 1400 1.2
245 1000 2000 1.6
245 1500 2800 1.3
246 0 0 2.8
246 500 1400 1.2
246 1000 2000 1.6
246 1500 2800 1.3
247 0 0 2.8
247 500 1400 1.2
247 1000 2000 1.6
247 1500 2800 1.3
248 0 0 2.8
248 500 1400 1.2
248 1000 2000 1.6
248 1500 2800 1.3
249 0 0 2.8
249 500 1400 1.2
249 1000 2000 1.6
249 1500 2800 1.3
250 0 0 2.8
250 500 1400 1.2
250 1000 2000 1.6
250 1500 2800 1.3
251 0 0 2.8
251 500 1400 1.2
251 1000 2000 1.6
251 1500 2800 1.3
252 0 0 2.8
252 500 1400 1.2
252 1000 2000 1.6
252 1500 2800 1.3
253 0 0 2.8
253 500 1400 1.2
253 1000 2000 1.6
253 1500 2800 1.3
254 0 0 2.8
254 500 1400 1.2
254 1000 2000 1.6
254 1500 2800 1.3
255 0 0 2.8
255 500 1400 1.2
255 1000 2000 1.6
255 1500 2800 1.3
256 0 0 2.8
256 500 1400 1.2
256 1000 2000 1.6
256 1500 2800 1.3
257 0 0 2.8
257 500 1400 1.2
257 1000 2000 1.6
257 1500 2800 1.3
258 0 0 2.8
258 500 1400 1.2
258 1000 2000 1.6
258 1500 2800 1.3
259 0 0 2.8
259 500 1400 1.2
259 1000 2000 1.6
259 1500 2800 1.3
260 0 0 2.8
260 500 1400 1.2
260 1000 2000 1.6
260 1500 2800 1.3
261 0 0 2.8
261 500 1400 1.2
261 1000 2000 1.6
261 1500 2800 1.3
262 0 0 2.8
262 500 1400 1.2
262 1000 2000 1.6
262 1500 2800 1.3
263 0 0 2.8
263 500 1400 1.2
263 1000 2000 1.6
263 1500 2800 1.3
264 0 0 2.8
264 500 1400 1.2
264 1000 2000 1.6
264 1500 2800 1.3
265 0 0 2.8
265 500 1400 1.2
265 1000 2000 1.6
265 1500 2800 1.3
266 0 0 2.8
266 500 1400 1.2
266 1000 2000 1.6
266 1500 2800 1.3
267 0 0 2.8
267 500 1400 1.2
267 1000 2000 1.6
267 1500 2800 1.3
268 0 0 2.8
268 500 1400 1.2
268 1000 2000 1.6
268 1500 2800 1.3
269 0 0 2.8
269 500 1400 1.2
269 1000 2000 1.6
269 1500 2800 1.3
270 0 0 2.8
270 500 1400 1.2
270 1000 2000 1.6
270 1500 2800 1.3
271 0 0 2.8
271 500 1400 1.2
271 1000 2000 1.6
271 1500 2800 1.3
272 0 0 2.8
272 500 1400 1.2
272 1000 2000 1.6
272 1500 2800 1.3
273 0 0 2.8
273 500 1400 1.2
273 1000 2000 1.6
273 1500 2800 1.3
274 0 0 2.8
274 500 1400 1.2
274 1000 2000 1.6
274 1500 2800 1.3
275 0 0 2.8
275 500 1400 1.2
275 1000 2000 1.6
275 1500 2800 1.3
276 0 0 2.8
276 500 1400 1.2
276 1000 2000 1.6
276 1500 2800 1.3
277 0 0 2.8
277 500 1400 1.2
277 1000 2000 1.6
277 1500 2800 1.3
278 0 0 2.8
278 500 1400 1.2
278 1000 2000 1.6
278 1500 2800 1.3
279 0 0 2.8
279 500 1400 1.2
279 1000 2000 1.6
279 1500 2800 1.3
280 0 0 2.8
280 500 1400 1.2
280 1000 2000 1.6
280 1500 2800 1.3
281 0 0 2.8
281 500 1400 1.2
281 1000 2000 1.6
281 1500 2800 1.3
282 0 0 2.8
282 500 1400 1.2
282 1000 2000 1.6
282 1500 2800 1.3
283 0 0 2.8
283 500 1400 1.2
283 1000 2000 1.6
283 1500 2800 1.3
284 0 0 2.8
284 500 1400 1.2
284 1000 2000 1.6
284 1500 2800 1.3
285 0 0 2.8
285 500 1400 1.2
285 1000 2000 1.6
285 1500 2800 1.3
286 0 0 2.8
286 500 1400 1.2
286 1000 2000 1.6
286 1500 2800 1.3
287 0 0 2.8
287 500 1400 1.2
287 1000 2000 1.6
287 1500 2800 1.3
288 0 0 2.8
288 500 1400 1.2
288 1000 2000 1.6
288 1500 2800 1.3
289 0 0 2.8
289 500 1400 1.2
289 1000 2000 1.6
289 1500 2800 1.3
290 0 0 2.8
290 500 1400 1.2
290 1000 2000 1.6
290 1500 2800 1.3
291 0 0 2.8
291 500 1400 1.2
291 1000 2000 1.6
291 1500 2800 1.3
292 0 0 2.8
292 500 1400 1.2
292 1000 2000 1.6
292 1500 2800 1.3
293 0 0 2.8
293 500 1400 1.2
293 1000 2000 1.6
293 1500 2800 1.3
294 0 0 2.8
294 500 1400 1.2
294 1000 2000 1.6
294 1500 2800 1.3
295 0 0 2.8
295 500 1400 1.2
295 1000 2000 1.6
295 1500 2800 1.3
296 0 0 2.8
296 500 1400 1.2
296 1000 2000 1.6
296 1500 2800 1.3
297 0 0 2.8
297 500 1400 1.2
297 1000 2000 1.6
297 1500 2800 1.3
298 0 0 2.8
298 500 1400 1.2
298 1000 2000 1.6
298 1500 2800 1.3
299 0 0 2.8
299 500 1400 1.2
299 1000 2000 1.6
299 1500 2800 1.3
300 0 0 2.8
300 500 1400 1.2
300 1000 2000 1.6
300 1500 2800 1.3
301 0 0 2.8
301 500 1400 1.2
301 1000 2000 1.6
301 1500 2800 1.3
302 0 0 2.8
302 500 1400 1.2
302 1000 2000 1.6
302 1500 2800 1.3
303 0 0 2.8
303 500 1400 1.2
303 1000 2000 1.6
303 1500 2800 1.3
304 0 0 2.8
304 500 1400 1.2
304 1000 2000 1.6
304 1500 2800 1.3
305 0 0 2.8
305 500 1400 1.2
305 1000 2000 1.6
305 1500 2800 1.3
306 0 0 2.8
306 500 1400 1.2
306 1000 2000 1.6
306 1500 2800 1.3
307 0 0 2.8
307 500 1400 1.2
307 1000 2000 1.6
307 1500 2800 1.3
308 0 0 2.8
308 500 1400 1.2
308 1000 2000 1.6
308 1500 2800 1.3
309 0 0 2.8
309 500 1400 1.2
309 1000 2000 1.6
309 1500 2800 1.3
310 0 0 2.8
310 500 1400 1.2
310 1000 2000 1.6
310 1500 2800 1.3
311 0 0 2.8
311 500 1400 1.2
311 1000 2000 1.6
311 1500 2800 1.3
312 0 0 2.8
312 500 1400 1.2
312 1000 2000 1.6
312 1500 2800 1.3
313 0 0 2.8
313 500 1400 1.2
313 1000 2000 1.6
313 1500 2800 1.3
314 0 0 2.8
314 500 1400 1.2
314 1000 2000 1.6
314 1500 2800 1.3
315 0 0 2.8
315 500 1400 1.2
315 1000 2000 1.6
315 1500 2800 1.3
316 0 0 2.8
316 500 1400 1.2
316 1000 2000 1.6
316 1500 2800 1.3
317 0 0 2.8
317 500 1400 1.2
317 1000 2000 1.6
317 1500 2800 1.3
318 0 0 2.8
318 500 1400 1.2
318 1000 2000 1.6
318 1500 2800 1.3
319 0 0 2.8
319 500 1400 1.2
319 1000 2000 1.6
319 1500 2800 1.3
320 0 0 2.8
320 500 1400 1.2
320 1000 2000 1.6
320 1500 2800 1.3
321 0 0 2.8
321 500 1400 1.2
321 1000 2000 1.6
321 1500 2800 1.3
322 0 0 2.8
322 500 1400 1.2
322 1000 2000 1.6
322 1500 2800 1.3
323 0 0 2.8
323 500 1400 1.2
323 1000 2000 1.6
323 1500 2800 1.3
324 0 0 2.8
324 500 1400 1.2
324 1000 2000 1.6
324 1500 2800 1.3
325 0 0 2.8
325 500 1400 1.2
325 1000 2000 1.6
325 1500 2800 1.3
326 0 0 2.8
326 500 1400 1.2
326 1000 2000 1.6
326 1500 2800 1.3
327 0 0 2.8
327 500 1400 1.2
327 1000 2000 1.6
327 1500 2800 1.3
328 0 0 2.8
328 500 1400 1.2
328 1000 2000 1.6
328 1500 2800 1.3
329 0 0 2.8
329 500 1400 1.2
329 1000 2000 1.6
329 1500 2800 1.3
330 0 0 2.8
330 500 1400 1.2
330 1000 2000 1.6
330 1500 2800 1.3
331 0 0 2.8
331 500 1400 1.2
331 1000 2000 1.6
331 1500 2800 1.3
332 0 0 2.8
332 500 1400 1.2
332 1000 2000 1.6
332 1500 2800 1.3
333 0 0 2.8
333 500 1400 1.2
333 1000 2000 1.6
333 1500 2800 1.3
334 0 0 2.8
334 500 1400 1.2
334 1000 2000 1.6
334 1500 2800 1.3
335 0 0 2.8
335 500 1400 1.2
335 1000 2000 1.6
335 1500 2800 1.3
336 0 0 2.8
336 500 1400 1.2
336 1000 2000 1.6
336 1500 2800 1.3
337 0 0 2.8
337 500 1400 1.2
337 1000 2000 1.6
337 1500 2800 1.3
338 0 0 2.8
338 500 1400 1.2
338 1000 2000 1.6
338 1500 2800 1.3
339 0 0 2.8
339 500 1400 1.2
339 1000 2000 1.6
339 1500 2800 1.3
340 0 0 2.8
340 500 1400 1.2
340 1000 2000 1.6
340 1500 2800 1.3
341 0 0 2.8
341 500 1400 1.2
341 1000 2000 1.6
341 1500 2800 1.3
342 0 0 2.8
342 500 1400 1.2
342 1000 2000 1.6
342 1500 2800 1.3
343 0 0 2.8
343 500 1400 1.2
343 1000 2000 1.6
343 1500 2800 1.3
344 0 0 2.8
344 500 1400 1.2
344 1000 2000 1.6
344 1500 2800 1.3
345 0 0 2.8
345 500 1400 1.2
345 1000 2000 1.6
345 1500 2800 1.3
346 0 0 2.8
346 500 1400 1.2
346 1000 2000 1.6
346 1500 2800 1.3
347 0 0 2.8
347 500 1400 1.2
347 1000 2000 1.6
347 1500 2800 1.3
348 0 0 2.8
348 500 1400 1.2
348 1000 2000 1.6
348 1500 2800 1.3
349 0 0 2.8
349 500 1400 1.2
349 1000 2000 1.6
349 1500 2800 1.3
350 0 0 2.8
350 500 1400 1.2
350 1000 2000 1.6
350 1500 2800 1.3
351 0 0 2.8
351 500 1400 1.2
351 1000 2000 1.6
351 1500 2800 1.3
352 0 0 2.8
352 500 1400 1.2
352 1000 2000 1.6
352 1500 2800 1.3
353 0 0 2.8
353 500 1400 1.2
353 1000 2000 1.6
353 1500 2800 1.3
354 0 0 2.8
354 500 1400 1.2
354 1000 2000 1.6
354 1500 2800 1.3
355 0 0 2.8
355 500 1400 1.2
355 1000 2000 1.6
355 1500 2800 1.3
356 0 0 2.8
356 500 1400 1.2
356 1000 2000 1.6
356 1500 2800 1.3
357 0 0 2.8
357 500 1400 1.2
357 1000 2000 1.6
357 1500 2800 1.3
358 0 0 2.8
358 500 1400 1.2
358 1000 2000 1.6
358 1500 2800 1.3
359 0 0 2.8
359 500 1400 1.2
359 1000 2000 1.6
359 1500 2800 1.3
360 0 0 2.8
360 500 1400 1.2
360 1000 2000 1.6
360 1500 2800 1.3
361 0 0 2.8
361 500 1400 1.2
361 1000 2000 1.6
361 1500 2800 1.3
362 0 0 2.8
362 500 1400 1.2
362 1000 2000 1.6
362 1500 2800 1.3
363 0 0 2.8
363 500 1400 1.2
363 1000 2000 1.6
363 1500 2800 1.3
364 0 0 2.8
364 500 1400 1.2
364 1000 2000 1.6
364 1500 2800 1.3
365 0 0 2.8
365 500 1400 1.2
365 1000 2000 1.6
365 1500 2800 1.3
366 0 0 2.8
366 500 1400 1.2
366 1000 2000 1.6
366 1500 2800 1.3
367 0 0 2.8
367 500 1400 1.2
367 1000 2000 1.6
367 1500 2800 1.3
368 0 0 2.8
368 500 1400 1.2
368 1000 2000 1.6
368 1500 2800 1.3
369 0 0 2.8
369 500 1400 1.2
369 1000 2000 1.6
369 1500 2800 1.3
370 0 0 2.8
370 500 1400 1.2
370 1000 2000 1.6
370 1500 2800 1.3
371 0 0 2.8
371 500 1400 1.2
371 1000 2000 1.6
371 1500 2800 1.3
372 0 0 2.8
372 500 1400 1.2
372 1000 2000 1.6
372 1500 2800 1.3
373 0 0 2.8
373 500 1400 1.2
373 1000 2000 1.6
373 1500 2800 1.3
374 0 0 2.8
374 500 1400 1.2
374 1000 2000 1.6
374 1500 2800 1.3
375 0 0 2.8
375 500 1400 1.2
375 1000 2000 1.6
375 1500 2800 1.3
376 0 0 2.8
376 500 1400 1.2
376 1000 2000 1.6
376 1500 2800 1.3
377 0 0 2.8
377 500 1400 1.2
377 1000 2000 1.6
377 1500 2800 1.3
378 0 0 2.8
378 500 1400 1.2
378 1000 2000 1.6
378 1500 2800 1.3
379 0 0 2.8
379 500 1400 1.2
379 1000 2000 1.6
379 1500 2800 1.3
380 0 0 2.8
380 500 1400 1.2
380 1000 2000 1.6
380 1500 2800 1.3
381 0 0 2.8
381 500 1400 1.2
381 1000 2000 1.6
381 1500 2800 1.3
382 0 0 2.8
382 500 1400 1.2
382 1000 2000 1.6
382 1500 2800 1.3
383 0 0 2.8
383 500 1400 1.2
383 1000 2000 1.6
383 1500 2800 1.3
384 0 0 2.8
384 500 1400 1.2
384 1000 2000 1.6
384 1500 2800 1.3
385 0 0 2.8
385 500 1400 1.2
385 1000 2000 1.6
385 1500 2800 1.3
386 0 0 2.8
386 500 1400 1.2
386 1000 2000 1.6
386 1500 2800 1.3
387 0 0 2.8
387 500 1400 1.2
387 1000 2000 1.6
387 1500 2800 1.3
388 0 0 2.8
388 500 1400 1.2
388 1000 2000 1.6
388 1500 2800 1.3
389 0 0 2.8
389 500 1400 1.2
389 1000 2000 1.6
389 1500 2800 1.3
390 0 0 2.8
390 500 1400 1.2
390 1000 2000 1.6
390 1500 2800 1.3
391 0 0 2.8
391 500 1400 1.2
391 1000 2000 1.6
391 1500 2800 1.3
392 0 0 2.8
392 500 1400 1.2
392 1000 2000 1.6
392 1500 2800 1.3
393 0 0 2.8
393 500 1400 1.2
393 1000 2000 1.6
393 1500 2800 1.3
394 0 0 2.8
394 500 1400 1.2
394 1000 2000 1.6
394 1500 2800 1.3
395 0 0 2.8
395 500 1400 1.2
395 1000 2000 1.6
395 1500 2800 1.3
396 0 0 2.8
396 500 1400 1.2
396 1000 2000 1.6
396 1500 2800 1.3
397 0 0 2.8
397 500 1400 1.2
397 1000 2000 1.6
397 1500 2800 1.3
398 0 0 2.8
398 500 1400 1.2
398 1000 2000 1.6
398 1500 2800 1.3
399 0 0 2.8
399 500 1400 1.2
399 1000 2000 1.6
399 1500 2800 1.3
400 0 0 2.8
400 500 1400 1.2
400 1000 2000 1.6
400 1500 2800 1.3
401 0 0 2.8
401 500 1400 1.2
401 1000 2000 1.6
401 1500 2800 1.3
402 0 0 2.8
402 500 1400 1.2
402 1000 2000 1.6
402 1500 2800 1.3
403 0 0 2.8
403 500 1400 1.2
403 1000 2000 1.6
403 1500 2800 1.3
404 0 0 2.8
404 500 1400 1.2
404 1000 2000 1.6
404 1500 2800 1.3
405 0 0 2.8
405 500 1400 1.2
405 1000 2000 1.6
405 1500 2800 1.3
406 0 0 2.8
406 500 1400 1.2
406 1000 2000 1.6
406 1500 2800 1.3
407 0 0 2.8
407 500 1400 1.2
407 1000 2000 1.6
407 1500 2800 1.3
408 0 0 2.8
408 500 1400 1.2
408 1000 2000 1.6
408 1500 2800 1.3
409 0 0 2.8
409 500 1400 1.2
409 1000 2000 1.6
409 1500 2800 1.3
410 0 0 2.8
410 500 1400 1.2
410 1000 2000 1.6
410 1500 2800 1.3
411 0 0 2.8
411 500 1400 1.2
411 1000 2000 1.6
411 1500 2800 1.3
412 0 0 2.8
412 500 1400 1.2
412 1000 2000 1.6
412 1500 2800 1.3
413 0 0 2.8
413 500 1400 1.2
413 1000 2000 1.6
413 1500 2800 1.3
414 0 0 2.8
414 500 1400 1.2
414 1000 2000 1.6
414 1500 2800 1.3
415 0 0 2.8
415 500 1400 1.2
415 1000 2000 1.6
415 1500 2800 1.3
416 0 0 2.8
416 500 1400 1.2
416 1000 2000 1.6
416 1500 2800 1.3
417 0 0 2.8
417 500 1400 1.2
417 1000 2000 1.6
417 1500 2800 1.3
418 0 0 2.8
418 500 1400 1.2
418 1000 2000 1.6
418 1500 2800 1.3
419 0 0 2.8
419 500 1400 1.2
419 1000 2000 1.6
419 1500 2800 1.3
420 0 0 2.8
420 500 1400 1.2
420 1000 2000 1.6
420 1500 2800 1.3
421 0 0 2.8
421 500 1400 1.2
421 1000 2000 1.6
421 1500 2800 1.3
422 0 0 2.8
422 500 1400 1.2
422 1000 2000 1.6
422 1500 2800 1.3
423 0 0 2.8
423 500 1400 1.2
423 1000 2000 1.6
423 1500 2800 1.3
424 0 0 2.8
424 500 1400 1.2
424 1000 2000 1.6
424 1500 2800 1.3
425 0 0 2.8
425 500 1400 1.2
425 1000 2000 1.6
425 1500 2800 1.3
426 0 0 2.8
426 500 1400 1.2
426 1000 2000 1.6
426 1500 2800 1.3
427 0 0 2.8
427 500 1400 1.2
427 1000 2000 1.6
427 1500 2800 1.3
428 0 0 2.8
428 500 1400 1.2
428 1000 2000 1.6
428 1500 2800 1.3
429 0 0 2.8
429 500 1400 1.2
429 1000 2000 1.6
429 1500 2800 1.3
430 0 0 2.8
430 500 1400 1.2
430 1000 2000 1.6
430 1500 2800 1.3
431 0 0 2.8
431 500 1400 1.2
431 1000 2000 1.6
431 1500 2800 1.3
432 0 0 2.8
432 500 1400 1.2
432 1000 2000 1.6
432 1500 2800 1.3
433 0 0 2.8
433 500 1400 1.2
433 1000 2000 1.6
433 1500 2800 1.3
434 0 0 2.8
434 500 1400 1.2
434 1000 2000 1.6
434 1500 2800 1.3
435 0 0 2.8
435 500 1400 1.2
435 1000 2000 1.6
435 1500 2800 1.3
436 0 0 2.8
436 500 1400 1.2
436 1000 2000 1.6
436 1500 2800 1.3
437 0 0 2.8
437 500 1400 1.2
437 1000 2000 1.6
437 1500 2800 1.3
438 0 0 2.8
438 500 1400 1.2
438 1000 2000 1.6
438 1500 2800 1.3
439 0 0 2.8
439 500 1400 1.2
439 1000 2000 1.6
439 1500 2800 1.3
440 0 0 2.8
440 500 1400 1.2
440 1000 2000 1.6
440 1500 2800 1.3
441 0 0 2.8
441 500 1400 1.2
441 1000 2000 1.6
441 1500 2800 1.3
442 0 0 2.8
442 500 1400 1.2
442 1000 2000 1.6
442 1500 2800 1.3
443 0 0 2.8
443 500 1400 1.2
443 1000 2000 1.6
443 1500 2800 1.3
444 0 0 2.8
444 500 1400 1.2
444 1000 2000 1.6
444 1500 2800 1.3
445 0 0 2.8
445 500 1400 1.2
445 1000 2000 1.6
445 1500 2800 1.3
446 0 0 2.8
446 500 1400 1.2
446 1000 2000 1.6
446 1500 2800 1.3
447 0 0 2.8
447 500 1400 1.2
447 1000 2000 1.6
447 1500 2800 1.3
448 0 0 2.8
448 500 1400 1.2
448 1000 2000 1.6
448 1500 2800 1.3
449 0 0 2.8
449 500 1400 1.2
449 1000 2000 1.6
449 1500 2800 1.3
450 0 0 2.8
450 500 1400 1.2
450 1000 2000 1.6
450 1500 2800 1.3
451 0 0 2.8
451 500 1400 1.2
451 1000 2000 1.6
451 1500 2800 1.3
452 0 0 2.8
452 500 1400 1.2
452 1000 2000 1.6
452 1500 2800 1.3
453 0 0 2.8
453 500 1400 1.2
453 1000 2000 1.6
453 1500 2800 1.3
454 0 0 2.8
454 500 1400 1.2
454 1000 2000 1.6
454 1500 2800 1.3
455 0 0 2.8
455 500 1400 1.2
455 1000 2000 1.6
455 1500 2800 1.3
456 0 0 2.8
456 500 1400 1.2
456 1000 2000 1.6
456 1500 2800 1.3
457 0 0 2.8
457 500 1400 1.2
457 1000 2000 1.6
457 1500 2800 1.3
458 0 0 2.8
458 500 1400 1.2
458 1000 2000 1.6
458 1500 2800 1.3
459 0 0 2.8
459 500 1400 1.2
459 1000 2000 1.6
459 1500 2800 1.3
460 0 0 2.8
460 500 1400 1.2
460 1000 2000 1.6
460 1500 2800 1.3
461 0 0 2.8
461 500 1400 1.2
461 1000 2000 1.6
461 1500 2800 1.3
462 0 0 2.8
462 500 1400 1.2
462 1000 2000 1.6
462 1500 2800 1.3
463 0 0 2.8
463 500 1400 1.2
463 1000 2000 1.6
463 1500 2800 1.3
464 0 0 2.8
464 500 1400 1.2
464 1000 2000 1.6
464 1500 2800 1.3
465 0 0 2.8
465 500 1400 1.2
465 1000 2000 1.6
465 1500 2800 1.3
466 0 0 2.8
466 500 1400 1.2
466 1000 2000 1.6
466 1500 2800 1.3
467 0 0 2.8
467 500 1400 1.2
467 1000 2000 1.6
467 1500 2800 1.3
468 0 0 2.8
468 500 1400 1.2
468 1000 2000 1.6
468 1500 2800 1.3
469 0 0 2.8
469 500 1400 1.2
469 1000 2000 1.6
469 1500 2800 1.3
470 0 0 2.8
470 500 1400 1.2
470 1000 2000 1.6
470 1500 2800 1.3
471 0 0 2.8
471 500 1400 1.2
471 1000 2000 1.6
471 1500 2800 1.3
472 0 0 2.8
472 500 1400 1.2
472 1000 2000 1.6
472 1500 2800 1.3
473 0 0 2.8
473 500 1400 1.2
473 1000 2000 1.6
473 1500 2800 1.3
474 0 0 2.8
474 500 1400 1.2
474 1000 2000 1.6
474 1500 2800 1.3
475 0 0 2.8
475 500 1400 1.2
475 1000 2000 1.6
475 1500 2800 1.3
476 0 0 2.8
476 500 1400 1.2
476 1000 2000 1.6
476 1500 2800 1.3
477 0 0 2.8
477 500 1400 1.2
477 1000 2000 1.6
477 1500 2800 1.3
478 0 0 2.8
478 500 1400 1.2
478 1000 2000 1.6
478 1500 2800 1.3
479 0 0 2.8
479 500 1400 1.2
479 1000 2000 1.6
479 1500 2800 1.3
480 0 0 2.8
480 500 1400 1.2
480 1000 2000 1.6
480 1500 2800 1.3
481 0 0 2.8
481 500 1400 1.2
481 1000 2000 1.6
481 1500 2800 1.3
482 0 0 2.8
482 500 1400 1.2
482 1000 2000 1.6
482 1500 2800 1.3
483 0 0 2.8
483 500 1400 1.2
483 1000 2000 1.6
483 1500 2800 1.3
484 0 0 2.8
484 500 1400 1.2
484 1000 2000 1.6
484 1500 2800 1.3
485 0 0 2.8
485 500 1400 1.2
485 1000 2000 1.6
485 1500 2800 1.3
486 0 0 2.8
486 500 1400 1.2
486 1000 2000 1.6
486 1500 2800 1.3
487 0 0 2.8
487 500 1400 1.2
487 1000 2000 1.6
487 1500 2800 1.3
488 0 0 2.8
488 500 1400 1.2
488 1000 2000 1.6
488 1500 2800 1.3
489 0 0 2.8
489 500 1400 1.2
489 1000 2000 1.6
489 1500 2800 1.3
490 0 0 2.8
490 500 1400 1.2
490 1000 2000 1.6
490 1500 2800 1.3
491 0 0 2.8
491 500 1400 1.2
491 1000 2000 1.6
491 1500 2800 1.3
492 0 0 2.8
492 500 1400 1.2
492 1000 2000 1.6
492 1500 2800 1.3
493 0 0 2.8
493 500 1400 1.2
493 1000 2000 1.6
493 1500 2800 1.3
494 0 0 2.8
494 500 1400 1.2
494 1000 2000 1.6
494 1500 2800 1.3
495 0 0 2.8
495 500 1400 1.2
495 1000 2000 1.6
495 1500 2800 1.3
496 0 0 2.8
496 500 1400 1.2
496 1000 2000 1.6
496 1500 2800 1.3
497 0 0 2.8
497 500 1400 1.2
497 1000 2000 1.6
497 1500 2800 1.3
498 0 0 2.8
498 500 1400 1.2
498 1000 2000 1.6
498 1500 2800 1.3
499 0 0 2.8
499 500 1400 1.2
499 1000 2000 1.6
499 1500 2800 1.3
500 0 0 2.8
500 500 1400 1.2
500 1000 2000 1.6
500 1500 2800 1.3
501 0 0 2.8
501 500 1400 1.2
501 1000 2000 1.6
501 1500 2800 1.3
502 0 0 2.8
502 500 1400 1.2
502 1000 2000 1.6
502 1500 2800 1.3
503 0 0 2.8
503 500 1400 1.2
503 1000 2000 1.6
503 1500 2800 1.3
504 0 0 2.8
504 500 1400 1.2
504 1000 2000 1.6
504 1500 2800 1.3
505 0 0 2.8
505 500 1400 1.2
505 1000 2000 1.6
505 1500 2800 1.3
506 0 0 2.8
506 500 1400 1.2
506 1000 2000 1.6
506 1500 2800 1.3
507 0 0 2.8
507 500 1400 1.2
507 1000 2000 1.6
507 1500 2800 1.3
508 0 0 2.8
508 500 1400 1.2
508 1000 2000 1.6
508 1500 2800 1.3
509 0 0 2.8
509 500 1400 1.2
509 1000 2000 1.6
509 1500 2800 1.3
510 0 0 2.8
510 500 1400 1.2
510 1000 2000 1.6
510 1500 2800 1.3
511 0 0 2.8
511 500 1400 1.2
511 1000 2000 1.6
511 1500 2800 1.3
512 0 0 2.8
512 500 1400 1.2
512 1000 2000 1.6
512 1500 2800 1.3
513 0 0 2.8
513 500 1400 1.2
513 1000 2000 1.6
513 1500 2800 1.3
514 0 0 2.8
514 500 1400 1.2
514 1000 2000 1.6
514 1500 2800 1.3
515 0 0 2.8
515 500 1400 1.2
515 1000 2000 1.6
515 1500 2800 1.3
516 0 0 2.8
516 500 1400 1.2
516 1000 2000 1.6
516 1500 2800 1.3
517 0 0 2.8
517 500 1400 1.2
517 1000 2000 1.6
517 1500 2800 1.3
518 0 0 2.8
518 500 1400 1.2
518 1000 2000 1.6
518 1500 2800 1.3
519 0 0 2.8
519 500 1400 1.2
519 1000 2000 1.6
519 1500 2800 1.3
520 0 0 2.8
520 500 1400 1.2
520 1000 2000 1.6
520 1500 2800 1.3
521 0 0 2.8
521 500 1400 1.2
521 1000 2000 1.6
521 1500 2800 1.3
522 0 0 2.8
522 500 1400 1.2
522 1000 2000 1.6
522 1500 2800 1.3
523 0 0 2.8
523 500 1400 1.2
523 1000 2000 1.6
523 1500 2800 1.3
524 0 0 2.8
524 500 1400 1.2
524 1000 2000 1.6
524 1500 2800 1.3
525 0 0 2.8
525 500 1400 1.2
525 1000 2000 1.6
525 1500 2800 1.3
526 0 0 2.8
526 500 1400 1.2
526 1000 2000 1.6
526 1500 2800 1.3
527 0 0 2.8
527 500 1400 1.2
527 1000 2000 1.6
527 1500 2800 1.3
528 0 0 2.8
528 500 1400 1.2
528 1000 2000 1.6
528 1500 2800 1.3
529 0 0 2.8
529 500 1400 1.2
529 1000 2000 1.6
529 1500 2800 1.3
530 0 0 2.8
530 500 1400 1.2
530 1000 2000 1.6
530 1500 2800 1.3
531 0 0 2.8
531 500 1400 1.2
531 1000 2000 1.6
531 1500 2800 1.3
532 0 0 2.8
532 500 1400 1.2
532 1000 2000 1.6
532 1500 2800 1.3
533 0 0 2.8
533 500 1400 1.2
533 1000 2000 1.6
533 1500 2800 1.3
534 0 0 2.8
534 500 1400 1.2
534 1000 2000 1.6
534 1500 2800 1.3
535 0 0 2.8
535 500 1400 1.2
535 1000 2000 1.6
535 1500 2800 1.3
536 0 0 2.8
536 500 1400 1.2
536 1000 2000 1.6
536 1500 2800 1.3
537 0 0 2.8
537 500 1400 1.2
537 1000 2000 1.6
537 1500 2800 1.3
538 0 0 2.8
538 500 1400 1.2
538 1000 2000 1.6
538 1500 2800 1.3
539 0 0 2.8
539 500 1400 1.2
539 1000 2000 1.6
539 1500 2800 1.3
540 0 0 2.8
540 500 1400 1.2
540 1000 2000 1.6
540 1500 2800 1.3
541 0 0 2.8
541 500 1400 1.2
541 1000 2000 1.6
541 1500 2800 1.3
542 0 0 2.8
542 500 1400 1.2
542 1000 2000 1.6
542 1500 2800 1.3
543 0 0 2.8
543 500 1400 1.2
543 1000 2000 1.6
543 1500 2800 1.3
544 0 0 2.8
544 500 1400 1.2
544 1000 2000 1.6
544 1500 2800 1.3
545 0 0 2.8
545 500 1400 1.2
545 1000 2000 1.6
545 1500 2800 1.3
546 0 0 2.8
546 500 1400 1.2
546 1000 2000 1.6
546 1500 2800 1.3
547 0 0 2.8
547 500 1400 1.2
547 1000 2000 1.6
547 1500 2800 1.3
548 0 0 2.8
548 500 1400 1.2
548 1000 2000 1.6
548 1500 2800 1.3
549 0 0 2.8
549 500 1400 1.2
549 1000 2000 1.6
549 1500 2800 1.3
550 0 0 2.8
550 500 1400 1.2
550 1000 2000 1.6
550 1500 2800 1.3
551 0 0 2.8
551 500 1400 1.2
551 1000 2000 1.6
551 1500 2800 1.3
552 0 0 2.8
552 500 1400 1.2
552 1000 2000 1.6
552 1500 2800 1.3
553 0 0 2.8
553 500 1400 1.2
553 1000 2000 1.6
553 1500 2800 1.3
554 0 0 2.8
554 500 1400 1.2
554 1000 2000 1.6
554 1500 2800 1.3
555 0 0 2.8
555 500 1400 1.2
555 1000 2000 1.6
555 1500 2800 1.3
556 0 0 2.8
556 500 1400 1.2
556 1000 2000 1.6
556 1500 2800 1.3
557 0 0 2.8
557 500 1400 1.2
557 1000 2000 1.6
557 1500 2800 1.3
558 0 0 2.8
558 500 1400 1.2
558 1000 2000 1.6
558 1500 2800 1.3
559 0 0 2.8
559 500 1400 1.2
559 1000 2000 1.6
559 1500 2800 1.3
560 0 0 2.8
560 500 1400 1.2
560 1000 2000 1.6
560 1500 2800 1.3
561 0 0 2.8
561 500 1400 1.2
561 1000 2000 1.6
561 1500 2800 1.3
562 0 0 2.8
562 500 1400 1.2
562 1000 2000 1.6
562 1500 2800 1.3
563 0 0 2.8
563 500 1400 1.2
563 1000 2000 1.6
563 1500 2800 1.3
564 0 0 2.8
564 500 1400 1.2
564 1000 2000 1.6
564 1500 2800 1.3
565 0 0 2.8
565 500 1400 1.2
565 1000 2000 1.6
565 1500 2800 1.3
566 0 0 2.8
566 500 1400 1.2
566 1000 2000 1.6
566 1500 2800 1.3
567 0 0 2.8
567 500 1400 1.2
567 1000 2000 1.6
567 1500 2800 1.3
568 0 0 2.8
568 500 1400 1.2
568 1000 2000 1.6
568 1500 2800 1.3
569 0 0 2.8
569 500 1400 1.2
569 1000 2000 1.6
569 1500 2800 1.3
570 0 0 2.8
570 500 1400 1.2
570 1000 2000 1.6
570 1500 2800 1.3
571 0 0 2.8
571 500 1400 1.2
571 1000 2000 1.6
571 1500 2800 1.3
572 0 0 2.8
572 500 1400 1.2
572 1000 2000 1.6
572 1500 2800 1.3
573 0 0 2.8
573 500 1400 1.2
573 1000 2000 1.6
573 1500 2800 1.3
574 0 0 2.8
574 500 1400 1.2
574 1000 2000 1.6
574 1500 2800 1.3
575 0 0 2.8
575 500 1400 1.2
575 1000 2000 1.6
575 1500 2800 1.3
576 0 0 2.8
576 500 1400 1.2
576 1000 2000 1.6
576 1500 2800 1.3
577 0 0 2.8
577 500 1400 1.2
577 1000 2000 1.6
577 1500 2800 1.3
578 0 0 2.8
578 500 1400 1.2
578 1000 2000 1.6
578 1500 2800 1.3
579 0 0 2.8
579 500 1400 1.2
579 1000 2000 1.6
579 1500 2800 1.3
580 0 0 2.8
580 500 1400 1.2
580 1000 2000 1.6
580 1500 2800 1.3
581 0 0 2.8
581 500 1400 1.2
581 1000 2000 1.6
581 1500 2800 1.3
582 0 0 2.8
582 500 1400 1.2
582 1000 2000 1.6
582 1500 2800 1.3
583 0 0 2.8
583 500 1400 1.2
583 1000 2000 1.6
583 1500 2800 1.3
584 0 0 2.8
584 500 1400 1.2
584 1000 2000 1.6
584 1500 2800 1.3
585 0 0 2.8
585 500 1400 1.2
585 1000 2000 1.6
585 1500 2800 1.3
586 0 0 2.8
586 500 1400 1.2
586 1000 2000 1.6
586 1500 2800 1.3
587 0 0 2.8
587 500 1400 1.2
587 1000 2000 1.6
587 1500 2800 1.3
588 0 0 2.8
588 500 1400 1.2
588 1000 2000 1.6
588 1500 2800 1.3
589 0 0 2.8
589 500 1400 1.2
589 1000 2000 1.6
589 1500 2800 1.3
590 0 0 2.8
590 500 1400 1.2
590 1000 2000 1.6
590 1500 2800 1.3
591 0 0 2.8
591 500 1400 1.2
591 1000 2000 1.6
591 1500 2800 1.3
592 0 0 2.8
592 500 1400 1.2
592 1000 2000 1.6
592 1500 2800 1.3
593 0 0 2.8
593 500 1400 1.2
593 1000 2000 1.6
593 1500 2800 1.3
594 0 0 2.8
594 500 1400 1.2
594 1000 2000 1.6
594 1500 2800 1.3
595 0 0 2.8
595 500 1400 1.2
595 1000 2000 1.6
595 1500 2800 1.3
596 0 0 2.8
596 500 1400 1.2
596 1000 2000 1.6
596 1500 2800 1.3
597 0 0 2.8
597 500 1400 1.2
597 1000 2000 1.6
597 1500 2800 1.3
598 0 0 2.8
598 500 1400 1.2
598 1000 2000 1.6
598 1500 2800 1.3
599 0 0 2.8
599 500 1400 1.2
599 1000 2000 1.6
599 1500 2800 1.3
600 0 0 2.8
600 500 1400 1.2
600 1000 2000 1.6
600 1500 2800 1.3
601 0 0 2.8
601 500 1400 1.2
601 1000 2000 1.6
601 1500 2800 1.3
602 0 0 2.8
602 500 1400 1.2
602 1000 2000 1.6
602 1500 2800 1.3
603 0 0 2.8
603 500 1400 1.2
603 1000 2000 1.6
603 1500 2800 1.3
604 0 0 2.8
604 500 1400 1.2
604 1000 2000 1.6
604 1500 2800 1.3
605 0 0 2.8
605 500 1400 1.2
605 1000 2000 1.6
605 1500 2800 1.3
606 0 0 2.8
606 500 1400 1.2
606 1000 2000 1.6
606 1500 2800 1.3
607 0 0 2.8
607 500 1400 1.2
607 1000 2000 1.6
607 1500 2800 1.3
608 0 0 2.8
608 500 1400 1.2
608 1000 2000 1.6
608 1500 2800 1.3
609 0 0 2.8
609 500 1400 1.2
609 1000 2000 1.6
609 1500 2800 1.3
610 0 0 2.8
610 500 1400 1.2
610 1000 2000 1.6
610 1500 2800 1.3
611 0 0 2.8
611 500 1400 1.2
611 1000 2000 1.6
611 1500 2800 1.3
612 0 0 2.8
612 500 1400 1.2
612 1000 2000 1.6
612 1500 2800 1.3
613 0 0 2.8
613 500 1400 1.2
613 1000 2000 1.6
613 1500 2800 1.3
614 0 0 2.8
614 500 1400 1.2
614 1000 2000 1.6
614 1500 2800 1.3
615 0 0 2.8
615 500 1400 1.2
615 1000 2000 1.6
615 1500 2800 1.3
616 0 0 2.8
616 500 1400 1.2
616 1000 2000 1.6
616 1500 2800 1.3
617 0 0 2.8
617 500 1400 1.2
617 1000 2000 1.6
617 1500 2800 1.3
618 0 0 2.8
618 500 1400 1.2
618 1000 2000 1.6
618 1500 2800 1.3
619 0 0 2.8
619 500 1400 1.2
619 1000 2000 1.6
619 1500 2800 1.3
620 0 0 2.8
620 500 1400 1.2
620 1000 2000 1.6
620 1500 2800 1.3
621 0 0 2.8
621 500 1400 1.2
621 1000 2000 1.6
621 1500 2800 1.3
622 0 0 2.8
622 500 1400 1.2
622 1000 2000 1.6
622 1500 2800 1.3
623 0 0 2.8
623 500 1400 1.2
623 1000 2000 1.6
623 1500 2800 1.3
624 0 0 2.8
624 500 1400 1.2
624 1000 2000 1.6
624 1500 2800 1.3
625 0 0 2.8
625 500 1400 1.2
625 1000 2000 1.6
625 1500 2800 1.3
626 0 0 2.8
626 500 1400 1.2
626 1000 2000 1.6
626 1500 2800 1.3
627 0 0 2.8
627 500 1400 1.2
627 1000 2000 1.6
627 1500 2800 1.3
628 0 0 2.8
628 500 1400 1.2
628 1000 2000 1.6
628 1500 2800 1.3
629 0 0 2.8
629 500 1400 1.2
629 1000 2000 1.6
629 1500 2800 1.3
630 0 0 2.8
630 500 1400 1.2
630 1000 2000 1.6
630 1500 2800 1.3
631 0 0 2.8
631 500 1400 1.2
631 1000 2000 1.6
631 1500 2800 1.3
632 0 0 2.8
632 500 1400 1.2
632 1000 2000 1.6
632 1500 2800 1.3
633 0 0 2.8
633 500 1400 1.2
633 1000 2000 1.6
633 1500 2800 1.3
634 0 0 2.8
634 500 1400 1.2
634 1000 2000 1.6
634 1500 2800 1.3
635 0 0 2.8
635 500 1400 1.2
635 1000 2000 1.6
635 1500 2800 1.3
636 0 0 2.8
636 500 1400 1.2
636 1000 2000 1.6
636 1500 2800 1.3
637 0 0 2.8
637 500 1400 1.2
637 1000 2000 1.6
637 1500 2800 1.3
638 0 0 2.8
638 500 1400 1.2
638 1000 2000 1.6
638 1500 2800 1.3
639 0 0 2.8
639 500 1400 1.2
639 1000 2000 1.6
639 1500 2800 1.3
640 0 0 2.8
640 500 1400 1.2
640 1000 2000 1.6
640 1500 2800 1.3
641 0 0 2.8
641 500 1400 1.2
641 1000 2000 1.6
641 1500 2800 1.3
642 0 0 2.8
642 500 1400 1.2
642 1000 2000 1.6
642 1500 2800 1.3
643 0 0 2.8
643 500 1400 1.2
643 1000 2000 1.6
643 1500 2800 1.3
644 0 0 2.8
644 500 1400 1.2
644 1000 2000 1.6
644 1500 2800 1.3
645 0 0 2.8
645 500 1400 1.2
645 1000 2000 1.6
645 1500 2800 1.3
646 0 0 2.8
646 500 1400 1.2
646 1000 2000 1.6
646 1500 2800 1.3
647 0 0 2.8
647 500 1400 1.2
647 1000 2000 1.6
647 1500 2800 1.3
648 0 0 2.8
648 500 1400 1.2
648 1000 2000 1.6
648 1500 2800 1.3
649 0 0 2.8
649 500 1400 1.2
649 1000 2000 1.6
649 1500 2800 1.3
650 0 0 2.8
650 500 1400 1.2
650 1000 2000 1.6
650 1500 2800 1.3
651 0 0 2.8
651 500 1400 1.2
651 1000 2000 1.6
651 1500 2800 1.3
652 0 0 2.8
652 500 1400 1.2
652 1000 2000 1.6
652 1500 2800 1.3
653 0 0 2.8
653 500 1400 1.2
653 1000 2000 1.6
653 1500 2800 1.3
654 0 0 2.8
654 500 1400 1.2
654 1000 2000 1.6
654 1500 2800 1.3
655 0 0 2.8
655 500 1400 1.2
655 1000 2000 1.6
655 1500 2800 1.3
656 0 0 2.8
656 500 1400 1.2
656 1000 2000 1.6
656 1500 2800 1.3
657 0 0 2.8
657 500 1400 1.2
657 1000 2000 1.6
657 1500 2800 1.3
658 0 0 2.8
658 500 1400 1.2
658 1000 2000 1.6
658 1500 2800 1.3
659 0 0 2.8
659 500 1400 1.2
659 1000 2000 1.6
659 1500 2800 1.3
660 0 0 2.8
660 500 1400 1.2
660 1000 2000 1.6
660 1500 2800 1.3
661 0 0 2.8
661 500 1400 1.2
661 1000 2000 1.6
661 1500 2800 1.3
662 0 0 2.8
662 500 1400 1.2
662 1000 2000 1.6
662 1500 2800 1.3
663 0 0 2.8
663 500 1400 1.2
663 1000 2000 1.6
663 1500 2800 1.3
664 0 0 2.8
664 500 1400 1.2
664 1000 2000 1.6
664 1500 2800 1.3
665 0 0 2.8
665 500 1400 1.2
665 1000 2000 1.6
665 1500 2800 1.3
666 0 0 2.8
666 500 1400 1.2
666 1000 2000 1.6
666 1500 2800 1.3
667 0 0 2.8
667 500 1400 1.2
667 1000 2000 1.6
667 1500 2800 1.3
668 0 0 2.8
668 500 1400 1.2
668 1000 2000 1.6
668 1500 2800 1.3
669 0 0 2.8
669 500 1400 1.2
669 1000 2000 1.6
669 1500 2800 1.3
670 0 0 2.8
670 500 1400 1.2
670 1000 2000 1.6
670 1500 2800 1.3
671 0 0 2.8
671 500 1400 1.2
671 1000 2000 1.6
671 1500 2800 1.3
672 0 0 2.8
672 500 1400 1.2
672 1000 2000 1.6
672 1500 2800 1.3
673 0 0 2.8
673 500 1400 1.2
673 1000 2000 1.6
673 1500 2800 1.3
674 0 0 2.8
674 500 1400 1.2
674 1000 2000 1.6
674 1500 2800 1.3
675 0 0 2.8
675 500 1400 1.2
675 1000 2000 1.6
675 1500 2800 1.3
676 0 0 2.8
676 500 1400 1.2
676 1000 2000 1.6
676 1500 2800 1.3
677 0 0 2.8
677 500 1400 1.2
677 1000 2000 1.6
677 1500 2800 1.3
678 0 0 2.8
678 500 1400 1.2
678 1000 2000 1.6
678 1500 2800 1.3
679 0 0 2.8
679 500 1400 1.2
679 1000 2000 1.6
679 1500 2800 1.3
680 0 0 2.8
680 500 1400 1.2
680 1000 2000 1.6
680 1500 2800 1.3
681 0 0 2.8
681 500 1400 1.2
681 1000 2000 1.6
681 1500 2800 1.3
682 0 0 2.8
682 500 1400 1.2
682 1000 2000 1.6
682 1500 2800 1.3
683 0 0 2.8
683 500 1400 1.2
683 1000 2000 1.6
683 1500 2800 1.3
684 0 0 2.8
684 500 1400 1.2
684 1000 2000 1.6
684 1500 2800 1.3
685 0 0 2.8
685 500 1400 1.2
685 1000 2000 1.6
685 1500 2800 1.3
686 0 0 2.8
686 500 1400 1.2
686 1000 2000 1.6
686 1500 2800 1.3
687 0 0 2.8
687 500 1400 1.2
687 1000 2000 1.6
687 1500 2800 1.3
688 0 0 2.8
688 500 1400 1.2
688 1000 2000 1.6
688 1500 2800 1.3
689 0 0 2.8
689 500 1400 1.2
689 1000 2000 1.6
689 1500 2800 1.3
690 0 0 2.8
690 500 1400 1.2
690 1000 2000 1.6
690 1500 2800 1.3
691 0 0 2.8
691 500 1400 1.2
691 1000 2000 1.6
691 1500 2800 1.3
692 0 0 2.8
692 500 1400 1.2
692 1000 2000 1.6
692 1500 2800 1.3
693 0 0 2.8
693 500 1400 1.2
693 1000 2000 1.6
693 1500 2800 1.3
694 0 0 2.8
694 500 1400 1.2
694 1000 2000 1.6
694 1500 2800 1.3
695 0 0 2.8
695 500 1400 1.2
695 1000 2000 1.6
695 1500 2800 1.3
696 0 0 2.8
696 500 1400 1.2
696 1000 2000 1.6
696 1500 2800 1.3
697 0 0 2.8
697 500 1400 1.2
697 1000 2000 1.6
697 1500 2800 1.3
698 0 0 2.8
698 500 1400 1.2
698 1000 2000 1.6
698 1500 2800 1.3
699 0 0 2.8
699 500 1400 1.2
699 1000 2000 1.6
699 1500 2800 1.3
700 0 0 2.8
700 500 1400 1.2
700 1000 2000 1.6
700 1500 2800 1.3
701 0 0 2.8
701 500 1400 1.2
701 1000 2000 1.6
701 1500 2800 1.3
702 0 0 2.8
702 500 1400 1.2
702 1000 2000 1.6
702 1500 2800 1.3
703 0 0 2.8
703 500 1400 1.2
703 1000 2000 1.6
703 1500 2800 1.3
704 0 0 2.8
704 500 1400 1.2
704 1000 2000 1.6
704 1500 2800 1.3
705 0 0 2.8
705 500 1400 1.2
705 1000 2000 1.6
705 1500 2800 1.3
706 0 0 2.8
706 500 1400 1.2
706 1000 2000 1.6
706 1500 2800 1.3
707 0 0 2.8
707 500 1400 1.2
707 1000 2000 1.6
707 1500 2800 1.3
708 0 0 2.8
708 500 1400 1.2
708 1000 2000 1.6
708 1500 2800 1.3
709 0 0 2.8
709 500 1400 1.2
709 1000 2000 1.6
709 1500 2800 1.3
710 0 0 2.8
710 500 1400 1.2
710 1000 2000 1.6
710 1500 2800 1.3
711 0 0 2.8
711 500 1400 1.2
711 1000 2000 1.6
711 1500 2800 1.3
712 0 0 2.8
712 500 1400 1.2
712 1000 2000 1.6
712 1500 2800 1.3
713 0 0 2.8
713 500 1400 1.2
713 1000 2000 1.6
713 1500 2800 1.3
714 0 0 2.8
714 500 1400 1.2
714 1000 2000 1.6
714 1500 2800 1.3
715 0 0 2.8
715 500 1400 1.2
715 1000 2000 1.6
715 1500 2800 1.3
716 0 0 2.8
716 500 1400 1.2
716 1000 2000 1.6
716 1500 2800 1.3
717 0 0 2.8
717 500 1400 1.2
717 1000 2000 1.6
717 1500 2800 1.3
718 0 0 2.8
718 500 1400 1.2
718 1000 2000 1.6
718 1500 2800 1.3
719 0 0 2.8
719 500 1400 1.2
719 1000 2000 1.6
719 1500 2800 1.3
720 0 0 2.8
720 500 1400 1.2
720 1000 2000 1.6
720 1500 2800 1.3
721 0 0 2.8
721 500 1400 1.2
721 1000 2000 1.6
721 1500 2800 1.3
722 0 0 2.8
722 500 1400 1.2
722 1000 2000 1.6
722 1500 2800 1.3
723 0 0 2.8
723 500 1400 1.2
723 1000 2000 1.6
723 1500 2800 1.3
724 0 0 2.8
724 500 1400 1.2
724 1000 2000 1.6
724 1500 2800 1.3
725 0 0 2.8
725 500 1400 1.2
725 1000 2000 1.6
725 1500 2800 1.3
726 0 0 2.8
726 500 1400 1.2
726 1000 2000 1.6
726 1500 2800 1.3
727 0 0 2.8
727 500 1400 1.2
727 1000 2000 1.6
727 1500 2800 1.3
728 0 0 2.8
728 500 1400 1.2
728 1000 2000 1.6
728 1500 2800 1.3
729 0 0 2.8
729 500 1400 1.2
729 1000 2000 1.6
729 1500 2800 1.3
730 0 0 2.8
730 500 1400 1.2
730 1000 2000 1.6
730 1500 2800 1.3
731 0 0 2.8
731 500 1400 1.2
731 1000 2000 1.6
731 1500 2800 1.3
732 0 0 2.8
732 500 1400 1.2
732 1000 2000 1.6
732 1500 2800 1.3
733 0 0 2.8
733 500 1400 1.2
733 1000 2000 1.6
733 1500 2800 1.3
734 0 0 2.8
734 500 1400 1.2
734 1000 2000 1.6
734 1500 2800 1.3
735 0 0 2.8
735 500 1400 1.2
735 1000 2000 1.6
735 1500 2800 1.3
736 0 0 2.8
736 500 1400 1.2
736 1000 2000 1.6
736 1500 2800 1.3
737 0 0 2.8
737 500 1400 1.2
737 1000 2000 1.6
737 1500 2800 1.3
738 0 0 2.8
738 500 1400 1.2
738 1000 2000 1.6
738 1500 2800 1.3
739 0 0 2.8
739 500 1400 1.2
739 1000 2000 1.6
739 1500 2800 1.3
740 0 0 2.8
740 500 1400 1.2
740 1000 2000 1.6
740 1500 2800 1.3
741 0 0 2.8
741 500 1400 1.2
741 1000 2000 1.6
741 1500 2800 1.3
742 0 0 2.8
742 500 1400 1.2
742 1000 2000 1.6
742 1500 2800 1.3
743 0 0 2.8
743 500 1400 1.2
743 1000 2000 1.6
743 1500 2800 1.3
744 0 0 2.8
744 500 1400 1.2
744 1000 2000 1.6
744 1500 2800 1.3
745 0 0 2.8
745 500 1400 1.2
745 1000 2000 1.6
745 1500 2800 1.3
746 0 0 2.8
746 500 1400 1.2
746 1000 2000 1.6
746 1500 2800 1.3
747 0 0 2.8
747 500 1400 1.2
747 1000 2000 1.6
747 1500 2800 1.3
748 0 0 2.8
748 500 1400 1.2
748 1000 2000 1.6
748 1500 2800 1.3
749 0 0 2.8
749 500 1400 1.2
749 1000 2000 1.6
749 1500 2800 1.3
750 0 0 2.8
750 500 1400 1.2
750 1000 2000 1.6
750 1500 2800 1.3
751 0 0 2.8
751 500 1400 1.2
751 1000 2000 1.6
751 1500 2800 1.3
752 0 0 2.8
752 500 1400 1.2
752 1000 2000 1.6
752 1500 2800 1.3
753 0 0 2.8
753 500 1400 1.2
753 1000 2000 1.6
753 1500 2800 1.3
754 0 0 2.8
754 500 1400 1.2
754 1000 2000 1.6
754 1500 2800 1.3
755 0 0 2.8
755 500 1400 1.2
755 1000 2000 1.6
755 1500 2800 1.3
756 0 0 2.8
756 500 1400 1.2
756 1000 2000 1.6
756 1500 2800 1.3
757 0 0 2.8
757 500 1400 1.2
757 1000 2000 1.6
757 1500 2800 1.3
758 0 0 2.8
758 500 1400 1.2
758 1000 2000 1.6
758 1500 2800 1.3
759 0 0 2.8
759 500 1400 1.2
759 1000 2000 1.6
759 1500 2800 1.3
760 0 0 2.8
760 500 1400 1.2
760 1000 2000 1.6
760 1500 2800 1.3
761 0 0 2.8
761 500 1400 1.2
761 1000 2000 1.6
761 1500 2800 1.3
762 0 0 2.8
762 500 1400 1.2
762 1000 2000 1.6
762 1500 2800 1.3
763 0 0 2.8
763 500 1400 1.2
763 1000 2000 1.6
763 1500 2800 1.3
764 0 0 2.8
764 500 1400 1.2
764 1000 2000 1.6
764 1500 2800 1.3
765 0 0 2.8
765 500 1400 1.2
765 1000 2000 1.6
765 1500 2800 1.3
766 0 0 2.8
766 500 1400 1.2
766 1000 2000 1.6
766 1500 2800 1.3
767 0 0 2.8
767 500 1400 1.2
767 1000 2000 1.6
767 1500 2800 1.3
768 0 0 2.8
768 500 1400 1.2
768 1000 2000 1.6
768 1500 2800 1.3
769 0 0 2.8
769 500 1400 1.2
769 1000 2000 1.6
769 1500 2800 1.3
770 0 0 2.8
770 500 1400 1.2
770 1000 2000 1.6
770 1500 2800 1.3
771 0 0 2.8
771 500 1400 1.2
771 1000 2000 1.6
771 1500 2800 1.3
772 0 0 2.8
772 500 1400 1.2
772 1000 2000 1.6
772 1500 2800 1.3
773 0 0 2.8
773 500 1400 1.2
773 1000 2000 1.6
773 1500 2800 1.3
774 0 0 2.8
774 500 1400 1.2
774 1000 2000 1.6
774 1500 2800 1.3
775 0 0 2.8
775 500 1400 1.2
775 1000 2000 1.6
775 1500 2800 1.3
776 0 0 2.8
776 500 1400 1.2
776 1000 2000 1.6
776 1500 2800 1.3
777 0 0 2.8
777 500 1400 1.2
777 1000 2000 1.6
777 1500 2800 1.3
778 0 0 2.8
778 500 1400 1.2
778 1000 2000 1.6
778 1500 2800 1.3
779 0 0 2.8
779 500 1400 1.2
779 1000 2000 1.6
779 1500 2800 1.3
780 0 0 2.8
780 500 1400 1.2
780 1000 2000 1.6
780 1500 2800 1.3
781 0 0 2.8
781 500 1400 1.2
781 1000 2000 1.6
781 1500 2800 1.3
782 0 0 2.8
782 500 1400 1.2
782 1000 2000 1.6
782 1500 2800 1.3
783 0 0 2.8
783 500 1400 1.2
783 1000 2000 1.6
783 1500 2800 1.3
784 0 0 2.8
784 500 1400 1.2
784 1000 2000 1.6
784 1500 2800 1.3
785 0 0 2.8
785 500 1400 1.2
785 1000 2000 1.6
785 1500 2800 1.3
786 0 0 2.8
786 500 1400 1.2
786 1000 2000 1.6
786 1500 2800 1.3
787 0 0 2.8
787 500 1400 1.2
787 1000 2000 1.6
787 1500 2800 1.3
788 0 0 2.8
788 500 1400 1.2
788 1000 2000 1.6
788 1500 2800 1.3
789 0 0 2.8
789 500 1400 1.2
789 1000 2000 1.6
789 1500 2800 1.3
790 0 0 2.8
790 500 1400 1.2
790 1000 2000 1.6
790 1500 2800 1.3
791 0 0 2.8
791 500 1400 1.2
791 1000 2000 1.6
791 1500 2800 1.3
792 0 0 2.8
792 500 1400 1.2
792 1000 2000 1.6
792 1500 2800 1.3
793 0 0 2.8
793 500 1400 1.2
793 1000 2000 1.6
793 1500 2800 1.3
794 0 0 2.8
794 500 1400 1.2
794 1000 2000 1.6
794 1500 2800 1.3
795 0 0 2.8
795 500 1400 1.2
795 1000 2000 1.6
795 1500 2800 1.3
796 0 0 2.8
796 500 1400 1.2
796 1000 2000 1.6
796 1500 2800 1.3
797 0 0 2.8
797 500 1400 1.2
797 1000 2000 1.6
797 1500 2800 1.3
798 0 0 2.8
798 500 1400 1.2
798 1000 2000 1.6
798 1500 2800 1.3
799 0 0 2.8
799 500 1400 1.2
799 1000 2000 1.6
799 1500 2800 1.3
800 0 0 2.8
800 500 1400 1.2
800 1000 2000 1.6
800 1500 2800 1.3
801 0 0 2.8
801 500 1400 1.2
801 1000 2000 1.6
801 1500 2800 1.3
802 0 0 2.8
802 500 1400 1.2
802 1000 2000 1.6
802 1500 2800 1.3
803 0 0 2.8
803 500 1400 1.2
803 1000 2000 1.6
803 1500 2800 1.3
804 0 0 2.8
804 500 1400 1.2
804 1000 2000 1.6
804 1500 2800 1.3
805 0 0 2.8
805 500 1400 1.2
805 1000 2000 1.6
805 1500 2800 1.3
806 0 0 2.8
806 500 1400 1.2
806 1000 2000 1.6
806 1500 2800 1.3
807 0 0 2.8
807 500 1400 1.2
807 1000 2000 1.6
807 1500 2800 1.3
808 0 0 2.8
808 500 1400 1.2
808 1000 2000 1.6
808 1500 2800 1.3
809 0 0 2.8
809 500 1400 1.2
809 1000 2000 1.6
809 1500 2800 1.3
810 0 0 2.8
810 500 1400 1.2
810 1000 2000 1.6
810 1500 2800 1.3
811 0 0 2.8
811 500 1400 1.2
811 1000 2000 1.6
811 1500 2800 1.3
812 0 0 2.8
812 500 1400 1.2
812 1000 2000 1.6
812 1500 2800 1.3
813 0 0 2.8
813 500 1400 1.2
813 1000 2000 1.6
813 1500 2800 1.3
814 0 0 2.8
814 500 1400 1.2
814 1000 2000 1.6
814 1500 2800 1.3
815 0 0 2.8
815 500 1400 1.2
815 1000 2000 1.6
815 1500 2800 1.3
816 0 0 2.8
816 500 1400 1.2
816 1000 2000 1.6
816 1500 2800 1.3
817 0 0 2.8
817 500 1400 1.2
817 1000 2000 1.6
817 1500 2800 1.3
818 0 0 2.8
818 500 1400 1.2
818 1000 2000 1.6
818 1500 2800 1.3
819 0 0 2.8
819 500 1400 1.2
819 1000 2000 1.6
819 1500 2800 1.3
820 0 0 2.8
820 500 1400 1.2
820 1000 2000 1.6
820 1500 2800 1.3
821 0 0 2.8
821 500 1400 1.2
821 1000 2000 1.6
821 1500 2800 1.3
822 0 0 2.8
822 500 1400 1.2
822 1000 2000 1.6
822 1500 2800 1.3
823 0 0 2.8
823 500 1400 1.2
823 1000 2000 1.6
823 1500 2800 1.3
824 0 0 2.8
824 500 1400 1.2
824 1000 2000 1.6
824 1500 2800 1.3
825 0 0 2.8
825 500 1400 1.2
825 1000 2000 1.6
825 1500 2800 1.3
826 0 0 2.8
826 500 1400 1.2
826 1000 2000 1.6
826 1500 2800 1.3
827 0 0 2.8
827 500 1400 1.2
827 1000 2000 1.6
827 1500 2800 1.3
828 0 0 2.8
828 500 1400 1.2
828 1000 2000 1.6
828 1500 2800 1.3
829 0 0 2.8
829 500 1400 1.2
829 1000 2000 1.6
829 1500 2800 1.3
830 0 0 2.8
830 500 1400 1.2
830 1000 2000 1.6
830 1500 2800 1.3
831 0 0 2.8
831 500 1400 1.2
831 1000 2000 1.6
831 1500 2800 1.3
832 0 0 2.8
832 500 1400 1.2
832 1000 2000 1.6
832 1500 2800 1.3
833 0 0 2.8
833 500 1400 1.2
833 1000 2000 1.6
833 1500 2800 1.3
834 0 0 2.8
834 500 1400 1.2
834 1000 2000 1.6
834 1500 2800 1.3
835 0 0 2.8
835 500 1400 1.2
835 1000 2000 1.6
835 1500 2800 1.3
836 0 0 2.8
836 500 1400 1.2
836 1000 2000 1.6
836 1500 2800 1.3
837 0 0 2.8
837 500 1400 1.2
837 1000 2000 1.6
837 1500 2800 1.3
838 0 0 2.8
838 500 1400 1.2
838 1000 2000 1.6
838 1500 2800 1.3
839 0 0 2.8
839 500 1400 1.2
839 1000 2000 1.6
839 1500 2800 1.3
840 0 0 2.8
840 500 1400 1.2
840 1000 2000 1.6
840 1500 2800 1.3
841 0 0 2.8
841 500 1400 1.2
841 1000 2000 1.6
841 1500 2800 1.3
842 0 0 2.8
842 500 1400 1.2
842 1000 2000 1.6
842 1500 2800 1.3
843 0 0 2.8
843 500 1400 1.2
843 1000 2000 1.6
843 1500 2800 1.3
844 0 0 2.8
844 500 1400 1.2
844 1000 2000 1.6
844 1500 2800 1.3
845 0 0 2.8
845 500 1400 1.2
845 1000 2000 1.6
845 1500 2800 1.3
846 0 0 2.8
846 500 1400 1.2
846 1000 2000 1.6
846 1500 2800 1.3
847 0 0 2.8
847 500 1400 1.2
847 1000 2000 1.6
847 1500 2800 1.3
848 0 0 2.8
848 500 1400 1.2
848 1000 2000 1.6
848 1500 2800 1.3
849 0 0 2.8
849 500 1400 1.2
849 1000 2000 1.6
849 1500 2800 1.3
850 0 0 2.8
850 500 1400 1.2
850 1000 2000 1.6
850 1500 2800 1.3
851 0 0 2.8
851 500 1400 1.2
851 1000 2000 1.6
851 1500 2800 1.3
852 0 0 2.8
852 500 1400 1.2
852 1000 2000 1.6
852 1500 2800 1.3
853 0 0 2.8
853 500 1400 1.2
853 1000 2000 1.6
853 1500 2800 1.3
854 0 0 2.8
854 500 1400 1.2
854 1000 2000 1.6
854 1500 2800 1.3
855 0 0 2.8
855 500 1400 1.2
855 1000 2000 1.6
855 1500 2800 1.3
856 0 0 2.8
856 500 1400 1.2
856 1000 2000 1.6
856 1500 2800 1.3
857 0 0 2.8
857 500 1400 1.2
857 1000 2000 1.6
857 1500 2800 1.3
858 0 0 2.8
858 500 1400 1.2
858 1000 2000 1.6
858 1500 2800 1.3
859 0 0 2.8
859 500 1400 1.2
859 1000 2000 1.6
859 1500 2800 1.3
860 0 0 2.8
860 500 1400 1.2
860 1000 2000 1.6
860 1500 2800 1.3
861 0 0 2.8
861 500 1400 1.2
861 1000 2000 1.6
861 1500 2800 1.3
862 0 0 2.8
862 500 1400 1.2
862 1000 2000 1.6
862 1500 2800 1.3
863 0 0 2.8
863 500 1400 1.2
863 1000 2000 1.6
863 1500 2800 1.3
864 0 0 2.8
864 500 1400 1.2
864 1000 2000 1.6
864 1500 2800 1.3
865 0 0 2.8
865 500 1400 1.2
865 1000 2000 1.6
865 1500 2800 1.3
866 0 0 2.8
866 500 1400 1.2
866 1000 2000 1.6
866 1500 2800 1.3
867 0 0 2.8
867 500 1400 1.2
867 1000 2000 1.6
867 1500 2800 1.3
868 0 0 2.8
868 500 1400 1.2
868 1000 2000 1.6
868 1500 2800 1.3
869 0 0 2.8
869 500 1400 1.2
869 1000 2000 1.6
869 1500 2800 1.3
870 0 0 2.8
870 500 1400 1.2
870 1000 2000 1.6
870 1500 2800 1.3
871 0 0 2.8
871 500 1400 1.2
871 1000 2000 1.6
871 1500 2800 1.3
872 0 0 2.8
872 500 1400 1.2
872 1000 2000 1.6
872 1500 2800 1.3
873 0 0 2.8
873 500 1400 1.2
873 1000 2000 1.6
873 1500 2800 1.3
874 0 0 2.8
874 500 1400 1.2
874 1000 2000 1.6
874 1500 2800 1.3
875 0 0 2.8
875 500 1400 1.2
875 1000 2000 1.6
875 1500 2800 1.3
876 0 0 2.8
876 500 1400 1.2
876 1000 2000 1.6
876 1500 2800 1.3
877 0 0 2.8
877 500 1400 1.2
877 1000 2000 1.6
877 1500 2800 1.3
878 0 0 2.8
878 500 1400 1.2
878 1000 2000 1.6
878 1500 2800 1.3
879 0 0 2.8
879 500 1400 1.2
879 1000 2000 1.6
879 1500 2800 1.3
880 0 0 2.8
880 500 1400 1.2
880 1000 2000 1.6
880 1500 2800 1.3
881 0 0 2.8
881 500 1400 1.2
881 1000 2000 1.6
881 1500 2800 1.3
882 0 0 2.8
882 500 1400 1.2
882 1000 2000 1.6
882 1500 2800 1.3
883 0 0 2.8
883 500 1400 1.2
883 1000 2000 1.6
883 1500 2800 1.3
884 0 0 2.8
884 500 1400 1.2
884 1000 2000 1.6
884 1500 2800 1.3
885 0 0 2.8
885 500 1400 1.2
885 1000 2000 1.6
885 1500 2800 1.3
886 0 0 2.8
886 500 1400 1.2
886 1000 2000 1.6
886 1500 2800 1.3
887 0 0 2.8
887 500 1400 1.2
887 1000 2000 1.6
887 1500 2800 1.3
888 0 0 2.8
888 500 1400 1.2
888 1000 2000 1.6
888 1500 2800 1.3
889 0 0 2.8
889 500 1400 1.2
889 1000 2000 1.6
889 1500 2800 1.3
890 0 0 2.8
890 500 1400 1.2
890 1000 2000 1.6
890 1500 2800 1.3
891 0 0 2.8
891 500 1400 1.2
891 1000 2000 1.6
891 1500 2800 1.3
892 0 0 2.8
892 500 1400 1.2
892 1000 2000 1.6
892 1500 2800 1.3
893 0 0 2.8
893 500 1400 1.2
893 1000 2000 1.6
893 1500 2800 1.3
894 0 0 2.8
894 500 1400 1.2
894 1000 2000 1.6
894 1500 2800 1.3
895 0 0 2.8
895 500 1400 1.2
895 1000 2000 1.6
895 1500 2800 1.3
896 0 0 2.8
896 500 1400 1.2
896 1000 2000 1.6
896 1500 2800 1.3
897 0 0 2.8
897 500 1400 1.2
897 1000 2000 1.6
897 1500 2800 1.3
898 0 0 2.8
898 500 1400 1.2
898 1000 2000 1.6
898 1500 2800 1.3
899 0 0 2.8
899 500 1400 1.2
899 1000 2000 1.6
899 1500 2800 1.3
900 0 0 2.8
900 500 1400 1.2
900 1000 2000 1.6
900 1500 2800 1.3
901 0 0 2.8
901 500 1400 1.2
901 1000 2000 1.6
901 1500 2800 1.3
902 0 0 2.8
902 500 1400 1.2
902 1000 2000 1.6
902 1500 2800 1.3
903 0 0 2.8
903 500 1400 1.2
903 1000 2000 1.6
903 1500 2800 1.3
904 0 0 2.8
904 500 1400 1.2
904 1000 2000 1.6
904 1500 2800 1.3
905 0 0 2.8
905 500 1400 1.2
905 1000 2000 1.6
905 1500 2800 1.3
906 0 0 2.8
906 500 1400 1.2
906 1000 2000 1.6
906 1500 2800 1.3
907 0 0 2.8
907 500 1400 1.2
907 1000 2000 1.6
907 1500 2800 1.3
908 0 0 2.8
908 500 1400 1.2
908 1000 2000 1.6
908 1500 2800 1.3
909 0 0 2.8
909 500 1400 1.2
909 1000 2000 1.6
909 1500 2800 1.3
910 0 0 2.8
910 500 1400 1.2
910 1000 2000 1.6
910 1500 2800 1.3
911 0 0 2.8
911 500 1400 1.2
911 1000 2000 1.6
911 1500 2800 1.3
912 0 0 2.8
912 500 1400 1.2
912 1000 2000 1.6
912 1500 2800 1.3
913 0 0 2.8
913 500 1400 1.2
913 1000 2000 1.6
913 1500 2800 1.3
914 0 0 2.8
914 500 1400 1.2
914 1000 2000 1.6
914 1500 2800 1.3
915 0 0 2.8
915 500 1400 1.2
915 1000 2000 1.6
915 1500 2800 1.3
916 0 0 2.8
916 500 1400 1.2
916 1000 2000 1.6
916 1500 2800 1.3
917 0 0 2.8
917 500 1400 1.2
917 1000 2000 1.6
917 1500 2800 1.3
918 0 0 2.8
918 500 1400 1.2
918 1000 2000 1.6
918 1500 2800 1.3
919 0 0 2.8
919 500 1400 1.2
919 1000 2000 1.6
919 1500 2800 1.3
920 0 0 2.8
920 500 1400 1.2
920 1000 2000 1.6
920 1500 2800 1.3
921 0 0 2.8
921 500 1400 1.2
921 1000 2000 1.6
921 1500 2800 1.3
922 0 0 2.8
922 500 1400 1.2
922 1000 2000 1.6
922 1500 2800 1.3
923 0 0 2.8
923 500 1400 1.2
923 1000 2000 1.6
923 1500 2800 1.3
924 0 0 2.8
924 500 1400 1.2
924 1000 2000 1.6
924 1500 2800 1.3
925 0 0 2.8
925 500 1400 1.2
925 1000 2000 1.6
925 1500 2800 1.3
926 0 0 2.8
926 500 1400 1.2
926 1000 2000 1.6
926 1500 2800 1.3
927 0 0 2.8
927 500 1400 1.2
927 1000 2000 1.6
927 1500 2800 1.3
928 0 0 2.8
928 500 1400 1.2
928 1000 2000 1.6
928 1500 2800 1.3
929 0 0 2.8
929 500 1400 1.2
929 1000 2000 1.6
929 1500 2800 1.3
930 0 0 2.8
930 500 1400 1.2
930 1000 2000 1.6
930 1500 2800 1.3
931 0 0 2.8
931 500 1400 1.2
931 1000 2000 1.6
931 1500 2800 1.3
932 0 0 2.8
932 500 1400 1.2
932 1000 2000 1.6
932 1500 2800 1.3
933 0 0 2.8
933 500 1400 1.2
933 1000 2000 1.6
933 1500 2800 1.3
934 0 0 2.8
934 500 1400 1.2
934 1000 2000 1.6
934 1500 2800 1.3
935 0 0 2.8
935 500 1400 1.2
935 1000 2000 1.6
935 1500 2800 1.3
936 0 0 2.8
936 500 1400 1.2
936 1000 2000 1.6
936 1500 2800 1.3
937 0 0 2.8
937 500 1400 1.2
937 1000 2000 1.6
937 1500 2800 1.3
938 0 0 2.8
938 500 1400 1.2
938 1000 2000 1.6
938 1500 2800 1.3
939 0 0 2.8
939 500 1400 1.2
939 1000 2000 1.6
939 1500 2800 1.3
940 0 0 2.8
940 500 1400 1.2
940 1000 2000 1.6
940 1500 2800 1.3
941 0 0 2.8
941 500 1400 1.2
941 1000 2000 1.6
941 1500 2800 1.3
942 0 0 2.8
942 500 1400 1.2
942 1000 2000 1.6
942 1500 2800 1.3
943 0 0 2.8
943 500 1400 1.2
943 1000 2000 1.6
943 1500 2800 1.3
944 0 0 2.8
944 500 1400 1.2
944 1000 2000 1.6
944 1500 2800 1.3
945 0 0 2.8
945 500 1400 1.2
945 1000 2000 1.6
945 1500 2800 1.3
946 0 0 2.8
946 500 1400 1.2
946 1000 2000 1.6
946 1500 2800 1.3
947 0 0 2.8
947 500 1400 1.2
947 1000 2000 1.6
947 1500 2800 1.3
948 0 0 2.8
948 500 1400 1.2
948 1000 2000 1.6
948 1500 2800 1.3
949 0 0 2.8
949 500 1400 1.2
949 1000 2000 1.6
949 1500 2800 1.3
950 0 0 2.8
950 500 1400 1.2
950 1000 2000 1.6
950 1500 2800 1.3
951 0 0 2.8
951 500 1400 1.2
951 1000 2000 1.6
951 1500 2800 1.3
952 0 0 2.8
952 500 1400 1.2
952 1000 2000 1.6
952 1500 2800 1.3
953 0 0 2.8
953 500 1400 1.2
953 1000 2000 1.6
953 1500 2800 1.3
954 0 0 2.8
954 500 1400 1.2
954 1000 2000 1.6
954 1500 2800 1.3
955 0 0 2.8
955 500 1400 1.2
955 1000 2000 1.6
955 1500 2800 1.3
956 0 0 2.8
956 500 1400 1.2
956 1000 2000 1.6
956 1500 2800 1.3
957 0 0 2.8
957 500 1400 1.2
957 1000 2000 1.6
957 1500 2800 1.3
958 0 0 2.8
958 500 1400 1.2
958 1000 2000 1.6
958 1500 2800 1.3
959 0 0 2.8
959 500 1400 1.2
959 1000 2000 1.6
959 1500 2800 1.3
960 0 0 2.8
960 500 1400 1.2
960 1000 2000 1.6
960 1500 2800 1.3
961 0 0 2.8
961 500 1400 1.2
961 1000 2000 1.6
961 1500 2800 1.3
962 0 0 2.8
962 500 1400 1.2
962 1000 2000 1.6
962 1500 2800 1.3
963 0 0 2.8
963 500 1400 1.2
963 1000 2000 1.6
963 1500 2800 1.3
964 0 0 2.8
964 500 1400 1.2
964 1000 2000 1.6
964 1500 2800 1.3
965 0 0 2.8
965 500 1400 1.2
965 1000 2000 1.6
965 1500 2800 1.3
966 0 0 2.8
966 500 1400 1.2
966 1000 2000 1.6
966 1500 2800 1.3
967 0 0 2.8
967 500 1400 1.2
967 1000 2000 1.6
967 1500 2800 1.3
968 0 0 2.8
968 500 1400 1.2
968 1000 2000 1.6
968 1500 2800 1.3
969 0 0 2.8
969 500 1400 1.2
969 1000 2000 1.6
969 1500 2800 1.3
970 0 0 2.8
970 500 1400 1.2
970 1000 2000 1.6
970 1500 2800 1.3
971 0 0 2.8
971 500 1400 1.2
971 1000 2000 1.6
971 1500 2800 1.3
972 0 0 2.8
972 500 1400 1.2
972 1000 2000 1.6
972 1500 2800 1.3
973 0 0 2.8
973 500 1400 1.2
973 1000 2000 1.6
973 1500 2800 1.3
974 0 0 2.8
974 500 1400 1.2
974 1000 2000 1.6
974 1500 2800 1.3
975 0 0 2.8
975 500 1400 1.2
975 1000 2000 1.6
975 1500 2800 1.3
976 0 0 2.8
976 500 1400 1.2
976 1000 2000 1.6
976 1500 2800 1.3
977 0 0 2.8
977 500 1400 1.2
977 1000 2000 1.6
977 1500 2800 1.3
978 0 0 2.8
978 500 1400 1.2
978 1000 2000 1.6
978 1500 2800 1.3
979 0 0 2.8
979 500 1400 1.2
979 1000 2000 1.6
979 1500 2800 1.3
980 0 0 2.8
980 500 1400 1.2
980 1000 2000 1.6
980 1500 2800 1.3
981 0 0 2.8
981 500 1400 1.2
981 1000 2000 1.6
981 1500 2800 1.3
982 0 0 2.8
982 500 1400 1.2
982 1000 2000 1.6
982 1500 2800 1.3
983 0 0 2.8
983 500 1400 1.2
983 1000 2000 1.6
983 1500 2800 1.3
984 0 0 2.8
984 500 1400 1.2
984 1000 2000 1.6
984 1500 2800 1.3
985 0 0 2.8
985 500 1400 1.2
985 1000 2000 1.6
985 1500 2800 1.3
986 0 0 2.8
986 500 1400 1.2
986 1000 2000 1.6
986 1500 2800 1.3
987 0 0 2.8
987 500 1400 1.2
987 1000 2000 1.6
987 1500 2800 1.3
988 0 0 2.8
988 500 1400 1.2
988 1000 2000 1.6
988 1500 2800 1.3
989 0 0 2.8
989 500 1400 1.2
989 1000 2000 1.6
989 1500 2800 1.3
990 0 0 2.8
990 500 1400 1.2
990 1000 2000 1.6
990 1500 2800 1.3
991 0 0 2.8
991 500 1400 1.2
991 1000 2000 1.6
991 1500 2800 1.3
992 0 0 2.8
992 500 1400 1.2
992 1000 2000 1.6
992 1500 2800 1.3
993 0 0 2.8
993 500 1400 1.2
993 1000 2000 1.6
993 1500 2800 1.3
994 0 0 2.8
994 500 1400 1.2
994 1000 2000 1.6
994 1500 2800 1.3
995 0 0 2.8
995 500 1400 1.2
995 1000 2000 1.6
995 1500 2800 1.3
996 0 0 2.8
996 500 1400 1.2
996 1000 2000 1.6
996 1500 2800 1.3
997 0 0 2.8
997 500 1400 1.2
997 1000 2000 1.6
997 1500 2800 1.3
998 0 0 2.8
998 500 1400 1.2
998 1000 2000 1.6
998 1500 2800 1.3
999 0 0 2.8
999 500 1400 1.2
999 1000 2000 1.6
999 1500 2800 1.3
