1000 4
0 0 0 2.9
0 500 1450 2.8
0 1000 2850 4.7
0 1500 5200 1.3
1 0 0 2.9
1 500 1450 2.8
1 1000 2850 4.7
1 1500 5200 1.3
2 0 0 2.9
2 500 1450 2.8
2 1000 2850 4.7
2 1500 5200 1.3
3 0 0 2.9
3 500 1450 2.8
3 1000 2850 4.7
3 1500 5200 1.3
4 0 0 2.9
4 500 1450 2.8
4 1000 2850 4.7
4 1500 5200 1.3
5 0 0 2.9
5 500 1450 2.8
5 1000 2850 4.7
5 1500 5200 1.3
6 0 0 2.9
6 500 1450 2.8
6 1000 2850 4.7
6 1500 5200 1.3
7 0 0 2.9
7 500 1450 2.8
7 1000 2850 4.7
7 1500 5200 1.3
8 0 0 2.9
8 500 1450 2.8
8 1000 2850 4.7
8 1500 5200 1.3
9 0 0 2.9
9 500 1450 2.8
9 1000 2850 4.7
9 1500 5200 1.3
10 0 0 2.9
10 500 1450 2.8
10 1000 2850 4.7
10 1500 5200 1.3
11 0 0 2.9
11 500 1450 2.8
11 1000 2850 4.7
11 1500 5200 1.3
12 0 0 2.9
12 500 1450 2.8
12 1000 2850 4.7
12 1500 5200 1.3
13 0 0 2.9
13 500 1450 2.8
13 1000 2850 4.7
13 1500 5200 1.3
14 0 0 2.9
14 500 1450 2.8
14 1000 2850 4.7
14 1500 5200 1.3
15 0 0 2.9
15 500 1450 2.8
15 1000 2850 4.7
15 1500 5200 1.3
16 0 0 2.9
16 500 1450 2.8
16 1000 2850 4.7
16 1500 5200 1.3
17 0 0 2.9
17 500 1450 2.8
17 1000 2850 4.7
17 1500 5200 1.3
18 0 0 2.9
18 500 1450 2.8
18 1000 2850 4.7
18 1500 5200 1.3
19 0 0 2.9
19 500 1450 2.8
19 1000 2850 4.7
19 1500 5200 1.3
20 0 0 2.9
20 500 1450 2.8
20 1000 2850 4.7
20 1500 5200 1.3
21 0 0 2.9
21 500 1450 2.8
21 1000 2850 4.7
21 1500 5200 1.3
22 0 0 2.9
22 500 1450 2.8
22 1000 2850 4.7
22 1500 5200 1.3
23 0 0 2.9
23 500 1450 2.8
23 1000 2850 4.7
23 1500 5200 1.3
24 0 0 2.9
24 500 1450 2.8
24 1000 2850 4.7
24 1500 5200 1.3
25 0 0 2.9
25 500 1450 2.8
25 1000 2850 4.7
25 1500 5200 1.3
26 0 0 2.9
26 500 1450 2.8
26 1000 2850 4.7
26 1500 5200 1.3
27 0 0 2.9
27 500 1450 2.8
27 1000 2850 4.7
27 1500 5200 1.3
28 0 0 2.9
28 500 1450 2.8
28 1000 2850 4.7
28 1500 5200 1.3
29 0 0 2.9
29 500 1450 2.8
29 1000 2850 4.7
29 1500 5200 1.3
30 0 0 2.9
30 500 1450 2.8
30 1000 2850 4.7
30 1500 5200 1.3
31 0 0 2.9
31 500 1450 2.8
31 1000 2850 4.7
31 1500 5200 1.3
32 0 0 2.9
32 500 1450 2.8
32 1000 2850 4.7
32 1500 5200 1.3
33 0 0 2.9
33 500 1450 2.8
33 1000 2850 4.7
33 1500 5200 1.3
34 0 0 2.9
34 500 1450 2.8
34 1000 2850 4.7
34 1500 5200 1.3
35 0 0 2.9
35 500 1450 2.8
35 1000 2850 4.7
35 1500 5200 1.3
36 0 0 2.9
36 500 1450 2.8
36 1000 2850 4.7
36 1500 5200 1.3
37 0 0 2.9
37 500 1450 2.8
37 1000 2850 4.7
37 1500 5200 1.3
38 0 0 2.9
38 500 1450 2.8
38 1000 2850 4.7
38 1500 5200 1.3
39 0 0 2.9
39 500 1450 2.8
39 1000 2850 4.7
39 1500 5200 1.3
40 0 0 2.9
40 500 1450 2.8
40 1000 2850 4.7
40 1500 5200 1.3
41 0 0 2.9
41 500 1450 2.8
41 1000 2850 4.7
41 1500 5200 1.3
42 0 0 2.9
42 500 1450 2.8
42 1000 2850 4.7
42 1500 5200 1.3
43 0 0 2.9
43 500 1450 2.8
43 1000 2850 4.7
43 1500 5200 1.3
44 0 0 2.9
44 500 1450 2.8
44 1000 2850 4.7
44 1500 5200 1.3
45 0 0 2.9
45 500 1450 2.8
45 1000 2850 4.7
45 1500 5200 1.3
46 0 0 2.9
46 500 1450 2.8
46 1000 2850 4.7
46 1500 5200 1.3
47 0 0 2.9
47 500 1450 2.8
47 1000 2850 4.7
47 1500 5200 1.3
48 0 0 2.9
48 500 1450 2.8
48 1000 2850 4.7
48 1500 5200 1.3
49 0 0 2.9
49 500 1450 2.8
49 1000 2850 4.7
49 1500 5200 1.3
50 0 0 2.9
50 500 1450 2.8
50 1000 2850 4.7
50 1500 5200 1.3
51 0 0 2.9
51 500 1450 2.8
51 1000 2850 4.7
51 1500 5200 1.3
52 0 0 2.9
52 500 1450 2.8
52 1000 2850 4.7
52 1500 5200 1.3
53 0 0 2.9
53 500 1450 2.8
53 1000 2850 4.7
53 1500 5200 1.3
54 0 0 2.9
54 500 1450 2.8
54 1000 2850 4.7
54 1500 5200 1.3
55 0 0 2.9
55 500 1450 2.8
55 1000 2850 4.7
55 1500 5200 1.3
56 0 0 2.9
56 500 1450 2.8
56 1000 2850 4.7
56 1500 5200 1.3
57 0 0 2.9
57 500 1450 2.8
57 1000 2850 4.7
57 1500 5200 1.3
58 0 0 2.9
58 500 1450 2.8
58 1000 2850 4.7
58 1500 5200 1.3
59 0 0 2.9
59 500 1450 2.8
59 1000 2850 4.7
59 1500 5200 1.3
60 0 0 2.9
60 500 1450 2.8
60 1000 2850 4.7
60 1500 5200 1.3
61 0 0 2.9
61 500 1450 2.8
61 1000 2850 4.7
61 1500 5200 1.3
62 0 0 2.9
62 500 1450 2.8
62 1000 2850 4.7
62 1500 5200 1.3
63 0 0 2.9
63 500 1450 2.8
63 1000 2850 4.7
63 1500 5200 1.3
64 0 0 2.9
64 500 1450 2.8
64 1000 2850 4.7
64 1500 5200 1.3
65 0 0 2.9
65 500 1450 2.8
65 1000 2850 4.7
65 1500 5200 1.3
66 0 0 2.9
66 500 1450 2.8
66 1000 2850 4.7
66 1500 5200 1.3
67 0 0 2.9
67 500 1450 2.8
67 1000 2850 4.7
67 1500 5200 1.3
68 0 0 2.9
68 500 1450 2.8
68 1000 2850 4.7
68 1500 5200 1.3
69 0 0 2.9
69 500 1450 2.8
69 1000 2850 4.7
69 1500 5200 1.3
70 0 0 2.9
70 500 1450 2.8
70 1000 2850 4.7
70 1500 5200 1.3
71 0 0 2.9
71 500 1450 2.8
71 1000 2850 4.7
71 1500 5200 1.3
72 0 0 2.9
72 500 1450 2.8
72 1000 2850 4.7
72 1500 5200 1.3
73 0 0 2.9
73 500 1450 2.8
73 1000 2850 4.7
73 1500 5200 1.3
74 0 0 2.9
74 500 1450 2.8
74 1000 2850 4.7
74 1500 5200 1.3
75 0 0 2.9
75 500 1450 2.8
75 1000 2850 4.7
75 1500 5200 1.3
76 0 0 2.9
76 500 1450 2.8
76 1000 2850 4.7
76 1500 5200 1.3
77 0 0 2.9
77 500 1450 2.8
77 1000 2850 4.7
77 1500 5200 1.3
78 0 0 2.9
78 500 1450 2.8
78 1000 2850 4.7
78 1500 5200 1.3
79 0 0 2.9
79 500 1450 2.8
79 1000 2850 4.7
79 1500 5200 1.3
80 0 0 2.9
80 500 1450 2.8
80 1000 2850 4.7
80 1500 5200 1.3
81 0 0 2.9
81 500 1450 2.8
81 1000 2850 4.7
81 1500 5200 1.3
82 0 0 2.9
82 500 1450 2.8
82 1000 2850 4.7
82 1500 5200 1.3
83 0 0 2.9
83 500 1450 2.8
83 1000 2850 4.7
83 1500 5200 1.3
84 0 0 2.9
84 500 1450 2.8
84 1000 2850 4.7
84 1500 5200 1.3
85 0 0 2.9
85 500 1450 2.8
85 1000 2850 4.7
85 1500 5200 1.3
86 0 0 2.9
86 500 1450 2.8
86 1000 2850 4.7
86 1500 5200 1.3
87 0 0 2.9
87 500 1450 2.8
87 1000 2850 4.7
87 1500 5200 1.3
88 0 0 2.9
88 500 1450 2.8
88 1000 2850 4.7
88 1500 5200 1.3
89 0 0 2.9
89 500 1450 2.8
89 1000 2850 4.7
89 1500 5200 1.3
90 0 0 2.9
90 500 1450 2.8
90 1000 2850 4.7
90 1500 5200 1.3
91 0 0 2.9
91 500 1450 2.8
91 1000 2850 4.7
91 1500 5200 1.3
92 0 0 2.9
92 500 1450 2.8
92 1000 2850 4.7
92 1500 5200 1.3
93 0 0 2.9
93 500 1450 2.8
93 1000 2850 4.7
93 1500 5200 1.3
94 0 0 2.9
94 500 1450 2.8
94 1000 2850 4.7
94 1500 5200 1.3
95 0 0 2.9
95 500 1450 2.8
95 1000 2850 4.7
95 1500 5200 1.3
96 0 0 2.9
96 500 1450 2.8
96 1000 2850 4.7
96 1500 5200 1.3
97 0 0 2.9
97 500 1450 2.8
97 1000 2850 4.7
97 1500 5200 1.3
98 0 0 2.9
98 500 1450 2.8
98 1000 2850 4.7
98 1500 5200 1.3
99 0 0 2.9
99 500 1450 2.8
99 1000 2850 4.7
99 1500 5200 1.3
100 0 0 2.9
100 500 1450 2.8
100 1000 2850 4.7
100 1500 5200 1.3
101 0 0 2.9
101 500 1450 2.8
101 1000 2850 4.7
101 1500 5200 1.3
102 0 0 2.9
102 500 1450 2.8
102 1000 2850 4.7
102 1500 5200 1.3
103 0 0 2.9
103 500 1450 2.8
103 1000 2850 4.7
103 1500 5200 1.3
104 0 0 2.9
104 500 1450 2.8
104 1000 2850 4.7
104 1500 5200 1.3
105 0 0 2.9
105 500 1450 2.8
105 1000 2850 4.7
105 1500 5200 1.3
106 0 0 2.9
106 500 1450 2.8
106 1000 2850 4.7
106 1500 5200 1.3
107 0 0 2.9
107 500 1450 2.8
107 1000 2850 4.7
107 1500 5200 1.3
108 0 0 2.9
108 500 1450 2.8
108 1000 2850 4.7
108 1500 5200 1.3
109 0 0 2.9
109 500 1450 2.8
109 1000 2850 4.7
109 1500 5200 1.3
110 0 0 2.9
110 500 1450 2.8
110 1000 2850 4.7
110 1500 5200 1.3
111 0 0 2.9
111 500 1450 2.8
111 1000 2850 4.7
111 1500 5200 1.3
112 0 0 2.9
112 500 1450 2.8
112 1000 2850 4.7
112 1500 5200 1.3
113 0 0 2.9
113 500 1450 2.8
113 1000 2850 4.7
113 1500 5200 1.3
114 0 0 2.9
114 500 1450 2.8
114 1000 2850 4.7
114 1500 5200 1.3
115 0 0 2.9
115 500 1450 2.8
115 1000 2850 4.7
115 1500 5200 1.3
116 0 0 2.9
116 500 1450 2.8
116 1000 2850 4.7
116 1500 5200 1.3
117 0 0 2.9
117 500 1450 2.8
117 1000 2850 4.7
117 1500 5200 1.3
118 0 0 2.9
118 500 1450 2.8
118 1000 2850 4.7
118 1500 5200 1.3
119 0 0 2.9
119 500 1450 2.8
119 1000 2850 4.7
119 1500 5200 1.3
120 0 0 2.9
120 500 1450 2.8
120 1000 2850 4.7
120 1500 5200 1.3
121 0 0 2.9
121 500 1450 2.8
121 1000 2850 4.7
121 1500 5200 1.3
122 0 0 2.9
122 500 1450 2.8
122 1000 2850 4.7
122 1500 5200 1.3
123 0 0 2.9
123 500 1450 2.8
123 1000 2850 4.7
123 1500 5200 1.3
124 0 0 2.9
124 500 1450 2.8
124 1000 2850 4.7
124 1500 5200 1.3
125 0 0 2.9
125 500 1450 2.8
125 1000 2850 4.7
125 1500 5200 1.3
126 0 0 2.9
126 500 1450 2.8
126 1000 2850 4.7
126 1500 5200 1.3
127 0 0 2.9
127 500 1450 2.8
127 1000 2850 4.7
127 1500 5200 1.3
128 0 0 2.9
128 500 1450 2.8
128 1000 2850 4.7
128 1500 5200 1.3
129 0 0 2.9
129 500 1450 2.8
129 1000 2850 4.7
129 1500 5200 1.3
130 0 0 2.9
130 500 1450 2.8
130 1000 2850 4.7
130 1500 5200 1.3
131 0 0 2.9
131 500 1450 2.8
131 1000 2850 4.7
131 1500 5200 1.3
132 0 0 2.9
132 500 1450 2.8
132 1000 2850 4.7
132 1500 5200 1.3
133 0 0 2.9
133 500 1450 2.8
133 1000 2850 4.7
133 1500 5200 1.3
134 0 0 2.9
134 500 1450 2.8
134 1000 2850 4.7
134 1500 5200 1.3
135 0 0 2.9
135 500 1450 2.8
135 1000 2850 4.7
135 1500 5200 1.3
136 0 0 2.9
136 500 1450 2.8
136 1000 2850 4.7
136 1500 5200 1.3
137 0 0 2.9
137 500 1450 2.8
137 1000 2850 4.7
137 1500 5200 1.3
138 0 0 2.9
138 500 1450 2.8
138 1000 2850 4.7
138 1500 5200 1.3
139 0 0 2.9
139 500 1450 2.8
139 1000 2850 4.7
139 1500 5200 1.3
140 0 0 2.9
140 500 1450 2.8
140 1000 2850 4.7
140 1500 5200 1.3
141 0 0 2.9
141 500 1450 2.8
141 1000 2850 4.7
141 1500 5200 1.3
142 0 0 2.9
142 500 1450 2.8
142 1000 2850 4.7
142 1500 5200 1.3
143 0 0 2.9
143 500 1450 2.8
143 1000 2850 4.7
143 1500 5200 1.3
144 0 0 2.9
144 500 1450 2.8
144 1000 2850 4.7
144 1500 5200 1.3
145 0 0 2.9
145 500 1450 2.8
145 1000 2850 4.7
145 1500 5200 1.3
146 0 0 2.9
146 500 1450 2.8
146 1000 2850 4.7
146 1500 5200 1.3
147 0 0 2.9
147 500 1450 2.8
147 1000 2850 4.7
147 1500 5200 1.3
148 0 0 2.9
148 500 1450 2.8
148 1000 2850 4.7
148 1500 5200 1.3
149 0 0 2.9
149 500 1450 2.8
149 1000 2850 4.7
149 1500 5200 1.3
150 0 0 2.9
150 500 1450 2.8
150 1000 2850 4.7
150 1500 5200 1.3
151 0 0 2.9
151 500 1450 2.8
151 1000 2850 4.7
151 1500 5200 1.3
152 0 0 2.9
152 500 1450 2.8
152 1000 2850 4.7
152 1500 5200 1.3
153 0 0 2.9
153 500 1450 2.8
153 1000 2850 4.7
153 1500 5200 1.3
154 0 0 2.9
154 500 1450 2.8
154 1000 2850 4.7
154 1500 5200 1.3
155 0 0 2.9
155 500 1450 2.8
155 1000 2850 4.7
155 1500 5200 1.3
156 0 0 2.9
156 500 1450 2.8
156 1000 2850 4.7
156 1500 5200 1.3
157 0 0 2.9
157 500 1450 2.8
157 1000 2850 4.7
157 1500 5200 1.3
158 0 0 2.9
158 500 1450 2.8
158 1000 2850 4.7
158 1500 5200 1.3
159 0 0 2.9
159 500 1450 2.8
159 1000 2850 4.7
159 1500 5200 1.3
160 0 0 2.9
160 500 1450 2.8
160 1000 2850 4.7
160 1500 5200 1.3
161 0 0 2.9
161 500 1450 2.8
161 1000 2850 4.7
161 1500 5200 1.3
162 0 0 2.9
162 500 1450 2.8
162 1000 2850 4.7
162 1500 5200 1.3
163 0 0 2.9
163 500 1450 2.8
163 1000 2850 4.7
163 1500 5200 1.3
164 0 0 2.9
164 500 1450 2.8
164 1000 2850 4.7
164 1500 5200 1.3
165 0 0 2.9
165 500 1450 2.8
165 1000 2850 4.7
165 1500 5200 1.3
166 0 0 2.9
166 500 1450 2.8
166 1000 2850 4.7
166 1500 5200 1.3
167 0 0 2.9
167 500 1450 2.8
167 1000 2850 4.7
167 1500 5200 1.3
168 0 0 2.9
168 500 1450 2.8
168 1000 2850 4.7
168 1500 5200 1.3
169 0 0 2.9
169 500 1450 2.8
169 1000 2850 4.7
169 1500 5200 1.3
170 0 0 2.9
170 500 1450 2.8
170 1000 2850 4.7
170 1500 5200 1.3
171 0 0 2.9
171 500 1450 2.8
171 1000 2850 4.7
171 1500 5200 1.3
172 0 0 2.9
172 500 1450 2.8
172 1000 2850 4.7
172 1500 5200 1.3
173 0 0 2.9
173 500 1450 2.8
173 1000 2850 4.7
173 1500 5200 1.3
174 0 0 2.9
174 500 1450 2.8
174 1000 2850 4.7
174 1500 5200 1.3
175 0 0 2.9
175 500 1450 2.8
175 1000 2850 4.7
175 1500 5200 1.3
176 0 0 2.9
176 500 1450 2.8
176 1000 2850 4.7
176 1500 5200 1.3
177 0 0 2.9
177 500 1450 2.8
177 1000 2850 4.7
177 1500 5200 1.3
178 0 0 2.9
178 500 1450 2.8
178 1000 2850 4.7
178 1500 5200 1.3
179 0 0 2.9
179 500 1450 2.8
179 1000 2850 4.7
179 1500 5200 1.3
180 0 0 2.9
180 500 1450 2.8
180 1000 2850 4.7
180 1500 5200 1.3
181 0 0 2.9
181 500 1450 2.8
181 1000 2850 4.7
181 1500 5200 1.3
182 0 0 2.9
182 500 1450 2.8
182 1000 2850 4.7
182 1500 5200 1.3
183 0 0 2.9
183 500 1450 2.8
183 1000 2850 4.7
183 1500 5200 1.3
184 0 0 2.9
184 500 1450 2.8
184 1000 2850 4.7
184 1500 5200 1.3
185 0 0 2.9
185 500 1450 2.8
185 1000 2850 4.7
185 1500 5200 1.3
186 0 0 2.9
186 500 1450 2.8
186 1000 2850 4.7
186 1500 5200 1.3
187 0 0 2.9
187 500 1450 2.8
187 1000 2850 4.7
187 1500 5200 1.3
188 0 0 2.9
188 500 1450 2.8
188 1000 2850 4.7
188 1500 5200 1.3
189 0 0 2.9
189 500 1450 2.8
189 1000 2850 4.7
189 1500 5200 1.3
190 0 0 2.9
190 500 1450 2.8
190 1000 2850 4.7
190 1500 5200 1.3
191 0 0 2.9
191 500 1450 2.8
191 1000 2850 4.7
191 1500 5200 1.3
192 0 0 2.9
192 500 1450 2.8
192 1000 2850 4.7
192 1500 5200 1.3
193 0 0 2.9
193 500 1450 2.8
193 1000 2850 4.7
193 1500 5200 1.3
194 0 0 2.9
194 500 1450 2.8
194 1000 2850 4.7
194 1500 5200 1.3
195 0 0 2.9
195 500 1450 2.8
195 1000 2850 4.7
195 1500 5200 1.3
196 0 0 2.9
196 500 1450 2.8
196 1000 2850 4.7
196 1500 5200 1.3
197 0 0 2.9
197 500 1450 2.8
197 1000 2850 4.7
197 1500 5200 1.3
198 0 0 2.9
198 500 1450 2.8
198 1000 2850 4.7
198 1500 5200 1.3
199 0 0 2.9
199 500 1450 2.8
199 1000 2850 4.7
199 1500 5200 1.3
200 0 0 2.9
200 500 1450 2.8
200 1000 2850 4.7
200 1500 5200 1.3
201 0 0 2.9
201 500 1450 2.8
201 1000 2850 4.7
201 1500 5200 1.3
202 0 0 2.9
202 500 1450 2.8
202 1000 2850 4.7
202 1500 5200 1.3
203 0 0 2.9
203 500 1450 2.8
203 1000 2850 4.7
203 1500 5200 1.3
204 0 0 2.9
204 500 1450 2.8
204 1000 2850 4.7
204 1500 5200 1.3
205 0 0 2.9
205 500 1450 2.8
205 1000 2850 4.7
205 1500 5200 1.3
206 0 0 2.9
206 500 1450 2.8
206 1000 2850 4.7
206 1500 5200 1.3
207 0 0 2.9
207 500 1450 2.8
207 1000 2850 4.7
207 1500 5200 1.3
208 0 0 2.9
208 500 1450 2.8
208 1000 2850 4.7
208 1500 5200 1.3
209 0 0 2.9
209 500 1450 2.8
209 1000 2850 4.7
209 1500 5200 1.3
210 0 0 2.9
210 500 1450 2.8
210 1000 2850 4.7
210 1500 5200 1.3
211 0 0 2.9
211 500 1450 2.8
211 1000 2850 4.7
211 1500 5200 1.3
212 0 0 2.9
212 500 1450 2.8
212 1000 2850 4.7
212 1500 5200 1.3
213 0 0 2.9
213 500 1450 2.8
213 1000 2850 4.7
213 1500 5200 1.3
214 0 0 2.9
214 500 1450 2.8
214 1000 2850 4.7
214 1500 5200 1.3
215 0 0 2.9
215 500 1450 2.8
215 1000 2850 4.7
215 1500 5200 1.3
216 0 0 2.9
216 500 1450 2.8
216 1000 2850 4.7
216 1500 5200 1.3
217 0 0 2.9
217 500 1450 2.8
217 1000 2850 4.7
217 1500 5200 1.3
218 0 0 2.9
218 500 1450 2.8
218 1000 2850 4.7
218 1500 5200 1.3
219 0 0 2.9
219 500 1450 2.8
219 1000 2850 4.7
219 1500 5200 1.3
220 0 0 2.9
220 500 1450 2.8
220 1000 2850 4.7
220 1500 5200 1.3
221 0 0 2.9
221 500 1450 2.8
221 1000 2850 4.7
221 1500 5200 1.3
222 0 0 2.9
222 500 1450 2.8
222 1000 2850 4.7
222 1500 5200 1.3
223 0 0 2.9
223 500 1450 2.8
223 1000 2850 4.7
223 1500 5200 1.3
224 0 0 2.9
224 500 1450 2.8
224 1000 2850 4.7
224 1500 5200 1.3
225 0 0 2.9
225 500 1450 2.8
225 1000 2850 4.7
225 1500 5200 1.3
226 0 0 2.9
226 500 1450 2.8
226 1000 2850 4.7
226 1500 5200 1.3
227 0 0 2.9
227 500 1450 2.8
227 1000 2850 4.7
227 1500 5200 1.3
228 0 0 2.9
228 500 1450 2.8
228 1000 2850 4.7
228 1500 5200 1.3
229 0 0 2.9
229 500 1450 2.8
229 1000 2850 4.7
229 1500 5200 1.3
230 0 0 2.9
230 500 1450 2.8
230 1000 2850 4.7
230 1500 5200 1.3
231 0 0 2.9
231 500 1450 2.8
231 1000 2850 4.7
231 1500 5200 1.3
232 0 0 2.9
232 500 1450 2.8
232 1000 2850 4.7
232 1500 5200 1.3
233 0 0 2.9
233 500 1450 2.8
233 1000 2850 4.7
233 1500 5200 1.3
234 0 0 2.9
234 500 1450 2.8
234 1000 2850 4.7
234 1500 5200 1.3
235 0 0 2.9
235 500 1450 2.8
235 1000 2850 4.7
235 1500 5200 1.3
236 0 0 2.9
236 500 1450 2.8
236 1000 2850 4.7
236 1500 5200 1.3
237 0 0 2.9
237 500 1450 2.8
237 1000 2850 4.7
237 1500 5200 1.3
238 0 0 2.9
238 500 1450 2.8
238 1000 2850 4.7
238 1500 5200 1.3
239 0 0 2.9
239 500 1450 2.8
239 1000 2850 4.7
239 1500 5200 1.3
240 0 0 2.9
240 500 1450 2.8
240 1000 2850 4.7
240 1500 5200 1.3
241 0 0 2.9
241 500 1450 2.8
241 1000 2850 4.7
241 1500 5200 1.3
242 0 0 2.9
242 500 1450 2.8
242 1000 2850 4.7
242 1500 5200 1.3
243 0 0 2.9
243 500 1450 2.8
243 1000 2850 4.7
243 1500 5200 1.3
244 0 0 2.9
244 500 1450 2.8
244 1000 2850 4.7
244 1500 5200 1.3
245 0 0 2.9
245 500 1450 2.8
245 1000 2850 4.7
245 1500 5200 1.3
246 0 0 2.9
246 500 1450 2.8
246 1000 2850 4.7
246 1500 5200 1.3
247 0 0 2.9
247 500 1450 2.8
247 1000 2850 4.7
247 1500 5200 1.3
248 0 0 2.9
248 500 1450 2.8
248 1000 2850 4.7
248 1500 5200 1.3
249 0 0 2.9
249 500 1450 2.8
249 1000 2850 4.7
249 1500 5200 1.3
250 0 0 2.9
250 500 1450 2.8
250 1000 2850 4.7
250 1500 5200 1.3
251 0 0 2.9
251 500 1450 2.8
251 1000 2850 4.7
251 1500 5200 1.3
252 0 0 2.9
252 500 1450 2.8
252 1000 2850 4.7
252 1500 5200 1.3
253 0 0 2.9
253 500 1450 2.8
253 1000 2850 4.7
253 1500 5200 1.3
254 0 0 2.9
254 500 1450 2.8
254 1000 2850 4.7
254 1500 5200 1.3
255 0 0 2.9
255 500 1450 2.8
255 1000 2850 4.7
255 1500 5200 1.3
256 0 0 2.9
256 500 1450 2.8
256 1000 2850 4.7
256 1500 5200 1.3
257 0 0 2.9
257 500 1450 2.8
257 1000 2850 4.7
257 1500 5200 1.3
258 0 0 2.9
258 500 1450 2.8
258 1000 2850 4.7
258 1500 5200 1.3
259 0 0 2.9
259 500 1450 2.8
259 1000 2850 4.7
259 1500 5200 1.3
260 0 0 2.9
260 500 1450 2.8
260 1000 2850 4.7
260 1500 5200 1.3
261 0 0 2.9
261 500 1450 2.8
261 1000 2850 4.7
261 1500 5200 1.3
262 0 0 2.9
262 500 1450 2.8
262 1000 2850 4.7
262 1500 5200 1.3
263 0 0 2.9
263 500 1450 2.8
263 1000 2850 4.7
263 1500 5200 1.3
264 0 0 2.9
264 500 1450 2.8
264 1000 2850 4.7
264 1500 5200 1.3
265 0 0 2.9
265 500 1450 2.8
265 1000 2850 4.7
265 1500 5200 1.3
266 0 0 2.9
266 500 1450 2.8
266 1000 2850 4.7
266 1500 5200 1.3
267 0 0 2.9
267 500 1450 2.8
267 1000 2850 4.7
267 1500 5200 1.3
268 0 0 2.9
268 500 1450 2.8
268 1000 2850 4.7
268 1500 5200 1.3
269 0 0 2.9
269 500 1450 2.8
269 1000 2850 4.7
269 1500 5200 1.3
270 0 0 2.9
270 500 1450 2.8
270 1000 2850 4.7
270 1500 5200 1.3
271 0 0 2.9
271 500 1450 2.8
271 1000 2850 4.7
271 1500 5200 1.3
272 0 0 2.9
272 500 1450 2.8
272 1000 2850 4.7
272 1500 5200 1.3
273 0 0 2.9
273 500 1450 2.8
273 1000 2850 4.7
273 1500 5200 1.3
274 0 0 2.9
274 500 1450 2.8
274 1000 2850 4.7
274 1500 5200 1.3
275 0 0 2.9
275 500 1450 2.8
275 1000 2850 4.7
275 1500 5200 1.3
276 0 0 2.9
276 500 1450 2.8
276 1000 2850 4.7
276 1500 5200 1.3
277 0 0 2.9
277 500 1450 2.8
277 1000 2850 4.7
277 1500 5200 1.3
278 0 0 2.9
278 500 1450 2.8
278 1000 2850 4.7
278 1500 5200 1.3
279 0 0 2.9
279 500 1450 2.8
279 1000 2850 4.7
279 1500 5200 1.3
280 0 0 2.9
280 500 1450 2.8
280 1000 2850 4.7
280 1500 5200 1.3
281 0 0 2.9
281 500 1450 2.8
281 1000 2850 4.7
281 1500 5200 1.3
282 0 0 2.9
282 500 1450 2.8
282 1000 2850 4.7
282 1500 5200 1.3
283 0 0 2.9
283 500 1450 2.8
283 1000 2850 4.7
283 1500 5200 1.3
284 0 0 2.9
284 500 1450 2.8
284 1000 2850 4.7
284 1500 5200 1.3
285 0 0 2.9
285 500 1450 2.8
285 1000 2850 4.7
285 1500 5200 1.3
286 0 0 2.9
286 500 1450 2.8
286 1000 2850 4.7
286 1500 5200 1.3
287 0 0 2.9
287 500 1450 2.8
287 1000 2850 4.7
287 1500 5200 1.3
288 0 0 2.9
288 500 1450 2.8
288 1000 2850 4.7
288 1500 5200 1.3
289 0 0 2.9
289 500 1450 2.8
289 1000 2850 4.7
289 1500 5200 1.3
290 0 0 2.9
290 500 1450 2.8
290 1000 2850 4.7
290 1500 5200 1.3
291 0 0 2.9
291 500 1450 2.8
291 1000 2850 4.7
291 1500 5200 1.3
292 0 0 2.9
292 500 1450 2.8
292 1000 2850 4.7
292 1500 5200 1.3
293 0 0 2.9
293 500 1450 2.8
293 1000 2850 4.7
293 1500 5200 1.3
294 0 0 2.9
294 500 1450 2.8
294 1000 2850 4.7
294 1500 5200 1.3
295 0 0 2.9
295 500 1450 2.8
295 1000 2850 4.7
295 1500 5200 1.3
296 0 0 2.9
296 500 1450 2.8
296 1000 2850 4.7
296 1500 5200 1.3
297 0 0 2.9
297 500 1450 2.8
297 1000 2850 4.7
297 1500 5200 1.3
298 0 0 2.9
298 500 1450 2.8
298 1000 2850 4.7
298 1500 5200 1.3
299 0 0 2.9
299 500 1450 2.8
299 1000 2850 4.7
299 1500 5200 1.3
300 0 0 2.9
300 500 1450 2.8
300 1000 2850 4.7
300 1500 5200 1.3
301 0 0 2.9
301 500 1450 2.8
301 1000 2850 4.7
301 1500 5200 1.3
302 0 0 2.9
302 500 1450 2.8
302 1000 2850 4.7
302 1500 5200 1.3
303 0 0 2.9
303 500 1450 2.8
303 1000 2850 4.7
303 1500 5200 1.3
304 0 0 2.9
304 500 1450 2.8
304 1000 2850 4.7
304 1500 5200 1.3
305 0 0 2.9
305 500 1450 2.8
305 1000 2850 4.7
305 1500 5200 1.3
306 0 0 2.9
306 500 1450 2.8
306 1000 2850 4.7
306 1500 5200 1.3
307 0 0 2.9
307 500 1450 2.8
307 1000 2850 4.7
307 1500 5200 1.3
308 0 0 2.9
308 500 1450 2.8
308 1000 2850 4.7
308 1500 5200 1.3
309 0 0 2.9
309 500 1450 2.8
309 1000 2850 4.7
309 1500 5200 1.3
310 0 0 2.9
310 500 1450 2.8
310 1000 2850 4.7
310 1500 5200 1.3
311 0 0 2.9
311 500 1450 2.8
311 1000 2850 4.7
311 1500 5200 1.3
312 0 0 2.9
312 500 1450 2.8
312 1000 2850 4.7
312 1500 5200 1.3
313 0 0 2.9
313 500 1450 2.8
313 1000 2850 4.7
313 1500 5200 1.3
314 0 0 2.9
314 500 1450 2.8
314 1000 2850 4.7
314 1500 5200 1.3
315 0 0 2.9
315 500 1450 2.8
315 1000 2850 4.7
315 1500 5200 1.3
316 0 0 2.9
316 500 1450 2.8
316 1000 2850 4.7
316 1500 5200 1.3
317 0 0 2.9
317 500 1450 2.8
317 1000 2850 4.7
317 1500 5200 1.3
318 0 0 2.9
318 500 1450 2.8
318 1000 2850 4.7
318 1500 5200 1.3
319 0 0 2.9
319 500 1450 2.8
319 1000 2850 4.7
319 1500 5200 1.3
320 0 0 2.9
320 500 1450 2.8
320 1000 2850 4.7
320 1500 5200 1.3
321 0 0 2.9
321 500 1450 2.8
321 1000 2850 4.7
321 1500 5200 1.3
322 0 0 2.9
322 500 1450 2.8
322 1000 2850 4.7
322 1500 5200 1.3
323 0 0 2.9
323 500 1450 2.8
323 1000 2850 4.7
323 1500 5200 1.3
324 0 0 2.9
324 500 1450 2.8
324 1000 2850 4.7
324 1500 5200 1.3
325 0 0 2.9
325 500 1450 2.8
325 1000 2850 4.7
325 1500 5200 1.3
326 0 0 2.9
326 500 1450 2.8
326 1000 2850 4.7
326 1500 5200 1.3
327 0 0 2.9
327 500 1450 2.8
327 1000 2850 4.7
327 1500 5200 1.3
328 0 0 2.9
328 500 1450 2.8
328 1000 2850 4.7
328 1500 5200 1.3
329 0 0 2.9
329 500 1450 2.8
329 1000 2850 4.7
329 1500 5200 1.3
330 0 0 2.9
330 500 1450 2.8
330 1000 2850 4.7
330 1500 5200 1.3
331 0 0 2.9
331 500 1450 2.8
331 1000 2850 4.7
331 1500 5200 1.3
332 0 0 2.9
332 500 1450 2.8
332 1000 2850 4.7
332 1500 5200 1.3
333 0 0 2.9
333 500 1450 2.8
333 1000 2850 4.7
333 1500 5200 1.3
334 0 0 2.9
334 500 1450 2.8
334 1000 2850 4.7
334 1500 5200 1.3
335 0 0 2.9
335 500 1450 2.8
335 1000 2850 4.7
335 1500 5200 1.3
336 0 0 2.9
336 500 1450 2.8
336 1000 2850 4.7
336 1500 5200 1.3
337 0 0 2.9
337 500 1450 2.8
337 1000 2850 4.7
337 1500 5200 1.3
338 0 0 2.9
338 500 1450 2.8
338 1000 2850 4.7
338 1500 5200 1.3
339 0 0 2.9
339 500 1450 2.8
339 1000 2850 4.7
339 1500 5200 1.3
340 0 0 2.9
340 500 1450 2.8
340 1000 2850 4.7
340 1500 5200 1.3
341 0 0 2.9
341 500 1450 2.8
341 1000 2850 4.7
341 1500 5200 1.3
342 0 0 2.9
342 500 1450 2.8
342 1000 2850 4.7
342 1500 5200 1.3
343 0 0 2.9
343 500 1450 2.8
343 1000 2850 4.7
343 1500 5200 1.3
344 0 0 2.9
344 500 1450 2.8
344 1000 2850 4.7
344 1500 5200 1.3
345 0 0 2.9
345 500 1450 2.8
345 1000 2850 4.7
345 1500 5200 1.3
346 0 0 2.9
346 500 1450 2.8
346 1000 2850 4.7
346 1500 5200 1.3
347 0 0 2.9
347 500 1450 2.8
347 1000 2850 4.7
347 1500 5200 1.3
348 0 0 2.9
348 500 1450 2.8
348 1000 2850 4.7
348 1500 5200 1.3
349 0 0 2.9
349 500 1450 2.8
349 1000 2850 4.7
349 1500 5200 1.3
350 0 0 2.9
350 500 1450 2.8
350 1000 2850 4.7
350 1500 5200 1.3
351 0 0 2.9
351 500 1450 2.8
351 1000 2850 4.7
351 1500 5200 1.3
352 0 0 2.9
352 500 1450 2.8
352 1000 2850 4.7
352 1500 5200 1.3
353 0 0 2.9
353 500 1450 2.8
353 1000 2850 4.7
353 1500 5200 1.3
354 0 0 2.9
354 500 1450 2.8
354 1000 2850 4.7
354 1500 5200 1.3
355 0 0 2.9
355 500 1450 2.8
355 1000 2850 4.7
355 1500 5200 1.3
356 0 0 2.9
356 500 1450 2.8
356 1000 2850 4.7
356 1500 5200 1.3
357 0 0 2.9
357 500 1450 2.8
357 1000 2850 4.7
357 1500 5200 1.3
358 0 0 2.9
358 500 1450 2.8
358 1000 2850 4.7
358 1500 5200 1.3
359 0 0 2.9
359 500 1450 2.8
359 1000 2850 4.7
359 1500 5200 1.3
360 0 0 2.9
360 500 1450 2.8
360 1000 2850 4.7
360 1500 5200 1.3
361 0 0 2.9
361 500 1450 2.8
361 1000 2850 4.7
361 1500 5200 1.3
362 0 0 2.9
362 500 1450 2.8
362 1000 2850 4.7
362 1500 5200 1.3
363 0 0 2.9
363 500 1450 2.8
363 1000 2850 4.7
363 1500 5200 1.3
364 0 0 2.9
364 500 1450 2.8
364 1000 2850 4.7
364 1500 5200 1.3
365 0 0 2.9
365 500 1450 2.8
365 1000 2850 4.7
365 1500 5200 1.3
366 0 0 2.9
366 500 1450 2.8
366 1000 2850 4.7
366 1500 5200 1.3
367 0 0 2.9
367 500 1450 2.8
367 1000 2850 4.7
367 1500 5200 1.3
368 0 0 2.9
368 500 1450 2.8
368 1000 2850 4.7
368 1500 5200 1.3
369 0 0 2.9
369 500 1450 2.8
369 1000 2850 4.7
369 1500 5200 1.3
370 0 0 2.9
370 500 1450 2.8
370 1000 2850 4.7
370 1500 5200 1.3
371 0 0 2.9
371 500 1450 2.8
371 1000 2850 4.7
371 1500 5200 1.3
372 0 0 2.9
372 500 1450 2.8
372 1000 2850 4.7
372 1500 5200 1.3
373 0 0 2.9
373 500 1450 2.8
373 1000 2850 4.7
373 1500 5200 1.3
374 0 0 2.9
374 500 1450 2.8
374 1000 2850 4.7
374 1500 5200 1.3
375 0 0 2.9
375 500 1450 2.8
375 1000 2850 4.7
375 1500 5200 1.3
376 0 0 2.9
376 500 1450 2.8
376 1000 2850 4.7
376 1500 5200 1.3
377 0 0 2.9
377 500 1450 2.8
377 1000 2850 4.7
377 1500 5200 1.3
378 0 0 2.9
378 500 1450 2.8
378 1000 2850 4.7
378 1500 5200 1.3
379 0 0 2.9
379 500 1450 2.8
379 1000 2850 4.7
379 1500 5200 1.3
380 0 0 2.9
380 500 1450 2.8
380 1000 2850 4.7
380 1500 5200 1.3
381 0 0 2.9
381 500 1450 2.8
381 1000 2850 4.7
381 1500 5200 1.3
382 0 0 2.9
382 500 1450 2.8
382 1000 2850 4.7
382 1500 5200 1.3
383 0 0 2.9
383 500 1450 2.8
383 1000 2850 4.7
383 1500 5200 1.3
384 0 0 2.9
384 500 1450 2.8
384 1000 2850 4.7
384 1500 5200 1.3
385 0 0 2.9
385 500 1450 2.8
385 1000 2850 4.7
385 1500 5200 1.3
386 0 0 2.9
386 500 1450 2.8
386 1000 2850 4.7
386 1500 5200 1.3
387 0 0 2.9
387 500 1450 2.8
387 1000 2850 4.7
387 1500 5200 1.3
388 0 0 2.9
388 500 1450 2.8
388 1000 2850 4.7
388 1500 5200 1.3
389 0 0 2.9
389 500 1450 2.8
389 1000 2850 4.7
389 1500 5200 1.3
390 0 0 2.9
390 500 1450 2.8
390 1000 2850 4.7
390 1500 5200 1.3
391 0 0 2.9
391 500 1450 2.8
391 1000 2850 4.7
391 1500 5200 1.3
392 0 0 2.9
392 500 1450 2.8
392 1000 2850 4.7
392 1500 5200 1.3
393 0 0 2.9
393 500 1450 2.8
393 1000 2850 4.7
393 1500 5200 1.3
394 0 0 2.9
394 500 1450 2.8
394 1000 2850 4.7
394 1500 5200 1.3
395 0 0 2.9
395 500 1450 2.8
395 1000 2850 4.7
395 1500 5200 1.3
396 0 0 2.9
396 500 1450 2.8
396 1000 2850 4.7
396 1500 5200 1.3
397 0 0 2.9
397 500 1450 2.8
397 1000 2850 4.7
397 1500 5200 1.3
398 0 0 2.9
398 500 1450 2.8
398 1000 2850 4.7
398 1500 5200 1.3
399 0 0 2.9
399 500 1450 2.8
399 1000 2850 4.7
399 1500 5200 1.3
400 0 0 2.9
400 500 1450 2.8
400 1000 2850 4.7
400 1500 5200 1.3
401 0 0 2.9
401 500 1450 2.8
401 1000 2850 4.7
401 1500 5200 1.3
402 0 0 2.9
402 500 1450 2.8
402 1000 2850 4.7
402 1500 5200 1.3
403 0 0 2.9
403 500 1450 2.8
403 1000 2850 4.7
403 1500 5200 1.3
404 0 0 2.9
404 500 1450 2.8
404 1000 2850 4.7
404 1500 5200 1.3
405 0 0 2.9
405 500 1450 2.8
405 1000 2850 4.7
405 1500 5200 1.3
406 0 0 2.9
406 500 1450 2.8
406 1000 2850 4.7
406 1500 5200 1.3
407 0 0 2.9
407 500 1450 2.8
407 1000 2850 4.7
407 1500 5200 1.3
408 0 0 2.9
408 500 1450 2.8
408 1000 2850 4.7
408 1500 5200 1.3
409 0 0 2.9
409 500 1450 2.8
409 1000 2850 4.7
409 1500 5200 1.3
410 0 0 2.9
410 500 1450 2.8
410 1000 2850 4.7
410 1500 5200 1.3
411 0 0 2.9
411 500 1450 2.8
411 1000 2850 4.7
411 1500 5200 1.3
412 0 0 2.9
412 500 1450 2.8
412 1000 2850 4.7
412 1500 5200 1.3
413 0 0 2.9
413 500 1450 2.8
413 1000 2850 4.7
413 1500 5200 1.3
414 0 0 2.9
414 500 1450 2.8
414 1000 2850 4.7
414 1500 5200 1.3
415 0 0 2.9
415 500 1450 2.8
415 1000 2850 4.7
415 1500 5200 1.3
416 0 0 2.9
416 500 1450 2.8
416 1000 2850 4.7
416 1500 5200 1.3
417 0 0 2.9
417 500 1450 2.8
417 1000 2850 4.7
417 1500 5200 1.3
418 0 0 2.9
418 500 1450 2.8
418 1000 2850 4.7
418 1500 5200 1.3
419 0 0 2.9
419 500 1450 2.8
419 1000 2850 4.7
419 1500 5200 1.3
420 0 0 2.9
420 500 1450 2.8
420 1000 2850 4.7
420 1500 5200 1.3
421 0 0 2.9
421 500 1450 2.8
421 1000 2850 4.7
421 1500 5200 1.3
422 0 0 2.9
422 500 1450 2.8
422 1000 2850 4.7
422 1500 5200 1.3
423 0 0 2.9
423 500 1450 2.8
423 1000 2850 4.7
423 1500 5200 1.3
424 0 0 2.9
424 500 1450 2.8
424 1000 2850 4.7
424 1500 5200 1.3
425 0 0 2.9
425 500 1450 2.8
425 1000 2850 4.7
425 1500 5200 1.3
426 0 0 2.9
426 500 1450 2.8
426 1000 2850 4.7
426 1500 5200 1.3
427 0 0 2.9
427 500 1450 2.8
427 1000 2850 4.7
427 1500 5200 1.3
428 0 0 2.9
428 500 1450 2.8
428 1000 2850 4.7
428 1500 5200 1.3
429 0 0 2.9
429 500 1450 2.8
429 1000 2850 4.7
429 1500 5200 1.3
430 0 0 2.9
430 500 1450 2.8
430 1000 2850 4.7
430 1500 5200 1.3
431 0 0 2.9
431 500 1450 2.8
431 1000 2850 4.7
431 1500 5200 1.3
432 0 0 2.9
432 500 1450 2.8
432 1000 2850 4.7
432 1500 5200 1.3
433 0 0 2.9
433 500 1450 2.8
433 1000 2850 4.7
433 1500 5200 1.3
434 0 0 2.9
434 500 1450 2.8
434 1000 2850 4.7
434 1500 5200 1.3
435 0 0 2.9
435 500 1450 2.8
435 1000 2850 4.7
435 1500 5200 1.3
436 0 0 2.9
436 500 1450 2.8
436 1000 2850 4.7
436 1500 5200 1.3
437 0 0 2.9
437 500 1450 2.8
437 1000 2850 4.7
437 1500 5200 1.3
438 0 0 2.9
438 500 1450 2.8
438 1000 2850 4.7
438 1500 5200 1.3
439 0 0 2.9
439 500 1450 2.8
439 1000 2850 4.7
439 1500 5200 1.3
440 0 0 2.9
440 500 1450 2.8
440 1000 2850 4.7
440 1500 5200 1.3
441 0 0 2.9
441 500 1450 2.8
441 1000 2850 4.7
441 1500 5200 1.3
442 0 0 2.9
442 500 1450 2.8
442 1000 2850 4.7
442 1500 5200 1.3
443 0 0 2.9
443 500 1450 2.8
443 1000 2850 4.7
443 1500 5200 1.3
444 0 0 2.9
444 500 1450 2.8
444 1000 2850 4.7
444 1500 5200 1.3
445 0 0 2.9
445 500 1450 2.8
445 1000 2850 4.7
445 1500 5200 1.3
446 0 0 2.9
446 500 1450 2.8
446 1000 2850 4.7
446 1500 5200 1.3
447 0 0 2.9
447 500 1450 2.8
447 1000 2850 4.7
447 1500 5200 1.3
448 0 0 2.9
448 500 1450 2.8
448 1000 2850 4.7
448 1500 5200 1.3
449 0 0 2.9
449 500 1450 2.8
449 1000 2850 4.7
449 1500 5200 1.3
450 0 0 2.9
450 500 1450 2.8
450 1000 2850 4.7
450 1500 5200 1.3
451 0 0 2.9
451 500 1450 2.8
451 1000 2850 4.7
451 1500 5200 1.3
452 0 0 2.9
452 500 1450 2.8
452 1000 2850 4.7
452 1500 5200 1.3
453 0 0 2.9
453 500 1450 2.8
453 1000 2850 4.7
453 1500 5200 1.3
454 0 0 2.9
454 500 1450 2.8
454 1000 2850 4.7
454 1500 5200 1.3
455 0 0 2.9
455 500 1450 2.8
455 1000 2850 4.7
455 1500 5200 1.3
456 0 0 2.9
456 500 1450 2.8
456 1000 2850 4.7
456 1500 5200 1.3
457 0 0 2.9
457 500 1450 2.8
457 1000 2850 4.7
457 1500 5200 1.3
458 0 0 2.9
458 500 1450 2.8
458 1000 2850 4.7
458 1500 5200 1.3
459 0 0 2.9
459 500 1450 2.8
459 1000 2850 4.7
459 1500 5200 1.3
460 0 0 2.9
460 500 1450 2.8
460 1000 2850 4.7
460 1500 5200 1.3
461 0 0 2.9
461 500 1450 2.8
461 1000 2850 4.7
461 1500 5200 1.3
462 0 0 2.9
462 500 1450 2.8
462 1000 2850 4.7
462 1500 5200 1.3
463 0 0 2.9
463 500 1450 2.8
463 1000 2850 4.7
463 1500 5200 1.3
464 0 0 2.9
464 500 1450 2.8
464 1000 2850 4.7
464 1500 5200 1.3
465 0 0 2.9
465 500 1450 2.8
465 1000 2850 4.7
465 1500 5200 1.3
466 0 0 2.9
466 500 1450 2.8
466 1000 2850 4.7
466 1500 5200 1.3
467 0 0 2.9
467 500 1450 2.8
467 1000 2850 4.7
467 1500 5200 1.3
468 0 0 2.9
468 500 1450 2.8
468 1000 2850 4.7
468 1500 5200 1.3
469 0 0 2.9
469 500 1450 2.8
469 1000 2850 4.7
469 1500 5200 1.3
470 0 0 2.9
470 500 1450 2.8
470 1000 2850 4.7
470 1500 5200 1.3
471 0 0 2.9
471 500 1450 2.8
471 1000 2850 4.7
471 1500 5200 1.3
472 0 0 2.9
472 500 1450 2.8
472 1000 2850 4.7
472 1500 5200 1.3
473 0 0 2.9
473 500 1450 2.8
473 1000 2850 4.7
473 1500 5200 1.3
474 0 0 2.9
474 500 1450 2.8
474 1000 2850 4.7
474 1500 5200 1.3
475 0 0 2.9
475 500 1450 2.8
475 1000 2850 4.7
475 1500 5200 1.3
476 0 0 2.9
476 500 1450 2.8
476 1000 2850 4.7
476 1500 5200 1.3
477 0 0 2.9
477 500 1450 2.8
477 1000 2850 4.7
477 1500 5200 1.3
478 0 0 2.9
478 500 1450 2.8
478 1000 2850 4.7
478 1500 5200 1.3
479 0 0 2.9
479 500 1450 2.8
479 1000 2850 4.7
479 1500 5200 1.3
480 0 0 2.9
480 500 1450 2.8
480 1000 2850 4.7
480 1500 5200 1.3
481 0 0 2.9
481 500 1450 2.8
481 1000 2850 4.7
481 1500 5200 1.3
482 0 0 2.9
482 500 1450 2.8
482 1000 2850 4.7
482 1500 5200 1.3
483 0 0 2.9
483 500 1450 2.8
483 1000 2850 4.7
483 1500 5200 1.3
484 0 0 2.9
484 500 1450 2.8
484 1000 2850 4.7
484 1500 5200 1.3
485 0 0 2.9
485 500 1450 2.8
485 1000 2850 4.7
485 1500 5200 1.3
486 0 0 2.9
486 500 1450 2.8
486 1000 2850 4.7
486 1500 5200 1.3
487 0 0 2.9
487 500 1450 2.8
487 1000 2850 4.7
487 1500 5200 1.3
488 0 0 2.9
488 500 1450 2.8
488 1000 2850 4.7
488 1500 5200 1.3
489 0 0 2.9
489 500 1450 2.8
489 1000 2850 4.7
489 1500 5200 1.3
490 0 0 2.9
490 500 1450 2.8
490 1000 2850 4.7
490 1500 5200 1.3
491 0 0 2.9
491 500 1450 2.8
491 1000 2850 4.7
491 1500 5200 1.3
492 0 0 2.9
492 500 1450 2.8
492 1000 2850 4.7
492 1500 5200 1.3
493 0 0 2.9
493 500 1450 2.8
493 1000 2850 4.7
493 1500 5200 1.3
494 0 0 2.9
494 500 1450 2.8
494 1000 2850 4.7
494 1500 5200 1.3
495 0 0 2.9
495 500 1450 2.8
495 1000 2850 4.7
495 1500 5200 1.3
496 0 0 2.9
496 500 1450 2.8
496 1000 2850 4.7
496 1500 5200 1.3
497 0 0 2.9
497 500 1450 2.8
497 1000 2850 4.7
497 1500 5200 1.3
498 0 0 2.9
498 500 1450 2.8
498 1000 2850 4.7
498 1500 5200 1.3
499 0 0 2.9
499 500 1450 2.8
499 1000 2850 4.7
499 1500 5200 1.3
500 0 0 2.9
500 500 1450 2.8
500 1000 2850 4.7
500 1500 5200 1.3
501 0 0 2.9
501 500 1450 2.8
501 1000 2850 4.7
501 1500 5200 1.3
502 0 0 2.9
502 500 1450 2.8
502 1000 2850 4.7
502 1500 5200 1.3
503 0 0 2.9
503 500 1450 2.8
503 1000 2850 4.7
503 1500 5200 1.3
504 0 0 2.9
504 500 1450 2.8
504 1000 2850 4.7
504 1500 5200 1.3
505 0 0 2.9
505 500 1450 2.8
505 1000 2850 4.7
505 1500 5200 1.3
506 0 0 2.9
506 500 1450 2.8
506 1000 2850 4.7
506 1500 5200 1.3
507 0 0 2.9
507 500 1450 2.8
507 1000 2850 4.7
507 1500 5200 1.3
508 0 0 2.9
508 500 1450 2.8
508 1000 2850 4.7
508 1500 5200 1.3
509 0 0 2.9
509 500 1450 2.8
509 1000 2850 4.7
509 1500 5200 1.3
510 0 0 2.9
510 500 1450 2.8
510 1000 2850 4.7
510 1500 5200 1.3
511 0 0 2.9
511 500 1450 2.8
511 1000 2850 4.7
511 1500 5200 1.3
512 0 0 2.9
512 500 1450 2.8
512 1000 2850 4.7
512 1500 5200 1.3
513 0 0 2.9
513 500 1450 2.8
513 1000 2850 4.7
513 1500 5200 1.3
514 0 0 2.9
514 500 1450 2.8
514 1000 2850 4.7
514 1500 5200 1.3
515 0 0 2.9
515 500 1450 2.8
515 1000 2850 4.7
515 1500 5200 1.3
516 0 0 2.9
516 500 1450 2.8
516 1000 2850 4.7
516 1500 5200 1.3
517 0 0 2.9
517 500 1450 2.8
517 1000 2850 4.7
517 1500 5200 1.3
518 0 0 2.9
518 500 1450 2.8
518 1000 2850 4.7
518 1500 5200 1.3
519 0 0 2.9
519 500 1450 2.8
519 1000 2850 4.7
519 1500 5200 1.3
520 0 0 2.9
520 500 1450 2.8
520 1000 2850 4.7
520 1500 5200 1.3
521 0 0 2.9
521 500 1450 2.8
521 1000 2850 4.7
521 1500 5200 1.3
522 0 0 2.9
522 500 1450 2.8
522 1000 2850 4.7
522 1500 5200 1.3
523 0 0 2.9
523 500 1450 2.8
523 1000 2850 4.7
523 1500 5200 1.3
524 0 0 2.9
524 500 1450 2.8
524 1000 2850 4.7
524 1500 5200 1.3
525 0 0 2.9
525 500 1450 2.8
525 1000 2850 4.7
525 1500 5200 1.3
526 0 0 2.9
526 500 1450 2.8
526 1000 2850 4.7
526 1500 5200 1.3
527 0 0 2.9
527 500 1450 2.8
527 1000 2850 4.7
527 1500 5200 1.3
528 0 0 2.9
528 500 1450 2.8
528 1000 2850 4.7
528 1500 5200 1.3
529 0 0 2.9
529 500 1450 2.8
529 1000 2850 4.7
529 1500 5200 1.3
530 0 0 2.9
530 500 1450 2.8
530 1000 2850 4.7
530 1500 5200 1.3
531 0 0 2.9
531 500 1450 2.8
531 1000 2850 4.7
531 1500 5200 1.3
532 0 0 2.9
532 500 1450 2.8
532 1000 2850 4.7
532 1500 5200 1.3
533 0 0 2.9
533 500 1450 2.8
533 1000 2850 4.7
533 1500 5200 1.3
534 0 0 2.9
534 500 1450 2.8
534 1000 2850 4.7
534 1500 5200 1.3
535 0 0 2.9
535 500 1450 2.8
535 1000 2850 4.7
535 1500 5200 1.3
536 0 0 2.9
536 500 1450 2.8
536 1000 2850 4.7
536 1500 5200 1.3
537 0 0 2.9
537 500 1450 2.8
537 1000 2850 4.7
537 1500 5200 1.3
538 0 0 2.9
538 500 1450 2.8
538 1000 2850 4.7
538 1500 5200 1.3
539 0 0 2.9
539 500 1450 2.8
539 1000 2850 4.7
539 1500 5200 1.3
540 0 0 2.9
540 500 1450 2.8
540 1000 2850 4.7
540 1500 5200 1.3
541 0 0 2.9
541 500 1450 2.8
541 1000 2850 4.7
541 1500 5200 1.3
542 0 0 2.9
542 500 1450 2.8
542 1000 2850 4.7
542 1500 5200 1.3
543 0 0 2.9
543 500 1450 2.8
543 1000 2850 4.7
543 1500 5200 1.3
544 0 0 2.9
544 500 1450 2.8
544 1000 2850 4.7
544 1500 5200 1.3
545 0 0 2.9
545 500 1450 2.8
545 1000 2850 4.7
545 1500 5200 1.3
546 0 0 2.9
546 500 1450 2.8
546 1000 2850 4.7
546 1500 5200 1.3
547 0 0 2.9
547 500 1450 2.8
547 1000 2850 4.7
547 1500 5200 1.3
548 0 0 2.9
548 500 1450 2.8
548 1000 2850 4.7
548 1500 5200 1.3
549 0 0 2.9
549 500 1450 2.8
549 1000 2850 4.7
549 1500 5200 1.3
550 0 0 2.9
550 500 1450 2.8
550 1000 2850 4.7
550 1500 5200 1.3
551 0 0 2.9
551 500 1450 2.8
551 1000 2850 4.7
551 1500 5200 1.3
552 0 0 2.9
552 500 1450 2.8
552 1000 2850 4.7
552 1500 5200 1.3
553 0 0 2.9
553 500 1450 2.8
553 1000 2850 4.7
553 1500 5200 1.3
554 0 0 2.9
554 500 1450 2.8
554 1000 2850 4.7
554 1500 5200 1.3
555 0 0 2.9
555 500 1450 2.8
555 1000 2850 4.7
555 1500 5200 1.3
556 0 0 2.9
556 500 1450 2.8
556 1000 2850 4.7
556 1500 5200 1.3
557 0 0 2.9
557 500 1450 2.8
557 1000 2850 4.7
557 1500 5200 1.3
558 0 0 2.9
558 500 1450 2.8
558 1000 2850 4.7
558 1500 5200 1.3
559 0 0 2.9
559 500 1450 2.8
559 1000 2850 4.7
559 1500 5200 1.3
560 0 0 2.9
560 500 1450 2.8
560 1000 2850 4.7
560 1500 5200 1.3
561 0 0 2.9
561 500 1450 2.8
561 1000 2850 4.7
561 1500 5200 1.3
562 0 0 2.9
562 500 1450 2.8
562 1000 2850 4.7
562 1500 5200 1.3
563 0 0 2.9
563 500 1450 2.8
563 1000 2850 4.7
563 1500 5200 1.3
564 0 0 2.9
564 500 1450 2.8
564 1000 2850 4.7
564 1500 5200 1.3
565 0 0 2.9
565 500 1450 2.8
565 1000 2850 4.7
565 1500 5200 1.3
566 0 0 2.9
566 500 1450 2.8
566 1000 2850 4.7
566 1500 5200 1.3
567 0 0 2.9
567 500 1450 2.8
567 1000 2850 4.7
567 1500 5200 1.3
568 0 0 2.9
568 500 1450 2.8
568 1000 2850 4.7
568 1500 5200 1.3
569 0 0 2.9
569 500 1450 2.8
569 1000 2850 4.7
569 1500 5200 1.3
570 0 0 2.9
570 500 1450 2.8
570 1000 2850 4.7
570 1500 5200 1.3
571 0 0 2.9
571 500 1450 2.8
571 1000 2850 4.7
571 1500 5200 1.3
572 0 0 2.9
572 500 1450 2.8
572 1000 2850 4.7
572 1500 5200 1.3
573 0 0 2.9
573 500 1450 2.8
573 1000 2850 4.7
573 1500 5200 1.3
574 0 0 2.9
574 500 1450 2.8
574 1000 2850 4.7
574 1500 5200 1.3
575 0 0 2.9
575 500 1450 2.8
575 1000 2850 4.7
575 1500 5200 1.3
576 0 0 2.9
576 500 1450 2.8
576 1000 2850 4.7
576 1500 5200 1.3
577 0 0 2.9
577 500 1450 2.8
577 1000 2850 4.7
577 1500 5200 1.3
578 0 0 2.9
578 500 1450 2.8
578 1000 2850 4.7
578 1500 5200 1.3
579 0 0 2.9
579 500 1450 2.8
579 1000 2850 4.7
579 1500 5200 1.3
580 0 0 2.9
580 500 1450 2.8
580 1000 2850 4.7
580 1500 5200 1.3
581 0 0 2.9
581 500 1450 2.8
581 1000 2850 4.7
581 1500 5200 1.3
582 0 0 2.9
582 500 1450 2.8
582 1000 2850 4.7
582 1500 5200 1.3
583 0 0 2.9
583 500 1450 2.8
583 1000 2850 4.7
583 1500 5200 1.3
584 0 0 2.9
584 500 1450 2.8
584 1000 2850 4.7
584 1500 5200 1.3
585 0 0 2.9
585 500 1450 2.8
585 1000 2850 4.7
585 1500 5200 1.3
586 0 0 2.9
586 500 1450 2.8
586 1000 2850 4.7
586 1500 5200 1.3
587 0 0 2.9
587 500 1450 2.8
587 1000 2850 4.7
587 1500 5200 1.3
588 0 0 2.9
588 500 1450 2.8
588 1000 2850 4.7
588 1500 5200 1.3
589 0 0 2.9
589 500 1450 2.8
589 1000 2850 4.7
589 1500 5200 1.3
590 0 0 2.9
590 500 1450 2.8
590 1000 2850 4.7
590 1500 5200 1.3
591 0 0 2.9
591 500 1450 2.8
591 1000 2850 4.7
591 1500 5200 1.3
592 0 0 2.9
592 500 1450 2.8
592 1000 2850 4.7
592 1500 5200 1.3
593 0 0 2.9
593 500 1450 2.8
593 1000 2850 4.7
593 1500 5200 1.3
594 0 0 2.9
594 500 1450 2.8
594 1000 2850 4.7
594 1500 5200 1.3
595 0 0 2.9
595 500 1450 2.8
595 1000 2850 4.7
595 1500 5200 1.3
596 0 0 2.9
596 500 1450 2.8
596 1000 2850 4.7
596 1500 5200 1.3
597 0 0 2.9
597 500 1450 2.8
597 1000 2850 4.7
597 1500 5200 1.3
598 0 0 2.9
598 500 1450 2.8
598 1000 2850 4.7
598 1500 5200 1.3
599 0 0 2.9
599 500 1450 2.8
599 1000 2850 4.7
599 1500 5200 1.3
600 0 0 2.9
600 500 1450 2.8
600 1000 2850 4.7
600 1500 5200 1.3
601 0 0 2.9
601 500 1450 2.8
601 1000 2850 4.7
601 1500 5200 1.3
602 0 0 2.9
602 500 1450 2.8
602 1000 2850 4.7
602 1500 5200 1.3
603 0 0 2.9
603 500 1450 2.8
603 1000 2850 4.7
603 1500 5200 1.3
604 0 0 2.9
604 500 1450 2.8
604 1000 2850 4.7
604 1500 5200 1.3
605 0 0 2.9
605 500 1450 2.8
605 1000 2850 4.7
605 1500 5200 1.3
606 0 0 2.9
606 500 1450 2.8
606 1000 2850 4.7
606 1500 5200 1.3
607 0 0 2.9
607 500 1450 2.8
607 1000 2850 4.7
607 1500 5200 1.3
608 0 0 2.9
608 500 1450 2.8
608 1000 2850 4.7
608 1500 5200 1.3
609 0 0 2.9
609 500 1450 2.8
609 1000 2850 4.7
609 1500 5200 1.3
610 0 0 2.9
610 500 1450 2.8
610 1000 2850 4.7
610 1500 5200 1.3
611 0 0 2.9
611 500 1450 2.8
611 1000 2850 4.7
611 1500 5200 1.3
612 0 0 2.9
612 500 1450 2.8
612 1000 2850 4.7
612 1500 5200 1.3
613 0 0 2.9
613 500 1450 2.8
613 1000 2850 4.7
613 1500 5200 1.3
614 0 0 2.9
614 500 1450 2.8
614 1000 2850 4.7
614 1500 5200 1.3
615 0 0 2.9
615 500 1450 2.8
615 1000 2850 4.7
615 1500 5200 1.3
616 0 0 2.9
616 500 1450 2.8
616 1000 2850 4.7
616 1500 5200 1.3
617 0 0 2.9
617 500 1450 2.8
617 1000 2850 4.7
617 1500 5200 1.3
618 0 0 2.9
618 500 1450 2.8
618 1000 2850 4.7
618 1500 5200 1.3
619 0 0 2.9
619 500 1450 2.8
619 1000 2850 4.7
619 1500 5200 1.3
620 0 0 2.9
620 500 1450 2.8
620 1000 2850 4.7
620 1500 5200 1.3
621 0 0 2.9
621 500 1450 2.8
621 1000 2850 4.7
621 1500 5200 1.3
622 0 0 2.9
622 500 1450 2.8
622 1000 2850 4.7
622 1500 5200 1.3
623 0 0 2.9
623 500 1450 2.8
623 1000 2850 4.7
623 1500 5200 1.3
624 0 0 2.9
624 500 1450 2.8
624 1000 2850 4.7
624 1500 5200 1.3
625 0 0 2.9
625 500 1450 2.8
625 1000 2850 4.7
625 1500 5200 1.3
626 0 0 2.9
626 500 1450 2.8
626 1000 2850 4.7
626 1500 5200 1.3
627 0 0 2.9
627 500 1450 2.8
627 1000 2850 4.7
627 1500 5200 1.3
628 0 0 2.9
628 500 1450 2.8
628 1000 2850 4.7
628 1500 5200 1.3
629 0 0 2.9
629 500 1450 2.8
629 1000 2850 4.7
629 1500 5200 1.3
630 0 0 2.9
630 500 1450 2.8
630 1000 2850 4.7
630 1500 5200 1.3
631 0 0 2.9
631 500 1450 2.8
631 1000 2850 4.7
631 1500 5200 1.3
632 0 0 2.9
632 500 1450 2.8
632 1000 2850 4.7
632 1500 5200 1.3
633 0 0 2.9
633 500 1450 2.8
633 1000 2850 4.7
633 1500 5200 1.3
634 0 0 2.9
634 500 1450 2.8
634 1000 2850 4.7
634 1500 5200 1.3
635 0 0 2.9
635 500 1450 2.8
635 1000 2850 4.7
635 1500 5200 1.3
636 0 0 2.9
636 500 1450 2.8
636 1000 2850 4.7
636 1500 5200 1.3
637 0 0 2.9
637 500 1450 2.8
637 1000 2850 4.7
637 1500 5200 1.3
638 0 0 2.9
638 500 1450 2.8
638 1000 2850 4.7
638 1500 5200 1.3
639 0 0 2.9
639 500 1450 2.8
639 1000 2850 4.7
639 1500 5200 1.3
640 0 0 2.9
640 500 1450 2.8
640 1000 2850 4.7
640 1500 5200 1.3
641 0 0 2.9
641 500 1450 2.8
641 1000 2850 4.7
641 1500 5200 1.3
642 0 0 2.9
642 500 1450 2.8
642 1000 2850 4.7
642 1500 5200 1.3
643 0 0 2.9
643 500 1450 2.8
643 1000 2850 4.7
643 1500 5200 1.3
644 0 0 2.9
644 500 1450 2.8
644 1000 2850 4.7
644 1500 5200 1.3
645 0 0 2.9
645 500 1450 2.8
645 1000 2850 4.7
645 1500 5200 1.3
646 0 0 2.9
646 500 1450 2.8
646 1000 2850 4.7
646 1500 5200 1.3
647 0 0 2.9
647 500 1450 2.8
647 1000 2850 4.7
647 1500 5200 1.3
648 0 0 2.9
648 500 1450 2.8
648 1000 2850 4.7
648 1500 5200 1.3
649 0 0 2.9
649 500 1450 2.8
649 1000 2850 4.7
649 1500 5200 1.3
650 0 0 2.9
650 500 1450 2.8
650 1000 2850 4.7
650 1500 5200 1.3
651 0 0 2.9
651 500 1450 2.8
651 1000 2850 4.7
651 1500 5200 1.3
652 0 0 2.9
652 500 1450 2.8
652 1000 2850 4.7
652 1500 5200 1.3
653 0 0 2.9
653 500 1450 2.8
653 1000 2850 4.7
653 1500 5200 1.3
654 0 0 2.9
654 500 1450 2.8
654 1000 2850 4.7
654 1500 5200 1.3
655 0 0 2.9
655 500 1450 2.8
655 1000 2850 4.7
655 1500 5200 1.3
656 0 0 2.9
656 500 1450 2.8
656 1000 2850 4.7
656 1500 5200 1.3
657 0 0 2.9
657 500 1450 2.8
657 1000 2850 4.7
657 1500 5200 1.3
658 0 0 2.9
658 500 1450 2.8
658 1000 2850 4.7
658 1500 5200 1.3
659 0 0 2.9
659 500 1450 2.8
659 1000 2850 4.7
659 1500 5200 1.3
660 0 0 2.9
660 500 1450 2.8
660 1000 2850 4.7
660 1500 5200 1.3
661 0 0 2.9
661 500 1450 2.8
661 1000 2850 4.7
661 1500 5200 1.3
662 0 0 2.9
662 500 1450 2.8
662 1000 2850 4.7
662 1500 5200 1.3
663 0 0 2.9
663 500 1450 2.8
663 1000 2850 4.7
663 1500 5200 1.3
664 0 0 2.9
664 500 1450 2.8
664 1000 2850 4.7
664 1500 5200 1.3
665 0 0 2.9
665 500 1450 2.8
665 1000 2850 4.7
665 1500 5200 1.3
666 0 0 2.9
666 500 1450 2.8
666 1000 2850 4.7
666 1500 5200 1.3
667 0 0 2.9
667 500 1450 2.8
667 1000 2850 4.7
667 1500 5200 1.3
668 0 0 2.9
668 500 1450 2.8
668 1000 2850 4.7
668 1500 5200 1.3
669 0 0 2.9
669 500 1450 2.8
669 1000 2850 4.7
669 1500 5200 1.3
670 0 0 2.9
670 500 1450 2.8
670 1000 2850 4.7
670 1500 5200 1.3
671 0 0 2.9
671 500 1450 2.8
671 1000 2850 4.7
671 1500 5200 1.3
672 0 0 2.9
672 500 1450 2.8
672 1000 2850 4.7
672 1500 5200 1.3
673 0 0 2.9
673 500 1450 2.8
673 1000 2850 4.7
673 1500 5200 1.3
674 0 0 2.9
674 500 1450 2.8
674 1000 2850 4.7
674 1500 5200 1.3
675 0 0 2.9
675 500 1450 2.8
675 1000 2850 4.7
675 1500 5200 1.3
676 0 0 2.9
676 500 1450 2.8
676 1000 2850 4.7
676 1500 5200 1.3
677 0 0 2.9
677 500 1450 2.8
677 1000 2850 4.7
677 1500 5200 1.3
678 0 0 2.9
678 500 1450 2.8
678 1000 2850 4.7
678 1500 5200 1.3
679 0 0 2.9
679 500 1450 2.8
679 1000 2850 4.7
679 1500 5200 1.3
680 0 0 2.9
680 500 1450 2.8
680 1000 2850 4.7
680 1500 5200 1.3
681 0 0 2.9
681 500 1450 2.8
681 1000 2850 4.7
681 1500 5200 1.3
682 0 0 2.9
682 500 1450 2.8
682 1000 2850 4.7
682 1500 5200 1.3
683 0 0 2.9
683 500 1450 2.8
683 1000 2850 4.7
683 1500 5200 1.3
684 0 0 2.9
684 500 1450 2.8
684 1000 2850 4.7
684 1500 5200 1.3
685 0 0 2.9
685 500 1450 2.8
685 1000 2850 4.7
685 1500 5200 1.3
686 0 0 2.9
686 500 1450 2.8
686 1000 2850 4.7
686 1500 5200 1.3
687 0 0 2.9
687 500 1450 2.8
687 1000 2850 4.7
687 1500 5200 1.3
688 0 0 2.9
688 500 1450 2.8
688 1000 2850 4.7
688 1500 5200 1.3
689 0 0 2.9
689 500 1450 2.8
689 1000 2850 4.7
689 1500 5200 1.3
690 0 0 2.9
690 500 1450 2.8
690 1000 2850 4.7
690 1500 5200 1.3
691 0 0 2.9
691 500 1450 2.8
691 1000 2850 4.7
691 1500 5200 1.3
692 0 0 2.9
692 500 1450 2.8
692 1000 2850 4.7
692 1500 5200 1.3
693 0 0 2.9
693 500 1450 2.8
693 1000 2850 4.7
693 1500 5200 1.3
694 0 0 2.9
694 500 1450 2.8
694 1000 2850 4.7
694 1500 5200 1.3
695 0 0 2.9
695 500 1450 2.8
695 1000 2850 4.7
695 1500 5200 1.3
696 0 0 2.9
696 500 1450 2.8
696 1000 2850 4.7
696 1500 5200 1.3
697 0 0 2.9
697 500 1450 2.8
697 1000 2850 4.7
697 1500 5200 1.3
698 0 0 2.9
698 500 1450 2.8
698 1000 2850 4.7
698 1500 5200 1.3
699 0 0 2.9
699 500 1450 2.8
699 1000 2850 4.7
699 1500 5200 1.3
700 0 0 2.9
700 500 1450 2.8
700 1000 2850 4.7
700 1500 5200 1.3
701 0 0 2.9
701 500 1450 2.8
701 1000 2850 4.7
701 1500 5200 1.3
702 0 0 2.9
702 500 1450 2.8
702 1000 2850 4.7
702 1500 5200 1.3
703 0 0 2.9
703 500 1450 2.8
703 1000 2850 4.7
703 1500 5200 1.3
704 0 0 2.9
704 500 1450 2.8
704 1000 2850 4.7
704 1500 5200 1.3
705 0 0 2.9
705 500 1450 2.8
705 1000 2850 4.7
705 1500 5200 1.3
706 0 0 2.9
706 500 1450 2.8
706 1000 2850 4.7
706 1500 5200 1.3
707 0 0 2.9
707 500 1450 2.8
707 1000 2850 4.7
707 1500 5200 1.3
708 0 0 2.9
708 500 1450 2.8
708 1000 2850 4.7
708 1500 5200 1.3
709 0 0 2.9
709 500 1450 2.8
709 1000 2850 4.7
709 1500 5200 1.3
710 0 0 2.9
710 500 1450 2.8
710 1000 2850 4.7
710 1500 5200 1.3
711 0 0 2.9
711 500 1450 2.8
711 1000 2850 4.7
711 1500 5200 1.3
712 0 0 2.9
712 500 1450 2.8
712 1000 2850 4.7
712 1500 5200 1.3
713 0 0 2.9
713 500 1450 2.8
713 1000 2850 4.7
713 1500 5200 1.3
714 0 0 2.9
714 500 1450 2.8
714 1000 2850 4.7
714 1500 5200 1.3
715 0 0 2.9
715 500 1450 2.8
715 1000 2850 4.7
715 1500 5200 1.3
716 0 0 2.9
716 500 1450 2.8
716 1000 2850 4.7
716 1500 5200 1.3
717 0 0 2.9
717 500 1450 2.8
717 1000 2850 4.7
717 1500 5200 1.3
718 0 0 2.9
718 500 1450 2.8
718 1000 2850 4.7
718 1500 5200 1.3
719 0 0 2.9
719 500 1450 2.8
719 1000 2850 4.7
719 1500 5200 1.3
720 0 0 2.9
720 500 1450 2.8
720 1000 2850 4.7
720 1500 5200 1.3
721 0 0 2.9
721 500 1450 2.8
721 1000 2850 4.7
721 1500 5200 1.3
722 0 0 2.9
722 500 1450 2.8
722 1000 2850 4.7
722 1500 5200 1.3
723 0 0 2.9
723 500 1450 2.8
723 1000 2850 4.7
723 1500 5200 1.3
724 0 0 2.9
724 500 1450 2.8
724 1000 2850 4.7
724 1500 5200 1.3
725 0 0 2.9
725 500 1450 2.8
725 1000 2850 4.7
725 1500 5200 1.3
726 0 0 2.9
726 500 1450 2.8
726 1000 2850 4.7
726 1500 5200 1.3
727 0 0 2.9
727 500 1450 2.8
727 1000 2850 4.7
727 1500 5200 1.3
728 0 0 2.9
728 500 1450 2.8
728 1000 2850 4.7
728 1500 5200 1.3
729 0 0 2.9
729 500 1450 2.8
729 1000 2850 4.7
729 1500 5200 1.3
730 0 0 2.9
730 500 1450 2.8
730 1000 2850 4.7
730 1500 5200 1.3
731 0 0 2.9
731 500 1450 2.8
731 1000 2850 4.7
731 1500 5200 1.3
732 0 0 2.9
732 500 1450 2.8
732 1000 2850 4.7
732 1500 5200 1.3
733 0 0 2.9
733 500 1450 2.8
733 1000 2850 4.7
733 1500 5200 1.3
734 0 0 2.9
734 500 1450 2.8
734 1000 2850 4.7
734 1500 5200 1.3
735 0 0 2.9
735 500 1450 2.8
735 1000 2850 4.7
735 1500 5200 1.3
736 0 0 2.9
736 500 1450 2.8
736 1000 2850 4.7
736 1500 5200 1.3
737 0 0 2.9
737 500 1450 2.8
737 1000 2850 4.7
737 1500 5200 1.3
738 0 0 2.9
738 500 1450 2.8
738 1000 2850 4.7
738 1500 5200 1.3
739 0 0 2.9
739 500 1450 2.8
739 1000 2850 4.7
739 1500 5200 1.3
740 0 0 2.9
740 500 1450 2.8
740 1000 2850 4.7
740 1500 5200 1.3
741 0 0 2.9
741 500 1450 2.8
741 1000 2850 4.7
741 1500 5200 1.3
742 0 0 2.9
742 500 1450 2.8
742 1000 2850 4.7
742 1500 5200 1.3
743 0 0 2.9
743 500 1450 2.8
743 1000 2850 4.7
743 1500 5200 1.3
744 0 0 2.9
744 500 1450 2.8
744 1000 2850 4.7
744 1500 5200 1.3
745 0 0 2.9
745 500 1450 2.8
745 1000 2850 4.7
745 1500 5200 1.3
746 0 0 2.9
746 500 1450 2.8
746 1000 2850 4.7
746 1500 5200 1.3
747 0 0 2.9
747 500 1450 2.8
747 1000 2850 4.7
747 1500 5200 1.3
748 0 0 2.9
748 500 1450 2.8
748 1000 2850 4.7
748 1500 5200 1.3
749 0 0 2.9
749 500 1450 2.8
749 1000 2850 4.7
749 1500 5200 1.3
750 0 0 2.9
750 500 1450 2.8
750 1000 2850 4.7
750 1500 5200 1.3
751 0 0 2.9
751 500 1450 2.8
751 1000 2850 4.7
751 1500 5200 1.3
752 0 0 2.9
752 500 1450 2.8
752 1000 2850 4.7
752 1500 5200 1.3
753 0 0 2.9
753 500 1450 2.8
753 1000 2850 4.7
753 1500 5200 1.3
754 0 0 2.9
754 500 1450 2.8
754 1000 2850 4.7
754 1500 5200 1.3
755 0 0 2.9
755 500 1450 2.8
755 1000 2850 4.7
755 1500 5200 1.3
756 0 0 2.9
756 500 1450 2.8
756 1000 2850 4.7
756 1500 5200 1.3
757 0 0 2.9
757 500 1450 2.8
757 1000 2850 4.7
757 1500 5200 1.3
758 0 0 2.9
758 500 1450 2.8
758 1000 2850 4.7
758 1500 5200 1.3
759 0 0 2.9
759 500 1450 2.8
759 1000 2850 4.7
759 1500 5200 1.3
760 0 0 2.9
760 500 1450 2.8
760 1000 2850 4.7
760 1500 5200 1.3
761 0 0 2.9
761 500 1450 2.8
761 1000 2850 4.7
761 1500 5200 1.3
762 0 0 2.9
762 500 1450 2.8
762 1000 2850 4.7
762 1500 5200 1.3
763 0 0 2.9
763 500 1450 2.8
763 1000 2850 4.7
763 1500 5200 1.3
764 0 0 2.9
764 500 1450 2.8
764 1000 2850 4.7
764 1500 5200 1.3
765 0 0 2.9
765 500 1450 2.8
765 1000 2850 4.7
765 1500 5200 1.3
766 0 0 2.9
766 500 1450 2.8
766 1000 2850 4.7
766 1500 5200 1.3
767 0 0 2.9
767 500 1450 2.8
767 1000 2850 4.7
767 1500 5200 1.3
768 0 0 2.9
768 500 1450 2.8
768 1000 2850 4.7
768 1500 5200 1.3
769 0 0 2.9
769 500 1450 2.8
769 1000 2850 4.7
769 1500 5200 1.3
770 0 0 2.9
770 500 1450 2.8
770 1000 2850 4.7
770 1500 5200 1.3
771 0 0 2.9
771 500 1450 2.8
771 1000 2850 4.7
771 1500 5200 1.3
772 0 0 2.9
772 500 1450 2.8
772 1000 2850 4.7
772 1500 5200 1.3
773 0 0 2.9
773 500 1450 2.8
773 1000 2850 4.7
773 1500 5200 1.3
774 0 0 2.9
774 500 1450 2.8
774 1000 2850 4.7
774 1500 5200 1.3
775 0 0 2.9
775 500 1450 2.8
775 1000 2850 4.7
775 1500 5200 1.3
776 0 0 2.9
776 500 1450 2.8
776 1000 2850 4.7
776 1500 5200 1.3
777 0 0 2.9
777 500 1450 2.8
777 1000 2850 4.7
777 1500 5200 1.3
778 0 0 2.9
778 500 1450 2.8
778 1000 2850 4.7
778 1500 5200 1.3
779 0 0 2.9
779 500 1450 2.8
779 1000 2850 4.7
779 1500 5200 1.3
780 0 0 2.9
780 500 1450 2.8
780 1000 2850 4.7
780 1500 5200 1.3
781 0 0 2.9
781 500 1450 2.8
781 1000 2850 4.7
781 1500 5200 1.3
782 0 0 2.9
782 500 1450 2.8
782 1000 2850 4.7
782 1500 5200 1.3
783 0 0 2.9
783 500 1450 2.8
783 1000 2850 4.7
783 1500 5200 1.3
784 0 0 2.9
784 500 1450 2.8
784 1000 2850 4.7
784 1500 5200 1.3
785 0 0 2.9
785 500 1450 2.8
785 1000 2850 4.7
785 1500 5200 1.3
786 0 0 2.9
786 500 1450 2.8
786 1000 2850 4.7
786 1500 5200 1.3
787 0 0 2.9
787 500 1450 2.8
787 1000 2850 4.7
787 1500 5200 1.3
788 0 0 2.9
788 500 1450 2.8
788 1000 2850 4.7
788 1500 5200 1.3
789 0 0 2.9
789 500 1450 2.8
789 1000 2850 4.7
789 1500 5200 1.3
790 0 0 2.9
790 500 1450 2.8
790 1000 2850 4.7
790 1500 5200 1.3
791 0 0 2.9
791 500 1450 2.8
791 1000 2850 4.7
791 1500 5200 1.3
792 0 0 2.9
792 500 1450 2.8
792 1000 2850 4.7
792 1500 5200 1.3
793 0 0 2.9
793 500 1450 2.8
793 1000 2850 4.7
793 1500 5200 1.3
794 0 0 2.9
794 500 1450 2.8
794 1000 2850 4.7
794 1500 5200 1.3
795 0 0 2.9
795 500 1450 2.8
795 1000 2850 4.7
795 1500 5200 1.3
796 0 0 2.9
796 500 1450 2.8
796 1000 2850 4.7
796 1500 5200 1.3
797 0 0 2.9
797 500 1450 2.8
797 1000 2850 4.7
797 1500 5200 1.3
798 0 0 2.9
798 500 1450 2.8
798 1000 2850 4.7
798 1500 5200 1.3
799 0 0 2.9
799 500 1450 2.8
799 1000 2850 4.7
799 1500 5200 1.3
800 0 0 2.9
800 500 1450 2.8
800 1000 2850 4.7
800 1500 5200 1.3
801 0 0 2.9
801 500 1450 2.8
801 1000 2850 4.7
801 1500 5200 1.3
802 0 0 2.9
802 500 1450 2.8
802 1000 2850 4.7
802 1500 5200 1.3
803 0 0 2.9
803 500 1450 2.8
803 1000 2850 4.7
803 1500 5200 1.3
804 0 0 2.9
804 500 1450 2.8
804 1000 2850 4.7
804 1500 5200 1.3
805 0 0 2.9
805 500 1450 2.8
805 1000 2850 4.7
805 1500 5200 1.3
806 0 0 2.9
806 500 1450 2.8
806 1000 2850 4.7
806 1500 5200 1.3
807 0 0 2.9
807 500 1450 2.8
807 1000 2850 4.7
807 1500 5200 1.3
808 0 0 2.9
808 500 1450 2.8
808 1000 2850 4.7
808 1500 5200 1.3
809 0 0 2.9
809 500 1450 2.8
809 1000 2850 4.7
809 1500 5200 1.3
810 0 0 2.9
810 500 1450 2.8
810 1000 2850 4.7
810 1500 5200 1.3
811 0 0 2.9
811 500 1450 2.8
811 1000 2850 4.7
811 1500 5200 1.3
812 0 0 2.9
812 500 1450 2.8
812 1000 2850 4.7
812 1500 5200 1.3
813 0 0 2.9
813 500 1450 2.8
813 1000 2850 4.7
813 1500 5200 1.3
814 0 0 2.9
814 500 1450 2.8
814 1000 2850 4.7
814 1500 5200 1.3
815 0 0 2.9
815 500 1450 2.8
815 1000 2850 4.7
815 1500 5200 1.3
816 0 0 2.9
816 500 1450 2.8
816 1000 2850 4.7
816 1500 5200 1.3
817 0 0 2.9
817 500 1450 2.8
817 1000 2850 4.7
817 1500 5200 1.3
818 0 0 2.9
818 500 1450 2.8
818 1000 2850 4.7
818 1500 5200 1.3
819 0 0 2.9
819 500 1450 2.8
819 1000 2850 4.7
819 1500 5200 1.3
820 0 0 2.9
820 500 1450 2.8
820 1000 2850 4.7
820 1500 5200 1.3
821 0 0 2.9
821 500 1450 2.8
821 1000 2850 4.7
821 1500 5200 1.3
822 0 0 2.9
822 500 1450 2.8
822 1000 2850 4.7
822 1500 5200 1.3
823 0 0 2.9
823 500 1450 2.8
823 1000 2850 4.7
823 1500 5200 1.3
824 0 0 2.9
824 500 1450 2.8
824 1000 2850 4.7
824 1500 5200 1.3
825 0 0 2.9
825 500 1450 2.8
825 1000 2850 4.7
825 1500 5200 1.3
826 0 0 2.9
826 500 1450 2.8
826 1000 2850 4.7
826 1500 5200 1.3
827 0 0 2.9
827 500 1450 2.8
827 1000 2850 4.7
827 1500 5200 1.3
828 0 0 2.9
828 500 1450 2.8
828 1000 2850 4.7
828 1500 5200 1.3
829 0 0 2.9
829 500 1450 2.8
829 1000 2850 4.7
829 1500 5200 1.3
830 0 0 2.9
830 500 1450 2.8
830 1000 2850 4.7
830 1500 5200 1.3
831 0 0 2.9
831 500 1450 2.8
831 1000 2850 4.7
831 1500 5200 1.3
832 0 0 2.9
832 500 1450 2.8
832 1000 2850 4.7
832 1500 5200 1.3
833 0 0 2.9
833 500 1450 2.8
833 1000 2850 4.7
833 1500 5200 1.3
834 0 0 2.9
834 500 1450 2.8
834 1000 2850 4.7
834 1500 5200 1.3
835 0 0 2.9
835 500 1450 2.8
835 1000 2850 4.7
835 1500 5200 1.3
836 0 0 2.9
836 500 1450 2.8
836 1000 2850 4.7
836 1500 5200 1.3
837 0 0 2.9
837 500 1450 2.8
837 1000 2850 4.7
837 1500 5200 1.3
838 0 0 2.9
838 500 1450 2.8
838 1000 2850 4.7
838 1500 5200 1.3
839 0 0 2.9
839 500 1450 2.8
839 1000 2850 4.7
839 1500 5200 1.3
840 0 0 2.9
840 500 1450 2.8
840 1000 2850 4.7
840 1500 5200 1.3
841 0 0 2.9
841 500 1450 2.8
841 1000 2850 4.7
841 1500 5200 1.3
842 0 0 2.9
842 500 1450 2.8
842 1000 2850 4.7
842 1500 5200 1.3
843 0 0 2.9
843 500 1450 2.8
843 1000 2850 4.7
843 1500 5200 1.3
844 0 0 2.9
844 500 1450 2.8
844 1000 2850 4.7
844 1500 5200 1.3
845 0 0 2.9
845 500 1450 2.8
845 1000 2850 4.7
845 1500 5200 1.3
846 0 0 2.9
846 500 1450 2.8
846 1000 2850 4.7
846 1500 5200 1.3
847 0 0 2.9
847 500 1450 2.8
847 1000 2850 4.7
847 1500 5200 1.3
848 0 0 2.9
848 500 1450 2.8
848 1000 2850 4.7
848 1500 5200 1.3
849 0 0 2.9
849 500 1450 2.8
849 1000 2850 4.7
849 1500 5200 1.3
850 0 0 2.9
850 500 1450 2.8
850 1000 2850 4.7
850 1500 5200 1.3
851 0 0 2.9
851 500 1450 2.8
851 1000 2850 4.7
851 1500 5200 1.3
852 0 0 2.9
852 500 1450 2.8
852 1000 2850 4.7
852 1500 5200 1.3
853 0 0 2.9
853 500 1450 2.8
853 1000 2850 4.7
853 1500 5200 1.3
854 0 0 2.9
854 500 1450 2.8
854 1000 2850 4.7
854 1500 5200 1.3
855 0 0 2.9
855 500 1450 2.8
855 1000 2850 4.7
855 1500 5200 1.3
856 0 0 2.9
856 500 1450 2.8
856 1000 2850 4.7
856 1500 5200 1.3
857 0 0 2.9
857 500 1450 2.8
857 1000 2850 4.7
857 1500 5200 1.3
858 0 0 2.9
858 500 1450 2.8
858 1000 2850 4.7
858 1500 5200 1.3
859 0 0 2.9
859 500 1450 2.8
859 1000 2850 4.7
859 1500 5200 1.3
860 0 0 2.9
860 500 1450 2.8
860 1000 2850 4.7
860 1500 5200 1.3
861 0 0 2.9
861 500 1450 2.8
861 1000 2850 4.7
861 1500 5200 1.3
862 0 0 2.9
862 500 1450 2.8
862 1000 2850 4.7
862 1500 5200 1.3
863 0 0 2.9
863 500 1450 2.8
863 1000 2850 4.7
863 1500 5200 1.3
864 0 0 2.9
864 500 1450 2.8
864 1000 2850 4.7
864 1500 5200 1.3
865 0 0 2.9
865 500 1450 2.8
865 1000 2850 4.7
865 1500 5200 1.3
866 0 0 2.9
866 500 1450 2.8
866 1000 2850 4.7
866 1500 5200 1.3
867 0 0 2.9
867 500 1450 2.8
867 1000 2850 4.7
867 1500 5200 1.3
868 0 0 2.9
868 500 1450 2.8
868 1000 2850 4.7
868 1500 5200 1.3
869 0 0 2.9
869 500 1450 2.8
869 1000 2850 4.7
869 1500 5200 1.3
870 0 0 2.9
870 500 1450 2.8
870 1000 2850 4.7
870 1500 5200 1.3
871 0 0 2.9
871 500 1450 2.8
871 1000 2850 4.7
871 1500 5200 1.3
872 0 0 2.9
872 500 1450 2.8
872 1000 2850 4.7
872 1500 5200 1.3
873 0 0 2.9
873 500 1450 2.8
873 1000 2850 4.7
873 1500 5200 1.3
874 0 0 2.9
874 500 1450 2.8
874 1000 2850 4.7
874 1500 5200 1.3
875 0 0 2.9
875 500 1450 2.8
875 1000 2850 4.7
875 1500 5200 1.3
876 0 0 2.9
876 500 1450 2.8
876 1000 2850 4.7
876 1500 5200 1.3
877 0 0 2.9
877 500 1450 2.8
877 1000 2850 4.7
877 1500 5200 1.3
878 0 0 2.9
878 500 1450 2.8
878 1000 2850 4.7
878 1500 5200 1.3
879 0 0 2.9
879 500 1450 2.8
879 1000 2850 4.7
879 1500 5200 1.3
880 0 0 2.9
880 500 1450 2.8
880 1000 2850 4.7
880 1500 5200 1.3
881 0 0 2.9
881 500 1450 2.8
881 1000 2850 4.7
881 1500 5200 1.3
882 0 0 2.9
882 500 1450 2.8
882 1000 2850 4.7
882 1500 5200 1.3
883 0 0 2.9
883 500 1450 2.8
883 1000 2850 4.7
883 1500 5200 1.3
884 0 0 2.9
884 500 1450 2.8
884 1000 2850 4.7
884 1500 5200 1.3
885 0 0 2.9
885 500 1450 2.8
885 1000 2850 4.7
885 1500 5200 1.3
886 0 0 2.9
886 500 1450 2.8
886 1000 2850 4.7
886 1500 5200 1.3
887 0 0 2.9
887 500 1450 2.8
887 1000 2850 4.7
887 1500 5200 1.3
888 0 0 2.9
888 500 1450 2.8
888 1000 2850 4.7
888 1500 5200 1.3
889 0 0 2.9
889 500 1450 2.8
889 1000 2850 4.7
889 1500 5200 1.3
890 0 0 2.9
890 500 1450 2.8
890 1000 2850 4.7
890 1500 5200 1.3
891 0 0 2.9
891 500 1450 2.8
891 1000 2850 4.7
891 1500 5200 1.3
892 0 0 2.9
892 500 1450 2.8
892 1000 2850 4.7
892 1500 5200 1.3
893 0 0 2.9
893 500 1450 2.8
893 1000 2850 4.7
893 1500 5200 1.3
894 0 0 2.9
894 500 1450 2.8
894 1000 2850 4.7
894 1500 5200 1.3
895 0 0 2.9
895 500 1450 2.8
895 1000 2850 4.7
895 1500 5200 1.3
896 0 0 2.9
896 500 1450 2.8
896 1000 2850 4.7
896 1500 5200 1.3
897 0 0 2.9
897 500 1450 2.8
897 1000 2850 4.7
897 1500 5200 1.3
898 0 0 2.9
898 500 1450 2.8
898 1000 2850 4.7
898 1500 5200 1.3
899 0 0 2.9
899 500 1450 2.8
899 1000 2850 4.7
899 1500 5200 1.3
900 0 0 2.9
900 500 1450 2.8
900 1000 2850 4.7
900 1500 5200 1.3
901 0 0 2.9
901 500 1450 2.8
901 1000 2850 4.7
901 1500 5200 1.3
902 0 0 2.9
902 500 1450 2.8
902 1000 2850 4.7
902 1500 5200 1.3
903 0 0 2.9
903 500 1450 2.8
903 1000 2850 4.7
903 1500 5200 1.3
904 0 0 2.9
904 500 1450 2.8
904 1000 2850 4.7
904 1500 5200 1.3
905 0 0 2.9
905 500 1450 2.8
905 1000 2850 4.7
905 1500 5200 1.3
906 0 0 2.9
906 500 1450 2.8
906 1000 2850 4.7
906 1500 5200 1.3
907 0 0 2.9
907 500 1450 2.8
907 1000 2850 4.7
907 1500 5200 1.3
908 0 0 2.9
908 500 1450 2.8
908 1000 2850 4.7
908 1500 5200 1.3
909 0 0 2.9
909 500 1450 2.8
909 1000 2850 4.7
909 1500 5200 1.3
910 0 0 2.9
910 500 1450 2.8
910 1000 2850 4.7
910 1500 5200 1.3
911 0 0 2.9
911 500 1450 2.8
911 1000 2850 4.7
911 1500 5200 1.3
912 0 0 2.9
912 500 1450 2.8
912 1000 2850 4.7
912 1500 5200 1.3
913 0 0 2.9
913 500 1450 2.8
913 1000 2850 4.7
913 1500 5200 1.3
914 0 0 2.9
914 500 1450 2.8
914 1000 2850 4.7
914 1500 5200 1.3
915 0 0 2.9
915 500 1450 2.8
915 1000 2850 4.7
915 1500 5200 1.3
916 0 0 2.9
916 500 1450 2.8
916 1000 2850 4.7
916 1500 5200 1.3
917 0 0 2.9
917 500 1450 2.8
917 1000 2850 4.7
917 1500 5200 1.3
918 0 0 2.9
918 500 1450 2.8
918 1000 2850 4.7
918 1500 5200 1.3
919 0 0 2.9
919 500 1450 2.8
919 1000 2850 4.7
919 1500 5200 1.3
920 0 0 2.9
920 500 1450 2.8
920 1000 2850 4.7
920 1500 5200 1.3
921 0 0 2.9
921 500 1450 2.8
921 1000 2850 4.7
921 1500 5200 1.3
922 0 0 2.9
922 500 1450 2.8
922 1000 2850 4.7
922 1500 5200 1.3
923 0 0 2.9
923 500 1450 2.8
923 1000 2850 4.7
923 1500 5200 1.3
924 0 0 2.9
924 500 1450 2.8
924 1000 2850 4.7
924 1500 5200 1.3
925 0 0 2.9
925 500 1450 2.8
925 1000 2850 4.7
925 1500 5200 1.3
926 0 0 2.9
926 500 1450 2.8
926 1000 2850 4.7
926 1500 5200 1.3
927 0 0 2.9
927 500 1450 2.8
927 1000 2850 4.7
927 1500 5200 1.3
928 0 0 2.9
928 500 1450 2.8
928 1000 2850 4.7
928 1500 5200 1.3
929 0 0 2.9
929 500 1450 2.8
929 1000 2850 4.7
929 1500 5200 1.3
930 0 0 2.9
930 500 1450 2.8
930 1000 2850 4.7
930 1500 5200 1.3
931 0 0 2.9
931 500 1450 2.8
931 1000 2850 4.7
931 1500 5200 1.3
932 0 0 2.9
932 500 1450 2.8
932 1000 2850 4.7
932 1500 5200 1.3
933 0 0 2.9
933 500 1450 2.8
933 1000 2850 4.7
933 1500 5200 1.3
934 0 0 2.9
934 500 1450 2.8
934 1000 2850 4.7
934 1500 5200 1.3
935 0 0 2.9
935 500 1450 2.8
935 1000 2850 4.7
935 1500 5200 1.3
936 0 0 2.9
936 500 1450 2.8
936 1000 2850 4.7
936 1500 5200 1.3
937 0 0 2.9
937 500 1450 2.8
937 1000 2850 4.7
937 1500 5200 1.3
938 0 0 2.9
938 500 1450 2.8
938 1000 2850 4.7
938 1500 5200 1.3
939 0 0 2.9
939 500 1450 2.8
939 1000 2850 4.7
939 1500 5200 1.3
940 0 0 2.9
940 500 1450 2.8
940 1000 2850 4.7
940 1500 5200 1.3
941 0 0 2.9
941 500 1450 2.8
941 1000 2850 4.7
941 1500 5200 1.3
942 0 0 2.9
942 500 1450 2.8
942 1000 2850 4.7
942 1500 5200 1.3
943 0 0 2.9
943 500 1450 2.8
943 1000 2850 4.7
943 1500 5200 1.3
944 0 0 2.9
944 500 1450 2.8
944 1000 2850 4.7
944 1500 5200 1.3
945 0 0 2.9
945 500 1450 2.8
945 1000 2850 4.7
945 1500 5200 1.3
946 0 0 2.9
946 500 1450 2.8
946 1000 2850 4.7
946 1500 5200 1.3
947 0 0 2.9
947 500 1450 2.8
947 1000 2850 4.7
947 1500 5200 1.3
948 0 0 2.9
948 500 1450 2.8
948 1000 2850 4.7
948 1500 5200 1.3
949 0 0 2.9
949 500 1450 2.8
949 1000 2850 4.7
949 1500 5200 1.3
950 0 0 2.9
950 500 1450 2.8
950 1000 2850 4.7
950 1500 5200 1.3
951 0 0 2.9
951 500 1450 2.8
951 1000 2850 4.7
951 1500 5200 1.3
952 0 0 2.9
952 500 1450 2.8
952 1000 2850 4.7
952 1500 5200 1.3
953 0 0 2.9
953 500 1450 2.8
953 1000 2850 4.7
953 1500 5200 1.3
954 0 0 2.9
954 500 1450 2.8
954 1000 2850 4.7
954 1500 5200 1.3
955 0 0 2.9
955 500 1450 2.8
955 1000 2850 4.7
955 1500 5200 1.3
956 0 0 2.9
956 500 1450 2.8
956 1000 2850 4.7
956 1500 5200 1.3
957 0 0 2.9
957 500 1450 2.8
957 1000 2850 4.7
957 1500 5200 1.3
958 0 0 2.9
958 500 1450 2.8
958 1000 2850 4.7
958 1500 5200 1.3
959 0 0 2.9
959 500 1450 2.8
959 1000 2850 4.7
959 1500 5200 1.3
960 0 0 2.9
960 500 1450 2.8
960 1000 2850 4.7
960 1500 5200 1.3
961 0 0 2.9
961 500 1450 2.8
961 1000 2850 4.7
961 1500 5200 1.3
962 0 0 2.9
962 500 1450 2.8
962 1000 2850 4.7
962 1500 5200 1.3
963 0 0 2.9
963 500 1450 2.8
963 1000 2850 4.7
963 1500 5200 1.3
964 0 0 2.9
964 500 1450 2.8
964 1000 2850 4.7
964 1500 5200 1.3
965 0 0 2.9
965 500 1450 2.8
965 1000 2850 4.7
965 1500 5200 1.3
966 0 0 2.9
966 500 1450 2.8
966 1000 2850 4.7
966 1500 5200 1.3
967 0 0 2.9
967 500 1450 2.8
967 1000 2850 4.7
967 1500 5200 1.3
968 0 0 2.9
968 500 1450 2.8
968 1000 2850 4.7
968 1500 5200 1.3
969 0 0 2.9
969 500 1450 2.8
969 1000 2850 4.7
969 1500 5200 1.3
970 0 0 2.9
970 500 1450 2.8
970 1000 2850 4.7
970 1500 5200 1.3
971 0 0 2.9
971 500 1450 2.8
971 1000 2850 4.7
971 1500 5200 1.3
972 0 0 2.9
972 500 1450 2.8
972 1000 2850 4.7
972 1500 5200 1.3
973 0 0 2.9
973 500 1450 2.8
973 1000 2850 4.7
973 1500 5200 1.3
974 0 0 2.9
974 500 1450 2.8
974 1000 2850 4.7
974 1500 5200 1.3
975 0 0 2.9
975 500 1450 2.8
975 1000 2850 4.7
975 1500 5200 1.3
976 0 0 2.9
976 500 1450 2.8
976 1000 2850 4.7
976 1500 5200 1.3
977 0 0 2.9
977 500 1450 2.8
977 1000 2850 4.7
977 1500 5200 1.3
978 0 0 2.9
978 500 1450 2.8
978 1000 2850 4.7
978 1500 5200 1.3
979 0 0 2.9
979 500 1450 2.8
979 1000 2850 4.7
979 1500 5200 1.3
980 0 0 2.9
980 500 1450 2.8
980 1000 2850 4.7
980 1500 5200 1.3
981 0 0 2.9
981 500 1450 2.8
981 1000 2850 4.7
981 1500 5200 1.3
982 0 0 2.9
982 500 1450 2.8
982 1000 2850 4.7
982 1500 5200 1.3
983 0 0 2.9
983 500 1450 2.8
983 1000 2850 4.7
983 1500 5200 1.3
984 0 0 2.9
984 500 1450 2.8
984 1000 2850 4.7
984 1500 5200 1.3
985 0 0 2.9
985 500 1450 2.8
985 1000 2850 4.7
985 1500 5200 1.3
986 0 0 2.9
986 500 1450 2.8
986 1000 2850 4.7
986 1500 5200 1.3
987 0 0 2.9
987 500 1450 2.8
987 1000 2850 4.7
987 1500 5200 1.3
988 0 0 2.9
988 500 1450 2.8
988 1000 2850 4.7
988 1500 5200 1.3
989 0 0 2.9
989 500 1450 2.8
989 1000 2850 4.7
989 1500 5200 1.3
990 0 0 2.9
990 500 1450 2.8
990 1000 2850 4.7
990 1500 5200 1.3
991 0 0 2.9
991 500 1450 2.8
991 1000 2850 4.7
991 1500 5200 1.3
992 0 0 2.9
992 500 1450 2.8
992 1000 2850 4.7
992 1500 5200 1.3
993 0 0 2.9
993 500 1450 2.8
993 1000 2850 4.7
993 1500 5200 1.3
994 0 0 2.9
994 500 1450 2.8
994 1000 2850 4.7
994 1500 5200 1.3
995 0 0 2.9
995 500 1450 2.8
995 1000 2850 4.7
995 1500 5200 1.3
996 0 0 2.9
996 500 1450 2.8
996 1000 2850 4.7
996 1500 5200 1.3
997 0 0 2.9
997 500 1450 2.8
997 1000 2850 4.7
997 1500 5200 1.3
998 0 0 2.9
998 500 1450 2.8
998 1000 2850 4.7
998 1500 5200 1.3
999 0 0 2.9
999 500 1450 2.8
999 1000 2850 4.7
999 1500 5200 1.3
