500 4
0 0 0 2.2
0 500 1100 2.7
0 1000 2450 4.6
0 1500 4750 1.6
1 0 0 2.2
1 500 1100 2.7
1 1000 2450 4.6
1 1500 4750 1.6
2 0 0 2.2
2 500 1100 2.7
2 1000 2450 4.6
2 1500 4750 1.6
3 0 0 2.2
3 500 1100 2.7
3 1000 2450 4.6
3 1500 4750 1.6
4 0 0 2.2
4 500 1100 2.7
4 1000 2450 4.6
4 1500 4750 1.6
5 0 0 2.2
5 500 1100 2.7
5 1000 2450 4.6
5 1500 4750 1.6
6 0 0 2.2
6 500 1100 2.7
6 1000 2450 4.6
6 1500 4750 1.6
7 0 0 2.2
7 500 1100 2.7
7 1000 2450 4.6
7 1500 4750 1.6
8 0 0 2.2
8 500 1100 2.7
8 1000 2450 4.6
8 1500 4750 1.6
9 0 0 2.2
9 500 1100 2.7
9 1000 2450 4.6
9 1500 4750 1.6
10 0 0 2.2
10 500 1100 2.7
10 1000 2450 4.6
10 1500 4750 1.6
11 0 0 2.2
11 500 1100 2.7
11 1000 2450 4.6
11 1500 4750 1.6
12 0 0 2.2
12 500 1100 2.7
12 1000 2450 4.6
12 1500 4750 1.6
13 0 0 2.2
13 500 1100 2.7
13 1000 2450 4.6
13 1500 4750 1.6
14 0 0 2.2
14 500 1100 2.7
14 1000 2450 4.6
14 1500 4750 1.6
15 0 0 2.2
15 500 1100 2.7
15 1000 2450 4.6
15 1500 4750 1.6
16 0 0 2.2
16 500 1100 2.7
16 1000 2450 4.6
16 1500 4750 1.6
17 0 0 2.2
17 500 1100 2.7
17 1000 2450 4.6
17 1500 4750 1.6
18 0 0 2.2
18 500 1100 2.7
18 1000 2450 4.6
18 1500 4750 1.6
19 0 0 2.2
19 500 1100 2.7
19 1000 2450 4.6
19 1500 4750 1.6
20 0 0 2.2
20 500 1100 2.7
20 1000 2450 4.6
20 1500 4750 1.6
21 0 0 2.2
21 500 1100 2.7
21 1000 2450 4.6
21 1500 4750 1.6
22 0 0 2.2
22 500 1100 2.7
22 1000 2450 4.6
22 1500 4750 1.6
23 0 0 2.2
23 500 1100 2.7
23 1000 2450 4.6
23 1500 4750 1.6
24 0 0 2.2
24 500 1100 2.7
24 1000 2450 4.6
24 1500 4750 1.6
25 0 0 2.2
25 500 1100 2.7
25 1000 2450 4.6
25 1500 4750 1.6
26 0 0 2.2
26 500 1100 2.7
26 1000 2450 4.6
26 1500 4750 1.6
27 0 0 2.2
27 500 1100 2.7
27 1000 2450 4.6
27 1500 4750 1.6
28 0 0 2.2
28 500 1100 2.7
28 1000 2450 4.6
28 1500 4750 1.6
29 0 0 2.2
29 500 1100 2.7
29 1000 2450 4.6
29 1500 4750 1.6
30 0 0 2.2
30 500 1100 2.7
30 1000 2450 4.6
30 1500 4750 1.6
31 0 0 2.2
31 500 1100 2.7
31 1000 2450 4.6
31 1500 4750 1.6
32 0 0 2.2
32 500 1100 2.7
32 1000 2450 4.6
32 1500 4750 1.6
33 0 0 2.2
33 500 1100 2.7
33 1000 2450 4.6
33 1500 4750 1.6
34 0 0 2.2
34 500 1100 2.7
34 1000 2450 4.6
34 1500 4750 1.6
35 0 0 2.2
35 500 1100 2.7
35 1000 2450 4.6
35 1500 4750 1.6
36 0 0 2.2
36 500 1100 2.7
36 1000 2450 4.6
36 1500 4750 1.6
37 0 0 2.2
37 500 1100 2.7
37 1000 2450 4.6
37 1500 4750 1.6
38 0 0 2.2
38 500 1100 2.7
38 1000 2450 4.6
38 1500 4750 1.6
39 0 0 2.2
39 500 1100 2.7
39 1000 2450 4.6
39 1500 4750 1.6
40 0 0 2.2
40 500 1100 2.7
40 1000 2450 4.6
40 1500 4750 1.6
41 0 0 2.2
41 500 1100 2.7
41 1000 2450 4.6
41 1500 4750 1.6
42 0 0 2.2
42 500 1100 2.7
42 1000 2450 4.6
42 1500 4750 1.6
43 0 0 2.2
43 500 1100 2.7
43 1000 2450 4.6
43 1500 4750 1.6
44 0 0 2.2
44 500 1100 2.7
44 1000 2450 4.6
44 1500 4750 1.6
45 0 0 2.2
45 500 1100 2.7
45 1000 2450 4.6
45 1500 4750 1.6
46 0 0 2.2
46 500 1100 2.7
46 1000 2450 4.6
46 1500 4750 1.6
47 0 0 2.2
47 500 1100 2.7
47 1000 2450 4.6
47 1500 4750 1.6
48 0 0 2.2
48 500 1100 2.7
48 1000 2450 4.6
48 1500 4750 1.6
49 0 0 2.2
49 500 1100 2.7
49 1000 2450 4.6
49 1500 4750 1.6
50 0 0 2.2
50 500 1100 2.7
50 1000 2450 4.6
50 1500 4750 1.6
51 0 0 2.2
51 500 1100 2.7
51 1000 2450 4.6
51 1500 4750 1.6
52 0 0 2.2
52 500 1100 2.7
52 1000 2450 4.6
52 1500 4750 1.6
53 0 0 2.2
53 500 1100 2.7
53 1000 2450 4.6
53 1500 4750 1.6
54 0 0 2.2
54 500 1100 2.7
54 1000 2450 4.6
54 1500 4750 1.6
55 0 0 2.2
55 500 1100 2.7
55 1000 2450 4.6
55 1500 4750 1.6
56 0 0 2.2
56 500 1100 2.7
56 1000 2450 4.6
56 1500 4750 1.6
57 0 0 2.2
57 500 1100 2.7
57 1000 2450 4.6
57 1500 4750 1.6
58 0 0 2.2
58 500 1100 2.7
58 1000 2450 4.6
58 1500 4750 1.6
59 0 0 2.2
59 500 1100 2.7
59 1000 2450 4.6
59 1500 4750 1.6
60 0 0 2.2
60 500 1100 2.7
60 1000 2450 4.6
60 1500 4750 1.6
61 0 0 2.2
61 500 1100 2.7
61 1000 2450 4.6
61 1500 4750 1.6
62 0 0 2.2
62 500 1100 2.7
62 1000 2450 4.6
62 1500 4750 1.6
63 0 0 2.2
63 500 1100 2.7
63 1000 2450 4.6
63 1500 4750 1.6
64 0 0 2.2
64 500 1100 2.7
64 1000 2450 4.6
64 1500 4750 1.6
65 0 0 2.2
65 500 1100 2.7
65 1000 2450 4.6
65 1500 4750 1.6
66 0 0 2.2
66 500 1100 2.7
66 1000 2450 4.6
66 1500 4750 1.6
67 0 0 2.2
67 500 1100 2.7
67 1000 2450 4.6
67 1500 4750 1.6
68 0 0 2.2
68 500 1100 2.7
68 1000 2450 4.6
68 1500 4750 1.6
69 0 0 2.2
69 500 1100 2.7
69 1000 2450 4.6
69 1500 4750 1.6
70 0 0 2.2
70 500 1100 2.7
70 1000 2450 4.6
70 1500 4750 1.6
71 0 0 2.2
71 500 1100 2.7
71 1000 2450 4.6
71 1500 4750 1.6
72 0 0 2.2
72 500 1100 2.7
72 1000 2450 4.6
72 1500 4750 1.6
73 0 0 2.2
73 500 1100 2.7
73 1000 2450 4.6
73 1500 4750 1.6
74 0 0 2.2
74 500 1100 2.7
74 1000 2450 4.6
74 1500 4750 1.6
75 0 0 2.2
75 500 1100 2.7
75 1000 2450 4.6
75 1500 4750 1.6
76 0 0 2.2
76 500 1100 2.7
76 1000 2450 4.6
76 1500 4750 1.6
77 0 0 2.2
77 500 1100 2.7
77 1000 2450 4.6
77 1500 4750 1.6
78 0 0 2.2
78 500 1100 2.7
78 1000 2450 4.6
78 1500 4750 1.6
79 0 0 2.2
79 500 1100 2.7
79 1000 2450 4.6
79 1500 4750 1.6
80 0 0 2.2
80 500 1100 2.7
80 1000 2450 4.6
80 1500 4750 1.6
81 0 0 2.2
81 500 1100 2.7
81 1000 2450 4.6
81 1500 4750 1.6
82 0 0 2.2
82 500 1100 2.7
82 1000 2450 4.6
82 1500 4750 1.6
83 0 0 2.2
83 500 1100 2.7
83 1000 2450 4.6
83 1500 4750 1.6
84 0 0 2.2
84 500 1100 2.7
84 1000 2450 4.6
84 1500 4750 1.6
85 0 0 2.2
85 500 1100 2.7
85 1000 2450 4.6
85 1500 4750 1.6
86 0 0 2.2
86 500 1100 2.7
86 1000 2450 4.6
86 1500 4750 1.6
87 0 0 2.2
87 500 1100 2.7
87 1000 2450 4.6
87 1500 4750 1.6
88 0 0 2.2
88 500 1100 2.7
88 1000 2450 4.6
88 1500 4750 1.6
89 0 0 2.2
89 500 1100 2.7
89 1000 2450 4.6
89 1500 4750 1.6
90 0 0 2.2
90 500 1100 2.7
90 1000 2450 4.6
90 1500 4750 1.6
91 0 0 2.2
91 500 1100 2.7
91 1000 2450 4.6
91 1500 4750 1.6
92 0 0 2.2
92 500 1100 2.7
92 1000 2450 4.6
92 1500 4750 1.6
93 0 0 2.2
93 500 1100 2.7
93 1000 2450 4.6
93 1500 4750 1.6
94 0 0 2.2
94 500 1100 2.7
94 1000 2450 4.6
94 1500 4750 1.6
95 0 0 2.2
95 500 1100 2.7
95 1000 2450 4.6
95 1500 4750 1.6
96 0 0 2.2
96 500 1100 2.7
96 1000 2450 4.6
96 1500 4750 1.6
97 0 0 2.2
97 500 1100 2.7
97 1000 2450 4.6
97 1500 4750 1.6
98 0 0 2.2
98 500 1100 2.7
98 1000 2450 4.6
98 1500 4750 1.6
99 0 0 2.2
99 500 1100 2.7
99 1000 2450 4.6
99 1500 4750 1.6
100 0 0 2.2
100 500 1100 2.7
100 1000 2450 4.6
100 1500 4750 1.6
101 0 0 2.2
101 500 1100 2.7
101 1000 2450 4.6
101 1500 4750 1.6
102 0 0 2.2
102 500 1100 2.7
102 1000 2450 4.6
102 1500 4750 1.6
103 0 0 2.2
103 500 1100 2.7
103 1000 2450 4.6
103 1500 4750 1.6
104 0 0 2.2
104 500 1100 2.7
104 1000 2450 4.6
104 1500 4750 1.6
105 0 0 2.2
105 500 1100 2.7
105 1000 2450 4.6
105 1500 4750 1.6
106 0 0 2.2
106 500 1100 2.7
106 1000 2450 4.6
106 1500 4750 1.6
107 0 0 2.2
107 500 1100 2.7
107 1000 2450 4.6
107 1500 4750 1.6
108 0 0 2.2
108 500 1100 2.7
108 1000 2450 4.6
108 1500 4750 1.6
109 0 0 2.2
109 500 1100 2.7
109 1000 2450 4.6
109 1500 4750 1.6
110 0 0 2.2
110 500 1100 2.7
110 1000 2450 4.6
110 1500 4750 1.6
111 0 0 2.2
111 500 1100 2.7
111 1000 2450 4.6
111 1500 4750 1.6
112 0 0 2.2
112 500 1100 2.7
112 1000 2450 4.6
112 1500 4750 1.6
113 0 0 2.2
113 500 1100 2.7
113 1000 2450 4.6
113 1500 4750 1.6
114 0 0 2.2
114 500 1100 2.7
114 1000 2450 4.6
114 1500 4750 1.6
115 0 0 2.2
115 500 1100 2.7
115 1000 2450 4.6
115 1500 4750 1.6
116 0 0 2.2
116 500 1100 2.7
116 1000 2450 4.6
116 1500 4750 1.6
117 0 0 2.2
117 500 1100 2.7
117 1000 2450 4.6
117 1500 4750 1.6
118 0 0 2.2
118 500 1100 2.7
118 1000 2450 4.6
118 1500 4750 1.6
119 0 0 2.2
119 500 1100 2.7
119 1000 2450 4.6
119 1500 4750 1.6
120 0 0 2.2
120 500 1100 2.7
120 1000 2450 4.6
120 1500 4750 1.6
121 0 0 2.2
121 500 1100 2.7
121 1000 2450 4.6
121 1500 4750 1.6
122 0 0 2.2
122 500 1100 2.7
122 1000 2450 4.6
122 1500 4750 1.6
123 0 0 2.2
123 500 1100 2.7
123 1000 2450 4.6
123 1500 4750 1.6
124 0 0 2.2
124 500 1100 2.7
124 1000 2450 4.6
124 1500 4750 1.6
125 0 0 2.2
125 500 1100 2.7
125 1000 2450 4.6
125 1500 4750 1.6
126 0 0 2.2
126 500 1100 2.7
126 1000 2450 4.6
126 1500 4750 1.6
127 0 0 2.2
127 500 1100 2.7
127 1000 2450 4.6
127 1500 4750 1.6
128 0 0 2.2
128 500 1100 2.7
128 1000 2450 4.6
128 1500 4750 1.6
129 0 0 2.2
129 500 1100 2.7
129 1000 2450 4.6
129 1500 4750 1.6
130 0 0 2.2
130 500 1100 2.7
130 1000 2450 4.6
130 1500 4750 1.6
131 0 0 2.2
131 500 1100 2.7
131 1000 2450 4.6
131 1500 4750 1.6
132 0 0 2.2
132 500 1100 2.7
132 1000 2450 4.6
132 1500 4750 1.6
133 0 0 2.2
133 500 1100 2.7
133 1000 2450 4.6
133 1500 4750 1.6
134 0 0 2.2
134 500 1100 2.7
134 1000 2450 4.6
134 1500 4750 1.6
135 0 0 2.2
135 500 1100 2.7
135 1000 2450 4.6
135 1500 4750 1.6
136 0 0 2.2
136 500 1100 2.7
136 1000 2450 4.6
136 1500 4750 1.6
137 0 0 2.2
137 500 1100 2.7
137 1000 2450 4.6
137 1500 4750 1.6
138 0 0 2.2
138 500 1100 2.7
138 1000 2450 4.6
138 1500 4750 1.6
139 0 0 2.2
139 500 1100 2.7
139 1000 2450 4.6
139 1500 4750 1.6
140 0 0 2.2
140 500 1100 2.7
140 1000 2450 4.6
140 1500 4750 1.6
141 0 0 2.2
141 500 1100 2.7
141 1000 2450 4.6
141 1500 4750 1.6
142 0 0 2.2
142 500 1100 2.7
142 1000 2450 4.6
142 1500 4750 1.6
143 0 0 2.2
143 500 1100 2.7
143 1000 2450 4.6
143 1500 4750 1.6
144 0 0 2.2
144 500 1100 2.7
144 1000 2450 4.6
144 1500 4750 1.6
145 0 0 2.2
145 500 1100 2.7
145 1000 2450 4.6
145 1500 4750 1.6
146 0 0 2.2
146 500 1100 2.7
146 1000 2450 4.6
146 1500 4750 1.6
147 0 0 2.2
147 500 1100 2.7
147 1000 2450 4.6
147 1500 4750 1.6
148 0 0 2.2
148 500 1100 2.7
148 1000 2450 4.6
148 1500 4750 1.6
149 0 0 2.2
149 500 1100 2.7
149 1000 2450 4.6
149 1500 4750 1.6
150 0 0 2.2
150 500 1100 2.7
150 1000 2450 4.6
150 1500 4750 1.6
151 0 0 2.2
151 500 1100 2.7
151 1000 2450 4.6
151 1500 4750 1.6
152 0 0 2.2
152 500 1100 2.7
152 1000 2450 4.6
152 1500 4750 1.6
153 0 0 2.2
153 500 1100 2.7
153 1000 2450 4.6
153 1500 4750 1.6
154 0 0 2.2
154 500 1100 2.7
154 1000 2450 4.6
154 1500 4750 1.6
155 0 0 2.2
155 500 1100 2.7
155 1000 2450 4.6
155 1500 4750 1.6
156 0 0 2.2
156 500 1100 2.7
156 1000 2450 4.6
156 1500 4750 1.6
157 0 0 2.2
157 500 1100 2.7
157 1000 2450 4.6
157 1500 4750 1.6
158 0 0 2.2
158 500 1100 2.7
158 1000 2450 4.6
158 1500 4750 1.6
159 0 0 2.2
159 500 1100 2.7
159 1000 2450 4.6
159 1500 4750 1.6
160 0 0 2.2
160 500 1100 2.7
160 1000 2450 4.6
160 1500 4750 1.6
161 0 0 2.2
161 500 1100 2.7
161 1000 2450 4.6
161 1500 4750 1.6
162 0 0 2.2
162 500 1100 2.7
162 1000 2450 4.6
162 1500 4750 1.6
163 0 0 2.2
163 500 1100 2.7
163 1000 2450 4.6
163 1500 4750 1.6
164 0 0 2.2
164 500 1100 2.7
164 1000 2450 4.6
164 1500 4750 1.6
165 0 0 2.2
165 500 1100 2.7
165 1000 2450 4.6
165 1500 4750 1.6
166 0 0 2.2
166 500 1100 2.7
166 1000 2450 4.6
166 1500 4750 1.6
167 0 0 2.2
167 500 1100 2.7
167 1000 2450 4.6
167 1500 4750 1.6
168 0 0 2.2
168 500 1100 2.7
168 1000 2450 4.6
168 1500 4750 1.6
169 0 0 2.2
169 500 1100 2.7
169 1000 2450 4.6
169 1500 4750 1.6
170 0 0 2.2
170 500 1100 2.7
170 1000 2450 4.6
170 1500 4750 1.6
171 0 0 2.2
171 500 1100 2.7
171 1000 2450 4.6
171 1500 4750 1.6
172 0 0 2.2
172 500 1100 2.7
172 1000 2450 4.6
172 1500 4750 1.6
173 0 0 2.2
173 500 1100 2.7
173 1000 2450 4.6
173 1500 4750 1.6
174 0 0 2.2
174 500 1100 2.7
174 1000 2450 4.6
174 1500 4750 1.6
175 0 0 2.2
175 500 1100 2.7
175 1000 2450 4.6
175 1500 4750 1.6
176 0 0 2.2
176 500 1100 2.7
176 1000 2450 4.6
176 1500 4750 1.6
177 0 0 2.2
177 500 1100 2.7
177 1000 2450 4.6
177 1500 4750 1.6
178 0 0 2.2
178 500 1100 2.7
178 1000 2450 4.6
178 1500 4750 1.6
179 0 0 2.2
179 500 1100 2.7
179 1000 2450 4.6
179 1500 4750 1.6
180 0 0 2.2
180 500 1100 2.7
180 1000 2450 4.6
180 1500 4750 1.6
181 0 0 2.2
181 500 1100 2.7
181 1000 2450 4.6
181 1500 4750 1.6
182 0 0 2.2
182 500 1100 2.7
182 1000 2450 4.6
182 1500 4750 1.6
183 0 0 2.2
183 500 1100 2.7
183 1000 2450 4.6
183 1500 4750 1.6
184 0 0 2.2
184 500 1100 2.7
184 1000 2450 4.6
184 1500 4750 1.6
185 0 0 2.2
185 500 1100 2.7
185 1000 2450 4.6
185 1500 4750 1.6
186 0 0 2.2
186 500 1100 2.7
186 1000 2450 4.6
186 1500 4750 1.6
187 0 0 2.2
187 500 1100 2.7
187 1000 2450 4.6
187 1500 4750 1.6
188 0 0 2.2
188 500 1100 2.7
188 1000 2450 4.6
188 1500 4750 1.6
189 0 0 2.2
189 500 1100 2.7
189 1000 2450 4.6
189 1500 4750 1.6
190 0 0 2.2
190 500 1100 2.7
190 1000 2450 4.6
190 1500 4750 1.6
191 0 0 2.2
191 500 1100 2.7
191 1000 2450 4.6
191 1500 4750 1.6
192 0 0 2.2
192 500 1100 2.7
192 1000 2450 4.6
192 1500 4750 1.6
193 0 0 2.2
193 500 1100 2.7
193 1000 2450 4.6
193 1500 4750 1.6
194 0 0 2.2
194 500 1100 2.7
194 1000 2450 4.6
194 1500 4750 1.6
195 0 0 2.2
195 500 1100 2.7
195 1000 2450 4.6
195 1500 4750 1.6
196 0 0 2.2
196 500 1100 2.7
196 1000 2450 4.6
196 1500 4750 1.6
197 0 0 2.2
197 500 1100 2.7
197 1000 2450 4.6
197 1500 4750 1.6
198 0 0 2.2
198 500 1100 2.7
198 1000 2450 4.6
198 1500 4750 1.6
199 0 0 2.2
199 500 1100 2.7
199 1000 2450 4.6
199 1500 4750 1.6
200 0 0 2.2
200 500 1100 2.7
200 1000 2450 4.6
200 1500 4750 1.6
201 0 0 2.2
201 500 1100 2.7
201 1000 2450 4.6
201 1500 4750 1.6
202 0 0 2.2
202 500 1100 2.7
202 1000 2450 4.6
202 1500 4750 1.6
203 0 0 2.2
203 500 1100 2.7
203 1000 2450 4.6
203 1500 4750 1.6
204 0 0 2.2
204 500 1100 2.7
204 1000 2450 4.6
204 1500 4750 1.6
205 0 0 2.2
205 500 1100 2.7
205 1000 2450 4.6
205 1500 4750 1.6
206 0 0 2.2
206 500 1100 2.7
206 1000 2450 4.6
206 1500 4750 1.6
207 0 0 2.2
207 500 1100 2.7
207 1000 2450 4.6
207 1500 4750 1.6
208 0 0 2.2
208 500 1100 2.7
208 1000 2450 4.6
208 1500 4750 1.6
209 0 0 2.2
209 500 1100 2.7
209 1000 2450 4.6
209 1500 4750 1.6
210 0 0 2.2
210 500 1100 2.7
210 1000 2450 4.6
210 1500 4750 1.6
211 0 0 2.2
211 500 1100 2.7
211 1000 2450 4.6
211 1500 4750 1.6
212 0 0 2.2
212 500 1100 2.7
212 1000 2450 4.6
212 1500 4750 1.6
213 0 0 2.2
213 500 1100 2.7
213 1000 2450 4.6
213 1500 4750 1.6
214 0 0 2.2
214 500 1100 2.7
214 1000 2450 4.6
214 1500 4750 1.6
215 0 0 2.2
215 500 1100 2.7
215 1000 2450 4.6
215 1500 4750 1.6
216 0 0 2.2
216 500 1100 2.7
216 1000 2450 4.6
216 1500 4750 1.6
217 0 0 2.2
217 500 1100 2.7
217 1000 2450 4.6
217 1500 4750 1.6
218 0 0 2.2
218 500 1100 2.7
218 1000 2450 4.6
218 1500 4750 1.6
219 0 0 2.2
219 500 1100 2.7
219 1000 2450 4.6
219 1500 4750 1.6
220 0 0 2.2
220 500 1100 2.7
220 1000 2450 4.6
220 1500 4750 1.6
221 0 0 2.2
221 500 1100 2.7
221 1000 2450 4.6
221 1500 4750 1.6
222 0 0 2.2
222 500 1100 2.7
222 1000 2450 4.6
222 1500 4750 1.6
223 0 0 2.2
223 500 1100 2.7
223 1000 2450 4.6
223 1500 4750 1.6
224 0 0 2.2
224 500 1100 2.7
224 1000 2450 4.6
224 1500 4750 1.6
225 0 0 2.2
225 500 1100 2.7
225 1000 2450 4.6
225 1500 4750 1.6
226 0 0 2.2
226 500 1100 2.7
226 1000 2450 4.6
226 1500 4750 1.6
227 0 0 2.2
227 500 1100 2.7
227 1000 2450 4.6
227 1500 4750 1.6
228 0 0 2.2
228 500 1100 2.7
228 1000 2450 4.6
228 1500 4750 1.6
229 0 0 2.2
229 500 1100 2.7
229 1000 2450 4.6
229 1500 4750 1.6
230 0 0 2.2
230 500 1100 2.7
230 1000 2450 4.6
230 1500 4750 1.6
231 0 0 2.2
231 500 1100 2.7
231 1000 2450 4.6
231 1500 4750 1.6
232 0 0 2.2
232 500 1100 2.7
232 1000 2450 4.6
232 1500 4750 1.6
233 0 0 2.2
233 500 1100 2.7
233 1000 2450 4.6
233 1500 4750 1.6
234 0 0 2.2
234 500 1100 2.7
234 1000 2450 4.6
234 1500 4750 1.6
235 0 0 2.2
235 500 1100 2.7
235 1000 2450 4.6
235 1500 4750 1.6
236 0 0 2.2
236 500 1100 2.7
236 1000 2450 4.6
236 1500 4750 1.6
237 0 0 2.2
237 500 1100 2.7
237 1000 2450 4.6
237 1500 4750 1.6
238 0 0 2.2
238 500 1100 2.7
238 1000 2450 4.6
238 1500 4750 1.6
239 0 0 2.2
239 500 1100 2.7
239 1000 2450 4.6
239 1500 4750 1.6
240 0 0 2.2
240 500 1100 2.7
240 1000 2450 4.6
240 1500 4750 1.6
241 0 0 2.2
241 500 1100 2.7
241 1000 2450 4.6
241 1500 4750 1.6
242 0 0 2.2
242 500 1100 2.7
242 1000 2450 4.6
242 1500 4750 1.6
243 0 0 2.2
243 500 1100 2.7
243 1000 2450 4.6
243 1500 4750 1.6
244 0 0 2.2
244 500 1100 2.7
244 1000 2450 4.6
244 1500 4750 1.6
245 0 0 2.2
245 500 1100 2.7
245 1000 2450 4.6
245 1500 4750 1.6
246 0 0 2.2
246 500 1100 2.7
246 1000 2450 4.6
246 1500 4750 1.6
247 0 0 2.2
247 500 1100 2.7
247 1000 2450 4.6
247 1500 4750 1.6
248 0 0 2.2
248 500 1100 2.7
248 1000 2450 4.6
248 1500 4750 1.6
249 0 0 2.2
249 500 1100 2.7
249 1000 2450 4.6
249 1500 4750 1.6
250 0 0 2.2
250 500 1100 2.7
250 1000 2450 4.6
250 1500 4750 1.6
251 0 0 2.2
251 500 1100 2.7
251 1000 2450 4.6
251 1500 4750 1.6
252 0 0 2.2
252 500 1100 2.7
252 1000 2450 4.6
252 1500 4750 1.6
253 0 0 2.2
253 500 1100 2.7
253 1000 2450 4.6
253 1500 4750 1.6
254 0 0 2.2
254 500 1100 2.7
254 1000 2450 4.6
254 1500 4750 1.6
255 0 0 2.2
255 500 1100 2.7
255 1000 2450 4.6
255 1500 4750 1.6
256 0 0 2.2
256 500 1100 2.7
256 1000 2450 4.6
256 1500 4750 1.6
257 0 0 2.2
257 500 1100 2.7
257 1000 2450 4.6
257 1500 4750 1.6
258 0 0 2.2
258 500 1100 2.7
258 1000 2450 4.6
258 1500 4750 1.6
259 0 0 2.2
259 500 1100 2.7
259 1000 2450 4.6
259 1500 4750 1.6
260 0 0 2.2
260 500 1100 2.7
260 1000 2450 4.6
260 1500 4750 1.6
261 0 0 2.2
261 500 1100 2.7
261 1000 2450 4.6
261 1500 4750 1.6
262 0 0 2.2
262 500 1100 2.7
262 1000 2450 4.6
262 1500 4750 1.6
263 0 0 2.2
263 500 1100 2.7
263 1000 2450 4.6
263 1500 4750 1.6
264 0 0 2.2
264 500 1100 2.7
264 1000 2450 4.6
264 1500 4750 1.6
265 0 0 2.2
265 500 1100 2.7
265 1000 2450 4.6
265 1500 4750 1.6
266 0 0 2.2
266 500 1100 2.7
266 1000 2450 4.6
266 1500 4750 1.6
267 0 0 2.2
267 500 1100 2.7
267 1000 2450 4.6
267 1500 4750 1.6
268 0 0 2.2
268 500 1100 2.7
268 1000 2450 4.6
268 1500 4750 1.6
269 0 0 2.2
269 500 1100 2.7
269 1000 2450 4.6
269 1500 4750 1.6
270 0 0 2.2
270 500 1100 2.7
270 1000 2450 4.6
270 1500 4750 1.6
271 0 0 2.2
271 500 1100 2.7
271 1000 2450 4.6
271 1500 4750 1.6
272 0 0 2.2
272 500 1100 2.7
272 1000 2450 4.6
272 1500 4750 1.6
273 0 0 2.2
273 500 1100 2.7
273 1000 2450 4.6
273 1500 4750 1.6
274 0 0 2.2
274 500 1100 2.7
274 1000 2450 4.6
274 1500 4750 1.6
275 0 0 2.2
275 500 1100 2.7
275 1000 2450 4.6
275 1500 4750 1.6
276 0 0 2.2
276 500 1100 2.7
276 1000 2450 4.6
276 1500 4750 1.6
277 0 0 2.2
277 500 1100 2.7
277 1000 2450 4.6
277 1500 4750 1.6
278 0 0 2.2
278 500 1100 2.7
278 1000 2450 4.6
278 1500 4750 1.6
279 0 0 2.2
279 500 1100 2.7
279 1000 2450 4.6
279 1500 4750 1.6
280 0 0 2.2
280 500 1100 2.7
280 1000 2450 4.6
280 1500 4750 1.6
281 0 0 2.2
281 500 1100 2.7
281 1000 2450 4.6
281 1500 4750 1.6
282 0 0 2.2
282 500 1100 2.7
282 1000 2450 4.6
282 1500 4750 1.6
283 0 0 2.2
283 500 1100 2.7
283 1000 2450 4.6
283 1500 4750 1.6
284 0 0 2.2
284 500 1100 2.7
284 1000 2450 4.6
284 1500 4750 1.6
285 0 0 2.2
285 500 1100 2.7
285 1000 2450 4.6
285 1500 4750 1.6
286 0 0 2.2
286 500 1100 2.7
286 1000 2450 4.6
286 1500 4750 1.6
287 0 0 2.2
287 500 1100 2.7
287 1000 2450 4.6
287 1500 4750 1.6
288 0 0 2.2
288 500 1100 2.7
288 1000 2450 4.6
288 1500 4750 1.6
289 0 0 2.2
289 500 1100 2.7
289 1000 2450 4.6
289 1500 4750 1.6
290 0 0 2.2
290 500 1100 2.7
290 1000 2450 4.6
290 1500 4750 1.6
291 0 0 2.2
291 500 1100 2.7
291 1000 2450 4.6
291 1500 4750 1.6
292 0 0 2.2
292 500 1100 2.7
292 1000 2450 4.6
292 1500 4750 1.6
293 0 0 2.2
293 500 1100 2.7
293 1000 2450 4.6
293 1500 4750 1.6
294 0 0 2.2
294 500 1100 2.7
294 1000 2450 4.6
294 1500 4750 1.6
295 0 0 2.2
295 500 1100 2.7
295 1000 2450 4.6
295 1500 4750 1.6
296 0 0 2.2
296 500 1100 2.7
296 1000 2450 4.6
296 1500 4750 1.6
297 0 0 2.2
297 500 1100 2.7
297 1000 2450 4.6
297 1500 4750 1.6
298 0 0 2.2
298 500 1100 2.7
298 1000 2450 4.6
298 1500 4750 1.6
299 0 0 2.2
299 500 1100 2.7
299 1000 2450 4.6
299 1500 4750 1.6
300 0 0 2.2
300 500 1100 2.7
300 1000 2450 4.6
300 1500 4750 1.6
301 0 0 2.2
301 500 1100 2.7
301 1000 2450 4.6
301 1500 4750 1.6
302 0 0 2.2
302 500 1100 2.7
302 1000 2450 4.6
302 1500 4750 1.6
303 0 0 2.2
303 500 1100 2.7
303 1000 2450 4.6
303 1500 4750 1.6
304 0 0 2.2
304 500 1100 2.7
304 1000 2450 4.6
304 1500 4750 1.6
305 0 0 2.2
305 500 1100 2.7
305 1000 2450 4.6
305 1500 4750 1.6
306 0 0 2.2
306 500 1100 2.7
306 1000 2450 4.6
306 1500 4750 1.6
307 0 0 2.2
307 500 1100 2.7
307 1000 2450 4.6
307 1500 4750 1.6
308 0 0 2.2
308 500 1100 2.7
308 1000 2450 4.6
308 1500 4750 1.6
309 0 0 2.2
309 500 1100 2.7
309 1000 2450 4.6
309 1500 4750 1.6
310 0 0 2.2
310 500 1100 2.7
310 1000 2450 4.6
310 1500 4750 1.6
311 0 0 2.2
311 500 1100 2.7
311 1000 2450 4.6
311 1500 4750 1.6
312 0 0 2.2
312 500 1100 2.7
312 1000 2450 4.6
312 1500 4750 1.6
313 0 0 2.2
313 500 1100 2.7
313 1000 2450 4.6
313 1500 4750 1.6
314 0 0 2.2
314 500 1100 2.7
314 1000 2450 4.6
314 1500 4750 1.6
315 0 0 2.2
315 500 1100 2.7
315 1000 2450 4.6
315 1500 4750 1.6
316 0 0 2.2
316 500 1100 2.7
316 1000 2450 4.6
316 1500 4750 1.6
317 0 0 2.2
317 500 1100 2.7
317 1000 2450 4.6
317 1500 4750 1.6
318 0 0 2.2
318 500 1100 2.7
318 1000 2450 4.6
318 1500 4750 1.6
319 0 0 2.2
319 500 1100 2.7
319 1000 2450 4.6
319 1500 4750 1.6
320 0 0 2.2
320 500 1100 2.7
320 1000 2450 4.6
320 1500 4750 1.6
321 0 0 2.2
321 500 1100 2.7
321 1000 2450 4.6
321 1500 4750 1.6
322 0 0 2.2
322 500 1100 2.7
322 1000 2450 4.6
322 1500 4750 1.6
323 0 0 2.2
323 500 1100 2.7
323 1000 2450 4.6
323 1500 4750 1.6
324 0 0 2.2
324 500 1100 2.7
324 1000 2450 4.6
324 1500 4750 1.6
325 0 0 2.2
325 500 1100 2.7
325 1000 2450 4.6
325 1500 4750 1.6
326 0 0 2.2
326 500 1100 2.7
326 1000 2450 4.6
326 1500 4750 1.6
327 0 0 2.2
327 500 1100 2.7
327 1000 2450 4.6
327 1500 4750 1.6
328 0 0 2.2
328 500 1100 2.7
328 1000 2450 4.6
328 1500 4750 1.6
329 0 0 2.2
329 500 1100 2.7
329 1000 2450 4.6
329 1500 4750 1.6
330 0 0 2.2
330 500 1100 2.7
330 1000 2450 4.6
330 1500 4750 1.6
331 0 0 2.2
331 500 1100 2.7
331 1000 2450 4.6
331 1500 4750 1.6
332 0 0 2.2
332 500 1100 2.7
332 1000 2450 4.6
332 1500 4750 1.6
333 0 0 2.2
333 500 1100 2.7
333 1000 2450 4.6
333 1500 4750 1.6
334 0 0 2.2
334 500 1100 2.7
334 1000 2450 4.6
334 1500 4750 1.6
335 0 0 2.2
335 500 1100 2.7
335 1000 2450 4.6
335 1500 4750 1.6
336 0 0 2.2
336 500 1100 2.7
336 1000 2450 4.6
336 1500 4750 1.6
337 0 0 2.2
337 500 1100 2.7
337 1000 2450 4.6
337 1500 4750 1.6
338 0 0 2.2
338 500 1100 2.7
338 1000 2450 4.6
338 1500 4750 1.6
339 0 0 2.2
339 500 1100 2.7
339 1000 2450 4.6
339 1500 4750 1.6
340 0 0 2.2
340 500 1100 2.7
340 1000 2450 4.6
340 1500 4750 1.6
341 0 0 2.2
341 500 1100 2.7
341 1000 2450 4.6
341 1500 4750 1.6
342 0 0 2.2
342 500 1100 2.7
342 1000 2450 4.6
342 1500 4750 1.6
343 0 0 2.2
343 500 1100 2.7
343 1000 2450 4.6
343 1500 4750 1.6
344 0 0 2.2
344 500 1100 2.7
344 1000 2450 4.6
344 1500 4750 1.6
345 0 0 2.2
345 500 1100 2.7
345 1000 2450 4.6
345 1500 4750 1.6
346 0 0 2.2
346 500 1100 2.7
346 1000 2450 4.6
346 1500 4750 1.6
347 0 0 2.2
347 500 1100 2.7
347 1000 2450 4.6
347 1500 4750 1.6
348 0 0 2.2
348 500 1100 2.7
348 1000 2450 4.6
348 1500 4750 1.6
349 0 0 2.2
349 500 1100 2.7
349 1000 2450 4.6
349 1500 4750 1.6
350 0 0 2.2
350 500 1100 2.7
350 1000 2450 4.6
350 1500 4750 1.6
351 0 0 2.2
351 500 1100 2.7
351 1000 2450 4.6
351 1500 4750 1.6
352 0 0 2.2
352 500 1100 2.7
352 1000 2450 4.6
352 1500 4750 1.6
353 0 0 2.2
353 500 1100 2.7
353 1000 2450 4.6
353 1500 4750 1.6
354 0 0 2.2
354 500 1100 2.7
354 1000 2450 4.6
354 1500 4750 1.6
355 0 0 2.2
355 500 1100 2.7
355 1000 2450 4.6
355 1500 4750 1.6
356 0 0 2.2
356 500 1100 2.7
356 1000 2450 4.6
356 1500 4750 1.6
357 0 0 2.2
357 500 1100 2.7
357 1000 2450 4.6
357 1500 4750 1.6
358 0 0 2.2
358 500 1100 2.7
358 1000 2450 4.6
358 1500 4750 1.6
359 0 0 2.2
359 500 1100 2.7
359 1000 2450 4.6
359 1500 4750 1.6
360 0 0 2.2
360 500 1100 2.7
360 1000 2450 4.6
360 1500 4750 1.6
361 0 0 2.2
361 500 1100 2.7
361 1000 2450 4.6
361 1500 4750 1.6
362 0 0 2.2
362 500 1100 2.7
362 1000 2450 4.6
362 1500 4750 1.6
363 0 0 2.2
363 500 1100 2.7
363 1000 2450 4.6
363 1500 4750 1.6
364 0 0 2.2
364 500 1100 2.7
364 1000 2450 4.6
364 1500 4750 1.6
365 0 0 2.2
365 500 1100 2.7
365 1000 2450 4.6
365 1500 4750 1.6
366 0 0 2.2
366 500 1100 2.7
366 1000 2450 4.6
366 1500 4750 1.6
367 0 0 2.2
367 500 1100 2.7
367 1000 2450 4.6
367 1500 4750 1.6
368 0 0 2.2
368 500 1100 2.7
368 1000 2450 4.6
368 1500 4750 1.6
369 0 0 2.2
369 500 1100 2.7
369 1000 2450 4.6
369 1500 4750 1.6
370 0 0 2.2
370 500 1100 2.7
370 1000 2450 4.6
370 1500 4750 1.6
371 0 0 2.2
371 500 1100 2.7
371 1000 2450 4.6
371 1500 4750 1.6
372 0 0 2.2
372 500 1100 2.7
372 1000 2450 4.6
372 1500 4750 1.6
373 0 0 2.2
373 500 1100 2.7
373 1000 2450 4.6
373 1500 4750 1.6
374 0 0 2.2
374 500 1100 2.7
374 1000 2450 4.6
374 1500 4750 1.6
375 0 0 2.2
375 500 1100 2.7
375 1000 2450 4.6
375 1500 4750 1.6
376 0 0 2.2
376 500 1100 2.7
376 1000 2450 4.6
376 1500 4750 1.6
377 0 0 2.2
377 500 1100 2.7
377 1000 2450 4.6
377 1500 4750 1.6
378 0 0 2.2
378 500 1100 2.7
378 1000 2450 4.6
378 1500 4750 1.6
379 0 0 2.2
379 500 1100 2.7
379 1000 2450 4.6
379 1500 4750 1.6
380 0 0 2.2
380 500 1100 2.7
380 1000 2450 4.6
380 1500 4750 1.6
381 0 0 2.2
381 500 1100 2.7
381 1000 2450 4.6
381 1500 4750 1.6
382 0 0 2.2
382 500 1100 2.7
382 1000 2450 4.6
382 1500 4750 1.6
383 0 0 2.2
383 500 1100 2.7
383 1000 2450 4.6
383 1500 4750 1.6
384 0 0 2.2
384 500 1100 2.7
384 1000 2450 4.6
384 1500 4750 1.6
385 0 0 2.2
385 500 1100 2.7
385 1000 2450 4.6
385 1500 4750 1.6
386 0 0 2.2
386 500 1100 2.7
386 1000 2450 4.6
386 1500 4750 1.6
387 0 0 2.2
387 500 1100 2.7
387 1000 2450 4.6
387 1500 4750 1.6
388 0 0 2.2
388 500 1100 2.7
388 1000 2450 4.6
388 1500 4750 1.6
389 0 0 2.2
389 500 1100 2.7
389 1000 2450 4.6
389 1500 4750 1.6
390 0 0 2.2
390 500 1100 2.7
390 1000 2450 4.6
390 1500 4750 1.6
391 0 0 2.2
391 500 1100 2.7
391 1000 2450 4.6
391 1500 4750 1.6
392 0 0 2.2
392 500 1100 2.7
392 1000 2450 4.6
392 1500 4750 1.6
393 0 0 2.2
393 500 1100 2.7
393 1000 2450 4.6
393 1500 4750 1.6
394 0 0 2.2
394 500 1100 2.7
394 1000 2450 4.6
394 1500 4750 1.6
395 0 0 2.2
395 500 1100 2.7
395 1000 2450 4.6
395 1500 4750 1.6
396 0 0 2.2
396 500 1100 2.7
396 1000 2450 4.6
396 1500 4750 1.6
397 0 0 2.2
397 500 1100 2.7
397 1000 2450 4.6
397 1500 4750 1.6
398 0 0 2.2
398 500 1100 2.7
398 1000 2450 4.6
398 1500 4750 1.6
399 0 0 2.2
399 500 1100 2.7
399 1000 2450 4.6
399 1500 4750 1.6
400 0 0 2.2
400 500 1100 2.7
400 1000 2450 4.6
400 1500 4750 1.6
401 0 0 2.2
401 500 1100 2.7
401 1000 2450 4.6
401 1500 4750 1.6
402 0 0 2.2
402 500 1100 2.7
402 1000 2450 4.6
402 1500 4750 1.6
403 0 0 2.2
403 500 1100 2.7
403 1000 2450 4.6
403 1500 4750 1.6
404 0 0 2.2
404 500 1100 2.7
404 1000 2450 4.6
404 1500 4750 1.6
405 0 0 2.2
405 500 1100 2.7
405 1000 2450 4.6
405 1500 4750 1.6
406 0 0 2.2
406 500 1100 2.7
406 1000 2450 4.6
406 1500 4750 1.6
407 0 0 2.2
407 500 1100 2.7
407 1000 2450 4.6
407 1500 4750 1.6
408 0 0 2.2
408 500 1100 2.7
408 1000 2450 4.6
408 1500 4750 1.6
409 0 0 2.2
409 500 1100 2.7
409 1000 2450 4.6
409 1500 4750 1.6
410 0 0 2.2
410 500 1100 2.7
410 1000 2450 4.6
410 1500 4750 1.6
411 0 0 2.2
411 500 1100 2.7
411 1000 2450 4.6
411 1500 4750 1.6
412 0 0 2.2
412 500 1100 2.7
412 1000 2450 4.6
412 1500 4750 1.6
413 0 0 2.2
413 500 1100 2.7
413 1000 2450 4.6
413 1500 4750 1.6
414 0 0 2.2
414 500 1100 2.7
414 1000 2450 4.6
414 1500 4750 1.6
415 0 0 2.2
415 500 1100 2.7
415 1000 2450 4.6
415 1500 4750 1.6
416 0 0 2.2
416 500 1100 2.7
416 1000 2450 4.6
416 1500 4750 1.6
417 0 0 2.2
417 500 1100 2.7
417 1000 2450 4.6
417 1500 4750 1.6
418 0 0 2.2
418 500 1100 2.7
418 1000 2450 4.6
418 1500 4750 1.6
419 0 0 2.2
419 500 1100 2.7
419 1000 2450 4.6
419 1500 4750 1.6
420 0 0 2.2
420 500 1100 2.7
420 1000 2450 4.6
420 1500 4750 1.6
421 0 0 2.2
421 500 1100 2.7
421 1000 2450 4.6
421 1500 4750 1.6
422 0 0 2.2
422 500 1100 2.7
422 1000 2450 4.6
422 1500 4750 1.6
423 0 0 2.2
423 500 1100 2.7
423 1000 2450 4.6
423 1500 4750 1.6
424 0 0 2.2
424 500 1100 2.7
424 1000 2450 4.6
424 1500 4750 1.6
425 0 0 2.2
425 500 1100 2.7
425 1000 2450 4.6
425 1500 4750 1.6
426 0 0 2.2
426 500 1100 2.7
426 1000 2450 4.6
426 1500 4750 1.6
427 0 0 2.2
427 500 1100 2.7
427 1000 2450 4.6
427 1500 4750 1.6
428 0 0 2.2
428 500 1100 2.7
428 1000 2450 4.6
428 1500 4750 1.6
429 0 0 2.2
429 500 1100 2.7
429 1000 2450 4.6
429 1500 4750 1.6
430 0 0 2.2
430 500 1100 2.7
430 1000 2450 4.6
430 1500 4750 1.6
431 0 0 2.2
431 500 1100 2.7
431 1000 2450 4.6
431 1500 4750 1.6
432 0 0 2.2
432 500 1100 2.7
432 1000 2450 4.6
432 1500 4750 1.6
433 0 0 2.2
433 500 1100 2.7
433 1000 2450 4.6
433 1500 4750 1.6
434 0 0 2.2
434 500 1100 2.7
434 1000 2450 4.6
434 1500 4750 1.6
435 0 0 2.2
435 500 1100 2.7
435 1000 2450 4.6
435 1500 4750 1.6
436 0 0 2.2
436 500 1100 2.7
436 1000 2450 4.6
436 1500 4750 1.6
437 0 0 2.2
437 500 1100 2.7
437 1000 2450 4.6
437 1500 4750 1.6
438 0 0 2.2
438 500 1100 2.7
438 1000 2450 4.6
438 1500 4750 1.6
439 0 0 2.2
439 500 1100 2.7
439 1000 2450 4.6
439 1500 4750 1.6
440 0 0 2.2
440 500 1100 2.7
440 1000 2450 4.6
440 1500 4750 1.6
441 0 0 2.2
441 500 1100 2.7
441 1000 2450 4.6
441 1500 4750 1.6
442 0 0 2.2
442 500 1100 2.7
442 1000 2450 4.6
442 1500 4750 1.6
443 0 0 2.2
443 500 1100 2.7
443 1000 2450 4.6
443 1500 4750 1.6
444 0 0 2.2
444 500 1100 2.7
444 1000 2450 4.6
444 1500 4750 1.6
445 0 0 2.2
445 500 1100 2.7
445 1000 2450 4.6
445 1500 4750 1.6
446 0 0 2.2
446 500 1100 2.7
446 1000 2450 4.6
446 1500 4750 1.6
447 0 0 2.2
447 500 1100 2.7
447 1000 2450 4.6
447 1500 4750 1.6
448 0 0 2.2
448 500 1100 2.7
448 1000 2450 4.6
448 1500 4750 1.6
449 0 0 2.2
449 500 1100 2.7
449 1000 2450 4.6
449 1500 4750 1.6
450 0 0 2.2
450 500 1100 2.7
450 1000 2450 4.6
450 1500 4750 1.6
451 0 0 2.2
451 500 1100 2.7
451 1000 2450 4.6
451 1500 4750 1.6
452 0 0 2.2
452 500 1100 2.7
452 1000 2450 4.6
452 1500 4750 1.6
453 0 0 2.2
453 500 1100 2.7
453 1000 2450 4.6
453 1500 4750 1.6
454 0 0 2.2
454 500 1100 2.7
454 1000 2450 4.6
454 1500 4750 1.6
455 0 0 2.2
455 500 1100 2.7
455 1000 2450 4.6
455 1500 4750 1.6
456 0 0 2.2
456 500 1100 2.7
456 1000 2450 4.6
456 1500 4750 1.6
457 0 0 2.2
457 500 1100 2.7
457 1000 2450 4.6
457 1500 4750 1.6
458 0 0 2.2
458 500 1100 2.7
458 1000 2450 4.6
458 1500 4750 1.6
459 0 0 2.2
459 500 1100 2.7
459 1000 2450 4.6
459 1500 4750 1.6
460 0 0 2.2
460 500 1100 2.7
460 1000 2450 4.6
460 1500 4750 1.6
461 0 0 2.2
461 500 1100 2.7
461 1000 2450 4.6
461 1500 4750 1.6
462 0 0 2.2
462 500 1100 2.7
462 1000 2450 4.6
462 1500 4750 1.6
463 0 0 2.2
463 500 1100 2.7
463 1000 2450 4.6
463 1500 4750 1.6
464 0 0 2.2
464 500 1100 2.7
464 1000 2450 4.6
464 1500 4750 1.6
465 0 0 2.2
465 500 1100 2.7
465 1000 2450 4.6
465 1500 4750 1.6
466 0 0 2.2
466 500 1100 2.7
466 1000 2450 4.6
466 1500 4750 1.6
467 0 0 2.2
467 500 1100 2.7
467 1000 2450 4.6
467 1500 4750 1.6
468 0 0 2.2
468 500 1100 2.7
468 1000 2450 4.6
468 1500 4750 1.6
469 0 0 2.2
469 500 1100 2.7
469 1000 2450 4.6
469 1500 4750 1.6
470 0 0 2.2
470 500 1100 2.7
470 1000 2450 4.6
470 1500 4750 1.6
471 0 0 2.2
471 500 1100 2.7
471 1000 2450 4.6
471 1500 4750 1.6
472 0 0 2.2
472 500 1100 2.7
472 1000 2450 4.6
472 1500 4750 1.6
473 0 0 2.2
473 500 1100 2.7
473 1000 2450 4.6
473 1500 4750 1.6
474 0 0 2.2
474 500 1100 2.7
474 1000 2450 4.6
474 1500 4750 1.6
475 0 0 2.2
475 500 1100 2.7
475 1000 2450 4.6
475 1500 4750 1.6
476 0 0 2.2
476 500 1100 2.7
476 1000 2450 4.6
476 1500 4750 1.6
477 0 0 2.2
477 500 1100 2.7
477 1000 2450 4.6
477 1500 4750 1.6
478 0 0 2.2
478 500 1100 2.7
478 1000 2450 4.6
478 1500 4750 1.6
479 0 0 2.2
479 500 1100 2.7
479 1000 2450 4.6
479 1500 4750 1.6
480 0 0 2.2
480 500 1100 2.7
480 1000 2450 4.6
480 1500 4750 1.6
481 0 0 2.2
481 500 1100 2.7
481 1000 2450 4.6
481 1500 4750 1.6
482 0 0 2.2
482 500 1100 2.7
482 1000 2450 4.6
482 1500 4750 1.6
483 0 0 2.2
483 500 1100 2.7
483 1000 2450 4.6
483 1500 4750 1.6
484 0 0 2.2
484 500 1100 2.7
484 1000 2450 4.6
484 1500 4750 1.6
485 0 0 2.2
485 500 1100 2.7
485 1000 2450 4.6
485 1500 4750 1.6
486 0 0 2.2
486 500 1100 2.7
486 1000 2450 4.6
486 1500 4750 1.6
487 0 0 2.2
487 500 1100 2.7
487 1000 2450 4.6
487 1500 4750 1.6
488 0 0 2.2
488 500 1100 2.7
488 1000 2450 4.6
488 1500 4750 1.6
489 0 0 2.2
489 500 1100 2.7
489 1000 2450 4.6
489 1500 4750 1.6
490 0 0 2.2
490 500 1100 2.7
490 1000 2450 4.6
490 1500 4750 1.6
491 0 0 2.2
491 500 1100 2.7
491 1000 2450 4.6
491 1500 4750 1.6
492 0 0 2.2
492 500 1100 2.7
492 1000 2450 4.6
492 1500 4750 1.6
493 0 0 2.2
493 500 1100 2.7
493 1000 2450 4.6
493 1500 4750 1.6
494 0 0 2.2
494 500 1100 2.7
494 1000 2450 4.6
494 1500 4750 1.6
495 0 0 2.2
495 500 1100 2.7
495 1000 2450 4.6
495 1500 4750 1.6
496 0 0 2.2
496 500 1100 2.7
496 1000 2450 4.6
496 1500 4750 1.6
497 0 0 2.2
497 500 1100 2.7
497 1000 2450 4.6
497 1500 4750 1.6
498 0 0 2.2
498 500 1100 2.7
498 1000 2450 4.6
498 1500 4750 1.6
499 0 0 2.2
499 500 1100 2.7
499 1000 2450 4.6
499 1500 4750 1.6
