1000 4
0 0 0 2.1
0 25 52.5 2.5
0 50 115 3.4
0 75 200 1.5
1 0 0 2.1
1 25 52.5 2.5
1 50 115 3.4
1 75 200 1.5
2 0 0 2.1
2 25 52.5 2.5
2 50 115 3.4
2 75 200 1.5
3 0 0 2.1
3 25 52.5 2.5
3 50 115 3.4
3 75 200 1.5
4 0 0 2.1
4 25 52.5 2.5
4 50 115 3.4
4 75 200 1.5
5 0 0 2.1
5 25 52.5 2.5
5 50 115 3.4
5 75 200 1.5
6 0 0 2.1
6 25 52.5 2.5
6 50 115 3.4
6 75 200 1.5
7 0 0 2.1
7 25 52.5 2.5
7 50 115 3.4
7 75 200 1.5
8 0 0 2.1
8 25 52.5 2.5
8 50 115 3.4
8 75 200 1.5
9 0 0 2.1
9 25 52.5 2.5
9 50 115 3.4
9 75 200 1.5
10 0 0 2.1
10 25 52.5 2.5
10 50 115 3.4
10 75 200 1.5
11 0 0 2.1
11 25 52.5 2.5
11 50 115 3.4
11 75 200 1.5
12 0 0 2.1
12 25 52.5 2.5
12 50 115 3.4
12 75 200 1.5
13 0 0 2.1
13 25 52.5 2.5
13 50 115 3.4
13 75 200 1.5
14 0 0 2.1
14 25 52.5 2.5
14 50 115 3.4
14 75 200 1.5
15 0 0 2.1
15 25 52.5 2.5
15 50 115 3.4
15 75 200 1.5
16 0 0 2.1
16 25 52.5 2.5
16 50 115 3.4
16 75 200 1.5
17 0 0 2.1
17 25 52.5 2.5
17 50 115 3.4
17 75 200 1.5
18 0 0 2.1
18 25 52.5 2.5
18 50 115 3.4
18 75 200 1.5
19 0 0 2.1
19 25 52.5 2.5
19 50 115 3.4
19 75 200 1.5
20 0 0 2.1
20 25 52.5 2.5
20 50 115 3.4
20 75 200 1.5
21 0 0 2.1
21 25 52.5 2.5
21 50 115 3.4
21 75 200 1.5
22 0 0 2.1
22 25 52.5 2.5
22 50 115 3.4
22 75 200 1.5
23 0 0 2.1
23 25 52.5 2.5
23 50 115 3.4
23 75 200 1.5
24 0 0 2.1
24 25 52.5 2.5
24 50 115 3.4
24 75 200 1.5
25 0 0 2.1
25 25 52.5 2.5
25 50 115 3.4
25 75 200 1.5
26 0 0 2.1
26 25 52.5 2.5
26 50 115 3.4
26 75 200 1.5
27 0 0 2.1
27 25 52.5 2.5
27 50 115 3.4
27 75 200 1.5
28 0 0 2.1
28 25 52.5 2.5
28 50 115 3.4
28 75 200 1.5
29 0 0 2.1
29 25 52.5 2.5
29 50 115 3.4
29 75 200 1.5
30 0 0 2.1
30 25 52.5 2.5
30 50 115 3.4
30 75 200 1.5
31 0 0 2.1
31 25 52.5 2.5
31 50 115 3.4
31 75 200 1.5
32 0 0 2.1
32 25 52.5 2.5
32 50 115 3.4
32 75 200 1.5
33 0 0 2.1
33 25 52.5 2.5
33 50 115 3.4
33 75 200 1.5
34 0 0 2.1
34 25 52.5 2.5
34 50 115 3.4
34 75 200 1.5
35 0 0 2.1
35 25 52.5 2.5
35 50 115 3.4
35 75 200 1.5
36 0 0 2.1
36 25 52.5 2.5
36 50 115 3.4
36 75 200 1.5
37 0 0 2.1
37 25 52.5 2.5
37 50 115 3.4
37 75 200 1.5
38 0 0 2.1
38 25 52.5 2.5
38 50 115 3.4
38 75 200 1.5
39 0 0 2.1
39 25 52.5 2.5
39 50 115 3.4
39 75 200 1.5
40 0 0 2.1
40 25 52.5 2.5
40 50 115 3.4
40 75 200 1.5
41 0 0 2.1
41 25 52.5 2.5
41 50 115 3.4
41 75 200 1.5
42 0 0 2.1
42 25 52.5 2.5
42 50 115 3.4
42 75 200 1.5
43 0 0 2.1
43 25 52.5 2.5
43 50 115 3.4
43 75 200 1.5
44 0 0 2.1
44 25 52.5 2.5
44 50 115 3.4
44 75 200 1.5
45 0 0 2.1
45 25 52.5 2.5
45 50 115 3.4
45 75 200 1.5
46 0 0 2.1
46 25 52.5 2.5
46 50 115 3.4
46 75 200 1.5
47 0 0 2.1
47 25 52.5 2.5
47 50 115 3.4
47 75 200 1.5
48 0 0 2.1
48 25 52.5 2.5
48 50 115 3.4
48 75 200 1.5
49 0 0 2.1
49 25 52.5 2.5
49 50 115 3.4
49 75 200 1.5
50 0 0 2.1
50 25 52.5 2.5
50 50 115 3.4
50 75 200 1.5
51 0 0 2.1
51 25 52.5 2.5
51 50 115 3.4
51 75 200 1.5
52 0 0 2.1
52 25 52.5 2.5
52 50 115 3.4
52 75 200 1.5
53 0 0 2.1
53 25 52.5 2.5
53 50 115 3.4
53 75 200 1.5
54 0 0 2.1
54 25 52.5 2.5
54 50 115 3.4
54 75 200 1.5
55 0 0 2.1
55 25 52.5 2.5
55 50 115 3.4
55 75 200 1.5
56 0 0 2.1
56 25 52.5 2.5
56 50 115 3.4
56 75 200 1.5
57 0 0 2.1
57 25 52.5 2.5
57 50 115 3.4
57 75 200 1.5
58 0 0 2.1
58 25 52.5 2.5
58 50 115 3.4
58 75 200 1.5
59 0 0 2.1
59 25 52.5 2.5
59 50 115 3.4
59 75 200 1.5
60 0 0 2.1
60 25 52.5 2.5
60 50 115 3.4
60 75 200 1.5
61 0 0 2.1
61 25 52.5 2.5
61 50 115 3.4
61 75 200 1.5
62 0 0 2.1
62 25 52.5 2.5
62 50 115 3.4
62 75 200 1.5
63 0 0 2.1
63 25 52.5 2.5
63 50 115 3.4
63 75 200 1.5
64 0 0 2.1
64 25 52.5 2.5
64 50 115 3.4
64 75 200 1.5
65 0 0 2.1
65 25 52.5 2.5
65 50 115 3.4
65 75 200 1.5
66 0 0 2.1
66 25 52.5 2.5
66 50 115 3.4
66 75 200 1.5
67 0 0 2.1
67 25 52.5 2.5
67 50 115 3.4
67 75 200 1.5
68 0 0 2.1
68 25 52.5 2.5
68 50 115 3.4
68 75 200 1.5
69 0 0 2.1
69 25 52.5 2.5
69 50 115 3.4
69 75 200 1.5
70 0 0 2.1
70 25 52.5 2.5
70 50 115 3.4
70 75 200 1.5
71 0 0 2.1
71 25 52.5 2.5
71 50 115 3.4
71 75 200 1.5
72 0 0 2.1
72 25 52.5 2.5
72 50 115 3.4
72 75 200 1.5
73 0 0 2.1
73 25 52.5 2.5
73 50 115 3.4
73 75 200 1.5
74 0 0 2.1
74 25 52.5 2.5
74 50 115 3.4
74 75 200 1.5
75 0 0 2.1
75 25 52.5 2.5
75 50 115 3.4
75 75 200 1.5
76 0 0 2.1
76 25 52.5 2.5
76 50 115 3.4
76 75 200 1.5
77 0 0 2.1
77 25 52.5 2.5
77 50 115 3.4
77 75 200 1.5
78 0 0 2.1
78 25 52.5 2.5
78 50 115 3.4
78 75 200 1.5
79 0 0 2.1
79 25 52.5 2.5
79 50 115 3.4
79 75 200 1.5
80 0 0 2.1
80 25 52.5 2.5
80 50 115 3.4
80 75 200 1.5
81 0 0 2.1
81 25 52.5 2.5
81 50 115 3.4
81 75 200 1.5
82 0 0 2.1
82 25 52.5 2.5
82 50 115 3.4
82 75 200 1.5
83 0 0 2.1
83 25 52.5 2.5
83 50 115 3.4
83 75 200 1.5
84 0 0 2.1
84 25 52.5 2.5
84 50 115 3.4
84 75 200 1.5
85 0 0 2.1
85 25 52.5 2.5
85 50 115 3.4
85 75 200 1.5
86 0 0 2.1
86 25 52.5 2.5
86 50 115 3.4
86 75 200 1.5
87 0 0 2.1
87 25 52.5 2.5
87 50 115 3.4
87 75 200 1.5
88 0 0 2.1
88 25 52.5 2.5
88 50 115 3.4
88 75 200 1.5
89 0 0 2.1
89 25 52.5 2.5
89 50 115 3.4
89 75 200 1.5
90 0 0 2.1
90 25 52.5 2.5
90 50 115 3.4
90 75 200 1.5
91 0 0 2.1
91 25 52.5 2.5
91 50 115 3.4
91 75 200 1.5
92 0 0 2.1
92 25 52.5 2.5
92 50 115 3.4
92 75 200 1.5
93 0 0 2.1
93 25 52.5 2.5
93 50 115 3.4
93 75 200 1.5
94 0 0 2.1
94 25 52.5 2.5
94 50 115 3.4
94 75 200 1.5
95 0 0 2.1
95 25 52.5 2.5
95 50 115 3.4
95 75 200 1.5
96 0 0 2.1
96 25 52.5 2.5
96 50 115 3.4
96 75 200 1.5
97 0 0 2.1
97 25 52.5 2.5
97 50 115 3.4
97 75 200 1.5
98 0 0 2.1
98 25 52.5 2.5
98 50 115 3.4
98 75 200 1.5
99 0 0 2.1
99 25 52.5 2.5
99 50 115 3.4
99 75 200 1.5
100 0 0 2.1
100 25 52.5 2.5
100 50 115 3.4
100 75 200 1.5
101 0 0 2.1
101 25 52.5 2.5
101 50 115 3.4
101 75 200 1.5
102 0 0 2.1
102 25 52.5 2.5
102 50 115 3.4
102 75 200 1.5
103 0 0 2.1
103 25 52.5 2.5
103 50 115 3.4
103 75 200 1.5
104 0 0 2.1
104 25 52.5 2.5
104 50 115 3.4
104 75 200 1.5
105 0 0 2.1
105 25 52.5 2.5
105 50 115 3.4
105 75 200 1.5
106 0 0 2.1
106 25 52.5 2.5
106 50 115 3.4
106 75 200 1.5
107 0 0 2.1
107 25 52.5 2.5
107 50 115 3.4
107 75 200 1.5
108 0 0 2.1
108 25 52.5 2.5
108 50 115 3.4
108 75 200 1.5
109 0 0 2.1
109 25 52.5 2.5
109 50 115 3.4
109 75 200 1.5
110 0 0 2.1
110 25 52.5 2.5
110 50 115 3.4
110 75 200 1.5
111 0 0 2.1
111 25 52.5 2.5
111 50 115 3.4
111 75 200 1.5
112 0 0 2.1
112 25 52.5 2.5
112 50 115 3.4
112 75 200 1.5
113 0 0 2.1
113 25 52.5 2.5
113 50 115 3.4
113 75 200 1.5
114 0 0 2.1
114 25 52.5 2.5
114 50 115 3.4
114 75 200 1.5
115 0 0 2.1
115 25 52.5 2.5
115 50 115 3.4
115 75 200 1.5
116 0 0 2.1
116 25 52.5 2.5
116 50 115 3.4
116 75 200 1.5
117 0 0 2.1
117 25 52.5 2.5
117 50 115 3.4
117 75 200 1.5
118 0 0 2.1
118 25 52.5 2.5
118 50 115 3.4
118 75 200 1.5
119 0 0 2.1
119 25 52.5 2.5
119 50 115 3.4
119 75 200 1.5
120 0 0 2.1
120 25 52.5 2.5
120 50 115 3.4
120 75 200 1.5
121 0 0 2.1
121 25 52.5 2.5
121 50 115 3.4
121 75 200 1.5
122 0 0 2.1
122 25 52.5 2.5
122 50 115 3.4
122 75 200 1.5
123 0 0 2.1
123 25 52.5 2.5
123 50 115 3.4
123 75 200 1.5
124 0 0 2.1
124 25 52.5 2.5
124 50 115 3.4
124 75 200 1.5
125 0 0 2.1
125 25 52.5 2.5
125 50 115 3.4
125 75 200 1.5
126 0 0 2.1
126 25 52.5 2.5
126 50 115 3.4
126 75 200 1.5
127 0 0 2.1
127 25 52.5 2.5
127 50 115 3.4
127 75 200 1.5
128 0 0 2.1
128 25 52.5 2.5
128 50 115 3.4
128 75 200 1.5
129 0 0 2.1
129 25 52.5 2.5
129 50 115 3.4
129 75 200 1.5
130 0 0 2.1
130 25 52.5 2.5
130 50 115 3.4
130 75 200 1.5
131 0 0 2.1
131 25 52.5 2.5
131 50 115 3.4
131 75 200 1.5
132 0 0 2.1
132 25 52.5 2.5
132 50 115 3.4
132 75 200 1.5
133 0 0 2.1
133 25 52.5 2.5
133 50 115 3.4
133 75 200 1.5
134 0 0 2.1
134 25 52.5 2.5
134 50 115 3.4
134 75 200 1.5
135 0 0 2.1
135 25 52.5 2.5
135 50 115 3.4
135 75 200 1.5
136 0 0 2.1
136 25 52.5 2.5
136 50 115 3.4
136 75 200 1.5
137 0 0 2.1
137 25 52.5 2.5
137 50 115 3.4
137 75 200 1.5
138 0 0 2.1
138 25 52.5 2.5
138 50 115 3.4
138 75 200 1.5
139 0 0 2.1
139 25 52.5 2.5
139 50 115 3.4
139 75 200 1.5
140 0 0 2.1
140 25 52.5 2.5
140 50 115 3.4
140 75 200 1.5
141 0 0 2.1
141 25 52.5 2.5
141 50 115 3.4
141 75 200 1.5
142 0 0 2.1
142 25 52.5 2.5
142 50 115 3.4
142 75 200 1.5
143 0 0 2.1
143 25 52.5 2.5
143 50 115 3.4
143 75 200 1.5
144 0 0 2.1
144 25 52.5 2.5
144 50 115 3.4
144 75 200 1.5
145 0 0 2.1
145 25 52.5 2.5
145 50 115 3.4
145 75 200 1.5
146 0 0 2.1
146 25 52.5 2.5
146 50 115 3.4
146 75 200 1.5
147 0 0 2.1
147 25 52.5 2.5
147 50 115 3.4
147 75 200 1.5
148 0 0 2.1
148 25 52.5 2.5
148 50 115 3.4
148 75 200 1.5
149 0 0 2.1
149 25 52.5 2.5
149 50 115 3.4
149 75 200 1.5
150 0 0 2.1
150 25 52.5 2.5
150 50 115 3.4
150 75 200 1.5
151 0 0 2.1
151 25 52.5 2.5
151 50 115 3.4
151 75 200 1.5
152 0 0 2.1
152 25 52.5 2.5
152 50 115 3.4
152 75 200 1.5
153 0 0 2.1
153 25 52.5 2.5
153 50 115 3.4
153 75 200 1.5
154 0 0 2.1
154 25 52.5 2.5
154 50 115 3.4
154 75 200 1.5
155 0 0 2.1
155 25 52.5 2.5
155 50 115 3.4
155 75 200 1.5
156 0 0 2.1
156 25 52.5 2.5
156 50 115 3.4
156 75 200 1.5
157 0 0 2.1
157 25 52.5 2.5
157 50 115 3.4
157 75 200 1.5
158 0 0 2.1
158 25 52.5 2.5
158 50 115 3.4
158 75 200 1.5
159 0 0 2.1
159 25 52.5 2.5
159 50 115 3.4
159 75 200 1.5
160 0 0 2.1
160 25 52.5 2.5
160 50 115 3.4
160 75 200 1.5
161 0 0 2.1
161 25 52.5 2.5
161 50 115 3.4
161 75 200 1.5
162 0 0 2.1
162 25 52.5 2.5
162 50 115 3.4
162 75 200 1.5
163 0 0 2.1
163 25 52.5 2.5
163 50 115 3.4
163 75 200 1.5
164 0 0 2.1
164 25 52.5 2.5
164 50 115 3.4
164 75 200 1.5
165 0 0 2.1
165 25 52.5 2.5
165 50 115 3.4
165 75 200 1.5
166 0 0 2.1
166 25 52.5 2.5
166 50 115 3.4
166 75 200 1.5
167 0 0 2.1
167 25 52.5 2.5
167 50 115 3.4
167 75 200 1.5
168 0 0 2.1
168 25 52.5 2.5
168 50 115 3.4
168 75 200 1.5
169 0 0 2.1
169 25 52.5 2.5
169 50 115 3.4
169 75 200 1.5
170 0 0 2.1
170 25 52.5 2.5
170 50 115 3.4
170 75 200 1.5
171 0 0 2.1
171 25 52.5 2.5
171 50 115 3.4
171 75 200 1.5
172 0 0 2.1
172 25 52.5 2.5
172 50 115 3.4
172 75 200 1.5
173 0 0 2.1
173 25 52.5 2.5
173 50 115 3.4
173 75 200 1.5
174 0 0 2.1
174 25 52.5 2.5
174 50 115 3.4
174 75 200 1.5
175 0 0 2.1
175 25 52.5 2.5
175 50 115 3.4
175 75 200 1.5
176 0 0 2.1
176 25 52.5 2.5
176 50 115 3.4
176 75 200 1.5
177 0 0 2.1
177 25 52.5 2.5
177 50 115 3.4
177 75 200 1.5
178 0 0 2.1
178 25 52.5 2.5
178 50 115 3.4
178 75 200 1.5
179 0 0 2.1
179 25 52.5 2.5
179 50 115 3.4
179 75 200 1.5
180 0 0 2.1
180 25 52.5 2.5
180 50 115 3.4
180 75 200 1.5
181 0 0 2.1
181 25 52.5 2.5
181 50 115 3.4
181 75 200 1.5
182 0 0 2.1
182 25 52.5 2.5
182 50 115 3.4
182 75 200 1.5
183 0 0 2.1
183 25 52.5 2.5
183 50 115 3.4
183 75 200 1.5
184 0 0 2.1
184 25 52.5 2.5
184 50 115 3.4
184 75 200 1.5
185 0 0 2.1
185 25 52.5 2.5
185 50 115 3.4
185 75 200 1.5
186 0 0 2.1
186 25 52.5 2.5
186 50 115 3.4
186 75 200 1.5
187 0 0 2.1
187 25 52.5 2.5
187 50 115 3.4
187 75 200 1.5
188 0 0 2.1
188 25 52.5 2.5
188 50 115 3.4
188 75 200 1.5
189 0 0 2.1
189 25 52.5 2.5
189 50 115 3.4
189 75 200 1.5
190 0 0 2.1
190 25 52.5 2.5
190 50 115 3.4
190 75 200 1.5
191 0 0 2.1
191 25 52.5 2.5
191 50 115 3.4
191 75 200 1.5
192 0 0 2.1
192 25 52.5 2.5
192 50 115 3.4
192 75 200 1.5
193 0 0 2.1
193 25 52.5 2.5
193 50 115 3.4
193 75 200 1.5
194 0 0 2.1
194 25 52.5 2.5
194 50 115 3.4
194 75 200 1.5
195 0 0 2.1
195 25 52.5 2.5
195 50 115 3.4
195 75 200 1.5
196 0 0 2.1
196 25 52.5 2.5
196 50 115 3.4
196 75 200 1.5
197 0 0 2.1
197 25 52.5 2.5
197 50 115 3.4
197 75 200 1.5
198 0 0 2.1
198 25 52.5 2.5
198 50 115 3.4
198 75 200 1.5
199 0 0 2.1
199 25 52.5 2.5
199 50 115 3.4
199 75 200 1.5
200 0 0 2.1
200 25 52.5 2.5
200 50 115 3.4
200 75 200 1.5
201 0 0 2.1
201 25 52.5 2.5
201 50 115 3.4
201 75 200 1.5
202 0 0 2.1
202 25 52.5 2.5
202 50 115 3.4
202 75 200 1.5
203 0 0 2.1
203 25 52.5 2.5
203 50 115 3.4
203 75 200 1.5
204 0 0 2.1
204 25 52.5 2.5
204 50 115 3.4
204 75 200 1.5
205 0 0 2.1
205 25 52.5 2.5
205 50 115 3.4
205 75 200 1.5
206 0 0 2.1
206 25 52.5 2.5
206 50 115 3.4
206 75 200 1.5
207 0 0 2.1
207 25 52.5 2.5
207 50 115 3.4
207 75 200 1.5
208 0 0 2.1
208 25 52.5 2.5
208 50 115 3.4
208 75 200 1.5
209 0 0 2.1
209 25 52.5 2.5
209 50 115 3.4
209 75 200 1.5
210 0 0 2.1
210 25 52.5 2.5
210 50 115 3.4
210 75 200 1.5
211 0 0 2.1
211 25 52.5 2.5
211 50 115 3.4
211 75 200 1.5
212 0 0 2.1
212 25 52.5 2.5
212 50 115 3.4
212 75 200 1.5
213 0 0 2.1
213 25 52.5 2.5
213 50 115 3.4
213 75 200 1.5
214 0 0 2.1
214 25 52.5 2.5
214 50 115 3.4
214 75 200 1.5
215 0 0 2.1
215 25 52.5 2.5
215 50 115 3.4
215 75 200 1.5
216 0 0 2.1
216 25 52.5 2.5
216 50 115 3.4
216 75 200 1.5
217 0 0 2.1
217 25 52.5 2.5
217 50 115 3.4
217 75 200 1.5
218 0 0 2.1
218 25 52.5 2.5
218 50 115 3.4
218 75 200 1.5
219 0 0 2.1
219 25 52.5 2.5
219 50 115 3.4
219 75 200 1.5
220 0 0 2.1
220 25 52.5 2.5
220 50 115 3.4
220 75 200 1.5
221 0 0 2.1
221 25 52.5 2.5
221 50 115 3.4
221 75 200 1.5
222 0 0 2.1
222 25 52.5 2.5
222 50 115 3.4
222 75 200 1.5
223 0 0 2.1
223 25 52.5 2.5
223 50 115 3.4
223 75 200 1.5
224 0 0 2.1
224 25 52.5 2.5
224 50 115 3.4
224 75 200 1.5
225 0 0 2.1
225 25 52.5 2.5
225 50 115 3.4
225 75 200 1.5
226 0 0 2.1
226 25 52.5 2.5
226 50 115 3.4
226 75 200 1.5
227 0 0 2.1
227 25 52.5 2.5
227 50 115 3.4
227 75 200 1.5
228 0 0 2.1
228 25 52.5 2.5
228 50 115 3.4
228 75 200 1.5
229 0 0 2.1
229 25 52.5 2.5
229 50 115 3.4
229 75 200 1.5
230 0 0 2.1
230 25 52.5 2.5
230 50 115 3.4
230 75 200 1.5
231 0 0 2.1
231 25 52.5 2.5
231 50 115 3.4
231 75 200 1.5
232 0 0 2.1
232 25 52.5 2.5
232 50 115 3.4
232 75 200 1.5
233 0 0 2.1
233 25 52.5 2.5
233 50 115 3.4
233 75 200 1.5
234 0 0 2.1
234 25 52.5 2.5
234 50 115 3.4
234 75 200 1.5
235 0 0 2.1
235 25 52.5 2.5
235 50 115 3.4
235 75 200 1.5
236 0 0 2.1
236 25 52.5 2.5
236 50 115 3.4
236 75 200 1.5
237 0 0 2.1
237 25 52.5 2.5
237 50 115 3.4
237 75 200 1.5
238 0 0 2.1
238 25 52.5 2.5
238 50 115 3.4
238 75 200 1.5
239 0 0 2.1
239 25 52.5 2.5
239 50 115 3.4
239 75 200 1.5
240 0 0 2.1
240 25 52.5 2.5
240 50 115 3.4
240 75 200 1.5
241 0 0 2.1
241 25 52.5 2.5
241 50 115 3.4
241 75 200 1.5
242 0 0 2.1
242 25 52.5 2.5
242 50 115 3.4
242 75 200 1.5
243 0 0 2.1
243 25 52.5 2.5
243 50 115 3.4
243 75 200 1.5
244 0 0 2.1
244 25 52.5 2.5
244 50 115 3.4
244 75 200 1.5
245 0 0 2.1
245 25 52.5 2.5
245 50 115 3.4
245 75 200 1.5
246 0 0 2.1
246 25 52.5 2.5
246 50 115 3.4
246 75 200 1.5
247 0 0 2.1
247 25 52.5 2.5
247 50 115 3.4
247 75 200 1.5
248 0 0 2.1
248 25 52.5 2.5
248 50 115 3.4
248 75 200 1.5
249 0 0 2.1
249 25 52.5 2.5
249 50 115 3.4
249 75 200 1.5
250 0 0 2.1
250 25 52.5 2.5
250 50 115 3.4
250 75 200 1.5
251 0 0 2.1
251 25 52.5 2.5
251 50 115 3.4
251 75 200 1.5
252 0 0 2.1
252 25 52.5 2.5
252 50 115 3.4
252 75 200 1.5
253 0 0 2.1
253 25 52.5 2.5
253 50 115 3.4
253 75 200 1.5
254 0 0 2.1
254 25 52.5 2.5
254 50 115 3.4
254 75 200 1.5
255 0 0 2.1
255 25 52.5 2.5
255 50 115 3.4
255 75 200 1.5
256 0 0 2.1
256 25 52.5 2.5
256 50 115 3.4
256 75 200 1.5
257 0 0 2.1
257 25 52.5 2.5
257 50 115 3.4
257 75 200 1.5
258 0 0 2.1
258 25 52.5 2.5
258 50 115 3.4
258 75 200 1.5
259 0 0 2.1
259 25 52.5 2.5
259 50 115 3.4
259 75 200 1.5
260 0 0 2.1
260 25 52.5 2.5
260 50 115 3.4
260 75 200 1.5
261 0 0 2.1
261 25 52.5 2.5
261 50 115 3.4
261 75 200 1.5
262 0 0 2.1
262 25 52.5 2.5
262 50 115 3.4
262 75 200 1.5
263 0 0 2.1
263 25 52.5 2.5
263 50 115 3.4
263 75 200 1.5
264 0 0 2.1
264 25 52.5 2.5
264 50 115 3.4
264 75 200 1.5
265 0 0 2.1
265 25 52.5 2.5
265 50 115 3.4
265 75 200 1.5
266 0 0 2.1
266 25 52.5 2.5
266 50 115 3.4
266 75 200 1.5
267 0 0 2.1
267 25 52.5 2.5
267 50 115 3.4
267 75 200 1.5
268 0 0 2.1
268 25 52.5 2.5
268 50 115 3.4
268 75 200 1.5
269 0 0 2.1
269 25 52.5 2.5
269 50 115 3.4
269 75 200 1.5
270 0 0 2.1
270 25 52.5 2.5
270 50 115 3.4
270 75 200 1.5
271 0 0 2.1
271 25 52.5 2.5
271 50 115 3.4
271 75 200 1.5
272 0 0 2.1
272 25 52.5 2.5
272 50 115 3.4
272 75 200 1.5
273 0 0 2.1
273 25 52.5 2.5
273 50 115 3.4
273 75 200 1.5
274 0 0 2.1
274 25 52.5 2.5
274 50 115 3.4
274 75 200 1.5
275 0 0 2.1
275 25 52.5 2.5
275 50 115 3.4
275 75 200 1.5
276 0 0 2.1
276 25 52.5 2.5
276 50 115 3.4
276 75 200 1.5
277 0 0 2.1
277 25 52.5 2.5
277 50 115 3.4
277 75 200 1.5
278 0 0 2.1
278 25 52.5 2.5
278 50 115 3.4
278 75 200 1.5
279 0 0 2.1
279 25 52.5 2.5
279 50 115 3.4
279 75 200 1.5
280 0 0 2.1
280 25 52.5 2.5
280 50 115 3.4
280 75 200 1.5
281 0 0 2.1
281 25 52.5 2.5
281 50 115 3.4
281 75 200 1.5
282 0 0 2.1
282 25 52.5 2.5
282 50 115 3.4
282 75 200 1.5
283 0 0 2.1
283 25 52.5 2.5
283 50 115 3.4
283 75 200 1.5
284 0 0 2.1
284 25 52.5 2.5
284 50 115 3.4
284 75 200 1.5
285 0 0 2.1
285 25 52.5 2.5
285 50 115 3.4
285 75 200 1.5
286 0 0 2.1
286 25 52.5 2.5
286 50 115 3.4
286 75 200 1.5
287 0 0 2.1
287 25 52.5 2.5
287 50 115 3.4
287 75 200 1.5
288 0 0 2.1
288 25 52.5 2.5
288 50 115 3.4
288 75 200 1.5
289 0 0 2.1
289 25 52.5 2.5
289 50 115 3.4
289 75 200 1.5
290 0 0 2.1
290 25 52.5 2.5
290 50 115 3.4
290 75 200 1.5
291 0 0 2.1
291 25 52.5 2.5
291 50 115 3.4
291 75 200 1.5
292 0 0 2.1
292 25 52.5 2.5
292 50 115 3.4
292 75 200 1.5
293 0 0 2.1
293 25 52.5 2.5
293 50 115 3.4
293 75 200 1.5
294 0 0 2.1
294 25 52.5 2.5
294 50 115 3.4
294 75 200 1.5
295 0 0 2.1
295 25 52.5 2.5
295 50 115 3.4
295 75 200 1.5
296 0 0 2.1
296 25 52.5 2.5
296 50 115 3.4
296 75 200 1.5
297 0 0 2.1
297 25 52.5 2.5
297 50 115 3.4
297 75 200 1.5
298 0 0 2.1
298 25 52.5 2.5
298 50 115 3.4
298 75 200 1.5
299 0 0 2.1
299 25 52.5 2.5
299 50 115 3.4
299 75 200 1.5
300 0 0 2.1
300 25 52.5 2.5
300 50 115 3.4
300 75 200 1.5
301 0 0 2.1
301 25 52.5 2.5
301 50 115 3.4
301 75 200 1.5
302 0 0 2.1
302 25 52.5 2.5
302 50 115 3.4
302 75 200 1.5
303 0 0 2.1
303 25 52.5 2.5
303 50 115 3.4
303 75 200 1.5
304 0 0 2.1
304 25 52.5 2.5
304 50 115 3.4
304 75 200 1.5
305 0 0 2.1
305 25 52.5 2.5
305 50 115 3.4
305 75 200 1.5
306 0 0 2.1
306 25 52.5 2.5
306 50 115 3.4
306 75 200 1.5
307 0 0 2.1
307 25 52.5 2.5
307 50 115 3.4
307 75 200 1.5
308 0 0 2.1
308 25 52.5 2.5
308 50 115 3.4
308 75 200 1.5
309 0 0 2.1
309 25 52.5 2.5
309 50 115 3.4
309 75 200 1.5
310 0 0 2.1
310 25 52.5 2.5
310 50 115 3.4
310 75 200 1.5
311 0 0 2.1
311 25 52.5 2.5
311 50 115 3.4
311 75 200 1.5
312 0 0 2.1
312 25 52.5 2.5
312 50 115 3.4
312 75 200 1.5
313 0 0 2.1
313 25 52.5 2.5
313 50 115 3.4
313 75 200 1.5
314 0 0 2.1
314 25 52.5 2.5
314 50 115 3.4
314 75 200 1.5
315 0 0 2.1
315 25 52.5 2.5
315 50 115 3.4
315 75 200 1.5
316 0 0 2.1
316 25 52.5 2.5
316 50 115 3.4
316 75 200 1.5
317 0 0 2.1
317 25 52.5 2.5
317 50 115 3.4
317 75 200 1.5
318 0 0 2.1
318 25 52.5 2.5
318 50 115 3.4
318 75 200 1.5
319 0 0 2.1
319 25 52.5 2.5
319 50 115 3.4
319 75 200 1.5
320 0 0 2.1
320 25 52.5 2.5
320 50 115 3.4
320 75 200 1.5
321 0 0 2.1
321 25 52.5 2.5
321 50 115 3.4
321 75 200 1.5
322 0 0 2.1
322 25 52.5 2.5
322 50 115 3.4
322 75 200 1.5
323 0 0 2.1
323 25 52.5 2.5
323 50 115 3.4
323 75 200 1.5
324 0 0 2.1
324 25 52.5 2.5
324 50 115 3.4
324 75 200 1.5
325 0 0 2.1
325 25 52.5 2.5
325 50 115 3.4
325 75 200 1.5
326 0 0 2.1
326 25 52.5 2.5
326 50 115 3.4
326 75 200 1.5
327 0 0 2.1
327 25 52.5 2.5
327 50 115 3.4
327 75 200 1.5
328 0 0 2.1
328 25 52.5 2.5
328 50 115 3.4
328 75 200 1.5
329 0 0 2.1
329 25 52.5 2.5
329 50 115 3.4
329 75 200 1.5
330 0 0 2.1
330 25 52.5 2.5
330 50 115 3.4
330 75 200 1.5
331 0 0 2.1
331 25 52.5 2.5
331 50 115 3.4
331 75 200 1.5
332 0 0 2.1
332 25 52.5 2.5
332 50 115 3.4
332 75 200 1.5
333 0 0 2.1
333 25 52.5 2.5
333 50 115 3.4
333 75 200 1.5
334 0 0 2.1
334 25 52.5 2.5
334 50 115 3.4
334 75 200 1.5
335 0 0 2.1
335 25 52.5 2.5
335 50 115 3.4
335 75 200 1.5
336 0 0 2.1
336 25 52.5 2.5
336 50 115 3.4
336 75 200 1.5
337 0 0 2.1
337 25 52.5 2.5
337 50 115 3.4
337 75 200 1.5
338 0 0 2.1
338 25 52.5 2.5
338 50 115 3.4
338 75 200 1.5
339 0 0 2.1
339 25 52.5 2.5
339 50 115 3.4
339 75 200 1.5
340 0 0 2.1
340 25 52.5 2.5
340 50 115 3.4
340 75 200 1.5
341 0 0 2.1
341 25 52.5 2.5
341 50 115 3.4
341 75 200 1.5
342 0 0 2.1
342 25 52.5 2.5
342 50 115 3.4
342 75 200 1.5
343 0 0 2.1
343 25 52.5 2.5
343 50 115 3.4
343 75 200 1.5
344 0 0 2.1
344 25 52.5 2.5
344 50 115 3.4
344 75 200 1.5
345 0 0 2.1
345 25 52.5 2.5
345 50 115 3.4
345 75 200 1.5
346 0 0 2.1
346 25 52.5 2.5
346 50 115 3.4
346 75 200 1.5
347 0 0 2.1
347 25 52.5 2.5
347 50 115 3.4
347 75 200 1.5
348 0 0 2.1
348 25 52.5 2.5
348 50 115 3.4
348 75 200 1.5
349 0 0 2.1
349 25 52.5 2.5
349 50 115 3.4
349 75 200 1.5
350 0 0 2.1
350 25 52.5 2.5
350 50 115 3.4
350 75 200 1.5
351 0 0 2.1
351 25 52.5 2.5
351 50 115 3.4
351 75 200 1.5
352 0 0 2.1
352 25 52.5 2.5
352 50 115 3.4
352 75 200 1.5
353 0 0 2.1
353 25 52.5 2.5
353 50 115 3.4
353 75 200 1.5
354 0 0 2.1
354 25 52.5 2.5
354 50 115 3.4
354 75 200 1.5
355 0 0 2.1
355 25 52.5 2.5
355 50 115 3.4
355 75 200 1.5
356 0 0 2.1
356 25 52.5 2.5
356 50 115 3.4
356 75 200 1.5
357 0 0 2.1
357 25 52.5 2.5
357 50 115 3.4
357 75 200 1.5
358 0 0 2.1
358 25 52.5 2.5
358 50 115 3.4
358 75 200 1.5
359 0 0 2.1
359 25 52.5 2.5
359 50 115 3.4
359 75 200 1.5
360 0 0 2.1
360 25 52.5 2.5
360 50 115 3.4
360 75 200 1.5
361 0 0 2.1
361 25 52.5 2.5
361 50 115 3.4
361 75 200 1.5
362 0 0 2.1
362 25 52.5 2.5
362 50 115 3.4
362 75 200 1.5
363 0 0 2.1
363 25 52.5 2.5
363 50 115 3.4
363 75 200 1.5
364 0 0 2.1
364 25 52.5 2.5
364 50 115 3.4
364 75 200 1.5
365 0 0 2.1
365 25 52.5 2.5
365 50 115 3.4
365 75 200 1.5
366 0 0 2.1
366 25 52.5 2.5
366 50 115 3.4
366 75 200 1.5
367 0 0 2.1
367 25 52.5 2.5
367 50 115 3.4
367 75 200 1.5
368 0 0 2.1
368 25 52.5 2.5
368 50 115 3.4
368 75 200 1.5
369 0 0 2.1
369 25 52.5 2.5
369 50 115 3.4
369 75 200 1.5
370 0 0 2.1
370 25 52.5 2.5
370 50 115 3.4
370 75 200 1.5
371 0 0 2.1
371 25 52.5 2.5
371 50 115 3.4
371 75 200 1.5
372 0 0 2.1
372 25 52.5 2.5
372 50 115 3.4
372 75 200 1.5
373 0 0 2.1
373 25 52.5 2.5
373 50 115 3.4
373 75 200 1.5
374 0 0 2.1
374 25 52.5 2.5
374 50 115 3.4
374 75 200 1.5
375 0 0 2.1
375 25 52.5 2.5
375 50 115 3.4
375 75 200 1.5
376 0 0 2.1
376 25 52.5 2.5
376 50 115 3.4
376 75 200 1.5
377 0 0 2.1
377 25 52.5 2.5
377 50 115 3.4
377 75 200 1.5
378 0 0 2.1
378 25 52.5 2.5
378 50 115 3.4
378 75 200 1.5
379 0 0 2.1
379 25 52.5 2.5
379 50 115 3.4
379 75 200 1.5
380 0 0 2.1
380 25 52.5 2.5
380 50 115 3.4
380 75 200 1.5
381 0 0 2.1
381 25 52.5 2.5
381 50 115 3.4
381 75 200 1.5
382 0 0 2.1
382 25 52.5 2.5
382 50 115 3.4
382 75 200 1.5
383 0 0 2.1
383 25 52.5 2.5
383 50 115 3.4
383 75 200 1.5
384 0 0 2.1
384 25 52.5 2.5
384 50 115 3.4
384 75 200 1.5
385 0 0 2.1
385 25 52.5 2.5
385 50 115 3.4
385 75 200 1.5
386 0 0 2.1
386 25 52.5 2.5
386 50 115 3.4
386 75 200 1.5
387 0 0 2.1
387 25 52.5 2.5
387 50 115 3.4
387 75 200 1.5
388 0 0 2.1
388 25 52.5 2.5
388 50 115 3.4
388 75 200 1.5
389 0 0 2.1
389 25 52.5 2.5
389 50 115 3.4
389 75 200 1.5
390 0 0 2.1
390 25 52.5 2.5
390 50 115 3.4
390 75 200 1.5
391 0 0 2.1
391 25 52.5 2.5
391 50 115 3.4
391 75 200 1.5
392 0 0 2.1
392 25 52.5 2.5
392 50 115 3.4
392 75 200 1.5
393 0 0 2.1
393 25 52.5 2.5
393 50 115 3.4
393 75 200 1.5
394 0 0 2.1
394 25 52.5 2.5
394 50 115 3.4
394 75 200 1.5
395 0 0 2.1
395 25 52.5 2.5
395 50 115 3.4
395 75 200 1.5
396 0 0 2.1
396 25 52.5 2.5
396 50 115 3.4
396 75 200 1.5
397 0 0 2.1
397 25 52.5 2.5
397 50 115 3.4
397 75 200 1.5
398 0 0 2.1
398 25 52.5 2.5
398 50 115 3.4
398 75 200 1.5
399 0 0 2.1
399 25 52.5 2.5
399 50 115 3.4
399 75 200 1.5
400 0 0 2.1
400 25 52.5 2.5
400 50 115 3.4
400 75 200 1.5
401 0 0 2.1
401 25 52.5 2.5
401 50 115 3.4
401 75 200 1.5
402 0 0 2.1
402 25 52.5 2.5
402 50 115 3.4
402 75 200 1.5
403 0 0 2.1
403 25 52.5 2.5
403 50 115 3.4
403 75 200 1.5
404 0 0 2.1
404 25 52.5 2.5
404 50 115 3.4
404 75 200 1.5
405 0 0 2.1
405 25 52.5 2.5
405 50 115 3.4
405 75 200 1.5
406 0 0 2.1
406 25 52.5 2.5
406 50 115 3.4
406 75 200 1.5
407 0 0 2.1
407 25 52.5 2.5
407 50 115 3.4
407 75 200 1.5
408 0 0 2.1
408 25 52.5 2.5
408 50 115 3.4
408 75 200 1.5
409 0 0 2.1
409 25 52.5 2.5
409 50 115 3.4
409 75 200 1.5
410 0 0 2.1
410 25 52.5 2.5
410 50 115 3.4
410 75 200 1.5
411 0 0 2.1
411 25 52.5 2.5
411 50 115 3.4
411 75 200 1.5
412 0 0 2.1
412 25 52.5 2.5
412 50 115 3.4
412 75 200 1.5
413 0 0 2.1
413 25 52.5 2.5
413 50 115 3.4
413 75 200 1.5
414 0 0 2.1
414 25 52.5 2.5
414 50 115 3.4
414 75 200 1.5
415 0 0 2.1
415 25 52.5 2.5
415 50 115 3.4
415 75 200 1.5
416 0 0 2.1
416 25 52.5 2.5
416 50 115 3.4
416 75 200 1.5
417 0 0 2.1
417 25 52.5 2.5
417 50 115 3.4
417 75 200 1.5
418 0 0 2.1
418 25 52.5 2.5
418 50 115 3.4
418 75 200 1.5
419 0 0 2.1
419 25 52.5 2.5
419 50 115 3.4
419 75 200 1.5
420 0 0 2.1
420 25 52.5 2.5
420 50 115 3.4
420 75 200 1.5
421 0 0 2.1
421 25 52.5 2.5
421 50 115 3.4
421 75 200 1.5
422 0 0 2.1
422 25 52.5 2.5
422 50 115 3.4
422 75 200 1.5
423 0 0 2.1
423 25 52.5 2.5
423 50 115 3.4
423 75 200 1.5
424 0 0 2.1
424 25 52.5 2.5
424 50 115 3.4
424 75 200 1.5
425 0 0 2.1
425 25 52.5 2.5
425 50 115 3.4
425 75 200 1.5
426 0 0 2.1
426 25 52.5 2.5
426 50 115 3.4
426 75 200 1.5
427 0 0 2.1
427 25 52.5 2.5
427 50 115 3.4
427 75 200 1.5
428 0 0 2.1
428 25 52.5 2.5
428 50 115 3.4
428 75 200 1.5
429 0 0 2.1
429 25 52.5 2.5
429 50 115 3.4
429 75 200 1.5
430 0 0 2.1
430 25 52.5 2.5
430 50 115 3.4
430 75 200 1.5
431 0 0 2.1
431 25 52.5 2.5
431 50 115 3.4
431 75 200 1.5
432 0 0 2.1
432 25 52.5 2.5
432 50 115 3.4
432 75 200 1.5
433 0 0 2.1
433 25 52.5 2.5
433 50 115 3.4
433 75 200 1.5
434 0 0 2.1
434 25 52.5 2.5
434 50 115 3.4
434 75 200 1.5
435 0 0 2.1
435 25 52.5 2.5
435 50 115 3.4
435 75 200 1.5
436 0 0 2.1
436 25 52.5 2.5
436 50 115 3.4
436 75 200 1.5
437 0 0 2.1
437 25 52.5 2.5
437 50 115 3.4
437 75 200 1.5
438 0 0 2.1
438 25 52.5 2.5
438 50 115 3.4
438 75 200 1.5
439 0 0 2.1
439 25 52.5 2.5
439 50 115 3.4
439 75 200 1.5
440 0 0 2.1
440 25 52.5 2.5
440 50 115 3.4
440 75 200 1.5
441 0 0 2.1
441 25 52.5 2.5
441 50 115 3.4
441 75 200 1.5
442 0 0 2.1
442 25 52.5 2.5
442 50 115 3.4
442 75 200 1.5
443 0 0 2.1
443 25 52.5 2.5
443 50 115 3.4
443 75 200 1.5
444 0 0 2.1
444 25 52.5 2.5
444 50 115 3.4
444 75 200 1.5
445 0 0 2.1
445 25 52.5 2.5
445 50 115 3.4
445 75 200 1.5
446 0 0 2.1
446 25 52.5 2.5
446 50 115 3.4
446 75 200 1.5
447 0 0 2.1
447 25 52.5 2.5
447 50 115 3.4
447 75 200 1.5
448 0 0 2.1
448 25 52.5 2.5
448 50 115 3.4
448 75 200 1.5
449 0 0 2.1
449 25 52.5 2.5
449 50 115 3.4
449 75 200 1.5
450 0 0 2.1
450 25 52.5 2.5
450 50 115 3.4
450 75 200 1.5
451 0 0 2.1
451 25 52.5 2.5
451 50 115 3.4
451 75 200 1.5
452 0 0 2.1
452 25 52.5 2.5
452 50 115 3.4
452 75 200 1.5
453 0 0 2.1
453 25 52.5 2.5
453 50 115 3.4
453 75 200 1.5
454 0 0 2.1
454 25 52.5 2.5
454 50 115 3.4
454 75 200 1.5
455 0 0 2.1
455 25 52.5 2.5
455 50 115 3.4
455 75 200 1.5
456 0 0 2.1
456 25 52.5 2.5
456 50 115 3.4
456 75 200 1.5
457 0 0 2.1
457 25 52.5 2.5
457 50 115 3.4
457 75 200 1.5
458 0 0 2.1
458 25 52.5 2.5
458 50 115 3.4
458 75 200 1.5
459 0 0 2.1
459 25 52.5 2.5
459 50 115 3.4
459 75 200 1.5
460 0 0 2.1
460 25 52.5 2.5
460 50 115 3.4
460 75 200 1.5
461 0 0 2.1
461 25 52.5 2.5
461 50 115 3.4
461 75 200 1.5
462 0 0 2.1
462 25 52.5 2.5
462 50 115 3.4
462 75 200 1.5
463 0 0 2.1
463 25 52.5 2.5
463 50 115 3.4
463 75 200 1.5
464 0 0 2.1
464 25 52.5 2.5
464 50 115 3.4
464 75 200 1.5
465 0 0 2.1
465 25 52.5 2.5
465 50 115 3.4
465 75 200 1.5
466 0 0 2.1
466 25 52.5 2.5
466 50 115 3.4
466 75 200 1.5
467 0 0 2.1
467 25 52.5 2.5
467 50 115 3.4
467 75 200 1.5
468 0 0 2.1
468 25 52.5 2.5
468 50 115 3.4
468 75 200 1.5
469 0 0 2.1
469 25 52.5 2.5
469 50 115 3.4
469 75 200 1.5
470 0 0 2.1
470 25 52.5 2.5
470 50 115 3.4
470 75 200 1.5
471 0 0 2.1
471 25 52.5 2.5
471 50 115 3.4
471 75 200 1.5
472 0 0 2.1
472 25 52.5 2.5
472 50 115 3.4
472 75 200 1.5
473 0 0 2.1
473 25 52.5 2.5
473 50 115 3.4
473 75 200 1.5
474 0 0 2.1
474 25 52.5 2.5
474 50 115 3.4
474 75 200 1.5
475 0 0 2.1
475 25 52.5 2.5
475 50 115 3.4
475 75 200 1.5
476 0 0 2.1
476 25 52.5 2.5
476 50 115 3.4
476 75 200 1.5
477 0 0 2.1
477 25 52.5 2.5
477 50 115 3.4
477 75 200 1.5
478 0 0 2.1
478 25 52.5 2.5
478 50 115 3.4
478 75 200 1.5
479 0 0 2.1
479 25 52.5 2.5
479 50 115 3.4
479 75 200 1.5
480 0 0 2.1
480 25 52.5 2.5
480 50 115 3.4
480 75 200 1.5
481 0 0 2.1
481 25 52.5 2.5
481 50 115 3.4
481 75 200 1.5
482 0 0 2.1
482 25 52.5 2.5
482 50 115 3.4
482 75 200 1.5
483 0 0 2.1
483 25 52.5 2.5
483 50 115 3.4
483 75 200 1.5
484 0 0 2.1
484 25 52.5 2.5
484 50 115 3.4
484 75 200 1.5
485 0 0 2.1
485 25 52.5 2.5
485 50 115 3.4
485 75 200 1.5
486 0 0 2.1
486 25 52.5 2.5
486 50 115 3.4
486 75 200 1.5
487 0 0 2.1
487 25 52.5 2.5
487 50 115 3.4
487 75 200 1.5
488 0 0 2.1
488 25 52.5 2.5
488 50 115 3.4
488 75 200 1.5
489 0 0 2.1
489 25 52.5 2.5
489 50 115 3.4
489 75 200 1.5
490 0 0 2.1
490 25 52.5 2.5
490 50 115 3.4
490 75 200 1.5
491 0 0 2.1
491 25 52.5 2.5
491 50 115 3.4
491 75 200 1.5
492 0 0 2.1
492 25 52.5 2.5
492 50 115 3.4
492 75 200 1.5
493 0 0 2.1
493 25 52.5 2.5
493 50 115 3.4
493 75 200 1.5
494 0 0 2.1
494 25 52.5 2.5
494 50 115 3.4
494 75 200 1.5
495 0 0 2.1
495 25 52.5 2.5
495 50 115 3.4
495 75 200 1.5
496 0 0 2.1
496 25 52.5 2.5
496 50 115 3.4
496 75 200 1.5
497 0 0 2.1
497 25 52.5 2.5
497 50 115 3.4
497 75 200 1.5
498 0 0 2.1
498 25 52.5 2.5
498 50 115 3.4
498 75 200 1.5
499 0 0 2.1
499 25 52.5 2.5
499 50 115 3.4
499 75 200 1.5
500 0 0 2.1
500 25 52.5 2.5
500 50 115 3.4
500 75 200 1.5
501 0 0 2.1
501 25 52.5 2.5
501 50 115 3.4
501 75 200 1.5
502 0 0 2.1
502 25 52.5 2.5
502 50 115 3.4
502 75 200 1.5
503 0 0 2.1
503 25 52.5 2.5
503 50 115 3.4
503 75 200 1.5
504 0 0 2.1
504 25 52.5 2.5
504 50 115 3.4
504 75 200 1.5
505 0 0 2.1
505 25 52.5 2.5
505 50 115 3.4
505 75 200 1.5
506 0 0 2.1
506 25 52.5 2.5
506 50 115 3.4
506 75 200 1.5
507 0 0 2.1
507 25 52.5 2.5
507 50 115 3.4
507 75 200 1.5
508 0 0 2.1
508 25 52.5 2.5
508 50 115 3.4
508 75 200 1.5
509 0 0 2.1
509 25 52.5 2.5
509 50 115 3.4
509 75 200 1.5
510 0 0 2.1
510 25 52.5 2.5
510 50 115 3.4
510 75 200 1.5
511 0 0 2.1
511 25 52.5 2.5
511 50 115 3.4
511 75 200 1.5
512 0 0 2.1
512 25 52.5 2.5
512 50 115 3.4
512 75 200 1.5
513 0 0 2.1
513 25 52.5 2.5
513 50 115 3.4
513 75 200 1.5
514 0 0 2.1
514 25 52.5 2.5
514 50 115 3.4
514 75 200 1.5
515 0 0 2.1
515 25 52.5 2.5
515 50 115 3.4
515 75 200 1.5
516 0 0 2.1
516 25 52.5 2.5
516 50 115 3.4
516 75 200 1.5
517 0 0 2.1
517 25 52.5 2.5
517 50 115 3.4
517 75 200 1.5
518 0 0 2.1
518 25 52.5 2.5
518 50 115 3.4
518 75 200 1.5
519 0 0 2.1
519 25 52.5 2.5
519 50 115 3.4
519 75 200 1.5
520 0 0 2.1
520 25 52.5 2.5
520 50 115 3.4
520 75 200 1.5
521 0 0 2.1
521 25 52.5 2.5
521 50 115 3.4
521 75 200 1.5
522 0 0 2.1
522 25 52.5 2.5
522 50 115 3.4
522 75 200 1.5
523 0 0 2.1
523 25 52.5 2.5
523 50 115 3.4
523 75 200 1.5
524 0 0 2.1
524 25 52.5 2.5
524 50 115 3.4
524 75 200 1.5
525 0 0 2.1
525 25 52.5 2.5
525 50 115 3.4
525 75 200 1.5
526 0 0 2.1
526 25 52.5 2.5
526 50 115 3.4
526 75 200 1.5
527 0 0 2.1
527 25 52.5 2.5
527 50 115 3.4
527 75 200 1.5
528 0 0 2.1
528 25 52.5 2.5
528 50 115 3.4
528 75 200 1.5
529 0 0 2.1
529 25 52.5 2.5
529 50 115 3.4
529 75 200 1.5
530 0 0 2.1
530 25 52.5 2.5
530 50 115 3.4
530 75 200 1.5
531 0 0 2.1
531 25 52.5 2.5
531 50 115 3.4
531 75 200 1.5
532 0 0 2.1
532 25 52.5 2.5
532 50 115 3.4
532 75 200 1.5
533 0 0 2.1
533 25 52.5 2.5
533 50 115 3.4
533 75 200 1.5
534 0 0 2.1
534 25 52.5 2.5
534 50 115 3.4
534 75 200 1.5
535 0 0 2.1
535 25 52.5 2.5
535 50 115 3.4
535 75 200 1.5
536 0 0 2.1
536 25 52.5 2.5
536 50 115 3.4
536 75 200 1.5
537 0 0 2.1
537 25 52.5 2.5
537 50 115 3.4
537 75 200 1.5
538 0 0 2.1
538 25 52.5 2.5
538 50 115 3.4
538 75 200 1.5
539 0 0 2.1
539 25 52.5 2.5
539 50 115 3.4
539 75 200 1.5
540 0 0 2.1
540 25 52.5 2.5
540 50 115 3.4
540 75 200 1.5
541 0 0 2.1
541 25 52.5 2.5
541 50 115 3.4
541 75 200 1.5
542 0 0 2.1
542 25 52.5 2.5
542 50 115 3.4
542 75 200 1.5
543 0 0 2.1
543 25 52.5 2.5
543 50 115 3.4
543 75 200 1.5
544 0 0 2.1
544 25 52.5 2.5
544 50 115 3.4
544 75 200 1.5
545 0 0 2.1
545 25 52.5 2.5
545 50 115 3.4
545 75 200 1.5
546 0 0 2.1
546 25 52.5 2.5
546 50 115 3.4
546 75 200 1.5
547 0 0 2.1
547 25 52.5 2.5
547 50 115 3.4
547 75 200 1.5
548 0 0 2.1
548 25 52.5 2.5
548 50 115 3.4
548 75 200 1.5
549 0 0 2.1
549 25 52.5 2.5
549 50 115 3.4
549 75 200 1.5
550 0 0 2.1
550 25 52.5 2.5
550 50 115 3.4
550 75 200 1.5
551 0 0 2.1
551 25 52.5 2.5
551 50 115 3.4
551 75 200 1.5
552 0 0 2.1
552 25 52.5 2.5
552 50 115 3.4
552 75 200 1.5
553 0 0 2.1
553 25 52.5 2.5
553 50 115 3.4
553 75 200 1.5
554 0 0 2.1
554 25 52.5 2.5
554 50 115 3.4
554 75 200 1.5
555 0 0 2.1
555 25 52.5 2.5
555 50 115 3.4
555 75 200 1.5
556 0 0 2.1
556 25 52.5 2.5
556 50 115 3.4
556 75 200 1.5
557 0 0 2.1
557 25 52.5 2.5
557 50 115 3.4
557 75 200 1.5
558 0 0 2.1
558 25 52.5 2.5
558 50 115 3.4
558 75 200 1.5
559 0 0 2.1
559 25 52.5 2.5
559 50 115 3.4
559 75 200 1.5
560 0 0 2.1
560 25 52.5 2.5
560 50 115 3.4
560 75 200 1.5
561 0 0 2.1
561 25 52.5 2.5
561 50 115 3.4
561 75 200 1.5
562 0 0 2.1
562 25 52.5 2.5
562 50 115 3.4
562 75 200 1.5
563 0 0 2.1
563 25 52.5 2.5
563 50 115 3.4
563 75 200 1.5
564 0 0 2.1
564 25 52.5 2.5
564 50 115 3.4
564 75 200 1.5
565 0 0 2.1
565 25 52.5 2.5
565 50 115 3.4
565 75 200 1.5
566 0 0 2.1
566 25 52.5 2.5
566 50 115 3.4
566 75 200 1.5
567 0 0 2.1
567 25 52.5 2.5
567 50 115 3.4
567 75 200 1.5
568 0 0 2.1
568 25 52.5 2.5
568 50 115 3.4
568 75 200 1.5
569 0 0 2.1
569 25 52.5 2.5
569 50 115 3.4
569 75 200 1.5
570 0 0 2.1
570 25 52.5 2.5
570 50 115 3.4
570 75 200 1.5
571 0 0 2.1
571 25 52.5 2.5
571 50 115 3.4
571 75 200 1.5
572 0 0 2.1
572 25 52.5 2.5
572 50 115 3.4
572 75 200 1.5
573 0 0 2.1
573 25 52.5 2.5
573 50 115 3.4
573 75 200 1.5
574 0 0 2.1
574 25 52.5 2.5
574 50 115 3.4
574 75 200 1.5
575 0 0 2.1
575 25 52.5 2.5
575 50 115 3.4
575 75 200 1.5
576 0 0 2.1
576 25 52.5 2.5
576 50 115 3.4
576 75 200 1.5
577 0 0 2.1
577 25 52.5 2.5
577 50 115 3.4
577 75 200 1.5
578 0 0 2.1
578 25 52.5 2.5
578 50 115 3.4
578 75 200 1.5
579 0 0 2.1
579 25 52.5 2.5
579 50 115 3.4
579 75 200 1.5
580 0 0 2.1
580 25 52.5 2.5
580 50 115 3.4
580 75 200 1.5
581 0 0 2.1
581 25 52.5 2.5
581 50 115 3.4
581 75 200 1.5
582 0 0 2.1
582 25 52.5 2.5
582 50 115 3.4
582 75 200 1.5
583 0 0 2.1
583 25 52.5 2.5
583 50 115 3.4
583 75 200 1.5
584 0 0 2.1
584 25 52.5 2.5
584 50 115 3.4
584 75 200 1.5
585 0 0 2.1
585 25 52.5 2.5
585 50 115 3.4
585 75 200 1.5
586 0 0 2.1
586 25 52.5 2.5
586 50 115 3.4
586 75 200 1.5
587 0 0 2.1
587 25 52.5 2.5
587 50 115 3.4
587 75 200 1.5
588 0 0 2.1
588 25 52.5 2.5
588 50 115 3.4
588 75 200 1.5
589 0 0 2.1
589 25 52.5 2.5
589 50 115 3.4
589 75 200 1.5
590 0 0 2.1
590 25 52.5 2.5
590 50 115 3.4
590 75 200 1.5
591 0 0 2.1
591 25 52.5 2.5
591 50 115 3.4
591 75 200 1.5
592 0 0 2.1
592 25 52.5 2.5
592 50 115 3.4
592 75 200 1.5
593 0 0 2.1
593 25 52.5 2.5
593 50 115 3.4
593 75 200 1.5
594 0 0 2.1
594 25 52.5 2.5
594 50 115 3.4
594 75 200 1.5
595 0 0 2.1
595 25 52.5 2.5
595 50 115 3.4
595 75 200 1.5
596 0 0 2.1
596 25 52.5 2.5
596 50 115 3.4
596 75 200 1.5
597 0 0 2.1
597 25 52.5 2.5
597 50 115 3.4
597 75 200 1.5
598 0 0 2.1
598 25 52.5 2.5
598 50 115 3.4
598 75 200 1.5
599 0 0 2.1
599 25 52.5 2.5
599 50 115 3.4
599 75 200 1.5
600 0 0 2.1
600 25 52.5 2.5
600 50 115 3.4
600 75 200 1.5
601 0 0 2.1
601 25 52.5 2.5
601 50 115 3.4
601 75 200 1.5
602 0 0 2.1
602 25 52.5 2.5
602 50 115 3.4
602 75 200 1.5
603 0 0 2.1
603 25 52.5 2.5
603 50 115 3.4
603 75 200 1.5
604 0 0 2.1
604 25 52.5 2.5
604 50 115 3.4
604 75 200 1.5
605 0 0 2.1
605 25 52.5 2.5
605 50 115 3.4
605 75 200 1.5
606 0 0 2.1
606 25 52.5 2.5
606 50 115 3.4
606 75 200 1.5
607 0 0 2.1
607 25 52.5 2.5
607 50 115 3.4
607 75 200 1.5
608 0 0 2.1
608 25 52.5 2.5
608 50 115 3.4
608 75 200 1.5
609 0 0 2.1
609 25 52.5 2.5
609 50 115 3.4
609 75 200 1.5
610 0 0 2.1
610 25 52.5 2.5
610 50 115 3.4
610 75 200 1.5
611 0 0 2.1
611 25 52.5 2.5
611 50 115 3.4
611 75 200 1.5
612 0 0 2.1
612 25 52.5 2.5
612 50 115 3.4
612 75 200 1.5
613 0 0 2.1
613 25 52.5 2.5
613 50 115 3.4
613 75 200 1.5
614 0 0 2.1
614 25 52.5 2.5
614 50 115 3.4
614 75 200 1.5
615 0 0 2.1
615 25 52.5 2.5
615 50 115 3.4
615 75 200 1.5
616 0 0 2.1
616 25 52.5 2.5
616 50 115 3.4
616 75 200 1.5
617 0 0 2.1
617 25 52.5 2.5
617 50 115 3.4
617 75 200 1.5
618 0 0 2.1
618 25 52.5 2.5
618 50 115 3.4
618 75 200 1.5
619 0 0 2.1
619 25 52.5 2.5
619 50 115 3.4
619 75 200 1.5
620 0 0 2.1
620 25 52.5 2.5
620 50 115 3.4
620 75 200 1.5
621 0 0 2.1
621 25 52.5 2.5
621 50 115 3.4
621 75 200 1.5
622 0 0 2.1
622 25 52.5 2.5
622 50 115 3.4
622 75 200 1.5
623 0 0 2.1
623 25 52.5 2.5
623 50 115 3.4
623 75 200 1.5
624 0 0 2.1
624 25 52.5 2.5
624 50 115 3.4
624 75 200 1.5
625 0 0 2.1
625 25 52.5 2.5
625 50 115 3.4
625 75 200 1.5
626 0 0 2.1
626 25 52.5 2.5
626 50 115 3.4
626 75 200 1.5
627 0 0 2.1
627 25 52.5 2.5
627 50 115 3.4
627 75 200 1.5
628 0 0 2.1
628 25 52.5 2.5
628 50 115 3.4
628 75 200 1.5
629 0 0 2.1
629 25 52.5 2.5
629 50 115 3.4
629 75 200 1.5
630 0 0 2.1
630 25 52.5 2.5
630 50 115 3.4
630 75 200 1.5
631 0 0 2.1
631 25 52.5 2.5
631 50 115 3.4
631 75 200 1.5
632 0 0 2.1
632 25 52.5 2.5
632 50 115 3.4
632 75 200 1.5
633 0 0 2.1
633 25 52.5 2.5
633 50 115 3.4
633 75 200 1.5
634 0 0 2.1
634 25 52.5 2.5
634 50 115 3.4
634 75 200 1.5
635 0 0 2.1
635 25 52.5 2.5
635 50 115 3.4
635 75 200 1.5
636 0 0 2.1
636 25 52.5 2.5
636 50 115 3.4
636 75 200 1.5
637 0 0 2.1
637 25 52.5 2.5
637 50 115 3.4
637 75 200 1.5
638 0 0 2.1
638 25 52.5 2.5
638 50 115 3.4
638 75 200 1.5
639 0 0 2.1
639 25 52.5 2.5
639 50 115 3.4
639 75 200 1.5
640 0 0 2.1
640 25 52.5 2.5
640 50 115 3.4
640 75 200 1.5
641 0 0 2.1
641 25 52.5 2.5
641 50 115 3.4
641 75 200 1.5
642 0 0 2.1
642 25 52.5 2.5
642 50 115 3.4
642 75 200 1.5
643 0 0 2.1
643 25 52.5 2.5
643 50 115 3.4
643 75 200 1.5
644 0 0 2.1
644 25 52.5 2.5
644 50 115 3.4
644 75 200 1.5
645 0 0 2.1
645 25 52.5 2.5
645 50 115 3.4
645 75 200 1.5
646 0 0 2.1
646 25 52.5 2.5
646 50 115 3.4
646 75 200 1.5
647 0 0 2.1
647 25 52.5 2.5
647 50 115 3.4
647 75 200 1.5
648 0 0 2.1
648 25 52.5 2.5
648 50 115 3.4
648 75 200 1.5
649 0 0 2.1
649 25 52.5 2.5
649 50 115 3.4
649 75 200 1.5
650 0 0 2.1
650 25 52.5 2.5
650 50 115 3.4
650 75 200 1.5
651 0 0 2.1
651 25 52.5 2.5
651 50 115 3.4
651 75 200 1.5
652 0 0 2.1
652 25 52.5 2.5
652 50 115 3.4
652 75 200 1.5
653 0 0 2.1
653 25 52.5 2.5
653 50 115 3.4
653 75 200 1.5
654 0 0 2.1
654 25 52.5 2.5
654 50 115 3.4
654 75 200 1.5
655 0 0 2.1
655 25 52.5 2.5
655 50 115 3.4
655 75 200 1.5
656 0 0 2.1
656 25 52.5 2.5
656 50 115 3.4
656 75 200 1.5
657 0 0 2.1
657 25 52.5 2.5
657 50 115 3.4
657 75 200 1.5
658 0 0 2.1
658 25 52.5 2.5
658 50 115 3.4
658 75 200 1.5
659 0 0 2.1
659 25 52.5 2.5
659 50 115 3.4
659 75 200 1.5
660 0 0 2.1
660 25 52.5 2.5
660 50 115 3.4
660 75 200 1.5
661 0 0 2.1
661 25 52.5 2.5
661 50 115 3.4
661 75 200 1.5
662 0 0 2.1
662 25 52.5 2.5
662 50 115 3.4
662 75 200 1.5
663 0 0 2.1
663 25 52.5 2.5
663 50 115 3.4
663 75 200 1.5
664 0 0 2.1
664 25 52.5 2.5
664 50 115 3.4
664 75 200 1.5
665 0 0 2.1
665 25 52.5 2.5
665 50 115 3.4
665 75 200 1.5
666 0 0 2.1
666 25 52.5 2.5
666 50 115 3.4
666 75 200 1.5
667 0 0 2.1
667 25 52.5 2.5
667 50 115 3.4
667 75 200 1.5
668 0 0 2.1
668 25 52.5 2.5
668 50 115 3.4
668 75 200 1.5
669 0 0 2.1
669 25 52.5 2.5
669 50 115 3.4
669 75 200 1.5
670 0 0 2.1
670 25 52.5 2.5
670 50 115 3.4
670 75 200 1.5
671 0 0 2.1
671 25 52.5 2.5
671 50 115 3.4
671 75 200 1.5
672 0 0 2.1
672 25 52.5 2.5
672 50 115 3.4
672 75 200 1.5
673 0 0 2.1
673 25 52.5 2.5
673 50 115 3.4
673 75 200 1.5
674 0 0 2.1
674 25 52.5 2.5
674 50 115 3.4
674 75 200 1.5
675 0 0 2.1
675 25 52.5 2.5
675 50 115 3.4
675 75 200 1.5
676 0 0 2.1
676 25 52.5 2.5
676 50 115 3.4
676 75 200 1.5
677 0 0 2.1
677 25 52.5 2.5
677 50 115 3.4
677 75 200 1.5
678 0 0 2.1
678 25 52.5 2.5
678 50 115 3.4
678 75 200 1.5
679 0 0 2.1
679 25 52.5 2.5
679 50 115 3.4
679 75 200 1.5
680 0 0 2.1
680 25 52.5 2.5
680 50 115 3.4
680 75 200 1.5
681 0 0 2.1
681 25 52.5 2.5
681 50 115 3.4
681 75 200 1.5
682 0 0 2.1
682 25 52.5 2.5
682 50 115 3.4
682 75 200 1.5
683 0 0 2.1
683 25 52.5 2.5
683 50 115 3.4
683 75 200 1.5
684 0 0 2.1
684 25 52.5 2.5
684 50 115 3.4
684 75 200 1.5
685 0 0 2.1
685 25 52.5 2.5
685 50 115 3.4
685 75 200 1.5
686 0 0 2.1
686 25 52.5 2.5
686 50 115 3.4
686 75 200 1.5
687 0 0 2.1
687 25 52.5 2.5
687 50 115 3.4
687 75 200 1.5
688 0 0 2.1
688 25 52.5 2.5
688 50 115 3.4
688 75 200 1.5
689 0 0 2.1
689 25 52.5 2.5
689 50 115 3.4
689 75 200 1.5
690 0 0 2.1
690 25 52.5 2.5
690 50 115 3.4
690 75 200 1.5
691 0 0 2.1
691 25 52.5 2.5
691 50 115 3.4
691 75 200 1.5
692 0 0 2.1
692 25 52.5 2.5
692 50 115 3.4
692 75 200 1.5
693 0 0 2.1
693 25 52.5 2.5
693 50 115 3.4
693 75 200 1.5
694 0 0 2.1
694 25 52.5 2.5
694 50 115 3.4
694 75 200 1.5
695 0 0 2.1
695 25 52.5 2.5
695 50 115 3.4
695 75 200 1.5
696 0 0 2.1
696 25 52.5 2.5
696 50 115 3.4
696 75 200 1.5
697 0 0 2.1
697 25 52.5 2.5
697 50 115 3.4
697 75 200 1.5
698 0 0 2.1
698 25 52.5 2.5
698 50 115 3.4
698 75 200 1.5
699 0 0 2.1
699 25 52.5 2.5
699 50 115 3.4
699 75 200 1.5
700 0 0 2.1
700 25 52.5 2.5
700 50 115 3.4
700 75 200 1.5
701 0 0 2.1
701 25 52.5 2.5
701 50 115 3.4
701 75 200 1.5
702 0 0 2.1
702 25 52.5 2.5
702 50 115 3.4
702 75 200 1.5
703 0 0 2.1
703 25 52.5 2.5
703 50 115 3.4
703 75 200 1.5
704 0 0 2.1
704 25 52.5 2.5
704 50 115 3.4
704 75 200 1.5
705 0 0 2.1
705 25 52.5 2.5
705 50 115 3.4
705 75 200 1.5
706 0 0 2.1
706 25 52.5 2.5
706 50 115 3.4
706 75 200 1.5
707 0 0 2.1
707 25 52.5 2.5
707 50 115 3.4
707 75 200 1.5
708 0 0 2.1
708 25 52.5 2.5
708 50 115 3.4
708 75 200 1.5
709 0 0 2.1
709 25 52.5 2.5
709 50 115 3.4
709 75 200 1.5
710 0 0 2.1
710 25 52.5 2.5
710 50 115 3.4
710 75 200 1.5
711 0 0 2.1
711 25 52.5 2.5
711 50 115 3.4
711 75 200 1.5
712 0 0 2.1
712 25 52.5 2.5
712 50 115 3.4
712 75 200 1.5
713 0 0 2.1
713 25 52.5 2.5
713 50 115 3.4
713 75 200 1.5
714 0 0 2.1
714 25 52.5 2.5
714 50 115 3.4
714 75 200 1.5
715 0 0 2.1
715 25 52.5 2.5
715 50 115 3.4
715 75 200 1.5
716 0 0 2.1
716 25 52.5 2.5
716 50 115 3.4
716 75 200 1.5
717 0 0 2.1
717 25 52.5 2.5
717 50 115 3.4
717 75 200 1.5
718 0 0 2.1
718 25 52.5 2.5
718 50 115 3.4
718 75 200 1.5
719 0 0 2.1
719 25 52.5 2.5
719 50 115 3.4
719 75 200 1.5
720 0 0 2.1
720 25 52.5 2.5
720 50 115 3.4
720 75 200 1.5
721 0 0 2.1
721 25 52.5 2.5
721 50 115 3.4
721 75 200 1.5
722 0 0 2.1
722 25 52.5 2.5
722 50 115 3.4
722 75 200 1.5
723 0 0 2.1
723 25 52.5 2.5
723 50 115 3.4
723 75 200 1.5
724 0 0 2.1
724 25 52.5 2.5
724 50 115 3.4
724 75 200 1.5
725 0 0 2.1
725 25 52.5 2.5
725 50 115 3.4
725 75 200 1.5
726 0 0 2.1
726 25 52.5 2.5
726 50 115 3.4
726 75 200 1.5
727 0 0 2.1
727 25 52.5 2.5
727 50 115 3.4
727 75 200 1.5
728 0 0 2.1
728 25 52.5 2.5
728 50 115 3.4
728 75 200 1.5
729 0 0 2.1
729 25 52.5 2.5
729 50 115 3.4
729 75 200 1.5
730 0 0 2.1
730 25 52.5 2.5
730 50 115 3.4
730 75 200 1.5
731 0 0 2.1
731 25 52.5 2.5
731 50 115 3.4
731 75 200 1.5
732 0 0 2.1
732 25 52.5 2.5
732 50 115 3.4
732 75 200 1.5
733 0 0 2.1
733 25 52.5 2.5
733 50 115 3.4
733 75 200 1.5
734 0 0 2.1
734 25 52.5 2.5
734 50 115 3.4
734 75 200 1.5
735 0 0 2.1
735 25 52.5 2.5
735 50 115 3.4
735 75 200 1.5
736 0 0 2.1
736 25 52.5 2.5
736 50 115 3.4
736 75 200 1.5
737 0 0 2.1
737 25 52.5 2.5
737 50 115 3.4
737 75 200 1.5
738 0 0 2.1
738 25 52.5 2.5
738 50 115 3.4
738 75 200 1.5
739 0 0 2.1
739 25 52.5 2.5
739 50 115 3.4
739 75 200 1.5
740 0 0 2.1
740 25 52.5 2.5
740 50 115 3.4
740 75 200 1.5
741 0 0 2.1
741 25 52.5 2.5
741 50 115 3.4
741 75 200 1.5
742 0 0 2.1
742 25 52.5 2.5
742 50 115 3.4
742 75 200 1.5
743 0 0 2.1
743 25 52.5 2.5
743 50 115 3.4
743 75 200 1.5
744 0 0 2.1
744 25 52.5 2.5
744 50 115 3.4
744 75 200 1.5
745 0 0 2.1
745 25 52.5 2.5
745 50 115 3.4
745 75 200 1.5
746 0 0 2.1
746 25 52.5 2.5
746 50 115 3.4
746 75 200 1.5
747 0 0 2.1
747 25 52.5 2.5
747 50 115 3.4
747 75 200 1.5
748 0 0 2.1
748 25 52.5 2.5
748 50 115 3.4
748 75 200 1.5
749 0 0 2.1
749 25 52.5 2.5
749 50 115 3.4
749 75 200 1.5
750 0 0 2.1
750 25 52.5 2.5
750 50 115 3.4
750 75 200 1.5
751 0 0 2.1
751 25 52.5 2.5
751 50 115 3.4
751 75 200 1.5
752 0 0 2.1
752 25 52.5 2.5
752 50 115 3.4
752 75 200 1.5
753 0 0 2.1
753 25 52.5 2.5
753 50 115 3.4
753 75 200 1.5
754 0 0 2.1
754 25 52.5 2.5
754 50 115 3.4
754 75 200 1.5
755 0 0 2.1
755 25 52.5 2.5
755 50 115 3.4
755 75 200 1.5
756 0 0 2.1
756 25 52.5 2.5
756 50 115 3.4
756 75 200 1.5
757 0 0 2.1
757 25 52.5 2.5
757 50 115 3.4
757 75 200 1.5
758 0 0 2.1
758 25 52.5 2.5
758 50 115 3.4
758 75 200 1.5
759 0 0 2.1
759 25 52.5 2.5
759 50 115 3.4
759 75 200 1.5
760 0 0 2.1
760 25 52.5 2.5
760 50 115 3.4
760 75 200 1.5
761 0 0 2.1
761 25 52.5 2.5
761 50 115 3.4
761 75 200 1.5
762 0 0 2.1
762 25 52.5 2.5
762 50 115 3.4
762 75 200 1.5
763 0 0 2.1
763 25 52.5 2.5
763 50 115 3.4
763 75 200 1.5
764 0 0 2.1
764 25 52.5 2.5
764 50 115 3.4
764 75 200 1.5
765 0 0 2.1
765 25 52.5 2.5
765 50 115 3.4
765 75 200 1.5
766 0 0 2.1
766 25 52.5 2.5
766 50 115 3.4
766 75 200 1.5
767 0 0 2.1
767 25 52.5 2.5
767 50 115 3.4
767 75 200 1.5
768 0 0 2.1
768 25 52.5 2.5
768 50 115 3.4
768 75 200 1.5
769 0 0 2.1
769 25 52.5 2.5
769 50 115 3.4
769 75 200 1.5
770 0 0 2.1
770 25 52.5 2.5
770 50 115 3.4
770 75 200 1.5
771 0 0 2.1
771 25 52.5 2.5
771 50 115 3.4
771 75 200 1.5
772 0 0 2.1
772 25 52.5 2.5
772 50 115 3.4
772 75 200 1.5
773 0 0 2.1
773 25 52.5 2.5
773 50 115 3.4
773 75 200 1.5
774 0 0 2.1
774 25 52.5 2.5
774 50 115 3.4
774 75 200 1.5
775 0 0 2.1
775 25 52.5 2.5
775 50 115 3.4
775 75 200 1.5
776 0 0 2.1
776 25 52.5 2.5
776 50 115 3.4
776 75 200 1.5
777 0 0 2.1
777 25 52.5 2.5
777 50 115 3.4
777 75 200 1.5
778 0 0 2.1
778 25 52.5 2.5
778 50 115 3.4
778 75 200 1.5
779 0 0 2.1
779 25 52.5 2.5
779 50 115 3.4
779 75 200 1.5
780 0 0 2.1
780 25 52.5 2.5
780 50 115 3.4
780 75 200 1.5
781 0 0 2.1
781 25 52.5 2.5
781 50 115 3.4
781 75 200 1.5
782 0 0 2.1
782 25 52.5 2.5
782 50 115 3.4
782 75 200 1.5
783 0 0 2.1
783 25 52.5 2.5
783 50 115 3.4
783 75 200 1.5
784 0 0 2.1
784 25 52.5 2.5
784 50 115 3.4
784 75 200 1.5
785 0 0 2.1
785 25 52.5 2.5
785 50 115 3.4
785 75 200 1.5
786 0 0 2.1
786 25 52.5 2.5
786 50 115 3.4
786 75 200 1.5
787 0 0 2.1
787 25 52.5 2.5
787 50 115 3.4
787 75 200 1.5
788 0 0 2.1
788 25 52.5 2.5
788 50 115 3.4
788 75 200 1.5
789 0 0 2.1
789 25 52.5 2.5
789 50 115 3.4
789 75 200 1.5
790 0 0 2.1
790 25 52.5 2.5
790 50 115 3.4
790 75 200 1.5
791 0 0 2.1
791 25 52.5 2.5
791 50 115 3.4
791 75 200 1.5
792 0 0 2.1
792 25 52.5 2.5
792 50 115 3.4
792 75 200 1.5
793 0 0 2.1
793 25 52.5 2.5
793 50 115 3.4
793 75 200 1.5
794 0 0 2.1
794 25 52.5 2.5
794 50 115 3.4
794 75 200 1.5
795 0 0 2.1
795 25 52.5 2.5
795 50 115 3.4
795 75 200 1.5
796 0 0 2.1
796 25 52.5 2.5
796 50 115 3.4
796 75 200 1.5
797 0 0 2.1
797 25 52.5 2.5
797 50 115 3.4
797 75 200 1.5
798 0 0 2.1
798 25 52.5 2.5
798 50 115 3.4
798 75 200 1.5
799 0 0 2.1
799 25 52.5 2.5
799 50 115 3.4
799 75 200 1.5
800 0 0 2.1
800 25 52.5 2.5
800 50 115 3.4
800 75 200 1.5
801 0 0 2.1
801 25 52.5 2.5
801 50 115 3.4
801 75 200 1.5
802 0 0 2.1
802 25 52.5 2.5
802 50 115 3.4
802 75 200 1.5
803 0 0 2.1
803 25 52.5 2.5
803 50 115 3.4
803 75 200 1.5
804 0 0 2.1
804 25 52.5 2.5
804 50 115 3.4
804 75 200 1.5
805 0 0 2.1
805 25 52.5 2.5
805 50 115 3.4
805 75 200 1.5
806 0 0 2.1
806 25 52.5 2.5
806 50 115 3.4
806 75 200 1.5
807 0 0 2.1
807 25 52.5 2.5
807 50 115 3.4
807 75 200 1.5
808 0 0 2.1
808 25 52.5 2.5
808 50 115 3.4
808 75 200 1.5
809 0 0 2.1
809 25 52.5 2.5
809 50 115 3.4
809 75 200 1.5
810 0 0 2.1
810 25 52.5 2.5
810 50 115 3.4
810 75 200 1.5
811 0 0 2.1
811 25 52.5 2.5
811 50 115 3.4
811 75 200 1.5
812 0 0 2.1
812 25 52.5 2.5
812 50 115 3.4
812 75 200 1.5
813 0 0 2.1
813 25 52.5 2.5
813 50 115 3.4
813 75 200 1.5
814 0 0 2.1
814 25 52.5 2.5
814 50 115 3.4
814 75 200 1.5
815 0 0 2.1
815 25 52.5 2.5
815 50 115 3.4
815 75 200 1.5
816 0 0 2.1
816 25 52.5 2.5
816 50 115 3.4
816 75 200 1.5
817 0 0 2.1
817 25 52.5 2.5
817 50 115 3.4
817 75 200 1.5
818 0 0 2.1
818 25 52.5 2.5
818 50 115 3.4
818 75 200 1.5
819 0 0 2.1
819 25 52.5 2.5
819 50 115 3.4
819 75 200 1.5
820 0 0 2.1
820 25 52.5 2.5
820 50 115 3.4
820 75 200 1.5
821 0 0 2.1
821 25 52.5 2.5
821 50 115 3.4
821 75 200 1.5
822 0 0 2.1
822 25 52.5 2.5
822 50 115 3.4
822 75 200 1.5
823 0 0 2.1
823 25 52.5 2.5
823 50 115 3.4
823 75 200 1.5
824 0 0 2.1
824 25 52.5 2.5
824 50 115 3.4
824 75 200 1.5
825 0 0 2.1
825 25 52.5 2.5
825 50 115 3.4
825 75 200 1.5
826 0 0 2.1
826 25 52.5 2.5
826 50 115 3.4
826 75 200 1.5
827 0 0 2.1
827 25 52.5 2.5
827 50 115 3.4
827 75 200 1.5
828 0 0 2.1
828 25 52.5 2.5
828 50 115 3.4
828 75 200 1.5
829 0 0 2.1
829 25 52.5 2.5
829 50 115 3.4
829 75 200 1.5
830 0 0 2.1
830 25 52.5 2.5
830 50 115 3.4
830 75 200 1.5
831 0 0 2.1
831 25 52.5 2.5
831 50 115 3.4
831 75 200 1.5
832 0 0 2.1
832 25 52.5 2.5
832 50 115 3.4
832 75 200 1.5
833 0 0 2.1
833 25 52.5 2.5
833 50 115 3.4
833 75 200 1.5
834 0 0 2.1
834 25 52.5 2.5
834 50 115 3.4
834 75 200 1.5
835 0 0 2.1
835 25 52.5 2.5
835 50 115 3.4
835 75 200 1.5
836 0 0 2.1
836 25 52.5 2.5
836 50 115 3.4
836 75 200 1.5
837 0 0 2.1
837 25 52.5 2.5
837 50 115 3.4
837 75 200 1.5
838 0 0 2.1
838 25 52.5 2.5
838 50 115 3.4
838 75 200 1.5
839 0 0 2.1
839 25 52.5 2.5
839 50 115 3.4
839 75 200 1.5
840 0 0 2.1
840 25 52.5 2.5
840 50 115 3.4
840 75 200 1.5
841 0 0 2.1
841 25 52.5 2.5
841 50 115 3.4
841 75 200 1.5
842 0 0 2.1
842 25 52.5 2.5
842 50 115 3.4
842 75 200 1.5
843 0 0 2.1
843 25 52.5 2.5
843 50 115 3.4
843 75 200 1.5
844 0 0 2.1
844 25 52.5 2.5
844 50 115 3.4
844 75 200 1.5
845 0 0 2.1
845 25 52.5 2.5
845 50 115 3.4
845 75 200 1.5
846 0 0 2.1
846 25 52.5 2.5
846 50 115 3.4
846 75 200 1.5
847 0 0 2.1
847 25 52.5 2.5
847 50 115 3.4
847 75 200 1.5
848 0 0 2.1
848 25 52.5 2.5
848 50 115 3.4
848 75 200 1.5
849 0 0 2.1
849 25 52.5 2.5
849 50 115 3.4
849 75 200 1.5
850 0 0 2.1
850 25 52.5 2.5
850 50 115 3.4
850 75 200 1.5
851 0 0 2.1
851 25 52.5 2.5
851 50 115 3.4
851 75 200 1.5
852 0 0 2.1
852 25 52.5 2.5
852 50 115 3.4
852 75 200 1.5
853 0 0 2.1
853 25 52.5 2.5
853 50 115 3.4
853 75 200 1.5
854 0 0 2.1
854 25 52.5 2.5
854 50 115 3.4
854 75 200 1.5
855 0 0 2.1
855 25 52.5 2.5
855 50 115 3.4
855 75 200 1.5
856 0 0 2.1
856 25 52.5 2.5
856 50 115 3.4
856 75 200 1.5
857 0 0 2.1
857 25 52.5 2.5
857 50 115 3.4
857 75 200 1.5
858 0 0 2.1
858 25 52.5 2.5
858 50 115 3.4
858 75 200 1.5
859 0 0 2.1
859 25 52.5 2.5
859 50 115 3.4
859 75 200 1.5
860 0 0 2.1
860 25 52.5 2.5
860 50 115 3.4
860 75 200 1.5
861 0 0 2.1
861 25 52.5 2.5
861 50 115 3.4
861 75 200 1.5
862 0 0 2.1
862 25 52.5 2.5
862 50 115 3.4
862 75 200 1.5
863 0 0 2.1
863 25 52.5 2.5
863 50 115 3.4
863 75 200 1.5
864 0 0 2.1
864 25 52.5 2.5
864 50 115 3.4
864 75 200 1.5
865 0 0 2.1
865 25 52.5 2.5
865 50 115 3.4
865 75 200 1.5
866 0 0 2.1
866 25 52.5 2.5
866 50 115 3.4
866 75 200 1.5
867 0 0 2.1
867 25 52.5 2.5
867 50 115 3.4
867 75 200 1.5
868 0 0 2.1
868 25 52.5 2.5
868 50 115 3.4
868 75 200 1.5
869 0 0 2.1
869 25 52.5 2.5
869 50 115 3.4
869 75 200 1.5
870 0 0 2.1
870 25 52.5 2.5
870 50 115 3.4
870 75 200 1.5
871 0 0 2.1
871 25 52.5 2.5
871 50 115 3.4
871 75 200 1.5
872 0 0 2.1
872 25 52.5 2.5
872 50 115 3.4
872 75 200 1.5
873 0 0 2.1
873 25 52.5 2.5
873 50 115 3.4
873 75 200 1.5
874 0 0 2.1
874 25 52.5 2.5
874 50 115 3.4
874 75 200 1.5
875 0 0 2.1
875 25 52.5 2.5
875 50 115 3.4
875 75 200 1.5
876 0 0 2.1
876 25 52.5 2.5
876 50 115 3.4
876 75 200 1.5
877 0 0 2.1
877 25 52.5 2.5
877 50 115 3.4
877 75 200 1.5
878 0 0 2.1
878 25 52.5 2.5
878 50 115 3.4
878 75 200 1.5
879 0 0 2.1
879 25 52.5 2.5
879 50 115 3.4
879 75 200 1.5
880 0 0 2.1
880 25 52.5 2.5
880 50 115 3.4
880 75 200 1.5
881 0 0 2.1
881 25 52.5 2.5
881 50 115 3.4
881 75 200 1.5
882 0 0 2.1
882 25 52.5 2.5
882 50 115 3.4
882 75 200 1.5
883 0 0 2.1
883 25 52.5 2.5
883 50 115 3.4
883 75 200 1.5
884 0 0 2.1
884 25 52.5 2.5
884 50 115 3.4
884 75 200 1.5
885 0 0 2.1
885 25 52.5 2.5
885 50 115 3.4
885 75 200 1.5
886 0 0 2.1
886 25 52.5 2.5
886 50 115 3.4
886 75 200 1.5
887 0 0 2.1
887 25 52.5 2.5
887 50 115 3.4
887 75 200 1.5
888 0 0 2.1
888 25 52.5 2.5
888 50 115 3.4
888 75 200 1.5
889 0 0 2.1
889 25 52.5 2.5
889 50 115 3.4
889 75 200 1.5
890 0 0 2.1
890 25 52.5 2.5
890 50 115 3.4
890 75 200 1.5
891 0 0 2.1
891 25 52.5 2.5
891 50 115 3.4
891 75 200 1.5
892 0 0 2.1
892 25 52.5 2.5
892 50 115 3.4
892 75 200 1.5
893 0 0 2.1
893 25 52.5 2.5
893 50 115 3.4
893 75 200 1.5
894 0 0 2.1
894 25 52.5 2.5
894 50 115 3.4
894 75 200 1.5
895 0 0 2.1
895 25 52.5 2.5
895 50 115 3.4
895 75 200 1.5
896 0 0 2.1
896 25 52.5 2.5
896 50 115 3.4
896 75 200 1.5
897 0 0 2.1
897 25 52.5 2.5
897 50 115 3.4
897 75 200 1.5
898 0 0 2.1
898 25 52.5 2.5
898 50 115 3.4
898 75 200 1.5
899 0 0 2.1
899 25 52.5 2.5
899 50 115 3.4
899 75 200 1.5
900 0 0 2.1
900 25 52.5 2.5
900 50 115 3.4
900 75 200 1.5
901 0 0 2.1
901 25 52.5 2.5
901 50 115 3.4
901 75 200 1.5
902 0 0 2.1
902 25 52.5 2.5
902 50 115 3.4
902 75 200 1.5
903 0 0 2.1
903 25 52.5 2.5
903 50 115 3.4
903 75 200 1.5
904 0 0 2.1
904 25 52.5 2.5
904 50 115 3.4
904 75 200 1.5
905 0 0 2.1
905 25 52.5 2.5
905 50 115 3.4
905 75 200 1.5
906 0 0 2.1
906 25 52.5 2.5
906 50 115 3.4
906 75 200 1.5
907 0 0 2.1
907 25 52.5 2.5
907 50 115 3.4
907 75 200 1.5
908 0 0 2.1
908 25 52.5 2.5
908 50 115 3.4
908 75 200 1.5
909 0 0 2.1
909 25 52.5 2.5
909 50 115 3.4
909 75 200 1.5
910 0 0 2.1
910 25 52.5 2.5
910 50 115 3.4
910 75 200 1.5
911 0 0 2.1
911 25 52.5 2.5
911 50 115 3.4
911 75 200 1.5
912 0 0 2.1
912 25 52.5 2.5
912 50 115 3.4
912 75 200 1.5
913 0 0 2.1
913 25 52.5 2.5
913 50 115 3.4
913 75 200 1.5
914 0 0 2.1
914 25 52.5 2.5
914 50 115 3.4
914 75 200 1.5
915 0 0 2.1
915 25 52.5 2.5
915 50 115 3.4
915 75 200 1.5
916 0 0 2.1
916 25 52.5 2.5
916 50 115 3.4
916 75 200 1.5
917 0 0 2.1
917 25 52.5 2.5
917 50 115 3.4
917 75 200 1.5
918 0 0 2.1
918 25 52.5 2.5
918 50 115 3.4
918 75 200 1.5
919 0 0 2.1
919 25 52.5 2.5
919 50 115 3.4
919 75 200 1.5
920 0 0 2.1
920 25 52.5 2.5
920 50 115 3.4
920 75 200 1.5
921 0 0 2.1
921 25 52.5 2.5
921 50 115 3.4
921 75 200 1.5
922 0 0 2.1
922 25 52.5 2.5
922 50 115 3.4
922 75 200 1.5
923 0 0 2.1
923 25 52.5 2.5
923 50 115 3.4
923 75 200 1.5
924 0 0 2.1
924 25 52.5 2.5
924 50 115 3.4
924 75 200 1.5
925 0 0 2.1
925 25 52.5 2.5
925 50 115 3.4
925 75 200 1.5
926 0 0 2.1
926 25 52.5 2.5
926 50 115 3.4
926 75 200 1.5
927 0 0 2.1
927 25 52.5 2.5
927 50 115 3.4
927 75 200 1.5
928 0 0 2.1
928 25 52.5 2.5
928 50 115 3.4
928 75 200 1.5
929 0 0 2.1
929 25 52.5 2.5
929 50 115 3.4
929 75 200 1.5
930 0 0 2.1
930 25 52.5 2.5
930 50 115 3.4
930 75 200 1.5
931 0 0 2.1
931 25 52.5 2.5
931 50 115 3.4
931 75 200 1.5
932 0 0 2.1
932 25 52.5 2.5
932 50 115 3.4
932 75 200 1.5
933 0 0 2.1
933 25 52.5 2.5
933 50 115 3.4
933 75 200 1.5
934 0 0 2.1
934 25 52.5 2.5
934 50 115 3.4
934 75 200 1.5
935 0 0 2.1
935 25 52.5 2.5
935 50 115 3.4
935 75 200 1.5
936 0 0 2.1
936 25 52.5 2.5
936 50 115 3.4
936 75 200 1.5
937 0 0 2.1
937 25 52.5 2.5
937 50 115 3.4
937 75 200 1.5
938 0 0 2.1
938 25 52.5 2.5
938 50 115 3.4
938 75 200 1.5
939 0 0 2.1
939 25 52.5 2.5
939 50 115 3.4
939 75 200 1.5
940 0 0 2.1
940 25 52.5 2.5
940 50 115 3.4
940 75 200 1.5
941 0 0 2.1
941 25 52.5 2.5
941 50 115 3.4
941 75 200 1.5
942 0 0 2.1
942 25 52.5 2.5
942 50 115 3.4
942 75 200 1.5
943 0 0 2.1
943 25 52.5 2.5
943 50 115 3.4
943 75 200 1.5
944 0 0 2.1
944 25 52.5 2.5
944 50 115 3.4
944 75 200 1.5
945 0 0 2.1
945 25 52.5 2.5
945 50 115 3.4
945 75 200 1.5
946 0 0 2.1
946 25 52.5 2.5
946 50 115 3.4
946 75 200 1.5
947 0 0 2.1
947 25 52.5 2.5
947 50 115 3.4
947 75 200 1.5
948 0 0 2.1
948 25 52.5 2.5
948 50 115 3.4
948 75 200 1.5
949 0 0 2.1
949 25 52.5 2.5
949 50 115 3.4
949 75 200 1.5
950 0 0 2.1
950 25 52.5 2.5
950 50 115 3.4
950 75 200 1.5
951 0 0 2.1
951 25 52.5 2.5
951 50 115 3.4
951 75 200 1.5
952 0 0 2.1
952 25 52.5 2.5
952 50 115 3.4
952 75 200 1.5
953 0 0 2.1
953 25 52.5 2.5
953 50 115 3.4
953 75 200 1.5
954 0 0 2.1
954 25 52.5 2.5
954 50 115 3.4
954 75 200 1.5
955 0 0 2.1
955 25 52.5 2.5
955 50 115 3.4
955 75 200 1.5
956 0 0 2.1
956 25 52.5 2.5
956 50 115 3.4
956 75 200 1.5
957 0 0 2.1
957 25 52.5 2.5
957 50 115 3.4
957 75 200 1.5
958 0 0 2.1
958 25 52.5 2.5
958 50 115 3.4
958 75 200 1.5
959 0 0 2.1
959 25 52.5 2.5
959 50 115 3.4
959 75 200 1.5
960 0 0 2.1
960 25 52.5 2.5
960 50 115 3.4
960 75 200 1.5
961 0 0 2.1
961 25 52.5 2.5
961 50 115 3.4
961 75 200 1.5
962 0 0 2.1
962 25 52.5 2.5
962 50 115 3.4
962 75 200 1.5
963 0 0 2.1
963 25 52.5 2.5
963 50 115 3.4
963 75 200 1.5
964 0 0 2.1
964 25 52.5 2.5
964 50 115 3.4
964 75 200 1.5
965 0 0 2.1
965 25 52.5 2.5
965 50 115 3.4
965 75 200 1.5
966 0 0 2.1
966 25 52.5 2.5
966 50 115 3.4
966 75 200 1.5
967 0 0 2.1
967 25 52.5 2.5
967 50 115 3.4
967 75 200 1.5
968 0 0 2.1
968 25 52.5 2.5
968 50 115 3.4
968 75 200 1.5
969 0 0 2.1
969 25 52.5 2.5
969 50 115 3.4
969 75 200 1.5
970 0 0 2.1
970 25 52.5 2.5
970 50 115 3.4
970 75 200 1.5
971 0 0 2.1
971 25 52.5 2.5
971 50 115 3.4
971 75 200 1.5
972 0 0 2.1
972 25 52.5 2.5
972 50 115 3.4
972 75 200 1.5
973 0 0 2.1
973 25 52.5 2.5
973 50 115 3.4
973 75 200 1.5
974 0 0 2.1
974 25 52.5 2.5
974 50 115 3.4
974 75 200 1.5
975 0 0 2.1
975 25 52.5 2.5
975 50 115 3.4
975 75 200 1.5
976 0 0 2.1
976 25 52.5 2.5
976 50 115 3.4
976 75 200 1.5
977 0 0 2.1
977 25 52.5 2.5
977 50 115 3.4
977 75 200 1.5
978 0 0 2.1
978 25 52.5 2.5
978 50 115 3.4
978 75 200 1.5
979 0 0 2.1
979 25 52.5 2.5
979 50 115 3.4
979 75 200 1.5
980 0 0 2.1
980 25 52.5 2.5
980 50 115 3.4
980 75 200 1.5
981 0 0 2.1
981 25 52.5 2.5
981 50 115 3.4
981 75 200 1.5
982 0 0 2.1
982 25 52.5 2.5
982 50 115 3.4
982 75 200 1.5
983 0 0 2.1
983 25 52.5 2.5
983 50 115 3.4
983 75 200 1.5
984 0 0 2.1
984 25 52.5 2.5
984 50 115 3.4
984 75 200 1.5
985 0 0 2.1
985 25 52.5 2.5
985 50 115 3.4
985 75 200 1.5
986 0 0 2.1
986 25 52.5 2.5
986 50 115 3.4
986 75 200 1.5
987 0 0 2.1
987 25 52.5 2.5
987 50 115 3.4
987 75 200 1.5
988 0 0 2.1
988 25 52.5 2.5
988 50 115 3.4
988 75 200 1.5
989 0 0 2.1
989 25 52.5 2.5
989 50 115 3.4
989 75 200 1.5
990 0 0 2.1
990 25 52.5 2.5
990 50 115 3.4
990 75 200 1.5
991 0 0 2.1
991 25 52.5 2.5
991 50 115 3.4
991 75 200 1.5
992 0 0 2.1
992 25 52.5 2.5
992 50 115 3.4
992 75 200 1.5
993 0 0 2.1
993 25 52.5 2.5
993 50 115 3.4
993 75 200 1.5
994 0 0 2.1
994 25 52.5 2.5
994 50 115 3.4
994 75 200 1.5
995 0 0 2.1
995 25 52.5 2.5
995 50 115 3.4
995 75 200 1.5
996 0 0 2.1
996 25 52.5 2.5
996 50 115 3.4
996 75 200 1.5
997 0 0 2.1
997 25 52.5 2.5
997 50 115 3.4
997 75 200 1.5
998 0 0 2.1
998 25 52.5 2.5
998 50 115 3.4
998 75 200 1.5
999 0 0 2.1
999 25 52.5 2.5
999 50 115 3.4
999 75 200 1.5
