20 4
0 0 0 4.8
0 25 120 3
0 50 195 4.6
0 75 310 3.5
1 0 0 4.8
1 25 120 3
1 50 195 4.6
1 75 310 3.5
2 0 0 4.8
2 25 120 3
2 50 195 4.6
2 75 310 3.5
3 0 0 4.8
3 25 120 3
3 50 195 4.6
3 75 310 3.5
4 0 0 4.8
4 25 120 3
4 50 195 4.6
4 75 310 3.5
5 0 0 4.8
5 25 120 3
5 50 195 4.6
5 75 310 3.5
6 0 0 4.8
6 25 120 3
6 50 195 4.6
6 75 310 3.5
7 0 0 4.8
7 25 120 3
7 50 195 4.6
7 75 310 3.5
8 0 0 4.8
8 25 120 3
8 50 195 4.6
8 75 310 3.5
9 0 0 4.8
9 25 120 3
9 50 195 4.6
9 75 310 3.5
10 0 0 4.8
10 25 120 3
10 50 195 4.6
10 75 310 3.5
11 0 0 4.8
11 25 120 3
11 50 195 4.6
11 75 310 3.5
12 0 0 4.8
12 25 120 3
12 50 195 4.6
12 75 310 3.5
13 0 0 4.8
13 25 120 3
13 50 195 4.6
13 75 310 3.5
14 0 0 4.8
14 25 120 3
14 50 195 4.6
14 75 310 3.5
15 0 0 4.8
15 25 120 3
15 50 195 4.6
15 75 310 3.5
16 0 0 4.8
16 25 120 3
16 50 195 4.6
16 75 310 3.5
17 0 0 4.8
17 25 120 3
17 50 195 4.6
17 75 310 3.5
18 0 0 4.8
18 25 120 3
18 50 195 4.6
18 75 310 3.5
19 0 0 4.8
19 25 120 3
19 50 195 4.6
19 75 310 3.5
