20 4
0 0 0 1.7
0 25 42.5 2.8
0 50 112.5 2.7
0 75 180 0.8
1 0 0 1.7
1 25 42.5 2.8
1 50 112.5 2.7
1 75 180 0.8
2 0 0 1.7
2 25 42.5 2.8
2 50 112.5 2.7
2 75 180 0.8
3 0 0 1.7
3 25 42.5 2.8
3 50 112.5 2.7
3 75 180 0.8
4 0 0 1.7
4 25 42.5 2.8
4 50 112.5 2.7
4 75 180 0.8
5 0 0 1.7
5 25 42.5 2.8
5 50 112.5 2.7
5 75 180 0.8
6 0 0 1.7
6 25 42.5 2.8
6 50 112.5 2.7
6 75 180 0.8
7 0 0 1.7
7 25 42.5 2.8
7 50 112.5 2.7
7 75 180 0.8
8 0 0 1.7
8 25 42.5 2.8
8 50 112.5 2.7
8 75 180 0.8
9 0 0 1.7
9 25 42.5 2.8
9 50 112.5 2.7
9 75 180 0.8
10 0 0 1.7
10 25 42.5 2.8
10 50 112.5 2.7
10 75 180 0.8
11 0 0 1.7
11 25 42.5 2.8
11 50 112.5 2.7
11 75 180 0.8
12 0 0 1.7
12 25 42.5 2.8
12 50 112.5 2.7
12 75 180 0.8
13 0 0 1.7
13 25 42.5 2.8
13 50 112.5 2.7
13 75 180 0.8
14 0 0 1.7
14 25 42.5 2.8
14 50 112.5 2.7
14 75 180 0.8
15 0 0 1.7
15 25 42.5 2.8
15 50 112.5 2.7
15 75 180 0.8
16 0 0 1.7
16 25 42.5 2.8
16 50 112.5 2.7
16 75 180 0.8
17 0 0 1.7
17 25 42.5 2.8
17 50 112.5 2.7
17 75 180 0.8
18 0 0 1.7
18 25 42.5 2.8
18 50 112.5 2.7
18 75 180 0.8
19 0 0 1.7
19 25 42.5 2.8
19 50 112.5 2.7
19 75 180 0.8
