20 10
0 0 0 4.7
0 200 940 3.6
0 400 1660 0.6
0 600 1780 0.7
0 800 1920 4.5
0 1000 2820 4
0 1200 3620 2
0 1400 4020 2
0 1600 4420 2.1
0 1800 4840 3
1 0 0 4.7
1 200 940 3.6
1 400 1660 0.6
1 600 1780 0.7
1 800 1920 4.5
1 1000 2820 4
1 1200 3620 2
1 1400 4020 2
1 1600 4420 2.1
1 1800 4840 3
2 0 0 4.7
2 200 940 3.6
2 400 1660 0.6
2 600 1780 0.7
2 800 1920 4.5
2 1000 2820 4
2 1200 3620 2
2 1400 4020 2
2 1600 4420 2.1
2 1800 4840 3
3 0 0 4.7
3 200 940 3.6
3 400 1660 0.6
3 600 1780 0.7
3 800 1920 4.5
3 1000 2820 4
3 1200 3620 2
3 1400 4020 2
3 1600 4420 2.1
3 1800 4840 3
4 0 0 4.7
4 200 940 3.6
4 400 1660 0.6
4 600 1780 0.7
4 800 1920 4.5
4 1000 2820 4
4 1200 3620 2
4 1400 4020 2
4 1600 4420 2.1
4 1800 4840 3
5 0 0 4.7
5 200 940 3.6
5 400 1660 0.6
5 600 1780 0.7
5 800 1920 4.5
5 1000 2820 4
5 1200 3620 2
5 1400 4020 2
5 1600 4420 2.1
5 1800 4840 3
6 0 0 4.7
6 200 940 3.6
6 400 1660 0.6
6 600 1780 0.7
6 800 1920 4.5
6 1000 2820 4
6 1200 3620 2
6 1400 4020 2
6 1600 4420 2.1
6 1800 4840 3
7 0 0 4.7
7 200 940 3.6
7 400 1660 0.6
7 600 1780 0.7
7 800 1920 4.5
7 1000 2820 4
7 1200 3620 2
7 1400 4020 2
7 1600 4420 2.1
7 1800 4840 3
8 0 0 4.7
8 200 940 3.6
8 400 1660 0.6
8 600 1780 0.7
8 800 1920 4.5
8 1000 2820 4
8 1200 3620 2
8 1400 4020 2
8 1600 4420 2.1
8 1800 4840 3
9 0 0 4.7
9 200 940 3.6
9 400 1660 0.6
9 600 1780 0.7
9 800 1920 4.5
9 1000 2820 4
9 1200 3620 2
9 1400 4020 2
9 1600 4420 2.1
9 1800 4840 3
10 0 0 4.7
10 200 940 3.6
10 400 1660 0.6
10 600 1780 0.7
10 800 1920 4.5
10 1000 2820 4
10 1200 3620 2
10 1400 4020 2
10 1600 4420 2.1
10 1800 4840 3
11 0 0 4.7
11 200 940 3.6
11 400 1660 0.6
11 600 1780 0.7
11 800 1920 4.5
11 1000 2820 4
11 1200 3620 2
11 1400 4020 2
11 1600 4420 2.1
11 1800 4840 3
12 0 0 4.7
12 200 940 3.6
12 400 1660 0.6
12 600 1780 0.7
12 800 1920 4.5
12 1000 2820 4
12 1200 3620 2
12 1400 4020 2
12 1600 4420 2.1
12 1800 4840 3
13 0 0 4.7
13 200 940 3.6
13 400 1660 0.6
13 600 1780 0.7
13 800 1920 4.5
13 1000 2820 4
13 1200 3620 2
13 1400 4020 2
13 1600 4420 2.1
13 1800 4840 3
14 0 0 4.7
14 200 940 3.6
14 400 1660 0.6
14 600 1780 0.7
14 800 1920 4.5
14 1000 2820 4
14 1200 3620 2
14 1400 4020 2
14 1600 4420 2.1
14 1800 4840 3
15 0 0 4.7
15 200 940 3.6
15 400 1660 0.6
15 600 1780 0.7
15 800 1920 4.5
15 1000 2820 4
15 1200 3620 2
15 1400 4020 2
15 1600 4420 2.1
15 1800 4840 3
16 0 0 4.7
16 200 940 3.6
16 400 1660 0.6
16 600 1780 0.7
16 800 1920 4.5
16 1000 2820 4
16 1200 3620 2
16 1400 4020 2
16 1600 4420 2.1
16 1800 4840 3
17 0 0 4.7
17 200 940 3.6
17 400 1660 0.6
17 600 1780 0.7
17 800 1920 4.5
17 1000 2820 4
17 1200 3620 2
17 1400 4020 2
17 1600 4420 2.1
17 1800 4840 3
18 0 0 4.7
18 200 940 3.6
18 400 1660 0.6
18 600 1780 0.7
18 800 1920 4.5
18 1000 2820 4
18 1200 3620 2
18 1400 4020 2
18 1600 4420 2.1
18 1800 4840 3
19 0 0 4.7
19 200 940 3.6
19 400 1660 0.6
19 600 1780 0.7
19 800 1920 4.5
19 1000 2820 4
19 1200 3620 2
19 1400 4020 2
19 1600 4420 2.1
19 1800 4840 3
