500 4
0 0 0 0.8
0 500 400 1.6
0 1000 1200 4
0 1500 3200 4.5
1 0 0 0.8
1 500 400 1.6
1 1000 1200 4
1 1500 3200 4.5
2 0 0 0.8
2 500 400 1.6
2 1000 1200 4
2 1500 3200 4.5
3 0 0 0.8
3 500 400 1.6
3 1000 1200 4
3 1500 3200 4.5
4 0 0 0.8
4 500 400 1.6
4 1000 1200 4
4 1500 3200 4.5
5 0 0 0.8
5 500 400 1.6
5 1000 1200 4
5 1500 3200 4.5
6 0 0 0.8
6 500 400 1.6
6 1000 1200 4
6 1500 3200 4.5
7 0 0 0.8
7 500 400 1.6
7 1000 1200 4
7 1500 3200 4.5
8 0 0 0.8
8 500 400 1.6
8 1000 1200 4
8 1500 3200 4.5
9 0 0 0.8
9 500 400 1.6
9 1000 1200 4
9 1500 3200 4.5
10 0 0 0.8
10 500 400 1.6
10 1000 1200 4
10 1500 3200 4.5
11 0 0 0.8
11 500 400 1.6
11 1000 1200 4
11 1500 3200 4.5
12 0 0 0.8
12 500 400 1.6
12 1000 1200 4
12 1500 3200 4.5
13 0 0 0.8
13 500 400 1.6
13 1000 1200 4
13 1500 3200 4.5
14 0 0 0.8
14 500 400 1.6
14 1000 1200 4
14 1500 3200 4.5
15 0 0 0.8
15 500 400 1.6
15 1000 1200 4
15 1500 3200 4.5
16 0 0 0.8
16 500 400 1.6
16 1000 1200 4
16 1500 3200 4.5
17 0 0 0.8
17 500 400 1.6
17 1000 1200 4
17 1500 3200 4.5
18 0 0 0.8
18 500 400 1.6
18 1000 1200 4
18 1500 3200 4.5
19 0 0 0.8
19 500 400 1.6
19 1000 1200 4
19 1500 3200 4.5
20 0 0 0.8
20 500 400 1.6
20 1000 1200 4
20 1500 3200 4.5
21 0 0 0.8
21 500 400 1.6
21 1000 1200 4
21 1500 3200 4.5
22 0 0 0.8
22 500 400 1.6
22 1000 1200 4
22 1500 3200 4.5
23 0 0 0.8
23 500 400 1.6
23 1000 1200 4
23 1500 3200 4.5
24 0 0 0.8
24 500 400 1.6
24 1000 1200 4
24 1500 3200 4.5
25 0 0 0.8
25 500 400 1.6
25 1000 1200 4
25 1500 3200 4.5
26 0 0 0.8
26 500 400 1.6
26 1000 1200 4
26 1500 3200 4.5
27 0 0 0.8
27 500 400 1.6
27 1000 1200 4
27 1500 3200 4.5
28 0 0 0.8
28 500 400 1.6
28 1000 1200 4
28 1500 3200 4.5
29 0 0 0.8
29 500 400 1.6
29 1000 1200 4
29 1500 3200 4.5
30 0 0 0.8
30 500 400 1.6
30 1000 1200 4
30 1500 3200 4.5
31 0 0 0.8
31 500 400 1.6
31 1000 1200 4
31 1500 3200 4.5
32 0 0 0.8
32 500 400 1.6
32 1000 1200 4
32 1500 3200 4.5
33 0 0 0.8
33 500 400 1.6
33 1000 1200 4
33 1500 3200 4.5
34 0 0 0.8
34 500 400 1.6
34 1000 1200 4
34 1500 3200 4.5
35 0 0 0.8
35 500 400 1.6
35 1000 1200 4
35 1500 3200 4.5
36 0 0 0.8
36 500 400 1.6
36 1000 1200 4
36 1500 3200 4.5
37 0 0 0.8
37 500 400 1.6
37 1000 1200 4
37 1500 3200 4.5
38 0 0 0.8
38 500 400 1.6
38 1000 1200 4
38 1500 3200 4.5
39 0 0 0.8
39 500 400 1.6
39 1000 1200 4
39 1500 3200 4.5
40 0 0 0.8
40 500 400 1.6
40 1000 1200 4
40 1500 3200 4.5
41 0 0 0.8
41 500 400 1.6
41 1000 1200 4
41 1500 3200 4.5
42 0 0 0.8
42 500 400 1.6
42 1000 1200 4
42 1500 3200 4.5
43 0 0 0.8
43 500 400 1.6
43 1000 1200 4
43 1500 3200 4.5
44 0 0 0.8
44 500 400 1.6
44 1000 1200 4
44 1500 3200 4.5
45 0 0 0.8
45 500 400 1.6
45 1000 1200 4
45 1500 3200 4.5
46 0 0 0.8
46 500 400 1.6
46 1000 1200 4
46 1500 3200 4.5
47 0 0 0.8
47 500 400 1.6
47 1000 1200 4
47 1500 3200 4.5
48 0 0 0.8
48 500 400 1.6
48 1000 1200 4
48 1500 3200 4.5
49 0 0 0.8
49 500 400 1.6
49 1000 1200 4
49 1500 3200 4.5
50 0 0 0.8
50 500 400 1.6
50 1000 1200 4
50 1500 3200 4.5
51 0 0 0.8
51 500 400 1.6
51 1000 1200 4
51 1500 3200 4.5
52 0 0 0.8
52 500 400 1.6
52 1000 1200 4
52 1500 3200 4.5
53 0 0 0.8
53 500 400 1.6
53 1000 1200 4
53 1500 3200 4.5
54 0 0 0.8
54 500 400 1.6
54 1000 1200 4
54 1500 3200 4.5
55 0 0 0.8
55 500 400 1.6
55 1000 1200 4
55 1500 3200 4.5
56 0 0 0.8
56 500 400 1.6
56 1000 1200 4
56 1500 3200 4.5
57 0 0 0.8
57 500 400 1.6
57 1000 1200 4
57 1500 3200 4.5
58 0 0 0.8
58 500 400 1.6
58 1000 1200 4
58 1500 3200 4.5
59 0 0 0.8
59 500 400 1.6
59 1000 1200 4
59 1500 3200 4.5
60 0 0 0.8
60 500 400 1.6
60 1000 1200 4
60 1500 3200 4.5
61 0 0 0.8
61 500 400 1.6
61 1000 1200 4
61 1500 3200 4.5
62 0 0 0.8
62 500 400 1.6
62 1000 1200 4
62 1500 3200 4.5
63 0 0 0.8
63 500 400 1.6
63 1000 1200 4
63 1500 3200 4.5
64 0 0 0.8
64 500 400 1.6
64 1000 1200 4
64 1500 3200 4.5
65 0 0 0.8
65 500 400 1.6
65 1000 1200 4
65 1500 3200 4.5
66 0 0 0.8
66 500 400 1.6
66 1000 1200 4
66 1500 3200 4.5
67 0 0 0.8
67 500 400 1.6
67 1000 1200 4
67 1500 3200 4.5
68 0 0 0.8
68 500 400 1.6
68 1000 1200 4
68 1500 3200 4.5
69 0 0 0.8
69 500 400 1.6
69 1000 1200 4
69 1500 3200 4.5
70 0 0 0.8
70 500 400 1.6
70 1000 1200 4
70 1500 3200 4.5
71 0 0 0.8
71 500 400 1.6
71 1000 1200 4
71 1500 3200 4.5
72 0 0 0.8
72 500 400 1.6
72 1000 1200 4
72 1500 3200 4.5
73 0 0 0.8
73 500 400 1.6
73 1000 1200 4
73 1500 3200 4.5
74 0 0 0.8
74 500 400 1.6
74 1000 1200 4
74 1500 3200 4.5
75 0 0 0.8
75 500 400 1.6
75 1000 1200 4
75 1500 3200 4.5
76 0 0 0.8
76 500 400 1.6
76 1000 1200 4
76 1500 3200 4.5
77 0 0 0.8
77 500 400 1.6
77 1000 1200 4
77 1500 3200 4.5
78 0 0 0.8
78 500 400 1.6
78 1000 1200 4
78 1500 3200 4.5
79 0 0 0.8
79 500 400 1.6
79 1000 1200 4
79 1500 3200 4.5
80 0 0 0.8
80 500 400 1.6
80 1000 1200 4
80 1500 3200 4.5
81 0 0 0.8
81 500 400 1.6
81 1000 1200 4
81 1500 3200 4.5
82 0 0 0.8
82 500 400 1.6
82 1000 1200 4
82 1500 3200 4.5
83 0 0 0.8
83 500 400 1.6
83 1000 1200 4
83 1500 3200 4.5
84 0 0 0.8
84 500 400 1.6
84 1000 1200 4
84 1500 3200 4.5
85 0 0 0.8
85 500 400 1.6
85 1000 1200 4
85 1500 3200 4.5
86 0 0 0.8
86 500 400 1.6
86 1000 1200 4
86 1500 3200 4.5
87 0 0 0.8
87 500 400 1.6
87 1000 1200 4
87 1500 3200 4.5
88 0 0 0.8
88 500 400 1.6
88 1000 1200 4
88 1500 3200 4.5
89 0 0 0.8
89 500 400 1.6
89 1000 1200 4
89 1500 3200 4.5
90 0 0 0.8
90 500 400 1.6
90 1000 1200 4
90 1500 3200 4.5
91 0 0 0.8
91 500 400 1.6
91 1000 1200 4
91 1500 3200 4.5
92 0 0 0.8
92 500 400 1.6
92 1000 1200 4
92 1500 3200 4.5
93 0 0 0.8
93 500 400 1.6
93 1000 1200 4
93 1500 3200 4.5
94 0 0 0.8
94 500 400 1.6
94 1000 1200 4
94 1500 3200 4.5
95 0 0 0.8
95 500 400 1.6
95 1000 1200 4
95 1500 3200 4.5
96 0 0 0.8
96 500 400 1.6
96 1000 1200 4
96 1500 3200 4.5
97 0 0 0.8
97 500 400 1.6
97 1000 1200 4
97 1500 3200 4.5
98 0 0 0.8
98 500 400 1.6
98 1000 1200 4
98 1500 3200 4.5
99 0 0 0.8
99 500 400 1.6
99 1000 1200 4
99 1500 3200 4.5
100 0 0 0.8
100 500 400 1.6
100 1000 1200 4
100 1500 3200 4.5
101 0 0 0.8
101 500 400 1.6
101 1000 1200 4
101 1500 3200 4.5
102 0 0 0.8
102 500 400 1.6
102 1000 1200 4
102 1500 3200 4.5
103 0 0 0.8
103 500 400 1.6
103 1000 1200 4
103 1500 3200 4.5
104 0 0 0.8
104 500 400 1.6
104 1000 1200 4
104 1500 3200 4.5
105 0 0 0.8
105 500 400 1.6
105 1000 1200 4
105 1500 3200 4.5
106 0 0 0.8
106 500 400 1.6
106 1000 1200 4
106 1500 3200 4.5
107 0 0 0.8
107 500 400 1.6
107 1000 1200 4
107 1500 3200 4.5
108 0 0 0.8
108 500 400 1.6
108 1000 1200 4
108 1500 3200 4.5
109 0 0 0.8
109 500 400 1.6
109 1000 1200 4
109 1500 3200 4.5
110 0 0 0.8
110 500 400 1.6
110 1000 1200 4
110 1500 3200 4.5
111 0 0 0.8
111 500 400 1.6
111 1000 1200 4
111 1500 3200 4.5
112 0 0 0.8
112 500 400 1.6
112 1000 1200 4
112 1500 3200 4.5
113 0 0 0.8
113 500 400 1.6
113 1000 1200 4
113 1500 3200 4.5
114 0 0 0.8
114 500 400 1.6
114 1000 1200 4
114 1500 3200 4.5
115 0 0 0.8
115 500 400 1.6
115 1000 1200 4
115 1500 3200 4.5
116 0 0 0.8
116 500 400 1.6
116 1000 1200 4
116 1500 3200 4.5
117 0 0 0.8
117 500 400 1.6
117 1000 1200 4
117 1500 3200 4.5
118 0 0 0.8
118 500 400 1.6
118 1000 1200 4
118 1500 3200 4.5
119 0 0 0.8
119 500 400 1.6
119 1000 1200 4
119 1500 3200 4.5
120 0 0 0.8
120 500 400 1.6
120 1000 1200 4
120 1500 3200 4.5
121 0 0 0.8
121 500 400 1.6
121 1000 1200 4
121 1500 3200 4.5
122 0 0 0.8
122 500 400 1.6
122 1000 1200 4
122 1500 3200 4.5
123 0 0 0.8
123 500 400 1.6
123 1000 1200 4
123 1500 3200 4.5
124 0 0 0.8
124 500 400 1.6
124 1000 1200 4
124 1500 3200 4.5
125 0 0 0.8
125 500 400 1.6
125 1000 1200 4
125 1500 3200 4.5
126 0 0 0.8
126 500 400 1.6
126 1000 1200 4
126 1500 3200 4.5
127 0 0 0.8
127 500 400 1.6
127 1000 1200 4
127 1500 3200 4.5
128 0 0 0.8
128 500 400 1.6
128 1000 1200 4
128 1500 3200 4.5
129 0 0 0.8
129 500 400 1.6
129 1000 1200 4
129 1500 3200 4.5
130 0 0 0.8
130 500 400 1.6
130 1000 1200 4
130 1500 3200 4.5
131 0 0 0.8
131 500 400 1.6
131 1000 1200 4
131 1500 3200 4.5
132 0 0 0.8
132 500 400 1.6
132 1000 1200 4
132 1500 3200 4.5
133 0 0 0.8
133 500 400 1.6
133 1000 1200 4
133 1500 3200 4.5
134 0 0 0.8
134 500 400 1.6
134 1000 1200 4
134 1500 3200 4.5
135 0 0 0.8
135 500 400 1.6
135 1000 1200 4
135 1500 3200 4.5
136 0 0 0.8
136 500 400 1.6
136 1000 1200 4
136 1500 3200 4.5
137 0 0 0.8
137 500 400 1.6
137 1000 1200 4
137 1500 3200 4.5
138 0 0 0.8
138 500 400 1.6
138 1000 1200 4
138 1500 3200 4.5
139 0 0 0.8
139 500 400 1.6
139 1000 1200 4
139 1500 3200 4.5
140 0 0 0.8
140 500 400 1.6
140 1000 1200 4
140 1500 3200 4.5
141 0 0 0.8
141 500 400 1.6
141 1000 1200 4
141 1500 3200 4.5
142 0 0 0.8
142 500 400 1.6
142 1000 1200 4
142 1500 3200 4.5
143 0 0 0.8
143 500 400 1.6
143 1000 1200 4
143 1500 3200 4.5
144 0 0 0.8
144 500 400 1.6
144 1000 1200 4
144 1500 3200 4.5
145 0 0 0.8
145 500 400 1.6
145 1000 1200 4
145 1500 3200 4.5
146 0 0 0.8
146 500 400 1.6
146 1000 1200 4
146 1500 3200 4.5
147 0 0 0.8
147 500 400 1.6
147 1000 1200 4
147 1500 3200 4.5
148 0 0 0.8
148 500 400 1.6
148 1000 1200 4
148 1500 3200 4.5
149 0 0 0.8
149 500 400 1.6
149 1000 1200 4
149 1500 3200 4.5
150 0 0 0.8
150 500 400 1.6
150 1000 1200 4
150 1500 3200 4.5
151 0 0 0.8
151 500 400 1.6
151 1000 1200 4
151 1500 3200 4.5
152 0 0 0.8
152 500 400 1.6
152 1000 1200 4
152 1500 3200 4.5
153 0 0 0.8
153 500 400 1.6
153 1000 1200 4
153 1500 3200 4.5
154 0 0 0.8
154 500 400 1.6
154 1000 1200 4
154 1500 3200 4.5
155 0 0 0.8
155 500 400 1.6
155 1000 1200 4
155 1500 3200 4.5
156 0 0 0.8
156 500 400 1.6
156 1000 1200 4
156 1500 3200 4.5
157 0 0 0.8
157 500 400 1.6
157 1000 1200 4
157 1500 3200 4.5
158 0 0 0.8
158 500 400 1.6
158 1000 1200 4
158 1500 3200 4.5
159 0 0 0.8
159 500 400 1.6
159 1000 1200 4
159 1500 3200 4.5
160 0 0 0.8
160 500 400 1.6
160 1000 1200 4
160 1500 3200 4.5
161 0 0 0.8
161 500 400 1.6
161 1000 1200 4
161 1500 3200 4.5
162 0 0 0.8
162 500 400 1.6
162 1000 1200 4
162 1500 3200 4.5
163 0 0 0.8
163 500 400 1.6
163 1000 1200 4
163 1500 3200 4.5
164 0 0 0.8
164 500 400 1.6
164 1000 1200 4
164 1500 3200 4.5
165 0 0 0.8
165 500 400 1.6
165 1000 1200 4
165 1500 3200 4.5
166 0 0 0.8
166 500 400 1.6
166 1000 1200 4
166 1500 3200 4.5
167 0 0 0.8
167 500 400 1.6
167 1000 1200 4
167 1500 3200 4.5
168 0 0 0.8
168 500 400 1.6
168 1000 1200 4
168 1500 3200 4.5
169 0 0 0.8
169 500 400 1.6
169 1000 1200 4
169 1500 3200 4.5
170 0 0 0.8
170 500 400 1.6
170 1000 1200 4
170 1500 3200 4.5
171 0 0 0.8
171 500 400 1.6
171 1000 1200 4
171 1500 3200 4.5
172 0 0 0.8
172 500 400 1.6
172 1000 1200 4
172 1500 3200 4.5
173 0 0 0.8
173 500 400 1.6
173 1000 1200 4
173 1500 3200 4.5
174 0 0 0.8
174 500 400 1.6
174 1000 1200 4
174 1500 3200 4.5
175 0 0 0.8
175 500 400 1.6
175 1000 1200 4
175 1500 3200 4.5
176 0 0 0.8
176 500 400 1.6
176 1000 1200 4
176 1500 3200 4.5
177 0 0 0.8
177 500 400 1.6
177 1000 1200 4
177 1500 3200 4.5
178 0 0 0.8
178 500 400 1.6
178 1000 1200 4
178 1500 3200 4.5
179 0 0 0.8
179 500 400 1.6
179 1000 1200 4
179 1500 3200 4.5
180 0 0 0.8
180 500 400 1.6
180 1000 1200 4
180 1500 3200 4.5
181 0 0 0.8
181 500 400 1.6
181 1000 1200 4
181 1500 3200 4.5
182 0 0 0.8
182 500 400 1.6
182 1000 1200 4
182 1500 3200 4.5
183 0 0 0.8
183 500 400 1.6
183 1000 1200 4
183 1500 3200 4.5
184 0 0 0.8
184 500 400 1.6
184 1000 1200 4
184 1500 3200 4.5
185 0 0 0.8
185 500 400 1.6
185 1000 1200 4
185 1500 3200 4.5
186 0 0 0.8
186 500 400 1.6
186 1000 1200 4
186 1500 3200 4.5
187 0 0 0.8
187 500 400 1.6
187 1000 1200 4
187 1500 3200 4.5
188 0 0 0.8
188 500 400 1.6
188 1000 1200 4
188 1500 3200 4.5
189 0 0 0.8
189 500 400 1.6
189 1000 1200 4
189 1500 3200 4.5
190 0 0 0.8
190 500 400 1.6
190 1000 1200 4
190 1500 3200 4.5
191 0 0 0.8
191 500 400 1.6
191 1000 1200 4
191 1500 3200 4.5
192 0 0 0.8
192 500 400 1.6
192 1000 1200 4
192 1500 3200 4.5
193 0 0 0.8
193 500 400 1.6
193 1000 1200 4
193 1500 3200 4.5
194 0 0 0.8
194 500 400 1.6
194 1000 1200 4
194 1500 3200 4.5
195 0 0 0.8
195 500 400 1.6
195 1000 1200 4
195 1500 3200 4.5
196 0 0 0.8
196 500 400 1.6
196 1000 1200 4
196 1500 3200 4.5
197 0 0 0.8
197 500 400 1.6
197 1000 1200 4
197 1500 3200 4.5
198 0 0 0.8
198 500 400 1.6
198 1000 1200 4
198 1500 3200 4.5
199 0 0 0.8
199 500 400 1.6
199 1000 1200 4
199 1500 3200 4.5
200 0 0 0.8
200 500 400 1.6
200 1000 1200 4
200 1500 3200 4.5
201 0 0 0.8
201 500 400 1.6
201 1000 1200 4
201 1500 3200 4.5
202 0 0 0.8
202 500 400 1.6
202 1000 1200 4
202 1500 3200 4.5
203 0 0 0.8
203 500 400 1.6
203 1000 1200 4
203 1500 3200 4.5
204 0 0 0.8
204 500 400 1.6
204 1000 1200 4
204 1500 3200 4.5
205 0 0 0.8
205 500 400 1.6
205 1000 1200 4
205 1500 3200 4.5
206 0 0 0.8
206 500 400 1.6
206 1000 1200 4
206 1500 3200 4.5
207 0 0 0.8
207 500 400 1.6
207 1000 1200 4
207 1500 3200 4.5
208 0 0 0.8
208 500 400 1.6
208 1000 1200 4
208 1500 3200 4.5
209 0 0 0.8
209 500 400 1.6
209 1000 1200 4
209 1500 3200 4.5
210 0 0 0.8
210 500 400 1.6
210 1000 1200 4
210 1500 3200 4.5
211 0 0 0.8
211 500 400 1.6
211 1000 1200 4
211 1500 3200 4.5
212 0 0 0.8
212 500 400 1.6
212 1000 1200 4
212 1500 3200 4.5
213 0 0 0.8
213 500 400 1.6
213 1000 1200 4
213 1500 3200 4.5
214 0 0 0.8
214 500 400 1.6
214 1000 1200 4
214 1500 3200 4.5
215 0 0 0.8
215 500 400 1.6
215 1000 1200 4
215 1500 3200 4.5
216 0 0 0.8
216 500 400 1.6
216 1000 1200 4
216 1500 3200 4.5
217 0 0 0.8
217 500 400 1.6
217 1000 1200 4
217 1500 3200 4.5
218 0 0 0.8
218 500 400 1.6
218 1000 1200 4
218 1500 3200 4.5
219 0 0 0.8
219 500 400 1.6
219 1000 1200 4
219 1500 3200 4.5
220 0 0 0.8
220 500 400 1.6
220 1000 1200 4
220 1500 3200 4.5
221 0 0 0.8
221 500 400 1.6
221 1000 1200 4
221 1500 3200 4.5
222 0 0 0.8
222 500 400 1.6
222 1000 1200 4
222 1500 3200 4.5
223 0 0 0.8
223 500 400 1.6
223 1000 1200 4
223 1500 3200 4.5
224 0 0 0.8
224 500 400 1.6
224 1000 1200 4
224 1500 3200 4.5
225 0 0 0.8
225 500 400 1.6
225 1000 1200 4
225 1500 3200 4.5
226 0 0 0.8
226 500 400 1.6
226 1000 1200 4
226 1500 3200 4.5
227 0 0 0.8
227 500 400 1.6
227 1000 1200 4
227 1500 3200 4.5
228 0 0 0.8
228 500 400 1.6
228 1000 1200 4
228 1500 3200 4.5
229 0 0 0.8
229 500 400 1.6
229 1000 1200 4
229 1500 3200 4.5
230 0 0 0.8
230 500 400 1.6
230 1000 1200 4
230 1500 3200 4.5
231 0 0 0.8
231 500 400 1.6
231 1000 1200 4
231 1500 3200 4.5
232 0 0 0.8
232 500 400 1.6
232 1000 1200 4
232 1500 3200 4.5
233 0 0 0.8
233 500 400 1.6
233 1000 1200 4
233 1500 3200 4.5
234 0 0 0.8
234 500 400 1.6
234 1000 1200 4
234 1500 3200 4.5
235 0 0 0.8
235 500 400 1.6
235 1000 1200 4
235 1500 3200 4.5
236 0 0 0.8
236 500 400 1.6
236 1000 1200 4
236 1500 3200 4.5
237 0 0 0.8
237 500 400 1.6
237 1000 1200 4
237 1500 3200 4.5
238 0 0 0.8
238 500 400 1.6
238 1000 1200 4
238 1500 3200 4.5
239 0 0 0.8
239 500 400 1.6
239 1000 1200 4
239 1500 3200 4.5
240 0 0 0.8
240 500 400 1.6
240 1000 1200 4
240 1500 3200 4.5
241 0 0 0.8
241 500 400 1.6
241 1000 1200 4
241 1500 3200 4.5
242 0 0 0.8
242 500 400 1.6
242 1000 1200 4
242 1500 3200 4.5
243 0 0 0.8
243 500 400 1.6
243 1000 1200 4
243 1500 3200 4.5
244 0 0 0.8
244 500 400 1.6
244 1000 1200 4
244 1500 3200 4.5
245 0 0 0.8
245 500 400 1.6
245 1000 1200 4
245 1500 3200 4.5
246 0 0 0.8
246 500 400 1.6
246 1000 1200 4
246 1500 3200 4.5
247 0 0 0.8
247 500 400 1.6
247 1000 1200 4
247 1500 3200 4.5
248 0 0 0.8
248 500 400 1.6
248 1000 1200 4
248 1500 3200 4.5
249 0 0 0.8
249 500 400 1.6
249 1000 1200 4
249 1500 3200 4.5
250 0 0 0.8
250 500 400 1.6
250 1000 1200 4
250 1500 3200 4.5
251 0 0 0.8
251 500 400 1.6
251 1000 1200 4
251 1500 3200 4.5
252 0 0 0.8
252 500 400 1.6
252 1000 1200 4
252 1500 3200 4.5
253 0 0 0.8
253 500 400 1.6
253 1000 1200 4
253 1500 3200 4.5
254 0 0 0.8
254 500 400 1.6
254 1000 1200 4
254 1500 3200 4.5
255 0 0 0.8
255 500 400 1.6
255 1000 1200 4
255 1500 3200 4.5
256 0 0 0.8
256 500 400 1.6
256 1000 1200 4
256 1500 3200 4.5
257 0 0 0.8
257 500 400 1.6
257 1000 1200 4
257 1500 3200 4.5
258 0 0 0.8
258 500 400 1.6
258 1000 1200 4
258 1500 3200 4.5
259 0 0 0.8
259 500 400 1.6
259 1000 1200 4
259 1500 3200 4.5
260 0 0 0.8
260 500 400 1.6
260 1000 1200 4
260 1500 3200 4.5
261 0 0 0.8
261 500 400 1.6
261 1000 1200 4
261 1500 3200 4.5
262 0 0 0.8
262 500 400 1.6
262 1000 1200 4
262 1500 3200 4.5
263 0 0 0.8
263 500 400 1.6
263 1000 1200 4
263 1500 3200 4.5
264 0 0 0.8
264 500 400 1.6
264 1000 1200 4
264 1500 3200 4.5
265 0 0 0.8
265 500 400 1.6
265 1000 1200 4
265 1500 3200 4.5
266 0 0 0.8
266 500 400 1.6
266 1000 1200 4
266 1500 3200 4.5
267 0 0 0.8
267 500 400 1.6
267 1000 1200 4
267 1500 3200 4.5
268 0 0 0.8
268 500 400 1.6
268 1000 1200 4
268 1500 3200 4.5
269 0 0 0.8
269 500 400 1.6
269 1000 1200 4
269 1500 3200 4.5
270 0 0 0.8
270 500 400 1.6
270 1000 1200 4
270 1500 3200 4.5
271 0 0 0.8
271 500 400 1.6
271 1000 1200 4
271 1500 3200 4.5
272 0 0 0.8
272 500 400 1.6
272 1000 1200 4
272 1500 3200 4.5
273 0 0 0.8
273 500 400 1.6
273 1000 1200 4
273 1500 3200 4.5
274 0 0 0.8
274 500 400 1.6
274 1000 1200 4
274 1500 3200 4.5
275 0 0 0.8
275 500 400 1.6
275 1000 1200 4
275 1500 3200 4.5
276 0 0 0.8
276 500 400 1.6
276 1000 1200 4
276 1500 3200 4.5
277 0 0 0.8
277 500 400 1.6
277 1000 1200 4
277 1500 3200 4.5
278 0 0 0.8
278 500 400 1.6
278 1000 1200 4
278 1500 3200 4.5
279 0 0 0.8
279 500 400 1.6
279 1000 1200 4
279 1500 3200 4.5
280 0 0 0.8
280 500 400 1.6
280 1000 1200 4
280 1500 3200 4.5
281 0 0 0.8
281 500 400 1.6
281 1000 1200 4
281 1500 3200 4.5
282 0 0 0.8
282 500 400 1.6
282 1000 1200 4
282 1500 3200 4.5
283 0 0 0.8
283 500 400 1.6
283 1000 1200 4
283 1500 3200 4.5
284 0 0 0.8
284 500 400 1.6
284 1000 1200 4
284 1500 3200 4.5
285 0 0 0.8
285 500 400 1.6
285 1000 1200 4
285 1500 3200 4.5
286 0 0 0.8
286 500 400 1.6
286 1000 1200 4
286 1500 3200 4.5
287 0 0 0.8
287 500 400 1.6
287 1000 1200 4
287 1500 3200 4.5
288 0 0 0.8
288 500 400 1.6
288 1000 1200 4
288 1500 3200 4.5
289 0 0 0.8
289 500 400 1.6
289 1000 1200 4
289 1500 3200 4.5
290 0 0 0.8
290 500 400 1.6
290 1000 1200 4
290 1500 3200 4.5
291 0 0 0.8
291 500 400 1.6
291 1000 1200 4
291 1500 3200 4.5
292 0 0 0.8
292 500 400 1.6
292 1000 1200 4
292 1500 3200 4.5
293 0 0 0.8
293 500 400 1.6
293 1000 1200 4
293 1500 3200 4.5
294 0 0 0.8
294 500 400 1.6
294 1000 1200 4
294 1500 3200 4.5
295 0 0 0.8
295 500 400 1.6
295 1000 1200 4
295 1500 3200 4.5
296 0 0 0.8
296 500 400 1.6
296 1000 1200 4
296 1500 3200 4.5
297 0 0 0.8
297 500 400 1.6
297 1000 1200 4
297 1500 3200 4.5
298 0 0 0.8
298 500 400 1.6
298 1000 1200 4
298 1500 3200 4.5
299 0 0 0.8
299 500 400 1.6
299 1000 1200 4
299 1500 3200 4.5
300 0 0 0.8
300 500 400 1.6
300 1000 1200 4
300 1500 3200 4.5
301 0 0 0.8
301 500 400 1.6
301 1000 1200 4
301 1500 3200 4.5
302 0 0 0.8
302 500 400 1.6
302 1000 1200 4
302 1500 3200 4.5
303 0 0 0.8
303 500 400 1.6
303 1000 1200 4
303 1500 3200 4.5
304 0 0 0.8
304 500 400 1.6
304 1000 1200 4
304 1500 3200 4.5
305 0 0 0.8
305 500 400 1.6
305 1000 1200 4
305 1500 3200 4.5
306 0 0 0.8
306 500 400 1.6
306 1000 1200 4
306 1500 3200 4.5
307 0 0 0.8
307 500 400 1.6
307 1000 1200 4
307 1500 3200 4.5
308 0 0 0.8
308 500 400 1.6
308 1000 1200 4
308 1500 3200 4.5
309 0 0 0.8
309 500 400 1.6
309 1000 1200 4
309 1500 3200 4.5
310 0 0 0.8
310 500 400 1.6
310 1000 1200 4
310 1500 3200 4.5
311 0 0 0.8
311 500 400 1.6
311 1000 1200 4
311 1500 3200 4.5
312 0 0 0.8
312 500 400 1.6
312 1000 1200 4
312 1500 3200 4.5
313 0 0 0.8
313 500 400 1.6
313 1000 1200 4
313 1500 3200 4.5
314 0 0 0.8
314 500 400 1.6
314 1000 1200 4
314 1500 3200 4.5
315 0 0 0.8
315 500 400 1.6
315 1000 1200 4
315 1500 3200 4.5
316 0 0 0.8
316 500 400 1.6
316 1000 1200 4
316 1500 3200 4.5
317 0 0 0.8
317 500 400 1.6
317 1000 1200 4
317 1500 3200 4.5
318 0 0 0.8
318 500 400 1.6
318 1000 1200 4
318 1500 3200 4.5
319 0 0 0.8
319 500 400 1.6
319 1000 1200 4
319 1500 3200 4.5
320 0 0 0.8
320 500 400 1.6
320 1000 1200 4
320 1500 3200 4.5
321 0 0 0.8
321 500 400 1.6
321 1000 1200 4
321 1500 3200 4.5
322 0 0 0.8
322 500 400 1.6
322 1000 1200 4
322 1500 3200 4.5
323 0 0 0.8
323 500 400 1.6
323 1000 1200 4
323 1500 3200 4.5
324 0 0 0.8
324 500 400 1.6
324 1000 1200 4
324 1500 3200 4.5
325 0 0 0.8
325 500 400 1.6
325 1000 1200 4
325 1500 3200 4.5
326 0 0 0.8
326 500 400 1.6
326 1000 1200 4
326 1500 3200 4.5
327 0 0 0.8
327 500 400 1.6
327 1000 1200 4
327 1500 3200 4.5
328 0 0 0.8
328 500 400 1.6
328 1000 1200 4
328 1500 3200 4.5
329 0 0 0.8
329 500 400 1.6
329 1000 1200 4
329 1500 3200 4.5
330 0 0 0.8
330 500 400 1.6
330 1000 1200 4
330 1500 3200 4.5
331 0 0 0.8
331 500 400 1.6
331 1000 1200 4
331 1500 3200 4.5
332 0 0 0.8
332 500 400 1.6
332 1000 1200 4
332 1500 3200 4.5
333 0 0 0.8
333 500 400 1.6
333 1000 1200 4
333 1500 3200 4.5
334 0 0 0.8
334 500 400 1.6
334 1000 1200 4
334 1500 3200 4.5
335 0 0 0.8
335 500 400 1.6
335 1000 1200 4
335 1500 3200 4.5
336 0 0 0.8
336 500 400 1.6
336 1000 1200 4
336 1500 3200 4.5
337 0 0 0.8
337 500 400 1.6
337 1000 1200 4
337 1500 3200 4.5
338 0 0 0.8
338 500 400 1.6
338 1000 1200 4
338 1500 3200 4.5
339 0 0 0.8
339 500 400 1.6
339 1000 1200 4
339 1500 3200 4.5
340 0 0 0.8
340 500 400 1.6
340 1000 1200 4
340 1500 3200 4.5
341 0 0 0.8
341 500 400 1.6
341 1000 1200 4
341 1500 3200 4.5
342 0 0 0.8
342 500 400 1.6
342 1000 1200 4
342 1500 3200 4.5
343 0 0 0.8
343 500 400 1.6
343 1000 1200 4
343 1500 3200 4.5
344 0 0 0.8
344 500 400 1.6
344 1000 1200 4
344 1500 3200 4.5
345 0 0 0.8
345 500 400 1.6
345 1000 1200 4
345 1500 3200 4.5
346 0 0 0.8
346 500 400 1.6
346 1000 1200 4
346 1500 3200 4.5
347 0 0 0.8
347 500 400 1.6
347 1000 1200 4
347 1500 3200 4.5
348 0 0 0.8
348 500 400 1.6
348 1000 1200 4
348 1500 3200 4.5
349 0 0 0.8
349 500 400 1.6
349 1000 1200 4
349 1500 3200 4.5
350 0 0 0.8
350 500 400 1.6
350 1000 1200 4
350 1500 3200 4.5
351 0 0 0.8
351 500 400 1.6
351 1000 1200 4
351 1500 3200 4.5
352 0 0 0.8
352 500 400 1.6
352 1000 1200 4
352 1500 3200 4.5
353 0 0 0.8
353 500 400 1.6
353 1000 1200 4
353 1500 3200 4.5
354 0 0 0.8
354 500 400 1.6
354 1000 1200 4
354 1500 3200 4.5
355 0 0 0.8
355 500 400 1.6
355 1000 1200 4
355 1500 3200 4.5
356 0 0 0.8
356 500 400 1.6
356 1000 1200 4
356 1500 3200 4.5
357 0 0 0.8
357 500 400 1.6
357 1000 1200 4
357 1500 3200 4.5
358 0 0 0.8
358 500 400 1.6
358 1000 1200 4
358 1500 3200 4.5
359 0 0 0.8
359 500 400 1.6
359 1000 1200 4
359 1500 3200 4.5
360 0 0 0.8
360 500 400 1.6
360 1000 1200 4
360 1500 3200 4.5
361 0 0 0.8
361 500 400 1.6
361 1000 1200 4
361 1500 3200 4.5
362 0 0 0.8
362 500 400 1.6
362 1000 1200 4
362 1500 3200 4.5
363 0 0 0.8
363 500 400 1.6
363 1000 1200 4
363 1500 3200 4.5
364 0 0 0.8
364 500 400 1.6
364 1000 1200 4
364 1500 3200 4.5
365 0 0 0.8
365 500 400 1.6
365 1000 1200 4
365 1500 3200 4.5
366 0 0 0.8
366 500 400 1.6
366 1000 1200 4
366 1500 3200 4.5
367 0 0 0.8
367 500 400 1.6
367 1000 1200 4
367 1500 3200 4.5
368 0 0 0.8
368 500 400 1.6
368 1000 1200 4
368 1500 3200 4.5
369 0 0 0.8
369 500 400 1.6
369 1000 1200 4
369 1500 3200 4.5
370 0 0 0.8
370 500 400 1.6
370 1000 1200 4
370 1500 3200 4.5
371 0 0 0.8
371 500 400 1.6
371 1000 1200 4
371 1500 3200 4.5
372 0 0 0.8
372 500 400 1.6
372 1000 1200 4
372 1500 3200 4.5
373 0 0 0.8
373 500 400 1.6
373 1000 1200 4
373 1500 3200 4.5
374 0 0 0.8
374 500 400 1.6
374 1000 1200 4
374 1500 3200 4.5
375 0 0 0.8
375 500 400 1.6
375 1000 1200 4
375 1500 3200 4.5
376 0 0 0.8
376 500 400 1.6
376 1000 1200 4
376 1500 3200 4.5
377 0 0 0.8
377 500 400 1.6
377 1000 1200 4
377 1500 3200 4.5
378 0 0 0.8
378 500 400 1.6
378 1000 1200 4
378 1500 3200 4.5
379 0 0 0.8
379 500 400 1.6
379 1000 1200 4
379 1500 3200 4.5
380 0 0 0.8
380 500 400 1.6
380 1000 1200 4
380 1500 3200 4.5
381 0 0 0.8
381 500 400 1.6
381 1000 1200 4
381 1500 3200 4.5
382 0 0 0.8
382 500 400 1.6
382 1000 1200 4
382 1500 3200 4.5
383 0 0 0.8
383 500 400 1.6
383 1000 1200 4
383 1500 3200 4.5
384 0 0 0.8
384 500 400 1.6
384 1000 1200 4
384 1500 3200 4.5
385 0 0 0.8
385 500 400 1.6
385 1000 1200 4
385 1500 3200 4.5
386 0 0 0.8
386 500 400 1.6
386 1000 1200 4
386 1500 3200 4.5
387 0 0 0.8
387 500 400 1.6
387 1000 1200 4
387 1500 3200 4.5
388 0 0 0.8
388 500 400 1.6
388 1000 1200 4
388 1500 3200 4.5
389 0 0 0.8
389 500 400 1.6
389 1000 1200 4
389 1500 3200 4.5
390 0 0 0.8
390 500 400 1.6
390 1000 1200 4
390 1500 3200 4.5
391 0 0 0.8
391 500 400 1.6
391 1000 1200 4
391 1500 3200 4.5
392 0 0 0.8
392 500 400 1.6
392 1000 1200 4
392 1500 3200 4.5
393 0 0 0.8
393 500 400 1.6
393 1000 1200 4
393 1500 3200 4.5
394 0 0 0.8
394 500 400 1.6
394 1000 1200 4
394 1500 3200 4.5
395 0 0 0.8
395 500 400 1.6
395 1000 1200 4
395 1500 3200 4.5
396 0 0 0.8
396 500 400 1.6
396 1000 1200 4
396 1500 3200 4.5
397 0 0 0.8
397 500 400 1.6
397 1000 1200 4
397 1500 3200 4.5
398 0 0 0.8
398 500 400 1.6
398 1000 1200 4
398 1500 3200 4.5
399 0 0 0.8
399 500 400 1.6
399 1000 1200 4
399 1500 3200 4.5
400 0 0 0.8
400 500 400 1.6
400 1000 1200 4
400 1500 3200 4.5
401 0 0 0.8
401 500 400 1.6
401 1000 1200 4
401 1500 3200 4.5
402 0 0 0.8
402 500 400 1.6
402 1000 1200 4
402 1500 3200 4.5
403 0 0 0.8
403 500 400 1.6
403 1000 1200 4
403 1500 3200 4.5
404 0 0 0.8
404 500 400 1.6
404 1000 1200 4
404 1500 3200 4.5
405 0 0 0.8
405 500 400 1.6
405 1000 1200 4
405 1500 3200 4.5
406 0 0 0.8
406 500 400 1.6
406 1000 1200 4
406 1500 3200 4.5
407 0 0 0.8
407 500 400 1.6
407 1000 1200 4
407 1500 3200 4.5
408 0 0 0.8
408 500 400 1.6
408 1000 1200 4
408 1500 3200 4.5
409 0 0 0.8
409 500 400 1.6
409 1000 1200 4
409 1500 3200 4.5
410 0 0 0.8
410 500 400 1.6
410 1000 1200 4
410 1500 3200 4.5
411 0 0 0.8
411 500 400 1.6
411 1000 1200 4
411 1500 3200 4.5
412 0 0 0.8
412 500 400 1.6
412 1000 1200 4
412 1500 3200 4.5
413 0 0 0.8
413 500 400 1.6
413 1000 1200 4
413 1500 3200 4.5
414 0 0 0.8
414 500 400 1.6
414 1000 1200 4
414 1500 3200 4.5
415 0 0 0.8
415 500 400 1.6
415 1000 1200 4
415 1500 3200 4.5
416 0 0 0.8
416 500 400 1.6
416 1000 1200 4
416 1500 3200 4.5
417 0 0 0.8
417 500 400 1.6
417 1000 1200 4
417 1500 3200 4.5
418 0 0 0.8
418 500 400 1.6
418 1000 1200 4
418 1500 3200 4.5
419 0 0 0.8
419 500 400 1.6
419 1000 1200 4
419 1500 3200 4.5
420 0 0 0.8
420 500 400 1.6
420 1000 1200 4
420 1500 3200 4.5
421 0 0 0.8
421 500 400 1.6
421 1000 1200 4
421 1500 3200 4.5
422 0 0 0.8
422 500 400 1.6
422 1000 1200 4
422 1500 3200 4.5
423 0 0 0.8
423 500 400 1.6
423 1000 1200 4
423 1500 3200 4.5
424 0 0 0.8
424 500 400 1.6
424 1000 1200 4
424 1500 3200 4.5
425 0 0 0.8
425 500 400 1.6
425 1000 1200 4
425 1500 3200 4.5
426 0 0 0.8
426 500 400 1.6
426 1000 1200 4
426 1500 3200 4.5
427 0 0 0.8
427 500 400 1.6
427 1000 1200 4
427 1500 3200 4.5
428 0 0 0.8
428 500 400 1.6
428 1000 1200 4
428 1500 3200 4.5
429 0 0 0.8
429 500 400 1.6
429 1000 1200 4
429 1500 3200 4.5
430 0 0 0.8
430 500 400 1.6
430 1000 1200 4
430 1500 3200 4.5
431 0 0 0.8
431 500 400 1.6
431 1000 1200 4
431 1500 3200 4.5
432 0 0 0.8
432 500 400 1.6
432 1000 1200 4
432 1500 3200 4.5
433 0 0 0.8
433 500 400 1.6
433 1000 1200 4
433 1500 3200 4.5
434 0 0 0.8
434 500 400 1.6
434 1000 1200 4
434 1500 3200 4.5
435 0 0 0.8
435 500 400 1.6
435 1000 1200 4
435 1500 3200 4.5
436 0 0 0.8
436 500 400 1.6
436 1000 1200 4
436 1500 3200 4.5
437 0 0 0.8
437 500 400 1.6
437 1000 1200 4
437 1500 3200 4.5
438 0 0 0.8
438 500 400 1.6
438 1000 1200 4
438 1500 3200 4.5
439 0 0 0.8
439 500 400 1.6
439 1000 1200 4
439 1500 3200 4.5
440 0 0 0.8
440 500 400 1.6
440 1000 1200 4
440 1500 3200 4.5
441 0 0 0.8
441 500 400 1.6
441 1000 1200 4
441 1500 3200 4.5
442 0 0 0.8
442 500 400 1.6
442 1000 1200 4
442 1500 3200 4.5
443 0 0 0.8
443 500 400 1.6
443 1000 1200 4
443 1500 3200 4.5
444 0 0 0.8
444 500 400 1.6
444 1000 1200 4
444 1500 3200 4.5
445 0 0 0.8
445 500 400 1.6
445 1000 1200 4
445 1500 3200 4.5
446 0 0 0.8
446 500 400 1.6
446 1000 1200 4
446 1500 3200 4.5
447 0 0 0.8
447 500 400 1.6
447 1000 1200 4
447 1500 3200 4.5
448 0 0 0.8
448 500 400 1.6
448 1000 1200 4
448 1500 3200 4.5
449 0 0 0.8
449 500 400 1.6
449 1000 1200 4
449 1500 3200 4.5
450 0 0 0.8
450 500 400 1.6
450 1000 1200 4
450 1500 3200 4.5
451 0 0 0.8
451 500 400 1.6
451 1000 1200 4
451 1500 3200 4.5
452 0 0 0.8
452 500 400 1.6
452 1000 1200 4
452 1500 3200 4.5
453 0 0 0.8
453 500 400 1.6
453 1000 1200 4
453 1500 3200 4.5
454 0 0 0.8
454 500 400 1.6
454 1000 1200 4
454 1500 3200 4.5
455 0 0 0.8
455 500 400 1.6
455 1000 1200 4
455 1500 3200 4.5
456 0 0 0.8
456 500 400 1.6
456 1000 1200 4
456 1500 3200 4.5
457 0 0 0.8
457 500 400 1.6
457 1000 1200 4
457 1500 3200 4.5
458 0 0 0.8
458 500 400 1.6
458 1000 1200 4
458 1500 3200 4.5
459 0 0 0.8
459 500 400 1.6
459 1000 1200 4
459 1500 3200 4.5
460 0 0 0.8
460 500 400 1.6
460 1000 1200 4
460 1500 3200 4.5
461 0 0 0.8
461 500 400 1.6
461 1000 1200 4
461 1500 3200 4.5
462 0 0 0.8
462 500 400 1.6
462 1000 1200 4
462 1500 3200 4.5
463 0 0 0.8
463 500 400 1.6
463 1000 1200 4
463 1500 3200 4.5
464 0 0 0.8
464 500 400 1.6
464 1000 1200 4
464 1500 3200 4.5
465 0 0 0.8
465 500 400 1.6
465 1000 1200 4
465 1500 3200 4.5
466 0 0 0.8
466 500 400 1.6
466 1000 1200 4
466 1500 3200 4.5
467 0 0 0.8
467 500 400 1.6
467 1000 1200 4
467 1500 3200 4.5
468 0 0 0.8
468 500 400 1.6
468 1000 1200 4
468 1500 3200 4.5
469 0 0 0.8
469 500 400 1.6
469 1000 1200 4
469 1500 3200 4.5
470 0 0 0.8
470 500 400 1.6
470 1000 1200 4
470 1500 3200 4.5
471 0 0 0.8
471 500 400 1.6
471 1000 1200 4
471 1500 3200 4.5
472 0 0 0.8
472 500 400 1.6
472 1000 1200 4
472 1500 3200 4.5
473 0 0 0.8
473 500 400 1.6
473 1000 1200 4
473 1500 3200 4.5
474 0 0 0.8
474 500 400 1.6
474 1000 1200 4
474 1500 3200 4.5
475 0 0 0.8
475 500 400 1.6
475 1000 1200 4
475 1500 3200 4.5
476 0 0 0.8
476 500 400 1.6
476 1000 1200 4
476 1500 3200 4.5
477 0 0 0.8
477 500 400 1.6
477 1000 1200 4
477 1500 3200 4.5
478 0 0 0.8
478 500 400 1.6
478 1000 1200 4
478 1500 3200 4.5
479 0 0 0.8
479 500 400 1.6
479 1000 1200 4
479 1500 3200 4.5
480 0 0 0.8
480 500 400 1.6
480 1000 1200 4
480 1500 3200 4.5
481 0 0 0.8
481 500 400 1.6
481 1000 1200 4
481 1500 3200 4.5
482 0 0 0.8
482 500 400 1.6
482 1000 1200 4
482 1500 3200 4.5
483 0 0 0.8
483 500 400 1.6
483 1000 1200 4
483 1500 3200 4.5
484 0 0 0.8
484 500 400 1.6
484 1000 1200 4
484 1500 3200 4.5
485 0 0 0.8
485 500 400 1.6
485 1000 1200 4
485 1500 3200 4.5
486 0 0 0.8
486 500 400 1.6
486 1000 1200 4
486 1500 3200 4.5
487 0 0 0.8
487 500 400 1.6
487 1000 1200 4
487 1500 3200 4.5
488 0 0 0.8
488 500 400 1.6
488 1000 1200 4
488 1500 3200 4.5
489 0 0 0.8
489 500 400 1.6
489 1000 1200 4
489 1500 3200 4.5
490 0 0 0.8
490 500 400 1.6
490 1000 1200 4
490 1500 3200 4.5
491 0 0 0.8
491 500 400 1.6
491 1000 1200 4
491 1500 3200 4.5
492 0 0 0.8
492 500 400 1.6
492 1000 1200 4
492 1500 3200 4.5
493 0 0 0.8
493 500 400 1.6
493 1000 1200 4
493 1500 3200 4.5
494 0 0 0.8
494 500 400 1.6
494 1000 1200 4
494 1500 3200 4.5
495 0 0 0.8
495 500 400 1.6
495 1000 1200 4
495 1500 3200 4.5
496 0 0 0.8
496 500 400 1.6
496 1000 1200 4
496 1500 3200 4.5
497 0 0 0.8
497 500 400 1.6
497 1000 1200 4
497 1500 3200 4.5
498 0 0 0.8
498 500 400 1.6
498 1000 1200 4
498 1500 3200 4.5
499 0 0 0.8
499 500 400 1.6
499 1000 1200 4
499 1500 3200 4.5
