1000 4
0 0 0 3.2
0 500 1600 0.7
0 1000 1950 0.5
0 1500 2200 3.5
1 0 0 3.2
1 500 1600 0.7
1 1000 1950 0.5
1 1500 2200 3.5
2 0 0 3.2
2 500 1600 0.7
2 1000 1950 0.5
2 1500 2200 3.5
3 0 0 3.2
3 500 1600 0.7
3 1000 1950 0.5
3 1500 2200 3.5
4 0 0 3.2
4 500 1600 0.7
4 1000 1950 0.5
4 1500 2200 3.5
5 0 0 3.2
5 500 1600 0.7
5 1000 1950 0.5
5 1500 2200 3.5
6 0 0 3.2
6 500 1600 0.7
6 1000 1950 0.5
6 1500 2200 3.5
7 0 0 3.2
7 500 1600 0.7
7 1000 1950 0.5
7 1500 2200 3.5
8 0 0 3.2
8 500 1600 0.7
8 1000 1950 0.5
8 1500 2200 3.5
9 0 0 3.2
9 500 1600 0.7
9 1000 1950 0.5
9 1500 2200 3.5
10 0 0 3.2
10 500 1600 0.7
10 1000 1950 0.5
10 1500 2200 3.5
11 0 0 3.2
11 500 1600 0.7
11 1000 1950 0.5
11 1500 2200 3.5
12 0 0 3.2
12 500 1600 0.7
12 1000 1950 0.5
12 1500 2200 3.5
13 0 0 3.2
13 500 1600 0.7
13 1000 1950 0.5
13 1500 2200 3.5
14 0 0 3.2
14 500 1600 0.7
14 1000 1950 0.5
14 1500 2200 3.5
15 0 0 3.2
15 500 1600 0.7
15 1000 1950 0.5
15 1500 2200 3.5
16 0 0 3.2
16 500 1600 0.7
16 1000 1950 0.5
16 1500 2200 3.5
17 0 0 3.2
17 500 1600 0.7
17 1000 1950 0.5
17 1500 2200 3.5
18 0 0 3.2
18 500 1600 0.7
18 1000 1950 0.5
18 1500 2200 3.5
19 0 0 3.2
19 500 1600 0.7
19 1000 1950 0.5
19 1500 2200 3.5
20 0 0 3.2
20 500 1600 0.7
20 1000 1950 0.5
20 1500 2200 3.5
21 0 0 3.2
21 500 1600 0.7
21 1000 1950 0.5
21 1500 2200 3.5
22 0 0 3.2
22 500 1600 0.7
22 1000 1950 0.5
22 1500 2200 3.5
23 0 0 3.2
23 500 1600 0.7
23 1000 1950 0.5
23 1500 2200 3.5
24 0 0 3.2
24 500 1600 0.7
24 1000 1950 0.5
24 1500 2200 3.5
25 0 0 3.2
25 500 1600 0.7
25 1000 1950 0.5
25 1500 2200 3.5
26 0 0 3.2
26 500 1600 0.7
26 1000 1950 0.5
26 1500 2200 3.5
27 0 0 3.2
27 500 1600 0.7
27 1000 1950 0.5
27 1500 2200 3.5
28 0 0 3.2
28 500 1600 0.7
28 1000 1950 0.5
28 1500 2200 3.5
29 0 0 3.2
29 500 1600 0.7
29 1000 1950 0.5
29 1500 2200 3.5
30 0 0 3.2
30 500 1600 0.7
30 1000 1950 0.5
30 1500 2200 3.5
31 0 0 3.2
31 500 1600 0.7
31 1000 1950 0.5
31 1500 2200 3.5
32 0 0 3.2
32 500 1600 0.7
32 1000 1950 0.5
32 1500 2200 3.5
33 0 0 3.2
33 500 1600 0.7
33 1000 1950 0.5
33 1500 2200 3.5
34 0 0 3.2
34 500 1600 0.7
34 1000 1950 0.5
34 1500 2200 3.5
35 0 0 3.2
35 500 1600 0.7
35 1000 1950 0.5
35 1500 2200 3.5
36 0 0 3.2
36 500 1600 0.7
36 1000 1950 0.5
36 1500 2200 3.5
37 0 0 3.2
37 500 1600 0.7
37 1000 1950 0.5
37 1500 2200 3.5
38 0 0 3.2
38 500 1600 0.7
38 1000 1950 0.5
38 1500 2200 3.5
39 0 0 3.2
39 500 1600 0.7
39 1000 1950 0.5
39 1500 2200 3.5
40 0 0 3.2
40 500 1600 0.7
40 1000 1950 0.5
40 1500 2200 3.5
41 0 0 3.2
41 500 1600 0.7
41 1000 1950 0.5
41 1500 2200 3.5
42 0 0 3.2
42 500 1600 0.7
42 1000 1950 0.5
42 1500 2200 3.5
43 0 0 3.2
43 500 1600 0.7
43 1000 1950 0.5
43 1500 2200 3.5
44 0 0 3.2
44 500 1600 0.7
44 1000 1950 0.5
44 1500 2200 3.5
45 0 0 3.2
45 500 1600 0.7
45 1000 1950 0.5
45 1500 2200 3.5
46 0 0 3.2
46 500 1600 0.7
46 1000 1950 0.5
46 1500 2200 3.5
47 0 0 3.2
47 500 1600 0.7
47 1000 1950 0.5
47 1500 2200 3.5
48 0 0 3.2
48 500 1600 0.7
48 1000 1950 0.5
48 1500 2200 3.5
49 0 0 3.2
49 500 1600 0.7
49 1000 1950 0.5
49 1500 2200 3.5
50 0 0 3.2
50 500 1600 0.7
50 1000 1950 0.5
50 1500 2200 3.5
51 0 0 3.2
51 500 1600 0.7
51 1000 1950 0.5
51 1500 2200 3.5
52 0 0 3.2
52 500 1600 0.7
52 1000 1950 0.5
52 1500 2200 3.5
53 0 0 3.2
53 500 1600 0.7
53 1000 1950 0.5
53 1500 2200 3.5
54 0 0 3.2
54 500 1600 0.7
54 1000 1950 0.5
54 1500 2200 3.5
55 0 0 3.2
55 500 1600 0.7
55 1000 1950 0.5
55 1500 2200 3.5
56 0 0 3.2
56 500 1600 0.7
56 1000 1950 0.5
56 1500 2200 3.5
57 0 0 3.2
57 500 1600 0.7
57 1000 1950 0.5
57 1500 2200 3.5
58 0 0 3.2
58 500 1600 0.7
58 1000 1950 0.5
58 1500 2200 3.5
59 0 0 3.2
59 500 1600 0.7
59 1000 1950 0.5
59 1500 2200 3.5
60 0 0 3.2
60 500 1600 0.7
60 1000 1950 0.5
60 1500 2200 3.5
61 0 0 3.2
61 500 1600 0.7
61 1000 1950 0.5
61 1500 2200 3.5
62 0 0 3.2
62 500 1600 0.7
62 1000 1950 0.5
62 1500 2200 3.5
63 0 0 3.2
63 500 1600 0.7
63 1000 1950 0.5
63 1500 2200 3.5
64 0 0 3.2
64 500 1600 0.7
64 1000 1950 0.5
64 1500 2200 3.5
65 0 0 3.2
65 500 1600 0.7
65 1000 1950 0.5
65 1500 2200 3.5
66 0 0 3.2
66 500 1600 0.7
66 1000 1950 0.5
66 1500 2200 3.5
67 0 0 3.2
67 500 1600 0.7
67 1000 1950 0.5
67 1500 2200 3.5
68 0 0 3.2
68 500 1600 0.7
68 1000 1950 0.5
68 1500 2200 3.5
69 0 0 3.2
69 500 1600 0.7
69 1000 1950 0.5
69 1500 2200 3.5
70 0 0 3.2
70 500 1600 0.7
70 1000 1950 0.5
70 1500 2200 3.5
71 0 0 3.2
71 500 1600 0.7
71 1000 1950 0.5
71 1500 2200 3.5
72 0 0 3.2
72 500 1600 0.7
72 1000 1950 0.5
72 1500 2200 3.5
73 0 0 3.2
73 500 1600 0.7
73 1000 1950 0.5
73 1500 2200 3.5
74 0 0 3.2
74 500 1600 0.7
74 1000 1950 0.5
74 1500 2200 3.5
75 0 0 3.2
75 500 1600 0.7
75 1000 1950 0.5
75 1500 2200 3.5
76 0 0 3.2
76 500 1600 0.7
76 1000 1950 0.5
76 1500 2200 3.5
77 0 0 3.2
77 500 1600 0.7
77 1000 1950 0.5
77 1500 2200 3.5
78 0 0 3.2
78 500 1600 0.7
78 1000 1950 0.5
78 1500 2200 3.5
79 0 0 3.2
79 500 1600 0.7
79 1000 1950 0.5
79 1500 2200 3.5
80 0 0 3.2
80 500 1600 0.7
80 1000 1950 0.5
80 1500 2200 3.5
81 0 0 3.2
81 500 1600 0.7
81 1000 1950 0.5
81 1500 2200 3.5
82 0 0 3.2
82 500 1600 0.7
82 1000 1950 0.5
82 1500 2200 3.5
83 0 0 3.2
83 500 1600 0.7
83 1000 1950 0.5
83 1500 2200 3.5
84 0 0 3.2
84 500 1600 0.7
84 1000 1950 0.5
84 1500 2200 3.5
85 0 0 3.2
85 500 1600 0.7
85 1000 1950 0.5
85 1500 2200 3.5
86 0 0 3.2
86 500 1600 0.7
86 1000 1950 0.5
86 1500 2200 3.5
87 0 0 3.2
87 500 1600 0.7
87 1000 1950 0.5
87 1500 2200 3.5
88 0 0 3.2
88 500 1600 0.7
88 1000 1950 0.5
88 1500 2200 3.5
89 0 0 3.2
89 500 1600 0.7
89 1000 1950 0.5
89 1500 2200 3.5
90 0 0 3.2
90 500 1600 0.7
90 1000 1950 0.5
90 1500 2200 3.5
91 0 0 3.2
91 500 1600 0.7
91 1000 1950 0.5
91 1500 2200 3.5
92 0 0 3.2
92 500 1600 0.7
92 1000 1950 0.5
92 1500 2200 3.5
93 0 0 3.2
93 500 1600 0.7
93 1000 1950 0.5
93 1500 2200 3.5
94 0 0 3.2
94 500 1600 0.7
94 1000 1950 0.5
94 1500 2200 3.5
95 0 0 3.2
95 500 1600 0.7
95 1000 1950 0.5
95 1500 2200 3.5
96 0 0 3.2
96 500 1600 0.7
96 1000 1950 0.5
96 1500 2200 3.5
97 0 0 3.2
97 500 1600 0.7
97 1000 1950 0.5
97 1500 2200 3.5
98 0 0 3.2
98 500 1600 0.7
98 1000 1950 0.5
98 1500 2200 3.5
99 0 0 3.2
99 500 1600 0.7
99 1000 1950 0.5
99 1500 2200 3.5
100 0 0 3.2
100 500 1600 0.7
100 1000 1950 0.5
100 1500 2200 3.5
101 0 0 3.2
101 500 1600 0.7
101 1000 1950 0.5
101 1500 2200 3.5
102 0 0 3.2
102 500 1600 0.7
102 1000 1950 0.5
102 1500 2200 3.5
103 0 0 3.2
103 500 1600 0.7
103 1000 1950 0.5
103 1500 2200 3.5
104 0 0 3.2
104 500 1600 0.7
104 1000 1950 0.5
104 1500 2200 3.5
105 0 0 3.2
105 500 1600 0.7
105 1000 1950 0.5
105 1500 2200 3.5
106 0 0 3.2
106 500 1600 0.7
106 1000 1950 0.5
106 1500 2200 3.5
107 0 0 3.2
107 500 1600 0.7
107 1000 1950 0.5
107 1500 2200 3.5
108 0 0 3.2
108 500 1600 0.7
108 1000 1950 0.5
108 1500 2200 3.5
109 0 0 3.2
109 500 1600 0.7
109 1000 1950 0.5
109 1500 2200 3.5
110 0 0 3.2
110 500 1600 0.7
110 1000 1950 0.5
110 1500 2200 3.5
111 0 0 3.2
111 500 1600 0.7
111 1000 1950 0.5
111 1500 2200 3.5
112 0 0 3.2
112 500 1600 0.7
112 1000 1950 0.5
112 1500 2200 3.5
113 0 0 3.2
113 500 1600 0.7
113 1000 1950 0.5
113 1500 2200 3.5
114 0 0 3.2
114 500 1600 0.7
114 1000 1950 0.5
114 1500 2200 3.5
115 0 0 3.2
115 500 1600 0.7
115 1000 1950 0.5
115 1500 2200 3.5
116 0 0 3.2
116 500 1600 0.7
116 1000 1950 0.5
116 1500 2200 3.5
117 0 0 3.2
117 500 1600 0.7
117 1000 1950 0.5
117 1500 2200 3.5
118 0 0 3.2
118 500 1600 0.7
118 1000 1950 0.5
118 1500 2200 3.5
119 0 0 3.2
119 500 1600 0.7
119 1000 1950 0.5
119 1500 2200 3.5
120 0 0 3.2
120 500 1600 0.7
120 1000 1950 0.5
120 1500 2200 3.5
121 0 0 3.2
121 500 1600 0.7
121 1000 1950 0.5
121 1500 2200 3.5
122 0 0 3.2
122 500 1600 0.7
122 1000 1950 0.5
122 1500 2200 3.5
123 0 0 3.2
123 500 1600 0.7
123 1000 1950 0.5
123 1500 2200 3.5
124 0 0 3.2
124 500 1600 0.7
124 1000 1950 0.5
124 1500 2200 3.5
125 0 0 3.2
125 500 1600 0.7
125 1000 1950 0.5
125 1500 2200 3.5
126 0 0 3.2
126 500 1600 0.7
126 1000 1950 0.5
126 1500 2200 3.5
127 0 0 3.2
127 500 1600 0.7
127 1000 1950 0.5
127 1500 2200 3.5
128 0 0 3.2
128 500 1600 0.7
128 1000 1950 0.5
128 1500 2200 3.5
129 0 0 3.2
129 500 1600 0.7
129 1000 1950 0.5
129 1500 2200 3.5
130 0 0 3.2
130 500 1600 0.7
130 1000 1950 0.5
130 1500 2200 3.5
131 0 0 3.2
131 500 1600 0.7
131 1000 1950 0.5
131 1500 2200 3.5
132 0 0 3.2
132 500 1600 0.7
132 1000 1950 0.5
132 1500 2200 3.5
133 0 0 3.2
133 500 1600 0.7
133 1000 1950 0.5
133 1500 2200 3.5
134 0 0 3.2
134 500 1600 0.7
134 1000 1950 0.5
134 1500 2200 3.5
135 0 0 3.2
135 500 1600 0.7
135 1000 1950 0.5
135 1500 2200 3.5
136 0 0 3.2
136 500 1600 0.7
136 1000 1950 0.5
136 1500 2200 3.5
137 0 0 3.2
137 500 1600 0.7
137 1000 1950 0.5
137 1500 2200 3.5
138 0 0 3.2
138 500 1600 0.7
138 1000 1950 0.5
138 1500 2200 3.5
139 0 0 3.2
139 500 1600 0.7
139 1000 1950 0.5
139 1500 2200 3.5
140 0 0 3.2
140 500 1600 0.7
140 1000 1950 0.5
140 1500 2200 3.5
141 0 0 3.2
141 500 1600 0.7
141 1000 1950 0.5
141 1500 2200 3.5
142 0 0 3.2
142 500 1600 0.7
142 1000 1950 0.5
142 1500 2200 3.5
143 0 0 3.2
143 500 1600 0.7
143 1000 1950 0.5
143 1500 2200 3.5
144 0 0 3.2
144 500 1600 0.7
144 1000 1950 0.5
144 1500 2200 3.5
145 0 0 3.2
145 500 1600 0.7
145 1000 1950 0.5
145 1500 2200 3.5
146 0 0 3.2
146 500 1600 0.7
146 1000 1950 0.5
146 1500 2200 3.5
147 0 0 3.2
147 500 1600 0.7
147 1000 1950 0.5
147 1500 2200 3.5
148 0 0 3.2
148 500 1600 0.7
148 1000 1950 0.5
148 1500 2200 3.5
149 0 0 3.2
149 500 1600 0.7
149 1000 1950 0.5
149 1500 2200 3.5
150 0 0 3.2
150 500 1600 0.7
150 1000 1950 0.5
150 1500 2200 3.5
151 0 0 3.2
151 500 1600 0.7
151 1000 1950 0.5
151 1500 2200 3.5
152 0 0 3.2
152 500 1600 0.7
152 1000 1950 0.5
152 1500 2200 3.5
153 0 0 3.2
153 500 1600 0.7
153 1000 1950 0.5
153 1500 2200 3.5
154 0 0 3.2
154 500 1600 0.7
154 1000 1950 0.5
154 1500 2200 3.5
155 0 0 3.2
155 500 1600 0.7
155 1000 1950 0.5
155 1500 2200 3.5
156 0 0 3.2
156 500 1600 0.7
156 1000 1950 0.5
156 1500 2200 3.5
157 0 0 3.2
157 500 1600 0.7
157 1000 1950 0.5
157 1500 2200 3.5
158 0 0 3.2
158 500 1600 0.7
158 1000 1950 0.5
158 1500 2200 3.5
159 0 0 3.2
159 500 1600 0.7
159 1000 1950 0.5
159 1500 2200 3.5
160 0 0 3.2
160 500 1600 0.7
160 1000 1950 0.5
160 1500 2200 3.5
161 0 0 3.2
161 500 1600 0.7
161 1000 1950 0.5
161 1500 2200 3.5
162 0 0 3.2
162 500 1600 0.7
162 1000 1950 0.5
162 1500 2200 3.5
163 0 0 3.2
163 500 1600 0.7
163 1000 1950 0.5
163 1500 2200 3.5
164 0 0 3.2
164 500 1600 0.7
164 1000 1950 0.5
164 1500 2200 3.5
165 0 0 3.2
165 500 1600 0.7
165 1000 1950 0.5
165 1500 2200 3.5
166 0 0 3.2
166 500 1600 0.7
166 1000 1950 0.5
166 1500 2200 3.5
167 0 0 3.2
167 500 1600 0.7
167 1000 1950 0.5
167 1500 2200 3.5
168 0 0 3.2
168 500 1600 0.7
168 1000 1950 0.5
168 1500 2200 3.5
169 0 0 3.2
169 500 1600 0.7
169 1000 1950 0.5
169 1500 2200 3.5
170 0 0 3.2
170 500 1600 0.7
170 1000 1950 0.5
170 1500 2200 3.5
171 0 0 3.2
171 500 1600 0.7
171 1000 1950 0.5
171 1500 2200 3.5
172 0 0 3.2
172 500 1600 0.7
172 1000 1950 0.5
172 1500 2200 3.5
173 0 0 3.2
173 500 1600 0.7
173 1000 1950 0.5
173 1500 2200 3.5
174 0 0 3.2
174 500 1600 0.7
174 1000 1950 0.5
174 1500 2200 3.5
175 0 0 3.2
175 500 1600 0.7
175 1000 1950 0.5
175 1500 2200 3.5
176 0 0 3.2
176 500 1600 0.7
176 1000 1950 0.5
176 1500 2200 3.5
177 0 0 3.2
177 500 1600 0.7
177 1000 1950 0.5
177 1500 2200 3.5
178 0 0 3.2
178 500 1600 0.7
178 1000 1950 0.5
178 1500 2200 3.5
179 0 0 3.2
179 500 1600 0.7
179 1000 1950 0.5
179 1500 2200 3.5
180 0 0 3.2
180 500 1600 0.7
180 1000 1950 0.5
180 1500 2200 3.5
181 0 0 3.2
181 500 1600 0.7
181 1000 1950 0.5
181 1500 2200 3.5
182 0 0 3.2
182 500 1600 0.7
182 1000 1950 0.5
182 1500 2200 3.5
183 0 0 3.2
183 500 1600 0.7
183 1000 1950 0.5
183 1500 2200 3.5
184 0 0 3.2
184 500 1600 0.7
184 1000 1950 0.5
184 1500 2200 3.5
185 0 0 3.2
185 500 1600 0.7
185 1000 1950 0.5
185 1500 2200 3.5
186 0 0 3.2
186 500 1600 0.7
186 1000 1950 0.5
186 1500 2200 3.5
187 0 0 3.2
187 500 1600 0.7
187 1000 1950 0.5
187 1500 2200 3.5
188 0 0 3.2
188 500 1600 0.7
188 1000 1950 0.5
188 1500 2200 3.5
189 0 0 3.2
189 500 1600 0.7
189 1000 1950 0.5
189 1500 2200 3.5
190 0 0 3.2
190 500 1600 0.7
190 1000 1950 0.5
190 1500 2200 3.5
191 0 0 3.2
191 500 1600 0.7
191 1000 1950 0.5
191 1500 2200 3.5
192 0 0 3.2
192 500 1600 0.7
192 1000 1950 0.5
192 1500 2200 3.5
193 0 0 3.2
193 500 1600 0.7
193 1000 1950 0.5
193 1500 2200 3.5
194 0 0 3.2
194 500 1600 0.7
194 1000 1950 0.5
194 1500 2200 3.5
195 0 0 3.2
195 500 1600 0.7
195 1000 1950 0.5
195 1500 2200 3.5
196 0 0 3.2
196 500 1600 0.7
196 1000 1950 0.5
196 1500 2200 3.5
197 0 0 3.2
197 500 1600 0.7
197 1000 1950 0.5
197 1500 2200 3.5
198 0 0 3.2
198 500 1600 0.7
198 1000 1950 0.5
198 1500 2200 3.5
199 0 0 3.2
199 500 1600 0.7
199 1000 1950 0.5
199 1500 2200 3.5
200 0 0 3.2
200 500 1600 0.7
200 1000 1950 0.5
200 1500 2200 3.5
201 0 0 3.2
201 500 1600 0.7
201 1000 1950 0.5
201 1500 2200 3.5
202 0 0 3.2
202 500 1600 0.7
202 1000 1950 0.5
202 1500 2200 3.5
203 0 0 3.2
203 500 1600 0.7
203 1000 1950 0.5
203 1500 2200 3.5
204 0 0 3.2
204 500 1600 0.7
204 1000 1950 0.5
204 1500 2200 3.5
205 0 0 3.2
205 500 1600 0.7
205 1000 1950 0.5
205 1500 2200 3.5
206 0 0 3.2
206 500 1600 0.7
206 1000 1950 0.5
206 1500 2200 3.5
207 0 0 3.2
207 500 1600 0.7
207 1000 1950 0.5
207 1500 2200 3.5
208 0 0 3.2
208 500 1600 0.7
208 1000 1950 0.5
208 1500 2200 3.5
209 0 0 3.2
209 500 1600 0.7
209 1000 1950 0.5
209 1500 2200 3.5
210 0 0 3.2
210 500 1600 0.7
210 1000 1950 0.5
210 1500 2200 3.5
211 0 0 3.2
211 500 1600 0.7
211 1000 1950 0.5
211 1500 2200 3.5
212 0 0 3.2
212 500 1600 0.7
212 1000 1950 0.5
212 1500 2200 3.5
213 0 0 3.2
213 500 1600 0.7
213 1000 1950 0.5
213 1500 2200 3.5
214 0 0 3.2
214 500 1600 0.7
214 1000 1950 0.5
214 1500 2200 3.5
215 0 0 3.2
215 500 1600 0.7
215 1000 1950 0.5
215 1500 2200 3.5
216 0 0 3.2
216 500 1600 0.7
216 1000 1950 0.5
216 1500 2200 3.5
217 0 0 3.2
217 500 1600 0.7
217 1000 1950 0.5
217 1500 2200 3.5
218 0 0 3.2
218 500 1600 0.7
218 1000 1950 0.5
218 1500 2200 3.5
219 0 0 3.2
219 500 1600 0.7
219 1000 1950 0.5
219 1500 2200 3.5
220 0 0 3.2
220 500 1600 0.7
220 1000 1950 0.5
220 1500 2200 3.5
221 0 0 3.2
221 500 1600 0.7
221 1000 1950 0.5
221 1500 2200 3.5
222 0 0 3.2
222 500 1600 0.7
222 1000 1950 0.5
222 1500 2200 3.5
223 0 0 3.2
223 500 1600 0.7
223 1000 1950 0.5
223 1500 2200 3.5
224 0 0 3.2
224 500 1600 0.7
224 1000 1950 0.5
224 1500 2200 3.5
225 0 0 3.2
225 500 1600 0.7
225 1000 1950 0.5
225 1500 2200 3.5
226 0 0 3.2
226 500 1600 0.7
226 1000 1950 0.5
226 1500 2200 3.5
227 0 0 3.2
227 500 1600 0.7
227 1000 1950 0.5
227 1500 2200 3.5
228 0 0 3.2
228 500 1600 0.7
228 1000 1950 0.5
228 1500 2200 3.5
229 0 0 3.2
229 500 1600 0.7
229 1000 1950 0.5
229 1500 2200 3.5
230 0 0 3.2
230 500 1600 0.7
230 1000 1950 0.5
230 1500 2200 3.5
231 0 0 3.2
231 500 1600 0.7
231 1000 1950 0.5
231 1500 2200 3.5
232 0 0 3.2
232 500 1600 0.7
232 1000 1950 0.5
232 1500 2200 3.5
233 0 0 3.2
233 500 1600 0.7
233 1000 1950 0.5
233 1500 2200 3.5
234 0 0 3.2
234 500 1600 0.7
234 1000 1950 0.5
234 1500 2200 3.5
235 0 0 3.2
235 500 1600 0.7
235 1000 1950 0.5
235 1500 2200 3.5
236 0 0 3.2
236 500 1600 0.7
236 1000 1950 0.5
236 1500 2200 3.5
237 0 0 3.2
237 500 1600 0.7
237 1000 1950 0.5
237 1500 2200 3.5
238 0 0 3.2
238 500 1600 0.7
238 1000 1950 0.5
238 1500 2200 3.5
239 0 0 3.2
239 500 1600 0.7
239 1000 1950 0.5
239 1500 2200 3.5
240 0 0 3.2
240 500 1600 0.7
240 1000 1950 0.5
240 1500 2200 3.5
241 0 0 3.2
241 500 1600 0.7
241 1000 1950 0.5
241 1500 2200 3.5
242 0 0 3.2
242 500 1600 0.7
242 1000 1950 0.5
242 1500 2200 3.5
243 0 0 3.2
243 500 1600 0.7
243 1000 1950 0.5
243 1500 2200 3.5
244 0 0 3.2
244 500 1600 0.7
244 1000 1950 0.5
244 1500 2200 3.5
245 0 0 3.2
245 500 1600 0.7
245 1000 1950 0.5
245 1500 2200 3.5
246 0 0 3.2
246 500 1600 0.7
246 1000 1950 0.5
246 1500 2200 3.5
247 0 0 3.2
247 500 1600 0.7
247 1000 1950 0.5
247 1500 2200 3.5
248 0 0 3.2
248 500 1600 0.7
248 1000 1950 0.5
248 1500 2200 3.5
249 0 0 3.2
249 500 1600 0.7
249 1000 1950 0.5
249 1500 2200 3.5
250 0 0 3.2
250 500 1600 0.7
250 1000 1950 0.5
250 1500 2200 3.5
251 0 0 3.2
251 500 1600 0.7
251 1000 1950 0.5
251 1500 2200 3.5
252 0 0 3.2
252 500 1600 0.7
252 1000 1950 0.5
252 1500 2200 3.5
253 0 0 3.2
253 500 1600 0.7
253 1000 1950 0.5
253 1500 2200 3.5
254 0 0 3.2
254 500 1600 0.7
254 1000 1950 0.5
254 1500 2200 3.5
255 0 0 3.2
255 500 1600 0.7
255 1000 1950 0.5
255 1500 2200 3.5
256 0 0 3.2
256 500 1600 0.7
256 1000 1950 0.5
256 1500 2200 3.5
257 0 0 3.2
257 500 1600 0.7
257 1000 1950 0.5
257 1500 2200 3.5
258 0 0 3.2
258 500 1600 0.7
258 1000 1950 0.5
258 1500 2200 3.5
259 0 0 3.2
259 500 1600 0.7
259 1000 1950 0.5
259 1500 2200 3.5
260 0 0 3.2
260 500 1600 0.7
260 1000 1950 0.5
260 1500 2200 3.5
261 0 0 3.2
261 500 1600 0.7
261 1000 1950 0.5
261 1500 2200 3.5
262 0 0 3.2
262 500 1600 0.7
262 1000 1950 0.5
262 1500 2200 3.5
263 0 0 3.2
263 500 1600 0.7
263 1000 1950 0.5
263 1500 2200 3.5
264 0 0 3.2
264 500 1600 0.7
264 1000 1950 0.5
264 1500 2200 3.5
265 0 0 3.2
265 500 1600 0.7
265 1000 1950 0.5
265 1500 2200 3.5
266 0 0 3.2
266 500 1600 0.7
266 1000 1950 0.5
266 1500 2200 3.5
267 0 0 3.2
267 500 1600 0.7
267 1000 1950 0.5
267 1500 2200 3.5
268 0 0 3.2
268 500 1600 0.7
268 1000 1950 0.5
268 1500 2200 3.5
269 0 0 3.2
269 500 1600 0.7
269 1000 1950 0.5
269 1500 2200 3.5
270 0 0 3.2
270 500 1600 0.7
270 1000 1950 0.5
270 1500 2200 3.5
271 0 0 3.2
271 500 1600 0.7
271 1000 1950 0.5
271 1500 2200 3.5
272 0 0 3.2
272 500 1600 0.7
272 1000 1950 0.5
272 1500 2200 3.5
273 0 0 3.2
273 500 1600 0.7
273 1000 1950 0.5
273 1500 2200 3.5
274 0 0 3.2
274 500 1600 0.7
274 1000 1950 0.5
274 1500 2200 3.5
275 0 0 3.2
275 500 1600 0.7
275 1000 1950 0.5
275 1500 2200 3.5
276 0 0 3.2
276 500 1600 0.7
276 1000 1950 0.5
276 1500 2200 3.5
277 0 0 3.2
277 500 1600 0.7
277 1000 1950 0.5
277 1500 2200 3.5
278 0 0 3.2
278 500 1600 0.7
278 1000 1950 0.5
278 1500 2200 3.5
279 0 0 3.2
279 500 1600 0.7
279 1000 1950 0.5
279 1500 2200 3.5
280 0 0 3.2
280 500 1600 0.7
280 1000 1950 0.5
280 1500 2200 3.5
281 0 0 3.2
281 500 1600 0.7
281 1000 1950 0.5
281 1500 2200 3.5
282 0 0 3.2
282 500 1600 0.7
282 1000 1950 0.5
282 1500 2200 3.5
283 0 0 3.2
283 500 1600 0.7
283 1000 1950 0.5
283 1500 2200 3.5
284 0 0 3.2
284 500 1600 0.7
284 1000 1950 0.5
284 1500 2200 3.5
285 0 0 3.2
285 500 1600 0.7
285 1000 1950 0.5
285 1500 2200 3.5
286 0 0 3.2
286 500 1600 0.7
286 1000 1950 0.5
286 1500 2200 3.5
287 0 0 3.2
287 500 1600 0.7
287 1000 1950 0.5
287 1500 2200 3.5
288 0 0 3.2
288 500 1600 0.7
288 1000 1950 0.5
288 1500 2200 3.5
289 0 0 3.2
289 500 1600 0.7
289 1000 1950 0.5
289 1500 2200 3.5
290 0 0 3.2
290 500 1600 0.7
290 1000 1950 0.5
290 1500 2200 3.5
291 0 0 3.2
291 500 1600 0.7
291 1000 1950 0.5
291 1500 2200 3.5
292 0 0 3.2
292 500 1600 0.7
292 1000 1950 0.5
292 1500 2200 3.5
293 0 0 3.2
293 500 1600 0.7
293 1000 1950 0.5
293 1500 2200 3.5
294 0 0 3.2
294 500 1600 0.7
294 1000 1950 0.5
294 1500 2200 3.5
295 0 0 3.2
295 500 1600 0.7
295 1000 1950 0.5
295 1500 2200 3.5
296 0 0 3.2
296 500 1600 0.7
296 1000 1950 0.5
296 1500 2200 3.5
297 0 0 3.2
297 500 1600 0.7
297 1000 1950 0.5
297 1500 2200 3.5
298 0 0 3.2
298 500 1600 0.7
298 1000 1950 0.5
298 1500 2200 3.5
299 0 0 3.2
299 500 1600 0.7
299 1000 1950 0.5
299 1500 2200 3.5
300 0 0 3.2
300 500 1600 0.7
300 1000 1950 0.5
300 1500 2200 3.5
301 0 0 3.2
301 500 1600 0.7
301 1000 1950 0.5
301 1500 2200 3.5
302 0 0 3.2
302 500 1600 0.7
302 1000 1950 0.5
302 1500 2200 3.5
303 0 0 3.2
303 500 1600 0.7
303 1000 1950 0.5
303 1500 2200 3.5
304 0 0 3.2
304 500 1600 0.7
304 1000 1950 0.5
304 1500 2200 3.5
305 0 0 3.2
305 500 1600 0.7
305 1000 1950 0.5
305 1500 2200 3.5
306 0 0 3.2
306 500 1600 0.7
306 1000 1950 0.5
306 1500 2200 3.5
307 0 0 3.2
307 500 1600 0.7
307 1000 1950 0.5
307 1500 2200 3.5
308 0 0 3.2
308 500 1600 0.7
308 1000 1950 0.5
308 1500 2200 3.5
309 0 0 3.2
309 500 1600 0.7
309 1000 1950 0.5
309 1500 2200 3.5
310 0 0 3.2
310 500 1600 0.7
310 1000 1950 0.5
310 1500 2200 3.5
311 0 0 3.2
311 500 1600 0.7
311 1000 1950 0.5
311 1500 2200 3.5
312 0 0 3.2
312 500 1600 0.7
312 1000 1950 0.5
312 1500 2200 3.5
313 0 0 3.2
313 500 1600 0.7
313 1000 1950 0.5
313 1500 2200 3.5
314 0 0 3.2
314 500 1600 0.7
314 1000 1950 0.5
314 1500 2200 3.5
315 0 0 3.2
315 500 1600 0.7
315 1000 1950 0.5
315 1500 2200 3.5
316 0 0 3.2
316 500 1600 0.7
316 1000 1950 0.5
316 1500 2200 3.5
317 0 0 3.2
317 500 1600 0.7
317 1000 1950 0.5
317 1500 2200 3.5
318 0 0 3.2
318 500 1600 0.7
318 1000 1950 0.5
318 1500 2200 3.5
319 0 0 3.2
319 500 1600 0.7
319 1000 1950 0.5
319 1500 2200 3.5
320 0 0 3.2
320 500 1600 0.7
320 1000 1950 0.5
320 1500 2200 3.5
321 0 0 3.2
321 500 1600 0.7
321 1000 1950 0.5
321 1500 2200 3.5
322 0 0 3.2
322 500 1600 0.7
322 1000 1950 0.5
322 1500 2200 3.5
323 0 0 3.2
323 500 1600 0.7
323 1000 1950 0.5
323 1500 2200 3.5
324 0 0 3.2
324 500 1600 0.7
324 1000 1950 0.5
324 1500 2200 3.5
325 0 0 3.2
325 500 1600 0.7
325 1000 1950 0.5
325 1500 2200 3.5
326 0 0 3.2
326 500 1600 0.7
326 1000 1950 0.5
326 1500 2200 3.5
327 0 0 3.2
327 500 1600 0.7
327 1000 1950 0.5
327 1500 2200 3.5
328 0 0 3.2
328 500 1600 0.7
328 1000 1950 0.5
328 1500 2200 3.5
329 0 0 3.2
329 500 1600 0.7
329 1000 1950 0.5
329 1500 2200 3.5
330 0 0 3.2
330 500 1600 0.7
330 1000 1950 0.5
330 1500 2200 3.5
331 0 0 3.2
331 500 1600 0.7
331 1000 1950 0.5
331 1500 2200 3.5
332 0 0 3.2
332 500 1600 0.7
332 1000 1950 0.5
332 1500 2200 3.5
333 0 0 3.2
333 500 1600 0.7
333 1000 1950 0.5
333 1500 2200 3.5
334 0 0 3.2
334 500 1600 0.7
334 1000 1950 0.5
334 1500 2200 3.5
335 0 0 3.2
335 500 1600 0.7
335 1000 1950 0.5
335 1500 2200 3.5
336 0 0 3.2
336 500 1600 0.7
336 1000 1950 0.5
336 1500 2200 3.5
337 0 0 3.2
337 500 1600 0.7
337 1000 1950 0.5
337 1500 2200 3.5
338 0 0 3.2
338 500 1600 0.7
338 1000 1950 0.5
338 1500 2200 3.5
339 0 0 3.2
339 500 1600 0.7
339 1000 1950 0.5
339 1500 2200 3.5
340 0 0 3.2
340 500 1600 0.7
340 1000 1950 0.5
340 1500 2200 3.5
341 0 0 3.2
341 500 1600 0.7
341 1000 1950 0.5
341 1500 2200 3.5
342 0 0 3.2
342 500 1600 0.7
342 1000 1950 0.5
342 1500 2200 3.5
343 0 0 3.2
343 500 1600 0.7
343 1000 1950 0.5
343 1500 2200 3.5
344 0 0 3.2
344 500 1600 0.7
344 1000 1950 0.5
344 1500 2200 3.5
345 0 0 3.2
345 500 1600 0.7
345 1000 1950 0.5
345 1500 2200 3.5
346 0 0 3.2
346 500 1600 0.7
346 1000 1950 0.5
346 1500 2200 3.5
347 0 0 3.2
347 500 1600 0.7
347 1000 1950 0.5
347 1500 2200 3.5
348 0 0 3.2
348 500 1600 0.7
348 1000 1950 0.5
348 1500 2200 3.5
349 0 0 3.2
349 500 1600 0.7
349 1000 1950 0.5
349 1500 2200 3.5
350 0 0 3.2
350 500 1600 0.7
350 1000 1950 0.5
350 1500 2200 3.5
351 0 0 3.2
351 500 1600 0.7
351 1000 1950 0.5
351 1500 2200 3.5
352 0 0 3.2
352 500 1600 0.7
352 1000 1950 0.5
352 1500 2200 3.5
353 0 0 3.2
353 500 1600 0.7
353 1000 1950 0.5
353 1500 2200 3.5
354 0 0 3.2
354 500 1600 0.7
354 1000 1950 0.5
354 1500 2200 3.5
355 0 0 3.2
355 500 1600 0.7
355 1000 1950 0.5
355 1500 2200 3.5
356 0 0 3.2
356 500 1600 0.7
356 1000 1950 0.5
356 1500 2200 3.5
357 0 0 3.2
357 500 1600 0.7
357 1000 1950 0.5
357 1500 2200 3.5
358 0 0 3.2
358 500 1600 0.7
358 1000 1950 0.5
358 1500 2200 3.5
359 0 0 3.2
359 500 1600 0.7
359 1000 1950 0.5
359 1500 2200 3.5
360 0 0 3.2
360 500 1600 0.7
360 1000 1950 0.5
360 1500 2200 3.5
361 0 0 3.2
361 500 1600 0.7
361 1000 1950 0.5
361 1500 2200 3.5
362 0 0 3.2
362 500 1600 0.7
362 1000 1950 0.5
362 1500 2200 3.5
363 0 0 3.2
363 500 1600 0.7
363 1000 1950 0.5
363 1500 2200 3.5
364 0 0 3.2
364 500 1600 0.7
364 1000 1950 0.5
364 1500 2200 3.5
365 0 0 3.2
365 500 1600 0.7
365 1000 1950 0.5
365 1500 2200 3.5
366 0 0 3.2
366 500 1600 0.7
366 1000 1950 0.5
366 1500 2200 3.5
367 0 0 3.2
367 500 1600 0.7
367 1000 1950 0.5
367 1500 2200 3.5
368 0 0 3.2
368 500 1600 0.7
368 1000 1950 0.5
368 1500 2200 3.5
369 0 0 3.2
369 500 1600 0.7
369 1000 1950 0.5
369 1500 2200 3.5
370 0 0 3.2
370 500 1600 0.7
370 1000 1950 0.5
370 1500 2200 3.5
371 0 0 3.2
371 500 1600 0.7
371 1000 1950 0.5
371 1500 2200 3.5
372 0 0 3.2
372 500 1600 0.7
372 1000 1950 0.5
372 1500 2200 3.5
373 0 0 3.2
373 500 1600 0.7
373 1000 1950 0.5
373 1500 2200 3.5
374 0 0 3.2
374 500 1600 0.7
374 1000 1950 0.5
374 1500 2200 3.5
375 0 0 3.2
375 500 1600 0.7
375 1000 1950 0.5
375 1500 2200 3.5
376 0 0 3.2
376 500 1600 0.7
376 1000 1950 0.5
376 1500 2200 3.5
377 0 0 3.2
377 500 1600 0.7
377 1000 1950 0.5
377 1500 2200 3.5
378 0 0 3.2
378 500 1600 0.7
378 1000 1950 0.5
378 1500 2200 3.5
379 0 0 3.2
379 500 1600 0.7
379 1000 1950 0.5
379 1500 2200 3.5
380 0 0 3.2
380 500 1600 0.7
380 1000 1950 0.5
380 1500 2200 3.5
381 0 0 3.2
381 500 1600 0.7
381 1000 1950 0.5
381 1500 2200 3.5
382 0 0 3.2
382 500 1600 0.7
382 1000 1950 0.5
382 1500 2200 3.5
383 0 0 3.2
383 500 1600 0.7
383 1000 1950 0.5
383 1500 2200 3.5
384 0 0 3.2
384 500 1600 0.7
384 1000 1950 0.5
384 1500 2200 3.5
385 0 0 3.2
385 500 1600 0.7
385 1000 1950 0.5
385 1500 2200 3.5
386 0 0 3.2
386 500 1600 0.7
386 1000 1950 0.5
386 1500 2200 3.5
387 0 0 3.2
387 500 1600 0.7
387 1000 1950 0.5
387 1500 2200 3.5
388 0 0 3.2
388 500 1600 0.7
388 1000 1950 0.5
388 1500 2200 3.5
389 0 0 3.2
389 500 1600 0.7
389 1000 1950 0.5
389 1500 2200 3.5
390 0 0 3.2
390 500 1600 0.7
390 1000 1950 0.5
390 1500 2200 3.5
391 0 0 3.2
391 500 1600 0.7
391 1000 1950 0.5
391 1500 2200 3.5
392 0 0 3.2
392 500 1600 0.7
392 1000 1950 0.5
392 1500 2200 3.5
393 0 0 3.2
393 500 1600 0.7
393 1000 1950 0.5
393 1500 2200 3.5
394 0 0 3.2
394 500 1600 0.7
394 1000 1950 0.5
394 1500 2200 3.5
395 0 0 3.2
395 500 1600 0.7
395 1000 1950 0.5
395 1500 2200 3.5
396 0 0 3.2
396 500 1600 0.7
396 1000 1950 0.5
396 1500 2200 3.5
397 0 0 3.2
397 500 1600 0.7
397 1000 1950 0.5
397 1500 2200 3.5
398 0 0 3.2
398 500 1600 0.7
398 1000 1950 0.5
398 1500 2200 3.5
399 0 0 3.2
399 500 1600 0.7
399 1000 1950 0.5
399 1500 2200 3.5
400 0 0 3.2
400 500 1600 0.7
400 1000 1950 0.5
400 1500 2200 3.5
401 0 0 3.2
401 500 1600 0.7
401 1000 1950 0.5
401 1500 2200 3.5
402 0 0 3.2
402 500 1600 0.7
402 1000 1950 0.5
402 1500 2200 3.5
403 0 0 3.2
403 500 1600 0.7
403 1000 1950 0.5
403 1500 2200 3.5
404 0 0 3.2
404 500 1600 0.7
404 1000 1950 0.5
404 1500 2200 3.5
405 0 0 3.2
405 500 1600 0.7
405 1000 1950 0.5
405 1500 2200 3.5
406 0 0 3.2
406 500 1600 0.7
406 1000 1950 0.5
406 1500 2200 3.5
407 0 0 3.2
407 500 1600 0.7
407 1000 1950 0.5
407 1500 2200 3.5
408 0 0 3.2
408 500 1600 0.7
408 1000 1950 0.5
408 1500 2200 3.5
409 0 0 3.2
409 500 1600 0.7
409 1000 1950 0.5
409 1500 2200 3.5
410 0 0 3.2
410 500 1600 0.7
410 1000 1950 0.5
410 1500 2200 3.5
411 0 0 3.2
411 500 1600 0.7
411 1000 1950 0.5
411 1500 2200 3.5
412 0 0 3.2
412 500 1600 0.7
412 1000 1950 0.5
412 1500 2200 3.5
413 0 0 3.2
413 500 1600 0.7
413 1000 1950 0.5
413 1500 2200 3.5
414 0 0 3.2
414 500 1600 0.7
414 1000 1950 0.5
414 1500 2200 3.5
415 0 0 3.2
415 500 1600 0.7
415 1000 1950 0.5
415 1500 2200 3.5
416 0 0 3.2
416 500 1600 0.7
416 1000 1950 0.5
416 1500 2200 3.5
417 0 0 3.2
417 500 1600 0.7
417 1000 1950 0.5
417 1500 2200 3.5
418 0 0 3.2
418 500 1600 0.7
418 1000 1950 0.5
418 1500 2200 3.5
419 0 0 3.2
419 500 1600 0.7
419 1000 1950 0.5
419 1500 2200 3.5
420 0 0 3.2
420 500 1600 0.7
420 1000 1950 0.5
420 1500 2200 3.5
421 0 0 3.2
421 500 1600 0.7
421 1000 1950 0.5
421 1500 2200 3.5
422 0 0 3.2
422 500 1600 0.7
422 1000 1950 0.5
422 1500 2200 3.5
423 0 0 3.2
423 500 1600 0.7
423 1000 1950 0.5
423 1500 2200 3.5
424 0 0 3.2
424 500 1600 0.7
424 1000 1950 0.5
424 1500 2200 3.5
425 0 0 3.2
425 500 1600 0.7
425 1000 1950 0.5
425 1500 2200 3.5
426 0 0 3.2
426 500 1600 0.7
426 1000 1950 0.5
426 1500 2200 3.5
427 0 0 3.2
427 500 1600 0.7
427 1000 1950 0.5
427 1500 2200 3.5
428 0 0 3.2
428 500 1600 0.7
428 1000 1950 0.5
428 1500 2200 3.5
429 0 0 3.2
429 500 1600 0.7
429 1000 1950 0.5
429 1500 2200 3.5
430 0 0 3.2
430 500 1600 0.7
430 1000 1950 0.5
430 1500 2200 3.5
431 0 0 3.2
431 500 1600 0.7
431 1000 1950 0.5
431 1500 2200 3.5
432 0 0 3.2
432 500 1600 0.7
432 1000 1950 0.5
432 1500 2200 3.5
433 0 0 3.2
433 500 1600 0.7
433 1000 1950 0.5
433 1500 2200 3.5
434 0 0 3.2
434 500 1600 0.7
434 1000 1950 0.5
434 1500 2200 3.5
435 0 0 3.2
435 500 1600 0.7
435 1000 1950 0.5
435 1500 2200 3.5
436 0 0 3.2
436 500 1600 0.7
436 1000 1950 0.5
436 1500 2200 3.5
437 0 0 3.2
437 500 1600 0.7
437 1000 1950 0.5
437 1500 2200 3.5
438 0 0 3.2
438 500 1600 0.7
438 1000 1950 0.5
438 1500 2200 3.5
439 0 0 3.2
439 500 1600 0.7
439 1000 1950 0.5
439 1500 2200 3.5
440 0 0 3.2
440 500 1600 0.7
440 1000 1950 0.5
440 1500 2200 3.5
441 0 0 3.2
441 500 1600 0.7
441 1000 1950 0.5
441 1500 2200 3.5
442 0 0 3.2
442 500 1600 0.7
442 1000 1950 0.5
442 1500 2200 3.5
443 0 0 3.2
443 500 1600 0.7
443 1000 1950 0.5
443 1500 2200 3.5
444 0 0 3.2
444 500 1600 0.7
444 1000 1950 0.5
444 1500 2200 3.5
445 0 0 3.2
445 500 1600 0.7
445 1000 1950 0.5
445 1500 2200 3.5
446 0 0 3.2
446 500 1600 0.7
446 1000 1950 0.5
446 1500 2200 3.5
447 0 0 3.2
447 500 1600 0.7
447 1000 1950 0.5
447 1500 2200 3.5
448 0 0 3.2
448 500 1600 0.7
448 1000 1950 0.5
448 1500 2200 3.5
449 0 0 3.2
449 500 1600 0.7
449 1000 1950 0.5
449 1500 2200 3.5
450 0 0 3.2
450 500 1600 0.7
450 1000 1950 0.5
450 1500 2200 3.5
451 0 0 3.2
451 500 1600 0.7
451 1000 1950 0.5
451 1500 2200 3.5
452 0 0 3.2
452 500 1600 0.7
452 1000 1950 0.5
452 1500 2200 3.5
453 0 0 3.2
453 500 1600 0.7
453 1000 1950 0.5
453 1500 2200 3.5
454 0 0 3.2
454 500 1600 0.7
454 1000 1950 0.5
454 1500 2200 3.5
455 0 0 3.2
455 500 1600 0.7
455 1000 1950 0.5
455 1500 2200 3.5
456 0 0 3.2
456 500 1600 0.7
456 1000 1950 0.5
456 1500 2200 3.5
457 0 0 3.2
457 500 1600 0.7
457 1000 1950 0.5
457 1500 2200 3.5
458 0 0 3.2
458 500 1600 0.7
458 1000 1950 0.5
458 1500 2200 3.5
459 0 0 3.2
459 500 1600 0.7
459 1000 1950 0.5
459 1500 2200 3.5
460 0 0 3.2
460 500 1600 0.7
460 1000 1950 0.5
460 1500 2200 3.5
461 0 0 3.2
461 500 1600 0.7
461 1000 1950 0.5
461 1500 2200 3.5
462 0 0 3.2
462 500 1600 0.7
462 1000 1950 0.5
462 1500 2200 3.5
463 0 0 3.2
463 500 1600 0.7
463 1000 1950 0.5
463 1500 2200 3.5
464 0 0 3.2
464 500 1600 0.7
464 1000 1950 0.5
464 1500 2200 3.5
465 0 0 3.2
465 500 1600 0.7
465 1000 1950 0.5
465 1500 2200 3.5
466 0 0 3.2
466 500 1600 0.7
466 1000 1950 0.5
466 1500 2200 3.5
467 0 0 3.2
467 500 1600 0.7
467 1000 1950 0.5
467 1500 2200 3.5
468 0 0 3.2
468 500 1600 0.7
468 1000 1950 0.5
468 1500 2200 3.5
469 0 0 3.2
469 500 1600 0.7
469 1000 1950 0.5
469 1500 2200 3.5
470 0 0 3.2
470 500 1600 0.7
470 1000 1950 0.5
470 1500 2200 3.5
471 0 0 3.2
471 500 1600 0.7
471 1000 1950 0.5
471 1500 2200 3.5
472 0 0 3.2
472 500 1600 0.7
472 1000 1950 0.5
472 1500 2200 3.5
473 0 0 3.2
473 500 1600 0.7
473 1000 1950 0.5
473 1500 2200 3.5
474 0 0 3.2
474 500 1600 0.7
474 1000 1950 0.5
474 1500 2200 3.5
475 0 0 3.2
475 500 1600 0.7
475 1000 1950 0.5
475 1500 2200 3.5
476 0 0 3.2
476 500 1600 0.7
476 1000 1950 0.5
476 1500 2200 3.5
477 0 0 3.2
477 500 1600 0.7
477 1000 1950 0.5
477 1500 2200 3.5
478 0 0 3.2
478 500 1600 0.7
478 1000 1950 0.5
478 1500 2200 3.5
479 0 0 3.2
479 500 1600 0.7
479 1000 1950 0.5
479 1500 2200 3.5
480 0 0 3.2
480 500 1600 0.7
480 1000 1950 0.5
480 1500 2200 3.5
481 0 0 3.2
481 500 1600 0.7
481 1000 1950 0.5
481 1500 2200 3.5
482 0 0 3.2
482 500 1600 0.7
482 1000 1950 0.5
482 1500 2200 3.5
483 0 0 3.2
483 500 1600 0.7
483 1000 1950 0.5
483 1500 2200 3.5
484 0 0 3.2
484 500 1600 0.7
484 1000 1950 0.5
484 1500 2200 3.5
485 0 0 3.2
485 500 1600 0.7
485 1000 1950 0.5
485 1500 2200 3.5
486 0 0 3.2
486 500 1600 0.7
486 1000 1950 0.5
486 1500 2200 3.5
487 0 0 3.2
487 500 1600 0.7
487 1000 1950 0.5
487 1500 2200 3.5
488 0 0 3.2
488 500 1600 0.7
488 1000 1950 0.5
488 1500 2200 3.5
489 0 0 3.2
489 500 1600 0.7
489 1000 1950 0.5
489 1500 2200 3.5
490 0 0 3.2
490 500 1600 0.7
490 1000 1950 0.5
490 1500 2200 3.5
491 0 0 3.2
491 500 1600 0.7
491 1000 1950 0.5
491 1500 2200 3.5
492 0 0 3.2
492 500 1600 0.7
492 1000 1950 0.5
492 1500 2200 3.5
493 0 0 3.2
493 500 1600 0.7
493 1000 1950 0.5
493 1500 2200 3.5
494 0 0 3.2
494 500 1600 0.7
494 1000 1950 0.5
494 1500 2200 3.5
495 0 0 3.2
495 500 1600 0.7
495 1000 1950 0.5
495 1500 2200 3.5
496 0 0 3.2
496 500 1600 0.7
496 1000 1950 0.5
496 1500 2200 3.5
497 0 0 3.2
497 500 1600 0.7
497 1000 1950 0.5
497 1500 2200 3.5
498 0 0 3.2
498 500 1600 0.7
498 1000 1950 0.5
498 1500 2200 3.5
499 0 0 3.2
499 500 1600 0.7
499 1000 1950 0.5
499 1500 2200 3.5
500 0 0 3.2
500 500 1600 0.7
500 1000 1950 0.5
500 1500 2200 3.5
501 0 0 3.2
501 500 1600 0.7
501 1000 1950 0.5
501 1500 2200 3.5
502 0 0 3.2
502 500 1600 0.7
502 1000 1950 0.5
502 1500 2200 3.5
503 0 0 3.2
503 500 1600 0.7
503 1000 1950 0.5
503 1500 2200 3.5
504 0 0 3.2
504 500 1600 0.7
504 1000 1950 0.5
504 1500 2200 3.5
505 0 0 3.2
505 500 1600 0.7
505 1000 1950 0.5
505 1500 2200 3.5
506 0 0 3.2
506 500 1600 0.7
506 1000 1950 0.5
506 1500 2200 3.5
507 0 0 3.2
507 500 1600 0.7
507 1000 1950 0.5
507 1500 2200 3.5
508 0 0 3.2
508 500 1600 0.7
508 1000 1950 0.5
508 1500 2200 3.5
509 0 0 3.2
509 500 1600 0.7
509 1000 1950 0.5
509 1500 2200 3.5
510 0 0 3.2
510 500 1600 0.7
510 1000 1950 0.5
510 1500 2200 3.5
511 0 0 3.2
511 500 1600 0.7
511 1000 1950 0.5
511 1500 2200 3.5
512 0 0 3.2
512 500 1600 0.7
512 1000 1950 0.5
512 1500 2200 3.5
513 0 0 3.2
513 500 1600 0.7
513 1000 1950 0.5
513 1500 2200 3.5
514 0 0 3.2
514 500 1600 0.7
514 1000 1950 0.5
514 1500 2200 3.5
515 0 0 3.2
515 500 1600 0.7
515 1000 1950 0.5
515 1500 2200 3.5
516 0 0 3.2
516 500 1600 0.7
516 1000 1950 0.5
516 1500 2200 3.5
517 0 0 3.2
517 500 1600 0.7
517 1000 1950 0.5
517 1500 2200 3.5
518 0 0 3.2
518 500 1600 0.7
518 1000 1950 0.5
518 1500 2200 3.5
519 0 0 3.2
519 500 1600 0.7
519 1000 1950 0.5
519 1500 2200 3.5
520 0 0 3.2
520 500 1600 0.7
520 1000 1950 0.5
520 1500 2200 3.5
521 0 0 3.2
521 500 1600 0.7
521 1000 1950 0.5
521 1500 2200 3.5
522 0 0 3.2
522 500 1600 0.7
522 1000 1950 0.5
522 1500 2200 3.5
523 0 0 3.2
523 500 1600 0.7
523 1000 1950 0.5
523 1500 2200 3.5
524 0 0 3.2
524 500 1600 0.7
524 1000 1950 0.5
524 1500 2200 3.5
525 0 0 3.2
525 500 1600 0.7
525 1000 1950 0.5
525 1500 2200 3.5
526 0 0 3.2
526 500 1600 0.7
526 1000 1950 0.5
526 1500 2200 3.5
527 0 0 3.2
527 500 1600 0.7
527 1000 1950 0.5
527 1500 2200 3.5
528 0 0 3.2
528 500 1600 0.7
528 1000 1950 0.5
528 1500 2200 3.5
529 0 0 3.2
529 500 1600 0.7
529 1000 1950 0.5
529 1500 2200 3.5
530 0 0 3.2
530 500 1600 0.7
530 1000 1950 0.5
530 1500 2200 3.5
531 0 0 3.2
531 500 1600 0.7
531 1000 1950 0.5
531 1500 2200 3.5
532 0 0 3.2
532 500 1600 0.7
532 1000 1950 0.5
532 1500 2200 3.5
533 0 0 3.2
533 500 1600 0.7
533 1000 1950 0.5
533 1500 2200 3.5
534 0 0 3.2
534 500 1600 0.7
534 1000 1950 0.5
534 1500 2200 3.5
535 0 0 3.2
535 500 1600 0.7
535 1000 1950 0.5
535 1500 2200 3.5
536 0 0 3.2
536 500 1600 0.7
536 1000 1950 0.5
536 1500 2200 3.5
537 0 0 3.2
537 500 1600 0.7
537 1000 1950 0.5
537 1500 2200 3.5
538 0 0 3.2
538 500 1600 0.7
538 1000 1950 0.5
538 1500 2200 3.5
539 0 0 3.2
539 500 1600 0.7
539 1000 1950 0.5
539 1500 2200 3.5
540 0 0 3.2
540 500 1600 0.7
540 1000 1950 0.5
540 1500 2200 3.5
541 0 0 3.2
541 500 1600 0.7
541 1000 1950 0.5
541 1500 2200 3.5
542 0 0 3.2
542 500 1600 0.7
542 1000 1950 0.5
542 1500 2200 3.5
543 0 0 3.2
543 500 1600 0.7
543 1000 1950 0.5
543 1500 2200 3.5
544 0 0 3.2
544 500 1600 0.7
544 1000 1950 0.5
544 1500 2200 3.5
545 0 0 3.2
545 500 1600 0.7
545 1000 1950 0.5
545 1500 2200 3.5
546 0 0 3.2
546 500 1600 0.7
546 1000 1950 0.5
546 1500 2200 3.5
547 0 0 3.2
547 500 1600 0.7
547 1000 1950 0.5
547 1500 2200 3.5
548 0 0 3.2
548 500 1600 0.7
548 1000 1950 0.5
548 1500 2200 3.5
549 0 0 3.2
549 500 1600 0.7
549 1000 1950 0.5
549 1500 2200 3.5
550 0 0 3.2
550 500 1600 0.7
550 1000 1950 0.5
550 1500 2200 3.5
551 0 0 3.2
551 500 1600 0.7
551 1000 1950 0.5
551 1500 2200 3.5
552 0 0 3.2
552 500 1600 0.7
552 1000 1950 0.5
552 1500 2200 3.5
553 0 0 3.2
553 500 1600 0.7
553 1000 1950 0.5
553 1500 2200 3.5
554 0 0 3.2
554 500 1600 0.7
554 1000 1950 0.5
554 1500 2200 3.5
555 0 0 3.2
555 500 1600 0.7
555 1000 1950 0.5
555 1500 2200 3.5
556 0 0 3.2
556 500 1600 0.7
556 1000 1950 0.5
556 1500 2200 3.5
557 0 0 3.2
557 500 1600 0.7
557 1000 1950 0.5
557 1500 2200 3.5
558 0 0 3.2
558 500 1600 0.7
558 1000 1950 0.5
558 1500 2200 3.5
559 0 0 3.2
559 500 1600 0.7
559 1000 1950 0.5
559 1500 2200 3.5
560 0 0 3.2
560 500 1600 0.7
560 1000 1950 0.5
560 1500 2200 3.5
561 0 0 3.2
561 500 1600 0.7
561 1000 1950 0.5
561 1500 2200 3.5
562 0 0 3.2
562 500 1600 0.7
562 1000 1950 0.5
562 1500 2200 3.5
563 0 0 3.2
563 500 1600 0.7
563 1000 1950 0.5
563 1500 2200 3.5
564 0 0 3.2
564 500 1600 0.7
564 1000 1950 0.5
564 1500 2200 3.5
565 0 0 3.2
565 500 1600 0.7
565 1000 1950 0.5
565 1500 2200 3.5
566 0 0 3.2
566 500 1600 0.7
566 1000 1950 0.5
566 1500 2200 3.5
567 0 0 3.2
567 500 1600 0.7
567 1000 1950 0.5
567 1500 2200 3.5
568 0 0 3.2
568 500 1600 0.7
568 1000 1950 0.5
568 1500 2200 3.5
569 0 0 3.2
569 500 1600 0.7
569 1000 1950 0.5
569 1500 2200 3.5
570 0 0 3.2
570 500 1600 0.7
570 1000 1950 0.5
570 1500 2200 3.5
571 0 0 3.2
571 500 1600 0.7
571 1000 1950 0.5
571 1500 2200 3.5
572 0 0 3.2
572 500 1600 0.7
572 1000 1950 0.5
572 1500 2200 3.5
573 0 0 3.2
573 500 1600 0.7
573 1000 1950 0.5
573 1500 2200 3.5
574 0 0 3.2
574 500 1600 0.7
574 1000 1950 0.5
574 1500 2200 3.5
575 0 0 3.2
575 500 1600 0.7
575 1000 1950 0.5
575 1500 2200 3.5
576 0 0 3.2
576 500 1600 0.7
576 1000 1950 0.5
576 1500 2200 3.5
577 0 0 3.2
577 500 1600 0.7
577 1000 1950 0.5
577 1500 2200 3.5
578 0 0 3.2
578 500 1600 0.7
578 1000 1950 0.5
578 1500 2200 3.5
579 0 0 3.2
579 500 1600 0.7
579 1000 1950 0.5
579 1500 2200 3.5
580 0 0 3.2
580 500 1600 0.7
580 1000 1950 0.5
580 1500 2200 3.5
581 0 0 3.2
581 500 1600 0.7
581 1000 1950 0.5
581 1500 2200 3.5
582 0 0 3.2
582 500 1600 0.7
582 1000 1950 0.5
582 1500 2200 3.5
583 0 0 3.2
583 500 1600 0.7
583 1000 1950 0.5
583 1500 2200 3.5
584 0 0 3.2
584 500 1600 0.7
584 1000 1950 0.5
584 1500 2200 3.5
585 0 0 3.2
585 500 1600 0.7
585 1000 1950 0.5
585 1500 2200 3.5
586 0 0 3.2
586 500 1600 0.7
586 1000 1950 0.5
586 1500 2200 3.5
587 0 0 3.2
587 500 1600 0.7
587 1000 1950 0.5
587 1500 2200 3.5
588 0 0 3.2
588 500 1600 0.7
588 1000 1950 0.5
588 1500 2200 3.5
589 0 0 3.2
589 500 1600 0.7
589 1000 1950 0.5
589 1500 2200 3.5
590 0 0 3.2
590 500 1600 0.7
590 1000 1950 0.5
590 1500 2200 3.5
591 0 0 3.2
591 500 1600 0.7
591 1000 1950 0.5
591 1500 2200 3.5
592 0 0 3.2
592 500 1600 0.7
592 1000 1950 0.5
592 1500 2200 3.5
593 0 0 3.2
593 500 1600 0.7
593 1000 1950 0.5
593 1500 2200 3.5
594 0 0 3.2
594 500 1600 0.7
594 1000 1950 0.5
594 1500 2200 3.5
595 0 0 3.2
595 500 1600 0.7
595 1000 1950 0.5
595 1500 2200 3.5
596 0 0 3.2
596 500 1600 0.7
596 1000 1950 0.5
596 1500 2200 3.5
597 0 0 3.2
597 500 1600 0.7
597 1000 1950 0.5
597 1500 2200 3.5
598 0 0 3.2
598 500 1600 0.7
598 1000 1950 0.5
598 1500 2200 3.5
599 0 0 3.2
599 500 1600 0.7
599 1000 1950 0.5
599 1500 2200 3.5
600 0 0 3.2
600 500 1600 0.7
600 1000 1950 0.5
600 1500 2200 3.5
601 0 0 3.2
601 500 1600 0.7
601 1000 1950 0.5
601 1500 2200 3.5
602 0 0 3.2
602 500 1600 0.7
602 1000 1950 0.5
602 1500 2200 3.5
603 0 0 3.2
603 500 1600 0.7
603 1000 1950 0.5
603 1500 2200 3.5
604 0 0 3.2
604 500 1600 0.7
604 1000 1950 0.5
604 1500 2200 3.5
605 0 0 3.2
605 500 1600 0.7
605 1000 1950 0.5
605 1500 2200 3.5
606 0 0 3.2
606 500 1600 0.7
606 1000 1950 0.5
606 1500 2200 3.5
607 0 0 3.2
607 500 1600 0.7
607 1000 1950 0.5
607 1500 2200 3.5
608 0 0 3.2
608 500 1600 0.7
608 1000 1950 0.5
608 1500 2200 3.5
609 0 0 3.2
609 500 1600 0.7
609 1000 1950 0.5
609 1500 2200 3.5
610 0 0 3.2
610 500 1600 0.7
610 1000 1950 0.5
610 1500 2200 3.5
611 0 0 3.2
611 500 1600 0.7
611 1000 1950 0.5
611 1500 2200 3.5
612 0 0 3.2
612 500 1600 0.7
612 1000 1950 0.5
612 1500 2200 3.5
613 0 0 3.2
613 500 1600 0.7
613 1000 1950 0.5
613 1500 2200 3.5
614 0 0 3.2
614 500 1600 0.7
614 1000 1950 0.5
614 1500 2200 3.5
615 0 0 3.2
615 500 1600 0.7
615 1000 1950 0.5
615 1500 2200 3.5
616 0 0 3.2
616 500 1600 0.7
616 1000 1950 0.5
616 1500 2200 3.5
617 0 0 3.2
617 500 1600 0.7
617 1000 1950 0.5
617 1500 2200 3.5
618 0 0 3.2
618 500 1600 0.7
618 1000 1950 0.5
618 1500 2200 3.5
619 0 0 3.2
619 500 1600 0.7
619 1000 1950 0.5
619 1500 2200 3.5
620 0 0 3.2
620 500 1600 0.7
620 1000 1950 0.5
620 1500 2200 3.5
621 0 0 3.2
621 500 1600 0.7
621 1000 1950 0.5
621 1500 2200 3.5
622 0 0 3.2
622 500 1600 0.7
622 1000 1950 0.5
622 1500 2200 3.5
623 0 0 3.2
623 500 1600 0.7
623 1000 1950 0.5
623 1500 2200 3.5
624 0 0 3.2
624 500 1600 0.7
624 1000 1950 0.5
624 1500 2200 3.5
625 0 0 3.2
625 500 1600 0.7
625 1000 1950 0.5
625 1500 2200 3.5
626 0 0 3.2
626 500 1600 0.7
626 1000 1950 0.5
626 1500 2200 3.5
627 0 0 3.2
627 500 1600 0.7
627 1000 1950 0.5
627 1500 2200 3.5
628 0 0 3.2
628 500 1600 0.7
628 1000 1950 0.5
628 1500 2200 3.5
629 0 0 3.2
629 500 1600 0.7
629 1000 1950 0.5
629 1500 2200 3.5
630 0 0 3.2
630 500 1600 0.7
630 1000 1950 0.5
630 1500 2200 3.5
631 0 0 3.2
631 500 1600 0.7
631 1000 1950 0.5
631 1500 2200 3.5
632 0 0 3.2
632 500 1600 0.7
632 1000 1950 0.5
632 1500 2200 3.5
633 0 0 3.2
633 500 1600 0.7
633 1000 1950 0.5
633 1500 2200 3.5
634 0 0 3.2
634 500 1600 0.7
634 1000 1950 0.5
634 1500 2200 3.5
635 0 0 3.2
635 500 1600 0.7
635 1000 1950 0.5
635 1500 2200 3.5
636 0 0 3.2
636 500 1600 0.7
636 1000 1950 0.5
636 1500 2200 3.5
637 0 0 3.2
637 500 1600 0.7
637 1000 1950 0.5
637 1500 2200 3.5
638 0 0 3.2
638 500 1600 0.7
638 1000 1950 0.5
638 1500 2200 3.5
639 0 0 3.2
639 500 1600 0.7
639 1000 1950 0.5
639 1500 2200 3.5
640 0 0 3.2
640 500 1600 0.7
640 1000 1950 0.5
640 1500 2200 3.5
641 0 0 3.2
641 500 1600 0.7
641 1000 1950 0.5
641 1500 2200 3.5
642 0 0 3.2
642 500 1600 0.7
642 1000 1950 0.5
642 1500 2200 3.5
643 0 0 3.2
643 500 1600 0.7
643 1000 1950 0.5
643 1500 2200 3.5
644 0 0 3.2
644 500 1600 0.7
644 1000 1950 0.5
644 1500 2200 3.5
645 0 0 3.2
645 500 1600 0.7
645 1000 1950 0.5
645 1500 2200 3.5
646 0 0 3.2
646 500 1600 0.7
646 1000 1950 0.5
646 1500 2200 3.5
647 0 0 3.2
647 500 1600 0.7
647 1000 1950 0.5
647 1500 2200 3.5
648 0 0 3.2
648 500 1600 0.7
648 1000 1950 0.5
648 1500 2200 3.5
649 0 0 3.2
649 500 1600 0.7
649 1000 1950 0.5
649 1500 2200 3.5
650 0 0 3.2
650 500 1600 0.7
650 1000 1950 0.5
650 1500 2200 3.5
651 0 0 3.2
651 500 1600 0.7
651 1000 1950 0.5
651 1500 2200 3.5
652 0 0 3.2
652 500 1600 0.7
652 1000 1950 0.5
652 1500 2200 3.5
653 0 0 3.2
653 500 1600 0.7
653 1000 1950 0.5
653 1500 2200 3.5
654 0 0 3.2
654 500 1600 0.7
654 1000 1950 0.5
654 1500 2200 3.5
655 0 0 3.2
655 500 1600 0.7
655 1000 1950 0.5
655 1500 2200 3.5
656 0 0 3.2
656 500 1600 0.7
656 1000 1950 0.5
656 1500 2200 3.5
657 0 0 3.2
657 500 1600 0.7
657 1000 1950 0.5
657 1500 2200 3.5
658 0 0 3.2
658 500 1600 0.7
658 1000 1950 0.5
658 1500 2200 3.5
659 0 0 3.2
659 500 1600 0.7
659 1000 1950 0.5
659 1500 2200 3.5
660 0 0 3.2
660 500 1600 0.7
660 1000 1950 0.5
660 1500 2200 3.5
661 0 0 3.2
661 500 1600 0.7
661 1000 1950 0.5
661 1500 2200 3.5
662 0 0 3.2
662 500 1600 0.7
662 1000 1950 0.5
662 1500 2200 3.5
663 0 0 3.2
663 500 1600 0.7
663 1000 1950 0.5
663 1500 2200 3.5
664 0 0 3.2
664 500 1600 0.7
664 1000 1950 0.5
664 1500 2200 3.5
665 0 0 3.2
665 500 1600 0.7
665 1000 1950 0.5
665 1500 2200 3.5
666 0 0 3.2
666 500 1600 0.7
666 1000 1950 0.5
666 1500 2200 3.5
667 0 0 3.2
667 500 1600 0.7
667 1000 1950 0.5
667 1500 2200 3.5
668 0 0 3.2
668 500 1600 0.7
668 1000 1950 0.5
668 1500 2200 3.5
669 0 0 3.2
669 500 1600 0.7
669 1000 1950 0.5
669 1500 2200 3.5
670 0 0 3.2
670 500 1600 0.7
670 1000 1950 0.5
670 1500 2200 3.5
671 0 0 3.2
671 500 1600 0.7
671 1000 1950 0.5
671 1500 2200 3.5
672 0 0 3.2
672 500 1600 0.7
672 1000 1950 0.5
672 1500 2200 3.5
673 0 0 3.2
673 500 1600 0.7
673 1000 1950 0.5
673 1500 2200 3.5
674 0 0 3.2
674 500 1600 0.7
674 1000 1950 0.5
674 1500 2200 3.5
675 0 0 3.2
675 500 1600 0.7
675 1000 1950 0.5
675 1500 2200 3.5
676 0 0 3.2
676 500 1600 0.7
676 1000 1950 0.5
676 1500 2200 3.5
677 0 0 3.2
677 500 1600 0.7
677 1000 1950 0.5
677 1500 2200 3.5
678 0 0 3.2
678 500 1600 0.7
678 1000 1950 0.5
678 1500 2200 3.5
679 0 0 3.2
679 500 1600 0.7
679 1000 1950 0.5
679 1500 2200 3.5
680 0 0 3.2
680 500 1600 0.7
680 1000 1950 0.5
680 1500 2200 3.5
681 0 0 3.2
681 500 1600 0.7
681 1000 1950 0.5
681 1500 2200 3.5
682 0 0 3.2
682 500 1600 0.7
682 1000 1950 0.5
682 1500 2200 3.5
683 0 0 3.2
683 500 1600 0.7
683 1000 1950 0.5
683 1500 2200 3.5
684 0 0 3.2
684 500 1600 0.7
684 1000 1950 0.5
684 1500 2200 3.5
685 0 0 3.2
685 500 1600 0.7
685 1000 1950 0.5
685 1500 2200 3.5
686 0 0 3.2
686 500 1600 0.7
686 1000 1950 0.5
686 1500 2200 3.5
687 0 0 3.2
687 500 1600 0.7
687 1000 1950 0.5
687 1500 2200 3.5
688 0 0 3.2
688 500 1600 0.7
688 1000 1950 0.5
688 1500 2200 3.5
689 0 0 3.2
689 500 1600 0.7
689 1000 1950 0.5
689 1500 2200 3.5
690 0 0 3.2
690 500 1600 0.7
690 1000 1950 0.5
690 1500 2200 3.5
691 0 0 3.2
691 500 1600 0.7
691 1000 1950 0.5
691 1500 2200 3.5
692 0 0 3.2
692 500 1600 0.7
692 1000 1950 0.5
692 1500 2200 3.5
693 0 0 3.2
693 500 1600 0.7
693 1000 1950 0.5
693 1500 2200 3.5
694 0 0 3.2
694 500 1600 0.7
694 1000 1950 0.5
694 1500 2200 3.5
695 0 0 3.2
695 500 1600 0.7
695 1000 1950 0.5
695 1500 2200 3.5
696 0 0 3.2
696 500 1600 0.7
696 1000 1950 0.5
696 1500 2200 3.5
697 0 0 3.2
697 500 1600 0.7
697 1000 1950 0.5
697 1500 2200 3.5
698 0 0 3.2
698 500 1600 0.7
698 1000 1950 0.5
698 1500 2200 3.5
699 0 0 3.2
699 500 1600 0.7
699 1000 1950 0.5
699 1500 2200 3.5
700 0 0 3.2
700 500 1600 0.7
700 1000 1950 0.5
700 1500 2200 3.5
701 0 0 3.2
701 500 1600 0.7
701 1000 1950 0.5
701 1500 2200 3.5
702 0 0 3.2
702 500 1600 0.7
702 1000 1950 0.5
702 1500 2200 3.5
703 0 0 3.2
703 500 1600 0.7
703 1000 1950 0.5
703 1500 2200 3.5
704 0 0 3.2
704 500 1600 0.7
704 1000 1950 0.5
704 1500 2200 3.5
705 0 0 3.2
705 500 1600 0.7
705 1000 1950 0.5
705 1500 2200 3.5
706 0 0 3.2
706 500 1600 0.7
706 1000 1950 0.5
706 1500 2200 3.5
707 0 0 3.2
707 500 1600 0.7
707 1000 1950 0.5
707 1500 2200 3.5
708 0 0 3.2
708 500 1600 0.7
708 1000 1950 0.5
708 1500 2200 3.5
709 0 0 3.2
709 500 1600 0.7
709 1000 1950 0.5
709 1500 2200 3.5
710 0 0 3.2
710 500 1600 0.7
710 1000 1950 0.5
710 1500 2200 3.5
711 0 0 3.2
711 500 1600 0.7
711 1000 1950 0.5
711 1500 2200 3.5
712 0 0 3.2
712 500 1600 0.7
712 1000 1950 0.5
712 1500 2200 3.5
713 0 0 3.2
713 500 1600 0.7
713 1000 1950 0.5
713 1500 2200 3.5
714 0 0 3.2
714 500 1600 0.7
714 1000 1950 0.5
714 1500 2200 3.5
715 0 0 3.2
715 500 1600 0.7
715 1000 1950 0.5
715 1500 2200 3.5
716 0 0 3.2
716 500 1600 0.7
716 1000 1950 0.5
716 1500 2200 3.5
717 0 0 3.2
717 500 1600 0.7
717 1000 1950 0.5
717 1500 2200 3.5
718 0 0 3.2
718 500 1600 0.7
718 1000 1950 0.5
718 1500 2200 3.5
719 0 0 3.2
719 500 1600 0.7
719 1000 1950 0.5
719 1500 2200 3.5
720 0 0 3.2
720 500 1600 0.7
720 1000 1950 0.5
720 1500 2200 3.5
721 0 0 3.2
721 500 1600 0.7
721 1000 1950 0.5
721 1500 2200 3.5
722 0 0 3.2
722 500 1600 0.7
722 1000 1950 0.5
722 1500 2200 3.5
723 0 0 3.2
723 500 1600 0.7
723 1000 1950 0.5
723 1500 2200 3.5
724 0 0 3.2
724 500 1600 0.7
724 1000 1950 0.5
724 1500 2200 3.5
725 0 0 3.2
725 500 1600 0.7
725 1000 1950 0.5
725 1500 2200 3.5
726 0 0 3.2
726 500 1600 0.7
726 1000 1950 0.5
726 1500 2200 3.5
727 0 0 3.2
727 500 1600 0.7
727 1000 1950 0.5
727 1500 2200 3.5
728 0 0 3.2
728 500 1600 0.7
728 1000 1950 0.5
728 1500 2200 3.5
729 0 0 3.2
729 500 1600 0.7
729 1000 1950 0.5
729 1500 2200 3.5
730 0 0 3.2
730 500 1600 0.7
730 1000 1950 0.5
730 1500 2200 3.5
731 0 0 3.2
731 500 1600 0.7
731 1000 1950 0.5
731 1500 2200 3.5
732 0 0 3.2
732 500 1600 0.7
732 1000 1950 0.5
732 1500 2200 3.5
733 0 0 3.2
733 500 1600 0.7
733 1000 1950 0.5
733 1500 2200 3.5
734 0 0 3.2
734 500 1600 0.7
734 1000 1950 0.5
734 1500 2200 3.5
735 0 0 3.2
735 500 1600 0.7
735 1000 1950 0.5
735 1500 2200 3.5
736 0 0 3.2
736 500 1600 0.7
736 1000 1950 0.5
736 1500 2200 3.5
737 0 0 3.2
737 500 1600 0.7
737 1000 1950 0.5
737 1500 2200 3.5
738 0 0 3.2
738 500 1600 0.7
738 1000 1950 0.5
738 1500 2200 3.5
739 0 0 3.2
739 500 1600 0.7
739 1000 1950 0.5
739 1500 2200 3.5
740 0 0 3.2
740 500 1600 0.7
740 1000 1950 0.5
740 1500 2200 3.5
741 0 0 3.2
741 500 1600 0.7
741 1000 1950 0.5
741 1500 2200 3.5
742 0 0 3.2
742 500 1600 0.7
742 1000 1950 0.5
742 1500 2200 3.5
743 0 0 3.2
743 500 1600 0.7
743 1000 1950 0.5
743 1500 2200 3.5
744 0 0 3.2
744 500 1600 0.7
744 1000 1950 0.5
744 1500 2200 3.5
745 0 0 3.2
745 500 1600 0.7
745 1000 1950 0.5
745 1500 2200 3.5
746 0 0 3.2
746 500 1600 0.7
746 1000 1950 0.5
746 1500 2200 3.5
747 0 0 3.2
747 500 1600 0.7
747 1000 1950 0.5
747 1500 2200 3.5
748 0 0 3.2
748 500 1600 0.7
748 1000 1950 0.5
748 1500 2200 3.5
749 0 0 3.2
749 500 1600 0.7
749 1000 1950 0.5
749 1500 2200 3.5
750 0 0 3.2
750 500 1600 0.7
750 1000 1950 0.5
750 1500 2200 3.5
751 0 0 3.2
751 500 1600 0.7
751 1000 1950 0.5
751 1500 2200 3.5
752 0 0 3.2
752 500 1600 0.7
752 1000 1950 0.5
752 1500 2200 3.5
753 0 0 3.2
753 500 1600 0.7
753 1000 1950 0.5
753 1500 2200 3.5
754 0 0 3.2
754 500 1600 0.7
754 1000 1950 0.5
754 1500 2200 3.5
755 0 0 3.2
755 500 1600 0.7
755 1000 1950 0.5
755 1500 2200 3.5
756 0 0 3.2
756 500 1600 0.7
756 1000 1950 0.5
756 1500 2200 3.5
757 0 0 3.2
757 500 1600 0.7
757 1000 1950 0.5
757 1500 2200 3.5
758 0 0 3.2
758 500 1600 0.7
758 1000 1950 0.5
758 1500 2200 3.5
759 0 0 3.2
759 500 1600 0.7
759 1000 1950 0.5
759 1500 2200 3.5
760 0 0 3.2
760 500 1600 0.7
760 1000 1950 0.5
760 1500 2200 3.5
761 0 0 3.2
761 500 1600 0.7
761 1000 1950 0.5
761 1500 2200 3.5
762 0 0 3.2
762 500 1600 0.7
762 1000 1950 0.5
762 1500 2200 3.5
763 0 0 3.2
763 500 1600 0.7
763 1000 1950 0.5
763 1500 2200 3.5
764 0 0 3.2
764 500 1600 0.7
764 1000 1950 0.5
764 1500 2200 3.5
765 0 0 3.2
765 500 1600 0.7
765 1000 1950 0.5
765 1500 2200 3.5
766 0 0 3.2
766 500 1600 0.7
766 1000 1950 0.5
766 1500 2200 3.5
767 0 0 3.2
767 500 1600 0.7
767 1000 1950 0.5
767 1500 2200 3.5
768 0 0 3.2
768 500 1600 0.7
768 1000 1950 0.5
768 1500 2200 3.5
769 0 0 3.2
769 500 1600 0.7
769 1000 1950 0.5
769 1500 2200 3.5
770 0 0 3.2
770 500 1600 0.7
770 1000 1950 0.5
770 1500 2200 3.5
771 0 0 3.2
771 500 1600 0.7
771 1000 1950 0.5
771 1500 2200 3.5
772 0 0 3.2
772 500 1600 0.7
772 1000 1950 0.5
772 1500 2200 3.5
773 0 0 3.2
773 500 1600 0.7
773 1000 1950 0.5
773 1500 2200 3.5
774 0 0 3.2
774 500 1600 0.7
774 1000 1950 0.5
774 1500 2200 3.5
775 0 0 3.2
775 500 1600 0.7
775 1000 1950 0.5
775 1500 2200 3.5
776 0 0 3.2
776 500 1600 0.7
776 1000 1950 0.5
776 1500 2200 3.5
777 0 0 3.2
777 500 1600 0.7
777 1000 1950 0.5
777 1500 2200 3.5
778 0 0 3.2
778 500 1600 0.7
778 1000 1950 0.5
778 1500 2200 3.5
779 0 0 3.2
779 500 1600 0.7
779 1000 1950 0.5
779 1500 2200 3.5
780 0 0 3.2
780 500 1600 0.7
780 1000 1950 0.5
780 1500 2200 3.5
781 0 0 3.2
781 500 1600 0.7
781 1000 1950 0.5
781 1500 2200 3.5
782 0 0 3.2
782 500 1600 0.7
782 1000 1950 0.5
782 1500 2200 3.5
783 0 0 3.2
783 500 1600 0.7
783 1000 1950 0.5
783 1500 2200 3.5
784 0 0 3.2
784 500 1600 0.7
784 1000 1950 0.5
784 1500 2200 3.5
785 0 0 3.2
785 500 1600 0.7
785 1000 1950 0.5
785 1500 2200 3.5
786 0 0 3.2
786 500 1600 0.7
786 1000 1950 0.5
786 1500 2200 3.5
787 0 0 3.2
787 500 1600 0.7
787 1000 1950 0.5
787 1500 2200 3.5
788 0 0 3.2
788 500 1600 0.7
788 1000 1950 0.5
788 1500 2200 3.5
789 0 0 3.2
789 500 1600 0.7
789 1000 1950 0.5
789 1500 2200 3.5
790 0 0 3.2
790 500 1600 0.7
790 1000 1950 0.5
790 1500 2200 3.5
791 0 0 3.2
791 500 1600 0.7
791 1000 1950 0.5
791 1500 2200 3.5
792 0 0 3.2
792 500 1600 0.7
792 1000 1950 0.5
792 1500 2200 3.5
793 0 0 3.2
793 500 1600 0.7
793 1000 1950 0.5
793 1500 2200 3.5
794 0 0 3.2
794 500 1600 0.7
794 1000 1950 0.5
794 1500 2200 3.5
795 0 0 3.2
795 500 1600 0.7
795 1000 1950 0.5
795 1500 2200 3.5
796 0 0 3.2
796 500 1600 0.7
796 1000 1950 0.5
796 1500 2200 3.5
797 0 0 3.2
797 500 1600 0.7
797 1000 1950 0.5
797 1500 2200 3.5
798 0 0 3.2
798 500 1600 0.7
798 1000 1950 0.5
798 1500 2200 3.5
799 0 0 3.2
799 500 1600 0.7
799 1000 1950 0.5
799 1500 2200 3.5
800 0 0 3.2
800 500 1600 0.7
800 1000 1950 0.5
800 1500 2200 3.5
801 0 0 3.2
801 500 1600 0.7
801 1000 1950 0.5
801 1500 2200 3.5
802 0 0 3.2
802 500 1600 0.7
802 1000 1950 0.5
802 1500 2200 3.5
803 0 0 3.2
803 500 1600 0.7
803 1000 1950 0.5
803 1500 2200 3.5
804 0 0 3.2
804 500 1600 0.7
804 1000 1950 0.5
804 1500 2200 3.5
805 0 0 3.2
805 500 1600 0.7
805 1000 1950 0.5
805 1500 2200 3.5
806 0 0 3.2
806 500 1600 0.7
806 1000 1950 0.5
806 1500 2200 3.5
807 0 0 3.2
807 500 1600 0.7
807 1000 1950 0.5
807 1500 2200 3.5
808 0 0 3.2
808 500 1600 0.7
808 1000 1950 0.5
808 1500 2200 3.5
809 0 0 3.2
809 500 1600 0.7
809 1000 1950 0.5
809 1500 2200 3.5
810 0 0 3.2
810 500 1600 0.7
810 1000 1950 0.5
810 1500 2200 3.5
811 0 0 3.2
811 500 1600 0.7
811 1000 1950 0.5
811 1500 2200 3.5
812 0 0 3.2
812 500 1600 0.7
812 1000 1950 0.5
812 1500 2200 3.5
813 0 0 3.2
813 500 1600 0.7
813 1000 1950 0.5
813 1500 2200 3.5
814 0 0 3.2
814 500 1600 0.7
814 1000 1950 0.5
814 1500 2200 3.5
815 0 0 3.2
815 500 1600 0.7
815 1000 1950 0.5
815 1500 2200 3.5
816 0 0 3.2
816 500 1600 0.7
816 1000 1950 0.5
816 1500 2200 3.5
817 0 0 3.2
817 500 1600 0.7
817 1000 1950 0.5
817 1500 2200 3.5
818 0 0 3.2
818 500 1600 0.7
818 1000 1950 0.5
818 1500 2200 3.5
819 0 0 3.2
819 500 1600 0.7
819 1000 1950 0.5
819 1500 2200 3.5
820 0 0 3.2
820 500 1600 0.7
820 1000 1950 0.5
820 1500 2200 3.5
821 0 0 3.2
821 500 1600 0.7
821 1000 1950 0.5
821 1500 2200 3.5
822 0 0 3.2
822 500 1600 0.7
822 1000 1950 0.5
822 1500 2200 3.5
823 0 0 3.2
823 500 1600 0.7
823 1000 1950 0.5
823 1500 2200 3.5
824 0 0 3.2
824 500 1600 0.7
824 1000 1950 0.5
824 1500 2200 3.5
825 0 0 3.2
825 500 1600 0.7
825 1000 1950 0.5
825 1500 2200 3.5
826 0 0 3.2
826 500 1600 0.7
826 1000 1950 0.5
826 1500 2200 3.5
827 0 0 3.2
827 500 1600 0.7
827 1000 1950 0.5
827 1500 2200 3.5
828 0 0 3.2
828 500 1600 0.7
828 1000 1950 0.5
828 1500 2200 3.5
829 0 0 3.2
829 500 1600 0.7
829 1000 1950 0.5
829 1500 2200 3.5
830 0 0 3.2
830 500 1600 0.7
830 1000 1950 0.5
830 1500 2200 3.5
831 0 0 3.2
831 500 1600 0.7
831 1000 1950 0.5
831 1500 2200 3.5
832 0 0 3.2
832 500 1600 0.7
832 1000 1950 0.5
832 1500 2200 3.5
833 0 0 3.2
833 500 1600 0.7
833 1000 1950 0.5
833 1500 2200 3.5
834 0 0 3.2
834 500 1600 0.7
834 1000 1950 0.5
834 1500 2200 3.5
835 0 0 3.2
835 500 1600 0.7
835 1000 1950 0.5
835 1500 2200 3.5
836 0 0 3.2
836 500 1600 0.7
836 1000 1950 0.5
836 1500 2200 3.5
837 0 0 3.2
837 500 1600 0.7
837 1000 1950 0.5
837 1500 2200 3.5
838 0 0 3.2
838 500 1600 0.7
838 1000 1950 0.5
838 1500 2200 3.5
839 0 0 3.2
839 500 1600 0.7
839 1000 1950 0.5
839 1500 2200 3.5
840 0 0 3.2
840 500 1600 0.7
840 1000 1950 0.5
840 1500 2200 3.5
841 0 0 3.2
841 500 1600 0.7
841 1000 1950 0.5
841 1500 2200 3.5
842 0 0 3.2
842 500 1600 0.7
842 1000 1950 0.5
842 1500 2200 3.5
843 0 0 3.2
843 500 1600 0.7
843 1000 1950 0.5
843 1500 2200 3.5
844 0 0 3.2
844 500 1600 0.7
844 1000 1950 0.5
844 1500 2200 3.5
845 0 0 3.2
845 500 1600 0.7
845 1000 1950 0.5
845 1500 2200 3.5
846 0 0 3.2
846 500 1600 0.7
846 1000 1950 0.5
846 1500 2200 3.5
847 0 0 3.2
847 500 1600 0.7
847 1000 1950 0.5
847 1500 2200 3.5
848 0 0 3.2
848 500 1600 0.7
848 1000 1950 0.5
848 1500 2200 3.5
849 0 0 3.2
849 500 1600 0.7
849 1000 1950 0.5
849 1500 2200 3.5
850 0 0 3.2
850 500 1600 0.7
850 1000 1950 0.5
850 1500 2200 3.5
851 0 0 3.2
851 500 1600 0.7
851 1000 1950 0.5
851 1500 2200 3.5
852 0 0 3.2
852 500 1600 0.7
852 1000 1950 0.5
852 1500 2200 3.5
853 0 0 3.2
853 500 1600 0.7
853 1000 1950 0.5
853 1500 2200 3.5
854 0 0 3.2
854 500 1600 0.7
854 1000 1950 0.5
854 1500 2200 3.5
855 0 0 3.2
855 500 1600 0.7
855 1000 1950 0.5
855 1500 2200 3.5
856 0 0 3.2
856 500 1600 0.7
856 1000 1950 0.5
856 1500 2200 3.5
857 0 0 3.2
857 500 1600 0.7
857 1000 1950 0.5
857 1500 2200 3.5
858 0 0 3.2
858 500 1600 0.7
858 1000 1950 0.5
858 1500 2200 3.5
859 0 0 3.2
859 500 1600 0.7
859 1000 1950 0.5
859 1500 2200 3.5
860 0 0 3.2
860 500 1600 0.7
860 1000 1950 0.5
860 1500 2200 3.5
861 0 0 3.2
861 500 1600 0.7
861 1000 1950 0.5
861 1500 2200 3.5
862 0 0 3.2
862 500 1600 0.7
862 1000 1950 0.5
862 1500 2200 3.5
863 0 0 3.2
863 500 1600 0.7
863 1000 1950 0.5
863 1500 2200 3.5
864 0 0 3.2
864 500 1600 0.7
864 1000 1950 0.5
864 1500 2200 3.5
865 0 0 3.2
865 500 1600 0.7
865 1000 1950 0.5
865 1500 2200 3.5
866 0 0 3.2
866 500 1600 0.7
866 1000 1950 0.5
866 1500 2200 3.5
867 0 0 3.2
867 500 1600 0.7
867 1000 1950 0.5
867 1500 2200 3.5
868 0 0 3.2
868 500 1600 0.7
868 1000 1950 0.5
868 1500 2200 3.5
869 0 0 3.2
869 500 1600 0.7
869 1000 1950 0.5
869 1500 2200 3.5
870 0 0 3.2
870 500 1600 0.7
870 1000 1950 0.5
870 1500 2200 3.5
871 0 0 3.2
871 500 1600 0.7
871 1000 1950 0.5
871 1500 2200 3.5
872 0 0 3.2
872 500 1600 0.7
872 1000 1950 0.5
872 1500 2200 3.5
873 0 0 3.2
873 500 1600 0.7
873 1000 1950 0.5
873 1500 2200 3.5
874 0 0 3.2
874 500 1600 0.7
874 1000 1950 0.5
874 1500 2200 3.5
875 0 0 3.2
875 500 1600 0.7
875 1000 1950 0.5
875 1500 2200 3.5
876 0 0 3.2
876 500 1600 0.7
876 1000 1950 0.5
876 1500 2200 3.5
877 0 0 3.2
877 500 1600 0.7
877 1000 1950 0.5
877 1500 2200 3.5
878 0 0 3.2
878 500 1600 0.7
878 1000 1950 0.5
878 1500 2200 3.5
879 0 0 3.2
879 500 1600 0.7
879 1000 1950 0.5
879 1500 2200 3.5
880 0 0 3.2
880 500 1600 0.7
880 1000 1950 0.5
880 1500 2200 3.5
881 0 0 3.2
881 500 1600 0.7
881 1000 1950 0.5
881 1500 2200 3.5
882 0 0 3.2
882 500 1600 0.7
882 1000 1950 0.5
882 1500 2200 3.5
883 0 0 3.2
883 500 1600 0.7
883 1000 1950 0.5
883 1500 2200 3.5
884 0 0 3.2
884 500 1600 0.7
884 1000 1950 0.5
884 1500 2200 3.5
885 0 0 3.2
885 500 1600 0.7
885 1000 1950 0.5
885 1500 2200 3.5
886 0 0 3.2
886 500 1600 0.7
886 1000 1950 0.5
886 1500 2200 3.5
887 0 0 3.2
887 500 1600 0.7
887 1000 1950 0.5
887 1500 2200 3.5
888 0 0 3.2
888 500 1600 0.7
888 1000 1950 0.5
888 1500 2200 3.5
889 0 0 3.2
889 500 1600 0.7
889 1000 1950 0.5
889 1500 2200 3.5
890 0 0 3.2
890 500 1600 0.7
890 1000 1950 0.5
890 1500 2200 3.5
891 0 0 3.2
891 500 1600 0.7
891 1000 1950 0.5
891 1500 2200 3.5
892 0 0 3.2
892 500 1600 0.7
892 1000 1950 0.5
892 1500 2200 3.5
893 0 0 3.2
893 500 1600 0.7
893 1000 1950 0.5
893 1500 2200 3.5
894 0 0 3.2
894 500 1600 0.7
894 1000 1950 0.5
894 1500 2200 3.5
895 0 0 3.2
895 500 1600 0.7
895 1000 1950 0.5
895 1500 2200 3.5
896 0 0 3.2
896 500 1600 0.7
896 1000 1950 0.5
896 1500 2200 3.5
897 0 0 3.2
897 500 1600 0.7
897 1000 1950 0.5
897 1500 2200 3.5
898 0 0 3.2
898 500 1600 0.7
898 1000 1950 0.5
898 1500 2200 3.5
899 0 0 3.2
899 500 1600 0.7
899 1000 1950 0.5
899 1500 2200 3.5
900 0 0 3.2
900 500 1600 0.7
900 1000 1950 0.5
900 1500 2200 3.5
901 0 0 3.2
901 500 1600 0.7
901 1000 1950 0.5
901 1500 2200 3.5
902 0 0 3.2
902 500 1600 0.7
902 1000 1950 0.5
902 1500 2200 3.5
903 0 0 3.2
903 500 1600 0.7
903 1000 1950 0.5
903 1500 2200 3.5
904 0 0 3.2
904 500 1600 0.7
904 1000 1950 0.5
904 1500 2200 3.5
905 0 0 3.2
905 500 1600 0.7
905 1000 1950 0.5
905 1500 2200 3.5
906 0 0 3.2
906 500 1600 0.7
906 1000 1950 0.5
906 1500 2200 3.5
907 0 0 3.2
907 500 1600 0.7
907 1000 1950 0.5
907 1500 2200 3.5
908 0 0 3.2
908 500 1600 0.7
908 1000 1950 0.5
908 1500 2200 3.5
909 0 0 3.2
909 500 1600 0.7
909 1000 1950 0.5
909 1500 2200 3.5
910 0 0 3.2
910 500 1600 0.7
910 1000 1950 0.5
910 1500 2200 3.5
911 0 0 3.2
911 500 1600 0.7
911 1000 1950 0.5
911 1500 2200 3.5
912 0 0 3.2
912 500 1600 0.7
912 1000 1950 0.5
912 1500 2200 3.5
913 0 0 3.2
913 500 1600 0.7
913 1000 1950 0.5
913 1500 2200 3.5
914 0 0 3.2
914 500 1600 0.7
914 1000 1950 0.5
914 1500 2200 3.5
915 0 0 3.2
915 500 1600 0.7
915 1000 1950 0.5
915 1500 2200 3.5
916 0 0 3.2
916 500 1600 0.7
916 1000 1950 0.5
916 1500 2200 3.5
917 0 0 3.2
917 500 1600 0.7
917 1000 1950 0.5
917 1500 2200 3.5
918 0 0 3.2
918 500 1600 0.7
918 1000 1950 0.5
918 1500 2200 3.5
919 0 0 3.2
919 500 1600 0.7
919 1000 1950 0.5
919 1500 2200 3.5
920 0 0 3.2
920 500 1600 0.7
920 1000 1950 0.5
920 1500 2200 3.5
921 0 0 3.2
921 500 1600 0.7
921 1000 1950 0.5
921 1500 2200 3.5
922 0 0 3.2
922 500 1600 0.7
922 1000 1950 0.5
922 1500 2200 3.5
923 0 0 3.2
923 500 1600 0.7
923 1000 1950 0.5
923 1500 2200 3.5
924 0 0 3.2
924 500 1600 0.7
924 1000 1950 0.5
924 1500 2200 3.5
925 0 0 3.2
925 500 1600 0.7
925 1000 1950 0.5
925 1500 2200 3.5
926 0 0 3.2
926 500 1600 0.7
926 1000 1950 0.5
926 1500 2200 3.5
927 0 0 3.2
927 500 1600 0.7
927 1000 1950 0.5
927 1500 2200 3.5
928 0 0 3.2
928 500 1600 0.7
928 1000 1950 0.5
928 1500 2200 3.5
929 0 0 3.2
929 500 1600 0.7
929 1000 1950 0.5
929 1500 2200 3.5
930 0 0 3.2
930 500 1600 0.7
930 1000 1950 0.5
930 1500 2200 3.5
931 0 0 3.2
931 500 1600 0.7
931 1000 1950 0.5
931 1500 2200 3.5
932 0 0 3.2
932 500 1600 0.7
932 1000 1950 0.5
932 1500 2200 3.5
933 0 0 3.2
933 500 1600 0.7
933 1000 1950 0.5
933 1500 2200 3.5
934 0 0 3.2
934 500 1600 0.7
934 1000 1950 0.5
934 1500 2200 3.5
935 0 0 3.2
935 500 1600 0.7
935 1000 1950 0.5
935 1500 2200 3.5
936 0 0 3.2
936 500 1600 0.7
936 1000 1950 0.5
936 1500 2200 3.5
937 0 0 3.2
937 500 1600 0.7
937 1000 1950 0.5
937 1500 2200 3.5
938 0 0 3.2
938 500 1600 0.7
938 1000 1950 0.5
938 1500 2200 3.5
939 0 0 3.2
939 500 1600 0.7
939 1000 1950 0.5
939 1500 2200 3.5
940 0 0 3.2
940 500 1600 0.7
940 1000 1950 0.5
940 1500 2200 3.5
941 0 0 3.2
941 500 1600 0.7
941 1000 1950 0.5
941 1500 2200 3.5
942 0 0 3.2
942 500 1600 0.7
942 1000 1950 0.5
942 1500 2200 3.5
943 0 0 3.2
943 500 1600 0.7
943 1000 1950 0.5
943 1500 2200 3.5
944 0 0 3.2
944 500 1600 0.7
944 1000 1950 0.5
944 1500 2200 3.5
945 0 0 3.2
945 500 1600 0.7
945 1000 1950 0.5
945 1500 2200 3.5
946 0 0 3.2
946 500 1600 0.7
946 1000 1950 0.5
946 1500 2200 3.5
947 0 0 3.2
947 500 1600 0.7
947 1000 1950 0.5
947 1500 2200 3.5
948 0 0 3.2
948 500 1600 0.7
948 1000 1950 0.5
948 1500 2200 3.5
949 0 0 3.2
949 500 1600 0.7
949 1000 1950 0.5
949 1500 2200 3.5
950 0 0 3.2
950 500 1600 0.7
950 1000 1950 0.5
950 1500 2200 3.5
951 0 0 3.2
951 500 1600 0.7
951 1000 1950 0.5
951 1500 2200 3.5
952 0 0 3.2
952 500 1600 0.7
952 1000 1950 0.5
952 1500 2200 3.5
953 0 0 3.2
953 500 1600 0.7
953 1000 1950 0.5
953 1500 2200 3.5
954 0 0 3.2
954 500 1600 0.7
954 1000 1950 0.5
954 1500 2200 3.5
955 0 0 3.2
955 500 1600 0.7
955 1000 1950 0.5
955 1500 2200 3.5
956 0 0 3.2
956 500 1600 0.7
956 1000 1950 0.5
956 1500 2200 3.5
957 0 0 3.2
957 500 1600 0.7
957 1000 1950 0.5
957 1500 2200 3.5
958 0 0 3.2
958 500 1600 0.7
958 1000 1950 0.5
958 1500 2200 3.5
959 0 0 3.2
959 500 1600 0.7
959 1000 1950 0.5
959 1500 2200 3.5
960 0 0 3.2
960 500 1600 0.7
960 1000 1950 0.5
960 1500 2200 3.5
961 0 0 3.2
961 500 1600 0.7
961 1000 1950 0.5
961 1500 2200 3.5
962 0 0 3.2
962 500 1600 0.7
962 1000 1950 0.5
962 1500 2200 3.5
963 0 0 3.2
963 500 1600 0.7
963 1000 1950 0.5
963 1500 2200 3.5
964 0 0 3.2
964 500 1600 0.7
964 1000 1950 0.5
964 1500 2200 3.5
965 0 0 3.2
965 500 1600 0.7
965 1000 1950 0.5
965 1500 2200 3.5
966 0 0 3.2
966 500 1600 0.7
966 1000 1950 0.5
966 1500 2200 3.5
967 0 0 3.2
967 500 1600 0.7
967 1000 1950 0.5
967 1500 2200 3.5
968 0 0 3.2
968 500 1600 0.7
968 1000 1950 0.5
968 1500 2200 3.5
969 0 0 3.2
969 500 1600 0.7
969 1000 1950 0.5
969 1500 2200 3.5
970 0 0 3.2
970 500 1600 0.7
970 1000 1950 0.5
970 1500 2200 3.5
971 0 0 3.2
971 500 1600 0.7
971 1000 1950 0.5
971 1500 2200 3.5
972 0 0 3.2
972 500 1600 0.7
972 1000 1950 0.5
972 1500 2200 3.5
973 0 0 3.2
973 500 1600 0.7
973 1000 1950 0.5
973 1500 2200 3.5
974 0 0 3.2
974 500 1600 0.7
974 1000 1950 0.5
974 1500 2200 3.5
975 0 0 3.2
975 500 1600 0.7
975 1000 1950 0.5
975 1500 2200 3.5
976 0 0 3.2
976 500 1600 0.7
976 1000 1950 0.5
976 1500 2200 3.5
977 0 0 3.2
977 500 1600 0.7
977 1000 1950 0.5
977 1500 2200 3.5
978 0 0 3.2
978 500 1600 0.7
978 1000 1950 0.5
978 1500 2200 3.5
979 0 0 3.2
979 500 1600 0.7
979 1000 1950 0.5
979 1500 2200 3.5
980 0 0 3.2
980 500 1600 0.7
980 1000 1950 0.5
980 1500 2200 3.5
981 0 0 3.2
981 500 1600 0.7
981 1000 1950 0.5
981 1500 2200 3.5
982 0 0 3.2
982 500 1600 0.7
982 1000 1950 0.5
982 1500 2200 3.5
983 0 0 3.2
983 500 1600 0.7
983 1000 1950 0.5
983 1500 2200 3.5
984 0 0 3.2
984 500 1600 0.7
984 1000 1950 0.5
984 1500 2200 3.5
985 0 0 3.2
985 500 1600 0.7
985 1000 1950 0.5
985 1500 2200 3.5
986 0 0 3.2
986 500 1600 0.7
986 1000 1950 0.5
986 1500 2200 3.5
987 0 0 3.2
987 500 1600 0.7
987 1000 1950 0.5
987 1500 2200 3.5
988 0 0 3.2
988 500 1600 0.7
988 1000 1950 0.5
988 1500 2200 3.5
989 0 0 3.2
989 500 1600 0.7
989 1000 1950 0.5
989 1500 2200 3.5
990 0 0 3.2
990 500 1600 0.7
990 1000 1950 0.5
990 1500 2200 3.5
991 0 0 3.2
991 500 1600 0.7
991 1000 1950 0.5
991 1500 2200 3.5
992 0 0 3.2
992 500 1600 0.7
992 1000 1950 0.5
992 1500 2200 3.5
993 0 0 3.2
993 500 1600 0.7
993 1000 1950 0.5
993 1500 2200 3.5
994 0 0 3.2
994 500 1600 0.7
994 1000 1950 0.5
994 1500 2200 3.5
995 0 0 3.2
995 500 1600 0.7
995 1000 1950 0.5
995 1500 2200 3.5
996 0 0 3.2
996 500 1600 0.7
996 1000 1950 0.5
996 1500 2200 3.5
997 0 0 3.2
997 500 1600 0.7
997 1000 1950 0.5
997 1500 2200 3.5
998 0 0 3.2
998 500 1600 0.7
998 1000 1950 0.5
998 1500 2200 3.5
999 0 0 3.2
999 500 1600 0.7
999 1000 1950 0.5
999 1500 2200 3.5
