100 4
0 0 0 4.6
0 500 2300 4
0 1000 4300 2.7
0 1500 5650 1.5
1 0 0 4.6
1 500 2300 4
1 1000 4300 2.7
1 1500 5650 1.5
2 0 0 4.6
2 500 2300 4
2 1000 4300 2.7
2 1500 5650 1.5
3 0 0 4.6
3 500 2300 4
3 1000 4300 2.7
3 1500 5650 1.5
4 0 0 4.6
4 500 2300 4
4 1000 4300 2.7
4 1500 5650 1.5
5 0 0 4.6
5 500 2300 4
5 1000 4300 2.7
5 1500 5650 1.5
6 0 0 4.6
6 500 2300 4
6 1000 4300 2.7
6 1500 5650 1.5
7 0 0 4.6
7 500 2300 4
7 1000 4300 2.7
7 1500 5650 1.5
8 0 0 4.6
8 500 2300 4
8 1000 4300 2.7
8 1500 5650 1.5
9 0 0 4.6
9 500 2300 4
9 1000 4300 2.7
9 1500 5650 1.5
10 0 0 4.6
10 500 2300 4
10 1000 4300 2.7
10 1500 5650 1.5
11 0 0 4.6
11 500 2300 4
11 1000 4300 2.7
11 1500 5650 1.5
12 0 0 4.6
12 500 2300 4
12 1000 4300 2.7
12 1500 5650 1.5
13 0 0 4.6
13 500 2300 4
13 1000 4300 2.7
13 1500 5650 1.5
14 0 0 4.6
14 500 2300 4
14 1000 4300 2.7
14 1500 5650 1.5
15 0 0 4.6
15 500 2300 4
15 1000 4300 2.7
15 1500 5650 1.5
16 0 0 4.6
16 500 2300 4
16 1000 4300 2.7
16 1500 5650 1.5
17 0 0 4.6
17 500 2300 4
17 1000 4300 2.7
17 1500 5650 1.5
18 0 0 4.6
18 500 2300 4
18 1000 4300 2.7
18 1500 5650 1.5
19 0 0 4.6
19 500 2300 4
19 1000 4300 2.7
19 1500 5650 1.5
20 0 0 4.6
20 500 2300 4
20 1000 4300 2.7
20 1500 5650 1.5
21 0 0 4.6
21 500 2300 4
21 1000 4300 2.7
21 1500 5650 1.5
22 0 0 4.6
22 500 2300 4
22 1000 4300 2.7
22 1500 5650 1.5
23 0 0 4.6
23 500 2300 4
23 1000 4300 2.7
23 1500 5650 1.5
24 0 0 4.6
24 500 2300 4
24 1000 4300 2.7
24 1500 5650 1.5
25 0 0 4.6
25 500 2300 4
25 1000 4300 2.7
25 1500 5650 1.5
26 0 0 4.6
26 500 2300 4
26 1000 4300 2.7
26 1500 5650 1.5
27 0 0 4.6
27 500 2300 4
27 1000 4300 2.7
27 1500 5650 1.5
28 0 0 4.6
28 500 2300 4
28 1000 4300 2.7
28 1500 5650 1.5
29 0 0 4.6
29 500 2300 4
29 1000 4300 2.7
29 1500 5650 1.5
30 0 0 4.6
30 500 2300 4
30 1000 4300 2.7
30 1500 5650 1.5
31 0 0 4.6
31 500 2300 4
31 1000 4300 2.7
31 1500 5650 1.5
32 0 0 4.6
32 500 2300 4
32 1000 4300 2.7
32 1500 5650 1.5
33 0 0 4.6
33 500 2300 4
33 1000 4300 2.7
33 1500 5650 1.5
34 0 0 4.6
34 500 2300 4
34 1000 4300 2.7
34 1500 5650 1.5
35 0 0 4.6
35 500 2300 4
35 1000 4300 2.7
35 1500 5650 1.5
36 0 0 4.6
36 500 2300 4
36 1000 4300 2.7
36 1500 5650 1.5
37 0 0 4.6
37 500 2300 4
37 1000 4300 2.7
37 1500 5650 1.5
38 0 0 4.6
38 500 2300 4
38 1000 4300 2.7
38 1500 5650 1.5
39 0 0 4.6
39 500 2300 4
39 1000 4300 2.7
39 1500 5650 1.5
40 0 0 4.6
40 500 2300 4
40 1000 4300 2.7
40 1500 5650 1.5
41 0 0 4.6
41 500 2300 4
41 1000 4300 2.7
41 1500 5650 1.5
42 0 0 4.6
42 500 2300 4
42 1000 4300 2.7
42 1500 5650 1.5
43 0 0 4.6
43 500 2300 4
43 1000 4300 2.7
43 1500 5650 1.5
44 0 0 4.6
44 500 2300 4
44 1000 4300 2.7
44 1500 5650 1.5
45 0 0 4.6
45 500 2300 4
45 1000 4300 2.7
45 1500 5650 1.5
46 0 0 4.6
46 500 2300 4
46 1000 4300 2.7
46 1500 5650 1.5
47 0 0 4.6
47 500 2300 4
47 1000 4300 2.7
47 1500 5650 1.5
48 0 0 4.6
48 500 2300 4
48 1000 4300 2.7
48 1500 5650 1.5
49 0 0 4.6
49 500 2300 4
49 1000 4300 2.7
49 1500 5650 1.5
50 0 0 4.6
50 500 2300 4
50 1000 4300 2.7
50 1500 5650 1.5
51 0 0 4.6
51 500 2300 4
51 1000 4300 2.7
51 1500 5650 1.5
52 0 0 4.6
52 500 2300 4
52 1000 4300 2.7
52 1500 5650 1.5
53 0 0 4.6
53 500 2300 4
53 1000 4300 2.7
53 1500 5650 1.5
54 0 0 4.6
54 500 2300 4
54 1000 4300 2.7
54 1500 5650 1.5
55 0 0 4.6
55 500 2300 4
55 1000 4300 2.7
55 1500 5650 1.5
56 0 0 4.6
56 500 2300 4
56 1000 4300 2.7
56 1500 5650 1.5
57 0 0 4.6
57 500 2300 4
57 1000 4300 2.7
57 1500 5650 1.5
58 0 0 4.6
58 500 2300 4
58 1000 4300 2.7
58 1500 5650 1.5
59 0 0 4.6
59 500 2300 4
59 1000 4300 2.7
59 1500 5650 1.5
60 0 0 4.6
60 500 2300 4
60 1000 4300 2.7
60 1500 5650 1.5
61 0 0 4.6
61 500 2300 4
61 1000 4300 2.7
61 1500 5650 1.5
62 0 0 4.6
62 500 2300 4
62 1000 4300 2.7
62 1500 5650 1.5
63 0 0 4.6
63 500 2300 4
63 1000 4300 2.7
63 1500 5650 1.5
64 0 0 4.6
64 500 2300 4
64 1000 4300 2.7
64 1500 5650 1.5
65 0 0 4.6
65 500 2300 4
65 1000 4300 2.7
65 1500 5650 1.5
66 0 0 4.6
66 500 2300 4
66 1000 4300 2.7
66 1500 5650 1.5
67 0 0 4.6
67 500 2300 4
67 1000 4300 2.7
67 1500 5650 1.5
68 0 0 4.6
68 500 2300 4
68 1000 4300 2.7
68 1500 5650 1.5
69 0 0 4.6
69 500 2300 4
69 1000 4300 2.7
69 1500 5650 1.5
70 0 0 4.6
70 500 2300 4
70 1000 4300 2.7
70 1500 5650 1.5
71 0 0 4.6
71 500 2300 4
71 1000 4300 2.7
71 1500 5650 1.5
72 0 0 4.6
72 500 2300 4
72 1000 4300 2.7
72 1500 5650 1.5
73 0 0 4.6
73 500 2300 4
73 1000 4300 2.7
73 1500 5650 1.5
74 0 0 4.6
74 500 2300 4
74 1000 4300 2.7
74 1500 5650 1.5
75 0 0 4.6
75 500 2300 4
75 1000 4300 2.7
75 1500 5650 1.5
76 0 0 4.6
76 500 2300 4
76 1000 4300 2.7
76 1500 5650 1.5
77 0 0 4.6
77 500 2300 4
77 1000 4300 2.7
77 1500 5650 1.5
78 0 0 4.6
78 500 2300 4
78 1000 4300 2.7
78 1500 5650 1.5
79 0 0 4.6
79 500 2300 4
79 1000 4300 2.7
79 1500 5650 1.5
80 0 0 4.6
80 500 2300 4
80 1000 4300 2.7
80 1500 5650 1.5
81 0 0 4.6
81 500 2300 4
81 1000 4300 2.7
81 1500 5650 1.5
82 0 0 4.6
82 500 2300 4
82 1000 4300 2.7
82 1500 5650 1.5
83 0 0 4.6
83 500 2300 4
83 1000 4300 2.7
83 1500 5650 1.5
84 0 0 4.6
84 500 2300 4
84 1000 4300 2.7
84 1500 5650 1.5
85 0 0 4.6
85 500 2300 4
85 1000 4300 2.7
85 1500 5650 1.5
86 0 0 4.6
86 500 2300 4
86 1000 4300 2.7
86 1500 5650 1.5
87 0 0 4.6
87 500 2300 4
87 1000 4300 2.7
87 1500 5650 1.5
88 0 0 4.6
88 500 2300 4
88 1000 4300 2.7
88 1500 5650 1.5
89 0 0 4.6
89 500 2300 4
89 1000 4300 2.7
89 1500 5650 1.5
90 0 0 4.6
90 500 2300 4
90 1000 4300 2.7
90 1500 5650 1.5
91 0 0 4.6
91 500 2300 4
91 1000 4300 2.7
91 1500 5650 1.5
92 0 0 4.6
92 500 2300 4
92 1000 4300 2.7
92 1500 5650 1.5
93 0 0 4.6
93 500 2300 4
93 1000 4300 2.7
93 1500 5650 1.5
94 0 0 4.6
94 500 2300 4
94 1000 4300 2.7
94 1500 5650 1.5
95 0 0 4.6
95 500 2300 4
95 1000 4300 2.7
95 1500 5650 1.5
96 0 0 4.6
96 500 2300 4
96 1000 4300 2.7
96 1500 5650 1.5
97 0 0 4.6
97 500 2300 4
97 1000 4300 2.7
97 1500 5650 1.5
98 0 0 4.6
98 500 2300 4
98 1000 4300 2.7
98 1500 5650 1.5
99 0 0 4.6
99 500 2300 4
99 1000 4300 2.7
99 1500 5650 1.5
