1000 4
0 0 0 2.2
0 25 55 1.4
0 50 90 3.4
0 75 175 3.7
1 0 0 2.2
1 25 55 1.4
1 50 90 3.4
1 75 175 3.7
2 0 0 2.2
2 25 55 1.4
2 50 90 3.4
2 75 175 3.7
3 0 0 2.2
3 25 55 1.4
3 50 90 3.4
3 75 175 3.7
4 0 0 2.2
4 25 55 1.4
4 50 90 3.4
4 75 175 3.7
5 0 0 2.2
5 25 55 1.4
5 50 90 3.4
5 75 175 3.7
6 0 0 2.2
6 25 55 1.4
6 50 90 3.4
6 75 175 3.7
7 0 0 2.2
7 25 55 1.4
7 50 90 3.4
7 75 175 3.7
8 0 0 2.2
8 25 55 1.4
8 50 90 3.4
8 75 175 3.7
9 0 0 2.2
9 25 55 1.4
9 50 90 3.4
9 75 175 3.7
10 0 0 2.2
10 25 55 1.4
10 50 90 3.4
10 75 175 3.7
11 0 0 2.2
11 25 55 1.4
11 50 90 3.4
11 75 175 3.7
12 0 0 2.2
12 25 55 1.4
12 50 90 3.4
12 75 175 3.7
13 0 0 2.2
13 25 55 1.4
13 50 90 3.4
13 75 175 3.7
14 0 0 2.2
14 25 55 1.4
14 50 90 3.4
14 75 175 3.7
15 0 0 2.2
15 25 55 1.4
15 50 90 3.4
15 75 175 3.7
16 0 0 2.2
16 25 55 1.4
16 50 90 3.4
16 75 175 3.7
17 0 0 2.2
17 25 55 1.4
17 50 90 3.4
17 75 175 3.7
18 0 0 2.2
18 25 55 1.4
18 50 90 3.4
18 75 175 3.7
19 0 0 2.2
19 25 55 1.4
19 50 90 3.4
19 75 175 3.7
20 0 0 2.2
20 25 55 1.4
20 50 90 3.4
20 75 175 3.7
21 0 0 2.2
21 25 55 1.4
21 50 90 3.4
21 75 175 3.7
22 0 0 2.2
22 25 55 1.4
22 50 90 3.4
22 75 175 3.7
23 0 0 2.2
23 25 55 1.4
23 50 90 3.4
23 75 175 3.7
24 0 0 2.2
24 25 55 1.4
24 50 90 3.4
24 75 175 3.7
25 0 0 2.2
25 25 55 1.4
25 50 90 3.4
25 75 175 3.7
26 0 0 2.2
26 25 55 1.4
26 50 90 3.4
26 75 175 3.7
27 0 0 2.2
27 25 55 1.4
27 50 90 3.4
27 75 175 3.7
28 0 0 2.2
28 25 55 1.4
28 50 90 3.4
28 75 175 3.7
29 0 0 2.2
29 25 55 1.4
29 50 90 3.4
29 75 175 3.7
30 0 0 2.2
30 25 55 1.4
30 50 90 3.4
30 75 175 3.7
31 0 0 2.2
31 25 55 1.4
31 50 90 3.4
31 75 175 3.7
32 0 0 2.2
32 25 55 1.4
32 50 90 3.4
32 75 175 3.7
33 0 0 2.2
33 25 55 1.4
33 50 90 3.4
33 75 175 3.7
34 0 0 2.2
34 25 55 1.4
34 50 90 3.4
34 75 175 3.7
35 0 0 2.2
35 25 55 1.4
35 50 90 3.4
35 75 175 3.7
36 0 0 2.2
36 25 55 1.4
36 50 90 3.4
36 75 175 3.7
37 0 0 2.2
37 25 55 1.4
37 50 90 3.4
37 75 175 3.7
38 0 0 2.2
38 25 55 1.4
38 50 90 3.4
38 75 175 3.7
39 0 0 2.2
39 25 55 1.4
39 50 90 3.4
39 75 175 3.7
40 0 0 2.2
40 25 55 1.4
40 50 90 3.4
40 75 175 3.7
41 0 0 2.2
41 25 55 1.4
41 50 90 3.4
41 75 175 3.7
42 0 0 2.2
42 25 55 1.4
42 50 90 3.4
42 75 175 3.7
43 0 0 2.2
43 25 55 1.4
43 50 90 3.4
43 75 175 3.7
44 0 0 2.2
44 25 55 1.4
44 50 90 3.4
44 75 175 3.7
45 0 0 2.2
45 25 55 1.4
45 50 90 3.4
45 75 175 3.7
46 0 0 2.2
46 25 55 1.4
46 50 90 3.4
46 75 175 3.7
47 0 0 2.2
47 25 55 1.4
47 50 90 3.4
47 75 175 3.7
48 0 0 2.2
48 25 55 1.4
48 50 90 3.4
48 75 175 3.7
49 0 0 2.2
49 25 55 1.4
49 50 90 3.4
49 75 175 3.7
50 0 0 2.2
50 25 55 1.4
50 50 90 3.4
50 75 175 3.7
51 0 0 2.2
51 25 55 1.4
51 50 90 3.4
51 75 175 3.7
52 0 0 2.2
52 25 55 1.4
52 50 90 3.4
52 75 175 3.7
53 0 0 2.2
53 25 55 1.4
53 50 90 3.4
53 75 175 3.7
54 0 0 2.2
54 25 55 1.4
54 50 90 3.4
54 75 175 3.7
55 0 0 2.2
55 25 55 1.4
55 50 90 3.4
55 75 175 3.7
56 0 0 2.2
56 25 55 1.4
56 50 90 3.4
56 75 175 3.7
57 0 0 2.2
57 25 55 1.4
57 50 90 3.4
57 75 175 3.7
58 0 0 2.2
58 25 55 1.4
58 50 90 3.4
58 75 175 3.7
59 0 0 2.2
59 25 55 1.4
59 50 90 3.4
59 75 175 3.7
60 0 0 2.2
60 25 55 1.4
60 50 90 3.4
60 75 175 3.7
61 0 0 2.2
61 25 55 1.4
61 50 90 3.4
61 75 175 3.7
62 0 0 2.2
62 25 55 1.4
62 50 90 3.4
62 75 175 3.7
63 0 0 2.2
63 25 55 1.4
63 50 90 3.4
63 75 175 3.7
64 0 0 2.2
64 25 55 1.4
64 50 90 3.4
64 75 175 3.7
65 0 0 2.2
65 25 55 1.4
65 50 90 3.4
65 75 175 3.7
66 0 0 2.2
66 25 55 1.4
66 50 90 3.4
66 75 175 3.7
67 0 0 2.2
67 25 55 1.4
67 50 90 3.4
67 75 175 3.7
68 0 0 2.2
68 25 55 1.4
68 50 90 3.4
68 75 175 3.7
69 0 0 2.2
69 25 55 1.4
69 50 90 3.4
69 75 175 3.7
70 0 0 2.2
70 25 55 1.4
70 50 90 3.4
70 75 175 3.7
71 0 0 2.2
71 25 55 1.4
71 50 90 3.4
71 75 175 3.7
72 0 0 2.2
72 25 55 1.4
72 50 90 3.4
72 75 175 3.7
73 0 0 2.2
73 25 55 1.4
73 50 90 3.4
73 75 175 3.7
74 0 0 2.2
74 25 55 1.4
74 50 90 3.4
74 75 175 3.7
75 0 0 2.2
75 25 55 1.4
75 50 90 3.4
75 75 175 3.7
76 0 0 2.2
76 25 55 1.4
76 50 90 3.4
76 75 175 3.7
77 0 0 2.2
77 25 55 1.4
77 50 90 3.4
77 75 175 3.7
78 0 0 2.2
78 25 55 1.4
78 50 90 3.4
78 75 175 3.7
79 0 0 2.2
79 25 55 1.4
79 50 90 3.4
79 75 175 3.7
80 0 0 2.2
80 25 55 1.4
80 50 90 3.4
80 75 175 3.7
81 0 0 2.2
81 25 55 1.4
81 50 90 3.4
81 75 175 3.7
82 0 0 2.2
82 25 55 1.4
82 50 90 3.4
82 75 175 3.7
83 0 0 2.2
83 25 55 1.4
83 50 90 3.4
83 75 175 3.7
84 0 0 2.2
84 25 55 1.4
84 50 90 3.4
84 75 175 3.7
85 0 0 2.2
85 25 55 1.4
85 50 90 3.4
85 75 175 3.7
86 0 0 2.2
86 25 55 1.4
86 50 90 3.4
86 75 175 3.7
87 0 0 2.2
87 25 55 1.4
87 50 90 3.4
87 75 175 3.7
88 0 0 2.2
88 25 55 1.4
88 50 90 3.4
88 75 175 3.7
89 0 0 2.2
89 25 55 1.4
89 50 90 3.4
89 75 175 3.7
90 0 0 2.2
90 25 55 1.4
90 50 90 3.4
90 75 175 3.7
91 0 0 2.2
91 25 55 1.4
91 50 90 3.4
91 75 175 3.7
92 0 0 2.2
92 25 55 1.4
92 50 90 3.4
92 75 175 3.7
93 0 0 2.2
93 25 55 1.4
93 50 90 3.4
93 75 175 3.7
94 0 0 2.2
94 25 55 1.4
94 50 90 3.4
94 75 175 3.7
95 0 0 2.2
95 25 55 1.4
95 50 90 3.4
95 75 175 3.7
96 0 0 2.2
96 25 55 1.4
96 50 90 3.4
96 75 175 3.7
97 0 0 2.2
97 25 55 1.4
97 50 90 3.4
97 75 175 3.7
98 0 0 2.2
98 25 55 1.4
98 50 90 3.4
98 75 175 3.7
99 0 0 2.2
99 25 55 1.4
99 50 90 3.4
99 75 175 3.7
100 0 0 2.2
100 25 55 1.4
100 50 90 3.4
100 75 175 3.7
101 0 0 2.2
101 25 55 1.4
101 50 90 3.4
101 75 175 3.7
102 0 0 2.2
102 25 55 1.4
102 50 90 3.4
102 75 175 3.7
103 0 0 2.2
103 25 55 1.4
103 50 90 3.4
103 75 175 3.7
104 0 0 2.2
104 25 55 1.4
104 50 90 3.4
104 75 175 3.7
105 0 0 2.2
105 25 55 1.4
105 50 90 3.4
105 75 175 3.7
106 0 0 2.2
106 25 55 1.4
106 50 90 3.4
106 75 175 3.7
107 0 0 2.2
107 25 55 1.4
107 50 90 3.4
107 75 175 3.7
108 0 0 2.2
108 25 55 1.4
108 50 90 3.4
108 75 175 3.7
109 0 0 2.2
109 25 55 1.4
109 50 90 3.4
109 75 175 3.7
110 0 0 2.2
110 25 55 1.4
110 50 90 3.4
110 75 175 3.7
111 0 0 2.2
111 25 55 1.4
111 50 90 3.4
111 75 175 3.7
112 0 0 2.2
112 25 55 1.4
112 50 90 3.4
112 75 175 3.7
113 0 0 2.2
113 25 55 1.4
113 50 90 3.4
113 75 175 3.7
114 0 0 2.2
114 25 55 1.4
114 50 90 3.4
114 75 175 3.7
115 0 0 2.2
115 25 55 1.4
115 50 90 3.4
115 75 175 3.7
116 0 0 2.2
116 25 55 1.4
116 50 90 3.4
116 75 175 3.7
117 0 0 2.2
117 25 55 1.4
117 50 90 3.4
117 75 175 3.7
118 0 0 2.2
118 25 55 1.4
118 50 90 3.4
118 75 175 3.7
119 0 0 2.2
119 25 55 1.4
119 50 90 3.4
119 75 175 3.7
120 0 0 2.2
120 25 55 1.4
120 50 90 3.4
120 75 175 3.7
121 0 0 2.2
121 25 55 1.4
121 50 90 3.4
121 75 175 3.7
122 0 0 2.2
122 25 55 1.4
122 50 90 3.4
122 75 175 3.7
123 0 0 2.2
123 25 55 1.4
123 50 90 3.4
123 75 175 3.7
124 0 0 2.2
124 25 55 1.4
124 50 90 3.4
124 75 175 3.7
125 0 0 2.2
125 25 55 1.4
125 50 90 3.4
125 75 175 3.7
126 0 0 2.2
126 25 55 1.4
126 50 90 3.4
126 75 175 3.7
127 0 0 2.2
127 25 55 1.4
127 50 90 3.4
127 75 175 3.7
128 0 0 2.2
128 25 55 1.4
128 50 90 3.4
128 75 175 3.7
129 0 0 2.2
129 25 55 1.4
129 50 90 3.4
129 75 175 3.7
130 0 0 2.2
130 25 55 1.4
130 50 90 3.4
130 75 175 3.7
131 0 0 2.2
131 25 55 1.4
131 50 90 3.4
131 75 175 3.7
132 0 0 2.2
132 25 55 1.4
132 50 90 3.4
132 75 175 3.7
133 0 0 2.2
133 25 55 1.4
133 50 90 3.4
133 75 175 3.7
134 0 0 2.2
134 25 55 1.4
134 50 90 3.4
134 75 175 3.7
135 0 0 2.2
135 25 55 1.4
135 50 90 3.4
135 75 175 3.7
136 0 0 2.2
136 25 55 1.4
136 50 90 3.4
136 75 175 3.7
137 0 0 2.2
137 25 55 1.4
137 50 90 3.4
137 75 175 3.7
138 0 0 2.2
138 25 55 1.4
138 50 90 3.4
138 75 175 3.7
139 0 0 2.2
139 25 55 1.4
139 50 90 3.4
139 75 175 3.7
140 0 0 2.2
140 25 55 1.4
140 50 90 3.4
140 75 175 3.7
141 0 0 2.2
141 25 55 1.4
141 50 90 3.4
141 75 175 3.7
142 0 0 2.2
142 25 55 1.4
142 50 90 3.4
142 75 175 3.7
143 0 0 2.2
143 25 55 1.4
143 50 90 3.4
143 75 175 3.7
144 0 0 2.2
144 25 55 1.4
144 50 90 3.4
144 75 175 3.7
145 0 0 2.2
145 25 55 1.4
145 50 90 3.4
145 75 175 3.7
146 0 0 2.2
146 25 55 1.4
146 50 90 3.4
146 75 175 3.7
147 0 0 2.2
147 25 55 1.4
147 50 90 3.4
147 75 175 3.7
148 0 0 2.2
148 25 55 1.4
148 50 90 3.4
148 75 175 3.7
149 0 0 2.2
149 25 55 1.4
149 50 90 3.4
149 75 175 3.7
150 0 0 2.2
150 25 55 1.4
150 50 90 3.4
150 75 175 3.7
151 0 0 2.2
151 25 55 1.4
151 50 90 3.4
151 75 175 3.7
152 0 0 2.2
152 25 55 1.4
152 50 90 3.4
152 75 175 3.7
153 0 0 2.2
153 25 55 1.4
153 50 90 3.4
153 75 175 3.7
154 0 0 2.2
154 25 55 1.4
154 50 90 3.4
154 75 175 3.7
155 0 0 2.2
155 25 55 1.4
155 50 90 3.4
155 75 175 3.7
156 0 0 2.2
156 25 55 1.4
156 50 90 3.4
156 75 175 3.7
157 0 0 2.2
157 25 55 1.4
157 50 90 3.4
157 75 175 3.7
158 0 0 2.2
158 25 55 1.4
158 50 90 3.4
158 75 175 3.7
159 0 0 2.2
159 25 55 1.4
159 50 90 3.4
159 75 175 3.7
160 0 0 2.2
160 25 55 1.4
160 50 90 3.4
160 75 175 3.7
161 0 0 2.2
161 25 55 1.4
161 50 90 3.4
161 75 175 3.7
162 0 0 2.2
162 25 55 1.4
162 50 90 3.4
162 75 175 3.7
163 0 0 2.2
163 25 55 1.4
163 50 90 3.4
163 75 175 3.7
164 0 0 2.2
164 25 55 1.4
164 50 90 3.4
164 75 175 3.7
165 0 0 2.2
165 25 55 1.4
165 50 90 3.4
165 75 175 3.7
166 0 0 2.2
166 25 55 1.4
166 50 90 3.4
166 75 175 3.7
167 0 0 2.2
167 25 55 1.4
167 50 90 3.4
167 75 175 3.7
168 0 0 2.2
168 25 55 1.4
168 50 90 3.4
168 75 175 3.7
169 0 0 2.2
169 25 55 1.4
169 50 90 3.4
169 75 175 3.7
170 0 0 2.2
170 25 55 1.4
170 50 90 3.4
170 75 175 3.7
171 0 0 2.2
171 25 55 1.4
171 50 90 3.4
171 75 175 3.7
172 0 0 2.2
172 25 55 1.4
172 50 90 3.4
172 75 175 3.7
173 0 0 2.2
173 25 55 1.4
173 50 90 3.4
173 75 175 3.7
174 0 0 2.2
174 25 55 1.4
174 50 90 3.4
174 75 175 3.7
175 0 0 2.2
175 25 55 1.4
175 50 90 3.4
175 75 175 3.7
176 0 0 2.2
176 25 55 1.4
176 50 90 3.4
176 75 175 3.7
177 0 0 2.2
177 25 55 1.4
177 50 90 3.4
177 75 175 3.7
178 0 0 2.2
178 25 55 1.4
178 50 90 3.4
178 75 175 3.7
179 0 0 2.2
179 25 55 1.4
179 50 90 3.4
179 75 175 3.7
180 0 0 2.2
180 25 55 1.4
180 50 90 3.4
180 75 175 3.7
181 0 0 2.2
181 25 55 1.4
181 50 90 3.4
181 75 175 3.7
182 0 0 2.2
182 25 55 1.4
182 50 90 3.4
182 75 175 3.7
183 0 0 2.2
183 25 55 1.4
183 50 90 3.4
183 75 175 3.7
184 0 0 2.2
184 25 55 1.4
184 50 90 3.4
184 75 175 3.7
185 0 0 2.2
185 25 55 1.4
185 50 90 3.4
185 75 175 3.7
186 0 0 2.2
186 25 55 1.4
186 50 90 3.4
186 75 175 3.7
187 0 0 2.2
187 25 55 1.4
187 50 90 3.4
187 75 175 3.7
188 0 0 2.2
188 25 55 1.4
188 50 90 3.4
188 75 175 3.7
189 0 0 2.2
189 25 55 1.4
189 50 90 3.4
189 75 175 3.7
190 0 0 2.2
190 25 55 1.4
190 50 90 3.4
190 75 175 3.7
191 0 0 2.2
191 25 55 1.4
191 50 90 3.4
191 75 175 3.7
192 0 0 2.2
192 25 55 1.4
192 50 90 3.4
192 75 175 3.7
193 0 0 2.2
193 25 55 1.4
193 50 90 3.4
193 75 175 3.7
194 0 0 2.2
194 25 55 1.4
194 50 90 3.4
194 75 175 3.7
195 0 0 2.2
195 25 55 1.4
195 50 90 3.4
195 75 175 3.7
196 0 0 2.2
196 25 55 1.4
196 50 90 3.4
196 75 175 3.7
197 0 0 2.2
197 25 55 1.4
197 50 90 3.4
197 75 175 3.7
198 0 0 2.2
198 25 55 1.4
198 50 90 3.4
198 75 175 3.7
199 0 0 2.2
199 25 55 1.4
199 50 90 3.4
199 75 175 3.7
200 0 0 2.2
200 25 55 1.4
200 50 90 3.4
200 75 175 3.7
201 0 0 2.2
201 25 55 1.4
201 50 90 3.4
201 75 175 3.7
202 0 0 2.2
202 25 55 1.4
202 50 90 3.4
202 75 175 3.7
203 0 0 2.2
203 25 55 1.4
203 50 90 3.4
203 75 175 3.7
204 0 0 2.2
204 25 55 1.4
204 50 90 3.4
204 75 175 3.7
205 0 0 2.2
205 25 55 1.4
205 50 90 3.4
205 75 175 3.7
206 0 0 2.2
206 25 55 1.4
206 50 90 3.4
206 75 175 3.7
207 0 0 2.2
207 25 55 1.4
207 50 90 3.4
207 75 175 3.7
208 0 0 2.2
208 25 55 1.4
208 50 90 3.4
208 75 175 3.7
209 0 0 2.2
209 25 55 1.4
209 50 90 3.4
209 75 175 3.7
210 0 0 2.2
210 25 55 1.4
210 50 90 3.4
210 75 175 3.7
211 0 0 2.2
211 25 55 1.4
211 50 90 3.4
211 75 175 3.7
212 0 0 2.2
212 25 55 1.4
212 50 90 3.4
212 75 175 3.7
213 0 0 2.2
213 25 55 1.4
213 50 90 3.4
213 75 175 3.7
214 0 0 2.2
214 25 55 1.4
214 50 90 3.4
214 75 175 3.7
215 0 0 2.2
215 25 55 1.4
215 50 90 3.4
215 75 175 3.7
216 0 0 2.2
216 25 55 1.4
216 50 90 3.4
216 75 175 3.7
217 0 0 2.2
217 25 55 1.4
217 50 90 3.4
217 75 175 3.7
218 0 0 2.2
218 25 55 1.4
218 50 90 3.4
218 75 175 3.7
219 0 0 2.2
219 25 55 1.4
219 50 90 3.4
219 75 175 3.7
220 0 0 2.2
220 25 55 1.4
220 50 90 3.4
220 75 175 3.7
221 0 0 2.2
221 25 55 1.4
221 50 90 3.4
221 75 175 3.7
222 0 0 2.2
222 25 55 1.4
222 50 90 3.4
222 75 175 3.7
223 0 0 2.2
223 25 55 1.4
223 50 90 3.4
223 75 175 3.7
224 0 0 2.2
224 25 55 1.4
224 50 90 3.4
224 75 175 3.7
225 0 0 2.2
225 25 55 1.4
225 50 90 3.4
225 75 175 3.7
226 0 0 2.2
226 25 55 1.4
226 50 90 3.4
226 75 175 3.7
227 0 0 2.2
227 25 55 1.4
227 50 90 3.4
227 75 175 3.7
228 0 0 2.2
228 25 55 1.4
228 50 90 3.4
228 75 175 3.7
229 0 0 2.2
229 25 55 1.4
229 50 90 3.4
229 75 175 3.7
230 0 0 2.2
230 25 55 1.4
230 50 90 3.4
230 75 175 3.7
231 0 0 2.2
231 25 55 1.4
231 50 90 3.4
231 75 175 3.7
232 0 0 2.2
232 25 55 1.4
232 50 90 3.4
232 75 175 3.7
233 0 0 2.2
233 25 55 1.4
233 50 90 3.4
233 75 175 3.7
234 0 0 2.2
234 25 55 1.4
234 50 90 3.4
234 75 175 3.7
235 0 0 2.2
235 25 55 1.4
235 50 90 3.4
235 75 175 3.7
236 0 0 2.2
236 25 55 1.4
236 50 90 3.4
236 75 175 3.7
237 0 0 2.2
237 25 55 1.4
237 50 90 3.4
237 75 175 3.7
238 0 0 2.2
238 25 55 1.4
238 50 90 3.4
238 75 175 3.7
239 0 0 2.2
239 25 55 1.4
239 50 90 3.4
239 75 175 3.7
240 0 0 2.2
240 25 55 1.4
240 50 90 3.4
240 75 175 3.7
241 0 0 2.2
241 25 55 1.4
241 50 90 3.4
241 75 175 3.7
242 0 0 2.2
242 25 55 1.4
242 50 90 3.4
242 75 175 3.7
243 0 0 2.2
243 25 55 1.4
243 50 90 3.4
243 75 175 3.7
244 0 0 2.2
244 25 55 1.4
244 50 90 3.4
244 75 175 3.7
245 0 0 2.2
245 25 55 1.4
245 50 90 3.4
245 75 175 3.7
246 0 0 2.2
246 25 55 1.4
246 50 90 3.4
246 75 175 3.7
247 0 0 2.2
247 25 55 1.4
247 50 90 3.4
247 75 175 3.7
248 0 0 2.2
248 25 55 1.4
248 50 90 3.4
248 75 175 3.7
249 0 0 2.2
249 25 55 1.4
249 50 90 3.4
249 75 175 3.7
250 0 0 2.2
250 25 55 1.4
250 50 90 3.4
250 75 175 3.7
251 0 0 2.2
251 25 55 1.4
251 50 90 3.4
251 75 175 3.7
252 0 0 2.2
252 25 55 1.4
252 50 90 3.4
252 75 175 3.7
253 0 0 2.2
253 25 55 1.4
253 50 90 3.4
253 75 175 3.7
254 0 0 2.2
254 25 55 1.4
254 50 90 3.4
254 75 175 3.7
255 0 0 2.2
255 25 55 1.4
255 50 90 3.4
255 75 175 3.7
256 0 0 2.2
256 25 55 1.4
256 50 90 3.4
256 75 175 3.7
257 0 0 2.2
257 25 55 1.4
257 50 90 3.4
257 75 175 3.7
258 0 0 2.2
258 25 55 1.4
258 50 90 3.4
258 75 175 3.7
259 0 0 2.2
259 25 55 1.4
259 50 90 3.4
259 75 175 3.7
260 0 0 2.2
260 25 55 1.4
260 50 90 3.4
260 75 175 3.7
261 0 0 2.2
261 25 55 1.4
261 50 90 3.4
261 75 175 3.7
262 0 0 2.2
262 25 55 1.4
262 50 90 3.4
262 75 175 3.7
263 0 0 2.2
263 25 55 1.4
263 50 90 3.4
263 75 175 3.7
264 0 0 2.2
264 25 55 1.4
264 50 90 3.4
264 75 175 3.7
265 0 0 2.2
265 25 55 1.4
265 50 90 3.4
265 75 175 3.7
266 0 0 2.2
266 25 55 1.4
266 50 90 3.4
266 75 175 3.7
267 0 0 2.2
267 25 55 1.4
267 50 90 3.4
267 75 175 3.7
268 0 0 2.2
268 25 55 1.4
268 50 90 3.4
268 75 175 3.7
269 0 0 2.2
269 25 55 1.4
269 50 90 3.4
269 75 175 3.7
270 0 0 2.2
270 25 55 1.4
270 50 90 3.4
270 75 175 3.7
271 0 0 2.2
271 25 55 1.4
271 50 90 3.4
271 75 175 3.7
272 0 0 2.2
272 25 55 1.4
272 50 90 3.4
272 75 175 3.7
273 0 0 2.2
273 25 55 1.4
273 50 90 3.4
273 75 175 3.7
274 0 0 2.2
274 25 55 1.4
274 50 90 3.4
274 75 175 3.7
275 0 0 2.2
275 25 55 1.4
275 50 90 3.4
275 75 175 3.7
276 0 0 2.2
276 25 55 1.4
276 50 90 3.4
276 75 175 3.7
277 0 0 2.2
277 25 55 1.4
277 50 90 3.4
277 75 175 3.7
278 0 0 2.2
278 25 55 1.4
278 50 90 3.4
278 75 175 3.7
279 0 0 2.2
279 25 55 1.4
279 50 90 3.4
279 75 175 3.7
280 0 0 2.2
280 25 55 1.4
280 50 90 3.4
280 75 175 3.7
281 0 0 2.2
281 25 55 1.4
281 50 90 3.4
281 75 175 3.7
282 0 0 2.2
282 25 55 1.4
282 50 90 3.4
282 75 175 3.7
283 0 0 2.2
283 25 55 1.4
283 50 90 3.4
283 75 175 3.7
284 0 0 2.2
284 25 55 1.4
284 50 90 3.4
284 75 175 3.7
285 0 0 2.2
285 25 55 1.4
285 50 90 3.4
285 75 175 3.7
286 0 0 2.2
286 25 55 1.4
286 50 90 3.4
286 75 175 3.7
287 0 0 2.2
287 25 55 1.4
287 50 90 3.4
287 75 175 3.7
288 0 0 2.2
288 25 55 1.4
288 50 90 3.4
288 75 175 3.7
289 0 0 2.2
289 25 55 1.4
289 50 90 3.4
289 75 175 3.7
290 0 0 2.2
290 25 55 1.4
290 50 90 3.4
290 75 175 3.7
291 0 0 2.2
291 25 55 1.4
291 50 90 3.4
291 75 175 3.7
292 0 0 2.2
292 25 55 1.4
292 50 90 3.4
292 75 175 3.7
293 0 0 2.2
293 25 55 1.4
293 50 90 3.4
293 75 175 3.7
294 0 0 2.2
294 25 55 1.4
294 50 90 3.4
294 75 175 3.7
295 0 0 2.2
295 25 55 1.4
295 50 90 3.4
295 75 175 3.7
296 0 0 2.2
296 25 55 1.4
296 50 90 3.4
296 75 175 3.7
297 0 0 2.2
297 25 55 1.4
297 50 90 3.4
297 75 175 3.7
298 0 0 2.2
298 25 55 1.4
298 50 90 3.4
298 75 175 3.7
299 0 0 2.2
299 25 55 1.4
299 50 90 3.4
299 75 175 3.7
300 0 0 2.2
300 25 55 1.4
300 50 90 3.4
300 75 175 3.7
301 0 0 2.2
301 25 55 1.4
301 50 90 3.4
301 75 175 3.7
302 0 0 2.2
302 25 55 1.4
302 50 90 3.4
302 75 175 3.7
303 0 0 2.2
303 25 55 1.4
303 50 90 3.4
303 75 175 3.7
304 0 0 2.2
304 25 55 1.4
304 50 90 3.4
304 75 175 3.7
305 0 0 2.2
305 25 55 1.4
305 50 90 3.4
305 75 175 3.7
306 0 0 2.2
306 25 55 1.4
306 50 90 3.4
306 75 175 3.7
307 0 0 2.2
307 25 55 1.4
307 50 90 3.4
307 75 175 3.7
308 0 0 2.2
308 25 55 1.4
308 50 90 3.4
308 75 175 3.7
309 0 0 2.2
309 25 55 1.4
309 50 90 3.4
309 75 175 3.7
310 0 0 2.2
310 25 55 1.4
310 50 90 3.4
310 75 175 3.7
311 0 0 2.2
311 25 55 1.4
311 50 90 3.4
311 75 175 3.7
312 0 0 2.2
312 25 55 1.4
312 50 90 3.4
312 75 175 3.7
313 0 0 2.2
313 25 55 1.4
313 50 90 3.4
313 75 175 3.7
314 0 0 2.2
314 25 55 1.4
314 50 90 3.4
314 75 175 3.7
315 0 0 2.2
315 25 55 1.4
315 50 90 3.4
315 75 175 3.7
316 0 0 2.2
316 25 55 1.4
316 50 90 3.4
316 75 175 3.7
317 0 0 2.2
317 25 55 1.4
317 50 90 3.4
317 75 175 3.7
318 0 0 2.2
318 25 55 1.4
318 50 90 3.4
318 75 175 3.7
319 0 0 2.2
319 25 55 1.4
319 50 90 3.4
319 75 175 3.7
320 0 0 2.2
320 25 55 1.4
320 50 90 3.4
320 75 175 3.7
321 0 0 2.2
321 25 55 1.4
321 50 90 3.4
321 75 175 3.7
322 0 0 2.2
322 25 55 1.4
322 50 90 3.4
322 75 175 3.7
323 0 0 2.2
323 25 55 1.4
323 50 90 3.4
323 75 175 3.7
324 0 0 2.2
324 25 55 1.4
324 50 90 3.4
324 75 175 3.7
325 0 0 2.2
325 25 55 1.4
325 50 90 3.4
325 75 175 3.7
326 0 0 2.2
326 25 55 1.4
326 50 90 3.4
326 75 175 3.7
327 0 0 2.2
327 25 55 1.4
327 50 90 3.4
327 75 175 3.7
328 0 0 2.2
328 25 55 1.4
328 50 90 3.4
328 75 175 3.7
329 0 0 2.2
329 25 55 1.4
329 50 90 3.4
329 75 175 3.7
330 0 0 2.2
330 25 55 1.4
330 50 90 3.4
330 75 175 3.7
331 0 0 2.2
331 25 55 1.4
331 50 90 3.4
331 75 175 3.7
332 0 0 2.2
332 25 55 1.4
332 50 90 3.4
332 75 175 3.7
333 0 0 2.2
333 25 55 1.4
333 50 90 3.4
333 75 175 3.7
334 0 0 2.2
334 25 55 1.4
334 50 90 3.4
334 75 175 3.7
335 0 0 2.2
335 25 55 1.4
335 50 90 3.4
335 75 175 3.7
336 0 0 2.2
336 25 55 1.4
336 50 90 3.4
336 75 175 3.7
337 0 0 2.2
337 25 55 1.4
337 50 90 3.4
337 75 175 3.7
338 0 0 2.2
338 25 55 1.4
338 50 90 3.4
338 75 175 3.7
339 0 0 2.2
339 25 55 1.4
339 50 90 3.4
339 75 175 3.7
340 0 0 2.2
340 25 55 1.4
340 50 90 3.4
340 75 175 3.7
341 0 0 2.2
341 25 55 1.4
341 50 90 3.4
341 75 175 3.7
342 0 0 2.2
342 25 55 1.4
342 50 90 3.4
342 75 175 3.7
343 0 0 2.2
343 25 55 1.4
343 50 90 3.4
343 75 175 3.7
344 0 0 2.2
344 25 55 1.4
344 50 90 3.4
344 75 175 3.7
345 0 0 2.2
345 25 55 1.4
345 50 90 3.4
345 75 175 3.7
346 0 0 2.2
346 25 55 1.4
346 50 90 3.4
346 75 175 3.7
347 0 0 2.2
347 25 55 1.4
347 50 90 3.4
347 75 175 3.7
348 0 0 2.2
348 25 55 1.4
348 50 90 3.4
348 75 175 3.7
349 0 0 2.2
349 25 55 1.4
349 50 90 3.4
349 75 175 3.7
350 0 0 2.2
350 25 55 1.4
350 50 90 3.4
350 75 175 3.7
351 0 0 2.2
351 25 55 1.4
351 50 90 3.4
351 75 175 3.7
352 0 0 2.2
352 25 55 1.4
352 50 90 3.4
352 75 175 3.7
353 0 0 2.2
353 25 55 1.4
353 50 90 3.4
353 75 175 3.7
354 0 0 2.2
354 25 55 1.4
354 50 90 3.4
354 75 175 3.7
355 0 0 2.2
355 25 55 1.4
355 50 90 3.4
355 75 175 3.7
356 0 0 2.2
356 25 55 1.4
356 50 90 3.4
356 75 175 3.7
357 0 0 2.2
357 25 55 1.4
357 50 90 3.4
357 75 175 3.7
358 0 0 2.2
358 25 55 1.4
358 50 90 3.4
358 75 175 3.7
359 0 0 2.2
359 25 55 1.4
359 50 90 3.4
359 75 175 3.7
360 0 0 2.2
360 25 55 1.4
360 50 90 3.4
360 75 175 3.7
361 0 0 2.2
361 25 55 1.4
361 50 90 3.4
361 75 175 3.7
362 0 0 2.2
362 25 55 1.4
362 50 90 3.4
362 75 175 3.7
363 0 0 2.2
363 25 55 1.4
363 50 90 3.4
363 75 175 3.7
364 0 0 2.2
364 25 55 1.4
364 50 90 3.4
364 75 175 3.7
365 0 0 2.2
365 25 55 1.4
365 50 90 3.4
365 75 175 3.7
366 0 0 2.2
366 25 55 1.4
366 50 90 3.4
366 75 175 3.7
367 0 0 2.2
367 25 55 1.4
367 50 90 3.4
367 75 175 3.7
368 0 0 2.2
368 25 55 1.4
368 50 90 3.4
368 75 175 3.7
369 0 0 2.2
369 25 55 1.4
369 50 90 3.4
369 75 175 3.7
370 0 0 2.2
370 25 55 1.4
370 50 90 3.4
370 75 175 3.7
371 0 0 2.2
371 25 55 1.4
371 50 90 3.4
371 75 175 3.7
372 0 0 2.2
372 25 55 1.4
372 50 90 3.4
372 75 175 3.7
373 0 0 2.2
373 25 55 1.4
373 50 90 3.4
373 75 175 3.7
374 0 0 2.2
374 25 55 1.4
374 50 90 3.4
374 75 175 3.7
375 0 0 2.2
375 25 55 1.4
375 50 90 3.4
375 75 175 3.7
376 0 0 2.2
376 25 55 1.4
376 50 90 3.4
376 75 175 3.7
377 0 0 2.2
377 25 55 1.4
377 50 90 3.4
377 75 175 3.7
378 0 0 2.2
378 25 55 1.4
378 50 90 3.4
378 75 175 3.7
379 0 0 2.2
379 25 55 1.4
379 50 90 3.4
379 75 175 3.7
380 0 0 2.2
380 25 55 1.4
380 50 90 3.4
380 75 175 3.7
381 0 0 2.2
381 25 55 1.4
381 50 90 3.4
381 75 175 3.7
382 0 0 2.2
382 25 55 1.4
382 50 90 3.4
382 75 175 3.7
383 0 0 2.2
383 25 55 1.4
383 50 90 3.4
383 75 175 3.7
384 0 0 2.2
384 25 55 1.4
384 50 90 3.4
384 75 175 3.7
385 0 0 2.2
385 25 55 1.4
385 50 90 3.4
385 75 175 3.7
386 0 0 2.2
386 25 55 1.4
386 50 90 3.4
386 75 175 3.7
387 0 0 2.2
387 25 55 1.4
387 50 90 3.4
387 75 175 3.7
388 0 0 2.2
388 25 55 1.4
388 50 90 3.4
388 75 175 3.7
389 0 0 2.2
389 25 55 1.4
389 50 90 3.4
389 75 175 3.7
390 0 0 2.2
390 25 55 1.4
390 50 90 3.4
390 75 175 3.7
391 0 0 2.2
391 25 55 1.4
391 50 90 3.4
391 75 175 3.7
392 0 0 2.2
392 25 55 1.4
392 50 90 3.4
392 75 175 3.7
393 0 0 2.2
393 25 55 1.4
393 50 90 3.4
393 75 175 3.7
394 0 0 2.2
394 25 55 1.4
394 50 90 3.4
394 75 175 3.7
395 0 0 2.2
395 25 55 1.4
395 50 90 3.4
395 75 175 3.7
396 0 0 2.2
396 25 55 1.4
396 50 90 3.4
396 75 175 3.7
397 0 0 2.2
397 25 55 1.4
397 50 90 3.4
397 75 175 3.7
398 0 0 2.2
398 25 55 1.4
398 50 90 3.4
398 75 175 3.7
399 0 0 2.2
399 25 55 1.4
399 50 90 3.4
399 75 175 3.7
400 0 0 2.2
400 25 55 1.4
400 50 90 3.4
400 75 175 3.7
401 0 0 2.2
401 25 55 1.4
401 50 90 3.4
401 75 175 3.7
402 0 0 2.2
402 25 55 1.4
402 50 90 3.4
402 75 175 3.7
403 0 0 2.2
403 25 55 1.4
403 50 90 3.4
403 75 175 3.7
404 0 0 2.2
404 25 55 1.4
404 50 90 3.4
404 75 175 3.7
405 0 0 2.2
405 25 55 1.4
405 50 90 3.4
405 75 175 3.7
406 0 0 2.2
406 25 55 1.4
406 50 90 3.4
406 75 175 3.7
407 0 0 2.2
407 25 55 1.4
407 50 90 3.4
407 75 175 3.7
408 0 0 2.2
408 25 55 1.4
408 50 90 3.4
408 75 175 3.7
409 0 0 2.2
409 25 55 1.4
409 50 90 3.4
409 75 175 3.7
410 0 0 2.2
410 25 55 1.4
410 50 90 3.4
410 75 175 3.7
411 0 0 2.2
411 25 55 1.4
411 50 90 3.4
411 75 175 3.7
412 0 0 2.2
412 25 55 1.4
412 50 90 3.4
412 75 175 3.7
413 0 0 2.2
413 25 55 1.4
413 50 90 3.4
413 75 175 3.7
414 0 0 2.2
414 25 55 1.4
414 50 90 3.4
414 75 175 3.7
415 0 0 2.2
415 25 55 1.4
415 50 90 3.4
415 75 175 3.7
416 0 0 2.2
416 25 55 1.4
416 50 90 3.4
416 75 175 3.7
417 0 0 2.2
417 25 55 1.4
417 50 90 3.4
417 75 175 3.7
418 0 0 2.2
418 25 55 1.4
418 50 90 3.4
418 75 175 3.7
419 0 0 2.2
419 25 55 1.4
419 50 90 3.4
419 75 175 3.7
420 0 0 2.2
420 25 55 1.4
420 50 90 3.4
420 75 175 3.7
421 0 0 2.2
421 25 55 1.4
421 50 90 3.4
421 75 175 3.7
422 0 0 2.2
422 25 55 1.4
422 50 90 3.4
422 75 175 3.7
423 0 0 2.2
423 25 55 1.4
423 50 90 3.4
423 75 175 3.7
424 0 0 2.2
424 25 55 1.4
424 50 90 3.4
424 75 175 3.7
425 0 0 2.2
425 25 55 1.4
425 50 90 3.4
425 75 175 3.7
426 0 0 2.2
426 25 55 1.4
426 50 90 3.4
426 75 175 3.7
427 0 0 2.2
427 25 55 1.4
427 50 90 3.4
427 75 175 3.7
428 0 0 2.2
428 25 55 1.4
428 50 90 3.4
428 75 175 3.7
429 0 0 2.2
429 25 55 1.4
429 50 90 3.4
429 75 175 3.7
430 0 0 2.2
430 25 55 1.4
430 50 90 3.4
430 75 175 3.7
431 0 0 2.2
431 25 55 1.4
431 50 90 3.4
431 75 175 3.7
432 0 0 2.2
432 25 55 1.4
432 50 90 3.4
432 75 175 3.7
433 0 0 2.2
433 25 55 1.4
433 50 90 3.4
433 75 175 3.7
434 0 0 2.2
434 25 55 1.4
434 50 90 3.4
434 75 175 3.7
435 0 0 2.2
435 25 55 1.4
435 50 90 3.4
435 75 175 3.7
436 0 0 2.2
436 25 55 1.4
436 50 90 3.4
436 75 175 3.7
437 0 0 2.2
437 25 55 1.4
437 50 90 3.4
437 75 175 3.7
438 0 0 2.2
438 25 55 1.4
438 50 90 3.4
438 75 175 3.7
439 0 0 2.2
439 25 55 1.4
439 50 90 3.4
439 75 175 3.7
440 0 0 2.2
440 25 55 1.4
440 50 90 3.4
440 75 175 3.7
441 0 0 2.2
441 25 55 1.4
441 50 90 3.4
441 75 175 3.7
442 0 0 2.2
442 25 55 1.4
442 50 90 3.4
442 75 175 3.7
443 0 0 2.2
443 25 55 1.4
443 50 90 3.4
443 75 175 3.7
444 0 0 2.2
444 25 55 1.4
444 50 90 3.4
444 75 175 3.7
445 0 0 2.2
445 25 55 1.4
445 50 90 3.4
445 75 175 3.7
446 0 0 2.2
446 25 55 1.4
446 50 90 3.4
446 75 175 3.7
447 0 0 2.2
447 25 55 1.4
447 50 90 3.4
447 75 175 3.7
448 0 0 2.2
448 25 55 1.4
448 50 90 3.4
448 75 175 3.7
449 0 0 2.2
449 25 55 1.4
449 50 90 3.4
449 75 175 3.7
450 0 0 2.2
450 25 55 1.4
450 50 90 3.4
450 75 175 3.7
451 0 0 2.2
451 25 55 1.4
451 50 90 3.4
451 75 175 3.7
452 0 0 2.2
452 25 55 1.4
452 50 90 3.4
452 75 175 3.7
453 0 0 2.2
453 25 55 1.4
453 50 90 3.4
453 75 175 3.7
454 0 0 2.2
454 25 55 1.4
454 50 90 3.4
454 75 175 3.7
455 0 0 2.2
455 25 55 1.4
455 50 90 3.4
455 75 175 3.7
456 0 0 2.2
456 25 55 1.4
456 50 90 3.4
456 75 175 3.7
457 0 0 2.2
457 25 55 1.4
457 50 90 3.4
457 75 175 3.7
458 0 0 2.2
458 25 55 1.4
458 50 90 3.4
458 75 175 3.7
459 0 0 2.2
459 25 55 1.4
459 50 90 3.4
459 75 175 3.7
460 0 0 2.2
460 25 55 1.4
460 50 90 3.4
460 75 175 3.7
461 0 0 2.2
461 25 55 1.4
461 50 90 3.4
461 75 175 3.7
462 0 0 2.2
462 25 55 1.4
462 50 90 3.4
462 75 175 3.7
463 0 0 2.2
463 25 55 1.4
463 50 90 3.4
463 75 175 3.7
464 0 0 2.2
464 25 55 1.4
464 50 90 3.4
464 75 175 3.7
465 0 0 2.2
465 25 55 1.4
465 50 90 3.4
465 75 175 3.7
466 0 0 2.2
466 25 55 1.4
466 50 90 3.4
466 75 175 3.7
467 0 0 2.2
467 25 55 1.4
467 50 90 3.4
467 75 175 3.7
468 0 0 2.2
468 25 55 1.4
468 50 90 3.4
468 75 175 3.7
469 0 0 2.2
469 25 55 1.4
469 50 90 3.4
469 75 175 3.7
470 0 0 2.2
470 25 55 1.4
470 50 90 3.4
470 75 175 3.7
471 0 0 2.2
471 25 55 1.4
471 50 90 3.4
471 75 175 3.7
472 0 0 2.2
472 25 55 1.4
472 50 90 3.4
472 75 175 3.7
473 0 0 2.2
473 25 55 1.4
473 50 90 3.4
473 75 175 3.7
474 0 0 2.2
474 25 55 1.4
474 50 90 3.4
474 75 175 3.7
475 0 0 2.2
475 25 55 1.4
475 50 90 3.4
475 75 175 3.7
476 0 0 2.2
476 25 55 1.4
476 50 90 3.4
476 75 175 3.7
477 0 0 2.2
477 25 55 1.4
477 50 90 3.4
477 75 175 3.7
478 0 0 2.2
478 25 55 1.4
478 50 90 3.4
478 75 175 3.7
479 0 0 2.2
479 25 55 1.4
479 50 90 3.4
479 75 175 3.7
480 0 0 2.2
480 25 55 1.4
480 50 90 3.4
480 75 175 3.7
481 0 0 2.2
481 25 55 1.4
481 50 90 3.4
481 75 175 3.7
482 0 0 2.2
482 25 55 1.4
482 50 90 3.4
482 75 175 3.7
483 0 0 2.2
483 25 55 1.4
483 50 90 3.4
483 75 175 3.7
484 0 0 2.2
484 25 55 1.4
484 50 90 3.4
484 75 175 3.7
485 0 0 2.2
485 25 55 1.4
485 50 90 3.4
485 75 175 3.7
486 0 0 2.2
486 25 55 1.4
486 50 90 3.4
486 75 175 3.7
487 0 0 2.2
487 25 55 1.4
487 50 90 3.4
487 75 175 3.7
488 0 0 2.2
488 25 55 1.4
488 50 90 3.4
488 75 175 3.7
489 0 0 2.2
489 25 55 1.4
489 50 90 3.4
489 75 175 3.7
490 0 0 2.2
490 25 55 1.4
490 50 90 3.4
490 75 175 3.7
491 0 0 2.2
491 25 55 1.4
491 50 90 3.4
491 75 175 3.7
492 0 0 2.2
492 25 55 1.4
492 50 90 3.4
492 75 175 3.7
493 0 0 2.2
493 25 55 1.4
493 50 90 3.4
493 75 175 3.7
494 0 0 2.2
494 25 55 1.4
494 50 90 3.4
494 75 175 3.7
495 0 0 2.2
495 25 55 1.4
495 50 90 3.4
495 75 175 3.7
496 0 0 2.2
496 25 55 1.4
496 50 90 3.4
496 75 175 3.7
497 0 0 2.2
497 25 55 1.4
497 50 90 3.4
497 75 175 3.7
498 0 0 2.2
498 25 55 1.4
498 50 90 3.4
498 75 175 3.7
499 0 0 2.2
499 25 55 1.4
499 50 90 3.4
499 75 175 3.7
500 0 0 2.2
500 25 55 1.4
500 50 90 3.4
500 75 175 3.7
501 0 0 2.2
501 25 55 1.4
501 50 90 3.4
501 75 175 3.7
502 0 0 2.2
502 25 55 1.4
502 50 90 3.4
502 75 175 3.7
503 0 0 2.2
503 25 55 1.4
503 50 90 3.4
503 75 175 3.7
504 0 0 2.2
504 25 55 1.4
504 50 90 3.4
504 75 175 3.7
505 0 0 2.2
505 25 55 1.4
505 50 90 3.4
505 75 175 3.7
506 0 0 2.2
506 25 55 1.4
506 50 90 3.4
506 75 175 3.7
507 0 0 2.2
507 25 55 1.4
507 50 90 3.4
507 75 175 3.7
508 0 0 2.2
508 25 55 1.4
508 50 90 3.4
508 75 175 3.7
509 0 0 2.2
509 25 55 1.4
509 50 90 3.4
509 75 175 3.7
510 0 0 2.2
510 25 55 1.4
510 50 90 3.4
510 75 175 3.7
511 0 0 2.2
511 25 55 1.4
511 50 90 3.4
511 75 175 3.7
512 0 0 2.2
512 25 55 1.4
512 50 90 3.4
512 75 175 3.7
513 0 0 2.2
513 25 55 1.4
513 50 90 3.4
513 75 175 3.7
514 0 0 2.2
514 25 55 1.4
514 50 90 3.4
514 75 175 3.7
515 0 0 2.2
515 25 55 1.4
515 50 90 3.4
515 75 175 3.7
516 0 0 2.2
516 25 55 1.4
516 50 90 3.4
516 75 175 3.7
517 0 0 2.2
517 25 55 1.4
517 50 90 3.4
517 75 175 3.7
518 0 0 2.2
518 25 55 1.4
518 50 90 3.4
518 75 175 3.7
519 0 0 2.2
519 25 55 1.4
519 50 90 3.4
519 75 175 3.7
520 0 0 2.2
520 25 55 1.4
520 50 90 3.4
520 75 175 3.7
521 0 0 2.2
521 25 55 1.4
521 50 90 3.4
521 75 175 3.7
522 0 0 2.2
522 25 55 1.4
522 50 90 3.4
522 75 175 3.7
523 0 0 2.2
523 25 55 1.4
523 50 90 3.4
523 75 175 3.7
524 0 0 2.2
524 25 55 1.4
524 50 90 3.4
524 75 175 3.7
525 0 0 2.2
525 25 55 1.4
525 50 90 3.4
525 75 175 3.7
526 0 0 2.2
526 25 55 1.4
526 50 90 3.4
526 75 175 3.7
527 0 0 2.2
527 25 55 1.4
527 50 90 3.4
527 75 175 3.7
528 0 0 2.2
528 25 55 1.4
528 50 90 3.4
528 75 175 3.7
529 0 0 2.2
529 25 55 1.4
529 50 90 3.4
529 75 175 3.7
530 0 0 2.2
530 25 55 1.4
530 50 90 3.4
530 75 175 3.7
531 0 0 2.2
531 25 55 1.4
531 50 90 3.4
531 75 175 3.7
532 0 0 2.2
532 25 55 1.4
532 50 90 3.4
532 75 175 3.7
533 0 0 2.2
533 25 55 1.4
533 50 90 3.4
533 75 175 3.7
534 0 0 2.2
534 25 55 1.4
534 50 90 3.4
534 75 175 3.7
535 0 0 2.2
535 25 55 1.4
535 50 90 3.4
535 75 175 3.7
536 0 0 2.2
536 25 55 1.4
536 50 90 3.4
536 75 175 3.7
537 0 0 2.2
537 25 55 1.4
537 50 90 3.4
537 75 175 3.7
538 0 0 2.2
538 25 55 1.4
538 50 90 3.4
538 75 175 3.7
539 0 0 2.2
539 25 55 1.4
539 50 90 3.4
539 75 175 3.7
540 0 0 2.2
540 25 55 1.4
540 50 90 3.4
540 75 175 3.7
541 0 0 2.2
541 25 55 1.4
541 50 90 3.4
541 75 175 3.7
542 0 0 2.2
542 25 55 1.4
542 50 90 3.4
542 75 175 3.7
543 0 0 2.2
543 25 55 1.4
543 50 90 3.4
543 75 175 3.7
544 0 0 2.2
544 25 55 1.4
544 50 90 3.4
544 75 175 3.7
545 0 0 2.2
545 25 55 1.4
545 50 90 3.4
545 75 175 3.7
546 0 0 2.2
546 25 55 1.4
546 50 90 3.4
546 75 175 3.7
547 0 0 2.2
547 25 55 1.4
547 50 90 3.4
547 75 175 3.7
548 0 0 2.2
548 25 55 1.4
548 50 90 3.4
548 75 175 3.7
549 0 0 2.2
549 25 55 1.4
549 50 90 3.4
549 75 175 3.7
550 0 0 2.2
550 25 55 1.4
550 50 90 3.4
550 75 175 3.7
551 0 0 2.2
551 25 55 1.4
551 50 90 3.4
551 75 175 3.7
552 0 0 2.2
552 25 55 1.4
552 50 90 3.4
552 75 175 3.7
553 0 0 2.2
553 25 55 1.4
553 50 90 3.4
553 75 175 3.7
554 0 0 2.2
554 25 55 1.4
554 50 90 3.4
554 75 175 3.7
555 0 0 2.2
555 25 55 1.4
555 50 90 3.4
555 75 175 3.7
556 0 0 2.2
556 25 55 1.4
556 50 90 3.4
556 75 175 3.7
557 0 0 2.2
557 25 55 1.4
557 50 90 3.4
557 75 175 3.7
558 0 0 2.2
558 25 55 1.4
558 50 90 3.4
558 75 175 3.7
559 0 0 2.2
559 25 55 1.4
559 50 90 3.4
559 75 175 3.7
560 0 0 2.2
560 25 55 1.4
560 50 90 3.4
560 75 175 3.7
561 0 0 2.2
561 25 55 1.4
561 50 90 3.4
561 75 175 3.7
562 0 0 2.2
562 25 55 1.4
562 50 90 3.4
562 75 175 3.7
563 0 0 2.2
563 25 55 1.4
563 50 90 3.4
563 75 175 3.7
564 0 0 2.2
564 25 55 1.4
564 50 90 3.4
564 75 175 3.7
565 0 0 2.2
565 25 55 1.4
565 50 90 3.4
565 75 175 3.7
566 0 0 2.2
566 25 55 1.4
566 50 90 3.4
566 75 175 3.7
567 0 0 2.2
567 25 55 1.4
567 50 90 3.4
567 75 175 3.7
568 0 0 2.2
568 25 55 1.4
568 50 90 3.4
568 75 175 3.7
569 0 0 2.2
569 25 55 1.4
569 50 90 3.4
569 75 175 3.7
570 0 0 2.2
570 25 55 1.4
570 50 90 3.4
570 75 175 3.7
571 0 0 2.2
571 25 55 1.4
571 50 90 3.4
571 75 175 3.7
572 0 0 2.2
572 25 55 1.4
572 50 90 3.4
572 75 175 3.7
573 0 0 2.2
573 25 55 1.4
573 50 90 3.4
573 75 175 3.7
574 0 0 2.2
574 25 55 1.4
574 50 90 3.4
574 75 175 3.7
575 0 0 2.2
575 25 55 1.4
575 50 90 3.4
575 75 175 3.7
576 0 0 2.2
576 25 55 1.4
576 50 90 3.4
576 75 175 3.7
577 0 0 2.2
577 25 55 1.4
577 50 90 3.4
577 75 175 3.7
578 0 0 2.2
578 25 55 1.4
578 50 90 3.4
578 75 175 3.7
579 0 0 2.2
579 25 55 1.4
579 50 90 3.4
579 75 175 3.7
580 0 0 2.2
580 25 55 1.4
580 50 90 3.4
580 75 175 3.7
581 0 0 2.2
581 25 55 1.4
581 50 90 3.4
581 75 175 3.7
582 0 0 2.2
582 25 55 1.4
582 50 90 3.4
582 75 175 3.7
583 0 0 2.2
583 25 55 1.4
583 50 90 3.4
583 75 175 3.7
584 0 0 2.2
584 25 55 1.4
584 50 90 3.4
584 75 175 3.7
585 0 0 2.2
585 25 55 1.4
585 50 90 3.4
585 75 175 3.7
586 0 0 2.2
586 25 55 1.4
586 50 90 3.4
586 75 175 3.7
587 0 0 2.2
587 25 55 1.4
587 50 90 3.4
587 75 175 3.7
588 0 0 2.2
588 25 55 1.4
588 50 90 3.4
588 75 175 3.7
589 0 0 2.2
589 25 55 1.4
589 50 90 3.4
589 75 175 3.7
590 0 0 2.2
590 25 55 1.4
590 50 90 3.4
590 75 175 3.7
591 0 0 2.2
591 25 55 1.4
591 50 90 3.4
591 75 175 3.7
592 0 0 2.2
592 25 55 1.4
592 50 90 3.4
592 75 175 3.7
593 0 0 2.2
593 25 55 1.4
593 50 90 3.4
593 75 175 3.7
594 0 0 2.2
594 25 55 1.4
594 50 90 3.4
594 75 175 3.7
595 0 0 2.2
595 25 55 1.4
595 50 90 3.4
595 75 175 3.7
596 0 0 2.2
596 25 55 1.4
596 50 90 3.4
596 75 175 3.7
597 0 0 2.2
597 25 55 1.4
597 50 90 3.4
597 75 175 3.7
598 0 0 2.2
598 25 55 1.4
598 50 90 3.4
598 75 175 3.7
599 0 0 2.2
599 25 55 1.4
599 50 90 3.4
599 75 175 3.7
600 0 0 2.2
600 25 55 1.4
600 50 90 3.4
600 75 175 3.7
601 0 0 2.2
601 25 55 1.4
601 50 90 3.4
601 75 175 3.7
602 0 0 2.2
602 25 55 1.4
602 50 90 3.4
602 75 175 3.7
603 0 0 2.2
603 25 55 1.4
603 50 90 3.4
603 75 175 3.7
604 0 0 2.2
604 25 55 1.4
604 50 90 3.4
604 75 175 3.7
605 0 0 2.2
605 25 55 1.4
605 50 90 3.4
605 75 175 3.7
606 0 0 2.2
606 25 55 1.4
606 50 90 3.4
606 75 175 3.7
607 0 0 2.2
607 25 55 1.4
607 50 90 3.4
607 75 175 3.7
608 0 0 2.2
608 25 55 1.4
608 50 90 3.4
608 75 175 3.7
609 0 0 2.2
609 25 55 1.4
609 50 90 3.4
609 75 175 3.7
610 0 0 2.2
610 25 55 1.4
610 50 90 3.4
610 75 175 3.7
611 0 0 2.2
611 25 55 1.4
611 50 90 3.4
611 75 175 3.7
612 0 0 2.2
612 25 55 1.4
612 50 90 3.4
612 75 175 3.7
613 0 0 2.2
613 25 55 1.4
613 50 90 3.4
613 75 175 3.7
614 0 0 2.2
614 25 55 1.4
614 50 90 3.4
614 75 175 3.7
615 0 0 2.2
615 25 55 1.4
615 50 90 3.4
615 75 175 3.7
616 0 0 2.2
616 25 55 1.4
616 50 90 3.4
616 75 175 3.7
617 0 0 2.2
617 25 55 1.4
617 50 90 3.4
617 75 175 3.7
618 0 0 2.2
618 25 55 1.4
618 50 90 3.4
618 75 175 3.7
619 0 0 2.2
619 25 55 1.4
619 50 90 3.4
619 75 175 3.7
620 0 0 2.2
620 25 55 1.4
620 50 90 3.4
620 75 175 3.7
621 0 0 2.2
621 25 55 1.4
621 50 90 3.4
621 75 175 3.7
622 0 0 2.2
622 25 55 1.4
622 50 90 3.4
622 75 175 3.7
623 0 0 2.2
623 25 55 1.4
623 50 90 3.4
623 75 175 3.7
624 0 0 2.2
624 25 55 1.4
624 50 90 3.4
624 75 175 3.7
625 0 0 2.2
625 25 55 1.4
625 50 90 3.4
625 75 175 3.7
626 0 0 2.2
626 25 55 1.4
626 50 90 3.4
626 75 175 3.7
627 0 0 2.2
627 25 55 1.4
627 50 90 3.4
627 75 175 3.7
628 0 0 2.2
628 25 55 1.4
628 50 90 3.4
628 75 175 3.7
629 0 0 2.2
629 25 55 1.4
629 50 90 3.4
629 75 175 3.7
630 0 0 2.2
630 25 55 1.4
630 50 90 3.4
630 75 175 3.7
631 0 0 2.2
631 25 55 1.4
631 50 90 3.4
631 75 175 3.7
632 0 0 2.2
632 25 55 1.4
632 50 90 3.4
632 75 175 3.7
633 0 0 2.2
633 25 55 1.4
633 50 90 3.4
633 75 175 3.7
634 0 0 2.2
634 25 55 1.4
634 50 90 3.4
634 75 175 3.7
635 0 0 2.2
635 25 55 1.4
635 50 90 3.4
635 75 175 3.7
636 0 0 2.2
636 25 55 1.4
636 50 90 3.4
636 75 175 3.7
637 0 0 2.2
637 25 55 1.4
637 50 90 3.4
637 75 175 3.7
638 0 0 2.2
638 25 55 1.4
638 50 90 3.4
638 75 175 3.7
639 0 0 2.2
639 25 55 1.4
639 50 90 3.4
639 75 175 3.7
640 0 0 2.2
640 25 55 1.4
640 50 90 3.4
640 75 175 3.7
641 0 0 2.2
641 25 55 1.4
641 50 90 3.4
641 75 175 3.7
642 0 0 2.2
642 25 55 1.4
642 50 90 3.4
642 75 175 3.7
643 0 0 2.2
643 25 55 1.4
643 50 90 3.4
643 75 175 3.7
644 0 0 2.2
644 25 55 1.4
644 50 90 3.4
644 75 175 3.7
645 0 0 2.2
645 25 55 1.4
645 50 90 3.4
645 75 175 3.7
646 0 0 2.2
646 25 55 1.4
646 50 90 3.4
646 75 175 3.7
647 0 0 2.2
647 25 55 1.4
647 50 90 3.4
647 75 175 3.7
648 0 0 2.2
648 25 55 1.4
648 50 90 3.4
648 75 175 3.7
649 0 0 2.2
649 25 55 1.4
649 50 90 3.4
649 75 175 3.7
650 0 0 2.2
650 25 55 1.4
650 50 90 3.4
650 75 175 3.7
651 0 0 2.2
651 25 55 1.4
651 50 90 3.4
651 75 175 3.7
652 0 0 2.2
652 25 55 1.4
652 50 90 3.4
652 75 175 3.7
653 0 0 2.2
653 25 55 1.4
653 50 90 3.4
653 75 175 3.7
654 0 0 2.2
654 25 55 1.4
654 50 90 3.4
654 75 175 3.7
655 0 0 2.2
655 25 55 1.4
655 50 90 3.4
655 75 175 3.7
656 0 0 2.2
656 25 55 1.4
656 50 90 3.4
656 75 175 3.7
657 0 0 2.2
657 25 55 1.4
657 50 90 3.4
657 75 175 3.7
658 0 0 2.2
658 25 55 1.4
658 50 90 3.4
658 75 175 3.7
659 0 0 2.2
659 25 55 1.4
659 50 90 3.4
659 75 175 3.7
660 0 0 2.2
660 25 55 1.4
660 50 90 3.4
660 75 175 3.7
661 0 0 2.2
661 25 55 1.4
661 50 90 3.4
661 75 175 3.7
662 0 0 2.2
662 25 55 1.4
662 50 90 3.4
662 75 175 3.7
663 0 0 2.2
663 25 55 1.4
663 50 90 3.4
663 75 175 3.7
664 0 0 2.2
664 25 55 1.4
664 50 90 3.4
664 75 175 3.7
665 0 0 2.2
665 25 55 1.4
665 50 90 3.4
665 75 175 3.7
666 0 0 2.2
666 25 55 1.4
666 50 90 3.4
666 75 175 3.7
667 0 0 2.2
667 25 55 1.4
667 50 90 3.4
667 75 175 3.7
668 0 0 2.2
668 25 55 1.4
668 50 90 3.4
668 75 175 3.7
669 0 0 2.2
669 25 55 1.4
669 50 90 3.4
669 75 175 3.7
670 0 0 2.2
670 25 55 1.4
670 50 90 3.4
670 75 175 3.7
671 0 0 2.2
671 25 55 1.4
671 50 90 3.4
671 75 175 3.7
672 0 0 2.2
672 25 55 1.4
672 50 90 3.4
672 75 175 3.7
673 0 0 2.2
673 25 55 1.4
673 50 90 3.4
673 75 175 3.7
674 0 0 2.2
674 25 55 1.4
674 50 90 3.4
674 75 175 3.7
675 0 0 2.2
675 25 55 1.4
675 50 90 3.4
675 75 175 3.7
676 0 0 2.2
676 25 55 1.4
676 50 90 3.4
676 75 175 3.7
677 0 0 2.2
677 25 55 1.4
677 50 90 3.4
677 75 175 3.7
678 0 0 2.2
678 25 55 1.4
678 50 90 3.4
678 75 175 3.7
679 0 0 2.2
679 25 55 1.4
679 50 90 3.4
679 75 175 3.7
680 0 0 2.2
680 25 55 1.4
680 50 90 3.4
680 75 175 3.7
681 0 0 2.2
681 25 55 1.4
681 50 90 3.4
681 75 175 3.7
682 0 0 2.2
682 25 55 1.4
682 50 90 3.4
682 75 175 3.7
683 0 0 2.2
683 25 55 1.4
683 50 90 3.4
683 75 175 3.7
684 0 0 2.2
684 25 55 1.4
684 50 90 3.4
684 75 175 3.7
685 0 0 2.2
685 25 55 1.4
685 50 90 3.4
685 75 175 3.7
686 0 0 2.2
686 25 55 1.4
686 50 90 3.4
686 75 175 3.7
687 0 0 2.2
687 25 55 1.4
687 50 90 3.4
687 75 175 3.7
688 0 0 2.2
688 25 55 1.4
688 50 90 3.4
688 75 175 3.7
689 0 0 2.2
689 25 55 1.4
689 50 90 3.4
689 75 175 3.7
690 0 0 2.2
690 25 55 1.4
690 50 90 3.4
690 75 175 3.7
691 0 0 2.2
691 25 55 1.4
691 50 90 3.4
691 75 175 3.7
692 0 0 2.2
692 25 55 1.4
692 50 90 3.4
692 75 175 3.7
693 0 0 2.2
693 25 55 1.4
693 50 90 3.4
693 75 175 3.7
694 0 0 2.2
694 25 55 1.4
694 50 90 3.4
694 75 175 3.7
695 0 0 2.2
695 25 55 1.4
695 50 90 3.4
695 75 175 3.7
696 0 0 2.2
696 25 55 1.4
696 50 90 3.4
696 75 175 3.7
697 0 0 2.2
697 25 55 1.4
697 50 90 3.4
697 75 175 3.7
698 0 0 2.2
698 25 55 1.4
698 50 90 3.4
698 75 175 3.7
699 0 0 2.2
699 25 55 1.4
699 50 90 3.4
699 75 175 3.7
700 0 0 2.2
700 25 55 1.4
700 50 90 3.4
700 75 175 3.7
701 0 0 2.2
701 25 55 1.4
701 50 90 3.4
701 75 175 3.7
702 0 0 2.2
702 25 55 1.4
702 50 90 3.4
702 75 175 3.7
703 0 0 2.2
703 25 55 1.4
703 50 90 3.4
703 75 175 3.7
704 0 0 2.2
704 25 55 1.4
704 50 90 3.4
704 75 175 3.7
705 0 0 2.2
705 25 55 1.4
705 50 90 3.4
705 75 175 3.7
706 0 0 2.2
706 25 55 1.4
706 50 90 3.4
706 75 175 3.7
707 0 0 2.2
707 25 55 1.4
707 50 90 3.4
707 75 175 3.7
708 0 0 2.2
708 25 55 1.4
708 50 90 3.4
708 75 175 3.7
709 0 0 2.2
709 25 55 1.4
709 50 90 3.4
709 75 175 3.7
710 0 0 2.2
710 25 55 1.4
710 50 90 3.4
710 75 175 3.7
711 0 0 2.2
711 25 55 1.4
711 50 90 3.4
711 75 175 3.7
712 0 0 2.2
712 25 55 1.4
712 50 90 3.4
712 75 175 3.7
713 0 0 2.2
713 25 55 1.4
713 50 90 3.4
713 75 175 3.7
714 0 0 2.2
714 25 55 1.4
714 50 90 3.4
714 75 175 3.7
715 0 0 2.2
715 25 55 1.4
715 50 90 3.4
715 75 175 3.7
716 0 0 2.2
716 25 55 1.4
716 50 90 3.4
716 75 175 3.7
717 0 0 2.2
717 25 55 1.4
717 50 90 3.4
717 75 175 3.7
718 0 0 2.2
718 25 55 1.4
718 50 90 3.4
718 75 175 3.7
719 0 0 2.2
719 25 55 1.4
719 50 90 3.4
719 75 175 3.7
720 0 0 2.2
720 25 55 1.4
720 50 90 3.4
720 75 175 3.7
721 0 0 2.2
721 25 55 1.4
721 50 90 3.4
721 75 175 3.7
722 0 0 2.2
722 25 55 1.4
722 50 90 3.4
722 75 175 3.7
723 0 0 2.2
723 25 55 1.4
723 50 90 3.4
723 75 175 3.7
724 0 0 2.2
724 25 55 1.4
724 50 90 3.4
724 75 175 3.7
725 0 0 2.2
725 25 55 1.4
725 50 90 3.4
725 75 175 3.7
726 0 0 2.2
726 25 55 1.4
726 50 90 3.4
726 75 175 3.7
727 0 0 2.2
727 25 55 1.4
727 50 90 3.4
727 75 175 3.7
728 0 0 2.2
728 25 55 1.4
728 50 90 3.4
728 75 175 3.7
729 0 0 2.2
729 25 55 1.4
729 50 90 3.4
729 75 175 3.7
730 0 0 2.2
730 25 55 1.4
730 50 90 3.4
730 75 175 3.7
731 0 0 2.2
731 25 55 1.4
731 50 90 3.4
731 75 175 3.7
732 0 0 2.2
732 25 55 1.4
732 50 90 3.4
732 75 175 3.7
733 0 0 2.2
733 25 55 1.4
733 50 90 3.4
733 75 175 3.7
734 0 0 2.2
734 25 55 1.4
734 50 90 3.4
734 75 175 3.7
735 0 0 2.2
735 25 55 1.4
735 50 90 3.4
735 75 175 3.7
736 0 0 2.2
736 25 55 1.4
736 50 90 3.4
736 75 175 3.7
737 0 0 2.2
737 25 55 1.4
737 50 90 3.4
737 75 175 3.7
738 0 0 2.2
738 25 55 1.4
738 50 90 3.4
738 75 175 3.7
739 0 0 2.2
739 25 55 1.4
739 50 90 3.4
739 75 175 3.7
740 0 0 2.2
740 25 55 1.4
740 50 90 3.4
740 75 175 3.7
741 0 0 2.2
741 25 55 1.4
741 50 90 3.4
741 75 175 3.7
742 0 0 2.2
742 25 55 1.4
742 50 90 3.4
742 75 175 3.7
743 0 0 2.2
743 25 55 1.4
743 50 90 3.4
743 75 175 3.7
744 0 0 2.2
744 25 55 1.4
744 50 90 3.4
744 75 175 3.7
745 0 0 2.2
745 25 55 1.4
745 50 90 3.4
745 75 175 3.7
746 0 0 2.2
746 25 55 1.4
746 50 90 3.4
746 75 175 3.7
747 0 0 2.2
747 25 55 1.4
747 50 90 3.4
747 75 175 3.7
748 0 0 2.2
748 25 55 1.4
748 50 90 3.4
748 75 175 3.7
749 0 0 2.2
749 25 55 1.4
749 50 90 3.4
749 75 175 3.7
750 0 0 2.2
750 25 55 1.4
750 50 90 3.4
750 75 175 3.7
751 0 0 2.2
751 25 55 1.4
751 50 90 3.4
751 75 175 3.7
752 0 0 2.2
752 25 55 1.4
752 50 90 3.4
752 75 175 3.7
753 0 0 2.2
753 25 55 1.4
753 50 90 3.4
753 75 175 3.7
754 0 0 2.2
754 25 55 1.4
754 50 90 3.4
754 75 175 3.7
755 0 0 2.2
755 25 55 1.4
755 50 90 3.4
755 75 175 3.7
756 0 0 2.2
756 25 55 1.4
756 50 90 3.4
756 75 175 3.7
757 0 0 2.2
757 25 55 1.4
757 50 90 3.4
757 75 175 3.7
758 0 0 2.2
758 25 55 1.4
758 50 90 3.4
758 75 175 3.7
759 0 0 2.2
759 25 55 1.4
759 50 90 3.4
759 75 175 3.7
760 0 0 2.2
760 25 55 1.4
760 50 90 3.4
760 75 175 3.7
761 0 0 2.2
761 25 55 1.4
761 50 90 3.4
761 75 175 3.7
762 0 0 2.2
762 25 55 1.4
762 50 90 3.4
762 75 175 3.7
763 0 0 2.2
763 25 55 1.4
763 50 90 3.4
763 75 175 3.7
764 0 0 2.2
764 25 55 1.4
764 50 90 3.4
764 75 175 3.7
765 0 0 2.2
765 25 55 1.4
765 50 90 3.4
765 75 175 3.7
766 0 0 2.2
766 25 55 1.4
766 50 90 3.4
766 75 175 3.7
767 0 0 2.2
767 25 55 1.4
767 50 90 3.4
767 75 175 3.7
768 0 0 2.2
768 25 55 1.4
768 50 90 3.4
768 75 175 3.7
769 0 0 2.2
769 25 55 1.4
769 50 90 3.4
769 75 175 3.7
770 0 0 2.2
770 25 55 1.4
770 50 90 3.4
770 75 175 3.7
771 0 0 2.2
771 25 55 1.4
771 50 90 3.4
771 75 175 3.7
772 0 0 2.2
772 25 55 1.4
772 50 90 3.4
772 75 175 3.7
773 0 0 2.2
773 25 55 1.4
773 50 90 3.4
773 75 175 3.7
774 0 0 2.2
774 25 55 1.4
774 50 90 3.4
774 75 175 3.7
775 0 0 2.2
775 25 55 1.4
775 50 90 3.4
775 75 175 3.7
776 0 0 2.2
776 25 55 1.4
776 50 90 3.4
776 75 175 3.7
777 0 0 2.2
777 25 55 1.4
777 50 90 3.4
777 75 175 3.7
778 0 0 2.2
778 25 55 1.4
778 50 90 3.4
778 75 175 3.7
779 0 0 2.2
779 25 55 1.4
779 50 90 3.4
779 75 175 3.7
780 0 0 2.2
780 25 55 1.4
780 50 90 3.4
780 75 175 3.7
781 0 0 2.2
781 25 55 1.4
781 50 90 3.4
781 75 175 3.7
782 0 0 2.2
782 25 55 1.4
782 50 90 3.4
782 75 175 3.7
783 0 0 2.2
783 25 55 1.4
783 50 90 3.4
783 75 175 3.7
784 0 0 2.2
784 25 55 1.4
784 50 90 3.4
784 75 175 3.7
785 0 0 2.2
785 25 55 1.4
785 50 90 3.4
785 75 175 3.7
786 0 0 2.2
786 25 55 1.4
786 50 90 3.4
786 75 175 3.7
787 0 0 2.2
787 25 55 1.4
787 50 90 3.4
787 75 175 3.7
788 0 0 2.2
788 25 55 1.4
788 50 90 3.4
788 75 175 3.7
789 0 0 2.2
789 25 55 1.4
789 50 90 3.4
789 75 175 3.7
790 0 0 2.2
790 25 55 1.4
790 50 90 3.4
790 75 175 3.7
791 0 0 2.2
791 25 55 1.4
791 50 90 3.4
791 75 175 3.7
792 0 0 2.2
792 25 55 1.4
792 50 90 3.4
792 75 175 3.7
793 0 0 2.2
793 25 55 1.4
793 50 90 3.4
793 75 175 3.7
794 0 0 2.2
794 25 55 1.4
794 50 90 3.4
794 75 175 3.7
795 0 0 2.2
795 25 55 1.4
795 50 90 3.4
795 75 175 3.7
796 0 0 2.2
796 25 55 1.4
796 50 90 3.4
796 75 175 3.7
797 0 0 2.2
797 25 55 1.4
797 50 90 3.4
797 75 175 3.7
798 0 0 2.2
798 25 55 1.4
798 50 90 3.4
798 75 175 3.7
799 0 0 2.2
799 25 55 1.4
799 50 90 3.4
799 75 175 3.7
800 0 0 2.2
800 25 55 1.4
800 50 90 3.4
800 75 175 3.7
801 0 0 2.2
801 25 55 1.4
801 50 90 3.4
801 75 175 3.7
802 0 0 2.2
802 25 55 1.4
802 50 90 3.4
802 75 175 3.7
803 0 0 2.2
803 25 55 1.4
803 50 90 3.4
803 75 175 3.7
804 0 0 2.2
804 25 55 1.4
804 50 90 3.4
804 75 175 3.7
805 0 0 2.2
805 25 55 1.4
805 50 90 3.4
805 75 175 3.7
806 0 0 2.2
806 25 55 1.4
806 50 90 3.4
806 75 175 3.7
807 0 0 2.2
807 25 55 1.4
807 50 90 3.4
807 75 175 3.7
808 0 0 2.2
808 25 55 1.4
808 50 90 3.4
808 75 175 3.7
809 0 0 2.2
809 25 55 1.4
809 50 90 3.4
809 75 175 3.7
810 0 0 2.2
810 25 55 1.4
810 50 90 3.4
810 75 175 3.7
811 0 0 2.2
811 25 55 1.4
811 50 90 3.4
811 75 175 3.7
812 0 0 2.2
812 25 55 1.4
812 50 90 3.4
812 75 175 3.7
813 0 0 2.2
813 25 55 1.4
813 50 90 3.4
813 75 175 3.7
814 0 0 2.2
814 25 55 1.4
814 50 90 3.4
814 75 175 3.7
815 0 0 2.2
815 25 55 1.4
815 50 90 3.4
815 75 175 3.7
816 0 0 2.2
816 25 55 1.4
816 50 90 3.4
816 75 175 3.7
817 0 0 2.2
817 25 55 1.4
817 50 90 3.4
817 75 175 3.7
818 0 0 2.2
818 25 55 1.4
818 50 90 3.4
818 75 175 3.7
819 0 0 2.2
819 25 55 1.4
819 50 90 3.4
819 75 175 3.7
820 0 0 2.2
820 25 55 1.4
820 50 90 3.4
820 75 175 3.7
821 0 0 2.2
821 25 55 1.4
821 50 90 3.4
821 75 175 3.7
822 0 0 2.2
822 25 55 1.4
822 50 90 3.4
822 75 175 3.7
823 0 0 2.2
823 25 55 1.4
823 50 90 3.4
823 75 175 3.7
824 0 0 2.2
824 25 55 1.4
824 50 90 3.4
824 75 175 3.7
825 0 0 2.2
825 25 55 1.4
825 50 90 3.4
825 75 175 3.7
826 0 0 2.2
826 25 55 1.4
826 50 90 3.4
826 75 175 3.7
827 0 0 2.2
827 25 55 1.4
827 50 90 3.4
827 75 175 3.7
828 0 0 2.2
828 25 55 1.4
828 50 90 3.4
828 75 175 3.7
829 0 0 2.2
829 25 55 1.4
829 50 90 3.4
829 75 175 3.7
830 0 0 2.2
830 25 55 1.4
830 50 90 3.4
830 75 175 3.7
831 0 0 2.2
831 25 55 1.4
831 50 90 3.4
831 75 175 3.7
832 0 0 2.2
832 25 55 1.4
832 50 90 3.4
832 75 175 3.7
833 0 0 2.2
833 25 55 1.4
833 50 90 3.4
833 75 175 3.7
834 0 0 2.2
834 25 55 1.4
834 50 90 3.4
834 75 175 3.7
835 0 0 2.2
835 25 55 1.4
835 50 90 3.4
835 75 175 3.7
836 0 0 2.2
836 25 55 1.4
836 50 90 3.4
836 75 175 3.7
837 0 0 2.2
837 25 55 1.4
837 50 90 3.4
837 75 175 3.7
838 0 0 2.2
838 25 55 1.4
838 50 90 3.4
838 75 175 3.7
839 0 0 2.2
839 25 55 1.4
839 50 90 3.4
839 75 175 3.7
840 0 0 2.2
840 25 55 1.4
840 50 90 3.4
840 75 175 3.7
841 0 0 2.2
841 25 55 1.4
841 50 90 3.4
841 75 175 3.7
842 0 0 2.2
842 25 55 1.4
842 50 90 3.4
842 75 175 3.7
843 0 0 2.2
843 25 55 1.4
843 50 90 3.4
843 75 175 3.7
844 0 0 2.2
844 25 55 1.4
844 50 90 3.4
844 75 175 3.7
845 0 0 2.2
845 25 55 1.4
845 50 90 3.4
845 75 175 3.7
846 0 0 2.2
846 25 55 1.4
846 50 90 3.4
846 75 175 3.7
847 0 0 2.2
847 25 55 1.4
847 50 90 3.4
847 75 175 3.7
848 0 0 2.2
848 25 55 1.4
848 50 90 3.4
848 75 175 3.7
849 0 0 2.2
849 25 55 1.4
849 50 90 3.4
849 75 175 3.7
850 0 0 2.2
850 25 55 1.4
850 50 90 3.4
850 75 175 3.7
851 0 0 2.2
851 25 55 1.4
851 50 90 3.4
851 75 175 3.7
852 0 0 2.2
852 25 55 1.4
852 50 90 3.4
852 75 175 3.7
853 0 0 2.2
853 25 55 1.4
853 50 90 3.4
853 75 175 3.7
854 0 0 2.2
854 25 55 1.4
854 50 90 3.4
854 75 175 3.7
855 0 0 2.2
855 25 55 1.4
855 50 90 3.4
855 75 175 3.7
856 0 0 2.2
856 25 55 1.4
856 50 90 3.4
856 75 175 3.7
857 0 0 2.2
857 25 55 1.4
857 50 90 3.4
857 75 175 3.7
858 0 0 2.2
858 25 55 1.4
858 50 90 3.4
858 75 175 3.7
859 0 0 2.2
859 25 55 1.4
859 50 90 3.4
859 75 175 3.7
860 0 0 2.2
860 25 55 1.4
860 50 90 3.4
860 75 175 3.7
861 0 0 2.2
861 25 55 1.4
861 50 90 3.4
861 75 175 3.7
862 0 0 2.2
862 25 55 1.4
862 50 90 3.4
862 75 175 3.7
863 0 0 2.2
863 25 55 1.4
863 50 90 3.4
863 75 175 3.7
864 0 0 2.2
864 25 55 1.4
864 50 90 3.4
864 75 175 3.7
865 0 0 2.2
865 25 55 1.4
865 50 90 3.4
865 75 175 3.7
866 0 0 2.2
866 25 55 1.4
866 50 90 3.4
866 75 175 3.7
867 0 0 2.2
867 25 55 1.4
867 50 90 3.4
867 75 175 3.7
868 0 0 2.2
868 25 55 1.4
868 50 90 3.4
868 75 175 3.7
869 0 0 2.2
869 25 55 1.4
869 50 90 3.4
869 75 175 3.7
870 0 0 2.2
870 25 55 1.4
870 50 90 3.4
870 75 175 3.7
871 0 0 2.2
871 25 55 1.4
871 50 90 3.4
871 75 175 3.7
872 0 0 2.2
872 25 55 1.4
872 50 90 3.4
872 75 175 3.7
873 0 0 2.2
873 25 55 1.4
873 50 90 3.4
873 75 175 3.7
874 0 0 2.2
874 25 55 1.4
874 50 90 3.4
874 75 175 3.7
875 0 0 2.2
875 25 55 1.4
875 50 90 3.4
875 75 175 3.7
876 0 0 2.2
876 25 55 1.4
876 50 90 3.4
876 75 175 3.7
877 0 0 2.2
877 25 55 1.4
877 50 90 3.4
877 75 175 3.7
878 0 0 2.2
878 25 55 1.4
878 50 90 3.4
878 75 175 3.7
879 0 0 2.2
879 25 55 1.4
879 50 90 3.4
879 75 175 3.7
880 0 0 2.2
880 25 55 1.4
880 50 90 3.4
880 75 175 3.7
881 0 0 2.2
881 25 55 1.4
881 50 90 3.4
881 75 175 3.7
882 0 0 2.2
882 25 55 1.4
882 50 90 3.4
882 75 175 3.7
883 0 0 2.2
883 25 55 1.4
883 50 90 3.4
883 75 175 3.7
884 0 0 2.2
884 25 55 1.4
884 50 90 3.4
884 75 175 3.7
885 0 0 2.2
885 25 55 1.4
885 50 90 3.4
885 75 175 3.7
886 0 0 2.2
886 25 55 1.4
886 50 90 3.4
886 75 175 3.7
887 0 0 2.2
887 25 55 1.4
887 50 90 3.4
887 75 175 3.7
888 0 0 2.2
888 25 55 1.4
888 50 90 3.4
888 75 175 3.7
889 0 0 2.2
889 25 55 1.4
889 50 90 3.4
889 75 175 3.7
890 0 0 2.2
890 25 55 1.4
890 50 90 3.4
890 75 175 3.7
891 0 0 2.2
891 25 55 1.4
891 50 90 3.4
891 75 175 3.7
892 0 0 2.2
892 25 55 1.4
892 50 90 3.4
892 75 175 3.7
893 0 0 2.2
893 25 55 1.4
893 50 90 3.4
893 75 175 3.7
894 0 0 2.2
894 25 55 1.4
894 50 90 3.4
894 75 175 3.7
895 0 0 2.2
895 25 55 1.4
895 50 90 3.4
895 75 175 3.7
896 0 0 2.2
896 25 55 1.4
896 50 90 3.4
896 75 175 3.7
897 0 0 2.2
897 25 55 1.4
897 50 90 3.4
897 75 175 3.7
898 0 0 2.2
898 25 55 1.4
898 50 90 3.4
898 75 175 3.7
899 0 0 2.2
899 25 55 1.4
899 50 90 3.4
899 75 175 3.7
900 0 0 2.2
900 25 55 1.4
900 50 90 3.4
900 75 175 3.7
901 0 0 2.2
901 25 55 1.4
901 50 90 3.4
901 75 175 3.7
902 0 0 2.2
902 25 55 1.4
902 50 90 3.4
902 75 175 3.7
903 0 0 2.2
903 25 55 1.4
903 50 90 3.4
903 75 175 3.7
904 0 0 2.2
904 25 55 1.4
904 50 90 3.4
904 75 175 3.7
905 0 0 2.2
905 25 55 1.4
905 50 90 3.4
905 75 175 3.7
906 0 0 2.2
906 25 55 1.4
906 50 90 3.4
906 75 175 3.7
907 0 0 2.2
907 25 55 1.4
907 50 90 3.4
907 75 175 3.7
908 0 0 2.2
908 25 55 1.4
908 50 90 3.4
908 75 175 3.7
909 0 0 2.2
909 25 55 1.4
909 50 90 3.4
909 75 175 3.7
910 0 0 2.2
910 25 55 1.4
910 50 90 3.4
910 75 175 3.7
911 0 0 2.2
911 25 55 1.4
911 50 90 3.4
911 75 175 3.7
912 0 0 2.2
912 25 55 1.4
912 50 90 3.4
912 75 175 3.7
913 0 0 2.2
913 25 55 1.4
913 50 90 3.4
913 75 175 3.7
914 0 0 2.2
914 25 55 1.4
914 50 90 3.4
914 75 175 3.7
915 0 0 2.2
915 25 55 1.4
915 50 90 3.4
915 75 175 3.7
916 0 0 2.2
916 25 55 1.4
916 50 90 3.4
916 75 175 3.7
917 0 0 2.2
917 25 55 1.4
917 50 90 3.4
917 75 175 3.7
918 0 0 2.2
918 25 55 1.4
918 50 90 3.4
918 75 175 3.7
919 0 0 2.2
919 25 55 1.4
919 50 90 3.4
919 75 175 3.7
920 0 0 2.2
920 25 55 1.4
920 50 90 3.4
920 75 175 3.7
921 0 0 2.2
921 25 55 1.4
921 50 90 3.4
921 75 175 3.7
922 0 0 2.2
922 25 55 1.4
922 50 90 3.4
922 75 175 3.7
923 0 0 2.2
923 25 55 1.4
923 50 90 3.4
923 75 175 3.7
924 0 0 2.2
924 25 55 1.4
924 50 90 3.4
924 75 175 3.7
925 0 0 2.2
925 25 55 1.4
925 50 90 3.4
925 75 175 3.7
926 0 0 2.2
926 25 55 1.4
926 50 90 3.4
926 75 175 3.7
927 0 0 2.2
927 25 55 1.4
927 50 90 3.4
927 75 175 3.7
928 0 0 2.2
928 25 55 1.4
928 50 90 3.4
928 75 175 3.7
929 0 0 2.2
929 25 55 1.4
929 50 90 3.4
929 75 175 3.7
930 0 0 2.2
930 25 55 1.4
930 50 90 3.4
930 75 175 3.7
931 0 0 2.2
931 25 55 1.4
931 50 90 3.4
931 75 175 3.7
932 0 0 2.2
932 25 55 1.4
932 50 90 3.4
932 75 175 3.7
933 0 0 2.2
933 25 55 1.4
933 50 90 3.4
933 75 175 3.7
934 0 0 2.2
934 25 55 1.4
934 50 90 3.4
934 75 175 3.7
935 0 0 2.2
935 25 55 1.4
935 50 90 3.4
935 75 175 3.7
936 0 0 2.2
936 25 55 1.4
936 50 90 3.4
936 75 175 3.7
937 0 0 2.2
937 25 55 1.4
937 50 90 3.4
937 75 175 3.7
938 0 0 2.2
938 25 55 1.4
938 50 90 3.4
938 75 175 3.7
939 0 0 2.2
939 25 55 1.4
939 50 90 3.4
939 75 175 3.7
940 0 0 2.2
940 25 55 1.4
940 50 90 3.4
940 75 175 3.7
941 0 0 2.2
941 25 55 1.4
941 50 90 3.4
941 75 175 3.7
942 0 0 2.2
942 25 55 1.4
942 50 90 3.4
942 75 175 3.7
943 0 0 2.2
943 25 55 1.4
943 50 90 3.4
943 75 175 3.7
944 0 0 2.2
944 25 55 1.4
944 50 90 3.4
944 75 175 3.7
945 0 0 2.2
945 25 55 1.4
945 50 90 3.4
945 75 175 3.7
946 0 0 2.2
946 25 55 1.4
946 50 90 3.4
946 75 175 3.7
947 0 0 2.2
947 25 55 1.4
947 50 90 3.4
947 75 175 3.7
948 0 0 2.2
948 25 55 1.4
948 50 90 3.4
948 75 175 3.7
949 0 0 2.2
949 25 55 1.4
949 50 90 3.4
949 75 175 3.7
950 0 0 2.2
950 25 55 1.4
950 50 90 3.4
950 75 175 3.7
951 0 0 2.2
951 25 55 1.4
951 50 90 3.4
951 75 175 3.7
952 0 0 2.2
952 25 55 1.4
952 50 90 3.4
952 75 175 3.7
953 0 0 2.2
953 25 55 1.4
953 50 90 3.4
953 75 175 3.7
954 0 0 2.2
954 25 55 1.4
954 50 90 3.4
954 75 175 3.7
955 0 0 2.2
955 25 55 1.4
955 50 90 3.4
955 75 175 3.7
956 0 0 2.2
956 25 55 1.4
956 50 90 3.4
956 75 175 3.7
957 0 0 2.2
957 25 55 1.4
957 50 90 3.4
957 75 175 3.7
958 0 0 2.2
958 25 55 1.4
958 50 90 3.4
958 75 175 3.7
959 0 0 2.2
959 25 55 1.4
959 50 90 3.4
959 75 175 3.7
960 0 0 2.2
960 25 55 1.4
960 50 90 3.4
960 75 175 3.7
961 0 0 2.2
961 25 55 1.4
961 50 90 3.4
961 75 175 3.7
962 0 0 2.2
962 25 55 1.4
962 50 90 3.4
962 75 175 3.7
963 0 0 2.2
963 25 55 1.4
963 50 90 3.4
963 75 175 3.7
964 0 0 2.2
964 25 55 1.4
964 50 90 3.4
964 75 175 3.7
965 0 0 2.2
965 25 55 1.4
965 50 90 3.4
965 75 175 3.7
966 0 0 2.2
966 25 55 1.4
966 50 90 3.4
966 75 175 3.7
967 0 0 2.2
967 25 55 1.4
967 50 90 3.4
967 75 175 3.7
968 0 0 2.2
968 25 55 1.4
968 50 90 3.4
968 75 175 3.7
969 0 0 2.2
969 25 55 1.4
969 50 90 3.4
969 75 175 3.7
970 0 0 2.2
970 25 55 1.4
970 50 90 3.4
970 75 175 3.7
971 0 0 2.2
971 25 55 1.4
971 50 90 3.4
971 75 175 3.7
972 0 0 2.2
972 25 55 1.4
972 50 90 3.4
972 75 175 3.7
973 0 0 2.2
973 25 55 1.4
973 50 90 3.4
973 75 175 3.7
974 0 0 2.2
974 25 55 1.4
974 50 90 3.4
974 75 175 3.7
975 0 0 2.2
975 25 55 1.4
975 50 90 3.4
975 75 175 3.7
976 0 0 2.2
976 25 55 1.4
976 50 90 3.4
976 75 175 3.7
977 0 0 2.2
977 25 55 1.4
977 50 90 3.4
977 75 175 3.7
978 0 0 2.2
978 25 55 1.4
978 50 90 3.4
978 75 175 3.7
979 0 0 2.2
979 25 55 1.4
979 50 90 3.4
979 75 175 3.7
980 0 0 2.2
980 25 55 1.4
980 50 90 3.4
980 75 175 3.7
981 0 0 2.2
981 25 55 1.4
981 50 90 3.4
981 75 175 3.7
982 0 0 2.2
982 25 55 1.4
982 50 90 3.4
982 75 175 3.7
983 0 0 2.2
983 25 55 1.4
983 50 90 3.4
983 75 175 3.7
984 0 0 2.2
984 25 55 1.4
984 50 90 3.4
984 75 175 3.7
985 0 0 2.2
985 25 55 1.4
985 50 90 3.4
985 75 175 3.7
986 0 0 2.2
986 25 55 1.4
986 50 90 3.4
986 75 175 3.7
987 0 0 2.2
987 25 55 1.4
987 50 90 3.4
987 75 175 3.7
988 0 0 2.2
988 25 55 1.4
988 50 90 3.4
988 75 175 3.7
989 0 0 2.2
989 25 55 1.4
989 50 90 3.4
989 75 175 3.7
990 0 0 2.2
990 25 55 1.4
990 50 90 3.4
990 75 175 3.7
991 0 0 2.2
991 25 55 1.4
991 50 90 3.4
991 75 175 3.7
992 0 0 2.2
992 25 55 1.4
992 50 90 3.4
992 75 175 3.7
993 0 0 2.2
993 25 55 1.4
993 50 90 3.4
993 75 175 3.7
994 0 0 2.2
994 25 55 1.4
994 50 90 3.4
994 75 175 3.7
995 0 0 2.2
995 25 55 1.4
995 50 90 3.4
995 75 175 3.7
996 0 0 2.2
996 25 55 1.4
996 50 90 3.4
996 75 175 3.7
997 0 0 2.2
997 25 55 1.4
997 50 90 3.4
997 75 175 3.7
998 0 0 2.2
998 25 55 1.4
998 50 90 3.4
998 75 175 3.7
999 0 0 2.2
999 25 55 1.4
999 50 90 3.4
999 75 175 3.7
