500 4
0 0 0 3.5
0 25 87.5 1.1
0 50 115 2.8
0 75 185 2.7
1 0 0 3.5
1 25 87.5 1.1
1 50 115 2.8
1 75 185 2.7
2 0 0 3.5
2 25 87.5 1.1
2 50 115 2.8
2 75 185 2.7
3 0 0 3.5
3 25 87.5 1.1
3 50 115 2.8
3 75 185 2.7
4 0 0 3.5
4 25 87.5 1.1
4 50 115 2.8
4 75 185 2.7
5 0 0 3.5
5 25 87.5 1.1
5 50 115 2.8
5 75 185 2.7
6 0 0 3.5
6 25 87.5 1.1
6 50 115 2.8
6 75 185 2.7
7 0 0 3.5
7 25 87.5 1.1
7 50 115 2.8
7 75 185 2.7
8 0 0 3.5
8 25 87.5 1.1
8 50 115 2.8
8 75 185 2.7
9 0 0 3.5
9 25 87.5 1.1
9 50 115 2.8
9 75 185 2.7
10 0 0 3.5
10 25 87.5 1.1
10 50 115 2.8
10 75 185 2.7
11 0 0 3.5
11 25 87.5 1.1
11 50 115 2.8
11 75 185 2.7
12 0 0 3.5
12 25 87.5 1.1
12 50 115 2.8
12 75 185 2.7
13 0 0 3.5
13 25 87.5 1.1
13 50 115 2.8
13 75 185 2.7
14 0 0 3.5
14 25 87.5 1.1
14 50 115 2.8
14 75 185 2.7
15 0 0 3.5
15 25 87.5 1.1
15 50 115 2.8
15 75 185 2.7
16 0 0 3.5
16 25 87.5 1.1
16 50 115 2.8
16 75 185 2.7
17 0 0 3.5
17 25 87.5 1.1
17 50 115 2.8
17 75 185 2.7
18 0 0 3.5
18 25 87.5 1.1
18 50 115 2.8
18 75 185 2.7
19 0 0 3.5
19 25 87.5 1.1
19 50 115 2.8
19 75 185 2.7
20 0 0 3.5
20 25 87.5 1.1
20 50 115 2.8
20 75 185 2.7
21 0 0 3.5
21 25 87.5 1.1
21 50 115 2.8
21 75 185 2.7
22 0 0 3.5
22 25 87.5 1.1
22 50 115 2.8
22 75 185 2.7
23 0 0 3.5
23 25 87.5 1.1
23 50 115 2.8
23 75 185 2.7
24 0 0 3.5
24 25 87.5 1.1
24 50 115 2.8
24 75 185 2.7
25 0 0 3.5
25 25 87.5 1.1
25 50 115 2.8
25 75 185 2.7
26 0 0 3.5
26 25 87.5 1.1
26 50 115 2.8
26 75 185 2.7
27 0 0 3.5
27 25 87.5 1.1
27 50 115 2.8
27 75 185 2.7
28 0 0 3.5
28 25 87.5 1.1
28 50 115 2.8
28 75 185 2.7
29 0 0 3.5
29 25 87.5 1.1
29 50 115 2.8
29 75 185 2.7
30 0 0 3.5
30 25 87.5 1.1
30 50 115 2.8
30 75 185 2.7
31 0 0 3.5
31 25 87.5 1.1
31 50 115 2.8
31 75 185 2.7
32 0 0 3.5
32 25 87.5 1.1
32 50 115 2.8
32 75 185 2.7
33 0 0 3.5
33 25 87.5 1.1
33 50 115 2.8
33 75 185 2.7
34 0 0 3.5
34 25 87.5 1.1
34 50 115 2.8
34 75 185 2.7
35 0 0 3.5
35 25 87.5 1.1
35 50 115 2.8
35 75 185 2.7
36 0 0 3.5
36 25 87.5 1.1
36 50 115 2.8
36 75 185 2.7
37 0 0 3.5
37 25 87.5 1.1
37 50 115 2.8
37 75 185 2.7
38 0 0 3.5
38 25 87.5 1.1
38 50 115 2.8
38 75 185 2.7
39 0 0 3.5
39 25 87.5 1.1
39 50 115 2.8
39 75 185 2.7
40 0 0 3.5
40 25 87.5 1.1
40 50 115 2.8
40 75 185 2.7
41 0 0 3.5
41 25 87.5 1.1
41 50 115 2.8
41 75 185 2.7
42 0 0 3.5
42 25 87.5 1.1
42 50 115 2.8
42 75 185 2.7
43 0 0 3.5
43 25 87.5 1.1
43 50 115 2.8
43 75 185 2.7
44 0 0 3.5
44 25 87.5 1.1
44 50 115 2.8
44 75 185 2.7
45 0 0 3.5
45 25 87.5 1.1
45 50 115 2.8
45 75 185 2.7
46 0 0 3.5
46 25 87.5 1.1
46 50 115 2.8
46 75 185 2.7
47 0 0 3.5
47 25 87.5 1.1
47 50 115 2.8
47 75 185 2.7
48 0 0 3.5
48 25 87.5 1.1
48 50 115 2.8
48 75 185 2.7
49 0 0 3.5
49 25 87.5 1.1
49 50 115 2.8
49 75 185 2.7
50 0 0 3.5
50 25 87.5 1.1
50 50 115 2.8
50 75 185 2.7
51 0 0 3.5
51 25 87.5 1.1
51 50 115 2.8
51 75 185 2.7
52 0 0 3.5
52 25 87.5 1.1
52 50 115 2.8
52 75 185 2.7
53 0 0 3.5
53 25 87.5 1.1
53 50 115 2.8
53 75 185 2.7
54 0 0 3.5
54 25 87.5 1.1
54 50 115 2.8
54 75 185 2.7
55 0 0 3.5
55 25 87.5 1.1
55 50 115 2.8
55 75 185 2.7
56 0 0 3.5
56 25 87.5 1.1
56 50 115 2.8
56 75 185 2.7
57 0 0 3.5
57 25 87.5 1.1
57 50 115 2.8
57 75 185 2.7
58 0 0 3.5
58 25 87.5 1.1
58 50 115 2.8
58 75 185 2.7
59 0 0 3.5
59 25 87.5 1.1
59 50 115 2.8
59 75 185 2.7
60 0 0 3.5
60 25 87.5 1.1
60 50 115 2.8
60 75 185 2.7
61 0 0 3.5
61 25 87.5 1.1
61 50 115 2.8
61 75 185 2.7
62 0 0 3.5
62 25 87.5 1.1
62 50 115 2.8
62 75 185 2.7
63 0 0 3.5
63 25 87.5 1.1
63 50 115 2.8
63 75 185 2.7
64 0 0 3.5
64 25 87.5 1.1
64 50 115 2.8
64 75 185 2.7
65 0 0 3.5
65 25 87.5 1.1
65 50 115 2.8
65 75 185 2.7
66 0 0 3.5
66 25 87.5 1.1
66 50 115 2.8
66 75 185 2.7
67 0 0 3.5
67 25 87.5 1.1
67 50 115 2.8
67 75 185 2.7
68 0 0 3.5
68 25 87.5 1.1
68 50 115 2.8
68 75 185 2.7
69 0 0 3.5
69 25 87.5 1.1
69 50 115 2.8
69 75 185 2.7
70 0 0 3.5
70 25 87.5 1.1
70 50 115 2.8
70 75 185 2.7
71 0 0 3.5
71 25 87.5 1.1
71 50 115 2.8
71 75 185 2.7
72 0 0 3.5
72 25 87.5 1.1
72 50 115 2.8
72 75 185 2.7
73 0 0 3.5
73 25 87.5 1.1
73 50 115 2.8
73 75 185 2.7
74 0 0 3.5
74 25 87.5 1.1
74 50 115 2.8
74 75 185 2.7
75 0 0 3.5
75 25 87.5 1.1
75 50 115 2.8
75 75 185 2.7
76 0 0 3.5
76 25 87.5 1.1
76 50 115 2.8
76 75 185 2.7
77 0 0 3.5
77 25 87.5 1.1
77 50 115 2.8
77 75 185 2.7
78 0 0 3.5
78 25 87.5 1.1
78 50 115 2.8
78 75 185 2.7
79 0 0 3.5
79 25 87.5 1.1
79 50 115 2.8
79 75 185 2.7
80 0 0 3.5
80 25 87.5 1.1
80 50 115 2.8
80 75 185 2.7
81 0 0 3.5
81 25 87.5 1.1
81 50 115 2.8
81 75 185 2.7
82 0 0 3.5
82 25 87.5 1.1
82 50 115 2.8
82 75 185 2.7
83 0 0 3.5
83 25 87.5 1.1
83 50 115 2.8
83 75 185 2.7
84 0 0 3.5
84 25 87.5 1.1
84 50 115 2.8
84 75 185 2.7
85 0 0 3.5
85 25 87.5 1.1
85 50 115 2.8
85 75 185 2.7
86 0 0 3.5
86 25 87.5 1.1
86 50 115 2.8
86 75 185 2.7
87 0 0 3.5
87 25 87.5 1.1
87 50 115 2.8
87 75 185 2.7
88 0 0 3.5
88 25 87.5 1.1
88 50 115 2.8
88 75 185 2.7
89 0 0 3.5
89 25 87.5 1.1
89 50 115 2.8
89 75 185 2.7
90 0 0 3.5
90 25 87.5 1.1
90 50 115 2.8
90 75 185 2.7
91 0 0 3.5
91 25 87.5 1.1
91 50 115 2.8
91 75 185 2.7
92 0 0 3.5
92 25 87.5 1.1
92 50 115 2.8
92 75 185 2.7
93 0 0 3.5
93 25 87.5 1.1
93 50 115 2.8
93 75 185 2.7
94 0 0 3.5
94 25 87.5 1.1
94 50 115 2.8
94 75 185 2.7
95 0 0 3.5
95 25 87.5 1.1
95 50 115 2.8
95 75 185 2.7
96 0 0 3.5
96 25 87.5 1.1
96 50 115 2.8
96 75 185 2.7
97 0 0 3.5
97 25 87.5 1.1
97 50 115 2.8
97 75 185 2.7
98 0 0 3.5
98 25 87.5 1.1
98 50 115 2.8
98 75 185 2.7
99 0 0 3.5
99 25 87.5 1.1
99 50 115 2.8
99 75 185 2.7
100 0 0 3.5
100 25 87.5 1.1
100 50 115 2.8
100 75 185 2.7
101 0 0 3.5
101 25 87.5 1.1
101 50 115 2.8
101 75 185 2.7
102 0 0 3.5
102 25 87.5 1.1
102 50 115 2.8
102 75 185 2.7
103 0 0 3.5
103 25 87.5 1.1
103 50 115 2.8
103 75 185 2.7
104 0 0 3.5
104 25 87.5 1.1
104 50 115 2.8
104 75 185 2.7
105 0 0 3.5
105 25 87.5 1.1
105 50 115 2.8
105 75 185 2.7
106 0 0 3.5
106 25 87.5 1.1
106 50 115 2.8
106 75 185 2.7
107 0 0 3.5
107 25 87.5 1.1
107 50 115 2.8
107 75 185 2.7
108 0 0 3.5
108 25 87.5 1.1
108 50 115 2.8
108 75 185 2.7
109 0 0 3.5
109 25 87.5 1.1
109 50 115 2.8
109 75 185 2.7
110 0 0 3.5
110 25 87.5 1.1
110 50 115 2.8
110 75 185 2.7
111 0 0 3.5
111 25 87.5 1.1
111 50 115 2.8
111 75 185 2.7
112 0 0 3.5
112 25 87.5 1.1
112 50 115 2.8
112 75 185 2.7
113 0 0 3.5
113 25 87.5 1.1
113 50 115 2.8
113 75 185 2.7
114 0 0 3.5
114 25 87.5 1.1
114 50 115 2.8
114 75 185 2.7
115 0 0 3.5
115 25 87.5 1.1
115 50 115 2.8
115 75 185 2.7
116 0 0 3.5
116 25 87.5 1.1
116 50 115 2.8
116 75 185 2.7
117 0 0 3.5
117 25 87.5 1.1
117 50 115 2.8
117 75 185 2.7
118 0 0 3.5
118 25 87.5 1.1
118 50 115 2.8
118 75 185 2.7
119 0 0 3.5
119 25 87.5 1.1
119 50 115 2.8
119 75 185 2.7
120 0 0 3.5
120 25 87.5 1.1
120 50 115 2.8
120 75 185 2.7
121 0 0 3.5
121 25 87.5 1.1
121 50 115 2.8
121 75 185 2.7
122 0 0 3.5
122 25 87.5 1.1
122 50 115 2.8
122 75 185 2.7
123 0 0 3.5
123 25 87.5 1.1
123 50 115 2.8
123 75 185 2.7
124 0 0 3.5
124 25 87.5 1.1
124 50 115 2.8
124 75 185 2.7
125 0 0 3.5
125 25 87.5 1.1
125 50 115 2.8
125 75 185 2.7
126 0 0 3.5
126 25 87.5 1.1
126 50 115 2.8
126 75 185 2.7
127 0 0 3.5
127 25 87.5 1.1
127 50 115 2.8
127 75 185 2.7
128 0 0 3.5
128 25 87.5 1.1
128 50 115 2.8
128 75 185 2.7
129 0 0 3.5
129 25 87.5 1.1
129 50 115 2.8
129 75 185 2.7
130 0 0 3.5
130 25 87.5 1.1
130 50 115 2.8
130 75 185 2.7
131 0 0 3.5
131 25 87.5 1.1
131 50 115 2.8
131 75 185 2.7
132 0 0 3.5
132 25 87.5 1.1
132 50 115 2.8
132 75 185 2.7
133 0 0 3.5
133 25 87.5 1.1
133 50 115 2.8
133 75 185 2.7
134 0 0 3.5
134 25 87.5 1.1
134 50 115 2.8
134 75 185 2.7
135 0 0 3.5
135 25 87.5 1.1
135 50 115 2.8
135 75 185 2.7
136 0 0 3.5
136 25 87.5 1.1
136 50 115 2.8
136 75 185 2.7
137 0 0 3.5
137 25 87.5 1.1
137 50 115 2.8
137 75 185 2.7
138 0 0 3.5
138 25 87.5 1.1
138 50 115 2.8
138 75 185 2.7
139 0 0 3.5
139 25 87.5 1.1
139 50 115 2.8
139 75 185 2.7
140 0 0 3.5
140 25 87.5 1.1
140 50 115 2.8
140 75 185 2.7
141 0 0 3.5
141 25 87.5 1.1
141 50 115 2.8
141 75 185 2.7
142 0 0 3.5
142 25 87.5 1.1
142 50 115 2.8
142 75 185 2.7
143 0 0 3.5
143 25 87.5 1.1
143 50 115 2.8
143 75 185 2.7
144 0 0 3.5
144 25 87.5 1.1
144 50 115 2.8
144 75 185 2.7
145 0 0 3.5
145 25 87.5 1.1
145 50 115 2.8
145 75 185 2.7
146 0 0 3.5
146 25 87.5 1.1
146 50 115 2.8
146 75 185 2.7
147 0 0 3.5
147 25 87.5 1.1
147 50 115 2.8
147 75 185 2.7
148 0 0 3.5
148 25 87.5 1.1
148 50 115 2.8
148 75 185 2.7
149 0 0 3.5
149 25 87.5 1.1
149 50 115 2.8
149 75 185 2.7
150 0 0 3.5
150 25 87.5 1.1
150 50 115 2.8
150 75 185 2.7
151 0 0 3.5
151 25 87.5 1.1
151 50 115 2.8
151 75 185 2.7
152 0 0 3.5
152 25 87.5 1.1
152 50 115 2.8
152 75 185 2.7
153 0 0 3.5
153 25 87.5 1.1
153 50 115 2.8
153 75 185 2.7
154 0 0 3.5
154 25 87.5 1.1
154 50 115 2.8
154 75 185 2.7
155 0 0 3.5
155 25 87.5 1.1
155 50 115 2.8
155 75 185 2.7
156 0 0 3.5
156 25 87.5 1.1
156 50 115 2.8
156 75 185 2.7
157 0 0 3.5
157 25 87.5 1.1
157 50 115 2.8
157 75 185 2.7
158 0 0 3.5
158 25 87.5 1.1
158 50 115 2.8
158 75 185 2.7
159 0 0 3.5
159 25 87.5 1.1
159 50 115 2.8
159 75 185 2.7
160 0 0 3.5
160 25 87.5 1.1
160 50 115 2.8
160 75 185 2.7
161 0 0 3.5
161 25 87.5 1.1
161 50 115 2.8
161 75 185 2.7
162 0 0 3.5
162 25 87.5 1.1
162 50 115 2.8
162 75 185 2.7
163 0 0 3.5
163 25 87.5 1.1
163 50 115 2.8
163 75 185 2.7
164 0 0 3.5
164 25 87.5 1.1
164 50 115 2.8
164 75 185 2.7
165 0 0 3.5
165 25 87.5 1.1
165 50 115 2.8
165 75 185 2.7
166 0 0 3.5
166 25 87.5 1.1
166 50 115 2.8
166 75 185 2.7
167 0 0 3.5
167 25 87.5 1.1
167 50 115 2.8
167 75 185 2.7
168 0 0 3.5
168 25 87.5 1.1
168 50 115 2.8
168 75 185 2.7
169 0 0 3.5
169 25 87.5 1.1
169 50 115 2.8
169 75 185 2.7
170 0 0 3.5
170 25 87.5 1.1
170 50 115 2.8
170 75 185 2.7
171 0 0 3.5
171 25 87.5 1.1
171 50 115 2.8
171 75 185 2.7
172 0 0 3.5
172 25 87.5 1.1
172 50 115 2.8
172 75 185 2.7
173 0 0 3.5
173 25 87.5 1.1
173 50 115 2.8
173 75 185 2.7
174 0 0 3.5
174 25 87.5 1.1
174 50 115 2.8
174 75 185 2.7
175 0 0 3.5
175 25 87.5 1.1
175 50 115 2.8
175 75 185 2.7
176 0 0 3.5
176 25 87.5 1.1
176 50 115 2.8
176 75 185 2.7
177 0 0 3.5
177 25 87.5 1.1
177 50 115 2.8
177 75 185 2.7
178 0 0 3.5
178 25 87.5 1.1
178 50 115 2.8
178 75 185 2.7
179 0 0 3.5
179 25 87.5 1.1
179 50 115 2.8
179 75 185 2.7
180 0 0 3.5
180 25 87.5 1.1
180 50 115 2.8
180 75 185 2.7
181 0 0 3.5
181 25 87.5 1.1
181 50 115 2.8
181 75 185 2.7
182 0 0 3.5
182 25 87.5 1.1
182 50 115 2.8
182 75 185 2.7
183 0 0 3.5
183 25 87.5 1.1
183 50 115 2.8
183 75 185 2.7
184 0 0 3.5
184 25 87.5 1.1
184 50 115 2.8
184 75 185 2.7
185 0 0 3.5
185 25 87.5 1.1
185 50 115 2.8
185 75 185 2.7
186 0 0 3.5
186 25 87.5 1.1
186 50 115 2.8
186 75 185 2.7
187 0 0 3.5
187 25 87.5 1.1
187 50 115 2.8
187 75 185 2.7
188 0 0 3.5
188 25 87.5 1.1
188 50 115 2.8
188 75 185 2.7
189 0 0 3.5
189 25 87.5 1.1
189 50 115 2.8
189 75 185 2.7
190 0 0 3.5
190 25 87.5 1.1
190 50 115 2.8
190 75 185 2.7
191 0 0 3.5
191 25 87.5 1.1
191 50 115 2.8
191 75 185 2.7
192 0 0 3.5
192 25 87.5 1.1
192 50 115 2.8
192 75 185 2.7
193 0 0 3.5
193 25 87.5 1.1
193 50 115 2.8
193 75 185 2.7
194 0 0 3.5
194 25 87.5 1.1
194 50 115 2.8
194 75 185 2.7
195 0 0 3.5
195 25 87.5 1.1
195 50 115 2.8
195 75 185 2.7
196 0 0 3.5
196 25 87.5 1.1
196 50 115 2.8
196 75 185 2.7
197 0 0 3.5
197 25 87.5 1.1
197 50 115 2.8
197 75 185 2.7
198 0 0 3.5
198 25 87.5 1.1
198 50 115 2.8
198 75 185 2.7
199 0 0 3.5
199 25 87.5 1.1
199 50 115 2.8
199 75 185 2.7
200 0 0 3.5
200 25 87.5 1.1
200 50 115 2.8
200 75 185 2.7
201 0 0 3.5
201 25 87.5 1.1
201 50 115 2.8
201 75 185 2.7
202 0 0 3.5
202 25 87.5 1.1
202 50 115 2.8
202 75 185 2.7
203 0 0 3.5
203 25 87.5 1.1
203 50 115 2.8
203 75 185 2.7
204 0 0 3.5
204 25 87.5 1.1
204 50 115 2.8
204 75 185 2.7
205 0 0 3.5
205 25 87.5 1.1
205 50 115 2.8
205 75 185 2.7
206 0 0 3.5
206 25 87.5 1.1
206 50 115 2.8
206 75 185 2.7
207 0 0 3.5
207 25 87.5 1.1
207 50 115 2.8
207 75 185 2.7
208 0 0 3.5
208 25 87.5 1.1
208 50 115 2.8
208 75 185 2.7
209 0 0 3.5
209 25 87.5 1.1
209 50 115 2.8
209 75 185 2.7
210 0 0 3.5
210 25 87.5 1.1
210 50 115 2.8
210 75 185 2.7
211 0 0 3.5
211 25 87.5 1.1
211 50 115 2.8
211 75 185 2.7
212 0 0 3.5
212 25 87.5 1.1
212 50 115 2.8
212 75 185 2.7
213 0 0 3.5
213 25 87.5 1.1
213 50 115 2.8
213 75 185 2.7
214 0 0 3.5
214 25 87.5 1.1
214 50 115 2.8
214 75 185 2.7
215 0 0 3.5
215 25 87.5 1.1
215 50 115 2.8
215 75 185 2.7
216 0 0 3.5
216 25 87.5 1.1
216 50 115 2.8
216 75 185 2.7
217 0 0 3.5
217 25 87.5 1.1
217 50 115 2.8
217 75 185 2.7
218 0 0 3.5
218 25 87.5 1.1
218 50 115 2.8
218 75 185 2.7
219 0 0 3.5
219 25 87.5 1.1
219 50 115 2.8
219 75 185 2.7
220 0 0 3.5
220 25 87.5 1.1
220 50 115 2.8
220 75 185 2.7
221 0 0 3.5
221 25 87.5 1.1
221 50 115 2.8
221 75 185 2.7
222 0 0 3.5
222 25 87.5 1.1
222 50 115 2.8
222 75 185 2.7
223 0 0 3.5
223 25 87.5 1.1
223 50 115 2.8
223 75 185 2.7
224 0 0 3.5
224 25 87.5 1.1
224 50 115 2.8
224 75 185 2.7
225 0 0 3.5
225 25 87.5 1.1
225 50 115 2.8
225 75 185 2.7
226 0 0 3.5
226 25 87.5 1.1
226 50 115 2.8
226 75 185 2.7
227 0 0 3.5
227 25 87.5 1.1
227 50 115 2.8
227 75 185 2.7
228 0 0 3.5
228 25 87.5 1.1
228 50 115 2.8
228 75 185 2.7
229 0 0 3.5
229 25 87.5 1.1
229 50 115 2.8
229 75 185 2.7
230 0 0 3.5
230 25 87.5 1.1
230 50 115 2.8
230 75 185 2.7
231 0 0 3.5
231 25 87.5 1.1
231 50 115 2.8
231 75 185 2.7
232 0 0 3.5
232 25 87.5 1.1
232 50 115 2.8
232 75 185 2.7
233 0 0 3.5
233 25 87.5 1.1
233 50 115 2.8
233 75 185 2.7
234 0 0 3.5
234 25 87.5 1.1
234 50 115 2.8
234 75 185 2.7
235 0 0 3.5
235 25 87.5 1.1
235 50 115 2.8
235 75 185 2.7
236 0 0 3.5
236 25 87.5 1.1
236 50 115 2.8
236 75 185 2.7
237 0 0 3.5
237 25 87.5 1.1
237 50 115 2.8
237 75 185 2.7
238 0 0 3.5
238 25 87.5 1.1
238 50 115 2.8
238 75 185 2.7
239 0 0 3.5
239 25 87.5 1.1
239 50 115 2.8
239 75 185 2.7
240 0 0 3.5
240 25 87.5 1.1
240 50 115 2.8
240 75 185 2.7
241 0 0 3.5
241 25 87.5 1.1
241 50 115 2.8
241 75 185 2.7
242 0 0 3.5
242 25 87.5 1.1
242 50 115 2.8
242 75 185 2.7
243 0 0 3.5
243 25 87.5 1.1
243 50 115 2.8
243 75 185 2.7
244 0 0 3.5
244 25 87.5 1.1
244 50 115 2.8
244 75 185 2.7
245 0 0 3.5
245 25 87.5 1.1
245 50 115 2.8
245 75 185 2.7
246 0 0 3.5
246 25 87.5 1.1
246 50 115 2.8
246 75 185 2.7
247 0 0 3.5
247 25 87.5 1.1
247 50 115 2.8
247 75 185 2.7
248 0 0 3.5
248 25 87.5 1.1
248 50 115 2.8
248 75 185 2.7
249 0 0 3.5
249 25 87.5 1.1
249 50 115 2.8
249 75 185 2.7
250 0 0 3.5
250 25 87.5 1.1
250 50 115 2.8
250 75 185 2.7
251 0 0 3.5
251 25 87.5 1.1
251 50 115 2.8
251 75 185 2.7
252 0 0 3.5
252 25 87.5 1.1
252 50 115 2.8
252 75 185 2.7
253 0 0 3.5
253 25 87.5 1.1
253 50 115 2.8
253 75 185 2.7
254 0 0 3.5
254 25 87.5 1.1
254 50 115 2.8
254 75 185 2.7
255 0 0 3.5
255 25 87.5 1.1
255 50 115 2.8
255 75 185 2.7
256 0 0 3.5
256 25 87.5 1.1
256 50 115 2.8
256 75 185 2.7
257 0 0 3.5
257 25 87.5 1.1
257 50 115 2.8
257 75 185 2.7
258 0 0 3.5
258 25 87.5 1.1
258 50 115 2.8
258 75 185 2.7
259 0 0 3.5
259 25 87.5 1.1
259 50 115 2.8
259 75 185 2.7
260 0 0 3.5
260 25 87.5 1.1
260 50 115 2.8
260 75 185 2.7
261 0 0 3.5
261 25 87.5 1.1
261 50 115 2.8
261 75 185 2.7
262 0 0 3.5
262 25 87.5 1.1
262 50 115 2.8
262 75 185 2.7
263 0 0 3.5
263 25 87.5 1.1
263 50 115 2.8
263 75 185 2.7
264 0 0 3.5
264 25 87.5 1.1
264 50 115 2.8
264 75 185 2.7
265 0 0 3.5
265 25 87.5 1.1
265 50 115 2.8
265 75 185 2.7
266 0 0 3.5
266 25 87.5 1.1
266 50 115 2.8
266 75 185 2.7
267 0 0 3.5
267 25 87.5 1.1
267 50 115 2.8
267 75 185 2.7
268 0 0 3.5
268 25 87.5 1.1
268 50 115 2.8
268 75 185 2.7
269 0 0 3.5
269 25 87.5 1.1
269 50 115 2.8
269 75 185 2.7
270 0 0 3.5
270 25 87.5 1.1
270 50 115 2.8
270 75 185 2.7
271 0 0 3.5
271 25 87.5 1.1
271 50 115 2.8
271 75 185 2.7
272 0 0 3.5
272 25 87.5 1.1
272 50 115 2.8
272 75 185 2.7
273 0 0 3.5
273 25 87.5 1.1
273 50 115 2.8
273 75 185 2.7
274 0 0 3.5
274 25 87.5 1.1
274 50 115 2.8
274 75 185 2.7
275 0 0 3.5
275 25 87.5 1.1
275 50 115 2.8
275 75 185 2.7
276 0 0 3.5
276 25 87.5 1.1
276 50 115 2.8
276 75 185 2.7
277 0 0 3.5
277 25 87.5 1.1
277 50 115 2.8
277 75 185 2.7
278 0 0 3.5
278 25 87.5 1.1
278 50 115 2.8
278 75 185 2.7
279 0 0 3.5
279 25 87.5 1.1
279 50 115 2.8
279 75 185 2.7
280 0 0 3.5
280 25 87.5 1.1
280 50 115 2.8
280 75 185 2.7
281 0 0 3.5
281 25 87.5 1.1
281 50 115 2.8
281 75 185 2.7
282 0 0 3.5
282 25 87.5 1.1
282 50 115 2.8
282 75 185 2.7
283 0 0 3.5
283 25 87.5 1.1
283 50 115 2.8
283 75 185 2.7
284 0 0 3.5
284 25 87.5 1.1
284 50 115 2.8
284 75 185 2.7
285 0 0 3.5
285 25 87.5 1.1
285 50 115 2.8
285 75 185 2.7
286 0 0 3.5
286 25 87.5 1.1
286 50 115 2.8
286 75 185 2.7
287 0 0 3.5
287 25 87.5 1.1
287 50 115 2.8
287 75 185 2.7
288 0 0 3.5
288 25 87.5 1.1
288 50 115 2.8
288 75 185 2.7
289 0 0 3.5
289 25 87.5 1.1
289 50 115 2.8
289 75 185 2.7
290 0 0 3.5
290 25 87.5 1.1
290 50 115 2.8
290 75 185 2.7
291 0 0 3.5
291 25 87.5 1.1
291 50 115 2.8
291 75 185 2.7
292 0 0 3.5
292 25 87.5 1.1
292 50 115 2.8
292 75 185 2.7
293 0 0 3.5
293 25 87.5 1.1
293 50 115 2.8
293 75 185 2.7
294 0 0 3.5
294 25 87.5 1.1
294 50 115 2.8
294 75 185 2.7
295 0 0 3.5
295 25 87.5 1.1
295 50 115 2.8
295 75 185 2.7
296 0 0 3.5
296 25 87.5 1.1
296 50 115 2.8
296 75 185 2.7
297 0 0 3.5
297 25 87.5 1.1
297 50 115 2.8
297 75 185 2.7
298 0 0 3.5
298 25 87.5 1.1
298 50 115 2.8
298 75 185 2.7
299 0 0 3.5
299 25 87.5 1.1
299 50 115 2.8
299 75 185 2.7
300 0 0 3.5
300 25 87.5 1.1
300 50 115 2.8
300 75 185 2.7
301 0 0 3.5
301 25 87.5 1.1
301 50 115 2.8
301 75 185 2.7
302 0 0 3.5
302 25 87.5 1.1
302 50 115 2.8
302 75 185 2.7
303 0 0 3.5
303 25 87.5 1.1
303 50 115 2.8
303 75 185 2.7
304 0 0 3.5
304 25 87.5 1.1
304 50 115 2.8
304 75 185 2.7
305 0 0 3.5
305 25 87.5 1.1
305 50 115 2.8
305 75 185 2.7
306 0 0 3.5
306 25 87.5 1.1
306 50 115 2.8
306 75 185 2.7
307 0 0 3.5
307 25 87.5 1.1
307 50 115 2.8
307 75 185 2.7
308 0 0 3.5
308 25 87.5 1.1
308 50 115 2.8
308 75 185 2.7
309 0 0 3.5
309 25 87.5 1.1
309 50 115 2.8
309 75 185 2.7
310 0 0 3.5
310 25 87.5 1.1
310 50 115 2.8
310 75 185 2.7
311 0 0 3.5
311 25 87.5 1.1
311 50 115 2.8
311 75 185 2.7
312 0 0 3.5
312 25 87.5 1.1
312 50 115 2.8
312 75 185 2.7
313 0 0 3.5
313 25 87.5 1.1
313 50 115 2.8
313 75 185 2.7
314 0 0 3.5
314 25 87.5 1.1
314 50 115 2.8
314 75 185 2.7
315 0 0 3.5
315 25 87.5 1.1
315 50 115 2.8
315 75 185 2.7
316 0 0 3.5
316 25 87.5 1.1
316 50 115 2.8
316 75 185 2.7
317 0 0 3.5
317 25 87.5 1.1
317 50 115 2.8
317 75 185 2.7
318 0 0 3.5
318 25 87.5 1.1
318 50 115 2.8
318 75 185 2.7
319 0 0 3.5
319 25 87.5 1.1
319 50 115 2.8
319 75 185 2.7
320 0 0 3.5
320 25 87.5 1.1
320 50 115 2.8
320 75 185 2.7
321 0 0 3.5
321 25 87.5 1.1
321 50 115 2.8
321 75 185 2.7
322 0 0 3.5
322 25 87.5 1.1
322 50 115 2.8
322 75 185 2.7
323 0 0 3.5
323 25 87.5 1.1
323 50 115 2.8
323 75 185 2.7
324 0 0 3.5
324 25 87.5 1.1
324 50 115 2.8
324 75 185 2.7
325 0 0 3.5
325 25 87.5 1.1
325 50 115 2.8
325 75 185 2.7
326 0 0 3.5
326 25 87.5 1.1
326 50 115 2.8
326 75 185 2.7
327 0 0 3.5
327 25 87.5 1.1
327 50 115 2.8
327 75 185 2.7
328 0 0 3.5
328 25 87.5 1.1
328 50 115 2.8
328 75 185 2.7
329 0 0 3.5
329 25 87.5 1.1
329 50 115 2.8
329 75 185 2.7
330 0 0 3.5
330 25 87.5 1.1
330 50 115 2.8
330 75 185 2.7
331 0 0 3.5
331 25 87.5 1.1
331 50 115 2.8
331 75 185 2.7
332 0 0 3.5
332 25 87.5 1.1
332 50 115 2.8
332 75 185 2.7
333 0 0 3.5
333 25 87.5 1.1
333 50 115 2.8
333 75 185 2.7
334 0 0 3.5
334 25 87.5 1.1
334 50 115 2.8
334 75 185 2.7
335 0 0 3.5
335 25 87.5 1.1
335 50 115 2.8
335 75 185 2.7
336 0 0 3.5
336 25 87.5 1.1
336 50 115 2.8
336 75 185 2.7
337 0 0 3.5
337 25 87.5 1.1
337 50 115 2.8
337 75 185 2.7
338 0 0 3.5
338 25 87.5 1.1
338 50 115 2.8
338 75 185 2.7
339 0 0 3.5
339 25 87.5 1.1
339 50 115 2.8
339 75 185 2.7
340 0 0 3.5
340 25 87.5 1.1
340 50 115 2.8
340 75 185 2.7
341 0 0 3.5
341 25 87.5 1.1
341 50 115 2.8
341 75 185 2.7
342 0 0 3.5
342 25 87.5 1.1
342 50 115 2.8
342 75 185 2.7
343 0 0 3.5
343 25 87.5 1.1
343 50 115 2.8
343 75 185 2.7
344 0 0 3.5
344 25 87.5 1.1
344 50 115 2.8
344 75 185 2.7
345 0 0 3.5
345 25 87.5 1.1
345 50 115 2.8
345 75 185 2.7
346 0 0 3.5
346 25 87.5 1.1
346 50 115 2.8
346 75 185 2.7
347 0 0 3.5
347 25 87.5 1.1
347 50 115 2.8
347 75 185 2.7
348 0 0 3.5
348 25 87.5 1.1
348 50 115 2.8
348 75 185 2.7
349 0 0 3.5
349 25 87.5 1.1
349 50 115 2.8
349 75 185 2.7
350 0 0 3.5
350 25 87.5 1.1
350 50 115 2.8
350 75 185 2.7
351 0 0 3.5
351 25 87.5 1.1
351 50 115 2.8
351 75 185 2.7
352 0 0 3.5
352 25 87.5 1.1
352 50 115 2.8
352 75 185 2.7
353 0 0 3.5
353 25 87.5 1.1
353 50 115 2.8
353 75 185 2.7
354 0 0 3.5
354 25 87.5 1.1
354 50 115 2.8
354 75 185 2.7
355 0 0 3.5
355 25 87.5 1.1
355 50 115 2.8
355 75 185 2.7
356 0 0 3.5
356 25 87.5 1.1
356 50 115 2.8
356 75 185 2.7
357 0 0 3.5
357 25 87.5 1.1
357 50 115 2.8
357 75 185 2.7
358 0 0 3.5
358 25 87.5 1.1
358 50 115 2.8
358 75 185 2.7
359 0 0 3.5
359 25 87.5 1.1
359 50 115 2.8
359 75 185 2.7
360 0 0 3.5
360 25 87.5 1.1
360 50 115 2.8
360 75 185 2.7
361 0 0 3.5
361 25 87.5 1.1
361 50 115 2.8
361 75 185 2.7
362 0 0 3.5
362 25 87.5 1.1
362 50 115 2.8
362 75 185 2.7
363 0 0 3.5
363 25 87.5 1.1
363 50 115 2.8
363 75 185 2.7
364 0 0 3.5
364 25 87.5 1.1
364 50 115 2.8
364 75 185 2.7
365 0 0 3.5
365 25 87.5 1.1
365 50 115 2.8
365 75 185 2.7
366 0 0 3.5
366 25 87.5 1.1
366 50 115 2.8
366 75 185 2.7
367 0 0 3.5
367 25 87.5 1.1
367 50 115 2.8
367 75 185 2.7
368 0 0 3.5
368 25 87.5 1.1
368 50 115 2.8
368 75 185 2.7
369 0 0 3.5
369 25 87.5 1.1
369 50 115 2.8
369 75 185 2.7
370 0 0 3.5
370 25 87.5 1.1
370 50 115 2.8
370 75 185 2.7
371 0 0 3.5
371 25 87.5 1.1
371 50 115 2.8
371 75 185 2.7
372 0 0 3.5
372 25 87.5 1.1
372 50 115 2.8
372 75 185 2.7
373 0 0 3.5
373 25 87.5 1.1
373 50 115 2.8
373 75 185 2.7
374 0 0 3.5
374 25 87.5 1.1
374 50 115 2.8
374 75 185 2.7
375 0 0 3.5
375 25 87.5 1.1
375 50 115 2.8
375 75 185 2.7
376 0 0 3.5
376 25 87.5 1.1
376 50 115 2.8
376 75 185 2.7
377 0 0 3.5
377 25 87.5 1.1
377 50 115 2.8
377 75 185 2.7
378 0 0 3.5
378 25 87.5 1.1
378 50 115 2.8
378 75 185 2.7
379 0 0 3.5
379 25 87.5 1.1
379 50 115 2.8
379 75 185 2.7
380 0 0 3.5
380 25 87.5 1.1
380 50 115 2.8
380 75 185 2.7
381 0 0 3.5
381 25 87.5 1.1
381 50 115 2.8
381 75 185 2.7
382 0 0 3.5
382 25 87.5 1.1
382 50 115 2.8
382 75 185 2.7
383 0 0 3.5
383 25 87.5 1.1
383 50 115 2.8
383 75 185 2.7
384 0 0 3.5
384 25 87.5 1.1
384 50 115 2.8
384 75 185 2.7
385 0 0 3.5
385 25 87.5 1.1
385 50 115 2.8
385 75 185 2.7
386 0 0 3.5
386 25 87.5 1.1
386 50 115 2.8
386 75 185 2.7
387 0 0 3.5
387 25 87.5 1.1
387 50 115 2.8
387 75 185 2.7
388 0 0 3.5
388 25 87.5 1.1
388 50 115 2.8
388 75 185 2.7
389 0 0 3.5
389 25 87.5 1.1
389 50 115 2.8
389 75 185 2.7
390 0 0 3.5
390 25 87.5 1.1
390 50 115 2.8
390 75 185 2.7
391 0 0 3.5
391 25 87.5 1.1
391 50 115 2.8
391 75 185 2.7
392 0 0 3.5
392 25 87.5 1.1
392 50 115 2.8
392 75 185 2.7
393 0 0 3.5
393 25 87.5 1.1
393 50 115 2.8
393 75 185 2.7
394 0 0 3.5
394 25 87.5 1.1
394 50 115 2.8
394 75 185 2.7
395 0 0 3.5
395 25 87.5 1.1
395 50 115 2.8
395 75 185 2.7
396 0 0 3.5
396 25 87.5 1.1
396 50 115 2.8
396 75 185 2.7
397 0 0 3.5
397 25 87.5 1.1
397 50 115 2.8
397 75 185 2.7
398 0 0 3.5
398 25 87.5 1.1
398 50 115 2.8
398 75 185 2.7
399 0 0 3.5
399 25 87.5 1.1
399 50 115 2.8
399 75 185 2.7
400 0 0 3.5
400 25 87.5 1.1
400 50 115 2.8
400 75 185 2.7
401 0 0 3.5
401 25 87.5 1.1
401 50 115 2.8
401 75 185 2.7
402 0 0 3.5
402 25 87.5 1.1
402 50 115 2.8
402 75 185 2.7
403 0 0 3.5
403 25 87.5 1.1
403 50 115 2.8
403 75 185 2.7
404 0 0 3.5
404 25 87.5 1.1
404 50 115 2.8
404 75 185 2.7
405 0 0 3.5
405 25 87.5 1.1
405 50 115 2.8
405 75 185 2.7
406 0 0 3.5
406 25 87.5 1.1
406 50 115 2.8
406 75 185 2.7
407 0 0 3.5
407 25 87.5 1.1
407 50 115 2.8
407 75 185 2.7
408 0 0 3.5
408 25 87.5 1.1
408 50 115 2.8
408 75 185 2.7
409 0 0 3.5
409 25 87.5 1.1
409 50 115 2.8
409 75 185 2.7
410 0 0 3.5
410 25 87.5 1.1
410 50 115 2.8
410 75 185 2.7
411 0 0 3.5
411 25 87.5 1.1
411 50 115 2.8
411 75 185 2.7
412 0 0 3.5
412 25 87.5 1.1
412 50 115 2.8
412 75 185 2.7
413 0 0 3.5
413 25 87.5 1.1
413 50 115 2.8
413 75 185 2.7
414 0 0 3.5
414 25 87.5 1.1
414 50 115 2.8
414 75 185 2.7
415 0 0 3.5
415 25 87.5 1.1
415 50 115 2.8
415 75 185 2.7
416 0 0 3.5
416 25 87.5 1.1
416 50 115 2.8
416 75 185 2.7
417 0 0 3.5
417 25 87.5 1.1
417 50 115 2.8
417 75 185 2.7
418 0 0 3.5
418 25 87.5 1.1
418 50 115 2.8
418 75 185 2.7
419 0 0 3.5
419 25 87.5 1.1
419 50 115 2.8
419 75 185 2.7
420 0 0 3.5
420 25 87.5 1.1
420 50 115 2.8
420 75 185 2.7
421 0 0 3.5
421 25 87.5 1.1
421 50 115 2.8
421 75 185 2.7
422 0 0 3.5
422 25 87.5 1.1
422 50 115 2.8
422 75 185 2.7
423 0 0 3.5
423 25 87.5 1.1
423 50 115 2.8
423 75 185 2.7
424 0 0 3.5
424 25 87.5 1.1
424 50 115 2.8
424 75 185 2.7
425 0 0 3.5
425 25 87.5 1.1
425 50 115 2.8
425 75 185 2.7
426 0 0 3.5
426 25 87.5 1.1
426 50 115 2.8
426 75 185 2.7
427 0 0 3.5
427 25 87.5 1.1
427 50 115 2.8
427 75 185 2.7
428 0 0 3.5
428 25 87.5 1.1
428 50 115 2.8
428 75 185 2.7
429 0 0 3.5
429 25 87.5 1.1
429 50 115 2.8
429 75 185 2.7
430 0 0 3.5
430 25 87.5 1.1
430 50 115 2.8
430 75 185 2.7
431 0 0 3.5
431 25 87.5 1.1
431 50 115 2.8
431 75 185 2.7
432 0 0 3.5
432 25 87.5 1.1
432 50 115 2.8
432 75 185 2.7
433 0 0 3.5
433 25 87.5 1.1
433 50 115 2.8
433 75 185 2.7
434 0 0 3.5
434 25 87.5 1.1
434 50 115 2.8
434 75 185 2.7
435 0 0 3.5
435 25 87.5 1.1
435 50 115 2.8
435 75 185 2.7
436 0 0 3.5
436 25 87.5 1.1
436 50 115 2.8
436 75 185 2.7
437 0 0 3.5
437 25 87.5 1.1
437 50 115 2.8
437 75 185 2.7
438 0 0 3.5
438 25 87.5 1.1
438 50 115 2.8
438 75 185 2.7
439 0 0 3.5
439 25 87.5 1.1
439 50 115 2.8
439 75 185 2.7
440 0 0 3.5
440 25 87.5 1.1
440 50 115 2.8
440 75 185 2.7
441 0 0 3.5
441 25 87.5 1.1
441 50 115 2.8
441 75 185 2.7
442 0 0 3.5
442 25 87.5 1.1
442 50 115 2.8
442 75 185 2.7
443 0 0 3.5
443 25 87.5 1.1
443 50 115 2.8
443 75 185 2.7
444 0 0 3.5
444 25 87.5 1.1
444 50 115 2.8
444 75 185 2.7
445 0 0 3.5
445 25 87.5 1.1
445 50 115 2.8
445 75 185 2.7
446 0 0 3.5
446 25 87.5 1.1
446 50 115 2.8
446 75 185 2.7
447 0 0 3.5
447 25 87.5 1.1
447 50 115 2.8
447 75 185 2.7
448 0 0 3.5
448 25 87.5 1.1
448 50 115 2.8
448 75 185 2.7
449 0 0 3.5
449 25 87.5 1.1
449 50 115 2.8
449 75 185 2.7
450 0 0 3.5
450 25 87.5 1.1
450 50 115 2.8
450 75 185 2.7
451 0 0 3.5
451 25 87.5 1.1
451 50 115 2.8
451 75 185 2.7
452 0 0 3.5
452 25 87.5 1.1
452 50 115 2.8
452 75 185 2.7
453 0 0 3.5
453 25 87.5 1.1
453 50 115 2.8
453 75 185 2.7
454 0 0 3.5
454 25 87.5 1.1
454 50 115 2.8
454 75 185 2.7
455 0 0 3.5
455 25 87.5 1.1
455 50 115 2.8
455 75 185 2.7
456 0 0 3.5
456 25 87.5 1.1
456 50 115 2.8
456 75 185 2.7
457 0 0 3.5
457 25 87.5 1.1
457 50 115 2.8
457 75 185 2.7
458 0 0 3.5
458 25 87.5 1.1
458 50 115 2.8
458 75 185 2.7
459 0 0 3.5
459 25 87.5 1.1
459 50 115 2.8
459 75 185 2.7
460 0 0 3.5
460 25 87.5 1.1
460 50 115 2.8
460 75 185 2.7
461 0 0 3.5
461 25 87.5 1.1
461 50 115 2.8
461 75 185 2.7
462 0 0 3.5
462 25 87.5 1.1
462 50 115 2.8
462 75 185 2.7
463 0 0 3.5
463 25 87.5 1.1
463 50 115 2.8
463 75 185 2.7
464 0 0 3.5
464 25 87.5 1.1
464 50 115 2.8
464 75 185 2.7
465 0 0 3.5
465 25 87.5 1.1
465 50 115 2.8
465 75 185 2.7
466 0 0 3.5
466 25 87.5 1.1
466 50 115 2.8
466 75 185 2.7
467 0 0 3.5
467 25 87.5 1.1
467 50 115 2.8
467 75 185 2.7
468 0 0 3.5
468 25 87.5 1.1
468 50 115 2.8
468 75 185 2.7
469 0 0 3.5
469 25 87.5 1.1
469 50 115 2.8
469 75 185 2.7
470 0 0 3.5
470 25 87.5 1.1
470 50 115 2.8
470 75 185 2.7
471 0 0 3.5
471 25 87.5 1.1
471 50 115 2.8
471 75 185 2.7
472 0 0 3.5
472 25 87.5 1.1
472 50 115 2.8
472 75 185 2.7
473 0 0 3.5
473 25 87.5 1.1
473 50 115 2.8
473 75 185 2.7
474 0 0 3.5
474 25 87.5 1.1
474 50 115 2.8
474 75 185 2.7
475 0 0 3.5
475 25 87.5 1.1
475 50 115 2.8
475 75 185 2.7
476 0 0 3.5
476 25 87.5 1.1
476 50 115 2.8
476 75 185 2.7
477 0 0 3.5
477 25 87.5 1.1
477 50 115 2.8
477 75 185 2.7
478 0 0 3.5
478 25 87.5 1.1
478 50 115 2.8
478 75 185 2.7
479 0 0 3.5
479 25 87.5 1.1
479 50 115 2.8
479 75 185 2.7
480 0 0 3.5
480 25 87.5 1.1
480 50 115 2.8
480 75 185 2.7
481 0 0 3.5
481 25 87.5 1.1
481 50 115 2.8
481 75 185 2.7
482 0 0 3.5
482 25 87.5 1.1
482 50 115 2.8
482 75 185 2.7
483 0 0 3.5
483 25 87.5 1.1
483 50 115 2.8
483 75 185 2.7
484 0 0 3.5
484 25 87.5 1.1
484 50 115 2.8
484 75 185 2.7
485 0 0 3.5
485 25 87.5 1.1
485 50 115 2.8
485 75 185 2.7
486 0 0 3.5
486 25 87.5 1.1
486 50 115 2.8
486 75 185 2.7
487 0 0 3.5
487 25 87.5 1.1
487 50 115 2.8
487 75 185 2.7
488 0 0 3.5
488 25 87.5 1.1
488 50 115 2.8
488 75 185 2.7
489 0 0 3.5
489 25 87.5 1.1
489 50 115 2.8
489 75 185 2.7
490 0 0 3.5
490 25 87.5 1.1
490 50 115 2.8
490 75 185 2.7
491 0 0 3.5
491 25 87.5 1.1
491 50 115 2.8
491 75 185 2.7
492 0 0 3.5
492 25 87.5 1.1
492 50 115 2.8
492 75 185 2.7
493 0 0 3.5
493 25 87.5 1.1
493 50 115 2.8
493 75 185 2.7
494 0 0 3.5
494 25 87.5 1.1
494 50 115 2.8
494 75 185 2.7
495 0 0 3.5
495 25 87.5 1.1
495 50 115 2.8
495 75 185 2.7
496 0 0 3.5
496 25 87.5 1.1
496 50 115 2.8
496 75 185 2.7
497 0 0 3.5
497 25 87.5 1.1
497 50 115 2.8
497 75 185 2.7
498 0 0 3.5
498 25 87.5 1.1
498 50 115 2.8
498 75 185 2.7
499 0 0 3.5
499 25 87.5 1.1
499 50 115 2.8
499 75 185 2.7
