100 10
0 0 0 1.2
0 10 12 3.3
0 20 45 0.8
0 30 53 2.7
0 40 80 4
0 50 120 3.8
0 60 158 4.2
0 70 200 3.4
0 80 234 4.3
0 90 277 4.8
1 0 0 1.2
1 10 12 3.3
1 20 45 0.8
1 30 53 2.7
1 40 80 4
1 50 120 3.8
1 60 158 4.2
1 70 200 3.4
1 80 234 4.3
1 90 277 4.8
2 0 0 1.2
2 10 12 3.3
2 20 45 0.8
2 30 53 2.7
2 40 80 4
2 50 120 3.8
2 60 158 4.2
2 70 200 3.4
2 80 234 4.3
2 90 277 4.8
3 0 0 1.2
3 10 12 3.3
3 20 45 0.8
3 30 53 2.7
3 40 80 4
3 50 120 3.8
3 60 158 4.2
3 70 200 3.4
3 80 234 4.3
3 90 277 4.8
4 0 0 1.2
4 10 12 3.3
4 20 45 0.8
4 30 53 2.7
4 40 80 4
4 50 120 3.8
4 60 158 4.2
4 70 200 3.4
4 80 234 4.3
4 90 277 4.8
5 0 0 1.2
5 10 12 3.3
5 20 45 0.8
5 30 53 2.7
5 40 80 4
5 50 120 3.8
5 60 158 4.2
5 70 200 3.4
5 80 234 4.3
5 90 277 4.8
6 0 0 1.2
6 10 12 3.3
6 20 45 0.8
6 30 53 2.7
6 40 80 4
6 50 120 3.8
6 60 158 4.2
6 70 200 3.4
6 80 234 4.3
6 90 277 4.8
7 0 0 1.2
7 10 12 3.3
7 20 45 0.8
7 30 53 2.7
7 40 80 4
7 50 120 3.8
7 60 158 4.2
7 70 200 3.4
7 80 234 4.3
7 90 277 4.8
8 0 0 1.2
8 10 12 3.3
8 20 45 0.8
8 30 53 2.7
8 40 80 4
8 50 120 3.8
8 60 158 4.2
8 70 200 3.4
8 80 234 4.3
8 90 277 4.8
9 0 0 1.2
9 10 12 3.3
9 20 45 0.8
9 30 53 2.7
9 40 80 4
9 50 120 3.8
9 60 158 4.2
9 70 200 3.4
9 80 234 4.3
9 90 277 4.8
10 0 0 1.2
10 10 12 3.3
10 20 45 0.8
10 30 53 2.7
10 40 80 4
10 50 120 3.8
10 60 158 4.2
10 70 200 3.4
10 80 234 4.3
10 90 277 4.8
11 0 0 1.2
11 10 12 3.3
11 20 45 0.8
11 30 53 2.7
11 40 80 4
11 50 120 3.8
11 60 158 4.2
11 70 200 3.4
11 80 234 4.3
11 90 277 4.8
12 0 0 1.2
12 10 12 3.3
12 20 45 0.8
12 30 53 2.7
12 40 80 4
12 50 120 3.8
12 60 158 4.2
12 70 200 3.4
12 80 234 4.3
12 90 277 4.8
13 0 0 1.2
13 10 12 3.3
13 20 45 0.8
13 30 53 2.7
13 40 80 4
13 50 120 3.8
13 60 158 4.2
13 70 200 3.4
13 80 234 4.3
13 90 277 4.8
14 0 0 1.2
14 10 12 3.3
14 20 45 0.8
14 30 53 2.7
14 40 80 4
14 50 120 3.8
14 60 158 4.2
14 70 200 3.4
14 80 234 4.3
14 90 277 4.8
15 0 0 1.2
15 10 12 3.3
15 20 45 0.8
15 30 53 2.7
15 40 80 4
15 50 120 3.8
15 60 158 4.2
15 70 200 3.4
15 80 234 4.3
15 90 277 4.8
16 0 0 1.2
16 10 12 3.3
16 20 45 0.8
16 30 53 2.7
16 40 80 4
16 50 120 3.8
16 60 158 4.2
16 70 200 3.4
16 80 234 4.3
16 90 277 4.8
17 0 0 1.2
17 10 12 3.3
17 20 45 0.8
17 30 53 2.7
17 40 80 4
17 50 120 3.8
17 60 158 4.2
17 70 200 3.4
17 80 234 4.3
17 90 277 4.8
18 0 0 1.2
18 10 12 3.3
18 20 45 0.8
18 30 53 2.7
18 40 80 4
18 50 120 3.8
18 60 158 4.2
18 70 200 3.4
18 80 234 4.3
18 90 277 4.8
19 0 0 1.2
19 10 12 3.3
19 20 45 0.8
19 30 53 2.7
19 40 80 4
19 50 120 3.8
19 60 158 4.2
19 70 200 3.4
19 80 234 4.3
19 90 277 4.8
20 0 0 1.2
20 10 12 3.3
20 20 45 0.8
20 30 53 2.7
20 40 80 4
20 50 120 3.8
20 60 158 4.2
20 70 200 3.4
20 80 234 4.3
20 90 277 4.8
21 0 0 1.2
21 10 12 3.3
21 20 45 0.8
21 30 53 2.7
21 40 80 4
21 50 120 3.8
21 60 158 4.2
21 70 200 3.4
21 80 234 4.3
21 90 277 4.8
22 0 0 1.2
22 10 12 3.3
22 20 45 0.8
22 30 53 2.7
22 40 80 4
22 50 120 3.8
22 60 158 4.2
22 70 200 3.4
22 80 234 4.3
22 90 277 4.8
23 0 0 1.2
23 10 12 3.3
23 20 45 0.8
23 30 53 2.7
23 40 80 4
23 50 120 3.8
23 60 158 4.2
23 70 200 3.4
23 80 234 4.3
23 90 277 4.8
24 0 0 1.2
24 10 12 3.3
24 20 45 0.8
24 30 53 2.7
24 40 80 4
24 50 120 3.8
24 60 158 4.2
24 70 200 3.4
24 80 234 4.3
24 90 277 4.8
25 0 0 1.2
25 10 12 3.3
25 20 45 0.8
25 30 53 2.7
25 40 80 4
25 50 120 3.8
25 60 158 4.2
25 70 200 3.4
25 80 234 4.3
25 90 277 4.8
26 0 0 1.2
26 10 12 3.3
26 20 45 0.8
26 30 53 2.7
26 40 80 4
26 50 120 3.8
26 60 158 4.2
26 70 200 3.4
26 80 234 4.3
26 90 277 4.8
27 0 0 1.2
27 10 12 3.3
27 20 45 0.8
27 30 53 2.7
27 40 80 4
27 50 120 3.8
27 60 158 4.2
27 70 200 3.4
27 80 234 4.3
27 90 277 4.8
28 0 0 1.2
28 10 12 3.3
28 20 45 0.8
28 30 53 2.7
28 40 80 4
28 50 120 3.8
28 60 158 4.2
28 70 200 3.4
28 80 234 4.3
28 90 277 4.8
29 0 0 1.2
29 10 12 3.3
29 20 45 0.8
29 30 53 2.7
29 40 80 4
29 50 120 3.8
29 60 158 4.2
29 70 200 3.4
29 80 234 4.3
29 90 277 4.8
30 0 0 1.2
30 10 12 3.3
30 20 45 0.8
30 30 53 2.7
30 40 80 4
30 50 120 3.8
30 60 158 4.2
30 70 200 3.4
30 80 234 4.3
30 90 277 4.8
31 0 0 1.2
31 10 12 3.3
31 20 45 0.8
31 30 53 2.7
31 40 80 4
31 50 120 3.8
31 60 158 4.2
31 70 200 3.4
31 80 234 4.3
31 90 277 4.8
32 0 0 1.2
32 10 12 3.3
32 20 45 0.8
32 30 53 2.7
32 40 80 4
32 50 120 3.8
32 60 158 4.2
32 70 200 3.4
32 80 234 4.3
32 90 277 4.8
33 0 0 1.2
33 10 12 3.3
33 20 45 0.8
33 30 53 2.7
33 40 80 4
33 50 120 3.8
33 60 158 4.2
33 70 200 3.4
33 80 234 4.3
33 90 277 4.8
34 0 0 1.2
34 10 12 3.3
34 20 45 0.8
34 30 53 2.7
34 40 80 4
34 50 120 3.8
34 60 158 4.2
34 70 200 3.4
34 80 234 4.3
34 90 277 4.8
35 0 0 1.2
35 10 12 3.3
35 20 45 0.8
35 30 53 2.7
35 40 80 4
35 50 120 3.8
35 60 158 4.2
35 70 200 3.4
35 80 234 4.3
35 90 277 4.8
36 0 0 1.2
36 10 12 3.3
36 20 45 0.8
36 30 53 2.7
36 40 80 4
36 50 120 3.8
36 60 158 4.2
36 70 200 3.4
36 80 234 4.3
36 90 277 4.8
37 0 0 1.2
37 10 12 3.3
37 20 45 0.8
37 30 53 2.7
37 40 80 4
37 50 120 3.8
37 60 158 4.2
37 70 200 3.4
37 80 234 4.3
37 90 277 4.8
38 0 0 1.2
38 10 12 3.3
38 20 45 0.8
38 30 53 2.7
38 40 80 4
38 50 120 3.8
38 60 158 4.2
38 70 200 3.4
38 80 234 4.3
38 90 277 4.8
39 0 0 1.2
39 10 12 3.3
39 20 45 0.8
39 30 53 2.7
39 40 80 4
39 50 120 3.8
39 60 158 4.2
39 70 200 3.4
39 80 234 4.3
39 90 277 4.8
40 0 0 1.2
40 10 12 3.3
40 20 45 0.8
40 30 53 2.7
40 40 80 4
40 50 120 3.8
40 60 158 4.2
40 70 200 3.4
40 80 234 4.3
40 90 277 4.8
41 0 0 1.2
41 10 12 3.3
41 20 45 0.8
41 30 53 2.7
41 40 80 4
41 50 120 3.8
41 60 158 4.2
41 70 200 3.4
41 80 234 4.3
41 90 277 4.8
42 0 0 1.2
42 10 12 3.3
42 20 45 0.8
42 30 53 2.7
42 40 80 4
42 50 120 3.8
42 60 158 4.2
42 70 200 3.4
42 80 234 4.3
42 90 277 4.8
43 0 0 1.2
43 10 12 3.3
43 20 45 0.8
43 30 53 2.7
43 40 80 4
43 50 120 3.8
43 60 158 4.2
43 70 200 3.4
43 80 234 4.3
43 90 277 4.8
44 0 0 1.2
44 10 12 3.3
44 20 45 0.8
44 30 53 2.7
44 40 80 4
44 50 120 3.8
44 60 158 4.2
44 70 200 3.4
44 80 234 4.3
44 90 277 4.8
45 0 0 1.2
45 10 12 3.3
45 20 45 0.8
45 30 53 2.7
45 40 80 4
45 50 120 3.8
45 60 158 4.2
45 70 200 3.4
45 80 234 4.3
45 90 277 4.8
46 0 0 1.2
46 10 12 3.3
46 20 45 0.8
46 30 53 2.7
46 40 80 4
46 50 120 3.8
46 60 158 4.2
46 70 200 3.4
46 80 234 4.3
46 90 277 4.8
47 0 0 1.2
47 10 12 3.3
47 20 45 0.8
47 30 53 2.7
47 40 80 4
47 50 120 3.8
47 60 158 4.2
47 70 200 3.4
47 80 234 4.3
47 90 277 4.8
48 0 0 1.2
48 10 12 3.3
48 20 45 0.8
48 30 53 2.7
48 40 80 4
48 50 120 3.8
48 60 158 4.2
48 70 200 3.4
48 80 234 4.3
48 90 277 4.8
49 0 0 1.2
49 10 12 3.3
49 20 45 0.8
49 30 53 2.7
49 40 80 4
49 50 120 3.8
49 60 158 4.2
49 70 200 3.4
49 80 234 4.3
49 90 277 4.8
50 0 0 1.2
50 10 12 3.3
50 20 45 0.8
50 30 53 2.7
50 40 80 4
50 50 120 3.8
50 60 158 4.2
50 70 200 3.4
50 80 234 4.3
50 90 277 4.8
51 0 0 1.2
51 10 12 3.3
51 20 45 0.8
51 30 53 2.7
51 40 80 4
51 50 120 3.8
51 60 158 4.2
51 70 200 3.4
51 80 234 4.3
51 90 277 4.8
52 0 0 1.2
52 10 12 3.3
52 20 45 0.8
52 30 53 2.7
52 40 80 4
52 50 120 3.8
52 60 158 4.2
52 70 200 3.4
52 80 234 4.3
52 90 277 4.8
53 0 0 1.2
53 10 12 3.3
53 20 45 0.8
53 30 53 2.7
53 40 80 4
53 50 120 3.8
53 60 158 4.2
53 70 200 3.4
53 80 234 4.3
53 90 277 4.8
54 0 0 1.2
54 10 12 3.3
54 20 45 0.8
54 30 53 2.7
54 40 80 4
54 50 120 3.8
54 60 158 4.2
54 70 200 3.4
54 80 234 4.3
54 90 277 4.8
55 0 0 1.2
55 10 12 3.3
55 20 45 0.8
55 30 53 2.7
55 40 80 4
55 50 120 3.8
55 60 158 4.2
55 70 200 3.4
55 80 234 4.3
55 90 277 4.8
56 0 0 1.2
56 10 12 3.3
56 20 45 0.8
56 30 53 2.7
56 40 80 4
56 50 120 3.8
56 60 158 4.2
56 70 200 3.4
56 80 234 4.3
56 90 277 4.8
57 0 0 1.2
57 10 12 3.3
57 20 45 0.8
57 30 53 2.7
57 40 80 4
57 50 120 3.8
57 60 158 4.2
57 70 200 3.4
57 80 234 4.3
57 90 277 4.8
58 0 0 1.2
58 10 12 3.3
58 20 45 0.8
58 30 53 2.7
58 40 80 4
58 50 120 3.8
58 60 158 4.2
58 70 200 3.4
58 80 234 4.3
58 90 277 4.8
59 0 0 1.2
59 10 12 3.3
59 20 45 0.8
59 30 53 2.7
59 40 80 4
59 50 120 3.8
59 60 158 4.2
59 70 200 3.4
59 80 234 4.3
59 90 277 4.8
60 0 0 1.2
60 10 12 3.3
60 20 45 0.8
60 30 53 2.7
60 40 80 4
60 50 120 3.8
60 60 158 4.2
60 70 200 3.4
60 80 234 4.3
60 90 277 4.8
61 0 0 1.2
61 10 12 3.3
61 20 45 0.8
61 30 53 2.7
61 40 80 4
61 50 120 3.8
61 60 158 4.2
61 70 200 3.4
61 80 234 4.3
61 90 277 4.8
62 0 0 1.2
62 10 12 3.3
62 20 45 0.8
62 30 53 2.7
62 40 80 4
62 50 120 3.8
62 60 158 4.2
62 70 200 3.4
62 80 234 4.3
62 90 277 4.8
63 0 0 1.2
63 10 12 3.3
63 20 45 0.8
63 30 53 2.7
63 40 80 4
63 50 120 3.8
63 60 158 4.2
63 70 200 3.4
63 80 234 4.3
63 90 277 4.8
64 0 0 1.2
64 10 12 3.3
64 20 45 0.8
64 30 53 2.7
64 40 80 4
64 50 120 3.8
64 60 158 4.2
64 70 200 3.4
64 80 234 4.3
64 90 277 4.8
65 0 0 1.2
65 10 12 3.3
65 20 45 0.8
65 30 53 2.7
65 40 80 4
65 50 120 3.8
65 60 158 4.2
65 70 200 3.4
65 80 234 4.3
65 90 277 4.8
66 0 0 1.2
66 10 12 3.3
66 20 45 0.8
66 30 53 2.7
66 40 80 4
66 50 120 3.8
66 60 158 4.2
66 70 200 3.4
66 80 234 4.3
66 90 277 4.8
67 0 0 1.2
67 10 12 3.3
67 20 45 0.8
67 30 53 2.7
67 40 80 4
67 50 120 3.8
67 60 158 4.2
67 70 200 3.4
67 80 234 4.3
67 90 277 4.8
68 0 0 1.2
68 10 12 3.3
68 20 45 0.8
68 30 53 2.7
68 40 80 4
68 50 120 3.8
68 60 158 4.2
68 70 200 3.4
68 80 234 4.3
68 90 277 4.8
69 0 0 1.2
69 10 12 3.3
69 20 45 0.8
69 30 53 2.7
69 40 80 4
69 50 120 3.8
69 60 158 4.2
69 70 200 3.4
69 80 234 4.3
69 90 277 4.8
70 0 0 1.2
70 10 12 3.3
70 20 45 0.8
70 30 53 2.7
70 40 80 4
70 50 120 3.8
70 60 158 4.2
70 70 200 3.4
70 80 234 4.3
70 90 277 4.8
71 0 0 1.2
71 10 12 3.3
71 20 45 0.8
71 30 53 2.7
71 40 80 4
71 50 120 3.8
71 60 158 4.2
71 70 200 3.4
71 80 234 4.3
71 90 277 4.8
72 0 0 1.2
72 10 12 3.3
72 20 45 0.8
72 30 53 2.7
72 40 80 4
72 50 120 3.8
72 60 158 4.2
72 70 200 3.4
72 80 234 4.3
72 90 277 4.8
73 0 0 1.2
73 10 12 3.3
73 20 45 0.8
73 30 53 2.7
73 40 80 4
73 50 120 3.8
73 60 158 4.2
73 70 200 3.4
73 80 234 4.3
73 90 277 4.8
74 0 0 1.2
74 10 12 3.3
74 20 45 0.8
74 30 53 2.7
74 40 80 4
74 50 120 3.8
74 60 158 4.2
74 70 200 3.4
74 80 234 4.3
74 90 277 4.8
75 0 0 1.2
75 10 12 3.3
75 20 45 0.8
75 30 53 2.7
75 40 80 4
75 50 120 3.8
75 60 158 4.2
75 70 200 3.4
75 80 234 4.3
75 90 277 4.8
76 0 0 1.2
76 10 12 3.3
76 20 45 0.8
76 30 53 2.7
76 40 80 4
76 50 120 3.8
76 60 158 4.2
76 70 200 3.4
76 80 234 4.3
76 90 277 4.8
77 0 0 1.2
77 10 12 3.3
77 20 45 0.8
77 30 53 2.7
77 40 80 4
77 50 120 3.8
77 60 158 4.2
77 70 200 3.4
77 80 234 4.3
77 90 277 4.8
78 0 0 1.2
78 10 12 3.3
78 20 45 0.8
78 30 53 2.7
78 40 80 4
78 50 120 3.8
78 60 158 4.2
78 70 200 3.4
78 80 234 4.3
78 90 277 4.8
79 0 0 1.2
79 10 12 3.3
79 20 45 0.8
79 30 53 2.7
79 40 80 4
79 50 120 3.8
79 60 158 4.2
79 70 200 3.4
79 80 234 4.3
79 90 277 4.8
80 0 0 1.2
80 10 12 3.3
80 20 45 0.8
80 30 53 2.7
80 40 80 4
80 50 120 3.8
80 60 158 4.2
80 70 200 3.4
80 80 234 4.3
80 90 277 4.8
81 0 0 1.2
81 10 12 3.3
81 20 45 0.8
81 30 53 2.7
81 40 80 4
81 50 120 3.8
81 60 158 4.2
81 70 200 3.4
81 80 234 4.3
81 90 277 4.8
82 0 0 1.2
82 10 12 3.3
82 20 45 0.8
82 30 53 2.7
82 40 80 4
82 50 120 3.8
82 60 158 4.2
82 70 200 3.4
82 80 234 4.3
82 90 277 4.8
83 0 0 1.2
83 10 12 3.3
83 20 45 0.8
83 30 53 2.7
83 40 80 4
83 50 120 3.8
83 60 158 4.2
83 70 200 3.4
83 80 234 4.3
83 90 277 4.8
84 0 0 1.2
84 10 12 3.3
84 20 45 0.8
84 30 53 2.7
84 40 80 4
84 50 120 3.8
84 60 158 4.2
84 70 200 3.4
84 80 234 4.3
84 90 277 4.8
85 0 0 1.2
85 10 12 3.3
85 20 45 0.8
85 30 53 2.7
85 40 80 4
85 50 120 3.8
85 60 158 4.2
85 70 200 3.4
85 80 234 4.3
85 90 277 4.8
86 0 0 1.2
86 10 12 3.3
86 20 45 0.8
86 30 53 2.7
86 40 80 4
86 50 120 3.8
86 60 158 4.2
86 70 200 3.4
86 80 234 4.3
86 90 277 4.8
87 0 0 1.2
87 10 12 3.3
87 20 45 0.8
87 30 53 2.7
87 40 80 4
87 50 120 3.8
87 60 158 4.2
87 70 200 3.4
87 80 234 4.3
87 90 277 4.8
88 0 0 1.2
88 10 12 3.3
88 20 45 0.8
88 30 53 2.7
88 40 80 4
88 50 120 3.8
88 60 158 4.2
88 70 200 3.4
88 80 234 4.3
88 90 277 4.8
89 0 0 1.2
89 10 12 3.3
89 20 45 0.8
89 30 53 2.7
89 40 80 4
89 50 120 3.8
89 60 158 4.2
89 70 200 3.4
89 80 234 4.3
89 90 277 4.8
90 0 0 1.2
90 10 12 3.3
90 20 45 0.8
90 30 53 2.7
90 40 80 4
90 50 120 3.8
90 60 158 4.2
90 70 200 3.4
90 80 234 4.3
90 90 277 4.8
91 0 0 1.2
91 10 12 3.3
91 20 45 0.8
91 30 53 2.7
91 40 80 4
91 50 120 3.8
91 60 158 4.2
91 70 200 3.4
91 80 234 4.3
91 90 277 4.8
92 0 0 1.2
92 10 12 3.3
92 20 45 0.8
92 30 53 2.7
92 40 80 4
92 50 120 3.8
92 60 158 4.2
92 70 200 3.4
92 80 234 4.3
92 90 277 4.8
93 0 0 1.2
93 10 12 3.3
93 20 45 0.8
93 30 53 2.7
93 40 80 4
93 50 120 3.8
93 60 158 4.2
93 70 200 3.4
93 80 234 4.3
93 90 277 4.8
94 0 0 1.2
94 10 12 3.3
94 20 45 0.8
94 30 53 2.7
94 40 80 4
94 50 120 3.8
94 60 158 4.2
94 70 200 3.4
94 80 234 4.3
94 90 277 4.8
95 0 0 1.2
95 10 12 3.3
95 20 45 0.8
95 30 53 2.7
95 40 80 4
95 50 120 3.8
95 60 158 4.2
95 70 200 3.4
95 80 234 4.3
95 90 277 4.8
96 0 0 1.2
96 10 12 3.3
96 20 45 0.8
96 30 53 2.7
96 40 80 4
96 50 120 3.8
96 60 158 4.2
96 70 200 3.4
96 80 234 4.3
96 90 277 4.8
97 0 0 1.2
97 10 12 3.3
97 20 45 0.8
97 30 53 2.7
97 40 80 4
97 50 120 3.8
97 60 158 4.2
97 70 200 3.4
97 80 234 4.3
97 90 277 4.8
98 0 0 1.2
98 10 12 3.3
98 20 45 0.8
98 30 53 2.7
98 40 80 4
98 50 120 3.8
98 60 158 4.2
98 70 200 3.4
98 80 234 4.3
98 90 277 4.8
99 0 0 1.2
99 10 12 3.3
99 20 45 0.8
99 30 53 2.7
99 40 80 4
99 50 120 3.8
99 60 158 4.2
99 70 200 3.4
99 80 234 4.3
99 90 277 4.8
