500 10
0 0 0 4
0 10 40 3.7
0 20 77 3.3
0 30 110 2.5
0 40 135 1.2
0 50 147 1.8
0 60 165 0.9
0 70 174 0.8
0 80 182 3.6
0 90 218 4.5
1 0 0 4
1 10 40 3.7
1 20 77 3.3
1 30 110 2.5
1 40 135 1.2
1 50 147 1.8
1 60 165 0.9
1 70 174 0.8
1 80 182 3.6
1 90 218 4.5
2 0 0 4
2 10 40 3.7
2 20 77 3.3
2 30 110 2.5
2 40 135 1.2
2 50 147 1.8
2 60 165 0.9
2 70 174 0.8
2 80 182 3.6
2 90 218 4.5
3 0 0 4
3 10 40 3.7
3 20 77 3.3
3 30 110 2.5
3 40 135 1.2
3 50 147 1.8
3 60 165 0.9
3 70 174 0.8
3 80 182 3.6
3 90 218 4.5
4 0 0 4
4 10 40 3.7
4 20 77 3.3
4 30 110 2.5
4 40 135 1.2
4 50 147 1.8
4 60 165 0.9
4 70 174 0.8
4 80 182 3.6
4 90 218 4.5
5 0 0 4
5 10 40 3.7
5 20 77 3.3
5 30 110 2.5
5 40 135 1.2
5 50 147 1.8
5 60 165 0.9
5 70 174 0.8
5 80 182 3.6
5 90 218 4.5
6 0 0 4
6 10 40 3.7
6 20 77 3.3
6 30 110 2.5
6 40 135 1.2
6 50 147 1.8
6 60 165 0.9
6 70 174 0.8
6 80 182 3.6
6 90 218 4.5
7 0 0 4
7 10 40 3.7
7 20 77 3.3
7 30 110 2.5
7 40 135 1.2
7 50 147 1.8
7 60 165 0.9
7 70 174 0.8
7 80 182 3.6
7 90 218 4.5
8 0 0 4
8 10 40 3.7
8 20 77 3.3
8 30 110 2.5
8 40 135 1.2
8 50 147 1.8
8 60 165 0.9
8 70 174 0.8
8 80 182 3.6
8 90 218 4.5
9 0 0 4
9 10 40 3.7
9 20 77 3.3
9 30 110 2.5
9 40 135 1.2
9 50 147 1.8
9 60 165 0.9
9 70 174 0.8
9 80 182 3.6
9 90 218 4.5
10 0 0 4
10 10 40 3.7
10 20 77 3.3
10 30 110 2.5
10 40 135 1.2
10 50 147 1.8
10 60 165 0.9
10 70 174 0.8
10 80 182 3.6
10 90 218 4.5
11 0 0 4
11 10 40 3.7
11 20 77 3.3
11 30 110 2.5
11 40 135 1.2
11 50 147 1.8
11 60 165 0.9
11 70 174 0.8
11 80 182 3.6
11 90 218 4.5
12 0 0 4
12 10 40 3.7
12 20 77 3.3
12 30 110 2.5
12 40 135 1.2
12 50 147 1.8
12 60 165 0.9
12 70 174 0.8
12 80 182 3.6
12 90 218 4.5
13 0 0 4
13 10 40 3.7
13 20 77 3.3
13 30 110 2.5
13 40 135 1.2
13 50 147 1.8
13 60 165 0.9
13 70 174 0.8
13 80 182 3.6
13 90 218 4.5
14 0 0 4
14 10 40 3.7
14 20 77 3.3
14 30 110 2.5
14 40 135 1.2
14 50 147 1.8
14 60 165 0.9
14 70 174 0.8
14 80 182 3.6
14 90 218 4.5
15 0 0 4
15 10 40 3.7
15 20 77 3.3
15 30 110 2.5
15 40 135 1.2
15 50 147 1.8
15 60 165 0.9
15 70 174 0.8
15 80 182 3.6
15 90 218 4.5
16 0 0 4
16 10 40 3.7
16 20 77 3.3
16 30 110 2.5
16 40 135 1.2
16 50 147 1.8
16 60 165 0.9
16 70 174 0.8
16 80 182 3.6
16 90 218 4.5
17 0 0 4
17 10 40 3.7
17 20 77 3.3
17 30 110 2.5
17 40 135 1.2
17 50 147 1.8
17 60 165 0.9
17 70 174 0.8
17 80 182 3.6
17 90 218 4.5
18 0 0 4
18 10 40 3.7
18 20 77 3.3
18 30 110 2.5
18 40 135 1.2
18 50 147 1.8
18 60 165 0.9
18 70 174 0.8
18 80 182 3.6
18 90 218 4.5
19 0 0 4
19 10 40 3.7
19 20 77 3.3
19 30 110 2.5
19 40 135 1.2
19 50 147 1.8
19 60 165 0.9
19 70 174 0.8
19 80 182 3.6
19 90 218 4.5
20 0 0 4
20 10 40 3.7
20 20 77 3.3
20 30 110 2.5
20 40 135 1.2
20 50 147 1.8
20 60 165 0.9
20 70 174 0.8
20 80 182 3.6
20 90 218 4.5
21 0 0 4
21 10 40 3.7
21 20 77 3.3
21 30 110 2.5
21 40 135 1.2
21 50 147 1.8
21 60 165 0.9
21 70 174 0.8
21 80 182 3.6
21 90 218 4.5
22 0 0 4
22 10 40 3.7
22 20 77 3.3
22 30 110 2.5
22 40 135 1.2
22 50 147 1.8
22 60 165 0.9
22 70 174 0.8
22 80 182 3.6
22 90 218 4.5
23 0 0 4
23 10 40 3.7
23 20 77 3.3
23 30 110 2.5
23 40 135 1.2
23 50 147 1.8
23 60 165 0.9
23 70 174 0.8
23 80 182 3.6
23 90 218 4.5
24 0 0 4
24 10 40 3.7
24 20 77 3.3
24 30 110 2.5
24 40 135 1.2
24 50 147 1.8
24 60 165 0.9
24 70 174 0.8
24 80 182 3.6
24 90 218 4.5
25 0 0 4
25 10 40 3.7
25 20 77 3.3
25 30 110 2.5
25 40 135 1.2
25 50 147 1.8
25 60 165 0.9
25 70 174 0.8
25 80 182 3.6
25 90 218 4.5
26 0 0 4
26 10 40 3.7
26 20 77 3.3
26 30 110 2.5
26 40 135 1.2
26 50 147 1.8
26 60 165 0.9
26 70 174 0.8
26 80 182 3.6
26 90 218 4.5
27 0 0 4
27 10 40 3.7
27 20 77 3.3
27 30 110 2.5
27 40 135 1.2
27 50 147 1.8
27 60 165 0.9
27 70 174 0.8
27 80 182 3.6
27 90 218 4.5
28 0 0 4
28 10 40 3.7
28 20 77 3.3
28 30 110 2.5
28 40 135 1.2
28 50 147 1.8
28 60 165 0.9
28 70 174 0.8
28 80 182 3.6
28 90 218 4.5
29 0 0 4
29 10 40 3.7
29 20 77 3.3
29 30 110 2.5
29 40 135 1.2
29 50 147 1.8
29 60 165 0.9
29 70 174 0.8
29 80 182 3.6
29 90 218 4.5
30 0 0 4
30 10 40 3.7
30 20 77 3.3
30 30 110 2.5
30 40 135 1.2
30 50 147 1.8
30 60 165 0.9
30 70 174 0.8
30 80 182 3.6
30 90 218 4.5
31 0 0 4
31 10 40 3.7
31 20 77 3.3
31 30 110 2.5
31 40 135 1.2
31 50 147 1.8
31 60 165 0.9
31 70 174 0.8
31 80 182 3.6
31 90 218 4.5
32 0 0 4
32 10 40 3.7
32 20 77 3.3
32 30 110 2.5
32 40 135 1.2
32 50 147 1.8
32 60 165 0.9
32 70 174 0.8
32 80 182 3.6
32 90 218 4.5
33 0 0 4
33 10 40 3.7
33 20 77 3.3
33 30 110 2.5
33 40 135 1.2
33 50 147 1.8
33 60 165 0.9
33 70 174 0.8
33 80 182 3.6
33 90 218 4.5
34 0 0 4
34 10 40 3.7
34 20 77 3.3
34 30 110 2.5
34 40 135 1.2
34 50 147 1.8
34 60 165 0.9
34 70 174 0.8
34 80 182 3.6
34 90 218 4.5
35 0 0 4
35 10 40 3.7
35 20 77 3.3
35 30 110 2.5
35 40 135 1.2
35 50 147 1.8
35 60 165 0.9
35 70 174 0.8
35 80 182 3.6
35 90 218 4.5
36 0 0 4
36 10 40 3.7
36 20 77 3.3
36 30 110 2.5
36 40 135 1.2
36 50 147 1.8
36 60 165 0.9
36 70 174 0.8
36 80 182 3.6
36 90 218 4.5
37 0 0 4
37 10 40 3.7
37 20 77 3.3
37 30 110 2.5
37 40 135 1.2
37 50 147 1.8
37 60 165 0.9
37 70 174 0.8
37 80 182 3.6
37 90 218 4.5
38 0 0 4
38 10 40 3.7
38 20 77 3.3
38 30 110 2.5
38 40 135 1.2
38 50 147 1.8
38 60 165 0.9
38 70 174 0.8
38 80 182 3.6
38 90 218 4.5
39 0 0 4
39 10 40 3.7
39 20 77 3.3
39 30 110 2.5
39 40 135 1.2
39 50 147 1.8
39 60 165 0.9
39 70 174 0.8
39 80 182 3.6
39 90 218 4.5
40 0 0 4
40 10 40 3.7
40 20 77 3.3
40 30 110 2.5
40 40 135 1.2
40 50 147 1.8
40 60 165 0.9
40 70 174 0.8
40 80 182 3.6
40 90 218 4.5
41 0 0 4
41 10 40 3.7
41 20 77 3.3
41 30 110 2.5
41 40 135 1.2
41 50 147 1.8
41 60 165 0.9
41 70 174 0.8
41 80 182 3.6
41 90 218 4.5
42 0 0 4
42 10 40 3.7
42 20 77 3.3
42 30 110 2.5
42 40 135 1.2
42 50 147 1.8
42 60 165 0.9
42 70 174 0.8
42 80 182 3.6
42 90 218 4.5
43 0 0 4
43 10 40 3.7
43 20 77 3.3
43 30 110 2.5
43 40 135 1.2
43 50 147 1.8
43 60 165 0.9
43 70 174 0.8
43 80 182 3.6
43 90 218 4.5
44 0 0 4
44 10 40 3.7
44 20 77 3.3
44 30 110 2.5
44 40 135 1.2
44 50 147 1.8
44 60 165 0.9
44 70 174 0.8
44 80 182 3.6
44 90 218 4.5
45 0 0 4
45 10 40 3.7
45 20 77 3.3
45 30 110 2.5
45 40 135 1.2
45 50 147 1.8
45 60 165 0.9
45 70 174 0.8
45 80 182 3.6
45 90 218 4.5
46 0 0 4
46 10 40 3.7
46 20 77 3.3
46 30 110 2.5
46 40 135 1.2
46 50 147 1.8
46 60 165 0.9
46 70 174 0.8
46 80 182 3.6
46 90 218 4.5
47 0 0 4
47 10 40 3.7
47 20 77 3.3
47 30 110 2.5
47 40 135 1.2
47 50 147 1.8
47 60 165 0.9
47 70 174 0.8
47 80 182 3.6
47 90 218 4.5
48 0 0 4
48 10 40 3.7
48 20 77 3.3
48 30 110 2.5
48 40 135 1.2
48 50 147 1.8
48 60 165 0.9
48 70 174 0.8
48 80 182 3.6
48 90 218 4.5
49 0 0 4
49 10 40 3.7
49 20 77 3.3
49 30 110 2.5
49 40 135 1.2
49 50 147 1.8
49 60 165 0.9
49 70 174 0.8
49 80 182 3.6
49 90 218 4.5
50 0 0 4
50 10 40 3.7
50 20 77 3.3
50 30 110 2.5
50 40 135 1.2
50 50 147 1.8
50 60 165 0.9
50 70 174 0.8
50 80 182 3.6
50 90 218 4.5
51 0 0 4
51 10 40 3.7
51 20 77 3.3
51 30 110 2.5
51 40 135 1.2
51 50 147 1.8
51 60 165 0.9
51 70 174 0.8
51 80 182 3.6
51 90 218 4.5
52 0 0 4
52 10 40 3.7
52 20 77 3.3
52 30 110 2.5
52 40 135 1.2
52 50 147 1.8
52 60 165 0.9
52 70 174 0.8
52 80 182 3.6
52 90 218 4.5
53 0 0 4
53 10 40 3.7
53 20 77 3.3
53 30 110 2.5
53 40 135 1.2
53 50 147 1.8
53 60 165 0.9
53 70 174 0.8
53 80 182 3.6
53 90 218 4.5
54 0 0 4
54 10 40 3.7
54 20 77 3.3
54 30 110 2.5
54 40 135 1.2
54 50 147 1.8
54 60 165 0.9
54 70 174 0.8
54 80 182 3.6
54 90 218 4.5
55 0 0 4
55 10 40 3.7
55 20 77 3.3
55 30 110 2.5
55 40 135 1.2
55 50 147 1.8
55 60 165 0.9
55 70 174 0.8
55 80 182 3.6
55 90 218 4.5
56 0 0 4
56 10 40 3.7
56 20 77 3.3
56 30 110 2.5
56 40 135 1.2
56 50 147 1.8
56 60 165 0.9
56 70 174 0.8
56 80 182 3.6
56 90 218 4.5
57 0 0 4
57 10 40 3.7
57 20 77 3.3
57 30 110 2.5
57 40 135 1.2
57 50 147 1.8
57 60 165 0.9
57 70 174 0.8
57 80 182 3.6
57 90 218 4.5
58 0 0 4
58 10 40 3.7
58 20 77 3.3
58 30 110 2.5
58 40 135 1.2
58 50 147 1.8
58 60 165 0.9
58 70 174 0.8
58 80 182 3.6
58 90 218 4.5
59 0 0 4
59 10 40 3.7
59 20 77 3.3
59 30 110 2.5
59 40 135 1.2
59 50 147 1.8
59 60 165 0.9
59 70 174 0.8
59 80 182 3.6
59 90 218 4.5
60 0 0 4
60 10 40 3.7
60 20 77 3.3
60 30 110 2.5
60 40 135 1.2
60 50 147 1.8
60 60 165 0.9
60 70 174 0.8
60 80 182 3.6
60 90 218 4.5
61 0 0 4
61 10 40 3.7
61 20 77 3.3
61 30 110 2.5
61 40 135 1.2
61 50 147 1.8
61 60 165 0.9
61 70 174 0.8
61 80 182 3.6
61 90 218 4.5
62 0 0 4
62 10 40 3.7
62 20 77 3.3
62 30 110 2.5
62 40 135 1.2
62 50 147 1.8
62 60 165 0.9
62 70 174 0.8
62 80 182 3.6
62 90 218 4.5
63 0 0 4
63 10 40 3.7
63 20 77 3.3
63 30 110 2.5
63 40 135 1.2
63 50 147 1.8
63 60 165 0.9
63 70 174 0.8
63 80 182 3.6
63 90 218 4.5
64 0 0 4
64 10 40 3.7
64 20 77 3.3
64 30 110 2.5
64 40 135 1.2
64 50 147 1.8
64 60 165 0.9
64 70 174 0.8
64 80 182 3.6
64 90 218 4.5
65 0 0 4
65 10 40 3.7
65 20 77 3.3
65 30 110 2.5
65 40 135 1.2
65 50 147 1.8
65 60 165 0.9
65 70 174 0.8
65 80 182 3.6
65 90 218 4.5
66 0 0 4
66 10 40 3.7
66 20 77 3.3
66 30 110 2.5
66 40 135 1.2
66 50 147 1.8
66 60 165 0.9
66 70 174 0.8
66 80 182 3.6
66 90 218 4.5
67 0 0 4
67 10 40 3.7
67 20 77 3.3
67 30 110 2.5
67 40 135 1.2
67 50 147 1.8
67 60 165 0.9
67 70 174 0.8
67 80 182 3.6
67 90 218 4.5
68 0 0 4
68 10 40 3.7
68 20 77 3.3
68 30 110 2.5
68 40 135 1.2
68 50 147 1.8
68 60 165 0.9
68 70 174 0.8
68 80 182 3.6
68 90 218 4.5
69 0 0 4
69 10 40 3.7
69 20 77 3.3
69 30 110 2.5
69 40 135 1.2
69 50 147 1.8
69 60 165 0.9
69 70 174 0.8
69 80 182 3.6
69 90 218 4.5
70 0 0 4
70 10 40 3.7
70 20 77 3.3
70 30 110 2.5
70 40 135 1.2
70 50 147 1.8
70 60 165 0.9
70 70 174 0.8
70 80 182 3.6
70 90 218 4.5
71 0 0 4
71 10 40 3.7
71 20 77 3.3
71 30 110 2.5
71 40 135 1.2
71 50 147 1.8
71 60 165 0.9
71 70 174 0.8
71 80 182 3.6
71 90 218 4.5
72 0 0 4
72 10 40 3.7
72 20 77 3.3
72 30 110 2.5
72 40 135 1.2
72 50 147 1.8
72 60 165 0.9
72 70 174 0.8
72 80 182 3.6
72 90 218 4.5
73 0 0 4
73 10 40 3.7
73 20 77 3.3
73 30 110 2.5
73 40 135 1.2
73 50 147 1.8
73 60 165 0.9
73 70 174 0.8
73 80 182 3.6
73 90 218 4.5
74 0 0 4
74 10 40 3.7
74 20 77 3.3
74 30 110 2.5
74 40 135 1.2
74 50 147 1.8
74 60 165 0.9
74 70 174 0.8
74 80 182 3.6
74 90 218 4.5
75 0 0 4
75 10 40 3.7
75 20 77 3.3
75 30 110 2.5
75 40 135 1.2
75 50 147 1.8
75 60 165 0.9
75 70 174 0.8
75 80 182 3.6
75 90 218 4.5
76 0 0 4
76 10 40 3.7
76 20 77 3.3
76 30 110 2.5
76 40 135 1.2
76 50 147 1.8
76 60 165 0.9
76 70 174 0.8
76 80 182 3.6
76 90 218 4.5
77 0 0 4
77 10 40 3.7
77 20 77 3.3
77 30 110 2.5
77 40 135 1.2
77 50 147 1.8
77 60 165 0.9
77 70 174 0.8
77 80 182 3.6
77 90 218 4.5
78 0 0 4
78 10 40 3.7
78 20 77 3.3
78 30 110 2.5
78 40 135 1.2
78 50 147 1.8
78 60 165 0.9
78 70 174 0.8
78 80 182 3.6
78 90 218 4.5
79 0 0 4
79 10 40 3.7
79 20 77 3.3
79 30 110 2.5
79 40 135 1.2
79 50 147 1.8
79 60 165 0.9
79 70 174 0.8
79 80 182 3.6
79 90 218 4.5
80 0 0 4
80 10 40 3.7
80 20 77 3.3
80 30 110 2.5
80 40 135 1.2
80 50 147 1.8
80 60 165 0.9
80 70 174 0.8
80 80 182 3.6
80 90 218 4.5
81 0 0 4
81 10 40 3.7
81 20 77 3.3
81 30 110 2.5
81 40 135 1.2
81 50 147 1.8
81 60 165 0.9
81 70 174 0.8
81 80 182 3.6
81 90 218 4.5
82 0 0 4
82 10 40 3.7
82 20 77 3.3
82 30 110 2.5
82 40 135 1.2
82 50 147 1.8
82 60 165 0.9
82 70 174 0.8
82 80 182 3.6
82 90 218 4.5
83 0 0 4
83 10 40 3.7
83 20 77 3.3
83 30 110 2.5
83 40 135 1.2
83 50 147 1.8
83 60 165 0.9
83 70 174 0.8
83 80 182 3.6
83 90 218 4.5
84 0 0 4
84 10 40 3.7
84 20 77 3.3
84 30 110 2.5
84 40 135 1.2
84 50 147 1.8
84 60 165 0.9
84 70 174 0.8
84 80 182 3.6
84 90 218 4.5
85 0 0 4
85 10 40 3.7
85 20 77 3.3
85 30 110 2.5
85 40 135 1.2
85 50 147 1.8
85 60 165 0.9
85 70 174 0.8
85 80 182 3.6
85 90 218 4.5
86 0 0 4
86 10 40 3.7
86 20 77 3.3
86 30 110 2.5
86 40 135 1.2
86 50 147 1.8
86 60 165 0.9
86 70 174 0.8
86 80 182 3.6
86 90 218 4.5
87 0 0 4
87 10 40 3.7
87 20 77 3.3
87 30 110 2.5
87 40 135 1.2
87 50 147 1.8
87 60 165 0.9
87 70 174 0.8
87 80 182 3.6
87 90 218 4.5
88 0 0 4
88 10 40 3.7
88 20 77 3.3
88 30 110 2.5
88 40 135 1.2
88 50 147 1.8
88 60 165 0.9
88 70 174 0.8
88 80 182 3.6
88 90 218 4.5
89 0 0 4
89 10 40 3.7
89 20 77 3.3
89 30 110 2.5
89 40 135 1.2
89 50 147 1.8
89 60 165 0.9
89 70 174 0.8
89 80 182 3.6
89 90 218 4.5
90 0 0 4
90 10 40 3.7
90 20 77 3.3
90 30 110 2.5
90 40 135 1.2
90 50 147 1.8
90 60 165 0.9
90 70 174 0.8
90 80 182 3.6
90 90 218 4.5
91 0 0 4
91 10 40 3.7
91 20 77 3.3
91 30 110 2.5
91 40 135 1.2
91 50 147 1.8
91 60 165 0.9
91 70 174 0.8
91 80 182 3.6
91 90 218 4.5
92 0 0 4
92 10 40 3.7
92 20 77 3.3
92 30 110 2.5
92 40 135 1.2
92 50 147 1.8
92 60 165 0.9
92 70 174 0.8
92 80 182 3.6
92 90 218 4.5
93 0 0 4
93 10 40 3.7
93 20 77 3.3
93 30 110 2.5
93 40 135 1.2
93 50 147 1.8
93 60 165 0.9
93 70 174 0.8
93 80 182 3.6
93 90 218 4.5
94 0 0 4
94 10 40 3.7
94 20 77 3.3
94 30 110 2.5
94 40 135 1.2
94 50 147 1.8
94 60 165 0.9
94 70 174 0.8
94 80 182 3.6
94 90 218 4.5
95 0 0 4
95 10 40 3.7
95 20 77 3.3
95 30 110 2.5
95 40 135 1.2
95 50 147 1.8
95 60 165 0.9
95 70 174 0.8
95 80 182 3.6
95 90 218 4.5
96 0 0 4
96 10 40 3.7
96 20 77 3.3
96 30 110 2.5
96 40 135 1.2
96 50 147 1.8
96 60 165 0.9
96 70 174 0.8
96 80 182 3.6
96 90 218 4.5
97 0 0 4
97 10 40 3.7
97 20 77 3.3
97 30 110 2.5
97 40 135 1.2
97 50 147 1.8
97 60 165 0.9
97 70 174 0.8
97 80 182 3.6
97 90 218 4.5
98 0 0 4
98 10 40 3.7
98 20 77 3.3
98 30 110 2.5
98 40 135 1.2
98 50 147 1.8
98 60 165 0.9
98 70 174 0.8
98 80 182 3.6
98 90 218 4.5
99 0 0 4
99 10 40 3.7
99 20 77 3.3
99 30 110 2.5
99 40 135 1.2
99 50 147 1.8
99 60 165 0.9
99 70 174 0.8
99 80 182 3.6
99 90 218 4.5
100 0 0 4
100 10 40 3.7
100 20 77 3.3
100 30 110 2.5
100 40 135 1.2
100 50 147 1.8
100 60 165 0.9
100 70 174 0.8
100 80 182 3.6
100 90 218 4.5
101 0 0 4
101 10 40 3.7
101 20 77 3.3
101 30 110 2.5
101 40 135 1.2
101 50 147 1.8
101 60 165 0.9
101 70 174 0.8
101 80 182 3.6
101 90 218 4.5
102 0 0 4
102 10 40 3.7
102 20 77 3.3
102 30 110 2.5
102 40 135 1.2
102 50 147 1.8
102 60 165 0.9
102 70 174 0.8
102 80 182 3.6
102 90 218 4.5
103 0 0 4
103 10 40 3.7
103 20 77 3.3
103 30 110 2.5
103 40 135 1.2
103 50 147 1.8
103 60 165 0.9
103 70 174 0.8
103 80 182 3.6
103 90 218 4.5
104 0 0 4
104 10 40 3.7
104 20 77 3.3
104 30 110 2.5
104 40 135 1.2
104 50 147 1.8
104 60 165 0.9
104 70 174 0.8
104 80 182 3.6
104 90 218 4.5
105 0 0 4
105 10 40 3.7
105 20 77 3.3
105 30 110 2.5
105 40 135 1.2
105 50 147 1.8
105 60 165 0.9
105 70 174 0.8
105 80 182 3.6
105 90 218 4.5
106 0 0 4
106 10 40 3.7
106 20 77 3.3
106 30 110 2.5
106 40 135 1.2
106 50 147 1.8
106 60 165 0.9
106 70 174 0.8
106 80 182 3.6
106 90 218 4.5
107 0 0 4
107 10 40 3.7
107 20 77 3.3
107 30 110 2.5
107 40 135 1.2
107 50 147 1.8
107 60 165 0.9
107 70 174 0.8
107 80 182 3.6
107 90 218 4.5
108 0 0 4
108 10 40 3.7
108 20 77 3.3
108 30 110 2.5
108 40 135 1.2
108 50 147 1.8
108 60 165 0.9
108 70 174 0.8
108 80 182 3.6
108 90 218 4.5
109 0 0 4
109 10 40 3.7
109 20 77 3.3
109 30 110 2.5
109 40 135 1.2
109 50 147 1.8
109 60 165 0.9
109 70 174 0.8
109 80 182 3.6
109 90 218 4.5
110 0 0 4
110 10 40 3.7
110 20 77 3.3
110 30 110 2.5
110 40 135 1.2
110 50 147 1.8
110 60 165 0.9
110 70 174 0.8
110 80 182 3.6
110 90 218 4.5
111 0 0 4
111 10 40 3.7
111 20 77 3.3
111 30 110 2.5
111 40 135 1.2
111 50 147 1.8
111 60 165 0.9
111 70 174 0.8
111 80 182 3.6
111 90 218 4.5
112 0 0 4
112 10 40 3.7
112 20 77 3.3
112 30 110 2.5
112 40 135 1.2
112 50 147 1.8
112 60 165 0.9
112 70 174 0.8
112 80 182 3.6
112 90 218 4.5
113 0 0 4
113 10 40 3.7
113 20 77 3.3
113 30 110 2.5
113 40 135 1.2
113 50 147 1.8
113 60 165 0.9
113 70 174 0.8
113 80 182 3.6
113 90 218 4.5
114 0 0 4
114 10 40 3.7
114 20 77 3.3
114 30 110 2.5
114 40 135 1.2
114 50 147 1.8
114 60 165 0.9
114 70 174 0.8
114 80 182 3.6
114 90 218 4.5
115 0 0 4
115 10 40 3.7
115 20 77 3.3
115 30 110 2.5
115 40 135 1.2
115 50 147 1.8
115 60 165 0.9
115 70 174 0.8
115 80 182 3.6
115 90 218 4.5
116 0 0 4
116 10 40 3.7
116 20 77 3.3
116 30 110 2.5
116 40 135 1.2
116 50 147 1.8
116 60 165 0.9
116 70 174 0.8
116 80 182 3.6
116 90 218 4.5
117 0 0 4
117 10 40 3.7
117 20 77 3.3
117 30 110 2.5
117 40 135 1.2
117 50 147 1.8
117 60 165 0.9
117 70 174 0.8
117 80 182 3.6
117 90 218 4.5
118 0 0 4
118 10 40 3.7
118 20 77 3.3
118 30 110 2.5
118 40 135 1.2
118 50 147 1.8
118 60 165 0.9
118 70 174 0.8
118 80 182 3.6
118 90 218 4.5
119 0 0 4
119 10 40 3.7
119 20 77 3.3
119 30 110 2.5
119 40 135 1.2
119 50 147 1.8
119 60 165 0.9
119 70 174 0.8
119 80 182 3.6
119 90 218 4.5
120 0 0 4
120 10 40 3.7
120 20 77 3.3
120 30 110 2.5
120 40 135 1.2
120 50 147 1.8
120 60 165 0.9
120 70 174 0.8
120 80 182 3.6
120 90 218 4.5
121 0 0 4
121 10 40 3.7
121 20 77 3.3
121 30 110 2.5
121 40 135 1.2
121 50 147 1.8
121 60 165 0.9
121 70 174 0.8
121 80 182 3.6
121 90 218 4.5
122 0 0 4
122 10 40 3.7
122 20 77 3.3
122 30 110 2.5
122 40 135 1.2
122 50 147 1.8
122 60 165 0.9
122 70 174 0.8
122 80 182 3.6
122 90 218 4.5
123 0 0 4
123 10 40 3.7
123 20 77 3.3
123 30 110 2.5
123 40 135 1.2
123 50 147 1.8
123 60 165 0.9
123 70 174 0.8
123 80 182 3.6
123 90 218 4.5
124 0 0 4
124 10 40 3.7
124 20 77 3.3
124 30 110 2.5
124 40 135 1.2
124 50 147 1.8
124 60 165 0.9
124 70 174 0.8
124 80 182 3.6
124 90 218 4.5
125 0 0 4
125 10 40 3.7
125 20 77 3.3
125 30 110 2.5
125 40 135 1.2
125 50 147 1.8
125 60 165 0.9
125 70 174 0.8
125 80 182 3.6
125 90 218 4.5
126 0 0 4
126 10 40 3.7
126 20 77 3.3
126 30 110 2.5
126 40 135 1.2
126 50 147 1.8
126 60 165 0.9
126 70 174 0.8
126 80 182 3.6
126 90 218 4.5
127 0 0 4
127 10 40 3.7
127 20 77 3.3
127 30 110 2.5
127 40 135 1.2
127 50 147 1.8
127 60 165 0.9
127 70 174 0.8
127 80 182 3.6
127 90 218 4.5
128 0 0 4
128 10 40 3.7
128 20 77 3.3
128 30 110 2.5
128 40 135 1.2
128 50 147 1.8
128 60 165 0.9
128 70 174 0.8
128 80 182 3.6
128 90 218 4.5
129 0 0 4
129 10 40 3.7
129 20 77 3.3
129 30 110 2.5
129 40 135 1.2
129 50 147 1.8
129 60 165 0.9
129 70 174 0.8
129 80 182 3.6
129 90 218 4.5
130 0 0 4
130 10 40 3.7
130 20 77 3.3
130 30 110 2.5
130 40 135 1.2
130 50 147 1.8
130 60 165 0.9
130 70 174 0.8
130 80 182 3.6
130 90 218 4.5
131 0 0 4
131 10 40 3.7
131 20 77 3.3
131 30 110 2.5
131 40 135 1.2
131 50 147 1.8
131 60 165 0.9
131 70 174 0.8
131 80 182 3.6
131 90 218 4.5
132 0 0 4
132 10 40 3.7
132 20 77 3.3
132 30 110 2.5
132 40 135 1.2
132 50 147 1.8
132 60 165 0.9
132 70 174 0.8
132 80 182 3.6
132 90 218 4.5
133 0 0 4
133 10 40 3.7
133 20 77 3.3
133 30 110 2.5
133 40 135 1.2
133 50 147 1.8
133 60 165 0.9
133 70 174 0.8
133 80 182 3.6
133 90 218 4.5
134 0 0 4
134 10 40 3.7
134 20 77 3.3
134 30 110 2.5
134 40 135 1.2
134 50 147 1.8
134 60 165 0.9
134 70 174 0.8
134 80 182 3.6
134 90 218 4.5
135 0 0 4
135 10 40 3.7
135 20 77 3.3
135 30 110 2.5
135 40 135 1.2
135 50 147 1.8
135 60 165 0.9
135 70 174 0.8
135 80 182 3.6
135 90 218 4.5
136 0 0 4
136 10 40 3.7
136 20 77 3.3
136 30 110 2.5
136 40 135 1.2
136 50 147 1.8
136 60 165 0.9
136 70 174 0.8
136 80 182 3.6
136 90 218 4.5
137 0 0 4
137 10 40 3.7
137 20 77 3.3
137 30 110 2.5
137 40 135 1.2
137 50 147 1.8
137 60 165 0.9
137 70 174 0.8
137 80 182 3.6
137 90 218 4.5
138 0 0 4
138 10 40 3.7
138 20 77 3.3
138 30 110 2.5
138 40 135 1.2
138 50 147 1.8
138 60 165 0.9
138 70 174 0.8
138 80 182 3.6
138 90 218 4.5
139 0 0 4
139 10 40 3.7
139 20 77 3.3
139 30 110 2.5
139 40 135 1.2
139 50 147 1.8
139 60 165 0.9
139 70 174 0.8
139 80 182 3.6
139 90 218 4.5
140 0 0 4
140 10 40 3.7
140 20 77 3.3
140 30 110 2.5
140 40 135 1.2
140 50 147 1.8
140 60 165 0.9
140 70 174 0.8
140 80 182 3.6
140 90 218 4.5
141 0 0 4
141 10 40 3.7
141 20 77 3.3
141 30 110 2.5
141 40 135 1.2
141 50 147 1.8
141 60 165 0.9
141 70 174 0.8
141 80 182 3.6
141 90 218 4.5
142 0 0 4
142 10 40 3.7
142 20 77 3.3
142 30 110 2.5
142 40 135 1.2
142 50 147 1.8
142 60 165 0.9
142 70 174 0.8
142 80 182 3.6
142 90 218 4.5
143 0 0 4
143 10 40 3.7
143 20 77 3.3
143 30 110 2.5
143 40 135 1.2
143 50 147 1.8
143 60 165 0.9
143 70 174 0.8
143 80 182 3.6
143 90 218 4.5
144 0 0 4
144 10 40 3.7
144 20 77 3.3
144 30 110 2.5
144 40 135 1.2
144 50 147 1.8
144 60 165 0.9
144 70 174 0.8
144 80 182 3.6
144 90 218 4.5
145 0 0 4
145 10 40 3.7
145 20 77 3.3
145 30 110 2.5
145 40 135 1.2
145 50 147 1.8
145 60 165 0.9
145 70 174 0.8
145 80 182 3.6
145 90 218 4.5
146 0 0 4
146 10 40 3.7
146 20 77 3.3
146 30 110 2.5
146 40 135 1.2
146 50 147 1.8
146 60 165 0.9
146 70 174 0.8
146 80 182 3.6
146 90 218 4.5
147 0 0 4
147 10 40 3.7
147 20 77 3.3
147 30 110 2.5
147 40 135 1.2
147 50 147 1.8
147 60 165 0.9
147 70 174 0.8
147 80 182 3.6
147 90 218 4.5
148 0 0 4
148 10 40 3.7
148 20 77 3.3
148 30 110 2.5
148 40 135 1.2
148 50 147 1.8
148 60 165 0.9
148 70 174 0.8
148 80 182 3.6
148 90 218 4.5
149 0 0 4
149 10 40 3.7
149 20 77 3.3
149 30 110 2.5
149 40 135 1.2
149 50 147 1.8
149 60 165 0.9
149 70 174 0.8
149 80 182 3.6
149 90 218 4.5
150 0 0 4
150 10 40 3.7
150 20 77 3.3
150 30 110 2.5
150 40 135 1.2
150 50 147 1.8
150 60 165 0.9
150 70 174 0.8
150 80 182 3.6
150 90 218 4.5
151 0 0 4
151 10 40 3.7
151 20 77 3.3
151 30 110 2.5
151 40 135 1.2
151 50 147 1.8
151 60 165 0.9
151 70 174 0.8
151 80 182 3.6
151 90 218 4.5
152 0 0 4
152 10 40 3.7
152 20 77 3.3
152 30 110 2.5
152 40 135 1.2
152 50 147 1.8
152 60 165 0.9
152 70 174 0.8
152 80 182 3.6
152 90 218 4.5
153 0 0 4
153 10 40 3.7
153 20 77 3.3
153 30 110 2.5
153 40 135 1.2
153 50 147 1.8
153 60 165 0.9
153 70 174 0.8
153 80 182 3.6
153 90 218 4.5
154 0 0 4
154 10 40 3.7
154 20 77 3.3
154 30 110 2.5
154 40 135 1.2
154 50 147 1.8
154 60 165 0.9
154 70 174 0.8
154 80 182 3.6
154 90 218 4.5
155 0 0 4
155 10 40 3.7
155 20 77 3.3
155 30 110 2.5
155 40 135 1.2
155 50 147 1.8
155 60 165 0.9
155 70 174 0.8
155 80 182 3.6
155 90 218 4.5
156 0 0 4
156 10 40 3.7
156 20 77 3.3
156 30 110 2.5
156 40 135 1.2
156 50 147 1.8
156 60 165 0.9
156 70 174 0.8
156 80 182 3.6
156 90 218 4.5
157 0 0 4
157 10 40 3.7
157 20 77 3.3
157 30 110 2.5
157 40 135 1.2
157 50 147 1.8
157 60 165 0.9
157 70 174 0.8
157 80 182 3.6
157 90 218 4.5
158 0 0 4
158 10 40 3.7
158 20 77 3.3
158 30 110 2.5
158 40 135 1.2
158 50 147 1.8
158 60 165 0.9
158 70 174 0.8
158 80 182 3.6
158 90 218 4.5
159 0 0 4
159 10 40 3.7
159 20 77 3.3
159 30 110 2.5
159 40 135 1.2
159 50 147 1.8
159 60 165 0.9
159 70 174 0.8
159 80 182 3.6
159 90 218 4.5
160 0 0 4
160 10 40 3.7
160 20 77 3.3
160 30 110 2.5
160 40 135 1.2
160 50 147 1.8
160 60 165 0.9
160 70 174 0.8
160 80 182 3.6
160 90 218 4.5
161 0 0 4
161 10 40 3.7
161 20 77 3.3
161 30 110 2.5
161 40 135 1.2
161 50 147 1.8
161 60 165 0.9
161 70 174 0.8
161 80 182 3.6
161 90 218 4.5
162 0 0 4
162 10 40 3.7
162 20 77 3.3
162 30 110 2.5
162 40 135 1.2
162 50 147 1.8
162 60 165 0.9
162 70 174 0.8
162 80 182 3.6
162 90 218 4.5
163 0 0 4
163 10 40 3.7
163 20 77 3.3
163 30 110 2.5
163 40 135 1.2
163 50 147 1.8
163 60 165 0.9
163 70 174 0.8
163 80 182 3.6
163 90 218 4.5
164 0 0 4
164 10 40 3.7
164 20 77 3.3
164 30 110 2.5
164 40 135 1.2
164 50 147 1.8
164 60 165 0.9
164 70 174 0.8
164 80 182 3.6
164 90 218 4.5
165 0 0 4
165 10 40 3.7
165 20 77 3.3
165 30 110 2.5
165 40 135 1.2
165 50 147 1.8
165 60 165 0.9
165 70 174 0.8
165 80 182 3.6
165 90 218 4.5
166 0 0 4
166 10 40 3.7
166 20 77 3.3
166 30 110 2.5
166 40 135 1.2
166 50 147 1.8
166 60 165 0.9
166 70 174 0.8
166 80 182 3.6
166 90 218 4.5
167 0 0 4
167 10 40 3.7
167 20 77 3.3
167 30 110 2.5
167 40 135 1.2
167 50 147 1.8
167 60 165 0.9
167 70 174 0.8
167 80 182 3.6
167 90 218 4.5
168 0 0 4
168 10 40 3.7
168 20 77 3.3
168 30 110 2.5
168 40 135 1.2
168 50 147 1.8
168 60 165 0.9
168 70 174 0.8
168 80 182 3.6
168 90 218 4.5
169 0 0 4
169 10 40 3.7
169 20 77 3.3
169 30 110 2.5
169 40 135 1.2
169 50 147 1.8
169 60 165 0.9
169 70 174 0.8
169 80 182 3.6
169 90 218 4.5
170 0 0 4
170 10 40 3.7
170 20 77 3.3
170 30 110 2.5
170 40 135 1.2
170 50 147 1.8
170 60 165 0.9
170 70 174 0.8
170 80 182 3.6
170 90 218 4.5
171 0 0 4
171 10 40 3.7
171 20 77 3.3
171 30 110 2.5
171 40 135 1.2
171 50 147 1.8
171 60 165 0.9
171 70 174 0.8
171 80 182 3.6
171 90 218 4.5
172 0 0 4
172 10 40 3.7
172 20 77 3.3
172 30 110 2.5
172 40 135 1.2
172 50 147 1.8
172 60 165 0.9
172 70 174 0.8
172 80 182 3.6
172 90 218 4.5
173 0 0 4
173 10 40 3.7
173 20 77 3.3
173 30 110 2.5
173 40 135 1.2
173 50 147 1.8
173 60 165 0.9
173 70 174 0.8
173 80 182 3.6
173 90 218 4.5
174 0 0 4
174 10 40 3.7
174 20 77 3.3
174 30 110 2.5
174 40 135 1.2
174 50 147 1.8
174 60 165 0.9
174 70 174 0.8
174 80 182 3.6
174 90 218 4.5
175 0 0 4
175 10 40 3.7
175 20 77 3.3
175 30 110 2.5
175 40 135 1.2
175 50 147 1.8
175 60 165 0.9
175 70 174 0.8
175 80 182 3.6
175 90 218 4.5
176 0 0 4
176 10 40 3.7
176 20 77 3.3
176 30 110 2.5
176 40 135 1.2
176 50 147 1.8
176 60 165 0.9
176 70 174 0.8
176 80 182 3.6
176 90 218 4.5
177 0 0 4
177 10 40 3.7
177 20 77 3.3
177 30 110 2.5
177 40 135 1.2
177 50 147 1.8
177 60 165 0.9
177 70 174 0.8
177 80 182 3.6
177 90 218 4.5
178 0 0 4
178 10 40 3.7
178 20 77 3.3
178 30 110 2.5
178 40 135 1.2
178 50 147 1.8
178 60 165 0.9
178 70 174 0.8
178 80 182 3.6
178 90 218 4.5
179 0 0 4
179 10 40 3.7
179 20 77 3.3
179 30 110 2.5
179 40 135 1.2
179 50 147 1.8
179 60 165 0.9
179 70 174 0.8
179 80 182 3.6
179 90 218 4.5
180 0 0 4
180 10 40 3.7
180 20 77 3.3
180 30 110 2.5
180 40 135 1.2
180 50 147 1.8
180 60 165 0.9
180 70 174 0.8
180 80 182 3.6
180 90 218 4.5
181 0 0 4
181 10 40 3.7
181 20 77 3.3
181 30 110 2.5
181 40 135 1.2
181 50 147 1.8
181 60 165 0.9
181 70 174 0.8
181 80 182 3.6
181 90 218 4.5
182 0 0 4
182 10 40 3.7
182 20 77 3.3
182 30 110 2.5
182 40 135 1.2
182 50 147 1.8
182 60 165 0.9
182 70 174 0.8
182 80 182 3.6
182 90 218 4.5
183 0 0 4
183 10 40 3.7
183 20 77 3.3
183 30 110 2.5
183 40 135 1.2
183 50 147 1.8
183 60 165 0.9
183 70 174 0.8
183 80 182 3.6
183 90 218 4.5
184 0 0 4
184 10 40 3.7
184 20 77 3.3
184 30 110 2.5
184 40 135 1.2
184 50 147 1.8
184 60 165 0.9
184 70 174 0.8
184 80 182 3.6
184 90 218 4.5
185 0 0 4
185 10 40 3.7
185 20 77 3.3
185 30 110 2.5
185 40 135 1.2
185 50 147 1.8
185 60 165 0.9
185 70 174 0.8
185 80 182 3.6
185 90 218 4.5
186 0 0 4
186 10 40 3.7
186 20 77 3.3
186 30 110 2.5
186 40 135 1.2
186 50 147 1.8
186 60 165 0.9
186 70 174 0.8
186 80 182 3.6
186 90 218 4.5
187 0 0 4
187 10 40 3.7
187 20 77 3.3
187 30 110 2.5
187 40 135 1.2
187 50 147 1.8
187 60 165 0.9
187 70 174 0.8
187 80 182 3.6
187 90 218 4.5
188 0 0 4
188 10 40 3.7
188 20 77 3.3
188 30 110 2.5
188 40 135 1.2
188 50 147 1.8
188 60 165 0.9
188 70 174 0.8
188 80 182 3.6
188 90 218 4.5
189 0 0 4
189 10 40 3.7
189 20 77 3.3
189 30 110 2.5
189 40 135 1.2
189 50 147 1.8
189 60 165 0.9
189 70 174 0.8
189 80 182 3.6
189 90 218 4.5
190 0 0 4
190 10 40 3.7
190 20 77 3.3
190 30 110 2.5
190 40 135 1.2
190 50 147 1.8
190 60 165 0.9
190 70 174 0.8
190 80 182 3.6
190 90 218 4.5
191 0 0 4
191 10 40 3.7
191 20 77 3.3
191 30 110 2.5
191 40 135 1.2
191 50 147 1.8
191 60 165 0.9
191 70 174 0.8
191 80 182 3.6
191 90 218 4.5
192 0 0 4
192 10 40 3.7
192 20 77 3.3
192 30 110 2.5
192 40 135 1.2
192 50 147 1.8
192 60 165 0.9
192 70 174 0.8
192 80 182 3.6
192 90 218 4.5
193 0 0 4
193 10 40 3.7
193 20 77 3.3
193 30 110 2.5
193 40 135 1.2
193 50 147 1.8
193 60 165 0.9
193 70 174 0.8
193 80 182 3.6
193 90 218 4.5
194 0 0 4
194 10 40 3.7
194 20 77 3.3
194 30 110 2.5
194 40 135 1.2
194 50 147 1.8
194 60 165 0.9
194 70 174 0.8
194 80 182 3.6
194 90 218 4.5
195 0 0 4
195 10 40 3.7
195 20 77 3.3
195 30 110 2.5
195 40 135 1.2
195 50 147 1.8
195 60 165 0.9
195 70 174 0.8
195 80 182 3.6
195 90 218 4.5
196 0 0 4
196 10 40 3.7
196 20 77 3.3
196 30 110 2.5
196 40 135 1.2
196 50 147 1.8
196 60 165 0.9
196 70 174 0.8
196 80 182 3.6
196 90 218 4.5
197 0 0 4
197 10 40 3.7
197 20 77 3.3
197 30 110 2.5
197 40 135 1.2
197 50 147 1.8
197 60 165 0.9
197 70 174 0.8
197 80 182 3.6
197 90 218 4.5
198 0 0 4
198 10 40 3.7
198 20 77 3.3
198 30 110 2.5
198 40 135 1.2
198 50 147 1.8
198 60 165 0.9
198 70 174 0.8
198 80 182 3.6
198 90 218 4.5
199 0 0 4
199 10 40 3.7
199 20 77 3.3
199 30 110 2.5
199 40 135 1.2
199 50 147 1.8
199 60 165 0.9
199 70 174 0.8
199 80 182 3.6
199 90 218 4.5
200 0 0 4
200 10 40 3.7
200 20 77 3.3
200 30 110 2.5
200 40 135 1.2
200 50 147 1.8
200 60 165 0.9
200 70 174 0.8
200 80 182 3.6
200 90 218 4.5
201 0 0 4
201 10 40 3.7
201 20 77 3.3
201 30 110 2.5
201 40 135 1.2
201 50 147 1.8
201 60 165 0.9
201 70 174 0.8
201 80 182 3.6
201 90 218 4.5
202 0 0 4
202 10 40 3.7
202 20 77 3.3
202 30 110 2.5
202 40 135 1.2
202 50 147 1.8
202 60 165 0.9
202 70 174 0.8
202 80 182 3.6
202 90 218 4.5
203 0 0 4
203 10 40 3.7
203 20 77 3.3
203 30 110 2.5
203 40 135 1.2
203 50 147 1.8
203 60 165 0.9
203 70 174 0.8
203 80 182 3.6
203 90 218 4.5
204 0 0 4
204 10 40 3.7
204 20 77 3.3
204 30 110 2.5
204 40 135 1.2
204 50 147 1.8
204 60 165 0.9
204 70 174 0.8
204 80 182 3.6
204 90 218 4.5
205 0 0 4
205 10 40 3.7
205 20 77 3.3
205 30 110 2.5
205 40 135 1.2
205 50 147 1.8
205 60 165 0.9
205 70 174 0.8
205 80 182 3.6
205 90 218 4.5
206 0 0 4
206 10 40 3.7
206 20 77 3.3
206 30 110 2.5
206 40 135 1.2
206 50 147 1.8
206 60 165 0.9
206 70 174 0.8
206 80 182 3.6
206 90 218 4.5
207 0 0 4
207 10 40 3.7
207 20 77 3.3
207 30 110 2.5
207 40 135 1.2
207 50 147 1.8
207 60 165 0.9
207 70 174 0.8
207 80 182 3.6
207 90 218 4.5
208 0 0 4
208 10 40 3.7
208 20 77 3.3
208 30 110 2.5
208 40 135 1.2
208 50 147 1.8
208 60 165 0.9
208 70 174 0.8
208 80 182 3.6
208 90 218 4.5
209 0 0 4
209 10 40 3.7
209 20 77 3.3
209 30 110 2.5
209 40 135 1.2
209 50 147 1.8
209 60 165 0.9
209 70 174 0.8
209 80 182 3.6
209 90 218 4.5
210 0 0 4
210 10 40 3.7
210 20 77 3.3
210 30 110 2.5
210 40 135 1.2
210 50 147 1.8
210 60 165 0.9
210 70 174 0.8
210 80 182 3.6
210 90 218 4.5
211 0 0 4
211 10 40 3.7
211 20 77 3.3
211 30 110 2.5
211 40 135 1.2
211 50 147 1.8
211 60 165 0.9
211 70 174 0.8
211 80 182 3.6
211 90 218 4.5
212 0 0 4
212 10 40 3.7
212 20 77 3.3
212 30 110 2.5
212 40 135 1.2
212 50 147 1.8
212 60 165 0.9
212 70 174 0.8
212 80 182 3.6
212 90 218 4.5
213 0 0 4
213 10 40 3.7
213 20 77 3.3
213 30 110 2.5
213 40 135 1.2
213 50 147 1.8
213 60 165 0.9
213 70 174 0.8
213 80 182 3.6
213 90 218 4.5
214 0 0 4
214 10 40 3.7
214 20 77 3.3
214 30 110 2.5
214 40 135 1.2
214 50 147 1.8
214 60 165 0.9
214 70 174 0.8
214 80 182 3.6
214 90 218 4.5
215 0 0 4
215 10 40 3.7
215 20 77 3.3
215 30 110 2.5
215 40 135 1.2
215 50 147 1.8
215 60 165 0.9
215 70 174 0.8
215 80 182 3.6
215 90 218 4.5
216 0 0 4
216 10 40 3.7
216 20 77 3.3
216 30 110 2.5
216 40 135 1.2
216 50 147 1.8
216 60 165 0.9
216 70 174 0.8
216 80 182 3.6
216 90 218 4.5
217 0 0 4
217 10 40 3.7
217 20 77 3.3
217 30 110 2.5
217 40 135 1.2
217 50 147 1.8
217 60 165 0.9
217 70 174 0.8
217 80 182 3.6
217 90 218 4.5
218 0 0 4
218 10 40 3.7
218 20 77 3.3
218 30 110 2.5
218 40 135 1.2
218 50 147 1.8
218 60 165 0.9
218 70 174 0.8
218 80 182 3.6
218 90 218 4.5
219 0 0 4
219 10 40 3.7
219 20 77 3.3
219 30 110 2.5
219 40 135 1.2
219 50 147 1.8
219 60 165 0.9
219 70 174 0.8
219 80 182 3.6
219 90 218 4.5
220 0 0 4
220 10 40 3.7
220 20 77 3.3
220 30 110 2.5
220 40 135 1.2
220 50 147 1.8
220 60 165 0.9
220 70 174 0.8
220 80 182 3.6
220 90 218 4.5
221 0 0 4
221 10 40 3.7
221 20 77 3.3
221 30 110 2.5
221 40 135 1.2
221 50 147 1.8
221 60 165 0.9
221 70 174 0.8
221 80 182 3.6
221 90 218 4.5
222 0 0 4
222 10 40 3.7
222 20 77 3.3
222 30 110 2.5
222 40 135 1.2
222 50 147 1.8
222 60 165 0.9
222 70 174 0.8
222 80 182 3.6
222 90 218 4.5
223 0 0 4
223 10 40 3.7
223 20 77 3.3
223 30 110 2.5
223 40 135 1.2
223 50 147 1.8
223 60 165 0.9
223 70 174 0.8
223 80 182 3.6
223 90 218 4.5
224 0 0 4
224 10 40 3.7
224 20 77 3.3
224 30 110 2.5
224 40 135 1.2
224 50 147 1.8
224 60 165 0.9
224 70 174 0.8
224 80 182 3.6
224 90 218 4.5
225 0 0 4
225 10 40 3.7
225 20 77 3.3
225 30 110 2.5
225 40 135 1.2
225 50 147 1.8
225 60 165 0.9
225 70 174 0.8
225 80 182 3.6
225 90 218 4.5
226 0 0 4
226 10 40 3.7
226 20 77 3.3
226 30 110 2.5
226 40 135 1.2
226 50 147 1.8
226 60 165 0.9
226 70 174 0.8
226 80 182 3.6
226 90 218 4.5
227 0 0 4
227 10 40 3.7
227 20 77 3.3
227 30 110 2.5
227 40 135 1.2
227 50 147 1.8
227 60 165 0.9
227 70 174 0.8
227 80 182 3.6
227 90 218 4.5
228 0 0 4
228 10 40 3.7
228 20 77 3.3
228 30 110 2.5
228 40 135 1.2
228 50 147 1.8
228 60 165 0.9
228 70 174 0.8
228 80 182 3.6
228 90 218 4.5
229 0 0 4
229 10 40 3.7
229 20 77 3.3
229 30 110 2.5
229 40 135 1.2
229 50 147 1.8
229 60 165 0.9
229 70 174 0.8
229 80 182 3.6
229 90 218 4.5
230 0 0 4
230 10 40 3.7
230 20 77 3.3
230 30 110 2.5
230 40 135 1.2
230 50 147 1.8
230 60 165 0.9
230 70 174 0.8
230 80 182 3.6
230 90 218 4.5
231 0 0 4
231 10 40 3.7
231 20 77 3.3
231 30 110 2.5
231 40 135 1.2
231 50 147 1.8
231 60 165 0.9
231 70 174 0.8
231 80 182 3.6
231 90 218 4.5
232 0 0 4
232 10 40 3.7
232 20 77 3.3
232 30 110 2.5
232 40 135 1.2
232 50 147 1.8
232 60 165 0.9
232 70 174 0.8
232 80 182 3.6
232 90 218 4.5
233 0 0 4
233 10 40 3.7
233 20 77 3.3
233 30 110 2.5
233 40 135 1.2
233 50 147 1.8
233 60 165 0.9
233 70 174 0.8
233 80 182 3.6
233 90 218 4.5
234 0 0 4
234 10 40 3.7
234 20 77 3.3
234 30 110 2.5
234 40 135 1.2
234 50 147 1.8
234 60 165 0.9
234 70 174 0.8
234 80 182 3.6
234 90 218 4.5
235 0 0 4
235 10 40 3.7
235 20 77 3.3
235 30 110 2.5
235 40 135 1.2
235 50 147 1.8
235 60 165 0.9
235 70 174 0.8
235 80 182 3.6
235 90 218 4.5
236 0 0 4
236 10 40 3.7
236 20 77 3.3
236 30 110 2.5
236 40 135 1.2
236 50 147 1.8
236 60 165 0.9
236 70 174 0.8
236 80 182 3.6
236 90 218 4.5
237 0 0 4
237 10 40 3.7
237 20 77 3.3
237 30 110 2.5
237 40 135 1.2
237 50 147 1.8
237 60 165 0.9
237 70 174 0.8
237 80 182 3.6
237 90 218 4.5
238 0 0 4
238 10 40 3.7
238 20 77 3.3
238 30 110 2.5
238 40 135 1.2
238 50 147 1.8
238 60 165 0.9
238 70 174 0.8
238 80 182 3.6
238 90 218 4.5
239 0 0 4
239 10 40 3.7
239 20 77 3.3
239 30 110 2.5
239 40 135 1.2
239 50 147 1.8
239 60 165 0.9
239 70 174 0.8
239 80 182 3.6
239 90 218 4.5
240 0 0 4
240 10 40 3.7
240 20 77 3.3
240 30 110 2.5
240 40 135 1.2
240 50 147 1.8
240 60 165 0.9
240 70 174 0.8
240 80 182 3.6
240 90 218 4.5
241 0 0 4
241 10 40 3.7
241 20 77 3.3
241 30 110 2.5
241 40 135 1.2
241 50 147 1.8
241 60 165 0.9
241 70 174 0.8
241 80 182 3.6
241 90 218 4.5
242 0 0 4
242 10 40 3.7
242 20 77 3.3
242 30 110 2.5
242 40 135 1.2
242 50 147 1.8
242 60 165 0.9
242 70 174 0.8
242 80 182 3.6
242 90 218 4.5
243 0 0 4
243 10 40 3.7
243 20 77 3.3
243 30 110 2.5
243 40 135 1.2
243 50 147 1.8
243 60 165 0.9
243 70 174 0.8
243 80 182 3.6
243 90 218 4.5
244 0 0 4
244 10 40 3.7
244 20 77 3.3
244 30 110 2.5
244 40 135 1.2
244 50 147 1.8
244 60 165 0.9
244 70 174 0.8
244 80 182 3.6
244 90 218 4.5
245 0 0 4
245 10 40 3.7
245 20 77 3.3
245 30 110 2.5
245 40 135 1.2
245 50 147 1.8
245 60 165 0.9
245 70 174 0.8
245 80 182 3.6
245 90 218 4.5
246 0 0 4
246 10 40 3.7
246 20 77 3.3
246 30 110 2.5
246 40 135 1.2
246 50 147 1.8
246 60 165 0.9
246 70 174 0.8
246 80 182 3.6
246 90 218 4.5
247 0 0 4
247 10 40 3.7
247 20 77 3.3
247 30 110 2.5
247 40 135 1.2
247 50 147 1.8
247 60 165 0.9
247 70 174 0.8
247 80 182 3.6
247 90 218 4.5
248 0 0 4
248 10 40 3.7
248 20 77 3.3
248 30 110 2.5
248 40 135 1.2
248 50 147 1.8
248 60 165 0.9
248 70 174 0.8
248 80 182 3.6
248 90 218 4.5
249 0 0 4
249 10 40 3.7
249 20 77 3.3
249 30 110 2.5
249 40 135 1.2
249 50 147 1.8
249 60 165 0.9
249 70 174 0.8
249 80 182 3.6
249 90 218 4.5
250 0 0 4
250 10 40 3.7
250 20 77 3.3
250 30 110 2.5
250 40 135 1.2
250 50 147 1.8
250 60 165 0.9
250 70 174 0.8
250 80 182 3.6
250 90 218 4.5
251 0 0 4
251 10 40 3.7
251 20 77 3.3
251 30 110 2.5
251 40 135 1.2
251 50 147 1.8
251 60 165 0.9
251 70 174 0.8
251 80 182 3.6
251 90 218 4.5
252 0 0 4
252 10 40 3.7
252 20 77 3.3
252 30 110 2.5
252 40 135 1.2
252 50 147 1.8
252 60 165 0.9
252 70 174 0.8
252 80 182 3.6
252 90 218 4.5
253 0 0 4
253 10 40 3.7
253 20 77 3.3
253 30 110 2.5
253 40 135 1.2
253 50 147 1.8
253 60 165 0.9
253 70 174 0.8
253 80 182 3.6
253 90 218 4.5
254 0 0 4
254 10 40 3.7
254 20 77 3.3
254 30 110 2.5
254 40 135 1.2
254 50 147 1.8
254 60 165 0.9
254 70 174 0.8
254 80 182 3.6
254 90 218 4.5
255 0 0 4
255 10 40 3.7
255 20 77 3.3
255 30 110 2.5
255 40 135 1.2
255 50 147 1.8
255 60 165 0.9
255 70 174 0.8
255 80 182 3.6
255 90 218 4.5
256 0 0 4
256 10 40 3.7
256 20 77 3.3
256 30 110 2.5
256 40 135 1.2
256 50 147 1.8
256 60 165 0.9
256 70 174 0.8
256 80 182 3.6
256 90 218 4.5
257 0 0 4
257 10 40 3.7
257 20 77 3.3
257 30 110 2.5
257 40 135 1.2
257 50 147 1.8
257 60 165 0.9
257 70 174 0.8
257 80 182 3.6
257 90 218 4.5
258 0 0 4
258 10 40 3.7
258 20 77 3.3
258 30 110 2.5
258 40 135 1.2
258 50 147 1.8
258 60 165 0.9
258 70 174 0.8
258 80 182 3.6
258 90 218 4.5
259 0 0 4
259 10 40 3.7
259 20 77 3.3
259 30 110 2.5
259 40 135 1.2
259 50 147 1.8
259 60 165 0.9
259 70 174 0.8
259 80 182 3.6
259 90 218 4.5
260 0 0 4
260 10 40 3.7
260 20 77 3.3
260 30 110 2.5
260 40 135 1.2
260 50 147 1.8
260 60 165 0.9
260 70 174 0.8
260 80 182 3.6
260 90 218 4.5
261 0 0 4
261 10 40 3.7
261 20 77 3.3
261 30 110 2.5
261 40 135 1.2
261 50 147 1.8
261 60 165 0.9
261 70 174 0.8
261 80 182 3.6
261 90 218 4.5
262 0 0 4
262 10 40 3.7
262 20 77 3.3
262 30 110 2.5
262 40 135 1.2
262 50 147 1.8
262 60 165 0.9
262 70 174 0.8
262 80 182 3.6
262 90 218 4.5
263 0 0 4
263 10 40 3.7
263 20 77 3.3
263 30 110 2.5
263 40 135 1.2
263 50 147 1.8
263 60 165 0.9
263 70 174 0.8
263 80 182 3.6
263 90 218 4.5
264 0 0 4
264 10 40 3.7
264 20 77 3.3
264 30 110 2.5
264 40 135 1.2
264 50 147 1.8
264 60 165 0.9
264 70 174 0.8
264 80 182 3.6
264 90 218 4.5
265 0 0 4
265 10 40 3.7
265 20 77 3.3
265 30 110 2.5
265 40 135 1.2
265 50 147 1.8
265 60 165 0.9
265 70 174 0.8
265 80 182 3.6
265 90 218 4.5
266 0 0 4
266 10 40 3.7
266 20 77 3.3
266 30 110 2.5
266 40 135 1.2
266 50 147 1.8
266 60 165 0.9
266 70 174 0.8
266 80 182 3.6
266 90 218 4.5
267 0 0 4
267 10 40 3.7
267 20 77 3.3
267 30 110 2.5
267 40 135 1.2
267 50 147 1.8
267 60 165 0.9
267 70 174 0.8
267 80 182 3.6
267 90 218 4.5
268 0 0 4
268 10 40 3.7
268 20 77 3.3
268 30 110 2.5
268 40 135 1.2
268 50 147 1.8
268 60 165 0.9
268 70 174 0.8
268 80 182 3.6
268 90 218 4.5
269 0 0 4
269 10 40 3.7
269 20 77 3.3
269 30 110 2.5
269 40 135 1.2
269 50 147 1.8
269 60 165 0.9
269 70 174 0.8
269 80 182 3.6
269 90 218 4.5
270 0 0 4
270 10 40 3.7
270 20 77 3.3
270 30 110 2.5
270 40 135 1.2
270 50 147 1.8
270 60 165 0.9
270 70 174 0.8
270 80 182 3.6
270 90 218 4.5
271 0 0 4
271 10 40 3.7
271 20 77 3.3
271 30 110 2.5
271 40 135 1.2
271 50 147 1.8
271 60 165 0.9
271 70 174 0.8
271 80 182 3.6
271 90 218 4.5
272 0 0 4
272 10 40 3.7
272 20 77 3.3
272 30 110 2.5
272 40 135 1.2
272 50 147 1.8
272 60 165 0.9
272 70 174 0.8
272 80 182 3.6
272 90 218 4.5
273 0 0 4
273 10 40 3.7
273 20 77 3.3
273 30 110 2.5
273 40 135 1.2
273 50 147 1.8
273 60 165 0.9
273 70 174 0.8
273 80 182 3.6
273 90 218 4.5
274 0 0 4
274 10 40 3.7
274 20 77 3.3
274 30 110 2.5
274 40 135 1.2
274 50 147 1.8
274 60 165 0.9
274 70 174 0.8
274 80 182 3.6
274 90 218 4.5
275 0 0 4
275 10 40 3.7
275 20 77 3.3
275 30 110 2.5
275 40 135 1.2
275 50 147 1.8
275 60 165 0.9
275 70 174 0.8
275 80 182 3.6
275 90 218 4.5
276 0 0 4
276 10 40 3.7
276 20 77 3.3
276 30 110 2.5
276 40 135 1.2
276 50 147 1.8
276 60 165 0.9
276 70 174 0.8
276 80 182 3.6
276 90 218 4.5
277 0 0 4
277 10 40 3.7
277 20 77 3.3
277 30 110 2.5
277 40 135 1.2
277 50 147 1.8
277 60 165 0.9
277 70 174 0.8
277 80 182 3.6
277 90 218 4.5
278 0 0 4
278 10 40 3.7
278 20 77 3.3
278 30 110 2.5
278 40 135 1.2
278 50 147 1.8
278 60 165 0.9
278 70 174 0.8
278 80 182 3.6
278 90 218 4.5
279 0 0 4
279 10 40 3.7
279 20 77 3.3
279 30 110 2.5
279 40 135 1.2
279 50 147 1.8
279 60 165 0.9
279 70 174 0.8
279 80 182 3.6
279 90 218 4.5
280 0 0 4
280 10 40 3.7
280 20 77 3.3
280 30 110 2.5
280 40 135 1.2
280 50 147 1.8
280 60 165 0.9
280 70 174 0.8
280 80 182 3.6
280 90 218 4.5
281 0 0 4
281 10 40 3.7
281 20 77 3.3
281 30 110 2.5
281 40 135 1.2
281 50 147 1.8
281 60 165 0.9
281 70 174 0.8
281 80 182 3.6
281 90 218 4.5
282 0 0 4
282 10 40 3.7
282 20 77 3.3
282 30 110 2.5
282 40 135 1.2
282 50 147 1.8
282 60 165 0.9
282 70 174 0.8
282 80 182 3.6
282 90 218 4.5
283 0 0 4
283 10 40 3.7
283 20 77 3.3
283 30 110 2.5
283 40 135 1.2
283 50 147 1.8
283 60 165 0.9
283 70 174 0.8
283 80 182 3.6
283 90 218 4.5
284 0 0 4
284 10 40 3.7
284 20 77 3.3
284 30 110 2.5
284 40 135 1.2
284 50 147 1.8
284 60 165 0.9
284 70 174 0.8
284 80 182 3.6
284 90 218 4.5
285 0 0 4
285 10 40 3.7
285 20 77 3.3
285 30 110 2.5
285 40 135 1.2
285 50 147 1.8
285 60 165 0.9
285 70 174 0.8
285 80 182 3.6
285 90 218 4.5
286 0 0 4
286 10 40 3.7
286 20 77 3.3
286 30 110 2.5
286 40 135 1.2
286 50 147 1.8
286 60 165 0.9
286 70 174 0.8
286 80 182 3.6
286 90 218 4.5
287 0 0 4
287 10 40 3.7
287 20 77 3.3
287 30 110 2.5
287 40 135 1.2
287 50 147 1.8
287 60 165 0.9
287 70 174 0.8
287 80 182 3.6
287 90 218 4.5
288 0 0 4
288 10 40 3.7
288 20 77 3.3
288 30 110 2.5
288 40 135 1.2
288 50 147 1.8
288 60 165 0.9
288 70 174 0.8
288 80 182 3.6
288 90 218 4.5
289 0 0 4
289 10 40 3.7
289 20 77 3.3
289 30 110 2.5
289 40 135 1.2
289 50 147 1.8
289 60 165 0.9
289 70 174 0.8
289 80 182 3.6
289 90 218 4.5
290 0 0 4
290 10 40 3.7
290 20 77 3.3
290 30 110 2.5
290 40 135 1.2
290 50 147 1.8
290 60 165 0.9
290 70 174 0.8
290 80 182 3.6
290 90 218 4.5
291 0 0 4
291 10 40 3.7
291 20 77 3.3
291 30 110 2.5
291 40 135 1.2
291 50 147 1.8
291 60 165 0.9
291 70 174 0.8
291 80 182 3.6
291 90 218 4.5
292 0 0 4
292 10 40 3.7
292 20 77 3.3
292 30 110 2.5
292 40 135 1.2
292 50 147 1.8
292 60 165 0.9
292 70 174 0.8
292 80 182 3.6
292 90 218 4.5
293 0 0 4
293 10 40 3.7
293 20 77 3.3
293 30 110 2.5
293 40 135 1.2
293 50 147 1.8
293 60 165 0.9
293 70 174 0.8
293 80 182 3.6
293 90 218 4.5
294 0 0 4
294 10 40 3.7
294 20 77 3.3
294 30 110 2.5
294 40 135 1.2
294 50 147 1.8
294 60 165 0.9
294 70 174 0.8
294 80 182 3.6
294 90 218 4.5
295 0 0 4
295 10 40 3.7
295 20 77 3.3
295 30 110 2.5
295 40 135 1.2
295 50 147 1.8
295 60 165 0.9
295 70 174 0.8
295 80 182 3.6
295 90 218 4.5
296 0 0 4
296 10 40 3.7
296 20 77 3.3
296 30 110 2.5
296 40 135 1.2
296 50 147 1.8
296 60 165 0.9
296 70 174 0.8
296 80 182 3.6
296 90 218 4.5
297 0 0 4
297 10 40 3.7
297 20 77 3.3
297 30 110 2.5
297 40 135 1.2
297 50 147 1.8
297 60 165 0.9
297 70 174 0.8
297 80 182 3.6
297 90 218 4.5
298 0 0 4
298 10 40 3.7
298 20 77 3.3
298 30 110 2.5
298 40 135 1.2
298 50 147 1.8
298 60 165 0.9
298 70 174 0.8
298 80 182 3.6
298 90 218 4.5
299 0 0 4
299 10 40 3.7
299 20 77 3.3
299 30 110 2.5
299 40 135 1.2
299 50 147 1.8
299 60 165 0.9
299 70 174 0.8
299 80 182 3.6
299 90 218 4.5
300 0 0 4
300 10 40 3.7
300 20 77 3.3
300 30 110 2.5
300 40 135 1.2
300 50 147 1.8
300 60 165 0.9
300 70 174 0.8
300 80 182 3.6
300 90 218 4.5
301 0 0 4
301 10 40 3.7
301 20 77 3.3
301 30 110 2.5
301 40 135 1.2
301 50 147 1.8
301 60 165 0.9
301 70 174 0.8
301 80 182 3.6
301 90 218 4.5
302 0 0 4
302 10 40 3.7
302 20 77 3.3
302 30 110 2.5
302 40 135 1.2
302 50 147 1.8
302 60 165 0.9
302 70 174 0.8
302 80 182 3.6
302 90 218 4.5
303 0 0 4
303 10 40 3.7
303 20 77 3.3
303 30 110 2.5
303 40 135 1.2
303 50 147 1.8
303 60 165 0.9
303 70 174 0.8
303 80 182 3.6
303 90 218 4.5
304 0 0 4
304 10 40 3.7
304 20 77 3.3
304 30 110 2.5
304 40 135 1.2
304 50 147 1.8
304 60 165 0.9
304 70 174 0.8
304 80 182 3.6
304 90 218 4.5
305 0 0 4
305 10 40 3.7
305 20 77 3.3
305 30 110 2.5
305 40 135 1.2
305 50 147 1.8
305 60 165 0.9
305 70 174 0.8
305 80 182 3.6
305 90 218 4.5
306 0 0 4
306 10 40 3.7
306 20 77 3.3
306 30 110 2.5
306 40 135 1.2
306 50 147 1.8
306 60 165 0.9
306 70 174 0.8
306 80 182 3.6
306 90 218 4.5
307 0 0 4
307 10 40 3.7
307 20 77 3.3
307 30 110 2.5
307 40 135 1.2
307 50 147 1.8
307 60 165 0.9
307 70 174 0.8
307 80 182 3.6
307 90 218 4.5
308 0 0 4
308 10 40 3.7
308 20 77 3.3
308 30 110 2.5
308 40 135 1.2
308 50 147 1.8
308 60 165 0.9
308 70 174 0.8
308 80 182 3.6
308 90 218 4.5
309 0 0 4
309 10 40 3.7
309 20 77 3.3
309 30 110 2.5
309 40 135 1.2
309 50 147 1.8
309 60 165 0.9
309 70 174 0.8
309 80 182 3.6
309 90 218 4.5
310 0 0 4
310 10 40 3.7
310 20 77 3.3
310 30 110 2.5
310 40 135 1.2
310 50 147 1.8
310 60 165 0.9
310 70 174 0.8
310 80 182 3.6
310 90 218 4.5
311 0 0 4
311 10 40 3.7
311 20 77 3.3
311 30 110 2.5
311 40 135 1.2
311 50 147 1.8
311 60 165 0.9
311 70 174 0.8
311 80 182 3.6
311 90 218 4.5
312 0 0 4
312 10 40 3.7
312 20 77 3.3
312 30 110 2.5
312 40 135 1.2
312 50 147 1.8
312 60 165 0.9
312 70 174 0.8
312 80 182 3.6
312 90 218 4.5
313 0 0 4
313 10 40 3.7
313 20 77 3.3
313 30 110 2.5
313 40 135 1.2
313 50 147 1.8
313 60 165 0.9
313 70 174 0.8
313 80 182 3.6
313 90 218 4.5
314 0 0 4
314 10 40 3.7
314 20 77 3.3
314 30 110 2.5
314 40 135 1.2
314 50 147 1.8
314 60 165 0.9
314 70 174 0.8
314 80 182 3.6
314 90 218 4.5
315 0 0 4
315 10 40 3.7
315 20 77 3.3
315 30 110 2.5
315 40 135 1.2
315 50 147 1.8
315 60 165 0.9
315 70 174 0.8
315 80 182 3.6
315 90 218 4.5
316 0 0 4
316 10 40 3.7
316 20 77 3.3
316 30 110 2.5
316 40 135 1.2
316 50 147 1.8
316 60 165 0.9
316 70 174 0.8
316 80 182 3.6
316 90 218 4.5
317 0 0 4
317 10 40 3.7
317 20 77 3.3
317 30 110 2.5
317 40 135 1.2
317 50 147 1.8
317 60 165 0.9
317 70 174 0.8
317 80 182 3.6
317 90 218 4.5
318 0 0 4
318 10 40 3.7
318 20 77 3.3
318 30 110 2.5
318 40 135 1.2
318 50 147 1.8
318 60 165 0.9
318 70 174 0.8
318 80 182 3.6
318 90 218 4.5
319 0 0 4
319 10 40 3.7
319 20 77 3.3
319 30 110 2.5
319 40 135 1.2
319 50 147 1.8
319 60 165 0.9
319 70 174 0.8
319 80 182 3.6
319 90 218 4.5
320 0 0 4
320 10 40 3.7
320 20 77 3.3
320 30 110 2.5
320 40 135 1.2
320 50 147 1.8
320 60 165 0.9
320 70 174 0.8
320 80 182 3.6
320 90 218 4.5
321 0 0 4
321 10 40 3.7
321 20 77 3.3
321 30 110 2.5
321 40 135 1.2
321 50 147 1.8
321 60 165 0.9
321 70 174 0.8
321 80 182 3.6
321 90 218 4.5
322 0 0 4
322 10 40 3.7
322 20 77 3.3
322 30 110 2.5
322 40 135 1.2
322 50 147 1.8
322 60 165 0.9
322 70 174 0.8
322 80 182 3.6
322 90 218 4.5
323 0 0 4
323 10 40 3.7
323 20 77 3.3
323 30 110 2.5
323 40 135 1.2
323 50 147 1.8
323 60 165 0.9
323 70 174 0.8
323 80 182 3.6
323 90 218 4.5
324 0 0 4
324 10 40 3.7
324 20 77 3.3
324 30 110 2.5
324 40 135 1.2
324 50 147 1.8
324 60 165 0.9
324 70 174 0.8
324 80 182 3.6
324 90 218 4.5
325 0 0 4
325 10 40 3.7
325 20 77 3.3
325 30 110 2.5
325 40 135 1.2
325 50 147 1.8
325 60 165 0.9
325 70 174 0.8
325 80 182 3.6
325 90 218 4.5
326 0 0 4
326 10 40 3.7
326 20 77 3.3
326 30 110 2.5
326 40 135 1.2
326 50 147 1.8
326 60 165 0.9
326 70 174 0.8
326 80 182 3.6
326 90 218 4.5
327 0 0 4
327 10 40 3.7
327 20 77 3.3
327 30 110 2.5
327 40 135 1.2
327 50 147 1.8
327 60 165 0.9
327 70 174 0.8
327 80 182 3.6
327 90 218 4.5
328 0 0 4
328 10 40 3.7
328 20 77 3.3
328 30 110 2.5
328 40 135 1.2
328 50 147 1.8
328 60 165 0.9
328 70 174 0.8
328 80 182 3.6
328 90 218 4.5
329 0 0 4
329 10 40 3.7
329 20 77 3.3
329 30 110 2.5
329 40 135 1.2
329 50 147 1.8
329 60 165 0.9
329 70 174 0.8
329 80 182 3.6
329 90 218 4.5
330 0 0 4
330 10 40 3.7
330 20 77 3.3
330 30 110 2.5
330 40 135 1.2
330 50 147 1.8
330 60 165 0.9
330 70 174 0.8
330 80 182 3.6
330 90 218 4.5
331 0 0 4
331 10 40 3.7
331 20 77 3.3
331 30 110 2.5
331 40 135 1.2
331 50 147 1.8
331 60 165 0.9
331 70 174 0.8
331 80 182 3.6
331 90 218 4.5
332 0 0 4
332 10 40 3.7
332 20 77 3.3
332 30 110 2.5
332 40 135 1.2
332 50 147 1.8
332 60 165 0.9
332 70 174 0.8
332 80 182 3.6
332 90 218 4.5
333 0 0 4
333 10 40 3.7
333 20 77 3.3
333 30 110 2.5
333 40 135 1.2
333 50 147 1.8
333 60 165 0.9
333 70 174 0.8
333 80 182 3.6
333 90 218 4.5
334 0 0 4
334 10 40 3.7
334 20 77 3.3
334 30 110 2.5
334 40 135 1.2
334 50 147 1.8
334 60 165 0.9
334 70 174 0.8
334 80 182 3.6
334 90 218 4.5
335 0 0 4
335 10 40 3.7
335 20 77 3.3
335 30 110 2.5
335 40 135 1.2
335 50 147 1.8
335 60 165 0.9
335 70 174 0.8
335 80 182 3.6
335 90 218 4.5
336 0 0 4
336 10 40 3.7
336 20 77 3.3
336 30 110 2.5
336 40 135 1.2
336 50 147 1.8
336 60 165 0.9
336 70 174 0.8
336 80 182 3.6
336 90 218 4.5
337 0 0 4
337 10 40 3.7
337 20 77 3.3
337 30 110 2.5
337 40 135 1.2
337 50 147 1.8
337 60 165 0.9
337 70 174 0.8
337 80 182 3.6
337 90 218 4.5
338 0 0 4
338 10 40 3.7
338 20 77 3.3
338 30 110 2.5
338 40 135 1.2
338 50 147 1.8
338 60 165 0.9
338 70 174 0.8
338 80 182 3.6
338 90 218 4.5
339 0 0 4
339 10 40 3.7
339 20 77 3.3
339 30 110 2.5
339 40 135 1.2
339 50 147 1.8
339 60 165 0.9
339 70 174 0.8
339 80 182 3.6
339 90 218 4.5
340 0 0 4
340 10 40 3.7
340 20 77 3.3
340 30 110 2.5
340 40 135 1.2
340 50 147 1.8
340 60 165 0.9
340 70 174 0.8
340 80 182 3.6
340 90 218 4.5
341 0 0 4
341 10 40 3.7
341 20 77 3.3
341 30 110 2.5
341 40 135 1.2
341 50 147 1.8
341 60 165 0.9
341 70 174 0.8
341 80 182 3.6
341 90 218 4.5
342 0 0 4
342 10 40 3.7
342 20 77 3.3
342 30 110 2.5
342 40 135 1.2
342 50 147 1.8
342 60 165 0.9
342 70 174 0.8
342 80 182 3.6
342 90 218 4.5
343 0 0 4
343 10 40 3.7
343 20 77 3.3
343 30 110 2.5
343 40 135 1.2
343 50 147 1.8
343 60 165 0.9
343 70 174 0.8
343 80 182 3.6
343 90 218 4.5
344 0 0 4
344 10 40 3.7
344 20 77 3.3
344 30 110 2.5
344 40 135 1.2
344 50 147 1.8
344 60 165 0.9
344 70 174 0.8
344 80 182 3.6
344 90 218 4.5
345 0 0 4
345 10 40 3.7
345 20 77 3.3
345 30 110 2.5
345 40 135 1.2
345 50 147 1.8
345 60 165 0.9
345 70 174 0.8
345 80 182 3.6
345 90 218 4.5
346 0 0 4
346 10 40 3.7
346 20 77 3.3
346 30 110 2.5
346 40 135 1.2
346 50 147 1.8
346 60 165 0.9
346 70 174 0.8
346 80 182 3.6
346 90 218 4.5
347 0 0 4
347 10 40 3.7
347 20 77 3.3
347 30 110 2.5
347 40 135 1.2
347 50 147 1.8
347 60 165 0.9
347 70 174 0.8
347 80 182 3.6
347 90 218 4.5
348 0 0 4
348 10 40 3.7
348 20 77 3.3
348 30 110 2.5
348 40 135 1.2
348 50 147 1.8
348 60 165 0.9
348 70 174 0.8
348 80 182 3.6
348 90 218 4.5
349 0 0 4
349 10 40 3.7
349 20 77 3.3
349 30 110 2.5
349 40 135 1.2
349 50 147 1.8
349 60 165 0.9
349 70 174 0.8
349 80 182 3.6
349 90 218 4.5
350 0 0 4
350 10 40 3.7
350 20 77 3.3
350 30 110 2.5
350 40 135 1.2
350 50 147 1.8
350 60 165 0.9
350 70 174 0.8
350 80 182 3.6
350 90 218 4.5
351 0 0 4
351 10 40 3.7
351 20 77 3.3
351 30 110 2.5
351 40 135 1.2
351 50 147 1.8
351 60 165 0.9
351 70 174 0.8
351 80 182 3.6
351 90 218 4.5
352 0 0 4
352 10 40 3.7
352 20 77 3.3
352 30 110 2.5
352 40 135 1.2
352 50 147 1.8
352 60 165 0.9
352 70 174 0.8
352 80 182 3.6
352 90 218 4.5
353 0 0 4
353 10 40 3.7
353 20 77 3.3
353 30 110 2.5
353 40 135 1.2
353 50 147 1.8
353 60 165 0.9
353 70 174 0.8
353 80 182 3.6
353 90 218 4.5
354 0 0 4
354 10 40 3.7
354 20 77 3.3
354 30 110 2.5
354 40 135 1.2
354 50 147 1.8
354 60 165 0.9
354 70 174 0.8
354 80 182 3.6
354 90 218 4.5
355 0 0 4
355 10 40 3.7
355 20 77 3.3
355 30 110 2.5
355 40 135 1.2
355 50 147 1.8
355 60 165 0.9
355 70 174 0.8
355 80 182 3.6
355 90 218 4.5
356 0 0 4
356 10 40 3.7
356 20 77 3.3
356 30 110 2.5
356 40 135 1.2
356 50 147 1.8
356 60 165 0.9
356 70 174 0.8
356 80 182 3.6
356 90 218 4.5
357 0 0 4
357 10 40 3.7
357 20 77 3.3
357 30 110 2.5
357 40 135 1.2
357 50 147 1.8
357 60 165 0.9
357 70 174 0.8
357 80 182 3.6
357 90 218 4.5
358 0 0 4
358 10 40 3.7
358 20 77 3.3
358 30 110 2.5
358 40 135 1.2
358 50 147 1.8
358 60 165 0.9
358 70 174 0.8
358 80 182 3.6
358 90 218 4.5
359 0 0 4
359 10 40 3.7
359 20 77 3.3
359 30 110 2.5
359 40 135 1.2
359 50 147 1.8
359 60 165 0.9
359 70 174 0.8
359 80 182 3.6
359 90 218 4.5
360 0 0 4
360 10 40 3.7
360 20 77 3.3
360 30 110 2.5
360 40 135 1.2
360 50 147 1.8
360 60 165 0.9
360 70 174 0.8
360 80 182 3.6
360 90 218 4.5
361 0 0 4
361 10 40 3.7
361 20 77 3.3
361 30 110 2.5
361 40 135 1.2
361 50 147 1.8
361 60 165 0.9
361 70 174 0.8
361 80 182 3.6
361 90 218 4.5
362 0 0 4
362 10 40 3.7
362 20 77 3.3
362 30 110 2.5
362 40 135 1.2
362 50 147 1.8
362 60 165 0.9
362 70 174 0.8
362 80 182 3.6
362 90 218 4.5
363 0 0 4
363 10 40 3.7
363 20 77 3.3
363 30 110 2.5
363 40 135 1.2
363 50 147 1.8
363 60 165 0.9
363 70 174 0.8
363 80 182 3.6
363 90 218 4.5
364 0 0 4
364 10 40 3.7
364 20 77 3.3
364 30 110 2.5
364 40 135 1.2
364 50 147 1.8
364 60 165 0.9
364 70 174 0.8
364 80 182 3.6
364 90 218 4.5
365 0 0 4
365 10 40 3.7
365 20 77 3.3
365 30 110 2.5
365 40 135 1.2
365 50 147 1.8
365 60 165 0.9
365 70 174 0.8
365 80 182 3.6
365 90 218 4.5
366 0 0 4
366 10 40 3.7
366 20 77 3.3
366 30 110 2.5
366 40 135 1.2
366 50 147 1.8
366 60 165 0.9
366 70 174 0.8
366 80 182 3.6
366 90 218 4.5
367 0 0 4
367 10 40 3.7
367 20 77 3.3
367 30 110 2.5
367 40 135 1.2
367 50 147 1.8
367 60 165 0.9
367 70 174 0.8
367 80 182 3.6
367 90 218 4.5
368 0 0 4
368 10 40 3.7
368 20 77 3.3
368 30 110 2.5
368 40 135 1.2
368 50 147 1.8
368 60 165 0.9
368 70 174 0.8
368 80 182 3.6
368 90 218 4.5
369 0 0 4
369 10 40 3.7
369 20 77 3.3
369 30 110 2.5
369 40 135 1.2
369 50 147 1.8
369 60 165 0.9
369 70 174 0.8
369 80 182 3.6
369 90 218 4.5
370 0 0 4
370 10 40 3.7
370 20 77 3.3
370 30 110 2.5
370 40 135 1.2
370 50 147 1.8
370 60 165 0.9
370 70 174 0.8
370 80 182 3.6
370 90 218 4.5
371 0 0 4
371 10 40 3.7
371 20 77 3.3
371 30 110 2.5
371 40 135 1.2
371 50 147 1.8
371 60 165 0.9
371 70 174 0.8
371 80 182 3.6
371 90 218 4.5
372 0 0 4
372 10 40 3.7
372 20 77 3.3
372 30 110 2.5
372 40 135 1.2
372 50 147 1.8
372 60 165 0.9
372 70 174 0.8
372 80 182 3.6
372 90 218 4.5
373 0 0 4
373 10 40 3.7
373 20 77 3.3
373 30 110 2.5
373 40 135 1.2
373 50 147 1.8
373 60 165 0.9
373 70 174 0.8
373 80 182 3.6
373 90 218 4.5
374 0 0 4
374 10 40 3.7
374 20 77 3.3
374 30 110 2.5
374 40 135 1.2
374 50 147 1.8
374 60 165 0.9
374 70 174 0.8
374 80 182 3.6
374 90 218 4.5
375 0 0 4
375 10 40 3.7
375 20 77 3.3
375 30 110 2.5
375 40 135 1.2
375 50 147 1.8
375 60 165 0.9
375 70 174 0.8
375 80 182 3.6
375 90 218 4.5
376 0 0 4
376 10 40 3.7
376 20 77 3.3
376 30 110 2.5
376 40 135 1.2
376 50 147 1.8
376 60 165 0.9
376 70 174 0.8
376 80 182 3.6
376 90 218 4.5
377 0 0 4
377 10 40 3.7
377 20 77 3.3
377 30 110 2.5
377 40 135 1.2
377 50 147 1.8
377 60 165 0.9
377 70 174 0.8
377 80 182 3.6
377 90 218 4.5
378 0 0 4
378 10 40 3.7
378 20 77 3.3
378 30 110 2.5
378 40 135 1.2
378 50 147 1.8
378 60 165 0.9
378 70 174 0.8
378 80 182 3.6
378 90 218 4.5
379 0 0 4
379 10 40 3.7
379 20 77 3.3
379 30 110 2.5
379 40 135 1.2
379 50 147 1.8
379 60 165 0.9
379 70 174 0.8
379 80 182 3.6
379 90 218 4.5
380 0 0 4
380 10 40 3.7
380 20 77 3.3
380 30 110 2.5
380 40 135 1.2
380 50 147 1.8
380 60 165 0.9
380 70 174 0.8
380 80 182 3.6
380 90 218 4.5
381 0 0 4
381 10 40 3.7
381 20 77 3.3
381 30 110 2.5
381 40 135 1.2
381 50 147 1.8
381 60 165 0.9
381 70 174 0.8
381 80 182 3.6
381 90 218 4.5
382 0 0 4
382 10 40 3.7
382 20 77 3.3
382 30 110 2.5
382 40 135 1.2
382 50 147 1.8
382 60 165 0.9
382 70 174 0.8
382 80 182 3.6
382 90 218 4.5
383 0 0 4
383 10 40 3.7
383 20 77 3.3
383 30 110 2.5
383 40 135 1.2
383 50 147 1.8
383 60 165 0.9
383 70 174 0.8
383 80 182 3.6
383 90 218 4.5
384 0 0 4
384 10 40 3.7
384 20 77 3.3
384 30 110 2.5
384 40 135 1.2
384 50 147 1.8
384 60 165 0.9
384 70 174 0.8
384 80 182 3.6
384 90 218 4.5
385 0 0 4
385 10 40 3.7
385 20 77 3.3
385 30 110 2.5
385 40 135 1.2
385 50 147 1.8
385 60 165 0.9
385 70 174 0.8
385 80 182 3.6
385 90 218 4.5
386 0 0 4
386 10 40 3.7
386 20 77 3.3
386 30 110 2.5
386 40 135 1.2
386 50 147 1.8
386 60 165 0.9
386 70 174 0.8
386 80 182 3.6
386 90 218 4.5
387 0 0 4
387 10 40 3.7
387 20 77 3.3
387 30 110 2.5
387 40 135 1.2
387 50 147 1.8
387 60 165 0.9
387 70 174 0.8
387 80 182 3.6
387 90 218 4.5
388 0 0 4
388 10 40 3.7
388 20 77 3.3
388 30 110 2.5
388 40 135 1.2
388 50 147 1.8
388 60 165 0.9
388 70 174 0.8
388 80 182 3.6
388 90 218 4.5
389 0 0 4
389 10 40 3.7
389 20 77 3.3
389 30 110 2.5
389 40 135 1.2
389 50 147 1.8
389 60 165 0.9
389 70 174 0.8
389 80 182 3.6
389 90 218 4.5
390 0 0 4
390 10 40 3.7
390 20 77 3.3
390 30 110 2.5
390 40 135 1.2
390 50 147 1.8
390 60 165 0.9
390 70 174 0.8
390 80 182 3.6
390 90 218 4.5
391 0 0 4
391 10 40 3.7
391 20 77 3.3
391 30 110 2.5
391 40 135 1.2
391 50 147 1.8
391 60 165 0.9
391 70 174 0.8
391 80 182 3.6
391 90 218 4.5
392 0 0 4
392 10 40 3.7
392 20 77 3.3
392 30 110 2.5
392 40 135 1.2
392 50 147 1.8
392 60 165 0.9
392 70 174 0.8
392 80 182 3.6
392 90 218 4.5
393 0 0 4
393 10 40 3.7
393 20 77 3.3
393 30 110 2.5
393 40 135 1.2
393 50 147 1.8
393 60 165 0.9
393 70 174 0.8
393 80 182 3.6
393 90 218 4.5
394 0 0 4
394 10 40 3.7
394 20 77 3.3
394 30 110 2.5
394 40 135 1.2
394 50 147 1.8
394 60 165 0.9
394 70 174 0.8
394 80 182 3.6
394 90 218 4.5
395 0 0 4
395 10 40 3.7
395 20 77 3.3
395 30 110 2.5
395 40 135 1.2
395 50 147 1.8
395 60 165 0.9
395 70 174 0.8
395 80 182 3.6
395 90 218 4.5
396 0 0 4
396 10 40 3.7
396 20 77 3.3
396 30 110 2.5
396 40 135 1.2
396 50 147 1.8
396 60 165 0.9
396 70 174 0.8
396 80 182 3.6
396 90 218 4.5
397 0 0 4
397 10 40 3.7
397 20 77 3.3
397 30 110 2.5
397 40 135 1.2
397 50 147 1.8
397 60 165 0.9
397 70 174 0.8
397 80 182 3.6
397 90 218 4.5
398 0 0 4
398 10 40 3.7
398 20 77 3.3
398 30 110 2.5
398 40 135 1.2
398 50 147 1.8
398 60 165 0.9
398 70 174 0.8
398 80 182 3.6
398 90 218 4.5
399 0 0 4
399 10 40 3.7
399 20 77 3.3
399 30 110 2.5
399 40 135 1.2
399 50 147 1.8
399 60 165 0.9
399 70 174 0.8
399 80 182 3.6
399 90 218 4.5
400 0 0 4
400 10 40 3.7
400 20 77 3.3
400 30 110 2.5
400 40 135 1.2
400 50 147 1.8
400 60 165 0.9
400 70 174 0.8
400 80 182 3.6
400 90 218 4.5
401 0 0 4
401 10 40 3.7
401 20 77 3.3
401 30 110 2.5
401 40 135 1.2
401 50 147 1.8
401 60 165 0.9
401 70 174 0.8
401 80 182 3.6
401 90 218 4.5
402 0 0 4
402 10 40 3.7
402 20 77 3.3
402 30 110 2.5
402 40 135 1.2
402 50 147 1.8
402 60 165 0.9
402 70 174 0.8
402 80 182 3.6
402 90 218 4.5
403 0 0 4
403 10 40 3.7
403 20 77 3.3
403 30 110 2.5
403 40 135 1.2
403 50 147 1.8
403 60 165 0.9
403 70 174 0.8
403 80 182 3.6
403 90 218 4.5
404 0 0 4
404 10 40 3.7
404 20 77 3.3
404 30 110 2.5
404 40 135 1.2
404 50 147 1.8
404 60 165 0.9
404 70 174 0.8
404 80 182 3.6
404 90 218 4.5
405 0 0 4
405 10 40 3.7
405 20 77 3.3
405 30 110 2.5
405 40 135 1.2
405 50 147 1.8
405 60 165 0.9
405 70 174 0.8
405 80 182 3.6
405 90 218 4.5
406 0 0 4
406 10 40 3.7
406 20 77 3.3
406 30 110 2.5
406 40 135 1.2
406 50 147 1.8
406 60 165 0.9
406 70 174 0.8
406 80 182 3.6
406 90 218 4.5
407 0 0 4
407 10 40 3.7
407 20 77 3.3
407 30 110 2.5
407 40 135 1.2
407 50 147 1.8
407 60 165 0.9
407 70 174 0.8
407 80 182 3.6
407 90 218 4.5
408 0 0 4
408 10 40 3.7
408 20 77 3.3
408 30 110 2.5
408 40 135 1.2
408 50 147 1.8
408 60 165 0.9
408 70 174 0.8
408 80 182 3.6
408 90 218 4.5
409 0 0 4
409 10 40 3.7
409 20 77 3.3
409 30 110 2.5
409 40 135 1.2
409 50 147 1.8
409 60 165 0.9
409 70 174 0.8
409 80 182 3.6
409 90 218 4.5
410 0 0 4
410 10 40 3.7
410 20 77 3.3
410 30 110 2.5
410 40 135 1.2
410 50 147 1.8
410 60 165 0.9
410 70 174 0.8
410 80 182 3.6
410 90 218 4.5
411 0 0 4
411 10 40 3.7
411 20 77 3.3
411 30 110 2.5
411 40 135 1.2
411 50 147 1.8
411 60 165 0.9
411 70 174 0.8
411 80 182 3.6
411 90 218 4.5
412 0 0 4
412 10 40 3.7
412 20 77 3.3
412 30 110 2.5
412 40 135 1.2
412 50 147 1.8
412 60 165 0.9
412 70 174 0.8
412 80 182 3.6
412 90 218 4.5
413 0 0 4
413 10 40 3.7
413 20 77 3.3
413 30 110 2.5
413 40 135 1.2
413 50 147 1.8
413 60 165 0.9
413 70 174 0.8
413 80 182 3.6
413 90 218 4.5
414 0 0 4
414 10 40 3.7
414 20 77 3.3
414 30 110 2.5
414 40 135 1.2
414 50 147 1.8
414 60 165 0.9
414 70 174 0.8
414 80 182 3.6
414 90 218 4.5
415 0 0 4
415 10 40 3.7
415 20 77 3.3
415 30 110 2.5
415 40 135 1.2
415 50 147 1.8
415 60 165 0.9
415 70 174 0.8
415 80 182 3.6
415 90 218 4.5
416 0 0 4
416 10 40 3.7
416 20 77 3.3
416 30 110 2.5
416 40 135 1.2
416 50 147 1.8
416 60 165 0.9
416 70 174 0.8
416 80 182 3.6
416 90 218 4.5
417 0 0 4
417 10 40 3.7
417 20 77 3.3
417 30 110 2.5
417 40 135 1.2
417 50 147 1.8
417 60 165 0.9
417 70 174 0.8
417 80 182 3.6
417 90 218 4.5
418 0 0 4
418 10 40 3.7
418 20 77 3.3
418 30 110 2.5
418 40 135 1.2
418 50 147 1.8
418 60 165 0.9
418 70 174 0.8
418 80 182 3.6
418 90 218 4.5
419 0 0 4
419 10 40 3.7
419 20 77 3.3
419 30 110 2.5
419 40 135 1.2
419 50 147 1.8
419 60 165 0.9
419 70 174 0.8
419 80 182 3.6
419 90 218 4.5
420 0 0 4
420 10 40 3.7
420 20 77 3.3
420 30 110 2.5
420 40 135 1.2
420 50 147 1.8
420 60 165 0.9
420 70 174 0.8
420 80 182 3.6
420 90 218 4.5
421 0 0 4
421 10 40 3.7
421 20 77 3.3
421 30 110 2.5
421 40 135 1.2
421 50 147 1.8
421 60 165 0.9
421 70 174 0.8
421 80 182 3.6
421 90 218 4.5
422 0 0 4
422 10 40 3.7
422 20 77 3.3
422 30 110 2.5
422 40 135 1.2
422 50 147 1.8
422 60 165 0.9
422 70 174 0.8
422 80 182 3.6
422 90 218 4.5
423 0 0 4
423 10 40 3.7
423 20 77 3.3
423 30 110 2.5
423 40 135 1.2
423 50 147 1.8
423 60 165 0.9
423 70 174 0.8
423 80 182 3.6
423 90 218 4.5
424 0 0 4
424 10 40 3.7
424 20 77 3.3
424 30 110 2.5
424 40 135 1.2
424 50 147 1.8
424 60 165 0.9
424 70 174 0.8
424 80 182 3.6
424 90 218 4.5
425 0 0 4
425 10 40 3.7
425 20 77 3.3
425 30 110 2.5
425 40 135 1.2
425 50 147 1.8
425 60 165 0.9
425 70 174 0.8
425 80 182 3.6
425 90 218 4.5
426 0 0 4
426 10 40 3.7
426 20 77 3.3
426 30 110 2.5
426 40 135 1.2
426 50 147 1.8
426 60 165 0.9
426 70 174 0.8
426 80 182 3.6
426 90 218 4.5
427 0 0 4
427 10 40 3.7
427 20 77 3.3
427 30 110 2.5
427 40 135 1.2
427 50 147 1.8
427 60 165 0.9
427 70 174 0.8
427 80 182 3.6
427 90 218 4.5
428 0 0 4
428 10 40 3.7
428 20 77 3.3
428 30 110 2.5
428 40 135 1.2
428 50 147 1.8
428 60 165 0.9
428 70 174 0.8
428 80 182 3.6
428 90 218 4.5
429 0 0 4
429 10 40 3.7
429 20 77 3.3
429 30 110 2.5
429 40 135 1.2
429 50 147 1.8
429 60 165 0.9
429 70 174 0.8
429 80 182 3.6
429 90 218 4.5
430 0 0 4
430 10 40 3.7
430 20 77 3.3
430 30 110 2.5
430 40 135 1.2
430 50 147 1.8
430 60 165 0.9
430 70 174 0.8
430 80 182 3.6
430 90 218 4.5
431 0 0 4
431 10 40 3.7
431 20 77 3.3
431 30 110 2.5
431 40 135 1.2
431 50 147 1.8
431 60 165 0.9
431 70 174 0.8
431 80 182 3.6
431 90 218 4.5
432 0 0 4
432 10 40 3.7
432 20 77 3.3
432 30 110 2.5
432 40 135 1.2
432 50 147 1.8
432 60 165 0.9
432 70 174 0.8
432 80 182 3.6
432 90 218 4.5
433 0 0 4
433 10 40 3.7
433 20 77 3.3
433 30 110 2.5
433 40 135 1.2
433 50 147 1.8
433 60 165 0.9
433 70 174 0.8
433 80 182 3.6
433 90 218 4.5
434 0 0 4
434 10 40 3.7
434 20 77 3.3
434 30 110 2.5
434 40 135 1.2
434 50 147 1.8
434 60 165 0.9
434 70 174 0.8
434 80 182 3.6
434 90 218 4.5
435 0 0 4
435 10 40 3.7
435 20 77 3.3
435 30 110 2.5
435 40 135 1.2
435 50 147 1.8
435 60 165 0.9
435 70 174 0.8
435 80 182 3.6
435 90 218 4.5
436 0 0 4
436 10 40 3.7
436 20 77 3.3
436 30 110 2.5
436 40 135 1.2
436 50 147 1.8
436 60 165 0.9
436 70 174 0.8
436 80 182 3.6
436 90 218 4.5
437 0 0 4
437 10 40 3.7
437 20 77 3.3
437 30 110 2.5
437 40 135 1.2
437 50 147 1.8
437 60 165 0.9
437 70 174 0.8
437 80 182 3.6
437 90 218 4.5
438 0 0 4
438 10 40 3.7
438 20 77 3.3
438 30 110 2.5
438 40 135 1.2
438 50 147 1.8
438 60 165 0.9
438 70 174 0.8
438 80 182 3.6
438 90 218 4.5
439 0 0 4
439 10 40 3.7
439 20 77 3.3
439 30 110 2.5
439 40 135 1.2
439 50 147 1.8
439 60 165 0.9
439 70 174 0.8
439 80 182 3.6
439 90 218 4.5
440 0 0 4
440 10 40 3.7
440 20 77 3.3
440 30 110 2.5
440 40 135 1.2
440 50 147 1.8
440 60 165 0.9
440 70 174 0.8
440 80 182 3.6
440 90 218 4.5
441 0 0 4
441 10 40 3.7
441 20 77 3.3
441 30 110 2.5
441 40 135 1.2
441 50 147 1.8
441 60 165 0.9
441 70 174 0.8
441 80 182 3.6
441 90 218 4.5
442 0 0 4
442 10 40 3.7
442 20 77 3.3
442 30 110 2.5
442 40 135 1.2
442 50 147 1.8
442 60 165 0.9
442 70 174 0.8
442 80 182 3.6
442 90 218 4.5
443 0 0 4
443 10 40 3.7
443 20 77 3.3
443 30 110 2.5
443 40 135 1.2
443 50 147 1.8
443 60 165 0.9
443 70 174 0.8
443 80 182 3.6
443 90 218 4.5
444 0 0 4
444 10 40 3.7
444 20 77 3.3
444 30 110 2.5
444 40 135 1.2
444 50 147 1.8
444 60 165 0.9
444 70 174 0.8
444 80 182 3.6
444 90 218 4.5
445 0 0 4
445 10 40 3.7
445 20 77 3.3
445 30 110 2.5
445 40 135 1.2
445 50 147 1.8
445 60 165 0.9
445 70 174 0.8
445 80 182 3.6
445 90 218 4.5
446 0 0 4
446 10 40 3.7
446 20 77 3.3
446 30 110 2.5
446 40 135 1.2
446 50 147 1.8
446 60 165 0.9
446 70 174 0.8
446 80 182 3.6
446 90 218 4.5
447 0 0 4
447 10 40 3.7
447 20 77 3.3
447 30 110 2.5
447 40 135 1.2
447 50 147 1.8
447 60 165 0.9
447 70 174 0.8
447 80 182 3.6
447 90 218 4.5
448 0 0 4
448 10 40 3.7
448 20 77 3.3
448 30 110 2.5
448 40 135 1.2
448 50 147 1.8
448 60 165 0.9
448 70 174 0.8
448 80 182 3.6
448 90 218 4.5
449 0 0 4
449 10 40 3.7
449 20 77 3.3
449 30 110 2.5
449 40 135 1.2
449 50 147 1.8
449 60 165 0.9
449 70 174 0.8
449 80 182 3.6
449 90 218 4.5
450 0 0 4
450 10 40 3.7
450 20 77 3.3
450 30 110 2.5
450 40 135 1.2
450 50 147 1.8
450 60 165 0.9
450 70 174 0.8
450 80 182 3.6
450 90 218 4.5
451 0 0 4
451 10 40 3.7
451 20 77 3.3
451 30 110 2.5
451 40 135 1.2
451 50 147 1.8
451 60 165 0.9
451 70 174 0.8
451 80 182 3.6
451 90 218 4.5
452 0 0 4
452 10 40 3.7
452 20 77 3.3
452 30 110 2.5
452 40 135 1.2
452 50 147 1.8
452 60 165 0.9
452 70 174 0.8
452 80 182 3.6
452 90 218 4.5
453 0 0 4
453 10 40 3.7
453 20 77 3.3
453 30 110 2.5
453 40 135 1.2
453 50 147 1.8
453 60 165 0.9
453 70 174 0.8
453 80 182 3.6
453 90 218 4.5
454 0 0 4
454 10 40 3.7
454 20 77 3.3
454 30 110 2.5
454 40 135 1.2
454 50 147 1.8
454 60 165 0.9
454 70 174 0.8
454 80 182 3.6
454 90 218 4.5
455 0 0 4
455 10 40 3.7
455 20 77 3.3
455 30 110 2.5
455 40 135 1.2
455 50 147 1.8
455 60 165 0.9
455 70 174 0.8
455 80 182 3.6
455 90 218 4.5
456 0 0 4
456 10 40 3.7
456 20 77 3.3
456 30 110 2.5
456 40 135 1.2
456 50 147 1.8
456 60 165 0.9
456 70 174 0.8
456 80 182 3.6
456 90 218 4.5
457 0 0 4
457 10 40 3.7
457 20 77 3.3
457 30 110 2.5
457 40 135 1.2
457 50 147 1.8
457 60 165 0.9
457 70 174 0.8
457 80 182 3.6
457 90 218 4.5
458 0 0 4
458 10 40 3.7
458 20 77 3.3
458 30 110 2.5
458 40 135 1.2
458 50 147 1.8
458 60 165 0.9
458 70 174 0.8
458 80 182 3.6
458 90 218 4.5
459 0 0 4
459 10 40 3.7
459 20 77 3.3
459 30 110 2.5
459 40 135 1.2
459 50 147 1.8
459 60 165 0.9
459 70 174 0.8
459 80 182 3.6
459 90 218 4.5
460 0 0 4
460 10 40 3.7
460 20 77 3.3
460 30 110 2.5
460 40 135 1.2
460 50 147 1.8
460 60 165 0.9
460 70 174 0.8
460 80 182 3.6
460 90 218 4.5
461 0 0 4
461 10 40 3.7
461 20 77 3.3
461 30 110 2.5
461 40 135 1.2
461 50 147 1.8
461 60 165 0.9
461 70 174 0.8
461 80 182 3.6
461 90 218 4.5
462 0 0 4
462 10 40 3.7
462 20 77 3.3
462 30 110 2.5
462 40 135 1.2
462 50 147 1.8
462 60 165 0.9
462 70 174 0.8
462 80 182 3.6
462 90 218 4.5
463 0 0 4
463 10 40 3.7
463 20 77 3.3
463 30 110 2.5
463 40 135 1.2
463 50 147 1.8
463 60 165 0.9
463 70 174 0.8
463 80 182 3.6
463 90 218 4.5
464 0 0 4
464 10 40 3.7
464 20 77 3.3
464 30 110 2.5
464 40 135 1.2
464 50 147 1.8
464 60 165 0.9
464 70 174 0.8
464 80 182 3.6
464 90 218 4.5
465 0 0 4
465 10 40 3.7
465 20 77 3.3
465 30 110 2.5
465 40 135 1.2
465 50 147 1.8
465 60 165 0.9
465 70 174 0.8
465 80 182 3.6
465 90 218 4.5
466 0 0 4
466 10 40 3.7
466 20 77 3.3
466 30 110 2.5
466 40 135 1.2
466 50 147 1.8
466 60 165 0.9
466 70 174 0.8
466 80 182 3.6
466 90 218 4.5
467 0 0 4
467 10 40 3.7
467 20 77 3.3
467 30 110 2.5
467 40 135 1.2
467 50 147 1.8
467 60 165 0.9
467 70 174 0.8
467 80 182 3.6
467 90 218 4.5
468 0 0 4
468 10 40 3.7
468 20 77 3.3
468 30 110 2.5
468 40 135 1.2
468 50 147 1.8
468 60 165 0.9
468 70 174 0.8
468 80 182 3.6
468 90 218 4.5
469 0 0 4
469 10 40 3.7
469 20 77 3.3
469 30 110 2.5
469 40 135 1.2
469 50 147 1.8
469 60 165 0.9
469 70 174 0.8
469 80 182 3.6
469 90 218 4.5
470 0 0 4
470 10 40 3.7
470 20 77 3.3
470 30 110 2.5
470 40 135 1.2
470 50 147 1.8
470 60 165 0.9
470 70 174 0.8
470 80 182 3.6
470 90 218 4.5
471 0 0 4
471 10 40 3.7
471 20 77 3.3
471 30 110 2.5
471 40 135 1.2
471 50 147 1.8
471 60 165 0.9
471 70 174 0.8
471 80 182 3.6
471 90 218 4.5
472 0 0 4
472 10 40 3.7
472 20 77 3.3
472 30 110 2.5
472 40 135 1.2
472 50 147 1.8
472 60 165 0.9
472 70 174 0.8
472 80 182 3.6
472 90 218 4.5
473 0 0 4
473 10 40 3.7
473 20 77 3.3
473 30 110 2.5
473 40 135 1.2
473 50 147 1.8
473 60 165 0.9
473 70 174 0.8
473 80 182 3.6
473 90 218 4.5
474 0 0 4
474 10 40 3.7
474 20 77 3.3
474 30 110 2.5
474 40 135 1.2
474 50 147 1.8
474 60 165 0.9
474 70 174 0.8
474 80 182 3.6
474 90 218 4.5
475 0 0 4
475 10 40 3.7
475 20 77 3.3
475 30 110 2.5
475 40 135 1.2
475 50 147 1.8
475 60 165 0.9
475 70 174 0.8
475 80 182 3.6
475 90 218 4.5
476 0 0 4
476 10 40 3.7
476 20 77 3.3
476 30 110 2.5
476 40 135 1.2
476 50 147 1.8
476 60 165 0.9
476 70 174 0.8
476 80 182 3.6
476 90 218 4.5
477 0 0 4
477 10 40 3.7
477 20 77 3.3
477 30 110 2.5
477 40 135 1.2
477 50 147 1.8
477 60 165 0.9
477 70 174 0.8
477 80 182 3.6
477 90 218 4.5
478 0 0 4
478 10 40 3.7
478 20 77 3.3
478 30 110 2.5
478 40 135 1.2
478 50 147 1.8
478 60 165 0.9
478 70 174 0.8
478 80 182 3.6
478 90 218 4.5
479 0 0 4
479 10 40 3.7
479 20 77 3.3
479 30 110 2.5
479 40 135 1.2
479 50 147 1.8
479 60 165 0.9
479 70 174 0.8
479 80 182 3.6
479 90 218 4.5
480 0 0 4
480 10 40 3.7
480 20 77 3.3
480 30 110 2.5
480 40 135 1.2
480 50 147 1.8
480 60 165 0.9
480 70 174 0.8
480 80 182 3.6
480 90 218 4.5
481 0 0 4
481 10 40 3.7
481 20 77 3.3
481 30 110 2.5
481 40 135 1.2
481 50 147 1.8
481 60 165 0.9
481 70 174 0.8
481 80 182 3.6
481 90 218 4.5
482 0 0 4
482 10 40 3.7
482 20 77 3.3
482 30 110 2.5
482 40 135 1.2
482 50 147 1.8
482 60 165 0.9
482 70 174 0.8
482 80 182 3.6
482 90 218 4.5
483 0 0 4
483 10 40 3.7
483 20 77 3.3
483 30 110 2.5
483 40 135 1.2
483 50 147 1.8
483 60 165 0.9
483 70 174 0.8
483 80 182 3.6
483 90 218 4.5
484 0 0 4
484 10 40 3.7
484 20 77 3.3
484 30 110 2.5
484 40 135 1.2
484 50 147 1.8
484 60 165 0.9
484 70 174 0.8
484 80 182 3.6
484 90 218 4.5
485 0 0 4
485 10 40 3.7
485 20 77 3.3
485 30 110 2.5
485 40 135 1.2
485 50 147 1.8
485 60 165 0.9
485 70 174 0.8
485 80 182 3.6
485 90 218 4.5
486 0 0 4
486 10 40 3.7
486 20 77 3.3
486 30 110 2.5
486 40 135 1.2
486 50 147 1.8
486 60 165 0.9
486 70 174 0.8
486 80 182 3.6
486 90 218 4.5
487 0 0 4
487 10 40 3.7
487 20 77 3.3
487 30 110 2.5
487 40 135 1.2
487 50 147 1.8
487 60 165 0.9
487 70 174 0.8
487 80 182 3.6
487 90 218 4.5
488 0 0 4
488 10 40 3.7
488 20 77 3.3
488 30 110 2.5
488 40 135 1.2
488 50 147 1.8
488 60 165 0.9
488 70 174 0.8
488 80 182 3.6
488 90 218 4.5
489 0 0 4
489 10 40 3.7
489 20 77 3.3
489 30 110 2.5
489 40 135 1.2
489 50 147 1.8
489 60 165 0.9
489 70 174 0.8
489 80 182 3.6
489 90 218 4.5
490 0 0 4
490 10 40 3.7
490 20 77 3.3
490 30 110 2.5
490 40 135 1.2
490 50 147 1.8
490 60 165 0.9
490 70 174 0.8
490 80 182 3.6
490 90 218 4.5
491 0 0 4
491 10 40 3.7
491 20 77 3.3
491 30 110 2.5
491 40 135 1.2
491 50 147 1.8
491 60 165 0.9
491 70 174 0.8
491 80 182 3.6
491 90 218 4.5
492 0 0 4
492 10 40 3.7
492 20 77 3.3
492 30 110 2.5
492 40 135 1.2
492 50 147 1.8
492 60 165 0.9
492 70 174 0.8
492 80 182 3.6
492 90 218 4.5
493 0 0 4
493 10 40 3.7
493 20 77 3.3
493 30 110 2.5
493 40 135 1.2
493 50 147 1.8
493 60 165 0.9
493 70 174 0.8
493 80 182 3.6
493 90 218 4.5
494 0 0 4
494 10 40 3.7
494 20 77 3.3
494 30 110 2.5
494 40 135 1.2
494 50 147 1.8
494 60 165 0.9
494 70 174 0.8
494 80 182 3.6
494 90 218 4.5
495 0 0 4
495 10 40 3.7
495 20 77 3.3
495 30 110 2.5
495 40 135 1.2
495 50 147 1.8
495 60 165 0.9
495 70 174 0.8
495 80 182 3.6
495 90 218 4.5
496 0 0 4
496 10 40 3.7
496 20 77 3.3
496 30 110 2.5
496 40 135 1.2
496 50 147 1.8
496 60 165 0.9
496 70 174 0.8
496 80 182 3.6
496 90 218 4.5
497 0 0 4
497 10 40 3.7
497 20 77 3.3
497 30 110 2.5
497 40 135 1.2
497 50 147 1.8
497 60 165 0.9
497 70 174 0.8
497 80 182 3.6
497 90 218 4.5
498 0 0 4
498 10 40 3.7
498 20 77 3.3
498 30 110 2.5
498 40 135 1.2
498 50 147 1.8
498 60 165 0.9
498 70 174 0.8
498 80 182 3.6
498 90 218 4.5
499 0 0 4
499 10 40 3.7
499 20 77 3.3
499 30 110 2.5
499 40 135 1.2
499 50 147 1.8
499 60 165 0.9
499 70 174 0.8
499 80 182 3.6
499 90 218 4.5
