20 10
0 0 0 3.9
0 10 39 2.2
0 20 61 1.3
0 30 74 4.4
0 40 118 0.7
0 50 125 2
0 60 145 4.3
0 70 188 4
0 80 228 1.3
0 90 241 0.9
1 0 0 3.9
1 10 39 2.2
1 20 61 1.3
1 30 74 4.4
1 40 118 0.7
1 50 125 2
1 60 145 4.3
1 70 188 4
1 80 228 1.3
1 90 241 0.9
2 0 0 3.9
2 10 39 2.2
2 20 61 1.3
2 30 74 4.4
2 40 118 0.7
2 50 125 2
2 60 145 4.3
2 70 188 4
2 80 228 1.3
2 90 241 0.9
3 0 0 3.9
3 10 39 2.2
3 20 61 1.3
3 30 74 4.4
3 40 118 0.7
3 50 125 2
3 60 145 4.3
3 70 188 4
3 80 228 1.3
3 90 241 0.9
4 0 0 3.9
4 10 39 2.2
4 20 61 1.3
4 30 74 4.4
4 40 118 0.7
4 50 125 2
4 60 145 4.3
4 70 188 4
4 80 228 1.3
4 90 241 0.9
5 0 0 3.9
5 10 39 2.2
5 20 61 1.3
5 30 74 4.4
5 40 118 0.7
5 50 125 2
5 60 145 4.3
5 70 188 4
5 80 228 1.3
5 90 241 0.9
6 0 0 3.9
6 10 39 2.2
6 20 61 1.3
6 30 74 4.4
6 40 118 0.7
6 50 125 2
6 60 145 4.3
6 70 188 4
6 80 228 1.3
6 90 241 0.9
7 0 0 3.9
7 10 39 2.2
7 20 61 1.3
7 30 74 4.4
7 40 118 0.7
7 50 125 2
7 60 145 4.3
7 70 188 4
7 80 228 1.3
7 90 241 0.9
8 0 0 3.9
8 10 39 2.2
8 20 61 1.3
8 30 74 4.4
8 40 118 0.7
8 50 125 2
8 60 145 4.3
8 70 188 4
8 80 228 1.3
8 90 241 0.9
9 0 0 3.9
9 10 39 2.2
9 20 61 1.3
9 30 74 4.4
9 40 118 0.7
9 50 125 2
9 60 145 4.3
9 70 188 4
9 80 228 1.3
9 90 241 0.9
10 0 0 3.9
10 10 39 2.2
10 20 61 1.3
10 30 74 4.4
10 40 118 0.7
10 50 125 2
10 60 145 4.3
10 70 188 4
10 80 228 1.3
10 90 241 0.9
11 0 0 3.9
11 10 39 2.2
11 20 61 1.3
11 30 74 4.4
11 40 118 0.7
11 50 125 2
11 60 145 4.3
11 70 188 4
11 80 228 1.3
11 90 241 0.9
12 0 0 3.9
12 10 39 2.2
12 20 61 1.3
12 30 74 4.4
12 40 118 0.7
12 50 125 2
12 60 145 4.3
12 70 188 4
12 80 228 1.3
12 90 241 0.9
13 0 0 3.9
13 10 39 2.2
13 20 61 1.3
13 30 74 4.4
13 40 118 0.7
13 50 125 2
13 60 145 4.3
13 70 188 4
13 80 228 1.3
13 90 241 0.9
14 0 0 3.9
14 10 39 2.2
14 20 61 1.3
14 30 74 4.4
14 40 118 0.7
14 50 125 2
14 60 145 4.3
14 70 188 4
14 80 228 1.3
14 90 241 0.9
15 0 0 3.9
15 10 39 2.2
15 20 61 1.3
15 30 74 4.4
15 40 118 0.7
15 50 125 2
15 60 145 4.3
15 70 188 4
15 80 228 1.3
15 90 241 0.9
16 0 0 3.9
16 10 39 2.2
16 20 61 1.3
16 30 74 4.4
16 40 118 0.7
16 50 125 2
16 60 145 4.3
16 70 188 4
16 80 228 1.3
16 90 241 0.9
17 0 0 3.9
17 10 39 2.2
17 20 61 1.3
17 30 74 4.4
17 40 118 0.7
17 50 125 2
17 60 145 4.3
17 70 188 4
17 80 228 1.3
17 90 241 0.9
18 0 0 3.9
18 10 39 2.2
18 20 61 1.3
18 30 74 4.4
18 40 118 0.7
18 50 125 2
18 60 145 4.3
18 70 188 4
18 80 228 1.3
18 90 241 0.9
19 0 0 3.9
19 10 39 2.2
19 20 61 1.3
19 30 74 4.4
19 40 118 0.7
19 50 125 2
19 60 145 4.3
19 70 188 4
19 80 228 1.3
19 90 241 0.9
