100 10
0 0 0 4.7
0 10 47 1.7
0 20 64 4.7
0 30 111 2.3
0 40 134 3
0 50 164 2.2
0 60 186 4.3
0 70 229 1.2
0 80 241 4.3
0 90 284 0.9
1 0 0 4.7
1 10 47 1.7
1 20 64 4.7
1 30 111 2.3
1 40 134 3
1 50 164 2.2
1 60 186 4.3
1 70 229 1.2
1 80 241 4.3
1 90 284 0.9
2 0 0 4.7
2 10 47 1.7
2 20 64 4.7
2 30 111 2.3
2 40 134 3
2 50 164 2.2
2 60 186 4.3
2 70 229 1.2
2 80 241 4.3
2 90 284 0.9
3 0 0 4.7
3 10 47 1.7
3 20 64 4.7
3 30 111 2.3
3 40 134 3
3 50 164 2.2
3 60 186 4.3
3 70 229 1.2
3 80 241 4.3
3 90 284 0.9
4 0 0 4.7
4 10 47 1.7
4 20 64 4.7
4 30 111 2.3
4 40 134 3
4 50 164 2.2
4 60 186 4.3
4 70 229 1.2
4 80 241 4.3
4 90 284 0.9
5 0 0 4.7
5 10 47 1.7
5 20 64 4.7
5 30 111 2.3
5 40 134 3
5 50 164 2.2
5 60 186 4.3
5 70 229 1.2
5 80 241 4.3
5 90 284 0.9
6 0 0 4.7
6 10 47 1.7
6 20 64 4.7
6 30 111 2.3
6 40 134 3
6 50 164 2.2
6 60 186 4.3
6 70 229 1.2
6 80 241 4.3
6 90 284 0.9
7 0 0 4.7
7 10 47 1.7
7 20 64 4.7
7 30 111 2.3
7 40 134 3
7 50 164 2.2
7 60 186 4.3
7 70 229 1.2
7 80 241 4.3
7 90 284 0.9
8 0 0 4.7
8 10 47 1.7
8 20 64 4.7
8 30 111 2.3
8 40 134 3
8 50 164 2.2
8 60 186 4.3
8 70 229 1.2
8 80 241 4.3
8 90 284 0.9
9 0 0 4.7
9 10 47 1.7
9 20 64 4.7
9 30 111 2.3
9 40 134 3
9 50 164 2.2
9 60 186 4.3
9 70 229 1.2
9 80 241 4.3
9 90 284 0.9
10 0 0 4.7
10 10 47 1.7
10 20 64 4.7
10 30 111 2.3
10 40 134 3
10 50 164 2.2
10 60 186 4.3
10 70 229 1.2
10 80 241 4.3
10 90 284 0.9
11 0 0 4.7
11 10 47 1.7
11 20 64 4.7
11 30 111 2.3
11 40 134 3
11 50 164 2.2
11 60 186 4.3
11 70 229 1.2
11 80 241 4.3
11 90 284 0.9
12 0 0 4.7
12 10 47 1.7
12 20 64 4.7
12 30 111 2.3
12 40 134 3
12 50 164 2.2
12 60 186 4.3
12 70 229 1.2
12 80 241 4.3
12 90 284 0.9
13 0 0 4.7
13 10 47 1.7
13 20 64 4.7
13 30 111 2.3
13 40 134 3
13 50 164 2.2
13 60 186 4.3
13 70 229 1.2
13 80 241 4.3
13 90 284 0.9
14 0 0 4.7
14 10 47 1.7
14 20 64 4.7
14 30 111 2.3
14 40 134 3
14 50 164 2.2
14 60 186 4.3
14 70 229 1.2
14 80 241 4.3
14 90 284 0.9
15 0 0 4.7
15 10 47 1.7
15 20 64 4.7
15 30 111 2.3
15 40 134 3
15 50 164 2.2
15 60 186 4.3
15 70 229 1.2
15 80 241 4.3
15 90 284 0.9
16 0 0 4.7
16 10 47 1.7
16 20 64 4.7
16 30 111 2.3
16 40 134 3
16 50 164 2.2
16 60 186 4.3
16 70 229 1.2
16 80 241 4.3
16 90 284 0.9
17 0 0 4.7
17 10 47 1.7
17 20 64 4.7
17 30 111 2.3
17 40 134 3
17 50 164 2.2
17 60 186 4.3
17 70 229 1.2
17 80 241 4.3
17 90 284 0.9
18 0 0 4.7
18 10 47 1.7
18 20 64 4.7
18 30 111 2.3
18 40 134 3
18 50 164 2.2
18 60 186 4.3
18 70 229 1.2
18 80 241 4.3
18 90 284 0.9
19 0 0 4.7
19 10 47 1.7
19 20 64 4.7
19 30 111 2.3
19 40 134 3
19 50 164 2.2
19 60 186 4.3
19 70 229 1.2
19 80 241 4.3
19 90 284 0.9
20 0 0 4.7
20 10 47 1.7
20 20 64 4.7
20 30 111 2.3
20 40 134 3
20 50 164 2.2
20 60 186 4.3
20 70 229 1.2
20 80 241 4.3
20 90 284 0.9
21 0 0 4.7
21 10 47 1.7
21 20 64 4.7
21 30 111 2.3
21 40 134 3
21 50 164 2.2
21 60 186 4.3
21 70 229 1.2
21 80 241 4.3
21 90 284 0.9
22 0 0 4.7
22 10 47 1.7
22 20 64 4.7
22 30 111 2.3
22 40 134 3
22 50 164 2.2
22 60 186 4.3
22 70 229 1.2
22 80 241 4.3
22 90 284 0.9
23 0 0 4.7
23 10 47 1.7
23 20 64 4.7
23 30 111 2.3
23 40 134 3
23 50 164 2.2
23 60 186 4.3
23 70 229 1.2
23 80 241 4.3
23 90 284 0.9
24 0 0 4.7
24 10 47 1.7
24 20 64 4.7
24 30 111 2.3
24 40 134 3
24 50 164 2.2
24 60 186 4.3
24 70 229 1.2
24 80 241 4.3
24 90 284 0.9
25 0 0 4.7
25 10 47 1.7
25 20 64 4.7
25 30 111 2.3
25 40 134 3
25 50 164 2.2
25 60 186 4.3
25 70 229 1.2
25 80 241 4.3
25 90 284 0.9
26 0 0 4.7
26 10 47 1.7
26 20 64 4.7
26 30 111 2.3
26 40 134 3
26 50 164 2.2
26 60 186 4.3
26 70 229 1.2
26 80 241 4.3
26 90 284 0.9
27 0 0 4.7
27 10 47 1.7
27 20 64 4.7
27 30 111 2.3
27 40 134 3
27 50 164 2.2
27 60 186 4.3
27 70 229 1.2
27 80 241 4.3
27 90 284 0.9
28 0 0 4.7
28 10 47 1.7
28 20 64 4.7
28 30 111 2.3
28 40 134 3
28 50 164 2.2
28 60 186 4.3
28 70 229 1.2
28 80 241 4.3
28 90 284 0.9
29 0 0 4.7
29 10 47 1.7
29 20 64 4.7
29 30 111 2.3
29 40 134 3
29 50 164 2.2
29 60 186 4.3
29 70 229 1.2
29 80 241 4.3
29 90 284 0.9
30 0 0 4.7
30 10 47 1.7
30 20 64 4.7
30 30 111 2.3
30 40 134 3
30 50 164 2.2
30 60 186 4.3
30 70 229 1.2
30 80 241 4.3
30 90 284 0.9
31 0 0 4.7
31 10 47 1.7
31 20 64 4.7
31 30 111 2.3
31 40 134 3
31 50 164 2.2
31 60 186 4.3
31 70 229 1.2
31 80 241 4.3
31 90 284 0.9
32 0 0 4.7
32 10 47 1.7
32 20 64 4.7
32 30 111 2.3
32 40 134 3
32 50 164 2.2
32 60 186 4.3
32 70 229 1.2
32 80 241 4.3
32 90 284 0.9
33 0 0 4.7
33 10 47 1.7
33 20 64 4.7
33 30 111 2.3
33 40 134 3
33 50 164 2.2
33 60 186 4.3
33 70 229 1.2
33 80 241 4.3
33 90 284 0.9
34 0 0 4.7
34 10 47 1.7
34 20 64 4.7
34 30 111 2.3
34 40 134 3
34 50 164 2.2
34 60 186 4.3
34 70 229 1.2
34 80 241 4.3
34 90 284 0.9
35 0 0 4.7
35 10 47 1.7
35 20 64 4.7
35 30 111 2.3
35 40 134 3
35 50 164 2.2
35 60 186 4.3
35 70 229 1.2
35 80 241 4.3
35 90 284 0.9
36 0 0 4.7
36 10 47 1.7
36 20 64 4.7
36 30 111 2.3
36 40 134 3
36 50 164 2.2
36 60 186 4.3
36 70 229 1.2
36 80 241 4.3
36 90 284 0.9
37 0 0 4.7
37 10 47 1.7
37 20 64 4.7
37 30 111 2.3
37 40 134 3
37 50 164 2.2
37 60 186 4.3
37 70 229 1.2
37 80 241 4.3
37 90 284 0.9
38 0 0 4.7
38 10 47 1.7
38 20 64 4.7
38 30 111 2.3
38 40 134 3
38 50 164 2.2
38 60 186 4.3
38 70 229 1.2
38 80 241 4.3
38 90 284 0.9
39 0 0 4.7
39 10 47 1.7
39 20 64 4.7
39 30 111 2.3
39 40 134 3
39 50 164 2.2
39 60 186 4.3
39 70 229 1.2
39 80 241 4.3
39 90 284 0.9
40 0 0 4.7
40 10 47 1.7
40 20 64 4.7
40 30 111 2.3
40 40 134 3
40 50 164 2.2
40 60 186 4.3
40 70 229 1.2
40 80 241 4.3
40 90 284 0.9
41 0 0 4.7
41 10 47 1.7
41 20 64 4.7
41 30 111 2.3
41 40 134 3
41 50 164 2.2
41 60 186 4.3
41 70 229 1.2
41 80 241 4.3
41 90 284 0.9
42 0 0 4.7
42 10 47 1.7
42 20 64 4.7
42 30 111 2.3
42 40 134 3
42 50 164 2.2
42 60 186 4.3
42 70 229 1.2
42 80 241 4.3
42 90 284 0.9
43 0 0 4.7
43 10 47 1.7
43 20 64 4.7
43 30 111 2.3
43 40 134 3
43 50 164 2.2
43 60 186 4.3
43 70 229 1.2
43 80 241 4.3
43 90 284 0.9
44 0 0 4.7
44 10 47 1.7
44 20 64 4.7
44 30 111 2.3
44 40 134 3
44 50 164 2.2
44 60 186 4.3
44 70 229 1.2
44 80 241 4.3
44 90 284 0.9
45 0 0 4.7
45 10 47 1.7
45 20 64 4.7
45 30 111 2.3
45 40 134 3
45 50 164 2.2
45 60 186 4.3
45 70 229 1.2
45 80 241 4.3
45 90 284 0.9
46 0 0 4.7
46 10 47 1.7
46 20 64 4.7
46 30 111 2.3
46 40 134 3
46 50 164 2.2
46 60 186 4.3
46 70 229 1.2
46 80 241 4.3
46 90 284 0.9
47 0 0 4.7
47 10 47 1.7
47 20 64 4.7
47 30 111 2.3
47 40 134 3
47 50 164 2.2
47 60 186 4.3
47 70 229 1.2
47 80 241 4.3
47 90 284 0.9
48 0 0 4.7
48 10 47 1.7
48 20 64 4.7
48 30 111 2.3
48 40 134 3
48 50 164 2.2
48 60 186 4.3
48 70 229 1.2
48 80 241 4.3
48 90 284 0.9
49 0 0 4.7
49 10 47 1.7
49 20 64 4.7
49 30 111 2.3
49 40 134 3
49 50 164 2.2
49 60 186 4.3
49 70 229 1.2
49 80 241 4.3
49 90 284 0.9
50 0 0 4.7
50 10 47 1.7
50 20 64 4.7
50 30 111 2.3
50 40 134 3
50 50 164 2.2
50 60 186 4.3
50 70 229 1.2
50 80 241 4.3
50 90 284 0.9
51 0 0 4.7
51 10 47 1.7
51 20 64 4.7
51 30 111 2.3
51 40 134 3
51 50 164 2.2
51 60 186 4.3
51 70 229 1.2
51 80 241 4.3
51 90 284 0.9
52 0 0 4.7
52 10 47 1.7
52 20 64 4.7
52 30 111 2.3
52 40 134 3
52 50 164 2.2
52 60 186 4.3
52 70 229 1.2
52 80 241 4.3
52 90 284 0.9
53 0 0 4.7
53 10 47 1.7
53 20 64 4.7
53 30 111 2.3
53 40 134 3
53 50 164 2.2
53 60 186 4.3
53 70 229 1.2
53 80 241 4.3
53 90 284 0.9
54 0 0 4.7
54 10 47 1.7
54 20 64 4.7
54 30 111 2.3
54 40 134 3
54 50 164 2.2
54 60 186 4.3
54 70 229 1.2
54 80 241 4.3
54 90 284 0.9
55 0 0 4.7
55 10 47 1.7
55 20 64 4.7
55 30 111 2.3
55 40 134 3
55 50 164 2.2
55 60 186 4.3
55 70 229 1.2
55 80 241 4.3
55 90 284 0.9
56 0 0 4.7
56 10 47 1.7
56 20 64 4.7
56 30 111 2.3
56 40 134 3
56 50 164 2.2
56 60 186 4.3
56 70 229 1.2
56 80 241 4.3
56 90 284 0.9
57 0 0 4.7
57 10 47 1.7
57 20 64 4.7
57 30 111 2.3
57 40 134 3
57 50 164 2.2
57 60 186 4.3
57 70 229 1.2
57 80 241 4.3
57 90 284 0.9
58 0 0 4.7
58 10 47 1.7
58 20 64 4.7
58 30 111 2.3
58 40 134 3
58 50 164 2.2
58 60 186 4.3
58 70 229 1.2
58 80 241 4.3
58 90 284 0.9
59 0 0 4.7
59 10 47 1.7
59 20 64 4.7
59 30 111 2.3
59 40 134 3
59 50 164 2.2
59 60 186 4.3
59 70 229 1.2
59 80 241 4.3
59 90 284 0.9
60 0 0 4.7
60 10 47 1.7
60 20 64 4.7
60 30 111 2.3
60 40 134 3
60 50 164 2.2
60 60 186 4.3
60 70 229 1.2
60 80 241 4.3
60 90 284 0.9
61 0 0 4.7
61 10 47 1.7
61 20 64 4.7
61 30 111 2.3
61 40 134 3
61 50 164 2.2
61 60 186 4.3
61 70 229 1.2
61 80 241 4.3
61 90 284 0.9
62 0 0 4.7
62 10 47 1.7
62 20 64 4.7
62 30 111 2.3
62 40 134 3
62 50 164 2.2
62 60 186 4.3
62 70 229 1.2
62 80 241 4.3
62 90 284 0.9
63 0 0 4.7
63 10 47 1.7
63 20 64 4.7
63 30 111 2.3
63 40 134 3
63 50 164 2.2
63 60 186 4.3
63 70 229 1.2
63 80 241 4.3
63 90 284 0.9
64 0 0 4.7
64 10 47 1.7
64 20 64 4.7
64 30 111 2.3
64 40 134 3
64 50 164 2.2
64 60 186 4.3
64 70 229 1.2
64 80 241 4.3
64 90 284 0.9
65 0 0 4.7
65 10 47 1.7
65 20 64 4.7
65 30 111 2.3
65 40 134 3
65 50 164 2.2
65 60 186 4.3
65 70 229 1.2
65 80 241 4.3
65 90 284 0.9
66 0 0 4.7
66 10 47 1.7
66 20 64 4.7
66 30 111 2.3
66 40 134 3
66 50 164 2.2
66 60 186 4.3
66 70 229 1.2
66 80 241 4.3
66 90 284 0.9
67 0 0 4.7
67 10 47 1.7
67 20 64 4.7
67 30 111 2.3
67 40 134 3
67 50 164 2.2
67 60 186 4.3
67 70 229 1.2
67 80 241 4.3
67 90 284 0.9
68 0 0 4.7
68 10 47 1.7
68 20 64 4.7
68 30 111 2.3
68 40 134 3
68 50 164 2.2
68 60 186 4.3
68 70 229 1.2
68 80 241 4.3
68 90 284 0.9
69 0 0 4.7
69 10 47 1.7
69 20 64 4.7
69 30 111 2.3
69 40 134 3
69 50 164 2.2
69 60 186 4.3
69 70 229 1.2
69 80 241 4.3
69 90 284 0.9
70 0 0 4.7
70 10 47 1.7
70 20 64 4.7
70 30 111 2.3
70 40 134 3
70 50 164 2.2
70 60 186 4.3
70 70 229 1.2
70 80 241 4.3
70 90 284 0.9
71 0 0 4.7
71 10 47 1.7
71 20 64 4.7
71 30 111 2.3
71 40 134 3
71 50 164 2.2
71 60 186 4.3
71 70 229 1.2
71 80 241 4.3
71 90 284 0.9
72 0 0 4.7
72 10 47 1.7
72 20 64 4.7
72 30 111 2.3
72 40 134 3
72 50 164 2.2
72 60 186 4.3
72 70 229 1.2
72 80 241 4.3
72 90 284 0.9
73 0 0 4.7
73 10 47 1.7
73 20 64 4.7
73 30 111 2.3
73 40 134 3
73 50 164 2.2
73 60 186 4.3
73 70 229 1.2
73 80 241 4.3
73 90 284 0.9
74 0 0 4.7
74 10 47 1.7
74 20 64 4.7
74 30 111 2.3
74 40 134 3
74 50 164 2.2
74 60 186 4.3
74 70 229 1.2
74 80 241 4.3
74 90 284 0.9
75 0 0 4.7
75 10 47 1.7
75 20 64 4.7
75 30 111 2.3
75 40 134 3
75 50 164 2.2
75 60 186 4.3
75 70 229 1.2
75 80 241 4.3
75 90 284 0.9
76 0 0 4.7
76 10 47 1.7
76 20 64 4.7
76 30 111 2.3
76 40 134 3
76 50 164 2.2
76 60 186 4.3
76 70 229 1.2
76 80 241 4.3
76 90 284 0.9
77 0 0 4.7
77 10 47 1.7
77 20 64 4.7
77 30 111 2.3
77 40 134 3
77 50 164 2.2
77 60 186 4.3
77 70 229 1.2
77 80 241 4.3
77 90 284 0.9
78 0 0 4.7
78 10 47 1.7
78 20 64 4.7
78 30 111 2.3
78 40 134 3
78 50 164 2.2
78 60 186 4.3
78 70 229 1.2
78 80 241 4.3
78 90 284 0.9
79 0 0 4.7
79 10 47 1.7
79 20 64 4.7
79 30 111 2.3
79 40 134 3
79 50 164 2.2
79 60 186 4.3
79 70 229 1.2
79 80 241 4.3
79 90 284 0.9
80 0 0 4.7
80 10 47 1.7
80 20 64 4.7
80 30 111 2.3
80 40 134 3
80 50 164 2.2
80 60 186 4.3
80 70 229 1.2
80 80 241 4.3
80 90 284 0.9
81 0 0 4.7
81 10 47 1.7
81 20 64 4.7
81 30 111 2.3
81 40 134 3
81 50 164 2.2
81 60 186 4.3
81 70 229 1.2
81 80 241 4.3
81 90 284 0.9
82 0 0 4.7
82 10 47 1.7
82 20 64 4.7
82 30 111 2.3
82 40 134 3
82 50 164 2.2
82 60 186 4.3
82 70 229 1.2
82 80 241 4.3
82 90 284 0.9
83 0 0 4.7
83 10 47 1.7
83 20 64 4.7
83 30 111 2.3
83 40 134 3
83 50 164 2.2
83 60 186 4.3
83 70 229 1.2
83 80 241 4.3
83 90 284 0.9
84 0 0 4.7
84 10 47 1.7
84 20 64 4.7
84 30 111 2.3
84 40 134 3
84 50 164 2.2
84 60 186 4.3
84 70 229 1.2
84 80 241 4.3
84 90 284 0.9
85 0 0 4.7
85 10 47 1.7
85 20 64 4.7
85 30 111 2.3
85 40 134 3
85 50 164 2.2
85 60 186 4.3
85 70 229 1.2
85 80 241 4.3
85 90 284 0.9
86 0 0 4.7
86 10 47 1.7
86 20 64 4.7
86 30 111 2.3
86 40 134 3
86 50 164 2.2
86 60 186 4.3
86 70 229 1.2
86 80 241 4.3
86 90 284 0.9
87 0 0 4.7
87 10 47 1.7
87 20 64 4.7
87 30 111 2.3
87 40 134 3
87 50 164 2.2
87 60 186 4.3
87 70 229 1.2
87 80 241 4.3
87 90 284 0.9
88 0 0 4.7
88 10 47 1.7
88 20 64 4.7
88 30 111 2.3
88 40 134 3
88 50 164 2.2
88 60 186 4.3
88 70 229 1.2
88 80 241 4.3
88 90 284 0.9
89 0 0 4.7
89 10 47 1.7
89 20 64 4.7
89 30 111 2.3
89 40 134 3
89 50 164 2.2
89 60 186 4.3
89 70 229 1.2
89 80 241 4.3
89 90 284 0.9
90 0 0 4.7
90 10 47 1.7
90 20 64 4.7
90 30 111 2.3
90 40 134 3
90 50 164 2.2
90 60 186 4.3
90 70 229 1.2
90 80 241 4.3
90 90 284 0.9
91 0 0 4.7
91 10 47 1.7
91 20 64 4.7
91 30 111 2.3
91 40 134 3
91 50 164 2.2
91 60 186 4.3
91 70 229 1.2
91 80 241 4.3
91 90 284 0.9
92 0 0 4.7
92 10 47 1.7
92 20 64 4.7
92 30 111 2.3
92 40 134 3
92 50 164 2.2
92 60 186 4.3
92 70 229 1.2
92 80 241 4.3
92 90 284 0.9
93 0 0 4.7
93 10 47 1.7
93 20 64 4.7
93 30 111 2.3
93 40 134 3
93 50 164 2.2
93 60 186 4.3
93 70 229 1.2
93 80 241 4.3
93 90 284 0.9
94 0 0 4.7
94 10 47 1.7
94 20 64 4.7
94 30 111 2.3
94 40 134 3
94 50 164 2.2
94 60 186 4.3
94 70 229 1.2
94 80 241 4.3
94 90 284 0.9
95 0 0 4.7
95 10 47 1.7
95 20 64 4.7
95 30 111 2.3
95 40 134 3
95 50 164 2.2
95 60 186 4.3
95 70 229 1.2
95 80 241 4.3
95 90 284 0.9
96 0 0 4.7
96 10 47 1.7
96 20 64 4.7
96 30 111 2.3
96 40 134 3
96 50 164 2.2
96 60 186 4.3
96 70 229 1.2
96 80 241 4.3
96 90 284 0.9
97 0 0 4.7
97 10 47 1.7
97 20 64 4.7
97 30 111 2.3
97 40 134 3
97 50 164 2.2
97 60 186 4.3
97 70 229 1.2
97 80 241 4.3
97 90 284 0.9
98 0 0 4.7
98 10 47 1.7
98 20 64 4.7
98 30 111 2.3
98 40 134 3
98 50 164 2.2
98 60 186 4.3
98 70 229 1.2
98 80 241 4.3
98 90 284 0.9
99 0 0 4.7
99 10 47 1.7
99 20 64 4.7
99 30 111 2.3
99 40 134 3
99 50 164 2.2
99 60 186 4.3
99 70 229 1.2
99 80 241 4.3
99 90 284 0.9
