20 10
0 0 0 3.7
0 10 37 4.7
0 20 84 3.7
0 30 121 2.5
0 40 146 2.2
0 50 168 2.8
0 60 196 4.8
0 70 244 4.8
0 80 292 3.5
0 90 327 4.9
1 0 0 3.7
1 10 37 4.7
1 20 84 3.7
1 30 121 2.5
1 40 146 2.2
1 50 168 2.8
1 60 196 4.8
1 70 244 4.8
1 80 292 3.5
1 90 327 4.9
2 0 0 3.7
2 10 37 4.7
2 20 84 3.7
2 30 121 2.5
2 40 146 2.2
2 50 168 2.8
2 60 196 4.8
2 70 244 4.8
2 80 292 3.5
2 90 327 4.9
3 0 0 3.7
3 10 37 4.7
3 20 84 3.7
3 30 121 2.5
3 40 146 2.2
3 50 168 2.8
3 60 196 4.8
3 70 244 4.8
3 80 292 3.5
3 90 327 4.9
4 0 0 3.7
4 10 37 4.7
4 20 84 3.7
4 30 121 2.5
4 40 146 2.2
4 50 168 2.8
4 60 196 4.8
4 70 244 4.8
4 80 292 3.5
4 90 327 4.9
5 0 0 3.7
5 10 37 4.7
5 20 84 3.7
5 30 121 2.5
5 40 146 2.2
5 50 168 2.8
5 60 196 4.8
5 70 244 4.8
5 80 292 3.5
5 90 327 4.9
6 0 0 3.7
6 10 37 4.7
6 20 84 3.7
6 30 121 2.5
6 40 146 2.2
6 50 168 2.8
6 60 196 4.8
6 70 244 4.8
6 80 292 3.5
6 90 327 4.9
7 0 0 3.7
7 10 37 4.7
7 20 84 3.7
7 30 121 2.5
7 40 146 2.2
7 50 168 2.8
7 60 196 4.8
7 70 244 4.8
7 80 292 3.5
7 90 327 4.9
8 0 0 3.7
8 10 37 4.7
8 20 84 3.7
8 30 121 2.5
8 40 146 2.2
8 50 168 2.8
8 60 196 4.8
8 70 244 4.8
8 80 292 3.5
8 90 327 4.9
9 0 0 3.7
9 10 37 4.7
9 20 84 3.7
9 30 121 2.5
9 40 146 2.2
9 50 168 2.8
9 60 196 4.8
9 70 244 4.8
9 80 292 3.5
9 90 327 4.9
10 0 0 3.7
10 10 37 4.7
10 20 84 3.7
10 30 121 2.5
10 40 146 2.2
10 50 168 2.8
10 60 196 4.8
10 70 244 4.8
10 80 292 3.5
10 90 327 4.9
11 0 0 3.7
11 10 37 4.7
11 20 84 3.7
11 30 121 2.5
11 40 146 2.2
11 50 168 2.8
11 60 196 4.8
11 70 244 4.8
11 80 292 3.5
11 90 327 4.9
12 0 0 3.7
12 10 37 4.7
12 20 84 3.7
12 30 121 2.5
12 40 146 2.2
12 50 168 2.8
12 60 196 4.8
12 70 244 4.8
12 80 292 3.5
12 90 327 4.9
13 0 0 3.7
13 10 37 4.7
13 20 84 3.7
13 30 121 2.5
13 40 146 2.2
13 50 168 2.8
13 60 196 4.8
13 70 244 4.8
13 80 292 3.5
13 90 327 4.9
14 0 0 3.7
14 10 37 4.7
14 20 84 3.7
14 30 121 2.5
14 40 146 2.2
14 50 168 2.8
14 60 196 4.8
14 70 244 4.8
14 80 292 3.5
14 90 327 4.9
15 0 0 3.7
15 10 37 4.7
15 20 84 3.7
15 30 121 2.5
15 40 146 2.2
15 50 168 2.8
15 60 196 4.8
15 70 244 4.8
15 80 292 3.5
15 90 327 4.9
16 0 0 3.7
16 10 37 4.7
16 20 84 3.7
16 30 121 2.5
16 40 146 2.2
16 50 168 2.8
16 60 196 4.8
16 70 244 4.8
16 80 292 3.5
16 90 327 4.9
17 0 0 3.7
17 10 37 4.7
17 20 84 3.7
17 30 121 2.5
17 40 146 2.2
17 50 168 2.8
17 60 196 4.8
17 70 244 4.8
17 80 292 3.5
17 90 327 4.9
18 0 0 3.7
18 10 37 4.7
18 20 84 3.7
18 30 121 2.5
18 40 146 2.2
18 50 168 2.8
18 60 196 4.8
18 70 244 4.8
18 80 292 3.5
18 90 327 4.9
19 0 0 3.7
19 10 37 4.7
19 20 84 3.7
19 30 121 2.5
19 40 146 2.2
19 50 168 2.8
19 60 196 4.8
19 70 244 4.8
19 80 292 3.5
19 90 327 4.9
