100 10
0 0 0 1.4
0 10 14 0.6
0 20 20 4.3
0 30 63 3.7
0 40 100 2.6
0 50 126 0.9
0 60 135 2
0 70 155 2.8
0 80 183 1.6
0 90 199 3.3
1 0 0 1.4
1 10 14 0.6
1 20 20 4.3
1 30 63 3.7
1 40 100 2.6
1 50 126 0.9
1 60 135 2
1 70 155 2.8
1 80 183 1.6
1 90 199 3.3
2 0 0 1.4
2 10 14 0.6
2 20 20 4.3
2 30 63 3.7
2 40 100 2.6
2 50 126 0.9
2 60 135 2
2 70 155 2.8
2 80 183 1.6
2 90 199 3.3
3 0 0 1.4
3 10 14 0.6
3 20 20 4.3
3 30 63 3.7
3 40 100 2.6
3 50 126 0.9
3 60 135 2
3 70 155 2.8
3 80 183 1.6
3 90 199 3.3
4 0 0 1.4
4 10 14 0.6
4 20 20 4.3
4 30 63 3.7
4 40 100 2.6
4 50 126 0.9
4 60 135 2
4 70 155 2.8
4 80 183 1.6
4 90 199 3.3
5 0 0 1.4
5 10 14 0.6
5 20 20 4.3
5 30 63 3.7
5 40 100 2.6
5 50 126 0.9
5 60 135 2
5 70 155 2.8
5 80 183 1.6
5 90 199 3.3
6 0 0 1.4
6 10 14 0.6
6 20 20 4.3
6 30 63 3.7
6 40 100 2.6
6 50 126 0.9
6 60 135 2
6 70 155 2.8
6 80 183 1.6
6 90 199 3.3
7 0 0 1.4
7 10 14 0.6
7 20 20 4.3
7 30 63 3.7
7 40 100 2.6
7 50 126 0.9
7 60 135 2
7 70 155 2.8
7 80 183 1.6
7 90 199 3.3
8 0 0 1.4
8 10 14 0.6
8 20 20 4.3
8 30 63 3.7
8 40 100 2.6
8 50 126 0.9
8 60 135 2
8 70 155 2.8
8 80 183 1.6
8 90 199 3.3
9 0 0 1.4
9 10 14 0.6
9 20 20 4.3
9 30 63 3.7
9 40 100 2.6
9 50 126 0.9
9 60 135 2
9 70 155 2.8
9 80 183 1.6
9 90 199 3.3
10 0 0 1.4
10 10 14 0.6
10 20 20 4.3
10 30 63 3.7
10 40 100 2.6
10 50 126 0.9
10 60 135 2
10 70 155 2.8
10 80 183 1.6
10 90 199 3.3
11 0 0 1.4
11 10 14 0.6
11 20 20 4.3
11 30 63 3.7
11 40 100 2.6
11 50 126 0.9
11 60 135 2
11 70 155 2.8
11 80 183 1.6
11 90 199 3.3
12 0 0 1.4
12 10 14 0.6
12 20 20 4.3
12 30 63 3.7
12 40 100 2.6
12 50 126 0.9
12 60 135 2
12 70 155 2.8
12 80 183 1.6
12 90 199 3.3
13 0 0 1.4
13 10 14 0.6
13 20 20 4.3
13 30 63 3.7
13 40 100 2.6
13 50 126 0.9
13 60 135 2
13 70 155 2.8
13 80 183 1.6
13 90 199 3.3
14 0 0 1.4
14 10 14 0.6
14 20 20 4.3
14 30 63 3.7
14 40 100 2.6
14 50 126 0.9
14 60 135 2
14 70 155 2.8
14 80 183 1.6
14 90 199 3.3
15 0 0 1.4
15 10 14 0.6
15 20 20 4.3
15 30 63 3.7
15 40 100 2.6
15 50 126 0.9
15 60 135 2
15 70 155 2.8
15 80 183 1.6
15 90 199 3.3
16 0 0 1.4
16 10 14 0.6
16 20 20 4.3
16 30 63 3.7
16 40 100 2.6
16 50 126 0.9
16 60 135 2
16 70 155 2.8
16 80 183 1.6
16 90 199 3.3
17 0 0 1.4
17 10 14 0.6
17 20 20 4.3
17 30 63 3.7
17 40 100 2.6
17 50 126 0.9
17 60 135 2
17 70 155 2.8
17 80 183 1.6
17 90 199 3.3
18 0 0 1.4
18 10 14 0.6
18 20 20 4.3
18 30 63 3.7
18 40 100 2.6
18 50 126 0.9
18 60 135 2
18 70 155 2.8
18 80 183 1.6
18 90 199 3.3
19 0 0 1.4
19 10 14 0.6
19 20 20 4.3
19 30 63 3.7
19 40 100 2.6
19 50 126 0.9
19 60 135 2
19 70 155 2.8
19 80 183 1.6
19 90 199 3.3
20 0 0 1.4
20 10 14 0.6
20 20 20 4.3
20 30 63 3.7
20 40 100 2.6
20 50 126 0.9
20 60 135 2
20 70 155 2.8
20 80 183 1.6
20 90 199 3.3
21 0 0 1.4
21 10 14 0.6
21 20 20 4.3
21 30 63 3.7
21 40 100 2.6
21 50 126 0.9
21 60 135 2
21 70 155 2.8
21 80 183 1.6
21 90 199 3.3
22 0 0 1.4
22 10 14 0.6
22 20 20 4.3
22 30 63 3.7
22 40 100 2.6
22 50 126 0.9
22 60 135 2
22 70 155 2.8
22 80 183 1.6
22 90 199 3.3
23 0 0 1.4
23 10 14 0.6
23 20 20 4.3
23 30 63 3.7
23 40 100 2.6
23 50 126 0.9
23 60 135 2
23 70 155 2.8
23 80 183 1.6
23 90 199 3.3
24 0 0 1.4
24 10 14 0.6
24 20 20 4.3
24 30 63 3.7
24 40 100 2.6
24 50 126 0.9
24 60 135 2
24 70 155 2.8
24 80 183 1.6
24 90 199 3.3
25 0 0 1.4
25 10 14 0.6
25 20 20 4.3
25 30 63 3.7
25 40 100 2.6
25 50 126 0.9
25 60 135 2
25 70 155 2.8
25 80 183 1.6
25 90 199 3.3
26 0 0 1.4
26 10 14 0.6
26 20 20 4.3
26 30 63 3.7
26 40 100 2.6
26 50 126 0.9
26 60 135 2
26 70 155 2.8
26 80 183 1.6
26 90 199 3.3
27 0 0 1.4
27 10 14 0.6
27 20 20 4.3
27 30 63 3.7
27 40 100 2.6
27 50 126 0.9
27 60 135 2
27 70 155 2.8
27 80 183 1.6
27 90 199 3.3
28 0 0 1.4
28 10 14 0.6
28 20 20 4.3
28 30 63 3.7
28 40 100 2.6
28 50 126 0.9
28 60 135 2
28 70 155 2.8
28 80 183 1.6
28 90 199 3.3
29 0 0 1.4
29 10 14 0.6
29 20 20 4.3
29 30 63 3.7
29 40 100 2.6
29 50 126 0.9
29 60 135 2
29 70 155 2.8
29 80 183 1.6
29 90 199 3.3
30 0 0 1.4
30 10 14 0.6
30 20 20 4.3
30 30 63 3.7
30 40 100 2.6
30 50 126 0.9
30 60 135 2
30 70 155 2.8
30 80 183 1.6
30 90 199 3.3
31 0 0 1.4
31 10 14 0.6
31 20 20 4.3
31 30 63 3.7
31 40 100 2.6
31 50 126 0.9
31 60 135 2
31 70 155 2.8
31 80 183 1.6
31 90 199 3.3
32 0 0 1.4
32 10 14 0.6
32 20 20 4.3
32 30 63 3.7
32 40 100 2.6
32 50 126 0.9
32 60 135 2
32 70 155 2.8
32 80 183 1.6
32 90 199 3.3
33 0 0 1.4
33 10 14 0.6
33 20 20 4.3
33 30 63 3.7
33 40 100 2.6
33 50 126 0.9
33 60 135 2
33 70 155 2.8
33 80 183 1.6
33 90 199 3.3
34 0 0 1.4
34 10 14 0.6
34 20 20 4.3
34 30 63 3.7
34 40 100 2.6
34 50 126 0.9
34 60 135 2
34 70 155 2.8
34 80 183 1.6
34 90 199 3.3
35 0 0 1.4
35 10 14 0.6
35 20 20 4.3
35 30 63 3.7
35 40 100 2.6
35 50 126 0.9
35 60 135 2
35 70 155 2.8
35 80 183 1.6
35 90 199 3.3
36 0 0 1.4
36 10 14 0.6
36 20 20 4.3
36 30 63 3.7
36 40 100 2.6
36 50 126 0.9
36 60 135 2
36 70 155 2.8
36 80 183 1.6
36 90 199 3.3
37 0 0 1.4
37 10 14 0.6
37 20 20 4.3
37 30 63 3.7
37 40 100 2.6
37 50 126 0.9
37 60 135 2
37 70 155 2.8
37 80 183 1.6
37 90 199 3.3
38 0 0 1.4
38 10 14 0.6
38 20 20 4.3
38 30 63 3.7
38 40 100 2.6
38 50 126 0.9
38 60 135 2
38 70 155 2.8
38 80 183 1.6
38 90 199 3.3
39 0 0 1.4
39 10 14 0.6
39 20 20 4.3
39 30 63 3.7
39 40 100 2.6
39 50 126 0.9
39 60 135 2
39 70 155 2.8
39 80 183 1.6
39 90 199 3.3
40 0 0 1.4
40 10 14 0.6
40 20 20 4.3
40 30 63 3.7
40 40 100 2.6
40 50 126 0.9
40 60 135 2
40 70 155 2.8
40 80 183 1.6
40 90 199 3.3
41 0 0 1.4
41 10 14 0.6
41 20 20 4.3
41 30 63 3.7
41 40 100 2.6
41 50 126 0.9
41 60 135 2
41 70 155 2.8
41 80 183 1.6
41 90 199 3.3
42 0 0 1.4
42 10 14 0.6
42 20 20 4.3
42 30 63 3.7
42 40 100 2.6
42 50 126 0.9
42 60 135 2
42 70 155 2.8
42 80 183 1.6
42 90 199 3.3
43 0 0 1.4
43 10 14 0.6
43 20 20 4.3
43 30 63 3.7
43 40 100 2.6
43 50 126 0.9
43 60 135 2
43 70 155 2.8
43 80 183 1.6
43 90 199 3.3
44 0 0 1.4
44 10 14 0.6
44 20 20 4.3
44 30 63 3.7
44 40 100 2.6
44 50 126 0.9
44 60 135 2
44 70 155 2.8
44 80 183 1.6
44 90 199 3.3
45 0 0 1.4
45 10 14 0.6
45 20 20 4.3
45 30 63 3.7
45 40 100 2.6
45 50 126 0.9
45 60 135 2
45 70 155 2.8
45 80 183 1.6
45 90 199 3.3
46 0 0 1.4
46 10 14 0.6
46 20 20 4.3
46 30 63 3.7
46 40 100 2.6
46 50 126 0.9
46 60 135 2
46 70 155 2.8
46 80 183 1.6
46 90 199 3.3
47 0 0 1.4
47 10 14 0.6
47 20 20 4.3
47 30 63 3.7
47 40 100 2.6
47 50 126 0.9
47 60 135 2
47 70 155 2.8
47 80 183 1.6
47 90 199 3.3
48 0 0 1.4
48 10 14 0.6
48 20 20 4.3
48 30 63 3.7
48 40 100 2.6
48 50 126 0.9
48 60 135 2
48 70 155 2.8
48 80 183 1.6
48 90 199 3.3
49 0 0 1.4
49 10 14 0.6
49 20 20 4.3
49 30 63 3.7
49 40 100 2.6
49 50 126 0.9
49 60 135 2
49 70 155 2.8
49 80 183 1.6
49 90 199 3.3
50 0 0 1.4
50 10 14 0.6
50 20 20 4.3
50 30 63 3.7
50 40 100 2.6
50 50 126 0.9
50 60 135 2
50 70 155 2.8
50 80 183 1.6
50 90 199 3.3
51 0 0 1.4
51 10 14 0.6
51 20 20 4.3
51 30 63 3.7
51 40 100 2.6
51 50 126 0.9
51 60 135 2
51 70 155 2.8
51 80 183 1.6
51 90 199 3.3
52 0 0 1.4
52 10 14 0.6
52 20 20 4.3
52 30 63 3.7
52 40 100 2.6
52 50 126 0.9
52 60 135 2
52 70 155 2.8
52 80 183 1.6
52 90 199 3.3
53 0 0 1.4
53 10 14 0.6
53 20 20 4.3
53 30 63 3.7
53 40 100 2.6
53 50 126 0.9
53 60 135 2
53 70 155 2.8
53 80 183 1.6
53 90 199 3.3
54 0 0 1.4
54 10 14 0.6
54 20 20 4.3
54 30 63 3.7
54 40 100 2.6
54 50 126 0.9
54 60 135 2
54 70 155 2.8
54 80 183 1.6
54 90 199 3.3
55 0 0 1.4
55 10 14 0.6
55 20 20 4.3
55 30 63 3.7
55 40 100 2.6
55 50 126 0.9
55 60 135 2
55 70 155 2.8
55 80 183 1.6
55 90 199 3.3
56 0 0 1.4
56 10 14 0.6
56 20 20 4.3
56 30 63 3.7
56 40 100 2.6
56 50 126 0.9
56 60 135 2
56 70 155 2.8
56 80 183 1.6
56 90 199 3.3
57 0 0 1.4
57 10 14 0.6
57 20 20 4.3
57 30 63 3.7
57 40 100 2.6
57 50 126 0.9
57 60 135 2
57 70 155 2.8
57 80 183 1.6
57 90 199 3.3
58 0 0 1.4
58 10 14 0.6
58 20 20 4.3
58 30 63 3.7
58 40 100 2.6
58 50 126 0.9
58 60 135 2
58 70 155 2.8
58 80 183 1.6
58 90 199 3.3
59 0 0 1.4
59 10 14 0.6
59 20 20 4.3
59 30 63 3.7
59 40 100 2.6
59 50 126 0.9
59 60 135 2
59 70 155 2.8
59 80 183 1.6
59 90 199 3.3
60 0 0 1.4
60 10 14 0.6
60 20 20 4.3
60 30 63 3.7
60 40 100 2.6
60 50 126 0.9
60 60 135 2
60 70 155 2.8
60 80 183 1.6
60 90 199 3.3
61 0 0 1.4
61 10 14 0.6
61 20 20 4.3
61 30 63 3.7
61 40 100 2.6
61 50 126 0.9
61 60 135 2
61 70 155 2.8
61 80 183 1.6
61 90 199 3.3
62 0 0 1.4
62 10 14 0.6
62 20 20 4.3
62 30 63 3.7
62 40 100 2.6
62 50 126 0.9
62 60 135 2
62 70 155 2.8
62 80 183 1.6
62 90 199 3.3
63 0 0 1.4
63 10 14 0.6
63 20 20 4.3
63 30 63 3.7
63 40 100 2.6
63 50 126 0.9
63 60 135 2
63 70 155 2.8
63 80 183 1.6
63 90 199 3.3
64 0 0 1.4
64 10 14 0.6
64 20 20 4.3
64 30 63 3.7
64 40 100 2.6
64 50 126 0.9
64 60 135 2
64 70 155 2.8
64 80 183 1.6
64 90 199 3.3
65 0 0 1.4
65 10 14 0.6
65 20 20 4.3
65 30 63 3.7
65 40 100 2.6
65 50 126 0.9
65 60 135 2
65 70 155 2.8
65 80 183 1.6
65 90 199 3.3
66 0 0 1.4
66 10 14 0.6
66 20 20 4.3
66 30 63 3.7
66 40 100 2.6
66 50 126 0.9
66 60 135 2
66 70 155 2.8
66 80 183 1.6
66 90 199 3.3
67 0 0 1.4
67 10 14 0.6
67 20 20 4.3
67 30 63 3.7
67 40 100 2.6
67 50 126 0.9
67 60 135 2
67 70 155 2.8
67 80 183 1.6
67 90 199 3.3
68 0 0 1.4
68 10 14 0.6
68 20 20 4.3
68 30 63 3.7
68 40 100 2.6
68 50 126 0.9
68 60 135 2
68 70 155 2.8
68 80 183 1.6
68 90 199 3.3
69 0 0 1.4
69 10 14 0.6
69 20 20 4.3
69 30 63 3.7
69 40 100 2.6
69 50 126 0.9
69 60 135 2
69 70 155 2.8
69 80 183 1.6
69 90 199 3.3
70 0 0 1.4
70 10 14 0.6
70 20 20 4.3
70 30 63 3.7
70 40 100 2.6
70 50 126 0.9
70 60 135 2
70 70 155 2.8
70 80 183 1.6
70 90 199 3.3
71 0 0 1.4
71 10 14 0.6
71 20 20 4.3
71 30 63 3.7
71 40 100 2.6
71 50 126 0.9
71 60 135 2
71 70 155 2.8
71 80 183 1.6
71 90 199 3.3
72 0 0 1.4
72 10 14 0.6
72 20 20 4.3
72 30 63 3.7
72 40 100 2.6
72 50 126 0.9
72 60 135 2
72 70 155 2.8
72 80 183 1.6
72 90 199 3.3
73 0 0 1.4
73 10 14 0.6
73 20 20 4.3
73 30 63 3.7
73 40 100 2.6
73 50 126 0.9
73 60 135 2
73 70 155 2.8
73 80 183 1.6
73 90 199 3.3
74 0 0 1.4
74 10 14 0.6
74 20 20 4.3
74 30 63 3.7
74 40 100 2.6
74 50 126 0.9
74 60 135 2
74 70 155 2.8
74 80 183 1.6
74 90 199 3.3
75 0 0 1.4
75 10 14 0.6
75 20 20 4.3
75 30 63 3.7
75 40 100 2.6
75 50 126 0.9
75 60 135 2
75 70 155 2.8
75 80 183 1.6
75 90 199 3.3
76 0 0 1.4
76 10 14 0.6
76 20 20 4.3
76 30 63 3.7
76 40 100 2.6
76 50 126 0.9
76 60 135 2
76 70 155 2.8
76 80 183 1.6
76 90 199 3.3
77 0 0 1.4
77 10 14 0.6
77 20 20 4.3
77 30 63 3.7
77 40 100 2.6
77 50 126 0.9
77 60 135 2
77 70 155 2.8
77 80 183 1.6
77 90 199 3.3
78 0 0 1.4
78 10 14 0.6
78 20 20 4.3
78 30 63 3.7
78 40 100 2.6
78 50 126 0.9
78 60 135 2
78 70 155 2.8
78 80 183 1.6
78 90 199 3.3
79 0 0 1.4
79 10 14 0.6
79 20 20 4.3
79 30 63 3.7
79 40 100 2.6
79 50 126 0.9
79 60 135 2
79 70 155 2.8
79 80 183 1.6
79 90 199 3.3
80 0 0 1.4
80 10 14 0.6
80 20 20 4.3
80 30 63 3.7
80 40 100 2.6
80 50 126 0.9
80 60 135 2
80 70 155 2.8
80 80 183 1.6
80 90 199 3.3
81 0 0 1.4
81 10 14 0.6
81 20 20 4.3
81 30 63 3.7
81 40 100 2.6
81 50 126 0.9
81 60 135 2
81 70 155 2.8
81 80 183 1.6
81 90 199 3.3
82 0 0 1.4
82 10 14 0.6
82 20 20 4.3
82 30 63 3.7
82 40 100 2.6
82 50 126 0.9
82 60 135 2
82 70 155 2.8
82 80 183 1.6
82 90 199 3.3
83 0 0 1.4
83 10 14 0.6
83 20 20 4.3
83 30 63 3.7
83 40 100 2.6
83 50 126 0.9
83 60 135 2
83 70 155 2.8
83 80 183 1.6
83 90 199 3.3
84 0 0 1.4
84 10 14 0.6
84 20 20 4.3
84 30 63 3.7
84 40 100 2.6
84 50 126 0.9
84 60 135 2
84 70 155 2.8
84 80 183 1.6
84 90 199 3.3
85 0 0 1.4
85 10 14 0.6
85 20 20 4.3
85 30 63 3.7
85 40 100 2.6
85 50 126 0.9
85 60 135 2
85 70 155 2.8
85 80 183 1.6
85 90 199 3.3
86 0 0 1.4
86 10 14 0.6
86 20 20 4.3
86 30 63 3.7
86 40 100 2.6
86 50 126 0.9
86 60 135 2
86 70 155 2.8
86 80 183 1.6
86 90 199 3.3
87 0 0 1.4
87 10 14 0.6
87 20 20 4.3
87 30 63 3.7
87 40 100 2.6
87 50 126 0.9
87 60 135 2
87 70 155 2.8
87 80 183 1.6
87 90 199 3.3
88 0 0 1.4
88 10 14 0.6
88 20 20 4.3
88 30 63 3.7
88 40 100 2.6
88 50 126 0.9
88 60 135 2
88 70 155 2.8
88 80 183 1.6
88 90 199 3.3
89 0 0 1.4
89 10 14 0.6
89 20 20 4.3
89 30 63 3.7
89 40 100 2.6
89 50 126 0.9
89 60 135 2
89 70 155 2.8
89 80 183 1.6
89 90 199 3.3
90 0 0 1.4
90 10 14 0.6
90 20 20 4.3
90 30 63 3.7
90 40 100 2.6
90 50 126 0.9
90 60 135 2
90 70 155 2.8
90 80 183 1.6
90 90 199 3.3
91 0 0 1.4
91 10 14 0.6
91 20 20 4.3
91 30 63 3.7
91 40 100 2.6
91 50 126 0.9
91 60 135 2
91 70 155 2.8
91 80 183 1.6
91 90 199 3.3
92 0 0 1.4
92 10 14 0.6
92 20 20 4.3
92 30 63 3.7
92 40 100 2.6
92 50 126 0.9
92 60 135 2
92 70 155 2.8
92 80 183 1.6
92 90 199 3.3
93 0 0 1.4
93 10 14 0.6
93 20 20 4.3
93 30 63 3.7
93 40 100 2.6
93 50 126 0.9
93 60 135 2
93 70 155 2.8
93 80 183 1.6
93 90 199 3.3
94 0 0 1.4
94 10 14 0.6
94 20 20 4.3
94 30 63 3.7
94 40 100 2.6
94 50 126 0.9
94 60 135 2
94 70 155 2.8
94 80 183 1.6
94 90 199 3.3
95 0 0 1.4
95 10 14 0.6
95 20 20 4.3
95 30 63 3.7
95 40 100 2.6
95 50 126 0.9
95 60 135 2
95 70 155 2.8
95 80 183 1.6
95 90 199 3.3
96 0 0 1.4
96 10 14 0.6
96 20 20 4.3
96 30 63 3.7
96 40 100 2.6
96 50 126 0.9
96 60 135 2
96 70 155 2.8
96 80 183 1.6
96 90 199 3.3
97 0 0 1.4
97 10 14 0.6
97 20 20 4.3
97 30 63 3.7
97 40 100 2.6
97 50 126 0.9
97 60 135 2
97 70 155 2.8
97 80 183 1.6
97 90 199 3.3
98 0 0 1.4
98 10 14 0.6
98 20 20 4.3
98 30 63 3.7
98 40 100 2.6
98 50 126 0.9
98 60 135 2
98 70 155 2.8
98 80 183 1.6
98 90 199 3.3
99 0 0 1.4
99 10 14 0.6
99 20 20 4.3
99 30 63 3.7
99 40 100 2.6
99 50 126 0.9
99 60 135 2
99 70 155 2.8
99 80 183 1.6
99 90 199 3.3
