100 10
0 0 0 1.5
0 10 15 0.7
0 20 22 0.8
0 30 30 1.7
0 40 47 3.6
0 50 83 3.3
0 60 116 0.6
0 70 122 3.5
0 80 157 1.1
0 90 168 1.4
1 0 0 1.5
1 10 15 0.7
1 20 22 0.8
1 30 30 1.7
1 40 47 3.6
1 50 83 3.3
1 60 116 0.6
1 70 122 3.5
1 80 157 1.1
1 90 168 1.4
2 0 0 1.5
2 10 15 0.7
2 20 22 0.8
2 30 30 1.7
2 40 47 3.6
2 50 83 3.3
2 60 116 0.6
2 70 122 3.5
2 80 157 1.1
2 90 168 1.4
3 0 0 1.5
3 10 15 0.7
3 20 22 0.8
3 30 30 1.7
3 40 47 3.6
3 50 83 3.3
3 60 116 0.6
3 70 122 3.5
3 80 157 1.1
3 90 168 1.4
4 0 0 1.5
4 10 15 0.7
4 20 22 0.8
4 30 30 1.7
4 40 47 3.6
4 50 83 3.3
4 60 116 0.6
4 70 122 3.5
4 80 157 1.1
4 90 168 1.4
5 0 0 1.5
5 10 15 0.7
5 20 22 0.8
5 30 30 1.7
5 40 47 3.6
5 50 83 3.3
5 60 116 0.6
5 70 122 3.5
5 80 157 1.1
5 90 168 1.4
6 0 0 1.5
6 10 15 0.7
6 20 22 0.8
6 30 30 1.7
6 40 47 3.6
6 50 83 3.3
6 60 116 0.6
6 70 122 3.5
6 80 157 1.1
6 90 168 1.4
7 0 0 1.5
7 10 15 0.7
7 20 22 0.8
7 30 30 1.7
7 40 47 3.6
7 50 83 3.3
7 60 116 0.6
7 70 122 3.5
7 80 157 1.1
7 90 168 1.4
8 0 0 1.5
8 10 15 0.7
8 20 22 0.8
8 30 30 1.7
8 40 47 3.6
8 50 83 3.3
8 60 116 0.6
8 70 122 3.5
8 80 157 1.1
8 90 168 1.4
9 0 0 1.5
9 10 15 0.7
9 20 22 0.8
9 30 30 1.7
9 40 47 3.6
9 50 83 3.3
9 60 116 0.6
9 70 122 3.5
9 80 157 1.1
9 90 168 1.4
10 0 0 1.5
10 10 15 0.7
10 20 22 0.8
10 30 30 1.7
10 40 47 3.6
10 50 83 3.3
10 60 116 0.6
10 70 122 3.5
10 80 157 1.1
10 90 168 1.4
11 0 0 1.5
11 10 15 0.7
11 20 22 0.8
11 30 30 1.7
11 40 47 3.6
11 50 83 3.3
11 60 116 0.6
11 70 122 3.5
11 80 157 1.1
11 90 168 1.4
12 0 0 1.5
12 10 15 0.7
12 20 22 0.8
12 30 30 1.7
12 40 47 3.6
12 50 83 3.3
12 60 116 0.6
12 70 122 3.5
12 80 157 1.1
12 90 168 1.4
13 0 0 1.5
13 10 15 0.7
13 20 22 0.8
13 30 30 1.7
13 40 47 3.6
13 50 83 3.3
13 60 116 0.6
13 70 122 3.5
13 80 157 1.1
13 90 168 1.4
14 0 0 1.5
14 10 15 0.7
14 20 22 0.8
14 30 30 1.7
14 40 47 3.6
14 50 83 3.3
14 60 116 0.6
14 70 122 3.5
14 80 157 1.1
14 90 168 1.4
15 0 0 1.5
15 10 15 0.7
15 20 22 0.8
15 30 30 1.7
15 40 47 3.6
15 50 83 3.3
15 60 116 0.6
15 70 122 3.5
15 80 157 1.1
15 90 168 1.4
16 0 0 1.5
16 10 15 0.7
16 20 22 0.8
16 30 30 1.7
16 40 47 3.6
16 50 83 3.3
16 60 116 0.6
16 70 122 3.5
16 80 157 1.1
16 90 168 1.4
17 0 0 1.5
17 10 15 0.7
17 20 22 0.8
17 30 30 1.7
17 40 47 3.6
17 50 83 3.3
17 60 116 0.6
17 70 122 3.5
17 80 157 1.1
17 90 168 1.4
18 0 0 1.5
18 10 15 0.7
18 20 22 0.8
18 30 30 1.7
18 40 47 3.6
18 50 83 3.3
18 60 116 0.6
18 70 122 3.5
18 80 157 1.1
18 90 168 1.4
19 0 0 1.5
19 10 15 0.7
19 20 22 0.8
19 30 30 1.7
19 40 47 3.6
19 50 83 3.3
19 60 116 0.6
19 70 122 3.5
19 80 157 1.1
19 90 168 1.4
20 0 0 1.5
20 10 15 0.7
20 20 22 0.8
20 30 30 1.7
20 40 47 3.6
20 50 83 3.3
20 60 116 0.6
20 70 122 3.5
20 80 157 1.1
20 90 168 1.4
21 0 0 1.5
21 10 15 0.7
21 20 22 0.8
21 30 30 1.7
21 40 47 3.6
21 50 83 3.3
21 60 116 0.6
21 70 122 3.5
21 80 157 1.1
21 90 168 1.4
22 0 0 1.5
22 10 15 0.7
22 20 22 0.8
22 30 30 1.7
22 40 47 3.6
22 50 83 3.3
22 60 116 0.6
22 70 122 3.5
22 80 157 1.1
22 90 168 1.4
23 0 0 1.5
23 10 15 0.7
23 20 22 0.8
23 30 30 1.7
23 40 47 3.6
23 50 83 3.3
23 60 116 0.6
23 70 122 3.5
23 80 157 1.1
23 90 168 1.4
24 0 0 1.5
24 10 15 0.7
24 20 22 0.8
24 30 30 1.7
24 40 47 3.6
24 50 83 3.3
24 60 116 0.6
24 70 122 3.5
24 80 157 1.1
24 90 168 1.4
25 0 0 1.5
25 10 15 0.7
25 20 22 0.8
25 30 30 1.7
25 40 47 3.6
25 50 83 3.3
25 60 116 0.6
25 70 122 3.5
25 80 157 1.1
25 90 168 1.4
26 0 0 1.5
26 10 15 0.7
26 20 22 0.8
26 30 30 1.7
26 40 47 3.6
26 50 83 3.3
26 60 116 0.6
26 70 122 3.5
26 80 157 1.1
26 90 168 1.4
27 0 0 1.5
27 10 15 0.7
27 20 22 0.8
27 30 30 1.7
27 40 47 3.6
27 50 83 3.3
27 60 116 0.6
27 70 122 3.5
27 80 157 1.1
27 90 168 1.4
28 0 0 1.5
28 10 15 0.7
28 20 22 0.8
28 30 30 1.7
28 40 47 3.6
28 50 83 3.3
28 60 116 0.6
28 70 122 3.5
28 80 157 1.1
28 90 168 1.4
29 0 0 1.5
29 10 15 0.7
29 20 22 0.8
29 30 30 1.7
29 40 47 3.6
29 50 83 3.3
29 60 116 0.6
29 70 122 3.5
29 80 157 1.1
29 90 168 1.4
30 0 0 1.5
30 10 15 0.7
30 20 22 0.8
30 30 30 1.7
30 40 47 3.6
30 50 83 3.3
30 60 116 0.6
30 70 122 3.5
30 80 157 1.1
30 90 168 1.4
31 0 0 1.5
31 10 15 0.7
31 20 22 0.8
31 30 30 1.7
31 40 47 3.6
31 50 83 3.3
31 60 116 0.6
31 70 122 3.5
31 80 157 1.1
31 90 168 1.4
32 0 0 1.5
32 10 15 0.7
32 20 22 0.8
32 30 30 1.7
32 40 47 3.6
32 50 83 3.3
32 60 116 0.6
32 70 122 3.5
32 80 157 1.1
32 90 168 1.4
33 0 0 1.5
33 10 15 0.7
33 20 22 0.8
33 30 30 1.7
33 40 47 3.6
33 50 83 3.3
33 60 116 0.6
33 70 122 3.5
33 80 157 1.1
33 90 168 1.4
34 0 0 1.5
34 10 15 0.7
34 20 22 0.8
34 30 30 1.7
34 40 47 3.6
34 50 83 3.3
34 60 116 0.6
34 70 122 3.5
34 80 157 1.1
34 90 168 1.4
35 0 0 1.5
35 10 15 0.7
35 20 22 0.8
35 30 30 1.7
35 40 47 3.6
35 50 83 3.3
35 60 116 0.6
35 70 122 3.5
35 80 157 1.1
35 90 168 1.4
36 0 0 1.5
36 10 15 0.7
36 20 22 0.8
36 30 30 1.7
36 40 47 3.6
36 50 83 3.3
36 60 116 0.6
36 70 122 3.5
36 80 157 1.1
36 90 168 1.4
37 0 0 1.5
37 10 15 0.7
37 20 22 0.8
37 30 30 1.7
37 40 47 3.6
37 50 83 3.3
37 60 116 0.6
37 70 122 3.5
37 80 157 1.1
37 90 168 1.4
38 0 0 1.5
38 10 15 0.7
38 20 22 0.8
38 30 30 1.7
38 40 47 3.6
38 50 83 3.3
38 60 116 0.6
38 70 122 3.5
38 80 157 1.1
38 90 168 1.4
39 0 0 1.5
39 10 15 0.7
39 20 22 0.8
39 30 30 1.7
39 40 47 3.6
39 50 83 3.3
39 60 116 0.6
39 70 122 3.5
39 80 157 1.1
39 90 168 1.4
40 0 0 1.5
40 10 15 0.7
40 20 22 0.8
40 30 30 1.7
40 40 47 3.6
40 50 83 3.3
40 60 116 0.6
40 70 122 3.5
40 80 157 1.1
40 90 168 1.4
41 0 0 1.5
41 10 15 0.7
41 20 22 0.8
41 30 30 1.7
41 40 47 3.6
41 50 83 3.3
41 60 116 0.6
41 70 122 3.5
41 80 157 1.1
41 90 168 1.4
42 0 0 1.5
42 10 15 0.7
42 20 22 0.8
42 30 30 1.7
42 40 47 3.6
42 50 83 3.3
42 60 116 0.6
42 70 122 3.5
42 80 157 1.1
42 90 168 1.4
43 0 0 1.5
43 10 15 0.7
43 20 22 0.8
43 30 30 1.7
43 40 47 3.6
43 50 83 3.3
43 60 116 0.6
43 70 122 3.5
43 80 157 1.1
43 90 168 1.4
44 0 0 1.5
44 10 15 0.7
44 20 22 0.8
44 30 30 1.7
44 40 47 3.6
44 50 83 3.3
44 60 116 0.6
44 70 122 3.5
44 80 157 1.1
44 90 168 1.4
45 0 0 1.5
45 10 15 0.7
45 20 22 0.8
45 30 30 1.7
45 40 47 3.6
45 50 83 3.3
45 60 116 0.6
45 70 122 3.5
45 80 157 1.1
45 90 168 1.4
46 0 0 1.5
46 10 15 0.7
46 20 22 0.8
46 30 30 1.7
46 40 47 3.6
46 50 83 3.3
46 60 116 0.6
46 70 122 3.5
46 80 157 1.1
46 90 168 1.4
47 0 0 1.5
47 10 15 0.7
47 20 22 0.8
47 30 30 1.7
47 40 47 3.6
47 50 83 3.3
47 60 116 0.6
47 70 122 3.5
47 80 157 1.1
47 90 168 1.4
48 0 0 1.5
48 10 15 0.7
48 20 22 0.8
48 30 30 1.7
48 40 47 3.6
48 50 83 3.3
48 60 116 0.6
48 70 122 3.5
48 80 157 1.1
48 90 168 1.4
49 0 0 1.5
49 10 15 0.7
49 20 22 0.8
49 30 30 1.7
49 40 47 3.6
49 50 83 3.3
49 60 116 0.6
49 70 122 3.5
49 80 157 1.1
49 90 168 1.4
50 0 0 1.5
50 10 15 0.7
50 20 22 0.8
50 30 30 1.7
50 40 47 3.6
50 50 83 3.3
50 60 116 0.6
50 70 122 3.5
50 80 157 1.1
50 90 168 1.4
51 0 0 1.5
51 10 15 0.7
51 20 22 0.8
51 30 30 1.7
51 40 47 3.6
51 50 83 3.3
51 60 116 0.6
51 70 122 3.5
51 80 157 1.1
51 90 168 1.4
52 0 0 1.5
52 10 15 0.7
52 20 22 0.8
52 30 30 1.7
52 40 47 3.6
52 50 83 3.3
52 60 116 0.6
52 70 122 3.5
52 80 157 1.1
52 90 168 1.4
53 0 0 1.5
53 10 15 0.7
53 20 22 0.8
53 30 30 1.7
53 40 47 3.6
53 50 83 3.3
53 60 116 0.6
53 70 122 3.5
53 80 157 1.1
53 90 168 1.4
54 0 0 1.5
54 10 15 0.7
54 20 22 0.8
54 30 30 1.7
54 40 47 3.6
54 50 83 3.3
54 60 116 0.6
54 70 122 3.5
54 80 157 1.1
54 90 168 1.4
55 0 0 1.5
55 10 15 0.7
55 20 22 0.8
55 30 30 1.7
55 40 47 3.6
55 50 83 3.3
55 60 116 0.6
55 70 122 3.5
55 80 157 1.1
55 90 168 1.4
56 0 0 1.5
56 10 15 0.7
56 20 22 0.8
56 30 30 1.7
56 40 47 3.6
56 50 83 3.3
56 60 116 0.6
56 70 122 3.5
56 80 157 1.1
56 90 168 1.4
57 0 0 1.5
57 10 15 0.7
57 20 22 0.8
57 30 30 1.7
57 40 47 3.6
57 50 83 3.3
57 60 116 0.6
57 70 122 3.5
57 80 157 1.1
57 90 168 1.4
58 0 0 1.5
58 10 15 0.7
58 20 22 0.8
58 30 30 1.7
58 40 47 3.6
58 50 83 3.3
58 60 116 0.6
58 70 122 3.5
58 80 157 1.1
58 90 168 1.4
59 0 0 1.5
59 10 15 0.7
59 20 22 0.8
59 30 30 1.7
59 40 47 3.6
59 50 83 3.3
59 60 116 0.6
59 70 122 3.5
59 80 157 1.1
59 90 168 1.4
60 0 0 1.5
60 10 15 0.7
60 20 22 0.8
60 30 30 1.7
60 40 47 3.6
60 50 83 3.3
60 60 116 0.6
60 70 122 3.5
60 80 157 1.1
60 90 168 1.4
61 0 0 1.5
61 10 15 0.7
61 20 22 0.8
61 30 30 1.7
61 40 47 3.6
61 50 83 3.3
61 60 116 0.6
61 70 122 3.5
61 80 157 1.1
61 90 168 1.4
62 0 0 1.5
62 10 15 0.7
62 20 22 0.8
62 30 30 1.7
62 40 47 3.6
62 50 83 3.3
62 60 116 0.6
62 70 122 3.5
62 80 157 1.1
62 90 168 1.4
63 0 0 1.5
63 10 15 0.7
63 20 22 0.8
63 30 30 1.7
63 40 47 3.6
63 50 83 3.3
63 60 116 0.6
63 70 122 3.5
63 80 157 1.1
63 90 168 1.4
64 0 0 1.5
64 10 15 0.7
64 20 22 0.8
64 30 30 1.7
64 40 47 3.6
64 50 83 3.3
64 60 116 0.6
64 70 122 3.5
64 80 157 1.1
64 90 168 1.4
65 0 0 1.5
65 10 15 0.7
65 20 22 0.8
65 30 30 1.7
65 40 47 3.6
65 50 83 3.3
65 60 116 0.6
65 70 122 3.5
65 80 157 1.1
65 90 168 1.4
66 0 0 1.5
66 10 15 0.7
66 20 22 0.8
66 30 30 1.7
66 40 47 3.6
66 50 83 3.3
66 60 116 0.6
66 70 122 3.5
66 80 157 1.1
66 90 168 1.4
67 0 0 1.5
67 10 15 0.7
67 20 22 0.8
67 30 30 1.7
67 40 47 3.6
67 50 83 3.3
67 60 116 0.6
67 70 122 3.5
67 80 157 1.1
67 90 168 1.4
68 0 0 1.5
68 10 15 0.7
68 20 22 0.8
68 30 30 1.7
68 40 47 3.6
68 50 83 3.3
68 60 116 0.6
68 70 122 3.5
68 80 157 1.1
68 90 168 1.4
69 0 0 1.5
69 10 15 0.7
69 20 22 0.8
69 30 30 1.7
69 40 47 3.6
69 50 83 3.3
69 60 116 0.6
69 70 122 3.5
69 80 157 1.1
69 90 168 1.4
70 0 0 1.5
70 10 15 0.7
70 20 22 0.8
70 30 30 1.7
70 40 47 3.6
70 50 83 3.3
70 60 116 0.6
70 70 122 3.5
70 80 157 1.1
70 90 168 1.4
71 0 0 1.5
71 10 15 0.7
71 20 22 0.8
71 30 30 1.7
71 40 47 3.6
71 50 83 3.3
71 60 116 0.6
71 70 122 3.5
71 80 157 1.1
71 90 168 1.4
72 0 0 1.5
72 10 15 0.7
72 20 22 0.8
72 30 30 1.7
72 40 47 3.6
72 50 83 3.3
72 60 116 0.6
72 70 122 3.5
72 80 157 1.1
72 90 168 1.4
73 0 0 1.5
73 10 15 0.7
73 20 22 0.8
73 30 30 1.7
73 40 47 3.6
73 50 83 3.3
73 60 116 0.6
73 70 122 3.5
73 80 157 1.1
73 90 168 1.4
74 0 0 1.5
74 10 15 0.7
74 20 22 0.8
74 30 30 1.7
74 40 47 3.6
74 50 83 3.3
74 60 116 0.6
74 70 122 3.5
74 80 157 1.1
74 90 168 1.4
75 0 0 1.5
75 10 15 0.7
75 20 22 0.8
75 30 30 1.7
75 40 47 3.6
75 50 83 3.3
75 60 116 0.6
75 70 122 3.5
75 80 157 1.1
75 90 168 1.4
76 0 0 1.5
76 10 15 0.7
76 20 22 0.8
76 30 30 1.7
76 40 47 3.6
76 50 83 3.3
76 60 116 0.6
76 70 122 3.5
76 80 157 1.1
76 90 168 1.4
77 0 0 1.5
77 10 15 0.7
77 20 22 0.8
77 30 30 1.7
77 40 47 3.6
77 50 83 3.3
77 60 116 0.6
77 70 122 3.5
77 80 157 1.1
77 90 168 1.4
78 0 0 1.5
78 10 15 0.7
78 20 22 0.8
78 30 30 1.7
78 40 47 3.6
78 50 83 3.3
78 60 116 0.6
78 70 122 3.5
78 80 157 1.1
78 90 168 1.4
79 0 0 1.5
79 10 15 0.7
79 20 22 0.8
79 30 30 1.7
79 40 47 3.6
79 50 83 3.3
79 60 116 0.6
79 70 122 3.5
79 80 157 1.1
79 90 168 1.4
80 0 0 1.5
80 10 15 0.7
80 20 22 0.8
80 30 30 1.7
80 40 47 3.6
80 50 83 3.3
80 60 116 0.6
80 70 122 3.5
80 80 157 1.1
80 90 168 1.4
81 0 0 1.5
81 10 15 0.7
81 20 22 0.8
81 30 30 1.7
81 40 47 3.6
81 50 83 3.3
81 60 116 0.6
81 70 122 3.5
81 80 157 1.1
81 90 168 1.4
82 0 0 1.5
82 10 15 0.7
82 20 22 0.8
82 30 30 1.7
82 40 47 3.6
82 50 83 3.3
82 60 116 0.6
82 70 122 3.5
82 80 157 1.1
82 90 168 1.4
83 0 0 1.5
83 10 15 0.7
83 20 22 0.8
83 30 30 1.7
83 40 47 3.6
83 50 83 3.3
83 60 116 0.6
83 70 122 3.5
83 80 157 1.1
83 90 168 1.4
84 0 0 1.5
84 10 15 0.7
84 20 22 0.8
84 30 30 1.7
84 40 47 3.6
84 50 83 3.3
84 60 116 0.6
84 70 122 3.5
84 80 157 1.1
84 90 168 1.4
85 0 0 1.5
85 10 15 0.7
85 20 22 0.8
85 30 30 1.7
85 40 47 3.6
85 50 83 3.3
85 60 116 0.6
85 70 122 3.5
85 80 157 1.1
85 90 168 1.4
86 0 0 1.5
86 10 15 0.7
86 20 22 0.8
86 30 30 1.7
86 40 47 3.6
86 50 83 3.3
86 60 116 0.6
86 70 122 3.5
86 80 157 1.1
86 90 168 1.4
87 0 0 1.5
87 10 15 0.7
87 20 22 0.8
87 30 30 1.7
87 40 47 3.6
87 50 83 3.3
87 60 116 0.6
87 70 122 3.5
87 80 157 1.1
87 90 168 1.4
88 0 0 1.5
88 10 15 0.7
88 20 22 0.8
88 30 30 1.7
88 40 47 3.6
88 50 83 3.3
88 60 116 0.6
88 70 122 3.5
88 80 157 1.1
88 90 168 1.4
89 0 0 1.5
89 10 15 0.7
89 20 22 0.8
89 30 30 1.7
89 40 47 3.6
89 50 83 3.3
89 60 116 0.6
89 70 122 3.5
89 80 157 1.1
89 90 168 1.4
90 0 0 1.5
90 10 15 0.7
90 20 22 0.8
90 30 30 1.7
90 40 47 3.6
90 50 83 3.3
90 60 116 0.6
90 70 122 3.5
90 80 157 1.1
90 90 168 1.4
91 0 0 1.5
91 10 15 0.7
91 20 22 0.8
91 30 30 1.7
91 40 47 3.6
91 50 83 3.3
91 60 116 0.6
91 70 122 3.5
91 80 157 1.1
91 90 168 1.4
92 0 0 1.5
92 10 15 0.7
92 20 22 0.8
92 30 30 1.7
92 40 47 3.6
92 50 83 3.3
92 60 116 0.6
92 70 122 3.5
92 80 157 1.1
92 90 168 1.4
93 0 0 1.5
93 10 15 0.7
93 20 22 0.8
93 30 30 1.7
93 40 47 3.6
93 50 83 3.3
93 60 116 0.6
93 70 122 3.5
93 80 157 1.1
93 90 168 1.4
94 0 0 1.5
94 10 15 0.7
94 20 22 0.8
94 30 30 1.7
94 40 47 3.6
94 50 83 3.3
94 60 116 0.6
94 70 122 3.5
94 80 157 1.1
94 90 168 1.4
95 0 0 1.5
95 10 15 0.7
95 20 22 0.8
95 30 30 1.7
95 40 47 3.6
95 50 83 3.3
95 60 116 0.6
95 70 122 3.5
95 80 157 1.1
95 90 168 1.4
96 0 0 1.5
96 10 15 0.7
96 20 22 0.8
96 30 30 1.7
96 40 47 3.6
96 50 83 3.3
96 60 116 0.6
96 70 122 3.5
96 80 157 1.1
96 90 168 1.4
97 0 0 1.5
97 10 15 0.7
97 20 22 0.8
97 30 30 1.7
97 40 47 3.6
97 50 83 3.3
97 60 116 0.6
97 70 122 3.5
97 80 157 1.1
97 90 168 1.4
98 0 0 1.5
98 10 15 0.7
98 20 22 0.8
98 30 30 1.7
98 40 47 3.6
98 50 83 3.3
98 60 116 0.6
98 70 122 3.5
98 80 157 1.1
98 90 168 1.4
99 0 0 1.5
99 10 15 0.7
99 20 22 0.8
99 30 30 1.7
99 40 47 3.6
99 50 83 3.3
99 60 116 0.6
99 70 122 3.5
99 80 157 1.1
99 90 168 1.4
