1000 4
0 0 0 1.2
0 25 30 1
0 50 55 0.7
0 75 72.5 0.8
1 0 0 1.2
1 25 30 1
1 50 55 0.7
1 75 72.5 0.8
2 0 0 1.2
2 25 30 1
2 50 55 0.7
2 75 72.5 0.8
3 0 0 1.2
3 25 30 1
3 50 55 0.7
3 75 72.5 0.8
4 0 0 1.2
4 25 30 1
4 50 55 0.7
4 75 72.5 0.8
5 0 0 1.2
5 25 30 1
5 50 55 0.7
5 75 72.5 0.8
6 0 0 1.2
6 25 30 1
6 50 55 0.7
6 75 72.5 0.8
7 0 0 1.2
7 25 30 1
7 50 55 0.7
7 75 72.5 0.8
8 0 0 1.2
8 25 30 1
8 50 55 0.7
8 75 72.5 0.8
9 0 0 1.2
9 25 30 1
9 50 55 0.7
9 75 72.5 0.8
10 0 0 1.2
10 25 30 1
10 50 55 0.7
10 75 72.5 0.8
11 0 0 1.2
11 25 30 1
11 50 55 0.7
11 75 72.5 0.8
12 0 0 1.2
12 25 30 1
12 50 55 0.7
12 75 72.5 0.8
13 0 0 1.2
13 25 30 1
13 50 55 0.7
13 75 72.5 0.8
14 0 0 1.2
14 25 30 1
14 50 55 0.7
14 75 72.5 0.8
15 0 0 1.2
15 25 30 1
15 50 55 0.7
15 75 72.5 0.8
16 0 0 1.2
16 25 30 1
16 50 55 0.7
16 75 72.5 0.8
17 0 0 1.2
17 25 30 1
17 50 55 0.7
17 75 72.5 0.8
18 0 0 1.2
18 25 30 1
18 50 55 0.7
18 75 72.5 0.8
19 0 0 1.2
19 25 30 1
19 50 55 0.7
19 75 72.5 0.8
20 0 0 1.2
20 25 30 1
20 50 55 0.7
20 75 72.5 0.8
21 0 0 1.2
21 25 30 1
21 50 55 0.7
21 75 72.5 0.8
22 0 0 1.2
22 25 30 1
22 50 55 0.7
22 75 72.5 0.8
23 0 0 1.2
23 25 30 1
23 50 55 0.7
23 75 72.5 0.8
24 0 0 1.2
24 25 30 1
24 50 55 0.7
24 75 72.5 0.8
25 0 0 1.2
25 25 30 1
25 50 55 0.7
25 75 72.5 0.8
26 0 0 1.2
26 25 30 1
26 50 55 0.7
26 75 72.5 0.8
27 0 0 1.2
27 25 30 1
27 50 55 0.7
27 75 72.5 0.8
28 0 0 1.2
28 25 30 1
28 50 55 0.7
28 75 72.5 0.8
29 0 0 1.2
29 25 30 1
29 50 55 0.7
29 75 72.5 0.8
30 0 0 1.2
30 25 30 1
30 50 55 0.7
30 75 72.5 0.8
31 0 0 1.2
31 25 30 1
31 50 55 0.7
31 75 72.5 0.8
32 0 0 1.2
32 25 30 1
32 50 55 0.7
32 75 72.5 0.8
33 0 0 1.2
33 25 30 1
33 50 55 0.7
33 75 72.5 0.8
34 0 0 1.2
34 25 30 1
34 50 55 0.7
34 75 72.5 0.8
35 0 0 1.2
35 25 30 1
35 50 55 0.7
35 75 72.5 0.8
36 0 0 1.2
36 25 30 1
36 50 55 0.7
36 75 72.5 0.8
37 0 0 1.2
37 25 30 1
37 50 55 0.7
37 75 72.5 0.8
38 0 0 1.2
38 25 30 1
38 50 55 0.7
38 75 72.5 0.8
39 0 0 1.2
39 25 30 1
39 50 55 0.7
39 75 72.5 0.8
40 0 0 1.2
40 25 30 1
40 50 55 0.7
40 75 72.5 0.8
41 0 0 1.2
41 25 30 1
41 50 55 0.7
41 75 72.5 0.8
42 0 0 1.2
42 25 30 1
42 50 55 0.7
42 75 72.5 0.8
43 0 0 1.2
43 25 30 1
43 50 55 0.7
43 75 72.5 0.8
44 0 0 1.2
44 25 30 1
44 50 55 0.7
44 75 72.5 0.8
45 0 0 1.2
45 25 30 1
45 50 55 0.7
45 75 72.5 0.8
46 0 0 1.2
46 25 30 1
46 50 55 0.7
46 75 72.5 0.8
47 0 0 1.2
47 25 30 1
47 50 55 0.7
47 75 72.5 0.8
48 0 0 1.2
48 25 30 1
48 50 55 0.7
48 75 72.5 0.8
49 0 0 1.2
49 25 30 1
49 50 55 0.7
49 75 72.5 0.8
50 0 0 1.2
50 25 30 1
50 50 55 0.7
50 75 72.5 0.8
51 0 0 1.2
51 25 30 1
51 50 55 0.7
51 75 72.5 0.8
52 0 0 1.2
52 25 30 1
52 50 55 0.7
52 75 72.5 0.8
53 0 0 1.2
53 25 30 1
53 50 55 0.7
53 75 72.5 0.8
54 0 0 1.2
54 25 30 1
54 50 55 0.7
54 75 72.5 0.8
55 0 0 1.2
55 25 30 1
55 50 55 0.7
55 75 72.5 0.8
56 0 0 1.2
56 25 30 1
56 50 55 0.7
56 75 72.5 0.8
57 0 0 1.2
57 25 30 1
57 50 55 0.7
57 75 72.5 0.8
58 0 0 1.2
58 25 30 1
58 50 55 0.7
58 75 72.5 0.8
59 0 0 1.2
59 25 30 1
59 50 55 0.7
59 75 72.5 0.8
60 0 0 1.2
60 25 30 1
60 50 55 0.7
60 75 72.5 0.8
61 0 0 1.2
61 25 30 1
61 50 55 0.7
61 75 72.5 0.8
62 0 0 1.2
62 25 30 1
62 50 55 0.7
62 75 72.5 0.8
63 0 0 1.2
63 25 30 1
63 50 55 0.7
63 75 72.5 0.8
64 0 0 1.2
64 25 30 1
64 50 55 0.7
64 75 72.5 0.8
65 0 0 1.2
65 25 30 1
65 50 55 0.7
65 75 72.5 0.8
66 0 0 1.2
66 25 30 1
66 50 55 0.7
66 75 72.5 0.8
67 0 0 1.2
67 25 30 1
67 50 55 0.7
67 75 72.5 0.8
68 0 0 1.2
68 25 30 1
68 50 55 0.7
68 75 72.5 0.8
69 0 0 1.2
69 25 30 1
69 50 55 0.7
69 75 72.5 0.8
70 0 0 1.2
70 25 30 1
70 50 55 0.7
70 75 72.5 0.8
71 0 0 1.2
71 25 30 1
71 50 55 0.7
71 75 72.5 0.8
72 0 0 1.2
72 25 30 1
72 50 55 0.7
72 75 72.5 0.8
73 0 0 1.2
73 25 30 1
73 50 55 0.7
73 75 72.5 0.8
74 0 0 1.2
74 25 30 1
74 50 55 0.7
74 75 72.5 0.8
75 0 0 1.2
75 25 30 1
75 50 55 0.7
75 75 72.5 0.8
76 0 0 1.2
76 25 30 1
76 50 55 0.7
76 75 72.5 0.8
77 0 0 1.2
77 25 30 1
77 50 55 0.7
77 75 72.5 0.8
78 0 0 1.2
78 25 30 1
78 50 55 0.7
78 75 72.5 0.8
79 0 0 1.2
79 25 30 1
79 50 55 0.7
79 75 72.5 0.8
80 0 0 1.2
80 25 30 1
80 50 55 0.7
80 75 72.5 0.8
81 0 0 1.2
81 25 30 1
81 50 55 0.7
81 75 72.5 0.8
82 0 0 1.2
82 25 30 1
82 50 55 0.7
82 75 72.5 0.8
83 0 0 1.2
83 25 30 1
83 50 55 0.7
83 75 72.5 0.8
84 0 0 1.2
84 25 30 1
84 50 55 0.7
84 75 72.5 0.8
85 0 0 1.2
85 25 30 1
85 50 55 0.7
85 75 72.5 0.8
86 0 0 1.2
86 25 30 1
86 50 55 0.7
86 75 72.5 0.8
87 0 0 1.2
87 25 30 1
87 50 55 0.7
87 75 72.5 0.8
88 0 0 1.2
88 25 30 1
88 50 55 0.7
88 75 72.5 0.8
89 0 0 1.2
89 25 30 1
89 50 55 0.7
89 75 72.5 0.8
90 0 0 1.2
90 25 30 1
90 50 55 0.7
90 75 72.5 0.8
91 0 0 1.2
91 25 30 1
91 50 55 0.7
91 75 72.5 0.8
92 0 0 1.2
92 25 30 1
92 50 55 0.7
92 75 72.5 0.8
93 0 0 1.2
93 25 30 1
93 50 55 0.7
93 75 72.5 0.8
94 0 0 1.2
94 25 30 1
94 50 55 0.7
94 75 72.5 0.8
95 0 0 1.2
95 25 30 1
95 50 55 0.7
95 75 72.5 0.8
96 0 0 1.2
96 25 30 1
96 50 55 0.7
96 75 72.5 0.8
97 0 0 1.2
97 25 30 1
97 50 55 0.7
97 75 72.5 0.8
98 0 0 1.2
98 25 30 1
98 50 55 0.7
98 75 72.5 0.8
99 0 0 1.2
99 25 30 1
99 50 55 0.7
99 75 72.5 0.8
100 0 0 1.2
100 25 30 1
100 50 55 0.7
100 75 72.5 0.8
101 0 0 1.2
101 25 30 1
101 50 55 0.7
101 75 72.5 0.8
102 0 0 1.2
102 25 30 1
102 50 55 0.7
102 75 72.5 0.8
103 0 0 1.2
103 25 30 1
103 50 55 0.7
103 75 72.5 0.8
104 0 0 1.2
104 25 30 1
104 50 55 0.7
104 75 72.5 0.8
105 0 0 1.2
105 25 30 1
105 50 55 0.7
105 75 72.5 0.8
106 0 0 1.2
106 25 30 1
106 50 55 0.7
106 75 72.5 0.8
107 0 0 1.2
107 25 30 1
107 50 55 0.7
107 75 72.5 0.8
108 0 0 1.2
108 25 30 1
108 50 55 0.7
108 75 72.5 0.8
109 0 0 1.2
109 25 30 1
109 50 55 0.7
109 75 72.5 0.8
110 0 0 1.2
110 25 30 1
110 50 55 0.7
110 75 72.5 0.8
111 0 0 1.2
111 25 30 1
111 50 55 0.7
111 75 72.5 0.8
112 0 0 1.2
112 25 30 1
112 50 55 0.7
112 75 72.5 0.8
113 0 0 1.2
113 25 30 1
113 50 55 0.7
113 75 72.5 0.8
114 0 0 1.2
114 25 30 1
114 50 55 0.7
114 75 72.5 0.8
115 0 0 1.2
115 25 30 1
115 50 55 0.7
115 75 72.5 0.8
116 0 0 1.2
116 25 30 1
116 50 55 0.7
116 75 72.5 0.8
117 0 0 1.2
117 25 30 1
117 50 55 0.7
117 75 72.5 0.8
118 0 0 1.2
118 25 30 1
118 50 55 0.7
118 75 72.5 0.8
119 0 0 1.2
119 25 30 1
119 50 55 0.7
119 75 72.5 0.8
120 0 0 1.2
120 25 30 1
120 50 55 0.7
120 75 72.5 0.8
121 0 0 1.2
121 25 30 1
121 50 55 0.7
121 75 72.5 0.8
122 0 0 1.2
122 25 30 1
122 50 55 0.7
122 75 72.5 0.8
123 0 0 1.2
123 25 30 1
123 50 55 0.7
123 75 72.5 0.8
124 0 0 1.2
124 25 30 1
124 50 55 0.7
124 75 72.5 0.8
125 0 0 1.2
125 25 30 1
125 50 55 0.7
125 75 72.5 0.8
126 0 0 1.2
126 25 30 1
126 50 55 0.7
126 75 72.5 0.8
127 0 0 1.2
127 25 30 1
127 50 55 0.7
127 75 72.5 0.8
128 0 0 1.2
128 25 30 1
128 50 55 0.7
128 75 72.5 0.8
129 0 0 1.2
129 25 30 1
129 50 55 0.7
129 75 72.5 0.8
130 0 0 1.2
130 25 30 1
130 50 55 0.7
130 75 72.5 0.8
131 0 0 1.2
131 25 30 1
131 50 55 0.7
131 75 72.5 0.8
132 0 0 1.2
132 25 30 1
132 50 55 0.7
132 75 72.5 0.8
133 0 0 1.2
133 25 30 1
133 50 55 0.7
133 75 72.5 0.8
134 0 0 1.2
134 25 30 1
134 50 55 0.7
134 75 72.5 0.8
135 0 0 1.2
135 25 30 1
135 50 55 0.7
135 75 72.5 0.8
136 0 0 1.2
136 25 30 1
136 50 55 0.7
136 75 72.5 0.8
137 0 0 1.2
137 25 30 1
137 50 55 0.7
137 75 72.5 0.8
138 0 0 1.2
138 25 30 1
138 50 55 0.7
138 75 72.5 0.8
139 0 0 1.2
139 25 30 1
139 50 55 0.7
139 75 72.5 0.8
140 0 0 1.2
140 25 30 1
140 50 55 0.7
140 75 72.5 0.8
141 0 0 1.2
141 25 30 1
141 50 55 0.7
141 75 72.5 0.8
142 0 0 1.2
142 25 30 1
142 50 55 0.7
142 75 72.5 0.8
143 0 0 1.2
143 25 30 1
143 50 55 0.7
143 75 72.5 0.8
144 0 0 1.2
144 25 30 1
144 50 55 0.7
144 75 72.5 0.8
145 0 0 1.2
145 25 30 1
145 50 55 0.7
145 75 72.5 0.8
146 0 0 1.2
146 25 30 1
146 50 55 0.7
146 75 72.5 0.8
147 0 0 1.2
147 25 30 1
147 50 55 0.7
147 75 72.5 0.8
148 0 0 1.2
148 25 30 1
148 50 55 0.7
148 75 72.5 0.8
149 0 0 1.2
149 25 30 1
149 50 55 0.7
149 75 72.5 0.8
150 0 0 1.2
150 25 30 1
150 50 55 0.7
150 75 72.5 0.8
151 0 0 1.2
151 25 30 1
151 50 55 0.7
151 75 72.5 0.8
152 0 0 1.2
152 25 30 1
152 50 55 0.7
152 75 72.5 0.8
153 0 0 1.2
153 25 30 1
153 50 55 0.7
153 75 72.5 0.8
154 0 0 1.2
154 25 30 1
154 50 55 0.7
154 75 72.5 0.8
155 0 0 1.2
155 25 30 1
155 50 55 0.7
155 75 72.5 0.8
156 0 0 1.2
156 25 30 1
156 50 55 0.7
156 75 72.5 0.8
157 0 0 1.2
157 25 30 1
157 50 55 0.7
157 75 72.5 0.8
158 0 0 1.2
158 25 30 1
158 50 55 0.7
158 75 72.5 0.8
159 0 0 1.2
159 25 30 1
159 50 55 0.7
159 75 72.5 0.8
160 0 0 1.2
160 25 30 1
160 50 55 0.7
160 75 72.5 0.8
161 0 0 1.2
161 25 30 1
161 50 55 0.7
161 75 72.5 0.8
162 0 0 1.2
162 25 30 1
162 50 55 0.7
162 75 72.5 0.8
163 0 0 1.2
163 25 30 1
163 50 55 0.7
163 75 72.5 0.8
164 0 0 1.2
164 25 30 1
164 50 55 0.7
164 75 72.5 0.8
165 0 0 1.2
165 25 30 1
165 50 55 0.7
165 75 72.5 0.8
166 0 0 1.2
166 25 30 1
166 50 55 0.7
166 75 72.5 0.8
167 0 0 1.2
167 25 30 1
167 50 55 0.7
167 75 72.5 0.8
168 0 0 1.2
168 25 30 1
168 50 55 0.7
168 75 72.5 0.8
169 0 0 1.2
169 25 30 1
169 50 55 0.7
169 75 72.5 0.8
170 0 0 1.2
170 25 30 1
170 50 55 0.7
170 75 72.5 0.8
171 0 0 1.2
171 25 30 1
171 50 55 0.7
171 75 72.5 0.8
172 0 0 1.2
172 25 30 1
172 50 55 0.7
172 75 72.5 0.8
173 0 0 1.2
173 25 30 1
173 50 55 0.7
173 75 72.5 0.8
174 0 0 1.2
174 25 30 1
174 50 55 0.7
174 75 72.5 0.8
175 0 0 1.2
175 25 30 1
175 50 55 0.7
175 75 72.5 0.8
176 0 0 1.2
176 25 30 1
176 50 55 0.7
176 75 72.5 0.8
177 0 0 1.2
177 25 30 1
177 50 55 0.7
177 75 72.5 0.8
178 0 0 1.2
178 25 30 1
178 50 55 0.7
178 75 72.5 0.8
179 0 0 1.2
179 25 30 1
179 50 55 0.7
179 75 72.5 0.8
180 0 0 1.2
180 25 30 1
180 50 55 0.7
180 75 72.5 0.8
181 0 0 1.2
181 25 30 1
181 50 55 0.7
181 75 72.5 0.8
182 0 0 1.2
182 25 30 1
182 50 55 0.7
182 75 72.5 0.8
183 0 0 1.2
183 25 30 1
183 50 55 0.7
183 75 72.5 0.8
184 0 0 1.2
184 25 30 1
184 50 55 0.7
184 75 72.5 0.8
185 0 0 1.2
185 25 30 1
185 50 55 0.7
185 75 72.5 0.8
186 0 0 1.2
186 25 30 1
186 50 55 0.7
186 75 72.5 0.8
187 0 0 1.2
187 25 30 1
187 50 55 0.7
187 75 72.5 0.8
188 0 0 1.2
188 25 30 1
188 50 55 0.7
188 75 72.5 0.8
189 0 0 1.2
189 25 30 1
189 50 55 0.7
189 75 72.5 0.8
190 0 0 1.2
190 25 30 1
190 50 55 0.7
190 75 72.5 0.8
191 0 0 1.2
191 25 30 1
191 50 55 0.7
191 75 72.5 0.8
192 0 0 1.2
192 25 30 1
192 50 55 0.7
192 75 72.5 0.8
193 0 0 1.2
193 25 30 1
193 50 55 0.7
193 75 72.5 0.8
194 0 0 1.2
194 25 30 1
194 50 55 0.7
194 75 72.5 0.8
195 0 0 1.2
195 25 30 1
195 50 55 0.7
195 75 72.5 0.8
196 0 0 1.2
196 25 30 1
196 50 55 0.7
196 75 72.5 0.8
197 0 0 1.2
197 25 30 1
197 50 55 0.7
197 75 72.5 0.8
198 0 0 1.2
198 25 30 1
198 50 55 0.7
198 75 72.5 0.8
199 0 0 1.2
199 25 30 1
199 50 55 0.7
199 75 72.5 0.8
200 0 0 1.2
200 25 30 1
200 50 55 0.7
200 75 72.5 0.8
201 0 0 1.2
201 25 30 1
201 50 55 0.7
201 75 72.5 0.8
202 0 0 1.2
202 25 30 1
202 50 55 0.7
202 75 72.5 0.8
203 0 0 1.2
203 25 30 1
203 50 55 0.7
203 75 72.5 0.8
204 0 0 1.2
204 25 30 1
204 50 55 0.7
204 75 72.5 0.8
205 0 0 1.2
205 25 30 1
205 50 55 0.7
205 75 72.5 0.8
206 0 0 1.2
206 25 30 1
206 50 55 0.7
206 75 72.5 0.8
207 0 0 1.2
207 25 30 1
207 50 55 0.7
207 75 72.5 0.8
208 0 0 1.2
208 25 30 1
208 50 55 0.7
208 75 72.5 0.8
209 0 0 1.2
209 25 30 1
209 50 55 0.7
209 75 72.5 0.8
210 0 0 1.2
210 25 30 1
210 50 55 0.7
210 75 72.5 0.8
211 0 0 1.2
211 25 30 1
211 50 55 0.7
211 75 72.5 0.8
212 0 0 1.2
212 25 30 1
212 50 55 0.7
212 75 72.5 0.8
213 0 0 1.2
213 25 30 1
213 50 55 0.7
213 75 72.5 0.8
214 0 0 1.2
214 25 30 1
214 50 55 0.7
214 75 72.5 0.8
215 0 0 1.2
215 25 30 1
215 50 55 0.7
215 75 72.5 0.8
216 0 0 1.2
216 25 30 1
216 50 55 0.7
216 75 72.5 0.8
217 0 0 1.2
217 25 30 1
217 50 55 0.7
217 75 72.5 0.8
218 0 0 1.2
218 25 30 1
218 50 55 0.7
218 75 72.5 0.8
219 0 0 1.2
219 25 30 1
219 50 55 0.7
219 75 72.5 0.8
220 0 0 1.2
220 25 30 1
220 50 55 0.7
220 75 72.5 0.8
221 0 0 1.2
221 25 30 1
221 50 55 0.7
221 75 72.5 0.8
222 0 0 1.2
222 25 30 1
222 50 55 0.7
222 75 72.5 0.8
223 0 0 1.2
223 25 30 1
223 50 55 0.7
223 75 72.5 0.8
224 0 0 1.2
224 25 30 1
224 50 55 0.7
224 75 72.5 0.8
225 0 0 1.2
225 25 30 1
225 50 55 0.7
225 75 72.5 0.8
226 0 0 1.2
226 25 30 1
226 50 55 0.7
226 75 72.5 0.8
227 0 0 1.2
227 25 30 1
227 50 55 0.7
227 75 72.5 0.8
228 0 0 1.2
228 25 30 1
228 50 55 0.7
228 75 72.5 0.8
229 0 0 1.2
229 25 30 1
229 50 55 0.7
229 75 72.5 0.8
230 0 0 1.2
230 25 30 1
230 50 55 0.7
230 75 72.5 0.8
231 0 0 1.2
231 25 30 1
231 50 55 0.7
231 75 72.5 0.8
232 0 0 1.2
232 25 30 1
232 50 55 0.7
232 75 72.5 0.8
233 0 0 1.2
233 25 30 1
233 50 55 0.7
233 75 72.5 0.8
234 0 0 1.2
234 25 30 1
234 50 55 0.7
234 75 72.5 0.8
235 0 0 1.2
235 25 30 1
235 50 55 0.7
235 75 72.5 0.8
236 0 0 1.2
236 25 30 1
236 50 55 0.7
236 75 72.5 0.8
237 0 0 1.2
237 25 30 1
237 50 55 0.7
237 75 72.5 0.8
238 0 0 1.2
238 25 30 1
238 50 55 0.7
238 75 72.5 0.8
239 0 0 1.2
239 25 30 1
239 50 55 0.7
239 75 72.5 0.8
240 0 0 1.2
240 25 30 1
240 50 55 0.7
240 75 72.5 0.8
241 0 0 1.2
241 25 30 1
241 50 55 0.7
241 75 72.5 0.8
242 0 0 1.2
242 25 30 1
242 50 55 0.7
242 75 72.5 0.8
243 0 0 1.2
243 25 30 1
243 50 55 0.7
243 75 72.5 0.8
244 0 0 1.2
244 25 30 1
244 50 55 0.7
244 75 72.5 0.8
245 0 0 1.2
245 25 30 1
245 50 55 0.7
245 75 72.5 0.8
246 0 0 1.2
246 25 30 1
246 50 55 0.7
246 75 72.5 0.8
247 0 0 1.2
247 25 30 1
247 50 55 0.7
247 75 72.5 0.8
248 0 0 1.2
248 25 30 1
248 50 55 0.7
248 75 72.5 0.8
249 0 0 1.2
249 25 30 1
249 50 55 0.7
249 75 72.5 0.8
250 0 0 1.2
250 25 30 1
250 50 55 0.7
250 75 72.5 0.8
251 0 0 1.2
251 25 30 1
251 50 55 0.7
251 75 72.5 0.8
252 0 0 1.2
252 25 30 1
252 50 55 0.7
252 75 72.5 0.8
253 0 0 1.2
253 25 30 1
253 50 55 0.7
253 75 72.5 0.8
254 0 0 1.2
254 25 30 1
254 50 55 0.7
254 75 72.5 0.8
255 0 0 1.2
255 25 30 1
255 50 55 0.7
255 75 72.5 0.8
256 0 0 1.2
256 25 30 1
256 50 55 0.7
256 75 72.5 0.8
257 0 0 1.2
257 25 30 1
257 50 55 0.7
257 75 72.5 0.8
258 0 0 1.2
258 25 30 1
258 50 55 0.7
258 75 72.5 0.8
259 0 0 1.2
259 25 30 1
259 50 55 0.7
259 75 72.5 0.8
260 0 0 1.2
260 25 30 1
260 50 55 0.7
260 75 72.5 0.8
261 0 0 1.2
261 25 30 1
261 50 55 0.7
261 75 72.5 0.8
262 0 0 1.2
262 25 30 1
262 50 55 0.7
262 75 72.5 0.8
263 0 0 1.2
263 25 30 1
263 50 55 0.7
263 75 72.5 0.8
264 0 0 1.2
264 25 30 1
264 50 55 0.7
264 75 72.5 0.8
265 0 0 1.2
265 25 30 1
265 50 55 0.7
265 75 72.5 0.8
266 0 0 1.2
266 25 30 1
266 50 55 0.7
266 75 72.5 0.8
267 0 0 1.2
267 25 30 1
267 50 55 0.7
267 75 72.5 0.8
268 0 0 1.2
268 25 30 1
268 50 55 0.7
268 75 72.5 0.8
269 0 0 1.2
269 25 30 1
269 50 55 0.7
269 75 72.5 0.8
270 0 0 1.2
270 25 30 1
270 50 55 0.7
270 75 72.5 0.8
271 0 0 1.2
271 25 30 1
271 50 55 0.7
271 75 72.5 0.8
272 0 0 1.2
272 25 30 1
272 50 55 0.7
272 75 72.5 0.8
273 0 0 1.2
273 25 30 1
273 50 55 0.7
273 75 72.5 0.8
274 0 0 1.2
274 25 30 1
274 50 55 0.7
274 75 72.5 0.8
275 0 0 1.2
275 25 30 1
275 50 55 0.7
275 75 72.5 0.8
276 0 0 1.2
276 25 30 1
276 50 55 0.7
276 75 72.5 0.8
277 0 0 1.2
277 25 30 1
277 50 55 0.7
277 75 72.5 0.8
278 0 0 1.2
278 25 30 1
278 50 55 0.7
278 75 72.5 0.8
279 0 0 1.2
279 25 30 1
279 50 55 0.7
279 75 72.5 0.8
280 0 0 1.2
280 25 30 1
280 50 55 0.7
280 75 72.5 0.8
281 0 0 1.2
281 25 30 1
281 50 55 0.7
281 75 72.5 0.8
282 0 0 1.2
282 25 30 1
282 50 55 0.7
282 75 72.5 0.8
283 0 0 1.2
283 25 30 1
283 50 55 0.7
283 75 72.5 0.8
284 0 0 1.2
284 25 30 1
284 50 55 0.7
284 75 72.5 0.8
285 0 0 1.2
285 25 30 1
285 50 55 0.7
285 75 72.5 0.8
286 0 0 1.2
286 25 30 1
286 50 55 0.7
286 75 72.5 0.8
287 0 0 1.2
287 25 30 1
287 50 55 0.7
287 75 72.5 0.8
288 0 0 1.2
288 25 30 1
288 50 55 0.7
288 75 72.5 0.8
289 0 0 1.2
289 25 30 1
289 50 55 0.7
289 75 72.5 0.8
290 0 0 1.2
290 25 30 1
290 50 55 0.7
290 75 72.5 0.8
291 0 0 1.2
291 25 30 1
291 50 55 0.7
291 75 72.5 0.8
292 0 0 1.2
292 25 30 1
292 50 55 0.7
292 75 72.5 0.8
293 0 0 1.2
293 25 30 1
293 50 55 0.7
293 75 72.5 0.8
294 0 0 1.2
294 25 30 1
294 50 55 0.7
294 75 72.5 0.8
295 0 0 1.2
295 25 30 1
295 50 55 0.7
295 75 72.5 0.8
296 0 0 1.2
296 25 30 1
296 50 55 0.7
296 75 72.5 0.8
297 0 0 1.2
297 25 30 1
297 50 55 0.7
297 75 72.5 0.8
298 0 0 1.2
298 25 30 1
298 50 55 0.7
298 75 72.5 0.8
299 0 0 1.2
299 25 30 1
299 50 55 0.7
299 75 72.5 0.8
300 0 0 1.2
300 25 30 1
300 50 55 0.7
300 75 72.5 0.8
301 0 0 1.2
301 25 30 1
301 50 55 0.7
301 75 72.5 0.8
302 0 0 1.2
302 25 30 1
302 50 55 0.7
302 75 72.5 0.8
303 0 0 1.2
303 25 30 1
303 50 55 0.7
303 75 72.5 0.8
304 0 0 1.2
304 25 30 1
304 50 55 0.7
304 75 72.5 0.8
305 0 0 1.2
305 25 30 1
305 50 55 0.7
305 75 72.5 0.8
306 0 0 1.2
306 25 30 1
306 50 55 0.7
306 75 72.5 0.8
307 0 0 1.2
307 25 30 1
307 50 55 0.7
307 75 72.5 0.8
308 0 0 1.2
308 25 30 1
308 50 55 0.7
308 75 72.5 0.8
309 0 0 1.2
309 25 30 1
309 50 55 0.7
309 75 72.5 0.8
310 0 0 1.2
310 25 30 1
310 50 55 0.7
310 75 72.5 0.8
311 0 0 1.2
311 25 30 1
311 50 55 0.7
311 75 72.5 0.8
312 0 0 1.2
312 25 30 1
312 50 55 0.7
312 75 72.5 0.8
313 0 0 1.2
313 25 30 1
313 50 55 0.7
313 75 72.5 0.8
314 0 0 1.2
314 25 30 1
314 50 55 0.7
314 75 72.5 0.8
315 0 0 1.2
315 25 30 1
315 50 55 0.7
315 75 72.5 0.8
316 0 0 1.2
316 25 30 1
316 50 55 0.7
316 75 72.5 0.8
317 0 0 1.2
317 25 30 1
317 50 55 0.7
317 75 72.5 0.8
318 0 0 1.2
318 25 30 1
318 50 55 0.7
318 75 72.5 0.8
319 0 0 1.2
319 25 30 1
319 50 55 0.7
319 75 72.5 0.8
320 0 0 1.2
320 25 30 1
320 50 55 0.7
320 75 72.5 0.8
321 0 0 1.2
321 25 30 1
321 50 55 0.7
321 75 72.5 0.8
322 0 0 1.2
322 25 30 1
322 50 55 0.7
322 75 72.5 0.8
323 0 0 1.2
323 25 30 1
323 50 55 0.7
323 75 72.5 0.8
324 0 0 1.2
324 25 30 1
324 50 55 0.7
324 75 72.5 0.8
325 0 0 1.2
325 25 30 1
325 50 55 0.7
325 75 72.5 0.8
326 0 0 1.2
326 25 30 1
326 50 55 0.7
326 75 72.5 0.8
327 0 0 1.2
327 25 30 1
327 50 55 0.7
327 75 72.5 0.8
328 0 0 1.2
328 25 30 1
328 50 55 0.7
328 75 72.5 0.8
329 0 0 1.2
329 25 30 1
329 50 55 0.7
329 75 72.5 0.8
330 0 0 1.2
330 25 30 1
330 50 55 0.7
330 75 72.5 0.8
331 0 0 1.2
331 25 30 1
331 50 55 0.7
331 75 72.5 0.8
332 0 0 1.2
332 25 30 1
332 50 55 0.7
332 75 72.5 0.8
333 0 0 1.2
333 25 30 1
333 50 55 0.7
333 75 72.5 0.8
334 0 0 1.2
334 25 30 1
334 50 55 0.7
334 75 72.5 0.8
335 0 0 1.2
335 25 30 1
335 50 55 0.7
335 75 72.5 0.8
336 0 0 1.2
336 25 30 1
336 50 55 0.7
336 75 72.5 0.8
337 0 0 1.2
337 25 30 1
337 50 55 0.7
337 75 72.5 0.8
338 0 0 1.2
338 25 30 1
338 50 55 0.7
338 75 72.5 0.8
339 0 0 1.2
339 25 30 1
339 50 55 0.7
339 75 72.5 0.8
340 0 0 1.2
340 25 30 1
340 50 55 0.7
340 75 72.5 0.8
341 0 0 1.2
341 25 30 1
341 50 55 0.7
341 75 72.5 0.8
342 0 0 1.2
342 25 30 1
342 50 55 0.7
342 75 72.5 0.8
343 0 0 1.2
343 25 30 1
343 50 55 0.7
343 75 72.5 0.8
344 0 0 1.2
344 25 30 1
344 50 55 0.7
344 75 72.5 0.8
345 0 0 1.2
345 25 30 1
345 50 55 0.7
345 75 72.5 0.8
346 0 0 1.2
346 25 30 1
346 50 55 0.7
346 75 72.5 0.8
347 0 0 1.2
347 25 30 1
347 50 55 0.7
347 75 72.5 0.8
348 0 0 1.2
348 25 30 1
348 50 55 0.7
348 75 72.5 0.8
349 0 0 1.2
349 25 30 1
349 50 55 0.7
349 75 72.5 0.8
350 0 0 1.2
350 25 30 1
350 50 55 0.7
350 75 72.5 0.8
351 0 0 1.2
351 25 30 1
351 50 55 0.7
351 75 72.5 0.8
352 0 0 1.2
352 25 30 1
352 50 55 0.7
352 75 72.5 0.8
353 0 0 1.2
353 25 30 1
353 50 55 0.7
353 75 72.5 0.8
354 0 0 1.2
354 25 30 1
354 50 55 0.7
354 75 72.5 0.8
355 0 0 1.2
355 25 30 1
355 50 55 0.7
355 75 72.5 0.8
356 0 0 1.2
356 25 30 1
356 50 55 0.7
356 75 72.5 0.8
357 0 0 1.2
357 25 30 1
357 50 55 0.7
357 75 72.5 0.8
358 0 0 1.2
358 25 30 1
358 50 55 0.7
358 75 72.5 0.8
359 0 0 1.2
359 25 30 1
359 50 55 0.7
359 75 72.5 0.8
360 0 0 1.2
360 25 30 1
360 50 55 0.7
360 75 72.5 0.8
361 0 0 1.2
361 25 30 1
361 50 55 0.7
361 75 72.5 0.8
362 0 0 1.2
362 25 30 1
362 50 55 0.7
362 75 72.5 0.8
363 0 0 1.2
363 25 30 1
363 50 55 0.7
363 75 72.5 0.8
364 0 0 1.2
364 25 30 1
364 50 55 0.7
364 75 72.5 0.8
365 0 0 1.2
365 25 30 1
365 50 55 0.7
365 75 72.5 0.8
366 0 0 1.2
366 25 30 1
366 50 55 0.7
366 75 72.5 0.8
367 0 0 1.2
367 25 30 1
367 50 55 0.7
367 75 72.5 0.8
368 0 0 1.2
368 25 30 1
368 50 55 0.7
368 75 72.5 0.8
369 0 0 1.2
369 25 30 1
369 50 55 0.7
369 75 72.5 0.8
370 0 0 1.2
370 25 30 1
370 50 55 0.7
370 75 72.5 0.8
371 0 0 1.2
371 25 30 1
371 50 55 0.7
371 75 72.5 0.8
372 0 0 1.2
372 25 30 1
372 50 55 0.7
372 75 72.5 0.8
373 0 0 1.2
373 25 30 1
373 50 55 0.7
373 75 72.5 0.8
374 0 0 1.2
374 25 30 1
374 50 55 0.7
374 75 72.5 0.8
375 0 0 1.2
375 25 30 1
375 50 55 0.7
375 75 72.5 0.8
376 0 0 1.2
376 25 30 1
376 50 55 0.7
376 75 72.5 0.8
377 0 0 1.2
377 25 30 1
377 50 55 0.7
377 75 72.5 0.8
378 0 0 1.2
378 25 30 1
378 50 55 0.7
378 75 72.5 0.8
379 0 0 1.2
379 25 30 1
379 50 55 0.7
379 75 72.5 0.8
380 0 0 1.2
380 25 30 1
380 50 55 0.7
380 75 72.5 0.8
381 0 0 1.2
381 25 30 1
381 50 55 0.7
381 75 72.5 0.8
382 0 0 1.2
382 25 30 1
382 50 55 0.7
382 75 72.5 0.8
383 0 0 1.2
383 25 30 1
383 50 55 0.7
383 75 72.5 0.8
384 0 0 1.2
384 25 30 1
384 50 55 0.7
384 75 72.5 0.8
385 0 0 1.2
385 25 30 1
385 50 55 0.7
385 75 72.5 0.8
386 0 0 1.2
386 25 30 1
386 50 55 0.7
386 75 72.5 0.8
387 0 0 1.2
387 25 30 1
387 50 55 0.7
387 75 72.5 0.8
388 0 0 1.2
388 25 30 1
388 50 55 0.7
388 75 72.5 0.8
389 0 0 1.2
389 25 30 1
389 50 55 0.7
389 75 72.5 0.8
390 0 0 1.2
390 25 30 1
390 50 55 0.7
390 75 72.5 0.8
391 0 0 1.2
391 25 30 1
391 50 55 0.7
391 75 72.5 0.8
392 0 0 1.2
392 25 30 1
392 50 55 0.7
392 75 72.5 0.8
393 0 0 1.2
393 25 30 1
393 50 55 0.7
393 75 72.5 0.8
394 0 0 1.2
394 25 30 1
394 50 55 0.7
394 75 72.5 0.8
395 0 0 1.2
395 25 30 1
395 50 55 0.7
395 75 72.5 0.8
396 0 0 1.2
396 25 30 1
396 50 55 0.7
396 75 72.5 0.8
397 0 0 1.2
397 25 30 1
397 50 55 0.7
397 75 72.5 0.8
398 0 0 1.2
398 25 30 1
398 50 55 0.7
398 75 72.5 0.8
399 0 0 1.2
399 25 30 1
399 50 55 0.7
399 75 72.5 0.8
400 0 0 1.2
400 25 30 1
400 50 55 0.7
400 75 72.5 0.8
401 0 0 1.2
401 25 30 1
401 50 55 0.7
401 75 72.5 0.8
402 0 0 1.2
402 25 30 1
402 50 55 0.7
402 75 72.5 0.8
403 0 0 1.2
403 25 30 1
403 50 55 0.7
403 75 72.5 0.8
404 0 0 1.2
404 25 30 1
404 50 55 0.7
404 75 72.5 0.8
405 0 0 1.2
405 25 30 1
405 50 55 0.7
405 75 72.5 0.8
406 0 0 1.2
406 25 30 1
406 50 55 0.7
406 75 72.5 0.8
407 0 0 1.2
407 25 30 1
407 50 55 0.7
407 75 72.5 0.8
408 0 0 1.2
408 25 30 1
408 50 55 0.7
408 75 72.5 0.8
409 0 0 1.2
409 25 30 1
409 50 55 0.7
409 75 72.5 0.8
410 0 0 1.2
410 25 30 1
410 50 55 0.7
410 75 72.5 0.8
411 0 0 1.2
411 25 30 1
411 50 55 0.7
411 75 72.5 0.8
412 0 0 1.2
412 25 30 1
412 50 55 0.7
412 75 72.5 0.8
413 0 0 1.2
413 25 30 1
413 50 55 0.7
413 75 72.5 0.8
414 0 0 1.2
414 25 30 1
414 50 55 0.7
414 75 72.5 0.8
415 0 0 1.2
415 25 30 1
415 50 55 0.7
415 75 72.5 0.8
416 0 0 1.2
416 25 30 1
416 50 55 0.7
416 75 72.5 0.8
417 0 0 1.2
417 25 30 1
417 50 55 0.7
417 75 72.5 0.8
418 0 0 1.2
418 25 30 1
418 50 55 0.7
418 75 72.5 0.8
419 0 0 1.2
419 25 30 1
419 50 55 0.7
419 75 72.5 0.8
420 0 0 1.2
420 25 30 1
420 50 55 0.7
420 75 72.5 0.8
421 0 0 1.2
421 25 30 1
421 50 55 0.7
421 75 72.5 0.8
422 0 0 1.2
422 25 30 1
422 50 55 0.7
422 75 72.5 0.8
423 0 0 1.2
423 25 30 1
423 50 55 0.7
423 75 72.5 0.8
424 0 0 1.2
424 25 30 1
424 50 55 0.7
424 75 72.5 0.8
425 0 0 1.2
425 25 30 1
425 50 55 0.7
425 75 72.5 0.8
426 0 0 1.2
426 25 30 1
426 50 55 0.7
426 75 72.5 0.8
427 0 0 1.2
427 25 30 1
427 50 55 0.7
427 75 72.5 0.8
428 0 0 1.2
428 25 30 1
428 50 55 0.7
428 75 72.5 0.8
429 0 0 1.2
429 25 30 1
429 50 55 0.7
429 75 72.5 0.8
430 0 0 1.2
430 25 30 1
430 50 55 0.7
430 75 72.5 0.8
431 0 0 1.2
431 25 30 1
431 50 55 0.7
431 75 72.5 0.8
432 0 0 1.2
432 25 30 1
432 50 55 0.7
432 75 72.5 0.8
433 0 0 1.2
433 25 30 1
433 50 55 0.7
433 75 72.5 0.8
434 0 0 1.2
434 25 30 1
434 50 55 0.7
434 75 72.5 0.8
435 0 0 1.2
435 25 30 1
435 50 55 0.7
435 75 72.5 0.8
436 0 0 1.2
436 25 30 1
436 50 55 0.7
436 75 72.5 0.8
437 0 0 1.2
437 25 30 1
437 50 55 0.7
437 75 72.5 0.8
438 0 0 1.2
438 25 30 1
438 50 55 0.7
438 75 72.5 0.8
439 0 0 1.2
439 25 30 1
439 50 55 0.7
439 75 72.5 0.8
440 0 0 1.2
440 25 30 1
440 50 55 0.7
440 75 72.5 0.8
441 0 0 1.2
441 25 30 1
441 50 55 0.7
441 75 72.5 0.8
442 0 0 1.2
442 25 30 1
442 50 55 0.7
442 75 72.5 0.8
443 0 0 1.2
443 25 30 1
443 50 55 0.7
443 75 72.5 0.8
444 0 0 1.2
444 25 30 1
444 50 55 0.7
444 75 72.5 0.8
445 0 0 1.2
445 25 30 1
445 50 55 0.7
445 75 72.5 0.8
446 0 0 1.2
446 25 30 1
446 50 55 0.7
446 75 72.5 0.8
447 0 0 1.2
447 25 30 1
447 50 55 0.7
447 75 72.5 0.8
448 0 0 1.2
448 25 30 1
448 50 55 0.7
448 75 72.5 0.8
449 0 0 1.2
449 25 30 1
449 50 55 0.7
449 75 72.5 0.8
450 0 0 1.2
450 25 30 1
450 50 55 0.7
450 75 72.5 0.8
451 0 0 1.2
451 25 30 1
451 50 55 0.7
451 75 72.5 0.8
452 0 0 1.2
452 25 30 1
452 50 55 0.7
452 75 72.5 0.8
453 0 0 1.2
453 25 30 1
453 50 55 0.7
453 75 72.5 0.8
454 0 0 1.2
454 25 30 1
454 50 55 0.7
454 75 72.5 0.8
455 0 0 1.2
455 25 30 1
455 50 55 0.7
455 75 72.5 0.8
456 0 0 1.2
456 25 30 1
456 50 55 0.7
456 75 72.5 0.8
457 0 0 1.2
457 25 30 1
457 50 55 0.7
457 75 72.5 0.8
458 0 0 1.2
458 25 30 1
458 50 55 0.7
458 75 72.5 0.8
459 0 0 1.2
459 25 30 1
459 50 55 0.7
459 75 72.5 0.8
460 0 0 1.2
460 25 30 1
460 50 55 0.7
460 75 72.5 0.8
461 0 0 1.2
461 25 30 1
461 50 55 0.7
461 75 72.5 0.8
462 0 0 1.2
462 25 30 1
462 50 55 0.7
462 75 72.5 0.8
463 0 0 1.2
463 25 30 1
463 50 55 0.7
463 75 72.5 0.8
464 0 0 1.2
464 25 30 1
464 50 55 0.7
464 75 72.5 0.8
465 0 0 1.2
465 25 30 1
465 50 55 0.7
465 75 72.5 0.8
466 0 0 1.2
466 25 30 1
466 50 55 0.7
466 75 72.5 0.8
467 0 0 1.2
467 25 30 1
467 50 55 0.7
467 75 72.5 0.8
468 0 0 1.2
468 25 30 1
468 50 55 0.7
468 75 72.5 0.8
469 0 0 1.2
469 25 30 1
469 50 55 0.7
469 75 72.5 0.8
470 0 0 1.2
470 25 30 1
470 50 55 0.7
470 75 72.5 0.8
471 0 0 1.2
471 25 30 1
471 50 55 0.7
471 75 72.5 0.8
472 0 0 1.2
472 25 30 1
472 50 55 0.7
472 75 72.5 0.8
473 0 0 1.2
473 25 30 1
473 50 55 0.7
473 75 72.5 0.8
474 0 0 1.2
474 25 30 1
474 50 55 0.7
474 75 72.5 0.8
475 0 0 1.2
475 25 30 1
475 50 55 0.7
475 75 72.5 0.8
476 0 0 1.2
476 25 30 1
476 50 55 0.7
476 75 72.5 0.8
477 0 0 1.2
477 25 30 1
477 50 55 0.7
477 75 72.5 0.8
478 0 0 1.2
478 25 30 1
478 50 55 0.7
478 75 72.5 0.8
479 0 0 1.2
479 25 30 1
479 50 55 0.7
479 75 72.5 0.8
480 0 0 1.2
480 25 30 1
480 50 55 0.7
480 75 72.5 0.8
481 0 0 1.2
481 25 30 1
481 50 55 0.7
481 75 72.5 0.8
482 0 0 1.2
482 25 30 1
482 50 55 0.7
482 75 72.5 0.8
483 0 0 1.2
483 25 30 1
483 50 55 0.7
483 75 72.5 0.8
484 0 0 1.2
484 25 30 1
484 50 55 0.7
484 75 72.5 0.8
485 0 0 1.2
485 25 30 1
485 50 55 0.7
485 75 72.5 0.8
486 0 0 1.2
486 25 30 1
486 50 55 0.7
486 75 72.5 0.8
487 0 0 1.2
487 25 30 1
487 50 55 0.7
487 75 72.5 0.8
488 0 0 1.2
488 25 30 1
488 50 55 0.7
488 75 72.5 0.8
489 0 0 1.2
489 25 30 1
489 50 55 0.7
489 75 72.5 0.8
490 0 0 1.2
490 25 30 1
490 50 55 0.7
490 75 72.5 0.8
491 0 0 1.2
491 25 30 1
491 50 55 0.7
491 75 72.5 0.8
492 0 0 1.2
492 25 30 1
492 50 55 0.7
492 75 72.5 0.8
493 0 0 1.2
493 25 30 1
493 50 55 0.7
493 75 72.5 0.8
494 0 0 1.2
494 25 30 1
494 50 55 0.7
494 75 72.5 0.8
495 0 0 1.2
495 25 30 1
495 50 55 0.7
495 75 72.5 0.8
496 0 0 1.2
496 25 30 1
496 50 55 0.7
496 75 72.5 0.8
497 0 0 1.2
497 25 30 1
497 50 55 0.7
497 75 72.5 0.8
498 0 0 1.2
498 25 30 1
498 50 55 0.7
498 75 72.5 0.8
499 0 0 1.2
499 25 30 1
499 50 55 0.7
499 75 72.5 0.8
500 0 0 1.2
500 25 30 1
500 50 55 0.7
500 75 72.5 0.8
501 0 0 1.2
501 25 30 1
501 50 55 0.7
501 75 72.5 0.8
502 0 0 1.2
502 25 30 1
502 50 55 0.7
502 75 72.5 0.8
503 0 0 1.2
503 25 30 1
503 50 55 0.7
503 75 72.5 0.8
504 0 0 1.2
504 25 30 1
504 50 55 0.7
504 75 72.5 0.8
505 0 0 1.2
505 25 30 1
505 50 55 0.7
505 75 72.5 0.8
506 0 0 1.2
506 25 30 1
506 50 55 0.7
506 75 72.5 0.8
507 0 0 1.2
507 25 30 1
507 50 55 0.7
507 75 72.5 0.8
508 0 0 1.2
508 25 30 1
508 50 55 0.7
508 75 72.5 0.8
509 0 0 1.2
509 25 30 1
509 50 55 0.7
509 75 72.5 0.8
510 0 0 1.2
510 25 30 1
510 50 55 0.7
510 75 72.5 0.8
511 0 0 1.2
511 25 30 1
511 50 55 0.7
511 75 72.5 0.8
512 0 0 1.2
512 25 30 1
512 50 55 0.7
512 75 72.5 0.8
513 0 0 1.2
513 25 30 1
513 50 55 0.7
513 75 72.5 0.8
514 0 0 1.2
514 25 30 1
514 50 55 0.7
514 75 72.5 0.8
515 0 0 1.2
515 25 30 1
515 50 55 0.7
515 75 72.5 0.8
516 0 0 1.2
516 25 30 1
516 50 55 0.7
516 75 72.5 0.8
517 0 0 1.2
517 25 30 1
517 50 55 0.7
517 75 72.5 0.8
518 0 0 1.2
518 25 30 1
518 50 55 0.7
518 75 72.5 0.8
519 0 0 1.2
519 25 30 1
519 50 55 0.7
519 75 72.5 0.8
520 0 0 1.2
520 25 30 1
520 50 55 0.7
520 75 72.5 0.8
521 0 0 1.2
521 25 30 1
521 50 55 0.7
521 75 72.5 0.8
522 0 0 1.2
522 25 30 1
522 50 55 0.7
522 75 72.5 0.8
523 0 0 1.2
523 25 30 1
523 50 55 0.7
523 75 72.5 0.8
524 0 0 1.2
524 25 30 1
524 50 55 0.7
524 75 72.5 0.8
525 0 0 1.2
525 25 30 1
525 50 55 0.7
525 75 72.5 0.8
526 0 0 1.2
526 25 30 1
526 50 55 0.7
526 75 72.5 0.8
527 0 0 1.2
527 25 30 1
527 50 55 0.7
527 75 72.5 0.8
528 0 0 1.2
528 25 30 1
528 50 55 0.7
528 75 72.5 0.8
529 0 0 1.2
529 25 30 1
529 50 55 0.7
529 75 72.5 0.8
530 0 0 1.2
530 25 30 1
530 50 55 0.7
530 75 72.5 0.8
531 0 0 1.2
531 25 30 1
531 50 55 0.7
531 75 72.5 0.8
532 0 0 1.2
532 25 30 1
532 50 55 0.7
532 75 72.5 0.8
533 0 0 1.2
533 25 30 1
533 50 55 0.7
533 75 72.5 0.8
534 0 0 1.2
534 25 30 1
534 50 55 0.7
534 75 72.5 0.8
535 0 0 1.2
535 25 30 1
535 50 55 0.7
535 75 72.5 0.8
536 0 0 1.2
536 25 30 1
536 50 55 0.7
536 75 72.5 0.8
537 0 0 1.2
537 25 30 1
537 50 55 0.7
537 75 72.5 0.8
538 0 0 1.2
538 25 30 1
538 50 55 0.7
538 75 72.5 0.8
539 0 0 1.2
539 25 30 1
539 50 55 0.7
539 75 72.5 0.8
540 0 0 1.2
540 25 30 1
540 50 55 0.7
540 75 72.5 0.8
541 0 0 1.2
541 25 30 1
541 50 55 0.7
541 75 72.5 0.8
542 0 0 1.2
542 25 30 1
542 50 55 0.7
542 75 72.5 0.8
543 0 0 1.2
543 25 30 1
543 50 55 0.7
543 75 72.5 0.8
544 0 0 1.2
544 25 30 1
544 50 55 0.7
544 75 72.5 0.8
545 0 0 1.2
545 25 30 1
545 50 55 0.7
545 75 72.5 0.8
546 0 0 1.2
546 25 30 1
546 50 55 0.7
546 75 72.5 0.8
547 0 0 1.2
547 25 30 1
547 50 55 0.7
547 75 72.5 0.8
548 0 0 1.2
548 25 30 1
548 50 55 0.7
548 75 72.5 0.8
549 0 0 1.2
549 25 30 1
549 50 55 0.7
549 75 72.5 0.8
550 0 0 1.2
550 25 30 1
550 50 55 0.7
550 75 72.5 0.8
551 0 0 1.2
551 25 30 1
551 50 55 0.7
551 75 72.5 0.8
552 0 0 1.2
552 25 30 1
552 50 55 0.7
552 75 72.5 0.8
553 0 0 1.2
553 25 30 1
553 50 55 0.7
553 75 72.5 0.8
554 0 0 1.2
554 25 30 1
554 50 55 0.7
554 75 72.5 0.8
555 0 0 1.2
555 25 30 1
555 50 55 0.7
555 75 72.5 0.8
556 0 0 1.2
556 25 30 1
556 50 55 0.7
556 75 72.5 0.8
557 0 0 1.2
557 25 30 1
557 50 55 0.7
557 75 72.5 0.8
558 0 0 1.2
558 25 30 1
558 50 55 0.7
558 75 72.5 0.8
559 0 0 1.2
559 25 30 1
559 50 55 0.7
559 75 72.5 0.8
560 0 0 1.2
560 25 30 1
560 50 55 0.7
560 75 72.5 0.8
561 0 0 1.2
561 25 30 1
561 50 55 0.7
561 75 72.5 0.8
562 0 0 1.2
562 25 30 1
562 50 55 0.7
562 75 72.5 0.8
563 0 0 1.2
563 25 30 1
563 50 55 0.7
563 75 72.5 0.8
564 0 0 1.2
564 25 30 1
564 50 55 0.7
564 75 72.5 0.8
565 0 0 1.2
565 25 30 1
565 50 55 0.7
565 75 72.5 0.8
566 0 0 1.2
566 25 30 1
566 50 55 0.7
566 75 72.5 0.8
567 0 0 1.2
567 25 30 1
567 50 55 0.7
567 75 72.5 0.8
568 0 0 1.2
568 25 30 1
568 50 55 0.7
568 75 72.5 0.8
569 0 0 1.2
569 25 30 1
569 50 55 0.7
569 75 72.5 0.8
570 0 0 1.2
570 25 30 1
570 50 55 0.7
570 75 72.5 0.8
571 0 0 1.2
571 25 30 1
571 50 55 0.7
571 75 72.5 0.8
572 0 0 1.2
572 25 30 1
572 50 55 0.7
572 75 72.5 0.8
573 0 0 1.2
573 25 30 1
573 50 55 0.7
573 75 72.5 0.8
574 0 0 1.2
574 25 30 1
574 50 55 0.7
574 75 72.5 0.8
575 0 0 1.2
575 25 30 1
575 50 55 0.7
575 75 72.5 0.8
576 0 0 1.2
576 25 30 1
576 50 55 0.7
576 75 72.5 0.8
577 0 0 1.2
577 25 30 1
577 50 55 0.7
577 75 72.5 0.8
578 0 0 1.2
578 25 30 1
578 50 55 0.7
578 75 72.5 0.8
579 0 0 1.2
579 25 30 1
579 50 55 0.7
579 75 72.5 0.8
580 0 0 1.2
580 25 30 1
580 50 55 0.7
580 75 72.5 0.8
581 0 0 1.2
581 25 30 1
581 50 55 0.7
581 75 72.5 0.8
582 0 0 1.2
582 25 30 1
582 50 55 0.7
582 75 72.5 0.8
583 0 0 1.2
583 25 30 1
583 50 55 0.7
583 75 72.5 0.8
584 0 0 1.2
584 25 30 1
584 50 55 0.7
584 75 72.5 0.8
585 0 0 1.2
585 25 30 1
585 50 55 0.7
585 75 72.5 0.8
586 0 0 1.2
586 25 30 1
586 50 55 0.7
586 75 72.5 0.8
587 0 0 1.2
587 25 30 1
587 50 55 0.7
587 75 72.5 0.8
588 0 0 1.2
588 25 30 1
588 50 55 0.7
588 75 72.5 0.8
589 0 0 1.2
589 25 30 1
589 50 55 0.7
589 75 72.5 0.8
590 0 0 1.2
590 25 30 1
590 50 55 0.7
590 75 72.5 0.8
591 0 0 1.2
591 25 30 1
591 50 55 0.7
591 75 72.5 0.8
592 0 0 1.2
592 25 30 1
592 50 55 0.7
592 75 72.5 0.8
593 0 0 1.2
593 25 30 1
593 50 55 0.7
593 75 72.5 0.8
594 0 0 1.2
594 25 30 1
594 50 55 0.7
594 75 72.5 0.8
595 0 0 1.2
595 25 30 1
595 50 55 0.7
595 75 72.5 0.8
596 0 0 1.2
596 25 30 1
596 50 55 0.7
596 75 72.5 0.8
597 0 0 1.2
597 25 30 1
597 50 55 0.7
597 75 72.5 0.8
598 0 0 1.2
598 25 30 1
598 50 55 0.7
598 75 72.5 0.8
599 0 0 1.2
599 25 30 1
599 50 55 0.7
599 75 72.5 0.8
600 0 0 1.2
600 25 30 1
600 50 55 0.7
600 75 72.5 0.8
601 0 0 1.2
601 25 30 1
601 50 55 0.7
601 75 72.5 0.8
602 0 0 1.2
602 25 30 1
602 50 55 0.7
602 75 72.5 0.8
603 0 0 1.2
603 25 30 1
603 50 55 0.7
603 75 72.5 0.8
604 0 0 1.2
604 25 30 1
604 50 55 0.7
604 75 72.5 0.8
605 0 0 1.2
605 25 30 1
605 50 55 0.7
605 75 72.5 0.8
606 0 0 1.2
606 25 30 1
606 50 55 0.7
606 75 72.5 0.8
607 0 0 1.2
607 25 30 1
607 50 55 0.7
607 75 72.5 0.8
608 0 0 1.2
608 25 30 1
608 50 55 0.7
608 75 72.5 0.8
609 0 0 1.2
609 25 30 1
609 50 55 0.7
609 75 72.5 0.8
610 0 0 1.2
610 25 30 1
610 50 55 0.7
610 75 72.5 0.8
611 0 0 1.2
611 25 30 1
611 50 55 0.7
611 75 72.5 0.8
612 0 0 1.2
612 25 30 1
612 50 55 0.7
612 75 72.5 0.8
613 0 0 1.2
613 25 30 1
613 50 55 0.7
613 75 72.5 0.8
614 0 0 1.2
614 25 30 1
614 50 55 0.7
614 75 72.5 0.8
615 0 0 1.2
615 25 30 1
615 50 55 0.7
615 75 72.5 0.8
616 0 0 1.2
616 25 30 1
616 50 55 0.7
616 75 72.5 0.8
617 0 0 1.2
617 25 30 1
617 50 55 0.7
617 75 72.5 0.8
618 0 0 1.2
618 25 30 1
618 50 55 0.7
618 75 72.5 0.8
619 0 0 1.2
619 25 30 1
619 50 55 0.7
619 75 72.5 0.8
620 0 0 1.2
620 25 30 1
620 50 55 0.7
620 75 72.5 0.8
621 0 0 1.2
621 25 30 1
621 50 55 0.7
621 75 72.5 0.8
622 0 0 1.2
622 25 30 1
622 50 55 0.7
622 75 72.5 0.8
623 0 0 1.2
623 25 30 1
623 50 55 0.7
623 75 72.5 0.8
624 0 0 1.2
624 25 30 1
624 50 55 0.7
624 75 72.5 0.8
625 0 0 1.2
625 25 30 1
625 50 55 0.7
625 75 72.5 0.8
626 0 0 1.2
626 25 30 1
626 50 55 0.7
626 75 72.5 0.8
627 0 0 1.2
627 25 30 1
627 50 55 0.7
627 75 72.5 0.8
628 0 0 1.2
628 25 30 1
628 50 55 0.7
628 75 72.5 0.8
629 0 0 1.2
629 25 30 1
629 50 55 0.7
629 75 72.5 0.8
630 0 0 1.2
630 25 30 1
630 50 55 0.7
630 75 72.5 0.8
631 0 0 1.2
631 25 30 1
631 50 55 0.7
631 75 72.5 0.8
632 0 0 1.2
632 25 30 1
632 50 55 0.7
632 75 72.5 0.8
633 0 0 1.2
633 25 30 1
633 50 55 0.7
633 75 72.5 0.8
634 0 0 1.2
634 25 30 1
634 50 55 0.7
634 75 72.5 0.8
635 0 0 1.2
635 25 30 1
635 50 55 0.7
635 75 72.5 0.8
636 0 0 1.2
636 25 30 1
636 50 55 0.7
636 75 72.5 0.8
637 0 0 1.2
637 25 30 1
637 50 55 0.7
637 75 72.5 0.8
638 0 0 1.2
638 25 30 1
638 50 55 0.7
638 75 72.5 0.8
639 0 0 1.2
639 25 30 1
639 50 55 0.7
639 75 72.5 0.8
640 0 0 1.2
640 25 30 1
640 50 55 0.7
640 75 72.5 0.8
641 0 0 1.2
641 25 30 1
641 50 55 0.7
641 75 72.5 0.8
642 0 0 1.2
642 25 30 1
642 50 55 0.7
642 75 72.5 0.8
643 0 0 1.2
643 25 30 1
643 50 55 0.7
643 75 72.5 0.8
644 0 0 1.2
644 25 30 1
644 50 55 0.7
644 75 72.5 0.8
645 0 0 1.2
645 25 30 1
645 50 55 0.7
645 75 72.5 0.8
646 0 0 1.2
646 25 30 1
646 50 55 0.7
646 75 72.5 0.8
647 0 0 1.2
647 25 30 1
647 50 55 0.7
647 75 72.5 0.8
648 0 0 1.2
648 25 30 1
648 50 55 0.7
648 75 72.5 0.8
649 0 0 1.2
649 25 30 1
649 50 55 0.7
649 75 72.5 0.8
650 0 0 1.2
650 25 30 1
650 50 55 0.7
650 75 72.5 0.8
651 0 0 1.2
651 25 30 1
651 50 55 0.7
651 75 72.5 0.8
652 0 0 1.2
652 25 30 1
652 50 55 0.7
652 75 72.5 0.8
653 0 0 1.2
653 25 30 1
653 50 55 0.7
653 75 72.5 0.8
654 0 0 1.2
654 25 30 1
654 50 55 0.7
654 75 72.5 0.8
655 0 0 1.2
655 25 30 1
655 50 55 0.7
655 75 72.5 0.8
656 0 0 1.2
656 25 30 1
656 50 55 0.7
656 75 72.5 0.8
657 0 0 1.2
657 25 30 1
657 50 55 0.7
657 75 72.5 0.8
658 0 0 1.2
658 25 30 1
658 50 55 0.7
658 75 72.5 0.8
659 0 0 1.2
659 25 30 1
659 50 55 0.7
659 75 72.5 0.8
660 0 0 1.2
660 25 30 1
660 50 55 0.7
660 75 72.5 0.8
661 0 0 1.2
661 25 30 1
661 50 55 0.7
661 75 72.5 0.8
662 0 0 1.2
662 25 30 1
662 50 55 0.7
662 75 72.5 0.8
663 0 0 1.2
663 25 30 1
663 50 55 0.7
663 75 72.5 0.8
664 0 0 1.2
664 25 30 1
664 50 55 0.7
664 75 72.5 0.8
665 0 0 1.2
665 25 30 1
665 50 55 0.7
665 75 72.5 0.8
666 0 0 1.2
666 25 30 1
666 50 55 0.7
666 75 72.5 0.8
667 0 0 1.2
667 25 30 1
667 50 55 0.7
667 75 72.5 0.8
668 0 0 1.2
668 25 30 1
668 50 55 0.7
668 75 72.5 0.8
669 0 0 1.2
669 25 30 1
669 50 55 0.7
669 75 72.5 0.8
670 0 0 1.2
670 25 30 1
670 50 55 0.7
670 75 72.5 0.8
671 0 0 1.2
671 25 30 1
671 50 55 0.7
671 75 72.5 0.8
672 0 0 1.2
672 25 30 1
672 50 55 0.7
672 75 72.5 0.8
673 0 0 1.2
673 25 30 1
673 50 55 0.7
673 75 72.5 0.8
674 0 0 1.2
674 25 30 1
674 50 55 0.7
674 75 72.5 0.8
675 0 0 1.2
675 25 30 1
675 50 55 0.7
675 75 72.5 0.8
676 0 0 1.2
676 25 30 1
676 50 55 0.7
676 75 72.5 0.8
677 0 0 1.2
677 25 30 1
677 50 55 0.7
677 75 72.5 0.8
678 0 0 1.2
678 25 30 1
678 50 55 0.7
678 75 72.5 0.8
679 0 0 1.2
679 25 30 1
679 50 55 0.7
679 75 72.5 0.8
680 0 0 1.2
680 25 30 1
680 50 55 0.7
680 75 72.5 0.8
681 0 0 1.2
681 25 30 1
681 50 55 0.7
681 75 72.5 0.8
682 0 0 1.2
682 25 30 1
682 50 55 0.7
682 75 72.5 0.8
683 0 0 1.2
683 25 30 1
683 50 55 0.7
683 75 72.5 0.8
684 0 0 1.2
684 25 30 1
684 50 55 0.7
684 75 72.5 0.8
685 0 0 1.2
685 25 30 1
685 50 55 0.7
685 75 72.5 0.8
686 0 0 1.2
686 25 30 1
686 50 55 0.7
686 75 72.5 0.8
687 0 0 1.2
687 25 30 1
687 50 55 0.7
687 75 72.5 0.8
688 0 0 1.2
688 25 30 1
688 50 55 0.7
688 75 72.5 0.8
689 0 0 1.2
689 25 30 1
689 50 55 0.7
689 75 72.5 0.8
690 0 0 1.2
690 25 30 1
690 50 55 0.7
690 75 72.5 0.8
691 0 0 1.2
691 25 30 1
691 50 55 0.7
691 75 72.5 0.8
692 0 0 1.2
692 25 30 1
692 50 55 0.7
692 75 72.5 0.8
693 0 0 1.2
693 25 30 1
693 50 55 0.7
693 75 72.5 0.8
694 0 0 1.2
694 25 30 1
694 50 55 0.7
694 75 72.5 0.8
695 0 0 1.2
695 25 30 1
695 50 55 0.7
695 75 72.5 0.8
696 0 0 1.2
696 25 30 1
696 50 55 0.7
696 75 72.5 0.8
697 0 0 1.2
697 25 30 1
697 50 55 0.7
697 75 72.5 0.8
698 0 0 1.2
698 25 30 1
698 50 55 0.7
698 75 72.5 0.8
699 0 0 1.2
699 25 30 1
699 50 55 0.7
699 75 72.5 0.8
700 0 0 1.2
700 25 30 1
700 50 55 0.7
700 75 72.5 0.8
701 0 0 1.2
701 25 30 1
701 50 55 0.7
701 75 72.5 0.8
702 0 0 1.2
702 25 30 1
702 50 55 0.7
702 75 72.5 0.8
703 0 0 1.2
703 25 30 1
703 50 55 0.7
703 75 72.5 0.8
704 0 0 1.2
704 25 30 1
704 50 55 0.7
704 75 72.5 0.8
705 0 0 1.2
705 25 30 1
705 50 55 0.7
705 75 72.5 0.8
706 0 0 1.2
706 25 30 1
706 50 55 0.7
706 75 72.5 0.8
707 0 0 1.2
707 25 30 1
707 50 55 0.7
707 75 72.5 0.8
708 0 0 1.2
708 25 30 1
708 50 55 0.7
708 75 72.5 0.8
709 0 0 1.2
709 25 30 1
709 50 55 0.7
709 75 72.5 0.8
710 0 0 1.2
710 25 30 1
710 50 55 0.7
710 75 72.5 0.8
711 0 0 1.2
711 25 30 1
711 50 55 0.7
711 75 72.5 0.8
712 0 0 1.2
712 25 30 1
712 50 55 0.7
712 75 72.5 0.8
713 0 0 1.2
713 25 30 1
713 50 55 0.7
713 75 72.5 0.8
714 0 0 1.2
714 25 30 1
714 50 55 0.7
714 75 72.5 0.8
715 0 0 1.2
715 25 30 1
715 50 55 0.7
715 75 72.5 0.8
716 0 0 1.2
716 25 30 1
716 50 55 0.7
716 75 72.5 0.8
717 0 0 1.2
717 25 30 1
717 50 55 0.7
717 75 72.5 0.8
718 0 0 1.2
718 25 30 1
718 50 55 0.7
718 75 72.5 0.8
719 0 0 1.2
719 25 30 1
719 50 55 0.7
719 75 72.5 0.8
720 0 0 1.2
720 25 30 1
720 50 55 0.7
720 75 72.5 0.8
721 0 0 1.2
721 25 30 1
721 50 55 0.7
721 75 72.5 0.8
722 0 0 1.2
722 25 30 1
722 50 55 0.7
722 75 72.5 0.8
723 0 0 1.2
723 25 30 1
723 50 55 0.7
723 75 72.5 0.8
724 0 0 1.2
724 25 30 1
724 50 55 0.7
724 75 72.5 0.8
725 0 0 1.2
725 25 30 1
725 50 55 0.7
725 75 72.5 0.8
726 0 0 1.2
726 25 30 1
726 50 55 0.7
726 75 72.5 0.8
727 0 0 1.2
727 25 30 1
727 50 55 0.7
727 75 72.5 0.8
728 0 0 1.2
728 25 30 1
728 50 55 0.7
728 75 72.5 0.8
729 0 0 1.2
729 25 30 1
729 50 55 0.7
729 75 72.5 0.8
730 0 0 1.2
730 25 30 1
730 50 55 0.7
730 75 72.5 0.8
731 0 0 1.2
731 25 30 1
731 50 55 0.7
731 75 72.5 0.8
732 0 0 1.2
732 25 30 1
732 50 55 0.7
732 75 72.5 0.8
733 0 0 1.2
733 25 30 1
733 50 55 0.7
733 75 72.5 0.8
734 0 0 1.2
734 25 30 1
734 50 55 0.7
734 75 72.5 0.8
735 0 0 1.2
735 25 30 1
735 50 55 0.7
735 75 72.5 0.8
736 0 0 1.2
736 25 30 1
736 50 55 0.7
736 75 72.5 0.8
737 0 0 1.2
737 25 30 1
737 50 55 0.7
737 75 72.5 0.8
738 0 0 1.2
738 25 30 1
738 50 55 0.7
738 75 72.5 0.8
739 0 0 1.2
739 25 30 1
739 50 55 0.7
739 75 72.5 0.8
740 0 0 1.2
740 25 30 1
740 50 55 0.7
740 75 72.5 0.8
741 0 0 1.2
741 25 30 1
741 50 55 0.7
741 75 72.5 0.8
742 0 0 1.2
742 25 30 1
742 50 55 0.7
742 75 72.5 0.8
743 0 0 1.2
743 25 30 1
743 50 55 0.7
743 75 72.5 0.8
744 0 0 1.2
744 25 30 1
744 50 55 0.7
744 75 72.5 0.8
745 0 0 1.2
745 25 30 1
745 50 55 0.7
745 75 72.5 0.8
746 0 0 1.2
746 25 30 1
746 50 55 0.7
746 75 72.5 0.8
747 0 0 1.2
747 25 30 1
747 50 55 0.7
747 75 72.5 0.8
748 0 0 1.2
748 25 30 1
748 50 55 0.7
748 75 72.5 0.8
749 0 0 1.2
749 25 30 1
749 50 55 0.7
749 75 72.5 0.8
750 0 0 1.2
750 25 30 1
750 50 55 0.7
750 75 72.5 0.8
751 0 0 1.2
751 25 30 1
751 50 55 0.7
751 75 72.5 0.8
752 0 0 1.2
752 25 30 1
752 50 55 0.7
752 75 72.5 0.8
753 0 0 1.2
753 25 30 1
753 50 55 0.7
753 75 72.5 0.8
754 0 0 1.2
754 25 30 1
754 50 55 0.7
754 75 72.5 0.8
755 0 0 1.2
755 25 30 1
755 50 55 0.7
755 75 72.5 0.8
756 0 0 1.2
756 25 30 1
756 50 55 0.7
756 75 72.5 0.8
757 0 0 1.2
757 25 30 1
757 50 55 0.7
757 75 72.5 0.8
758 0 0 1.2
758 25 30 1
758 50 55 0.7
758 75 72.5 0.8
759 0 0 1.2
759 25 30 1
759 50 55 0.7
759 75 72.5 0.8
760 0 0 1.2
760 25 30 1
760 50 55 0.7
760 75 72.5 0.8
761 0 0 1.2
761 25 30 1
761 50 55 0.7
761 75 72.5 0.8
762 0 0 1.2
762 25 30 1
762 50 55 0.7
762 75 72.5 0.8
763 0 0 1.2
763 25 30 1
763 50 55 0.7
763 75 72.5 0.8
764 0 0 1.2
764 25 30 1
764 50 55 0.7
764 75 72.5 0.8
765 0 0 1.2
765 25 30 1
765 50 55 0.7
765 75 72.5 0.8
766 0 0 1.2
766 25 30 1
766 50 55 0.7
766 75 72.5 0.8
767 0 0 1.2
767 25 30 1
767 50 55 0.7
767 75 72.5 0.8
768 0 0 1.2
768 25 30 1
768 50 55 0.7
768 75 72.5 0.8
769 0 0 1.2
769 25 30 1
769 50 55 0.7
769 75 72.5 0.8
770 0 0 1.2
770 25 30 1
770 50 55 0.7
770 75 72.5 0.8
771 0 0 1.2
771 25 30 1
771 50 55 0.7
771 75 72.5 0.8
772 0 0 1.2
772 25 30 1
772 50 55 0.7
772 75 72.5 0.8
773 0 0 1.2
773 25 30 1
773 50 55 0.7
773 75 72.5 0.8
774 0 0 1.2
774 25 30 1
774 50 55 0.7
774 75 72.5 0.8
775 0 0 1.2
775 25 30 1
775 50 55 0.7
775 75 72.5 0.8
776 0 0 1.2
776 25 30 1
776 50 55 0.7
776 75 72.5 0.8
777 0 0 1.2
777 25 30 1
777 50 55 0.7
777 75 72.5 0.8
778 0 0 1.2
778 25 30 1
778 50 55 0.7
778 75 72.5 0.8
779 0 0 1.2
779 25 30 1
779 50 55 0.7
779 75 72.5 0.8
780 0 0 1.2
780 25 30 1
780 50 55 0.7
780 75 72.5 0.8
781 0 0 1.2
781 25 30 1
781 50 55 0.7
781 75 72.5 0.8
782 0 0 1.2
782 25 30 1
782 50 55 0.7
782 75 72.5 0.8
783 0 0 1.2
783 25 30 1
783 50 55 0.7
783 75 72.5 0.8
784 0 0 1.2
784 25 30 1
784 50 55 0.7
784 75 72.5 0.8
785 0 0 1.2
785 25 30 1
785 50 55 0.7
785 75 72.5 0.8
786 0 0 1.2
786 25 30 1
786 50 55 0.7
786 75 72.5 0.8
787 0 0 1.2
787 25 30 1
787 50 55 0.7
787 75 72.5 0.8
788 0 0 1.2
788 25 30 1
788 50 55 0.7
788 75 72.5 0.8
789 0 0 1.2
789 25 30 1
789 50 55 0.7
789 75 72.5 0.8
790 0 0 1.2
790 25 30 1
790 50 55 0.7
790 75 72.5 0.8
791 0 0 1.2
791 25 30 1
791 50 55 0.7
791 75 72.5 0.8
792 0 0 1.2
792 25 30 1
792 50 55 0.7
792 75 72.5 0.8
793 0 0 1.2
793 25 30 1
793 50 55 0.7
793 75 72.5 0.8
794 0 0 1.2
794 25 30 1
794 50 55 0.7
794 75 72.5 0.8
795 0 0 1.2
795 25 30 1
795 50 55 0.7
795 75 72.5 0.8
796 0 0 1.2
796 25 30 1
796 50 55 0.7
796 75 72.5 0.8
797 0 0 1.2
797 25 30 1
797 50 55 0.7
797 75 72.5 0.8
798 0 0 1.2
798 25 30 1
798 50 55 0.7
798 75 72.5 0.8
799 0 0 1.2
799 25 30 1
799 50 55 0.7
799 75 72.5 0.8
800 0 0 1.2
800 25 30 1
800 50 55 0.7
800 75 72.5 0.8
801 0 0 1.2
801 25 30 1
801 50 55 0.7
801 75 72.5 0.8
802 0 0 1.2
802 25 30 1
802 50 55 0.7
802 75 72.5 0.8
803 0 0 1.2
803 25 30 1
803 50 55 0.7
803 75 72.5 0.8
804 0 0 1.2
804 25 30 1
804 50 55 0.7
804 75 72.5 0.8
805 0 0 1.2
805 25 30 1
805 50 55 0.7
805 75 72.5 0.8
806 0 0 1.2
806 25 30 1
806 50 55 0.7
806 75 72.5 0.8
807 0 0 1.2
807 25 30 1
807 50 55 0.7
807 75 72.5 0.8
808 0 0 1.2
808 25 30 1
808 50 55 0.7
808 75 72.5 0.8
809 0 0 1.2
809 25 30 1
809 50 55 0.7
809 75 72.5 0.8
810 0 0 1.2
810 25 30 1
810 50 55 0.7
810 75 72.5 0.8
811 0 0 1.2
811 25 30 1
811 50 55 0.7
811 75 72.5 0.8
812 0 0 1.2
812 25 30 1
812 50 55 0.7
812 75 72.5 0.8
813 0 0 1.2
813 25 30 1
813 50 55 0.7
813 75 72.5 0.8
814 0 0 1.2
814 25 30 1
814 50 55 0.7
814 75 72.5 0.8
815 0 0 1.2
815 25 30 1
815 50 55 0.7
815 75 72.5 0.8
816 0 0 1.2
816 25 30 1
816 50 55 0.7
816 75 72.5 0.8
817 0 0 1.2
817 25 30 1
817 50 55 0.7
817 75 72.5 0.8
818 0 0 1.2
818 25 30 1
818 50 55 0.7
818 75 72.5 0.8
819 0 0 1.2
819 25 30 1
819 50 55 0.7
819 75 72.5 0.8
820 0 0 1.2
820 25 30 1
820 50 55 0.7
820 75 72.5 0.8
821 0 0 1.2
821 25 30 1
821 50 55 0.7
821 75 72.5 0.8
822 0 0 1.2
822 25 30 1
822 50 55 0.7
822 75 72.5 0.8
823 0 0 1.2
823 25 30 1
823 50 55 0.7
823 75 72.5 0.8
824 0 0 1.2
824 25 30 1
824 50 55 0.7
824 75 72.5 0.8
825 0 0 1.2
825 25 30 1
825 50 55 0.7
825 75 72.5 0.8
826 0 0 1.2
826 25 30 1
826 50 55 0.7
826 75 72.5 0.8
827 0 0 1.2
827 25 30 1
827 50 55 0.7
827 75 72.5 0.8
828 0 0 1.2
828 25 30 1
828 50 55 0.7
828 75 72.5 0.8
829 0 0 1.2
829 25 30 1
829 50 55 0.7
829 75 72.5 0.8
830 0 0 1.2
830 25 30 1
830 50 55 0.7
830 75 72.5 0.8
831 0 0 1.2
831 25 30 1
831 50 55 0.7
831 75 72.5 0.8
832 0 0 1.2
832 25 30 1
832 50 55 0.7
832 75 72.5 0.8
833 0 0 1.2
833 25 30 1
833 50 55 0.7
833 75 72.5 0.8
834 0 0 1.2
834 25 30 1
834 50 55 0.7
834 75 72.5 0.8
835 0 0 1.2
835 25 30 1
835 50 55 0.7
835 75 72.5 0.8
836 0 0 1.2
836 25 30 1
836 50 55 0.7
836 75 72.5 0.8
837 0 0 1.2
837 25 30 1
837 50 55 0.7
837 75 72.5 0.8
838 0 0 1.2
838 25 30 1
838 50 55 0.7
838 75 72.5 0.8
839 0 0 1.2
839 25 30 1
839 50 55 0.7
839 75 72.5 0.8
840 0 0 1.2
840 25 30 1
840 50 55 0.7
840 75 72.5 0.8
841 0 0 1.2
841 25 30 1
841 50 55 0.7
841 75 72.5 0.8
842 0 0 1.2
842 25 30 1
842 50 55 0.7
842 75 72.5 0.8
843 0 0 1.2
843 25 30 1
843 50 55 0.7
843 75 72.5 0.8
844 0 0 1.2
844 25 30 1
844 50 55 0.7
844 75 72.5 0.8
845 0 0 1.2
845 25 30 1
845 50 55 0.7
845 75 72.5 0.8
846 0 0 1.2
846 25 30 1
846 50 55 0.7
846 75 72.5 0.8
847 0 0 1.2
847 25 30 1
847 50 55 0.7
847 75 72.5 0.8
848 0 0 1.2
848 25 30 1
848 50 55 0.7
848 75 72.5 0.8
849 0 0 1.2
849 25 30 1
849 50 55 0.7
849 75 72.5 0.8
850 0 0 1.2
850 25 30 1
850 50 55 0.7
850 75 72.5 0.8
851 0 0 1.2
851 25 30 1
851 50 55 0.7
851 75 72.5 0.8
852 0 0 1.2
852 25 30 1
852 50 55 0.7
852 75 72.5 0.8
853 0 0 1.2
853 25 30 1
853 50 55 0.7
853 75 72.5 0.8
854 0 0 1.2
854 25 30 1
854 50 55 0.7
854 75 72.5 0.8
855 0 0 1.2
855 25 30 1
855 50 55 0.7
855 75 72.5 0.8
856 0 0 1.2
856 25 30 1
856 50 55 0.7
856 75 72.5 0.8
857 0 0 1.2
857 25 30 1
857 50 55 0.7
857 75 72.5 0.8
858 0 0 1.2
858 25 30 1
858 50 55 0.7
858 75 72.5 0.8
859 0 0 1.2
859 25 30 1
859 50 55 0.7
859 75 72.5 0.8
860 0 0 1.2
860 25 30 1
860 50 55 0.7
860 75 72.5 0.8
861 0 0 1.2
861 25 30 1
861 50 55 0.7
861 75 72.5 0.8
862 0 0 1.2
862 25 30 1
862 50 55 0.7
862 75 72.5 0.8
863 0 0 1.2
863 25 30 1
863 50 55 0.7
863 75 72.5 0.8
864 0 0 1.2
864 25 30 1
864 50 55 0.7
864 75 72.5 0.8
865 0 0 1.2
865 25 30 1
865 50 55 0.7
865 75 72.5 0.8
866 0 0 1.2
866 25 30 1
866 50 55 0.7
866 75 72.5 0.8
867 0 0 1.2
867 25 30 1
867 50 55 0.7
867 75 72.5 0.8
868 0 0 1.2
868 25 30 1
868 50 55 0.7
868 75 72.5 0.8
869 0 0 1.2
869 25 30 1
869 50 55 0.7
869 75 72.5 0.8
870 0 0 1.2
870 25 30 1
870 50 55 0.7
870 75 72.5 0.8
871 0 0 1.2
871 25 30 1
871 50 55 0.7
871 75 72.5 0.8
872 0 0 1.2
872 25 30 1
872 50 55 0.7
872 75 72.5 0.8
873 0 0 1.2
873 25 30 1
873 50 55 0.7
873 75 72.5 0.8
874 0 0 1.2
874 25 30 1
874 50 55 0.7
874 75 72.5 0.8
875 0 0 1.2
875 25 30 1
875 50 55 0.7
875 75 72.5 0.8
876 0 0 1.2
876 25 30 1
876 50 55 0.7
876 75 72.5 0.8
877 0 0 1.2
877 25 30 1
877 50 55 0.7
877 75 72.5 0.8
878 0 0 1.2
878 25 30 1
878 50 55 0.7
878 75 72.5 0.8
879 0 0 1.2
879 25 30 1
879 50 55 0.7
879 75 72.5 0.8
880 0 0 1.2
880 25 30 1
880 50 55 0.7
880 75 72.5 0.8
881 0 0 1.2
881 25 30 1
881 50 55 0.7
881 75 72.5 0.8
882 0 0 1.2
882 25 30 1
882 50 55 0.7
882 75 72.5 0.8
883 0 0 1.2
883 25 30 1
883 50 55 0.7
883 75 72.5 0.8
884 0 0 1.2
884 25 30 1
884 50 55 0.7
884 75 72.5 0.8
885 0 0 1.2
885 25 30 1
885 50 55 0.7
885 75 72.5 0.8
886 0 0 1.2
886 25 30 1
886 50 55 0.7
886 75 72.5 0.8
887 0 0 1.2
887 25 30 1
887 50 55 0.7
887 75 72.5 0.8
888 0 0 1.2
888 25 30 1
888 50 55 0.7
888 75 72.5 0.8
889 0 0 1.2
889 25 30 1
889 50 55 0.7
889 75 72.5 0.8
890 0 0 1.2
890 25 30 1
890 50 55 0.7
890 75 72.5 0.8
891 0 0 1.2
891 25 30 1
891 50 55 0.7
891 75 72.5 0.8
892 0 0 1.2
892 25 30 1
892 50 55 0.7
892 75 72.5 0.8
893 0 0 1.2
893 25 30 1
893 50 55 0.7
893 75 72.5 0.8
894 0 0 1.2
894 25 30 1
894 50 55 0.7
894 75 72.5 0.8
895 0 0 1.2
895 25 30 1
895 50 55 0.7
895 75 72.5 0.8
896 0 0 1.2
896 25 30 1
896 50 55 0.7
896 75 72.5 0.8
897 0 0 1.2
897 25 30 1
897 50 55 0.7
897 75 72.5 0.8
898 0 0 1.2
898 25 30 1
898 50 55 0.7
898 75 72.5 0.8
899 0 0 1.2
899 25 30 1
899 50 55 0.7
899 75 72.5 0.8
900 0 0 1.2
900 25 30 1
900 50 55 0.7
900 75 72.5 0.8
901 0 0 1.2
901 25 30 1
901 50 55 0.7
901 75 72.5 0.8
902 0 0 1.2
902 25 30 1
902 50 55 0.7
902 75 72.5 0.8
903 0 0 1.2
903 25 30 1
903 50 55 0.7
903 75 72.5 0.8
904 0 0 1.2
904 25 30 1
904 50 55 0.7
904 75 72.5 0.8
905 0 0 1.2
905 25 30 1
905 50 55 0.7
905 75 72.5 0.8
906 0 0 1.2
906 25 30 1
906 50 55 0.7
906 75 72.5 0.8
907 0 0 1.2
907 25 30 1
907 50 55 0.7
907 75 72.5 0.8
908 0 0 1.2
908 25 30 1
908 50 55 0.7
908 75 72.5 0.8
909 0 0 1.2
909 25 30 1
909 50 55 0.7
909 75 72.5 0.8
910 0 0 1.2
910 25 30 1
910 50 55 0.7
910 75 72.5 0.8
911 0 0 1.2
911 25 30 1
911 50 55 0.7
911 75 72.5 0.8
912 0 0 1.2
912 25 30 1
912 50 55 0.7
912 75 72.5 0.8
913 0 0 1.2
913 25 30 1
913 50 55 0.7
913 75 72.5 0.8
914 0 0 1.2
914 25 30 1
914 50 55 0.7
914 75 72.5 0.8
915 0 0 1.2
915 25 30 1
915 50 55 0.7
915 75 72.5 0.8
916 0 0 1.2
916 25 30 1
916 50 55 0.7
916 75 72.5 0.8
917 0 0 1.2
917 25 30 1
917 50 55 0.7
917 75 72.5 0.8
918 0 0 1.2
918 25 30 1
918 50 55 0.7
918 75 72.5 0.8
919 0 0 1.2
919 25 30 1
919 50 55 0.7
919 75 72.5 0.8
920 0 0 1.2
920 25 30 1
920 50 55 0.7
920 75 72.5 0.8
921 0 0 1.2
921 25 30 1
921 50 55 0.7
921 75 72.5 0.8
922 0 0 1.2
922 25 30 1
922 50 55 0.7
922 75 72.5 0.8
923 0 0 1.2
923 25 30 1
923 50 55 0.7
923 75 72.5 0.8
924 0 0 1.2
924 25 30 1
924 50 55 0.7
924 75 72.5 0.8
925 0 0 1.2
925 25 30 1
925 50 55 0.7
925 75 72.5 0.8
926 0 0 1.2
926 25 30 1
926 50 55 0.7
926 75 72.5 0.8
927 0 0 1.2
927 25 30 1
927 50 55 0.7
927 75 72.5 0.8
928 0 0 1.2
928 25 30 1
928 50 55 0.7
928 75 72.5 0.8
929 0 0 1.2
929 25 30 1
929 50 55 0.7
929 75 72.5 0.8
930 0 0 1.2
930 25 30 1
930 50 55 0.7
930 75 72.5 0.8
931 0 0 1.2
931 25 30 1
931 50 55 0.7
931 75 72.5 0.8
932 0 0 1.2
932 25 30 1
932 50 55 0.7
932 75 72.5 0.8
933 0 0 1.2
933 25 30 1
933 50 55 0.7
933 75 72.5 0.8
934 0 0 1.2
934 25 30 1
934 50 55 0.7
934 75 72.5 0.8
935 0 0 1.2
935 25 30 1
935 50 55 0.7
935 75 72.5 0.8
936 0 0 1.2
936 25 30 1
936 50 55 0.7
936 75 72.5 0.8
937 0 0 1.2
937 25 30 1
937 50 55 0.7
937 75 72.5 0.8
938 0 0 1.2
938 25 30 1
938 50 55 0.7
938 75 72.5 0.8
939 0 0 1.2
939 25 30 1
939 50 55 0.7
939 75 72.5 0.8
940 0 0 1.2
940 25 30 1
940 50 55 0.7
940 75 72.5 0.8
941 0 0 1.2
941 25 30 1
941 50 55 0.7
941 75 72.5 0.8
942 0 0 1.2
942 25 30 1
942 50 55 0.7
942 75 72.5 0.8
943 0 0 1.2
943 25 30 1
943 50 55 0.7
943 75 72.5 0.8
944 0 0 1.2
944 25 30 1
944 50 55 0.7
944 75 72.5 0.8
945 0 0 1.2
945 25 30 1
945 50 55 0.7
945 75 72.5 0.8
946 0 0 1.2
946 25 30 1
946 50 55 0.7
946 75 72.5 0.8
947 0 0 1.2
947 25 30 1
947 50 55 0.7
947 75 72.5 0.8
948 0 0 1.2
948 25 30 1
948 50 55 0.7
948 75 72.5 0.8
949 0 0 1.2
949 25 30 1
949 50 55 0.7
949 75 72.5 0.8
950 0 0 1.2
950 25 30 1
950 50 55 0.7
950 75 72.5 0.8
951 0 0 1.2
951 25 30 1
951 50 55 0.7
951 75 72.5 0.8
952 0 0 1.2
952 25 30 1
952 50 55 0.7
952 75 72.5 0.8
953 0 0 1.2
953 25 30 1
953 50 55 0.7
953 75 72.5 0.8
954 0 0 1.2
954 25 30 1
954 50 55 0.7
954 75 72.5 0.8
955 0 0 1.2
955 25 30 1
955 50 55 0.7
955 75 72.5 0.8
956 0 0 1.2
956 25 30 1
956 50 55 0.7
956 75 72.5 0.8
957 0 0 1.2
957 25 30 1
957 50 55 0.7
957 75 72.5 0.8
958 0 0 1.2
958 25 30 1
958 50 55 0.7
958 75 72.5 0.8
959 0 0 1.2
959 25 30 1
959 50 55 0.7
959 75 72.5 0.8
960 0 0 1.2
960 25 30 1
960 50 55 0.7
960 75 72.5 0.8
961 0 0 1.2
961 25 30 1
961 50 55 0.7
961 75 72.5 0.8
962 0 0 1.2
962 25 30 1
962 50 55 0.7
962 75 72.5 0.8
963 0 0 1.2
963 25 30 1
963 50 55 0.7
963 75 72.5 0.8
964 0 0 1.2
964 25 30 1
964 50 55 0.7
964 75 72.5 0.8
965 0 0 1.2
965 25 30 1
965 50 55 0.7
965 75 72.5 0.8
966 0 0 1.2
966 25 30 1
966 50 55 0.7
966 75 72.5 0.8
967 0 0 1.2
967 25 30 1
967 50 55 0.7
967 75 72.5 0.8
968 0 0 1.2
968 25 30 1
968 50 55 0.7
968 75 72.5 0.8
969 0 0 1.2
969 25 30 1
969 50 55 0.7
969 75 72.5 0.8
970 0 0 1.2
970 25 30 1
970 50 55 0.7
970 75 72.5 0.8
971 0 0 1.2
971 25 30 1
971 50 55 0.7
971 75 72.5 0.8
972 0 0 1.2
972 25 30 1
972 50 55 0.7
972 75 72.5 0.8
973 0 0 1.2
973 25 30 1
973 50 55 0.7
973 75 72.5 0.8
974 0 0 1.2
974 25 30 1
974 50 55 0.7
974 75 72.5 0.8
975 0 0 1.2
975 25 30 1
975 50 55 0.7
975 75 72.5 0.8
976 0 0 1.2
976 25 30 1
976 50 55 0.7
976 75 72.5 0.8
977 0 0 1.2
977 25 30 1
977 50 55 0.7
977 75 72.5 0.8
978 0 0 1.2
978 25 30 1
978 50 55 0.7
978 75 72.5 0.8
979 0 0 1.2
979 25 30 1
979 50 55 0.7
979 75 72.5 0.8
980 0 0 1.2
980 25 30 1
980 50 55 0.7
980 75 72.5 0.8
981 0 0 1.2
981 25 30 1
981 50 55 0.7
981 75 72.5 0.8
982 0 0 1.2
982 25 30 1
982 50 55 0.7
982 75 72.5 0.8
983 0 0 1.2
983 25 30 1
983 50 55 0.7
983 75 72.5 0.8
984 0 0 1.2
984 25 30 1
984 50 55 0.7
984 75 72.5 0.8
985 0 0 1.2
985 25 30 1
985 50 55 0.7
985 75 72.5 0.8
986 0 0 1.2
986 25 30 1
986 50 55 0.7
986 75 72.5 0.8
987 0 0 1.2
987 25 30 1
987 50 55 0.7
987 75 72.5 0.8
988 0 0 1.2
988 25 30 1
988 50 55 0.7
988 75 72.5 0.8
989 0 0 1.2
989 25 30 1
989 50 55 0.7
989 75 72.5 0.8
990 0 0 1.2
990 25 30 1
990 50 55 0.7
990 75 72.5 0.8
991 0 0 1.2
991 25 30 1
991 50 55 0.7
991 75 72.5 0.8
992 0 0 1.2
992 25 30 1
992 50 55 0.7
992 75 72.5 0.8
993 0 0 1.2
993 25 30 1
993 50 55 0.7
993 75 72.5 0.8
994 0 0 1.2
994 25 30 1
994 50 55 0.7
994 75 72.5 0.8
995 0 0 1.2
995 25 30 1
995 50 55 0.7
995 75 72.5 0.8
996 0 0 1.2
996 25 30 1
996 50 55 0.7
996 75 72.5 0.8
997 0 0 1.2
997 25 30 1
997 50 55 0.7
997 75 72.5 0.8
998 0 0 1.2
998 25 30 1
998 50 55 0.7
998 75 72.5 0.8
999 0 0 1.2
999 25 30 1
999 50 55 0.7
999 75 72.5 0.8
