20 4
0 0 0 2.7
0 500 1350 2.5
0 1000 2600 3.4
0 1500 4300 3.7
1 0 0 2.7
1 500 1350 2.5
1 1000 2600 3.4
1 1500 4300 3.7
2 0 0 2.7
2 500 1350 2.5
2 1000 2600 3.4
2 1500 4300 3.7
3 0 0 2.7
3 500 1350 2.5
3 1000 2600 3.4
3 1500 4300 3.7
4 0 0 2.7
4 500 1350 2.5
4 1000 2600 3.4
4 1500 4300 3.7
5 0 0 2.7
5 500 1350 2.5
5 1000 2600 3.4
5 1500 4300 3.7
6 0 0 2.7
6 500 1350 2.5
6 1000 2600 3.4
6 1500 4300 3.7
7 0 0 2.7
7 500 1350 2.5
7 1000 2600 3.4
7 1500 4300 3.7
8 0 0 2.7
8 500 1350 2.5
8 1000 2600 3.4
8 1500 4300 3.7
9 0 0 2.7
9 500 1350 2.5
9 1000 2600 3.4
9 1500 4300 3.7
10 0 0 2.7
10 500 1350 2.5
10 1000 2600 3.4
10 1500 4300 3.7
11 0 0 2.7
11 500 1350 2.5
11 1000 2600 3.4
11 1500 4300 3.7
12 0 0 2.7
12 500 1350 2.5
12 1000 2600 3.4
12 1500 4300 3.7
13 0 0 2.7
13 500 1350 2.5
13 1000 2600 3.4
13 1500 4300 3.7
14 0 0 2.7
14 500 1350 2.5
14 1000 2600 3.4
14 1500 4300 3.7
15 0 0 2.7
15 500 1350 2.5
15 1000 2600 3.4
15 1500 4300 3.7
16 0 0 2.7
16 500 1350 2.5
16 1000 2600 3.4
16 1500 4300 3.7
17 0 0 2.7
17 500 1350 2.5
17 1000 2600 3.4
17 1500 4300 3.7
18 0 0 2.7
18 500 1350 2.5
18 1000 2600 3.4
18 1500 4300 3.7
19 0 0 2.7
19 500 1350 2.5
19 1000 2600 3.4
19 1500 4300 3.7
