500 4
0 0 0 2.8
0 500 1400 0.8
0 1000 1800 1.3
0 1500 2450 3.5
1 0 0 2.8
1 500 1400 0.8
1 1000 1800 1.3
1 1500 2450 3.5
2 0 0 2.8
2 500 1400 0.8
2 1000 1800 1.3
2 1500 2450 3.5
3 0 0 2.8
3 500 1400 0.8
3 1000 1800 1.3
3 1500 2450 3.5
4 0 0 2.8
4 500 1400 0.8
4 1000 1800 1.3
4 1500 2450 3.5
5 0 0 2.8
5 500 1400 0.8
5 1000 1800 1.3
5 1500 2450 3.5
6 0 0 2.8
6 500 1400 0.8
6 1000 1800 1.3
6 1500 2450 3.5
7 0 0 2.8
7 500 1400 0.8
7 1000 1800 1.3
7 1500 2450 3.5
8 0 0 2.8
8 500 1400 0.8
8 1000 1800 1.3
8 1500 2450 3.5
9 0 0 2.8
9 500 1400 0.8
9 1000 1800 1.3
9 1500 2450 3.5
10 0 0 2.8
10 500 1400 0.8
10 1000 1800 1.3
10 1500 2450 3.5
11 0 0 2.8
11 500 1400 0.8
11 1000 1800 1.3
11 1500 2450 3.5
12 0 0 2.8
12 500 1400 0.8
12 1000 1800 1.3
12 1500 2450 3.5
13 0 0 2.8
13 500 1400 0.8
13 1000 1800 1.3
13 1500 2450 3.5
14 0 0 2.8
14 500 1400 0.8
14 1000 1800 1.3
14 1500 2450 3.5
15 0 0 2.8
15 500 1400 0.8
15 1000 1800 1.3
15 1500 2450 3.5
16 0 0 2.8
16 500 1400 0.8
16 1000 1800 1.3
16 1500 2450 3.5
17 0 0 2.8
17 500 1400 0.8
17 1000 1800 1.3
17 1500 2450 3.5
18 0 0 2.8
18 500 1400 0.8
18 1000 1800 1.3
18 1500 2450 3.5
19 0 0 2.8
19 500 1400 0.8
19 1000 1800 1.3
19 1500 2450 3.5
20 0 0 2.8
20 500 1400 0.8
20 1000 1800 1.3
20 1500 2450 3.5
21 0 0 2.8
21 500 1400 0.8
21 1000 1800 1.3
21 1500 2450 3.5
22 0 0 2.8
22 500 1400 0.8
22 1000 1800 1.3
22 1500 2450 3.5
23 0 0 2.8
23 500 1400 0.8
23 1000 1800 1.3
23 1500 2450 3.5
24 0 0 2.8
24 500 1400 0.8
24 1000 1800 1.3
24 1500 2450 3.5
25 0 0 2.8
25 500 1400 0.8
25 1000 1800 1.3
25 1500 2450 3.5
26 0 0 2.8
26 500 1400 0.8
26 1000 1800 1.3
26 1500 2450 3.5
27 0 0 2.8
27 500 1400 0.8
27 1000 1800 1.3
27 1500 2450 3.5
28 0 0 2.8
28 500 1400 0.8
28 1000 1800 1.3
28 1500 2450 3.5
29 0 0 2.8
29 500 1400 0.8
29 1000 1800 1.3
29 1500 2450 3.5
30 0 0 2.8
30 500 1400 0.8
30 1000 1800 1.3
30 1500 2450 3.5
31 0 0 2.8
31 500 1400 0.8
31 1000 1800 1.3
31 1500 2450 3.5
32 0 0 2.8
32 500 1400 0.8
32 1000 1800 1.3
32 1500 2450 3.5
33 0 0 2.8
33 500 1400 0.8
33 1000 1800 1.3
33 1500 2450 3.5
34 0 0 2.8
34 500 1400 0.8
34 1000 1800 1.3
34 1500 2450 3.5
35 0 0 2.8
35 500 1400 0.8
35 1000 1800 1.3
35 1500 2450 3.5
36 0 0 2.8
36 500 1400 0.8
36 1000 1800 1.3
36 1500 2450 3.5
37 0 0 2.8
37 500 1400 0.8
37 1000 1800 1.3
37 1500 2450 3.5
38 0 0 2.8
38 500 1400 0.8
38 1000 1800 1.3
38 1500 2450 3.5
39 0 0 2.8
39 500 1400 0.8
39 1000 1800 1.3
39 1500 2450 3.5
40 0 0 2.8
40 500 1400 0.8
40 1000 1800 1.3
40 1500 2450 3.5
41 0 0 2.8
41 500 1400 0.8
41 1000 1800 1.3
41 1500 2450 3.5
42 0 0 2.8
42 500 1400 0.8
42 1000 1800 1.3
42 1500 2450 3.5
43 0 0 2.8
43 500 1400 0.8
43 1000 1800 1.3
43 1500 2450 3.5
44 0 0 2.8
44 500 1400 0.8
44 1000 1800 1.3
44 1500 2450 3.5
45 0 0 2.8
45 500 1400 0.8
45 1000 1800 1.3
45 1500 2450 3.5
46 0 0 2.8
46 500 1400 0.8
46 1000 1800 1.3
46 1500 2450 3.5
47 0 0 2.8
47 500 1400 0.8
47 1000 1800 1.3
47 1500 2450 3.5
48 0 0 2.8
48 500 1400 0.8
48 1000 1800 1.3
48 1500 2450 3.5
49 0 0 2.8
49 500 1400 0.8
49 1000 1800 1.3
49 1500 2450 3.5
50 0 0 2.8
50 500 1400 0.8
50 1000 1800 1.3
50 1500 2450 3.5
51 0 0 2.8
51 500 1400 0.8
51 1000 1800 1.3
51 1500 2450 3.5
52 0 0 2.8
52 500 1400 0.8
52 1000 1800 1.3
52 1500 2450 3.5
53 0 0 2.8
53 500 1400 0.8
53 1000 1800 1.3
53 1500 2450 3.5
54 0 0 2.8
54 500 1400 0.8
54 1000 1800 1.3
54 1500 2450 3.5
55 0 0 2.8
55 500 1400 0.8
55 1000 1800 1.3
55 1500 2450 3.5
56 0 0 2.8
56 500 1400 0.8
56 1000 1800 1.3
56 1500 2450 3.5
57 0 0 2.8
57 500 1400 0.8
57 1000 1800 1.3
57 1500 2450 3.5
58 0 0 2.8
58 500 1400 0.8
58 1000 1800 1.3
58 1500 2450 3.5
59 0 0 2.8
59 500 1400 0.8
59 1000 1800 1.3
59 1500 2450 3.5
60 0 0 2.8
60 500 1400 0.8
60 1000 1800 1.3
60 1500 2450 3.5
61 0 0 2.8
61 500 1400 0.8
61 1000 1800 1.3
61 1500 2450 3.5
62 0 0 2.8
62 500 1400 0.8
62 1000 1800 1.3
62 1500 2450 3.5
63 0 0 2.8
63 500 1400 0.8
63 1000 1800 1.3
63 1500 2450 3.5
64 0 0 2.8
64 500 1400 0.8
64 1000 1800 1.3
64 1500 2450 3.5
65 0 0 2.8
65 500 1400 0.8
65 1000 1800 1.3
65 1500 2450 3.5
66 0 0 2.8
66 500 1400 0.8
66 1000 1800 1.3
66 1500 2450 3.5
67 0 0 2.8
67 500 1400 0.8
67 1000 1800 1.3
67 1500 2450 3.5
68 0 0 2.8
68 500 1400 0.8
68 1000 1800 1.3
68 1500 2450 3.5
69 0 0 2.8
69 500 1400 0.8
69 1000 1800 1.3
69 1500 2450 3.5
70 0 0 2.8
70 500 1400 0.8
70 1000 1800 1.3
70 1500 2450 3.5
71 0 0 2.8
71 500 1400 0.8
71 1000 1800 1.3
71 1500 2450 3.5
72 0 0 2.8
72 500 1400 0.8
72 1000 1800 1.3
72 1500 2450 3.5
73 0 0 2.8
73 500 1400 0.8
73 1000 1800 1.3
73 1500 2450 3.5
74 0 0 2.8
74 500 1400 0.8
74 1000 1800 1.3
74 1500 2450 3.5
75 0 0 2.8
75 500 1400 0.8
75 1000 1800 1.3
75 1500 2450 3.5
76 0 0 2.8
76 500 1400 0.8
76 1000 1800 1.3
76 1500 2450 3.5
77 0 0 2.8
77 500 1400 0.8
77 1000 1800 1.3
77 1500 2450 3.5
78 0 0 2.8
78 500 1400 0.8
78 1000 1800 1.3
78 1500 2450 3.5
79 0 0 2.8
79 500 1400 0.8
79 1000 1800 1.3
79 1500 2450 3.5
80 0 0 2.8
80 500 1400 0.8
80 1000 1800 1.3
80 1500 2450 3.5
81 0 0 2.8
81 500 1400 0.8
81 1000 1800 1.3
81 1500 2450 3.5
82 0 0 2.8
82 500 1400 0.8
82 1000 1800 1.3
82 1500 2450 3.5
83 0 0 2.8
83 500 1400 0.8
83 1000 1800 1.3
83 1500 2450 3.5
84 0 0 2.8
84 500 1400 0.8
84 1000 1800 1.3
84 1500 2450 3.5
85 0 0 2.8
85 500 1400 0.8
85 1000 1800 1.3
85 1500 2450 3.5
86 0 0 2.8
86 500 1400 0.8
86 1000 1800 1.3
86 1500 2450 3.5
87 0 0 2.8
87 500 1400 0.8
87 1000 1800 1.3
87 1500 2450 3.5
88 0 0 2.8
88 500 1400 0.8
88 1000 1800 1.3
88 1500 2450 3.5
89 0 0 2.8
89 500 1400 0.8
89 1000 1800 1.3
89 1500 2450 3.5
90 0 0 2.8
90 500 1400 0.8
90 1000 1800 1.3
90 1500 2450 3.5
91 0 0 2.8
91 500 1400 0.8
91 1000 1800 1.3
91 1500 2450 3.5
92 0 0 2.8
92 500 1400 0.8
92 1000 1800 1.3
92 1500 2450 3.5
93 0 0 2.8
93 500 1400 0.8
93 1000 1800 1.3
93 1500 2450 3.5
94 0 0 2.8
94 500 1400 0.8
94 1000 1800 1.3
94 1500 2450 3.5
95 0 0 2.8
95 500 1400 0.8
95 1000 1800 1.3
95 1500 2450 3.5
96 0 0 2.8
96 500 1400 0.8
96 1000 1800 1.3
96 1500 2450 3.5
97 0 0 2.8
97 500 1400 0.8
97 1000 1800 1.3
97 1500 2450 3.5
98 0 0 2.8
98 500 1400 0.8
98 1000 1800 1.3
98 1500 2450 3.5
99 0 0 2.8
99 500 1400 0.8
99 1000 1800 1.3
99 1500 2450 3.5
100 0 0 2.8
100 500 1400 0.8
100 1000 1800 1.3
100 1500 2450 3.5
101 0 0 2.8
101 500 1400 0.8
101 1000 1800 1.3
101 1500 2450 3.5
102 0 0 2.8
102 500 1400 0.8
102 1000 1800 1.3
102 1500 2450 3.5
103 0 0 2.8
103 500 1400 0.8
103 1000 1800 1.3
103 1500 2450 3.5
104 0 0 2.8
104 500 1400 0.8
104 1000 1800 1.3
104 1500 2450 3.5
105 0 0 2.8
105 500 1400 0.8
105 1000 1800 1.3
105 1500 2450 3.5
106 0 0 2.8
106 500 1400 0.8
106 1000 1800 1.3
106 1500 2450 3.5
107 0 0 2.8
107 500 1400 0.8
107 1000 1800 1.3
107 1500 2450 3.5
108 0 0 2.8
108 500 1400 0.8
108 1000 1800 1.3
108 1500 2450 3.5
109 0 0 2.8
109 500 1400 0.8
109 1000 1800 1.3
109 1500 2450 3.5
110 0 0 2.8
110 500 1400 0.8
110 1000 1800 1.3
110 1500 2450 3.5
111 0 0 2.8
111 500 1400 0.8
111 1000 1800 1.3
111 1500 2450 3.5
112 0 0 2.8
112 500 1400 0.8
112 1000 1800 1.3
112 1500 2450 3.5
113 0 0 2.8
113 500 1400 0.8
113 1000 1800 1.3
113 1500 2450 3.5
114 0 0 2.8
114 500 1400 0.8
114 1000 1800 1.3
114 1500 2450 3.5
115 0 0 2.8
115 500 1400 0.8
115 1000 1800 1.3
115 1500 2450 3.5
116 0 0 2.8
116 500 1400 0.8
116 1000 1800 1.3
116 1500 2450 3.5
117 0 0 2.8
117 500 1400 0.8
117 1000 1800 1.3
117 1500 2450 3.5
118 0 0 2.8
118 500 1400 0.8
118 1000 1800 1.3
118 1500 2450 3.5
119 0 0 2.8
119 500 1400 0.8
119 1000 1800 1.3
119 1500 2450 3.5
120 0 0 2.8
120 500 1400 0.8
120 1000 1800 1.3
120 1500 2450 3.5
121 0 0 2.8
121 500 1400 0.8
121 1000 1800 1.3
121 1500 2450 3.5
122 0 0 2.8
122 500 1400 0.8
122 1000 1800 1.3
122 1500 2450 3.5
123 0 0 2.8
123 500 1400 0.8
123 1000 1800 1.3
123 1500 2450 3.5
124 0 0 2.8
124 500 1400 0.8
124 1000 1800 1.3
124 1500 2450 3.5
125 0 0 2.8
125 500 1400 0.8
125 1000 1800 1.3
125 1500 2450 3.5
126 0 0 2.8
126 500 1400 0.8
126 1000 1800 1.3
126 1500 2450 3.5
127 0 0 2.8
127 500 1400 0.8
127 1000 1800 1.3
127 1500 2450 3.5
128 0 0 2.8
128 500 1400 0.8
128 1000 1800 1.3
128 1500 2450 3.5
129 0 0 2.8
129 500 1400 0.8
129 1000 1800 1.3
129 1500 2450 3.5
130 0 0 2.8
130 500 1400 0.8
130 1000 1800 1.3
130 1500 2450 3.5
131 0 0 2.8
131 500 1400 0.8
131 1000 1800 1.3
131 1500 2450 3.5
132 0 0 2.8
132 500 1400 0.8
132 1000 1800 1.3
132 1500 2450 3.5
133 0 0 2.8
133 500 1400 0.8
133 1000 1800 1.3
133 1500 2450 3.5
134 0 0 2.8
134 500 1400 0.8
134 1000 1800 1.3
134 1500 2450 3.5
135 0 0 2.8
135 500 1400 0.8
135 1000 1800 1.3
135 1500 2450 3.5
136 0 0 2.8
136 500 1400 0.8
136 1000 1800 1.3
136 1500 2450 3.5
137 0 0 2.8
137 500 1400 0.8
137 1000 1800 1.3
137 1500 2450 3.5
138 0 0 2.8
138 500 1400 0.8
138 1000 1800 1.3
138 1500 2450 3.5
139 0 0 2.8
139 500 1400 0.8
139 1000 1800 1.3
139 1500 2450 3.5
140 0 0 2.8
140 500 1400 0.8
140 1000 1800 1.3
140 1500 2450 3.5
141 0 0 2.8
141 500 1400 0.8
141 1000 1800 1.3
141 1500 2450 3.5
142 0 0 2.8
142 500 1400 0.8
142 1000 1800 1.3
142 1500 2450 3.5
143 0 0 2.8
143 500 1400 0.8
143 1000 1800 1.3
143 1500 2450 3.5
144 0 0 2.8
144 500 1400 0.8
144 1000 1800 1.3
144 1500 2450 3.5
145 0 0 2.8
145 500 1400 0.8
145 1000 1800 1.3
145 1500 2450 3.5
146 0 0 2.8
146 500 1400 0.8
146 1000 1800 1.3
146 1500 2450 3.5
147 0 0 2.8
147 500 1400 0.8
147 1000 1800 1.3
147 1500 2450 3.5
148 0 0 2.8
148 500 1400 0.8
148 1000 1800 1.3
148 1500 2450 3.5
149 0 0 2.8
149 500 1400 0.8
149 1000 1800 1.3
149 1500 2450 3.5
150 0 0 2.8
150 500 1400 0.8
150 1000 1800 1.3
150 1500 2450 3.5
151 0 0 2.8
151 500 1400 0.8
151 1000 1800 1.3
151 1500 2450 3.5
152 0 0 2.8
152 500 1400 0.8
152 1000 1800 1.3
152 1500 2450 3.5
153 0 0 2.8
153 500 1400 0.8
153 1000 1800 1.3
153 1500 2450 3.5
154 0 0 2.8
154 500 1400 0.8
154 1000 1800 1.3
154 1500 2450 3.5
155 0 0 2.8
155 500 1400 0.8
155 1000 1800 1.3
155 1500 2450 3.5
156 0 0 2.8
156 500 1400 0.8
156 1000 1800 1.3
156 1500 2450 3.5
157 0 0 2.8
157 500 1400 0.8
157 1000 1800 1.3
157 1500 2450 3.5
158 0 0 2.8
158 500 1400 0.8
158 1000 1800 1.3
158 1500 2450 3.5
159 0 0 2.8
159 500 1400 0.8
159 1000 1800 1.3
159 1500 2450 3.5
160 0 0 2.8
160 500 1400 0.8
160 1000 1800 1.3
160 1500 2450 3.5
161 0 0 2.8
161 500 1400 0.8
161 1000 1800 1.3
161 1500 2450 3.5
162 0 0 2.8
162 500 1400 0.8
162 1000 1800 1.3
162 1500 2450 3.5
163 0 0 2.8
163 500 1400 0.8
163 1000 1800 1.3
163 1500 2450 3.5
164 0 0 2.8
164 500 1400 0.8
164 1000 1800 1.3
164 1500 2450 3.5
165 0 0 2.8
165 500 1400 0.8
165 1000 1800 1.3
165 1500 2450 3.5
166 0 0 2.8
166 500 1400 0.8
166 1000 1800 1.3
166 1500 2450 3.5
167 0 0 2.8
167 500 1400 0.8
167 1000 1800 1.3
167 1500 2450 3.5
168 0 0 2.8
168 500 1400 0.8
168 1000 1800 1.3
168 1500 2450 3.5
169 0 0 2.8
169 500 1400 0.8
169 1000 1800 1.3
169 1500 2450 3.5
170 0 0 2.8
170 500 1400 0.8
170 1000 1800 1.3
170 1500 2450 3.5
171 0 0 2.8
171 500 1400 0.8
171 1000 1800 1.3
171 1500 2450 3.5
172 0 0 2.8
172 500 1400 0.8
172 1000 1800 1.3
172 1500 2450 3.5
173 0 0 2.8
173 500 1400 0.8
173 1000 1800 1.3
173 1500 2450 3.5
174 0 0 2.8
174 500 1400 0.8
174 1000 1800 1.3
174 1500 2450 3.5
175 0 0 2.8
175 500 1400 0.8
175 1000 1800 1.3
175 1500 2450 3.5
176 0 0 2.8
176 500 1400 0.8
176 1000 1800 1.3
176 1500 2450 3.5
177 0 0 2.8
177 500 1400 0.8
177 1000 1800 1.3
177 1500 2450 3.5
178 0 0 2.8
178 500 1400 0.8
178 1000 1800 1.3
178 1500 2450 3.5
179 0 0 2.8
179 500 1400 0.8
179 1000 1800 1.3
179 1500 2450 3.5
180 0 0 2.8
180 500 1400 0.8
180 1000 1800 1.3
180 1500 2450 3.5
181 0 0 2.8
181 500 1400 0.8
181 1000 1800 1.3
181 1500 2450 3.5
182 0 0 2.8
182 500 1400 0.8
182 1000 1800 1.3
182 1500 2450 3.5
183 0 0 2.8
183 500 1400 0.8
183 1000 1800 1.3
183 1500 2450 3.5
184 0 0 2.8
184 500 1400 0.8
184 1000 1800 1.3
184 1500 2450 3.5
185 0 0 2.8
185 500 1400 0.8
185 1000 1800 1.3
185 1500 2450 3.5
186 0 0 2.8
186 500 1400 0.8
186 1000 1800 1.3
186 1500 2450 3.5
187 0 0 2.8
187 500 1400 0.8
187 1000 1800 1.3
187 1500 2450 3.5
188 0 0 2.8
188 500 1400 0.8
188 1000 1800 1.3
188 1500 2450 3.5
189 0 0 2.8
189 500 1400 0.8
189 1000 1800 1.3
189 1500 2450 3.5
190 0 0 2.8
190 500 1400 0.8
190 1000 1800 1.3
190 1500 2450 3.5
191 0 0 2.8
191 500 1400 0.8
191 1000 1800 1.3
191 1500 2450 3.5
192 0 0 2.8
192 500 1400 0.8
192 1000 1800 1.3
192 1500 2450 3.5
193 0 0 2.8
193 500 1400 0.8
193 1000 1800 1.3
193 1500 2450 3.5
194 0 0 2.8
194 500 1400 0.8
194 1000 1800 1.3
194 1500 2450 3.5
195 0 0 2.8
195 500 1400 0.8
195 1000 1800 1.3
195 1500 2450 3.5
196 0 0 2.8
196 500 1400 0.8
196 1000 1800 1.3
196 1500 2450 3.5
197 0 0 2.8
197 500 1400 0.8
197 1000 1800 1.3
197 1500 2450 3.5
198 0 0 2.8
198 500 1400 0.8
198 1000 1800 1.3
198 1500 2450 3.5
199 0 0 2.8
199 500 1400 0.8
199 1000 1800 1.3
199 1500 2450 3.5
200 0 0 2.8
200 500 1400 0.8
200 1000 1800 1.3
200 1500 2450 3.5
201 0 0 2.8
201 500 1400 0.8
201 1000 1800 1.3
201 1500 2450 3.5
202 0 0 2.8
202 500 1400 0.8
202 1000 1800 1.3
202 1500 2450 3.5
203 0 0 2.8
203 500 1400 0.8
203 1000 1800 1.3
203 1500 2450 3.5
204 0 0 2.8
204 500 1400 0.8
204 1000 1800 1.3
204 1500 2450 3.5
205 0 0 2.8
205 500 1400 0.8
205 1000 1800 1.3
205 1500 2450 3.5
206 0 0 2.8
206 500 1400 0.8
206 1000 1800 1.3
206 1500 2450 3.5
207 0 0 2.8
207 500 1400 0.8
207 1000 1800 1.3
207 1500 2450 3.5
208 0 0 2.8
208 500 1400 0.8
208 1000 1800 1.3
208 1500 2450 3.5
209 0 0 2.8
209 500 1400 0.8
209 1000 1800 1.3
209 1500 2450 3.5
210 0 0 2.8
210 500 1400 0.8
210 1000 1800 1.3
210 1500 2450 3.5
211 0 0 2.8
211 500 1400 0.8
211 1000 1800 1.3
211 1500 2450 3.5
212 0 0 2.8
212 500 1400 0.8
212 1000 1800 1.3
212 1500 2450 3.5
213 0 0 2.8
213 500 1400 0.8
213 1000 1800 1.3
213 1500 2450 3.5
214 0 0 2.8
214 500 1400 0.8
214 1000 1800 1.3
214 1500 2450 3.5
215 0 0 2.8
215 500 1400 0.8
215 1000 1800 1.3
215 1500 2450 3.5
216 0 0 2.8
216 500 1400 0.8
216 1000 1800 1.3
216 1500 2450 3.5
217 0 0 2.8
217 500 1400 0.8
217 1000 1800 1.3
217 1500 2450 3.5
218 0 0 2.8
218 500 1400 0.8
218 1000 1800 1.3
218 1500 2450 3.5
219 0 0 2.8
219 500 1400 0.8
219 1000 1800 1.3
219 1500 2450 3.5
220 0 0 2.8
220 500 1400 0.8
220 1000 1800 1.3
220 1500 2450 3.5
221 0 0 2.8
221 500 1400 0.8
221 1000 1800 1.3
221 1500 2450 3.5
222 0 0 2.8
222 500 1400 0.8
222 1000 1800 1.3
222 1500 2450 3.5
223 0 0 2.8
223 500 1400 0.8
223 1000 1800 1.3
223 1500 2450 3.5
224 0 0 2.8
224 500 1400 0.8
224 1000 1800 1.3
224 1500 2450 3.5
225 0 0 2.8
225 500 1400 0.8
225 1000 1800 1.3
225 1500 2450 3.5
226 0 0 2.8
226 500 1400 0.8
226 1000 1800 1.3
226 1500 2450 3.5
227 0 0 2.8
227 500 1400 0.8
227 1000 1800 1.3
227 1500 2450 3.5
228 0 0 2.8
228 500 1400 0.8
228 1000 1800 1.3
228 1500 2450 3.5
229 0 0 2.8
229 500 1400 0.8
229 1000 1800 1.3
229 1500 2450 3.5
230 0 0 2.8
230 500 1400 0.8
230 1000 1800 1.3
230 1500 2450 3.5
231 0 0 2.8
231 500 1400 0.8
231 1000 1800 1.3
231 1500 2450 3.5
232 0 0 2.8
232 500 1400 0.8
232 1000 1800 1.3
232 1500 2450 3.5
233 0 0 2.8
233 500 1400 0.8
233 1000 1800 1.3
233 1500 2450 3.5
234 0 0 2.8
234 500 1400 0.8
234 1000 1800 1.3
234 1500 2450 3.5
235 0 0 2.8
235 500 1400 0.8
235 1000 1800 1.3
235 1500 2450 3.5
236 0 0 2.8
236 500 1400 0.8
236 1000 1800 1.3
236 1500 2450 3.5
237 0 0 2.8
237 500 1400 0.8
237 1000 1800 1.3
237 1500 2450 3.5
238 0 0 2.8
238 500 1400 0.8
238 1000 1800 1.3
238 1500 2450 3.5
239 0 0 2.8
239 500 1400 0.8
239 1000 1800 1.3
239 1500 2450 3.5
240 0 0 2.8
240 500 1400 0.8
240 1000 1800 1.3
240 1500 2450 3.5
241 0 0 2.8
241 500 1400 0.8
241 1000 1800 1.3
241 1500 2450 3.5
242 0 0 2.8
242 500 1400 0.8
242 1000 1800 1.3
242 1500 2450 3.5
243 0 0 2.8
243 500 1400 0.8
243 1000 1800 1.3
243 1500 2450 3.5
244 0 0 2.8
244 500 1400 0.8
244 1000 1800 1.3
244 1500 2450 3.5
245 0 0 2.8
245 500 1400 0.8
245 1000 1800 1.3
245 1500 2450 3.5
246 0 0 2.8
246 500 1400 0.8
246 1000 1800 1.3
246 1500 2450 3.5
247 0 0 2.8
247 500 1400 0.8
247 1000 1800 1.3
247 1500 2450 3.5
248 0 0 2.8
248 500 1400 0.8
248 1000 1800 1.3
248 1500 2450 3.5
249 0 0 2.8
249 500 1400 0.8
249 1000 1800 1.3
249 1500 2450 3.5
250 0 0 2.8
250 500 1400 0.8
250 1000 1800 1.3
250 1500 2450 3.5
251 0 0 2.8
251 500 1400 0.8
251 1000 1800 1.3
251 1500 2450 3.5
252 0 0 2.8
252 500 1400 0.8
252 1000 1800 1.3
252 1500 2450 3.5
253 0 0 2.8
253 500 1400 0.8
253 1000 1800 1.3
253 1500 2450 3.5
254 0 0 2.8
254 500 1400 0.8
254 1000 1800 1.3
254 1500 2450 3.5
255 0 0 2.8
255 500 1400 0.8
255 1000 1800 1.3
255 1500 2450 3.5
256 0 0 2.8
256 500 1400 0.8
256 1000 1800 1.3
256 1500 2450 3.5
257 0 0 2.8
257 500 1400 0.8
257 1000 1800 1.3
257 1500 2450 3.5
258 0 0 2.8
258 500 1400 0.8
258 1000 1800 1.3
258 1500 2450 3.5
259 0 0 2.8
259 500 1400 0.8
259 1000 1800 1.3
259 1500 2450 3.5
260 0 0 2.8
260 500 1400 0.8
260 1000 1800 1.3
260 1500 2450 3.5
261 0 0 2.8
261 500 1400 0.8
261 1000 1800 1.3
261 1500 2450 3.5
262 0 0 2.8
262 500 1400 0.8
262 1000 1800 1.3
262 1500 2450 3.5
263 0 0 2.8
263 500 1400 0.8
263 1000 1800 1.3
263 1500 2450 3.5
264 0 0 2.8
264 500 1400 0.8
264 1000 1800 1.3
264 1500 2450 3.5
265 0 0 2.8
265 500 1400 0.8
265 1000 1800 1.3
265 1500 2450 3.5
266 0 0 2.8
266 500 1400 0.8
266 1000 1800 1.3
266 1500 2450 3.5
267 0 0 2.8
267 500 1400 0.8
267 1000 1800 1.3
267 1500 2450 3.5
268 0 0 2.8
268 500 1400 0.8
268 1000 1800 1.3
268 1500 2450 3.5
269 0 0 2.8
269 500 1400 0.8
269 1000 1800 1.3
269 1500 2450 3.5
270 0 0 2.8
270 500 1400 0.8
270 1000 1800 1.3
270 1500 2450 3.5
271 0 0 2.8
271 500 1400 0.8
271 1000 1800 1.3
271 1500 2450 3.5
272 0 0 2.8
272 500 1400 0.8
272 1000 1800 1.3
272 1500 2450 3.5
273 0 0 2.8
273 500 1400 0.8
273 1000 1800 1.3
273 1500 2450 3.5
274 0 0 2.8
274 500 1400 0.8
274 1000 1800 1.3
274 1500 2450 3.5
275 0 0 2.8
275 500 1400 0.8
275 1000 1800 1.3
275 1500 2450 3.5
276 0 0 2.8
276 500 1400 0.8
276 1000 1800 1.3
276 1500 2450 3.5
277 0 0 2.8
277 500 1400 0.8
277 1000 1800 1.3
277 1500 2450 3.5
278 0 0 2.8
278 500 1400 0.8
278 1000 1800 1.3
278 1500 2450 3.5
279 0 0 2.8
279 500 1400 0.8
279 1000 1800 1.3
279 1500 2450 3.5
280 0 0 2.8
280 500 1400 0.8
280 1000 1800 1.3
280 1500 2450 3.5
281 0 0 2.8
281 500 1400 0.8
281 1000 1800 1.3
281 1500 2450 3.5
282 0 0 2.8
282 500 1400 0.8
282 1000 1800 1.3
282 1500 2450 3.5
283 0 0 2.8
283 500 1400 0.8
283 1000 1800 1.3
283 1500 2450 3.5
284 0 0 2.8
284 500 1400 0.8
284 1000 1800 1.3
284 1500 2450 3.5
285 0 0 2.8
285 500 1400 0.8
285 1000 1800 1.3
285 1500 2450 3.5
286 0 0 2.8
286 500 1400 0.8
286 1000 1800 1.3
286 1500 2450 3.5
287 0 0 2.8
287 500 1400 0.8
287 1000 1800 1.3
287 1500 2450 3.5
288 0 0 2.8
288 500 1400 0.8
288 1000 1800 1.3
288 1500 2450 3.5
289 0 0 2.8
289 500 1400 0.8
289 1000 1800 1.3
289 1500 2450 3.5
290 0 0 2.8
290 500 1400 0.8
290 1000 1800 1.3
290 1500 2450 3.5
291 0 0 2.8
291 500 1400 0.8
291 1000 1800 1.3
291 1500 2450 3.5
292 0 0 2.8
292 500 1400 0.8
292 1000 1800 1.3
292 1500 2450 3.5
293 0 0 2.8
293 500 1400 0.8
293 1000 1800 1.3
293 1500 2450 3.5
294 0 0 2.8
294 500 1400 0.8
294 1000 1800 1.3
294 1500 2450 3.5
295 0 0 2.8
295 500 1400 0.8
295 1000 1800 1.3
295 1500 2450 3.5
296 0 0 2.8
296 500 1400 0.8
296 1000 1800 1.3
296 1500 2450 3.5
297 0 0 2.8
297 500 1400 0.8
297 1000 1800 1.3
297 1500 2450 3.5
298 0 0 2.8
298 500 1400 0.8
298 1000 1800 1.3
298 1500 2450 3.5
299 0 0 2.8
299 500 1400 0.8
299 1000 1800 1.3
299 1500 2450 3.5
300 0 0 2.8
300 500 1400 0.8
300 1000 1800 1.3
300 1500 2450 3.5
301 0 0 2.8
301 500 1400 0.8
301 1000 1800 1.3
301 1500 2450 3.5
302 0 0 2.8
302 500 1400 0.8
302 1000 1800 1.3
302 1500 2450 3.5
303 0 0 2.8
303 500 1400 0.8
303 1000 1800 1.3
303 1500 2450 3.5
304 0 0 2.8
304 500 1400 0.8
304 1000 1800 1.3
304 1500 2450 3.5
305 0 0 2.8
305 500 1400 0.8
305 1000 1800 1.3
305 1500 2450 3.5
306 0 0 2.8
306 500 1400 0.8
306 1000 1800 1.3
306 1500 2450 3.5
307 0 0 2.8
307 500 1400 0.8
307 1000 1800 1.3
307 1500 2450 3.5
308 0 0 2.8
308 500 1400 0.8
308 1000 1800 1.3
308 1500 2450 3.5
309 0 0 2.8
309 500 1400 0.8
309 1000 1800 1.3
309 1500 2450 3.5
310 0 0 2.8
310 500 1400 0.8
310 1000 1800 1.3
310 1500 2450 3.5
311 0 0 2.8
311 500 1400 0.8
311 1000 1800 1.3
311 1500 2450 3.5
312 0 0 2.8
312 500 1400 0.8
312 1000 1800 1.3
312 1500 2450 3.5
313 0 0 2.8
313 500 1400 0.8
313 1000 1800 1.3
313 1500 2450 3.5
314 0 0 2.8
314 500 1400 0.8
314 1000 1800 1.3
314 1500 2450 3.5
315 0 0 2.8
315 500 1400 0.8
315 1000 1800 1.3
315 1500 2450 3.5
316 0 0 2.8
316 500 1400 0.8
316 1000 1800 1.3
316 1500 2450 3.5
317 0 0 2.8
317 500 1400 0.8
317 1000 1800 1.3
317 1500 2450 3.5
318 0 0 2.8
318 500 1400 0.8
318 1000 1800 1.3
318 1500 2450 3.5
319 0 0 2.8
319 500 1400 0.8
319 1000 1800 1.3
319 1500 2450 3.5
320 0 0 2.8
320 500 1400 0.8
320 1000 1800 1.3
320 1500 2450 3.5
321 0 0 2.8
321 500 1400 0.8
321 1000 1800 1.3
321 1500 2450 3.5
322 0 0 2.8
322 500 1400 0.8
322 1000 1800 1.3
322 1500 2450 3.5
323 0 0 2.8
323 500 1400 0.8
323 1000 1800 1.3
323 1500 2450 3.5
324 0 0 2.8
324 500 1400 0.8
324 1000 1800 1.3
324 1500 2450 3.5
325 0 0 2.8
325 500 1400 0.8
325 1000 1800 1.3
325 1500 2450 3.5
326 0 0 2.8
326 500 1400 0.8
326 1000 1800 1.3
326 1500 2450 3.5
327 0 0 2.8
327 500 1400 0.8
327 1000 1800 1.3
327 1500 2450 3.5
328 0 0 2.8
328 500 1400 0.8
328 1000 1800 1.3
328 1500 2450 3.5
329 0 0 2.8
329 500 1400 0.8
329 1000 1800 1.3
329 1500 2450 3.5
330 0 0 2.8
330 500 1400 0.8
330 1000 1800 1.3
330 1500 2450 3.5
331 0 0 2.8
331 500 1400 0.8
331 1000 1800 1.3
331 1500 2450 3.5
332 0 0 2.8
332 500 1400 0.8
332 1000 1800 1.3
332 1500 2450 3.5
333 0 0 2.8
333 500 1400 0.8
333 1000 1800 1.3
333 1500 2450 3.5
334 0 0 2.8
334 500 1400 0.8
334 1000 1800 1.3
334 1500 2450 3.5
335 0 0 2.8
335 500 1400 0.8
335 1000 1800 1.3
335 1500 2450 3.5
336 0 0 2.8
336 500 1400 0.8
336 1000 1800 1.3
336 1500 2450 3.5
337 0 0 2.8
337 500 1400 0.8
337 1000 1800 1.3
337 1500 2450 3.5
338 0 0 2.8
338 500 1400 0.8
338 1000 1800 1.3
338 1500 2450 3.5
339 0 0 2.8
339 500 1400 0.8
339 1000 1800 1.3
339 1500 2450 3.5
340 0 0 2.8
340 500 1400 0.8
340 1000 1800 1.3
340 1500 2450 3.5
341 0 0 2.8
341 500 1400 0.8
341 1000 1800 1.3
341 1500 2450 3.5
342 0 0 2.8
342 500 1400 0.8
342 1000 1800 1.3
342 1500 2450 3.5
343 0 0 2.8
343 500 1400 0.8
343 1000 1800 1.3
343 1500 2450 3.5
344 0 0 2.8
344 500 1400 0.8
344 1000 1800 1.3
344 1500 2450 3.5
345 0 0 2.8
345 500 1400 0.8
345 1000 1800 1.3
345 1500 2450 3.5
346 0 0 2.8
346 500 1400 0.8
346 1000 1800 1.3
346 1500 2450 3.5
347 0 0 2.8
347 500 1400 0.8
347 1000 1800 1.3
347 1500 2450 3.5
348 0 0 2.8
348 500 1400 0.8
348 1000 1800 1.3
348 1500 2450 3.5
349 0 0 2.8
349 500 1400 0.8
349 1000 1800 1.3
349 1500 2450 3.5
350 0 0 2.8
350 500 1400 0.8
350 1000 1800 1.3
350 1500 2450 3.5
351 0 0 2.8
351 500 1400 0.8
351 1000 1800 1.3
351 1500 2450 3.5
352 0 0 2.8
352 500 1400 0.8
352 1000 1800 1.3
352 1500 2450 3.5
353 0 0 2.8
353 500 1400 0.8
353 1000 1800 1.3
353 1500 2450 3.5
354 0 0 2.8
354 500 1400 0.8
354 1000 1800 1.3
354 1500 2450 3.5
355 0 0 2.8
355 500 1400 0.8
355 1000 1800 1.3
355 1500 2450 3.5
356 0 0 2.8
356 500 1400 0.8
356 1000 1800 1.3
356 1500 2450 3.5
357 0 0 2.8
357 500 1400 0.8
357 1000 1800 1.3
357 1500 2450 3.5
358 0 0 2.8
358 500 1400 0.8
358 1000 1800 1.3
358 1500 2450 3.5
359 0 0 2.8
359 500 1400 0.8
359 1000 1800 1.3
359 1500 2450 3.5
360 0 0 2.8
360 500 1400 0.8
360 1000 1800 1.3
360 1500 2450 3.5
361 0 0 2.8
361 500 1400 0.8
361 1000 1800 1.3
361 1500 2450 3.5
362 0 0 2.8
362 500 1400 0.8
362 1000 1800 1.3
362 1500 2450 3.5
363 0 0 2.8
363 500 1400 0.8
363 1000 1800 1.3
363 1500 2450 3.5
364 0 0 2.8
364 500 1400 0.8
364 1000 1800 1.3
364 1500 2450 3.5
365 0 0 2.8
365 500 1400 0.8
365 1000 1800 1.3
365 1500 2450 3.5
366 0 0 2.8
366 500 1400 0.8
366 1000 1800 1.3
366 1500 2450 3.5
367 0 0 2.8
367 500 1400 0.8
367 1000 1800 1.3
367 1500 2450 3.5
368 0 0 2.8
368 500 1400 0.8
368 1000 1800 1.3
368 1500 2450 3.5
369 0 0 2.8
369 500 1400 0.8
369 1000 1800 1.3
369 1500 2450 3.5
370 0 0 2.8
370 500 1400 0.8
370 1000 1800 1.3
370 1500 2450 3.5
371 0 0 2.8
371 500 1400 0.8
371 1000 1800 1.3
371 1500 2450 3.5
372 0 0 2.8
372 500 1400 0.8
372 1000 1800 1.3
372 1500 2450 3.5
373 0 0 2.8
373 500 1400 0.8
373 1000 1800 1.3
373 1500 2450 3.5
374 0 0 2.8
374 500 1400 0.8
374 1000 1800 1.3
374 1500 2450 3.5
375 0 0 2.8
375 500 1400 0.8
375 1000 1800 1.3
375 1500 2450 3.5
376 0 0 2.8
376 500 1400 0.8
376 1000 1800 1.3
376 1500 2450 3.5
377 0 0 2.8
377 500 1400 0.8
377 1000 1800 1.3
377 1500 2450 3.5
378 0 0 2.8
378 500 1400 0.8
378 1000 1800 1.3
378 1500 2450 3.5
379 0 0 2.8
379 500 1400 0.8
379 1000 1800 1.3
379 1500 2450 3.5
380 0 0 2.8
380 500 1400 0.8
380 1000 1800 1.3
380 1500 2450 3.5
381 0 0 2.8
381 500 1400 0.8
381 1000 1800 1.3
381 1500 2450 3.5
382 0 0 2.8
382 500 1400 0.8
382 1000 1800 1.3
382 1500 2450 3.5
383 0 0 2.8
383 500 1400 0.8
383 1000 1800 1.3
383 1500 2450 3.5
384 0 0 2.8
384 500 1400 0.8
384 1000 1800 1.3
384 1500 2450 3.5
385 0 0 2.8
385 500 1400 0.8
385 1000 1800 1.3
385 1500 2450 3.5
386 0 0 2.8
386 500 1400 0.8
386 1000 1800 1.3
386 1500 2450 3.5
387 0 0 2.8
387 500 1400 0.8
387 1000 1800 1.3
387 1500 2450 3.5
388 0 0 2.8
388 500 1400 0.8
388 1000 1800 1.3
388 1500 2450 3.5
389 0 0 2.8
389 500 1400 0.8
389 1000 1800 1.3
389 1500 2450 3.5
390 0 0 2.8
390 500 1400 0.8
390 1000 1800 1.3
390 1500 2450 3.5
391 0 0 2.8
391 500 1400 0.8
391 1000 1800 1.3
391 1500 2450 3.5
392 0 0 2.8
392 500 1400 0.8
392 1000 1800 1.3
392 1500 2450 3.5
393 0 0 2.8
393 500 1400 0.8
393 1000 1800 1.3
393 1500 2450 3.5
394 0 0 2.8
394 500 1400 0.8
394 1000 1800 1.3
394 1500 2450 3.5
395 0 0 2.8
395 500 1400 0.8
395 1000 1800 1.3
395 1500 2450 3.5
396 0 0 2.8
396 500 1400 0.8
396 1000 1800 1.3
396 1500 2450 3.5
397 0 0 2.8
397 500 1400 0.8
397 1000 1800 1.3
397 1500 2450 3.5
398 0 0 2.8
398 500 1400 0.8
398 1000 1800 1.3
398 1500 2450 3.5
399 0 0 2.8
399 500 1400 0.8
399 1000 1800 1.3
399 1500 2450 3.5
400 0 0 2.8
400 500 1400 0.8
400 1000 1800 1.3
400 1500 2450 3.5
401 0 0 2.8
401 500 1400 0.8
401 1000 1800 1.3
401 1500 2450 3.5
402 0 0 2.8
402 500 1400 0.8
402 1000 1800 1.3
402 1500 2450 3.5
403 0 0 2.8
403 500 1400 0.8
403 1000 1800 1.3
403 1500 2450 3.5
404 0 0 2.8
404 500 1400 0.8
404 1000 1800 1.3
404 1500 2450 3.5
405 0 0 2.8
405 500 1400 0.8
405 1000 1800 1.3
405 1500 2450 3.5
406 0 0 2.8
406 500 1400 0.8
406 1000 1800 1.3
406 1500 2450 3.5
407 0 0 2.8
407 500 1400 0.8
407 1000 1800 1.3
407 1500 2450 3.5
408 0 0 2.8
408 500 1400 0.8
408 1000 1800 1.3
408 1500 2450 3.5
409 0 0 2.8
409 500 1400 0.8
409 1000 1800 1.3
409 1500 2450 3.5
410 0 0 2.8
410 500 1400 0.8
410 1000 1800 1.3
410 1500 2450 3.5
411 0 0 2.8
411 500 1400 0.8
411 1000 1800 1.3
411 1500 2450 3.5
412 0 0 2.8
412 500 1400 0.8
412 1000 1800 1.3
412 1500 2450 3.5
413 0 0 2.8
413 500 1400 0.8
413 1000 1800 1.3
413 1500 2450 3.5
414 0 0 2.8
414 500 1400 0.8
414 1000 1800 1.3
414 1500 2450 3.5
415 0 0 2.8
415 500 1400 0.8
415 1000 1800 1.3
415 1500 2450 3.5
416 0 0 2.8
416 500 1400 0.8
416 1000 1800 1.3
416 1500 2450 3.5
417 0 0 2.8
417 500 1400 0.8
417 1000 1800 1.3
417 1500 2450 3.5
418 0 0 2.8
418 500 1400 0.8
418 1000 1800 1.3
418 1500 2450 3.5
419 0 0 2.8
419 500 1400 0.8
419 1000 1800 1.3
419 1500 2450 3.5
420 0 0 2.8
420 500 1400 0.8
420 1000 1800 1.3
420 1500 2450 3.5
421 0 0 2.8
421 500 1400 0.8
421 1000 1800 1.3
421 1500 2450 3.5
422 0 0 2.8
422 500 1400 0.8
422 1000 1800 1.3
422 1500 2450 3.5
423 0 0 2.8
423 500 1400 0.8
423 1000 1800 1.3
423 1500 2450 3.5
424 0 0 2.8
424 500 1400 0.8
424 1000 1800 1.3
424 1500 2450 3.5
425 0 0 2.8
425 500 1400 0.8
425 1000 1800 1.3
425 1500 2450 3.5
426 0 0 2.8
426 500 1400 0.8
426 1000 1800 1.3
426 1500 2450 3.5
427 0 0 2.8
427 500 1400 0.8
427 1000 1800 1.3
427 1500 2450 3.5
428 0 0 2.8
428 500 1400 0.8
428 1000 1800 1.3
428 1500 2450 3.5
429 0 0 2.8
429 500 1400 0.8
429 1000 1800 1.3
429 1500 2450 3.5
430 0 0 2.8
430 500 1400 0.8
430 1000 1800 1.3
430 1500 2450 3.5
431 0 0 2.8
431 500 1400 0.8
431 1000 1800 1.3
431 1500 2450 3.5
432 0 0 2.8
432 500 1400 0.8
432 1000 1800 1.3
432 1500 2450 3.5
433 0 0 2.8
433 500 1400 0.8
433 1000 1800 1.3
433 1500 2450 3.5
434 0 0 2.8
434 500 1400 0.8
434 1000 1800 1.3
434 1500 2450 3.5
435 0 0 2.8
435 500 1400 0.8
435 1000 1800 1.3
435 1500 2450 3.5
436 0 0 2.8
436 500 1400 0.8
436 1000 1800 1.3
436 1500 2450 3.5
437 0 0 2.8
437 500 1400 0.8
437 1000 1800 1.3
437 1500 2450 3.5
438 0 0 2.8
438 500 1400 0.8
438 1000 1800 1.3
438 1500 2450 3.5
439 0 0 2.8
439 500 1400 0.8
439 1000 1800 1.3
439 1500 2450 3.5
440 0 0 2.8
440 500 1400 0.8
440 1000 1800 1.3
440 1500 2450 3.5
441 0 0 2.8
441 500 1400 0.8
441 1000 1800 1.3
441 1500 2450 3.5
442 0 0 2.8
442 500 1400 0.8
442 1000 1800 1.3
442 1500 2450 3.5
443 0 0 2.8
443 500 1400 0.8
443 1000 1800 1.3
443 1500 2450 3.5
444 0 0 2.8
444 500 1400 0.8
444 1000 1800 1.3
444 1500 2450 3.5
445 0 0 2.8
445 500 1400 0.8
445 1000 1800 1.3
445 1500 2450 3.5
446 0 0 2.8
446 500 1400 0.8
446 1000 1800 1.3
446 1500 2450 3.5
447 0 0 2.8
447 500 1400 0.8
447 1000 1800 1.3
447 1500 2450 3.5
448 0 0 2.8
448 500 1400 0.8
448 1000 1800 1.3
448 1500 2450 3.5
449 0 0 2.8
449 500 1400 0.8
449 1000 1800 1.3
449 1500 2450 3.5
450 0 0 2.8
450 500 1400 0.8
450 1000 1800 1.3
450 1500 2450 3.5
451 0 0 2.8
451 500 1400 0.8
451 1000 1800 1.3
451 1500 2450 3.5
452 0 0 2.8
452 500 1400 0.8
452 1000 1800 1.3
452 1500 2450 3.5
453 0 0 2.8
453 500 1400 0.8
453 1000 1800 1.3
453 1500 2450 3.5
454 0 0 2.8
454 500 1400 0.8
454 1000 1800 1.3
454 1500 2450 3.5
455 0 0 2.8
455 500 1400 0.8
455 1000 1800 1.3
455 1500 2450 3.5
456 0 0 2.8
456 500 1400 0.8
456 1000 1800 1.3
456 1500 2450 3.5
457 0 0 2.8
457 500 1400 0.8
457 1000 1800 1.3
457 1500 2450 3.5
458 0 0 2.8
458 500 1400 0.8
458 1000 1800 1.3
458 1500 2450 3.5
459 0 0 2.8
459 500 1400 0.8
459 1000 1800 1.3
459 1500 2450 3.5
460 0 0 2.8
460 500 1400 0.8
460 1000 1800 1.3
460 1500 2450 3.5
461 0 0 2.8
461 500 1400 0.8
461 1000 1800 1.3
461 1500 2450 3.5
462 0 0 2.8
462 500 1400 0.8
462 1000 1800 1.3
462 1500 2450 3.5
463 0 0 2.8
463 500 1400 0.8
463 1000 1800 1.3
463 1500 2450 3.5
464 0 0 2.8
464 500 1400 0.8
464 1000 1800 1.3
464 1500 2450 3.5
465 0 0 2.8
465 500 1400 0.8
465 1000 1800 1.3
465 1500 2450 3.5
466 0 0 2.8
466 500 1400 0.8
466 1000 1800 1.3
466 1500 2450 3.5
467 0 0 2.8
467 500 1400 0.8
467 1000 1800 1.3
467 1500 2450 3.5
468 0 0 2.8
468 500 1400 0.8
468 1000 1800 1.3
468 1500 2450 3.5
469 0 0 2.8
469 500 1400 0.8
469 1000 1800 1.3
469 1500 2450 3.5
470 0 0 2.8
470 500 1400 0.8
470 1000 1800 1.3
470 1500 2450 3.5
471 0 0 2.8
471 500 1400 0.8
471 1000 1800 1.3
471 1500 2450 3.5
472 0 0 2.8
472 500 1400 0.8
472 1000 1800 1.3
472 1500 2450 3.5
473 0 0 2.8
473 500 1400 0.8
473 1000 1800 1.3
473 1500 2450 3.5
474 0 0 2.8
474 500 1400 0.8
474 1000 1800 1.3
474 1500 2450 3.5
475 0 0 2.8
475 500 1400 0.8
475 1000 1800 1.3
475 1500 2450 3.5
476 0 0 2.8
476 500 1400 0.8
476 1000 1800 1.3
476 1500 2450 3.5
477 0 0 2.8
477 500 1400 0.8
477 1000 1800 1.3
477 1500 2450 3.5
478 0 0 2.8
478 500 1400 0.8
478 1000 1800 1.3
478 1500 2450 3.5
479 0 0 2.8
479 500 1400 0.8
479 1000 1800 1.3
479 1500 2450 3.5
480 0 0 2.8
480 500 1400 0.8
480 1000 1800 1.3
480 1500 2450 3.5
481 0 0 2.8
481 500 1400 0.8
481 1000 1800 1.3
481 1500 2450 3.5
482 0 0 2.8
482 500 1400 0.8
482 1000 1800 1.3
482 1500 2450 3.5
483 0 0 2.8
483 500 1400 0.8
483 1000 1800 1.3
483 1500 2450 3.5
484 0 0 2.8
484 500 1400 0.8
484 1000 1800 1.3
484 1500 2450 3.5
485 0 0 2.8
485 500 1400 0.8
485 1000 1800 1.3
485 1500 2450 3.5
486 0 0 2.8
486 500 1400 0.8
486 1000 1800 1.3
486 1500 2450 3.5
487 0 0 2.8
487 500 1400 0.8
487 1000 1800 1.3
487 1500 2450 3.5
488 0 0 2.8
488 500 1400 0.8
488 1000 1800 1.3
488 1500 2450 3.5
489 0 0 2.8
489 500 1400 0.8
489 1000 1800 1.3
489 1500 2450 3.5
490 0 0 2.8
490 500 1400 0.8
490 1000 1800 1.3
490 1500 2450 3.5
491 0 0 2.8
491 500 1400 0.8
491 1000 1800 1.3
491 1500 2450 3.5
492 0 0 2.8
492 500 1400 0.8
492 1000 1800 1.3
492 1500 2450 3.5
493 0 0 2.8
493 500 1400 0.8
493 1000 1800 1.3
493 1500 2450 3.5
494 0 0 2.8
494 500 1400 0.8
494 1000 1800 1.3
494 1500 2450 3.5
495 0 0 2.8
495 500 1400 0.8
495 1000 1800 1.3
495 1500 2450 3.5
496 0 0 2.8
496 500 1400 0.8
496 1000 1800 1.3
496 1500 2450 3.5
497 0 0 2.8
497 500 1400 0.8
497 1000 1800 1.3
497 1500 2450 3.5
498 0 0 2.8
498 500 1400 0.8
498 1000 1800 1.3
498 1500 2450 3.5
499 0 0 2.8
499 500 1400 0.8
499 1000 1800 1.3
499 1500 2450 3.5
