100 10
0 0 0 3.2
0 200 640 4.6
0 400 1560 4.5
0 600 2460 1
0 800 2660 4.1
0 1000 3480 4.2
0 1200 4320 4.3
0 1400 5180 4.3
0 1600 6040 0.5
0 1800 6140 2.8
1 0 0 3.2
1 200 640 4.6
1 400 1560 4.5
1 600 2460 1
1 800 2660 4.1
1 1000 3480 4.2
1 1200 4320 4.3
1 1400 5180 4.3
1 1600 6040 0.5
1 1800 6140 2.8
2 0 0 3.2
2 200 640 4.6
2 400 1560 4.5
2 600 2460 1
2 800 2660 4.1
2 1000 3480 4.2
2 1200 4320 4.3
2 1400 5180 4.3
2 1600 6040 0.5
2 1800 6140 2.8
3 0 0 3.2
3 200 640 4.6
3 400 1560 4.5
3 600 2460 1
3 800 2660 4.1
3 1000 3480 4.2
3 1200 4320 4.3
3 1400 5180 4.3
3 1600 6040 0.5
3 1800 6140 2.8
4 0 0 3.2
4 200 640 4.6
4 400 1560 4.5
4 600 2460 1
4 800 2660 4.1
4 1000 3480 4.2
4 1200 4320 4.3
4 1400 5180 4.3
4 1600 6040 0.5
4 1800 6140 2.8
5 0 0 3.2
5 200 640 4.6
5 400 1560 4.5
5 600 2460 1
5 800 2660 4.1
5 1000 3480 4.2
5 1200 4320 4.3
5 1400 5180 4.3
5 1600 6040 0.5
5 1800 6140 2.8
6 0 0 3.2
6 200 640 4.6
6 400 1560 4.5
6 600 2460 1
6 800 2660 4.1
6 1000 3480 4.2
6 1200 4320 4.3
6 1400 5180 4.3
6 1600 6040 0.5
6 1800 6140 2.8
7 0 0 3.2
7 200 640 4.6
7 400 1560 4.5
7 600 2460 1
7 800 2660 4.1
7 1000 3480 4.2
7 1200 4320 4.3
7 1400 5180 4.3
7 1600 6040 0.5
7 1800 6140 2.8
8 0 0 3.2
8 200 640 4.6
8 400 1560 4.5
8 600 2460 1
8 800 2660 4.1
8 1000 3480 4.2
8 1200 4320 4.3
8 1400 5180 4.3
8 1600 6040 0.5
8 1800 6140 2.8
9 0 0 3.2
9 200 640 4.6
9 400 1560 4.5
9 600 2460 1
9 800 2660 4.1
9 1000 3480 4.2
9 1200 4320 4.3
9 1400 5180 4.3
9 1600 6040 0.5
9 1800 6140 2.8
10 0 0 3.2
10 200 640 4.6
10 400 1560 4.5
10 600 2460 1
10 800 2660 4.1
10 1000 3480 4.2
10 1200 4320 4.3
10 1400 5180 4.3
10 1600 6040 0.5
10 1800 6140 2.8
11 0 0 3.2
11 200 640 4.6
11 400 1560 4.5
11 600 2460 1
11 800 2660 4.1
11 1000 3480 4.2
11 1200 4320 4.3
11 1400 5180 4.3
11 1600 6040 0.5
11 1800 6140 2.8
12 0 0 3.2
12 200 640 4.6
12 400 1560 4.5
12 600 2460 1
12 800 2660 4.1
12 1000 3480 4.2
12 1200 4320 4.3
12 1400 5180 4.3
12 1600 6040 0.5
12 1800 6140 2.8
13 0 0 3.2
13 200 640 4.6
13 400 1560 4.5
13 600 2460 1
13 800 2660 4.1
13 1000 3480 4.2
13 1200 4320 4.3
13 1400 5180 4.3
13 1600 6040 0.5
13 1800 6140 2.8
14 0 0 3.2
14 200 640 4.6
14 400 1560 4.5
14 600 2460 1
14 800 2660 4.1
14 1000 3480 4.2
14 1200 4320 4.3
14 1400 5180 4.3
14 1600 6040 0.5
14 1800 6140 2.8
15 0 0 3.2
15 200 640 4.6
15 400 1560 4.5
15 600 2460 1
15 800 2660 4.1
15 1000 3480 4.2
15 1200 4320 4.3
15 1400 5180 4.3
15 1600 6040 0.5
15 1800 6140 2.8
16 0 0 3.2
16 200 640 4.6
16 400 1560 4.5
16 600 2460 1
16 800 2660 4.1
16 1000 3480 4.2
16 1200 4320 4.3
16 1400 5180 4.3
16 1600 6040 0.5
16 1800 6140 2.8
17 0 0 3.2
17 200 640 4.6
17 400 1560 4.5
17 600 2460 1
17 800 2660 4.1
17 1000 3480 4.2
17 1200 4320 4.3
17 1400 5180 4.3
17 1600 6040 0.5
17 1800 6140 2.8
18 0 0 3.2
18 200 640 4.6
18 400 1560 4.5
18 600 2460 1
18 800 2660 4.1
18 1000 3480 4.2
18 1200 4320 4.3
18 1400 5180 4.3
18 1600 6040 0.5
18 1800 6140 2.8
19 0 0 3.2
19 200 640 4.6
19 400 1560 4.5
19 600 2460 1
19 800 2660 4.1
19 1000 3480 4.2
19 1200 4320 4.3
19 1400 5180 4.3
19 1600 6040 0.5
19 1800 6140 2.8
20 0 0 3.2
20 200 640 4.6
20 400 1560 4.5
20 600 2460 1
20 800 2660 4.1
20 1000 3480 4.2
20 1200 4320 4.3
20 1400 5180 4.3
20 1600 6040 0.5
20 1800 6140 2.8
21 0 0 3.2
21 200 640 4.6
21 400 1560 4.5
21 600 2460 1
21 800 2660 4.1
21 1000 3480 4.2
21 1200 4320 4.3
21 1400 5180 4.3
21 1600 6040 0.5
21 1800 6140 2.8
22 0 0 3.2
22 200 640 4.6
22 400 1560 4.5
22 600 2460 1
22 800 2660 4.1
22 1000 3480 4.2
22 1200 4320 4.3
22 1400 5180 4.3
22 1600 6040 0.5
22 1800 6140 2.8
23 0 0 3.2
23 200 640 4.6
23 400 1560 4.5
23 600 2460 1
23 800 2660 4.1
23 1000 3480 4.2
23 1200 4320 4.3
23 1400 5180 4.3
23 1600 6040 0.5
23 1800 6140 2.8
24 0 0 3.2
24 200 640 4.6
24 400 1560 4.5
24 600 2460 1
24 800 2660 4.1
24 1000 3480 4.2
24 1200 4320 4.3
24 1400 5180 4.3
24 1600 6040 0.5
24 1800 6140 2.8
25 0 0 3.2
25 200 640 4.6
25 400 1560 4.5
25 600 2460 1
25 800 2660 4.1
25 1000 3480 4.2
25 1200 4320 4.3
25 1400 5180 4.3
25 1600 6040 0.5
25 1800 6140 2.8
26 0 0 3.2
26 200 640 4.6
26 400 1560 4.5
26 600 2460 1
26 800 2660 4.1
26 1000 3480 4.2
26 1200 4320 4.3
26 1400 5180 4.3
26 1600 6040 0.5
26 1800 6140 2.8
27 0 0 3.2
27 200 640 4.6
27 400 1560 4.5
27 600 2460 1
27 800 2660 4.1
27 1000 3480 4.2
27 1200 4320 4.3
27 1400 5180 4.3
27 1600 6040 0.5
27 1800 6140 2.8
28 0 0 3.2
28 200 640 4.6
28 400 1560 4.5
28 600 2460 1
28 800 2660 4.1
28 1000 3480 4.2
28 1200 4320 4.3
28 1400 5180 4.3
28 1600 6040 0.5
28 1800 6140 2.8
29 0 0 3.2
29 200 640 4.6
29 400 1560 4.5
29 600 2460 1
29 800 2660 4.1
29 1000 3480 4.2
29 1200 4320 4.3
29 1400 5180 4.3
29 1600 6040 0.5
29 1800 6140 2.8
30 0 0 3.2
30 200 640 4.6
30 400 1560 4.5
30 600 2460 1
30 800 2660 4.1
30 1000 3480 4.2
30 1200 4320 4.3
30 1400 5180 4.3
30 1600 6040 0.5
30 1800 6140 2.8
31 0 0 3.2
31 200 640 4.6
31 400 1560 4.5
31 600 2460 1
31 800 2660 4.1
31 1000 3480 4.2
31 1200 4320 4.3
31 1400 5180 4.3
31 1600 6040 0.5
31 1800 6140 2.8
32 0 0 3.2
32 200 640 4.6
32 400 1560 4.5
32 600 2460 1
32 800 2660 4.1
32 1000 3480 4.2
32 1200 4320 4.3
32 1400 5180 4.3
32 1600 6040 0.5
32 1800 6140 2.8
33 0 0 3.2
33 200 640 4.6
33 400 1560 4.5
33 600 2460 1
33 800 2660 4.1
33 1000 3480 4.2
33 1200 4320 4.3
33 1400 5180 4.3
33 1600 6040 0.5
33 1800 6140 2.8
34 0 0 3.2
34 200 640 4.6
34 400 1560 4.5
34 600 2460 1
34 800 2660 4.1
34 1000 3480 4.2
34 1200 4320 4.3
34 1400 5180 4.3
34 1600 6040 0.5
34 1800 6140 2.8
35 0 0 3.2
35 200 640 4.6
35 400 1560 4.5
35 600 2460 1
35 800 2660 4.1
35 1000 3480 4.2
35 1200 4320 4.3
35 1400 5180 4.3
35 1600 6040 0.5
35 1800 6140 2.8
36 0 0 3.2
36 200 640 4.6
36 400 1560 4.5
36 600 2460 1
36 800 2660 4.1
36 1000 3480 4.2
36 1200 4320 4.3
36 1400 5180 4.3
36 1600 6040 0.5
36 1800 6140 2.8
37 0 0 3.2
37 200 640 4.6
37 400 1560 4.5
37 600 2460 1
37 800 2660 4.1
37 1000 3480 4.2
37 1200 4320 4.3
37 1400 5180 4.3
37 1600 6040 0.5
37 1800 6140 2.8
38 0 0 3.2
38 200 640 4.6
38 400 1560 4.5
38 600 2460 1
38 800 2660 4.1
38 1000 3480 4.2
38 1200 4320 4.3
38 1400 5180 4.3
38 1600 6040 0.5
38 1800 6140 2.8
39 0 0 3.2
39 200 640 4.6
39 400 1560 4.5
39 600 2460 1
39 800 2660 4.1
39 1000 3480 4.2
39 1200 4320 4.3
39 1400 5180 4.3
39 1600 6040 0.5
39 1800 6140 2.8
40 0 0 3.2
40 200 640 4.6
40 400 1560 4.5
40 600 2460 1
40 800 2660 4.1
40 1000 3480 4.2
40 1200 4320 4.3
40 1400 5180 4.3
40 1600 6040 0.5
40 1800 6140 2.8
41 0 0 3.2
41 200 640 4.6
41 400 1560 4.5
41 600 2460 1
41 800 2660 4.1
41 1000 3480 4.2
41 1200 4320 4.3
41 1400 5180 4.3
41 1600 6040 0.5
41 1800 6140 2.8
42 0 0 3.2
42 200 640 4.6
42 400 1560 4.5
42 600 2460 1
42 800 2660 4.1
42 1000 3480 4.2
42 1200 4320 4.3
42 1400 5180 4.3
42 1600 6040 0.5
42 1800 6140 2.8
43 0 0 3.2
43 200 640 4.6
43 400 1560 4.5
43 600 2460 1
43 800 2660 4.1
43 1000 3480 4.2
43 1200 4320 4.3
43 1400 5180 4.3
43 1600 6040 0.5
43 1800 6140 2.8
44 0 0 3.2
44 200 640 4.6
44 400 1560 4.5
44 600 2460 1
44 800 2660 4.1
44 1000 3480 4.2
44 1200 4320 4.3
44 1400 5180 4.3
44 1600 6040 0.5
44 1800 6140 2.8
45 0 0 3.2
45 200 640 4.6
45 400 1560 4.5
45 600 2460 1
45 800 2660 4.1
45 1000 3480 4.2
45 1200 4320 4.3
45 1400 5180 4.3
45 1600 6040 0.5
45 1800 6140 2.8
46 0 0 3.2
46 200 640 4.6
46 400 1560 4.5
46 600 2460 1
46 800 2660 4.1
46 1000 3480 4.2
46 1200 4320 4.3
46 1400 5180 4.3
46 1600 6040 0.5
46 1800 6140 2.8
47 0 0 3.2
47 200 640 4.6
47 400 1560 4.5
47 600 2460 1
47 800 2660 4.1
47 1000 3480 4.2
47 1200 4320 4.3
47 1400 5180 4.3
47 1600 6040 0.5
47 1800 6140 2.8
48 0 0 3.2
48 200 640 4.6
48 400 1560 4.5
48 600 2460 1
48 800 2660 4.1
48 1000 3480 4.2
48 1200 4320 4.3
48 1400 5180 4.3
48 1600 6040 0.5
48 1800 6140 2.8
49 0 0 3.2
49 200 640 4.6
49 400 1560 4.5
49 600 2460 1
49 800 2660 4.1
49 1000 3480 4.2
49 1200 4320 4.3
49 1400 5180 4.3
49 1600 6040 0.5
49 1800 6140 2.8
50 0 0 3.2
50 200 640 4.6
50 400 1560 4.5
50 600 2460 1
50 800 2660 4.1
50 1000 3480 4.2
50 1200 4320 4.3
50 1400 5180 4.3
50 1600 6040 0.5
50 1800 6140 2.8
51 0 0 3.2
51 200 640 4.6
51 400 1560 4.5
51 600 2460 1
51 800 2660 4.1
51 1000 3480 4.2
51 1200 4320 4.3
51 1400 5180 4.3
51 1600 6040 0.5
51 1800 6140 2.8
52 0 0 3.2
52 200 640 4.6
52 400 1560 4.5
52 600 2460 1
52 800 2660 4.1
52 1000 3480 4.2
52 1200 4320 4.3
52 1400 5180 4.3
52 1600 6040 0.5
52 1800 6140 2.8
53 0 0 3.2
53 200 640 4.6
53 400 1560 4.5
53 600 2460 1
53 800 2660 4.1
53 1000 3480 4.2
53 1200 4320 4.3
53 1400 5180 4.3
53 1600 6040 0.5
53 1800 6140 2.8
54 0 0 3.2
54 200 640 4.6
54 400 1560 4.5
54 600 2460 1
54 800 2660 4.1
54 1000 3480 4.2
54 1200 4320 4.3
54 1400 5180 4.3
54 1600 6040 0.5
54 1800 6140 2.8
55 0 0 3.2
55 200 640 4.6
55 400 1560 4.5
55 600 2460 1
55 800 2660 4.1
55 1000 3480 4.2
55 1200 4320 4.3
55 1400 5180 4.3
55 1600 6040 0.5
55 1800 6140 2.8
56 0 0 3.2
56 200 640 4.6
56 400 1560 4.5
56 600 2460 1
56 800 2660 4.1
56 1000 3480 4.2
56 1200 4320 4.3
56 1400 5180 4.3
56 1600 6040 0.5
56 1800 6140 2.8
57 0 0 3.2
57 200 640 4.6
57 400 1560 4.5
57 600 2460 1
57 800 2660 4.1
57 1000 3480 4.2
57 1200 4320 4.3
57 1400 5180 4.3
57 1600 6040 0.5
57 1800 6140 2.8
58 0 0 3.2
58 200 640 4.6
58 400 1560 4.5
58 600 2460 1
58 800 2660 4.1
58 1000 3480 4.2
58 1200 4320 4.3
58 1400 5180 4.3
58 1600 6040 0.5
58 1800 6140 2.8
59 0 0 3.2
59 200 640 4.6
59 400 1560 4.5
59 600 2460 1
59 800 2660 4.1
59 1000 3480 4.2
59 1200 4320 4.3
59 1400 5180 4.3
59 1600 6040 0.5
59 1800 6140 2.8
60 0 0 3.2
60 200 640 4.6
60 400 1560 4.5
60 600 2460 1
60 800 2660 4.1
60 1000 3480 4.2
60 1200 4320 4.3
60 1400 5180 4.3
60 1600 6040 0.5
60 1800 6140 2.8
61 0 0 3.2
61 200 640 4.6
61 400 1560 4.5
61 600 2460 1
61 800 2660 4.1
61 1000 3480 4.2
61 1200 4320 4.3
61 1400 5180 4.3
61 1600 6040 0.5
61 1800 6140 2.8
62 0 0 3.2
62 200 640 4.6
62 400 1560 4.5
62 600 2460 1
62 800 2660 4.1
62 1000 3480 4.2
62 1200 4320 4.3
62 1400 5180 4.3
62 1600 6040 0.5
62 1800 6140 2.8
63 0 0 3.2
63 200 640 4.6
63 400 1560 4.5
63 600 2460 1
63 800 2660 4.1
63 1000 3480 4.2
63 1200 4320 4.3
63 1400 5180 4.3
63 1600 6040 0.5
63 1800 6140 2.8
64 0 0 3.2
64 200 640 4.6
64 400 1560 4.5
64 600 2460 1
64 800 2660 4.1
64 1000 3480 4.2
64 1200 4320 4.3
64 1400 5180 4.3
64 1600 6040 0.5
64 1800 6140 2.8
65 0 0 3.2
65 200 640 4.6
65 400 1560 4.5
65 600 2460 1
65 800 2660 4.1
65 1000 3480 4.2
65 1200 4320 4.3
65 1400 5180 4.3
65 1600 6040 0.5
65 1800 6140 2.8
66 0 0 3.2
66 200 640 4.6
66 400 1560 4.5
66 600 2460 1
66 800 2660 4.1
66 1000 3480 4.2
66 1200 4320 4.3
66 1400 5180 4.3
66 1600 6040 0.5
66 1800 6140 2.8
67 0 0 3.2
67 200 640 4.6
67 400 1560 4.5
67 600 2460 1
67 800 2660 4.1
67 1000 3480 4.2
67 1200 4320 4.3
67 1400 5180 4.3
67 1600 6040 0.5
67 1800 6140 2.8
68 0 0 3.2
68 200 640 4.6
68 400 1560 4.5
68 600 2460 1
68 800 2660 4.1
68 1000 3480 4.2
68 1200 4320 4.3
68 1400 5180 4.3
68 1600 6040 0.5
68 1800 6140 2.8
69 0 0 3.2
69 200 640 4.6
69 400 1560 4.5
69 600 2460 1
69 800 2660 4.1
69 1000 3480 4.2
69 1200 4320 4.3
69 1400 5180 4.3
69 1600 6040 0.5
69 1800 6140 2.8
70 0 0 3.2
70 200 640 4.6
70 400 1560 4.5
70 600 2460 1
70 800 2660 4.1
70 1000 3480 4.2
70 1200 4320 4.3
70 1400 5180 4.3
70 1600 6040 0.5
70 1800 6140 2.8
71 0 0 3.2
71 200 640 4.6
71 400 1560 4.5
71 600 2460 1
71 800 2660 4.1
71 1000 3480 4.2
71 1200 4320 4.3
71 1400 5180 4.3
71 1600 6040 0.5
71 1800 6140 2.8
72 0 0 3.2
72 200 640 4.6
72 400 1560 4.5
72 600 2460 1
72 800 2660 4.1
72 1000 3480 4.2
72 1200 4320 4.3
72 1400 5180 4.3
72 1600 6040 0.5
72 1800 6140 2.8
73 0 0 3.2
73 200 640 4.6
73 400 1560 4.5
73 600 2460 1
73 800 2660 4.1
73 1000 3480 4.2
73 1200 4320 4.3
73 1400 5180 4.3
73 1600 6040 0.5
73 1800 6140 2.8
74 0 0 3.2
74 200 640 4.6
74 400 1560 4.5
74 600 2460 1
74 800 2660 4.1
74 1000 3480 4.2
74 1200 4320 4.3
74 1400 5180 4.3
74 1600 6040 0.5
74 1800 6140 2.8
75 0 0 3.2
75 200 640 4.6
75 400 1560 4.5
75 600 2460 1
75 800 2660 4.1
75 1000 3480 4.2
75 1200 4320 4.3
75 1400 5180 4.3
75 1600 6040 0.5
75 1800 6140 2.8
76 0 0 3.2
76 200 640 4.6
76 400 1560 4.5
76 600 2460 1
76 800 2660 4.1
76 1000 3480 4.2
76 1200 4320 4.3
76 1400 5180 4.3
76 1600 6040 0.5
76 1800 6140 2.8
77 0 0 3.2
77 200 640 4.6
77 400 1560 4.5
77 600 2460 1
77 800 2660 4.1
77 1000 3480 4.2
77 1200 4320 4.3
77 1400 5180 4.3
77 1600 6040 0.5
77 1800 6140 2.8
78 0 0 3.2
78 200 640 4.6
78 400 1560 4.5
78 600 2460 1
78 800 2660 4.1
78 1000 3480 4.2
78 1200 4320 4.3
78 1400 5180 4.3
78 1600 6040 0.5
78 1800 6140 2.8
79 0 0 3.2
79 200 640 4.6
79 400 1560 4.5
79 600 2460 1
79 800 2660 4.1
79 1000 3480 4.2
79 1200 4320 4.3
79 1400 5180 4.3
79 1600 6040 0.5
79 1800 6140 2.8
80 0 0 3.2
80 200 640 4.6
80 400 1560 4.5
80 600 2460 1
80 800 2660 4.1
80 1000 3480 4.2
80 1200 4320 4.3
80 1400 5180 4.3
80 1600 6040 0.5
80 1800 6140 2.8
81 0 0 3.2
81 200 640 4.6
81 400 1560 4.5
81 600 2460 1
81 800 2660 4.1
81 1000 3480 4.2
81 1200 4320 4.3
81 1400 5180 4.3
81 1600 6040 0.5
81 1800 6140 2.8
82 0 0 3.2
82 200 640 4.6
82 400 1560 4.5
82 600 2460 1
82 800 2660 4.1
82 1000 3480 4.2
82 1200 4320 4.3
82 1400 5180 4.3
82 1600 6040 0.5
82 1800 6140 2.8
83 0 0 3.2
83 200 640 4.6
83 400 1560 4.5
83 600 2460 1
83 800 2660 4.1
83 1000 3480 4.2
83 1200 4320 4.3
83 1400 5180 4.3
83 1600 6040 0.5
83 1800 6140 2.8
84 0 0 3.2
84 200 640 4.6
84 400 1560 4.5
84 600 2460 1
84 800 2660 4.1
84 1000 3480 4.2
84 1200 4320 4.3
84 1400 5180 4.3
84 1600 6040 0.5
84 1800 6140 2.8
85 0 0 3.2
85 200 640 4.6
85 400 1560 4.5
85 600 2460 1
85 800 2660 4.1
85 1000 3480 4.2
85 1200 4320 4.3
85 1400 5180 4.3
85 1600 6040 0.5
85 1800 6140 2.8
86 0 0 3.2
86 200 640 4.6
86 400 1560 4.5
86 600 2460 1
86 800 2660 4.1
86 1000 3480 4.2
86 1200 4320 4.3
86 1400 5180 4.3
86 1600 6040 0.5
86 1800 6140 2.8
87 0 0 3.2
87 200 640 4.6
87 400 1560 4.5
87 600 2460 1
87 800 2660 4.1
87 1000 3480 4.2
87 1200 4320 4.3
87 1400 5180 4.3
87 1600 6040 0.5
87 1800 6140 2.8
88 0 0 3.2
88 200 640 4.6
88 400 1560 4.5
88 600 2460 1
88 800 2660 4.1
88 1000 3480 4.2
88 1200 4320 4.3
88 1400 5180 4.3
88 1600 6040 0.5
88 1800 6140 2.8
89 0 0 3.2
89 200 640 4.6
89 400 1560 4.5
89 600 2460 1
89 800 2660 4.1
89 1000 3480 4.2
89 1200 4320 4.3
89 1400 5180 4.3
89 1600 6040 0.5
89 1800 6140 2.8
90 0 0 3.2
90 200 640 4.6
90 400 1560 4.5
90 600 2460 1
90 800 2660 4.1
90 1000 3480 4.2
90 1200 4320 4.3
90 1400 5180 4.3
90 1600 6040 0.5
90 1800 6140 2.8
91 0 0 3.2
91 200 640 4.6
91 400 1560 4.5
91 600 2460 1
91 800 2660 4.1
91 1000 3480 4.2
91 1200 4320 4.3
91 1400 5180 4.3
91 1600 6040 0.5
91 1800 6140 2.8
92 0 0 3.2
92 200 640 4.6
92 400 1560 4.5
92 600 2460 1
92 800 2660 4.1
92 1000 3480 4.2
92 1200 4320 4.3
92 1400 5180 4.3
92 1600 6040 0.5
92 1800 6140 2.8
93 0 0 3.2
93 200 640 4.6
93 400 1560 4.5
93 600 2460 1
93 800 2660 4.1
93 1000 3480 4.2
93 1200 4320 4.3
93 1400 5180 4.3
93 1600 6040 0.5
93 1800 6140 2.8
94 0 0 3.2
94 200 640 4.6
94 400 1560 4.5
94 600 2460 1
94 800 2660 4.1
94 1000 3480 4.2
94 1200 4320 4.3
94 1400 5180 4.3
94 1600 6040 0.5
94 1800 6140 2.8
95 0 0 3.2
95 200 640 4.6
95 400 1560 4.5
95 600 2460 1
95 800 2660 4.1
95 1000 3480 4.2
95 1200 4320 4.3
95 1400 5180 4.3
95 1600 6040 0.5
95 1800 6140 2.8
96 0 0 3.2
96 200 640 4.6
96 400 1560 4.5
96 600 2460 1
96 800 2660 4.1
96 1000 3480 4.2
96 1200 4320 4.3
96 1400 5180 4.3
96 1600 6040 0.5
96 1800 6140 2.8
97 0 0 3.2
97 200 640 4.6
97 400 1560 4.5
97 600 2460 1
97 800 2660 4.1
97 1000 3480 4.2
97 1200 4320 4.3
97 1400 5180 4.3
97 1600 6040 0.5
97 1800 6140 2.8
98 0 0 3.2
98 200 640 4.6
98 400 1560 4.5
98 600 2460 1
98 800 2660 4.1
98 1000 3480 4.2
98 1200 4320 4.3
98 1400 5180 4.3
98 1600 6040 0.5
98 1800 6140 2.8
99 0 0 3.2
99 200 640 4.6
99 400 1560 4.5
99 600 2460 1
99 800 2660 4.1
99 1000 3480 4.2
99 1200 4320 4.3
99 1400 5180 4.3
99 1600 6040 0.5
99 1800 6140 2.8
