100 10
0 0 0 2
0 200 400 1.4
0 400 680 1
0 600 880 1.4
0 800 1160 0.9
0 1000 1340 3
0 1200 1940 3.7
0 1400 2680 4.9
0 1600 3660 3.3
0 1800 4320 2.1
1 0 0 2
1 200 400 1.4
1 400 680 1
1 600 880 1.4
1 800 1160 0.9
1 1000 1340 3
1 1200 1940 3.7
1 1400 2680 4.9
1 1600 3660 3.3
1 1800 4320 2.1
2 0 0 2
2 200 400 1.4
2 400 680 1
2 600 880 1.4
2 800 1160 0.9
2 1000 1340 3
2 1200 1940 3.7
2 1400 2680 4.9
2 1600 3660 3.3
2 1800 4320 2.1
3 0 0 2
3 200 400 1.4
3 400 680 1
3 600 880 1.4
3 800 1160 0.9
3 1000 1340 3
3 1200 1940 3.7
3 1400 2680 4.9
3 1600 3660 3.3
3 1800 4320 2.1
4 0 0 2
4 200 400 1.4
4 400 680 1
4 600 880 1.4
4 800 1160 0.9
4 1000 1340 3
4 1200 1940 3.7
4 1400 2680 4.9
4 1600 3660 3.3
4 1800 4320 2.1
5 0 0 2
5 200 400 1.4
5 400 680 1
5 600 880 1.4
5 800 1160 0.9
5 1000 1340 3
5 1200 1940 3.7
5 1400 2680 4.9
5 1600 3660 3.3
5 1800 4320 2.1
6 0 0 2
6 200 400 1.4
6 400 680 1
6 600 880 1.4
6 800 1160 0.9
6 1000 1340 3
6 1200 1940 3.7
6 1400 2680 4.9
6 1600 3660 3.3
6 1800 4320 2.1
7 0 0 2
7 200 400 1.4
7 400 680 1
7 600 880 1.4
7 800 1160 0.9
7 1000 1340 3
7 1200 1940 3.7
7 1400 2680 4.9
7 1600 3660 3.3
7 1800 4320 2.1
8 0 0 2
8 200 400 1.4
8 400 680 1
8 600 880 1.4
8 800 1160 0.9
8 1000 1340 3
8 1200 1940 3.7
8 1400 2680 4.9
8 1600 3660 3.3
8 1800 4320 2.1
9 0 0 2
9 200 400 1.4
9 400 680 1
9 600 880 1.4
9 800 1160 0.9
9 1000 1340 3
9 1200 1940 3.7
9 1400 2680 4.9
9 1600 3660 3.3
9 1800 4320 2.1
10 0 0 2
10 200 400 1.4
10 400 680 1
10 600 880 1.4
10 800 1160 0.9
10 1000 1340 3
10 1200 1940 3.7
10 1400 2680 4.9
10 1600 3660 3.3
10 1800 4320 2.1
11 0 0 2
11 200 400 1.4
11 400 680 1
11 600 880 1.4
11 800 1160 0.9
11 1000 1340 3
11 1200 1940 3.7
11 1400 2680 4.9
11 1600 3660 3.3
11 1800 4320 2.1
12 0 0 2
12 200 400 1.4
12 400 680 1
12 600 880 1.4
12 800 1160 0.9
12 1000 1340 3
12 1200 1940 3.7
12 1400 2680 4.9
12 1600 3660 3.3
12 1800 4320 2.1
13 0 0 2
13 200 400 1.4
13 400 680 1
13 600 880 1.4
13 800 1160 0.9
13 1000 1340 3
13 1200 1940 3.7
13 1400 2680 4.9
13 1600 3660 3.3
13 1800 4320 2.1
14 0 0 2
14 200 400 1.4
14 400 680 1
14 600 880 1.4
14 800 1160 0.9
14 1000 1340 3
14 1200 1940 3.7
14 1400 2680 4.9
14 1600 3660 3.3
14 1800 4320 2.1
15 0 0 2
15 200 400 1.4
15 400 680 1
15 600 880 1.4
15 800 1160 0.9
15 1000 1340 3
15 1200 1940 3.7
15 1400 2680 4.9
15 1600 3660 3.3
15 1800 4320 2.1
16 0 0 2
16 200 400 1.4
16 400 680 1
16 600 880 1.4
16 800 1160 0.9
16 1000 1340 3
16 1200 1940 3.7
16 1400 2680 4.9
16 1600 3660 3.3
16 1800 4320 2.1
17 0 0 2
17 200 400 1.4
17 400 680 1
17 600 880 1.4
17 800 1160 0.9
17 1000 1340 3
17 1200 1940 3.7
17 1400 2680 4.9
17 1600 3660 3.3
17 1800 4320 2.1
18 0 0 2
18 200 400 1.4
18 400 680 1
18 600 880 1.4
18 800 1160 0.9
18 1000 1340 3
18 1200 1940 3.7
18 1400 2680 4.9
18 1600 3660 3.3
18 1800 4320 2.1
19 0 0 2
19 200 400 1.4
19 400 680 1
19 600 880 1.4
19 800 1160 0.9
19 1000 1340 3
19 1200 1940 3.7
19 1400 2680 4.9
19 1600 3660 3.3
19 1800 4320 2.1
20 0 0 2
20 200 400 1.4
20 400 680 1
20 600 880 1.4
20 800 1160 0.9
20 1000 1340 3
20 1200 1940 3.7
20 1400 2680 4.9
20 1600 3660 3.3
20 1800 4320 2.1
21 0 0 2
21 200 400 1.4
21 400 680 1
21 600 880 1.4
21 800 1160 0.9
21 1000 1340 3
21 1200 1940 3.7
21 1400 2680 4.9
21 1600 3660 3.3
21 1800 4320 2.1
22 0 0 2
22 200 400 1.4
22 400 680 1
22 600 880 1.4
22 800 1160 0.9
22 1000 1340 3
22 1200 1940 3.7
22 1400 2680 4.9
22 1600 3660 3.3
22 1800 4320 2.1
23 0 0 2
23 200 400 1.4
23 400 680 1
23 600 880 1.4
23 800 1160 0.9
23 1000 1340 3
23 1200 1940 3.7
23 1400 2680 4.9
23 1600 3660 3.3
23 1800 4320 2.1
24 0 0 2
24 200 400 1.4
24 400 680 1
24 600 880 1.4
24 800 1160 0.9
24 1000 1340 3
24 1200 1940 3.7
24 1400 2680 4.9
24 1600 3660 3.3
24 1800 4320 2.1
25 0 0 2
25 200 400 1.4
25 400 680 1
25 600 880 1.4
25 800 1160 0.9
25 1000 1340 3
25 1200 1940 3.7
25 1400 2680 4.9
25 1600 3660 3.3
25 1800 4320 2.1
26 0 0 2
26 200 400 1.4
26 400 680 1
26 600 880 1.4
26 800 1160 0.9
26 1000 1340 3
26 1200 1940 3.7
26 1400 2680 4.9
26 1600 3660 3.3
26 1800 4320 2.1
27 0 0 2
27 200 400 1.4
27 400 680 1
27 600 880 1.4
27 800 1160 0.9
27 1000 1340 3
27 1200 1940 3.7
27 1400 2680 4.9
27 1600 3660 3.3
27 1800 4320 2.1
28 0 0 2
28 200 400 1.4
28 400 680 1
28 600 880 1.4
28 800 1160 0.9
28 1000 1340 3
28 1200 1940 3.7
28 1400 2680 4.9
28 1600 3660 3.3
28 1800 4320 2.1
29 0 0 2
29 200 400 1.4
29 400 680 1
29 600 880 1.4
29 800 1160 0.9
29 1000 1340 3
29 1200 1940 3.7
29 1400 2680 4.9
29 1600 3660 3.3
29 1800 4320 2.1
30 0 0 2
30 200 400 1.4
30 400 680 1
30 600 880 1.4
30 800 1160 0.9
30 1000 1340 3
30 1200 1940 3.7
30 1400 2680 4.9
30 1600 3660 3.3
30 1800 4320 2.1
31 0 0 2
31 200 400 1.4
31 400 680 1
31 600 880 1.4
31 800 1160 0.9
31 1000 1340 3
31 1200 1940 3.7
31 1400 2680 4.9
31 1600 3660 3.3
31 1800 4320 2.1
32 0 0 2
32 200 400 1.4
32 400 680 1
32 600 880 1.4
32 800 1160 0.9
32 1000 1340 3
32 1200 1940 3.7
32 1400 2680 4.9
32 1600 3660 3.3
32 1800 4320 2.1
33 0 0 2
33 200 400 1.4
33 400 680 1
33 600 880 1.4
33 800 1160 0.9
33 1000 1340 3
33 1200 1940 3.7
33 1400 2680 4.9
33 1600 3660 3.3
33 1800 4320 2.1
34 0 0 2
34 200 400 1.4
34 400 680 1
34 600 880 1.4
34 800 1160 0.9
34 1000 1340 3
34 1200 1940 3.7
34 1400 2680 4.9
34 1600 3660 3.3
34 1800 4320 2.1
35 0 0 2
35 200 400 1.4
35 400 680 1
35 600 880 1.4
35 800 1160 0.9
35 1000 1340 3
35 1200 1940 3.7
35 1400 2680 4.9
35 1600 3660 3.3
35 1800 4320 2.1
36 0 0 2
36 200 400 1.4
36 400 680 1
36 600 880 1.4
36 800 1160 0.9
36 1000 1340 3
36 1200 1940 3.7
36 1400 2680 4.9
36 1600 3660 3.3
36 1800 4320 2.1
37 0 0 2
37 200 400 1.4
37 400 680 1
37 600 880 1.4
37 800 1160 0.9
37 1000 1340 3
37 1200 1940 3.7
37 1400 2680 4.9
37 1600 3660 3.3
37 1800 4320 2.1
38 0 0 2
38 200 400 1.4
38 400 680 1
38 600 880 1.4
38 800 1160 0.9
38 1000 1340 3
38 1200 1940 3.7
38 1400 2680 4.9
38 1600 3660 3.3
38 1800 4320 2.1
39 0 0 2
39 200 400 1.4
39 400 680 1
39 600 880 1.4
39 800 1160 0.9
39 1000 1340 3
39 1200 1940 3.7
39 1400 2680 4.9
39 1600 3660 3.3
39 1800 4320 2.1
40 0 0 2
40 200 400 1.4
40 400 680 1
40 600 880 1.4
40 800 1160 0.9
40 1000 1340 3
40 1200 1940 3.7
40 1400 2680 4.9
40 1600 3660 3.3
40 1800 4320 2.1
41 0 0 2
41 200 400 1.4
41 400 680 1
41 600 880 1.4
41 800 1160 0.9
41 1000 1340 3
41 1200 1940 3.7
41 1400 2680 4.9
41 1600 3660 3.3
41 1800 4320 2.1
42 0 0 2
42 200 400 1.4
42 400 680 1
42 600 880 1.4
42 800 1160 0.9
42 1000 1340 3
42 1200 1940 3.7
42 1400 2680 4.9
42 1600 3660 3.3
42 1800 4320 2.1
43 0 0 2
43 200 400 1.4
43 400 680 1
43 600 880 1.4
43 800 1160 0.9
43 1000 1340 3
43 1200 1940 3.7
43 1400 2680 4.9
43 1600 3660 3.3
43 1800 4320 2.1
44 0 0 2
44 200 400 1.4
44 400 680 1
44 600 880 1.4
44 800 1160 0.9
44 1000 1340 3
44 1200 1940 3.7
44 1400 2680 4.9
44 1600 3660 3.3
44 1800 4320 2.1
45 0 0 2
45 200 400 1.4
45 400 680 1
45 600 880 1.4
45 800 1160 0.9
45 1000 1340 3
45 1200 1940 3.7
45 1400 2680 4.9
45 1600 3660 3.3
45 1800 4320 2.1
46 0 0 2
46 200 400 1.4
46 400 680 1
46 600 880 1.4
46 800 1160 0.9
46 1000 1340 3
46 1200 1940 3.7
46 1400 2680 4.9
46 1600 3660 3.3
46 1800 4320 2.1
47 0 0 2
47 200 400 1.4
47 400 680 1
47 600 880 1.4
47 800 1160 0.9
47 1000 1340 3
47 1200 1940 3.7
47 1400 2680 4.9
47 1600 3660 3.3
47 1800 4320 2.1
48 0 0 2
48 200 400 1.4
48 400 680 1
48 600 880 1.4
48 800 1160 0.9
48 1000 1340 3
48 1200 1940 3.7
48 1400 2680 4.9
48 1600 3660 3.3
48 1800 4320 2.1
49 0 0 2
49 200 400 1.4
49 400 680 1
49 600 880 1.4
49 800 1160 0.9
49 1000 1340 3
49 1200 1940 3.7
49 1400 2680 4.9
49 1600 3660 3.3
49 1800 4320 2.1
50 0 0 2
50 200 400 1.4
50 400 680 1
50 600 880 1.4
50 800 1160 0.9
50 1000 1340 3
50 1200 1940 3.7
50 1400 2680 4.9
50 1600 3660 3.3
50 1800 4320 2.1
51 0 0 2
51 200 400 1.4
51 400 680 1
51 600 880 1.4
51 800 1160 0.9
51 1000 1340 3
51 1200 1940 3.7
51 1400 2680 4.9
51 1600 3660 3.3
51 1800 4320 2.1
52 0 0 2
52 200 400 1.4
52 400 680 1
52 600 880 1.4
52 800 1160 0.9
52 1000 1340 3
52 1200 1940 3.7
52 1400 2680 4.9
52 1600 3660 3.3
52 1800 4320 2.1
53 0 0 2
53 200 400 1.4
53 400 680 1
53 600 880 1.4
53 800 1160 0.9
53 1000 1340 3
53 1200 1940 3.7
53 1400 2680 4.9
53 1600 3660 3.3
53 1800 4320 2.1
54 0 0 2
54 200 400 1.4
54 400 680 1
54 600 880 1.4
54 800 1160 0.9
54 1000 1340 3
54 1200 1940 3.7
54 1400 2680 4.9
54 1600 3660 3.3
54 1800 4320 2.1
55 0 0 2
55 200 400 1.4
55 400 680 1
55 600 880 1.4
55 800 1160 0.9
55 1000 1340 3
55 1200 1940 3.7
55 1400 2680 4.9
55 1600 3660 3.3
55 1800 4320 2.1
56 0 0 2
56 200 400 1.4
56 400 680 1
56 600 880 1.4
56 800 1160 0.9
56 1000 1340 3
56 1200 1940 3.7
56 1400 2680 4.9
56 1600 3660 3.3
56 1800 4320 2.1
57 0 0 2
57 200 400 1.4
57 400 680 1
57 600 880 1.4
57 800 1160 0.9
57 1000 1340 3
57 1200 1940 3.7
57 1400 2680 4.9
57 1600 3660 3.3
57 1800 4320 2.1
58 0 0 2
58 200 400 1.4
58 400 680 1
58 600 880 1.4
58 800 1160 0.9
58 1000 1340 3
58 1200 1940 3.7
58 1400 2680 4.9
58 1600 3660 3.3
58 1800 4320 2.1
59 0 0 2
59 200 400 1.4
59 400 680 1
59 600 880 1.4
59 800 1160 0.9
59 1000 1340 3
59 1200 1940 3.7
59 1400 2680 4.9
59 1600 3660 3.3
59 1800 4320 2.1
60 0 0 2
60 200 400 1.4
60 400 680 1
60 600 880 1.4
60 800 1160 0.9
60 1000 1340 3
60 1200 1940 3.7
60 1400 2680 4.9
60 1600 3660 3.3
60 1800 4320 2.1
61 0 0 2
61 200 400 1.4
61 400 680 1
61 600 880 1.4
61 800 1160 0.9
61 1000 1340 3
61 1200 1940 3.7
61 1400 2680 4.9
61 1600 3660 3.3
61 1800 4320 2.1
62 0 0 2
62 200 400 1.4
62 400 680 1
62 600 880 1.4
62 800 1160 0.9
62 1000 1340 3
62 1200 1940 3.7
62 1400 2680 4.9
62 1600 3660 3.3
62 1800 4320 2.1
63 0 0 2
63 200 400 1.4
63 400 680 1
63 600 880 1.4
63 800 1160 0.9
63 1000 1340 3
63 1200 1940 3.7
63 1400 2680 4.9
63 1600 3660 3.3
63 1800 4320 2.1
64 0 0 2
64 200 400 1.4
64 400 680 1
64 600 880 1.4
64 800 1160 0.9
64 1000 1340 3
64 1200 1940 3.7
64 1400 2680 4.9
64 1600 3660 3.3
64 1800 4320 2.1
65 0 0 2
65 200 400 1.4
65 400 680 1
65 600 880 1.4
65 800 1160 0.9
65 1000 1340 3
65 1200 1940 3.7
65 1400 2680 4.9
65 1600 3660 3.3
65 1800 4320 2.1
66 0 0 2
66 200 400 1.4
66 400 680 1
66 600 880 1.4
66 800 1160 0.9
66 1000 1340 3
66 1200 1940 3.7
66 1400 2680 4.9
66 1600 3660 3.3
66 1800 4320 2.1
67 0 0 2
67 200 400 1.4
67 400 680 1
67 600 880 1.4
67 800 1160 0.9
67 1000 1340 3
67 1200 1940 3.7
67 1400 2680 4.9
67 1600 3660 3.3
67 1800 4320 2.1
68 0 0 2
68 200 400 1.4
68 400 680 1
68 600 880 1.4
68 800 1160 0.9
68 1000 1340 3
68 1200 1940 3.7
68 1400 2680 4.9
68 1600 3660 3.3
68 1800 4320 2.1
69 0 0 2
69 200 400 1.4
69 400 680 1
69 600 880 1.4
69 800 1160 0.9
69 1000 1340 3
69 1200 1940 3.7
69 1400 2680 4.9
69 1600 3660 3.3
69 1800 4320 2.1
70 0 0 2
70 200 400 1.4
70 400 680 1
70 600 880 1.4
70 800 1160 0.9
70 1000 1340 3
70 1200 1940 3.7
70 1400 2680 4.9
70 1600 3660 3.3
70 1800 4320 2.1
71 0 0 2
71 200 400 1.4
71 400 680 1
71 600 880 1.4
71 800 1160 0.9
71 1000 1340 3
71 1200 1940 3.7
71 1400 2680 4.9
71 1600 3660 3.3
71 1800 4320 2.1
72 0 0 2
72 200 400 1.4
72 400 680 1
72 600 880 1.4
72 800 1160 0.9
72 1000 1340 3
72 1200 1940 3.7
72 1400 2680 4.9
72 1600 3660 3.3
72 1800 4320 2.1
73 0 0 2
73 200 400 1.4
73 400 680 1
73 600 880 1.4
73 800 1160 0.9
73 1000 1340 3
73 1200 1940 3.7
73 1400 2680 4.9
73 1600 3660 3.3
73 1800 4320 2.1
74 0 0 2
74 200 400 1.4
74 400 680 1
74 600 880 1.4
74 800 1160 0.9
74 1000 1340 3
74 1200 1940 3.7
74 1400 2680 4.9
74 1600 3660 3.3
74 1800 4320 2.1
75 0 0 2
75 200 400 1.4
75 400 680 1
75 600 880 1.4
75 800 1160 0.9
75 1000 1340 3
75 1200 1940 3.7
75 1400 2680 4.9
75 1600 3660 3.3
75 1800 4320 2.1
76 0 0 2
76 200 400 1.4
76 400 680 1
76 600 880 1.4
76 800 1160 0.9
76 1000 1340 3
76 1200 1940 3.7
76 1400 2680 4.9
76 1600 3660 3.3
76 1800 4320 2.1
77 0 0 2
77 200 400 1.4
77 400 680 1
77 600 880 1.4
77 800 1160 0.9
77 1000 1340 3
77 1200 1940 3.7
77 1400 2680 4.9
77 1600 3660 3.3
77 1800 4320 2.1
78 0 0 2
78 200 400 1.4
78 400 680 1
78 600 880 1.4
78 800 1160 0.9
78 1000 1340 3
78 1200 1940 3.7
78 1400 2680 4.9
78 1600 3660 3.3
78 1800 4320 2.1
79 0 0 2
79 200 400 1.4
79 400 680 1
79 600 880 1.4
79 800 1160 0.9
79 1000 1340 3
79 1200 1940 3.7
79 1400 2680 4.9
79 1600 3660 3.3
79 1800 4320 2.1
80 0 0 2
80 200 400 1.4
80 400 680 1
80 600 880 1.4
80 800 1160 0.9
80 1000 1340 3
80 1200 1940 3.7
80 1400 2680 4.9
80 1600 3660 3.3
80 1800 4320 2.1
81 0 0 2
81 200 400 1.4
81 400 680 1
81 600 880 1.4
81 800 1160 0.9
81 1000 1340 3
81 1200 1940 3.7
81 1400 2680 4.9
81 1600 3660 3.3
81 1800 4320 2.1
82 0 0 2
82 200 400 1.4
82 400 680 1
82 600 880 1.4
82 800 1160 0.9
82 1000 1340 3
82 1200 1940 3.7
82 1400 2680 4.9
82 1600 3660 3.3
82 1800 4320 2.1
83 0 0 2
83 200 400 1.4
83 400 680 1
83 600 880 1.4
83 800 1160 0.9
83 1000 1340 3
83 1200 1940 3.7
83 1400 2680 4.9
83 1600 3660 3.3
83 1800 4320 2.1
84 0 0 2
84 200 400 1.4
84 400 680 1
84 600 880 1.4
84 800 1160 0.9
84 1000 1340 3
84 1200 1940 3.7
84 1400 2680 4.9
84 1600 3660 3.3
84 1800 4320 2.1
85 0 0 2
85 200 400 1.4
85 400 680 1
85 600 880 1.4
85 800 1160 0.9
85 1000 1340 3
85 1200 1940 3.7
85 1400 2680 4.9
85 1600 3660 3.3
85 1800 4320 2.1
86 0 0 2
86 200 400 1.4
86 400 680 1
86 600 880 1.4
86 800 1160 0.9
86 1000 1340 3
86 1200 1940 3.7
86 1400 2680 4.9
86 1600 3660 3.3
86 1800 4320 2.1
87 0 0 2
87 200 400 1.4
87 400 680 1
87 600 880 1.4
87 800 1160 0.9
87 1000 1340 3
87 1200 1940 3.7
87 1400 2680 4.9
87 1600 3660 3.3
87 1800 4320 2.1
88 0 0 2
88 200 400 1.4
88 400 680 1
88 600 880 1.4
88 800 1160 0.9
88 1000 1340 3
88 1200 1940 3.7
88 1400 2680 4.9
88 1600 3660 3.3
88 1800 4320 2.1
89 0 0 2
89 200 400 1.4
89 400 680 1
89 600 880 1.4
89 800 1160 0.9
89 1000 1340 3
89 1200 1940 3.7
89 1400 2680 4.9
89 1600 3660 3.3
89 1800 4320 2.1
90 0 0 2
90 200 400 1.4
90 400 680 1
90 600 880 1.4
90 800 1160 0.9
90 1000 1340 3
90 1200 1940 3.7
90 1400 2680 4.9
90 1600 3660 3.3
90 1800 4320 2.1
91 0 0 2
91 200 400 1.4
91 400 680 1
91 600 880 1.4
91 800 1160 0.9
91 1000 1340 3
91 1200 1940 3.7
91 1400 2680 4.9
91 1600 3660 3.3
91 1800 4320 2.1
92 0 0 2
92 200 400 1.4
92 400 680 1
92 600 880 1.4
92 800 1160 0.9
92 1000 1340 3
92 1200 1940 3.7
92 1400 2680 4.9
92 1600 3660 3.3
92 1800 4320 2.1
93 0 0 2
93 200 400 1.4
93 400 680 1
93 600 880 1.4
93 800 1160 0.9
93 1000 1340 3
93 1200 1940 3.7
93 1400 2680 4.9
93 1600 3660 3.3
93 1800 4320 2.1
94 0 0 2
94 200 400 1.4
94 400 680 1
94 600 880 1.4
94 800 1160 0.9
94 1000 1340 3
94 1200 1940 3.7
94 1400 2680 4.9
94 1600 3660 3.3
94 1800 4320 2.1
95 0 0 2
95 200 400 1.4
95 400 680 1
95 600 880 1.4
95 800 1160 0.9
95 1000 1340 3
95 1200 1940 3.7
95 1400 2680 4.9
95 1600 3660 3.3
95 1800 4320 2.1
96 0 0 2
96 200 400 1.4
96 400 680 1
96 600 880 1.4
96 800 1160 0.9
96 1000 1340 3
96 1200 1940 3.7
96 1400 2680 4.9
96 1600 3660 3.3
96 1800 4320 2.1
97 0 0 2
97 200 400 1.4
97 400 680 1
97 600 880 1.4
97 800 1160 0.9
97 1000 1340 3
97 1200 1940 3.7
97 1400 2680 4.9
97 1600 3660 3.3
97 1800 4320 2.1
98 0 0 2
98 200 400 1.4
98 400 680 1
98 600 880 1.4
98 800 1160 0.9
98 1000 1340 3
98 1200 1940 3.7
98 1400 2680 4.9
98 1600 3660 3.3
98 1800 4320 2.1
99 0 0 2
99 200 400 1.4
99 400 680 1
99 600 880 1.4
99 800 1160 0.9
99 1000 1340 3
99 1200 1940 3.7
99 1400 2680 4.9
99 1600 3660 3.3
99 1800 4320 2.1
