20 4
0 0 0 4.1
0 25 102.5 1.9
0 50 150 4.7
0 75 267.5 2.7
1 0 0 4.1
1 25 102.5 1.9
1 50 150 4.7
1 75 267.5 2.7
2 0 0 4.1
2 25 102.5 1.9
2 50 150 4.7
2 75 267.5 2.7
3 0 0 4.1
3 25 102.5 1.9
3 50 150 4.7
3 75 267.5 2.7
4 0 0 4.1
4 25 102.5 1.9
4 50 150 4.7
4 75 267.5 2.7
5 0 0 4.1
5 25 102.5 1.9
5 50 150 4.7
5 75 267.5 2.7
6 0 0 4.1
6 25 102.5 1.9
6 50 150 4.7
6 75 267.5 2.7
7 0 0 4.1
7 25 102.5 1.9
7 50 150 4.7
7 75 267.5 2.7
8 0 0 4.1
8 25 102.5 1.9
8 50 150 4.7
8 75 267.5 2.7
9 0 0 4.1
9 25 102.5 1.9
9 50 150 4.7
9 75 267.5 2.7
10 0 0 4.1
10 25 102.5 1.9
10 50 150 4.7
10 75 267.5 2.7
11 0 0 4.1
11 25 102.5 1.9
11 50 150 4.7
11 75 267.5 2.7
12 0 0 4.1
12 25 102.5 1.9
12 50 150 4.7
12 75 267.5 2.7
13 0 0 4.1
13 25 102.5 1.9
13 50 150 4.7
13 75 267.5 2.7
14 0 0 4.1
14 25 102.5 1.9
14 50 150 4.7
14 75 267.5 2.7
15 0 0 4.1
15 25 102.5 1.9
15 50 150 4.7
15 75 267.5 2.7
16 0 0 4.1
16 25 102.5 1.9
16 50 150 4.7
16 75 267.5 2.7
17 0 0 4.1
17 25 102.5 1.9
17 50 150 4.7
17 75 267.5 2.7
18 0 0 4.1
18 25 102.5 1.9
18 50 150 4.7
18 75 267.5 2.7
19 0 0 4.1
19 25 102.5 1.9
19 50 150 4.7
19 75 267.5 2.7
