1000 4
0 0 0 4.9
0 500 2450 2.9
0 1000 3900 3.9
0 1500 5850 3.7
1 0 0 4.9
1 500 2450 2.9
1 1000 3900 3.9
1 1500 5850 3.7
2 0 0 4.9
2 500 2450 2.9
2 1000 3900 3.9
2 1500 5850 3.7
3 0 0 4.9
3 500 2450 2.9
3 1000 3900 3.9
3 1500 5850 3.7
4 0 0 4.9
4 500 2450 2.9
4 1000 3900 3.9
4 1500 5850 3.7
5 0 0 4.9
5 500 2450 2.9
5 1000 3900 3.9
5 1500 5850 3.7
6 0 0 4.9
6 500 2450 2.9
6 1000 3900 3.9
6 1500 5850 3.7
7 0 0 4.9
7 500 2450 2.9
7 1000 3900 3.9
7 1500 5850 3.7
8 0 0 4.9
8 500 2450 2.9
8 1000 3900 3.9
8 1500 5850 3.7
9 0 0 4.9
9 500 2450 2.9
9 1000 3900 3.9
9 1500 5850 3.7
10 0 0 4.9
10 500 2450 2.9
10 1000 3900 3.9
10 1500 5850 3.7
11 0 0 4.9
11 500 2450 2.9
11 1000 3900 3.9
11 1500 5850 3.7
12 0 0 4.9
12 500 2450 2.9
12 1000 3900 3.9
12 1500 5850 3.7
13 0 0 4.9
13 500 2450 2.9
13 1000 3900 3.9
13 1500 5850 3.7
14 0 0 4.9
14 500 2450 2.9
14 1000 3900 3.9
14 1500 5850 3.7
15 0 0 4.9
15 500 2450 2.9
15 1000 3900 3.9
15 1500 5850 3.7
16 0 0 4.9
16 500 2450 2.9
16 1000 3900 3.9
16 1500 5850 3.7
17 0 0 4.9
17 500 2450 2.9
17 1000 3900 3.9
17 1500 5850 3.7
18 0 0 4.9
18 500 2450 2.9
18 1000 3900 3.9
18 1500 5850 3.7
19 0 0 4.9
19 500 2450 2.9
19 1000 3900 3.9
19 1500 5850 3.7
20 0 0 4.9
20 500 2450 2.9
20 1000 3900 3.9
20 1500 5850 3.7
21 0 0 4.9
21 500 2450 2.9
21 1000 3900 3.9
21 1500 5850 3.7
22 0 0 4.9
22 500 2450 2.9
22 1000 3900 3.9
22 1500 5850 3.7
23 0 0 4.9
23 500 2450 2.9
23 1000 3900 3.9
23 1500 5850 3.7
24 0 0 4.9
24 500 2450 2.9
24 1000 3900 3.9
24 1500 5850 3.7
25 0 0 4.9
25 500 2450 2.9
25 1000 3900 3.9
25 1500 5850 3.7
26 0 0 4.9
26 500 2450 2.9
26 1000 3900 3.9
26 1500 5850 3.7
27 0 0 4.9
27 500 2450 2.9
27 1000 3900 3.9
27 1500 5850 3.7
28 0 0 4.9
28 500 2450 2.9
28 1000 3900 3.9
28 1500 5850 3.7
29 0 0 4.9
29 500 2450 2.9
29 1000 3900 3.9
29 1500 5850 3.7
30 0 0 4.9
30 500 2450 2.9
30 1000 3900 3.9
30 1500 5850 3.7
31 0 0 4.9
31 500 2450 2.9
31 1000 3900 3.9
31 1500 5850 3.7
32 0 0 4.9
32 500 2450 2.9
32 1000 3900 3.9
32 1500 5850 3.7
33 0 0 4.9
33 500 2450 2.9
33 1000 3900 3.9
33 1500 5850 3.7
34 0 0 4.9
34 500 2450 2.9
34 1000 3900 3.9
34 1500 5850 3.7
35 0 0 4.9
35 500 2450 2.9
35 1000 3900 3.9
35 1500 5850 3.7
36 0 0 4.9
36 500 2450 2.9
36 1000 3900 3.9
36 1500 5850 3.7
37 0 0 4.9
37 500 2450 2.9
37 1000 3900 3.9
37 1500 5850 3.7
38 0 0 4.9
38 500 2450 2.9
38 1000 3900 3.9
38 1500 5850 3.7
39 0 0 4.9
39 500 2450 2.9
39 1000 3900 3.9
39 1500 5850 3.7
40 0 0 4.9
40 500 2450 2.9
40 1000 3900 3.9
40 1500 5850 3.7
41 0 0 4.9
41 500 2450 2.9
41 1000 3900 3.9
41 1500 5850 3.7
42 0 0 4.9
42 500 2450 2.9
42 1000 3900 3.9
42 1500 5850 3.7
43 0 0 4.9
43 500 2450 2.9
43 1000 3900 3.9
43 1500 5850 3.7
44 0 0 4.9
44 500 2450 2.9
44 1000 3900 3.9
44 1500 5850 3.7
45 0 0 4.9
45 500 2450 2.9
45 1000 3900 3.9
45 1500 5850 3.7
46 0 0 4.9
46 500 2450 2.9
46 1000 3900 3.9
46 1500 5850 3.7
47 0 0 4.9
47 500 2450 2.9
47 1000 3900 3.9
47 1500 5850 3.7
48 0 0 4.9
48 500 2450 2.9
48 1000 3900 3.9
48 1500 5850 3.7
49 0 0 4.9
49 500 2450 2.9
49 1000 3900 3.9
49 1500 5850 3.7
50 0 0 4.9
50 500 2450 2.9
50 1000 3900 3.9
50 1500 5850 3.7
51 0 0 4.9
51 500 2450 2.9
51 1000 3900 3.9
51 1500 5850 3.7
52 0 0 4.9
52 500 2450 2.9
52 1000 3900 3.9
52 1500 5850 3.7
53 0 0 4.9
53 500 2450 2.9
53 1000 3900 3.9
53 1500 5850 3.7
54 0 0 4.9
54 500 2450 2.9
54 1000 3900 3.9
54 1500 5850 3.7
55 0 0 4.9
55 500 2450 2.9
55 1000 3900 3.9
55 1500 5850 3.7
56 0 0 4.9
56 500 2450 2.9
56 1000 3900 3.9
56 1500 5850 3.7
57 0 0 4.9
57 500 2450 2.9
57 1000 3900 3.9
57 1500 5850 3.7
58 0 0 4.9
58 500 2450 2.9
58 1000 3900 3.9
58 1500 5850 3.7
59 0 0 4.9
59 500 2450 2.9
59 1000 3900 3.9
59 1500 5850 3.7
60 0 0 4.9
60 500 2450 2.9
60 1000 3900 3.9
60 1500 5850 3.7
61 0 0 4.9
61 500 2450 2.9
61 1000 3900 3.9
61 1500 5850 3.7
62 0 0 4.9
62 500 2450 2.9
62 1000 3900 3.9
62 1500 5850 3.7
63 0 0 4.9
63 500 2450 2.9
63 1000 3900 3.9
63 1500 5850 3.7
64 0 0 4.9
64 500 2450 2.9
64 1000 3900 3.9
64 1500 5850 3.7
65 0 0 4.9
65 500 2450 2.9
65 1000 3900 3.9
65 1500 5850 3.7
66 0 0 4.9
66 500 2450 2.9
66 1000 3900 3.9
66 1500 5850 3.7
67 0 0 4.9
67 500 2450 2.9
67 1000 3900 3.9
67 1500 5850 3.7
68 0 0 4.9
68 500 2450 2.9
68 1000 3900 3.9
68 1500 5850 3.7
69 0 0 4.9
69 500 2450 2.9
69 1000 3900 3.9
69 1500 5850 3.7
70 0 0 4.9
70 500 2450 2.9
70 1000 3900 3.9
70 1500 5850 3.7
71 0 0 4.9
71 500 2450 2.9
71 1000 3900 3.9
71 1500 5850 3.7
72 0 0 4.9
72 500 2450 2.9
72 1000 3900 3.9
72 1500 5850 3.7
73 0 0 4.9
73 500 2450 2.9
73 1000 3900 3.9
73 1500 5850 3.7
74 0 0 4.9
74 500 2450 2.9
74 1000 3900 3.9
74 1500 5850 3.7
75 0 0 4.9
75 500 2450 2.9
75 1000 3900 3.9
75 1500 5850 3.7
76 0 0 4.9
76 500 2450 2.9
76 1000 3900 3.9
76 1500 5850 3.7
77 0 0 4.9
77 500 2450 2.9
77 1000 3900 3.9
77 1500 5850 3.7
78 0 0 4.9
78 500 2450 2.9
78 1000 3900 3.9
78 1500 5850 3.7
79 0 0 4.9
79 500 2450 2.9
79 1000 3900 3.9
79 1500 5850 3.7
80 0 0 4.9
80 500 2450 2.9
80 1000 3900 3.9
80 1500 5850 3.7
81 0 0 4.9
81 500 2450 2.9
81 1000 3900 3.9
81 1500 5850 3.7
82 0 0 4.9
82 500 2450 2.9
82 1000 3900 3.9
82 1500 5850 3.7
83 0 0 4.9
83 500 2450 2.9
83 1000 3900 3.9
83 1500 5850 3.7
84 0 0 4.9
84 500 2450 2.9
84 1000 3900 3.9
84 1500 5850 3.7
85 0 0 4.9
85 500 2450 2.9
85 1000 3900 3.9
85 1500 5850 3.7
86 0 0 4.9
86 500 2450 2.9
86 1000 3900 3.9
86 1500 5850 3.7
87 0 0 4.9
87 500 2450 2.9
87 1000 3900 3.9
87 1500 5850 3.7
88 0 0 4.9
88 500 2450 2.9
88 1000 3900 3.9
88 1500 5850 3.7
89 0 0 4.9
89 500 2450 2.9
89 1000 3900 3.9
89 1500 5850 3.7
90 0 0 4.9
90 500 2450 2.9
90 1000 3900 3.9
90 1500 5850 3.7
91 0 0 4.9
91 500 2450 2.9
91 1000 3900 3.9
91 1500 5850 3.7
92 0 0 4.9
92 500 2450 2.9
92 1000 3900 3.9
92 1500 5850 3.7
93 0 0 4.9
93 500 2450 2.9
93 1000 3900 3.9
93 1500 5850 3.7
94 0 0 4.9
94 500 2450 2.9
94 1000 3900 3.9
94 1500 5850 3.7
95 0 0 4.9
95 500 2450 2.9
95 1000 3900 3.9
95 1500 5850 3.7
96 0 0 4.9
96 500 2450 2.9
96 1000 3900 3.9
96 1500 5850 3.7
97 0 0 4.9
97 500 2450 2.9
97 1000 3900 3.9
97 1500 5850 3.7
98 0 0 4.9
98 500 2450 2.9
98 1000 3900 3.9
98 1500 5850 3.7
99 0 0 4.9
99 500 2450 2.9
99 1000 3900 3.9
99 1500 5850 3.7
100 0 0 4.9
100 500 2450 2.9
100 1000 3900 3.9
100 1500 5850 3.7
101 0 0 4.9
101 500 2450 2.9
101 1000 3900 3.9
101 1500 5850 3.7
102 0 0 4.9
102 500 2450 2.9
102 1000 3900 3.9
102 1500 5850 3.7
103 0 0 4.9
103 500 2450 2.9
103 1000 3900 3.9
103 1500 5850 3.7
104 0 0 4.9
104 500 2450 2.9
104 1000 3900 3.9
104 1500 5850 3.7
105 0 0 4.9
105 500 2450 2.9
105 1000 3900 3.9
105 1500 5850 3.7
106 0 0 4.9
106 500 2450 2.9
106 1000 3900 3.9
106 1500 5850 3.7
107 0 0 4.9
107 500 2450 2.9
107 1000 3900 3.9
107 1500 5850 3.7
108 0 0 4.9
108 500 2450 2.9
108 1000 3900 3.9
108 1500 5850 3.7
109 0 0 4.9
109 500 2450 2.9
109 1000 3900 3.9
109 1500 5850 3.7
110 0 0 4.9
110 500 2450 2.9
110 1000 3900 3.9
110 1500 5850 3.7
111 0 0 4.9
111 500 2450 2.9
111 1000 3900 3.9
111 1500 5850 3.7
112 0 0 4.9
112 500 2450 2.9
112 1000 3900 3.9
112 1500 5850 3.7
113 0 0 4.9
113 500 2450 2.9
113 1000 3900 3.9
113 1500 5850 3.7
114 0 0 4.9
114 500 2450 2.9
114 1000 3900 3.9
114 1500 5850 3.7
115 0 0 4.9
115 500 2450 2.9
115 1000 3900 3.9
115 1500 5850 3.7
116 0 0 4.9
116 500 2450 2.9
116 1000 3900 3.9
116 1500 5850 3.7
117 0 0 4.9
117 500 2450 2.9
117 1000 3900 3.9
117 1500 5850 3.7
118 0 0 4.9
118 500 2450 2.9
118 1000 3900 3.9
118 1500 5850 3.7
119 0 0 4.9
119 500 2450 2.9
119 1000 3900 3.9
119 1500 5850 3.7
120 0 0 4.9
120 500 2450 2.9
120 1000 3900 3.9
120 1500 5850 3.7
121 0 0 4.9
121 500 2450 2.9
121 1000 3900 3.9
121 1500 5850 3.7
122 0 0 4.9
122 500 2450 2.9
122 1000 3900 3.9
122 1500 5850 3.7
123 0 0 4.9
123 500 2450 2.9
123 1000 3900 3.9
123 1500 5850 3.7
124 0 0 4.9
124 500 2450 2.9
124 1000 3900 3.9
124 1500 5850 3.7
125 0 0 4.9
125 500 2450 2.9
125 1000 3900 3.9
125 1500 5850 3.7
126 0 0 4.9
126 500 2450 2.9
126 1000 3900 3.9
126 1500 5850 3.7
127 0 0 4.9
127 500 2450 2.9
127 1000 3900 3.9
127 1500 5850 3.7
128 0 0 4.9
128 500 2450 2.9
128 1000 3900 3.9
128 1500 5850 3.7
129 0 0 4.9
129 500 2450 2.9
129 1000 3900 3.9
129 1500 5850 3.7
130 0 0 4.9
130 500 2450 2.9
130 1000 3900 3.9
130 1500 5850 3.7
131 0 0 4.9
131 500 2450 2.9
131 1000 3900 3.9
131 1500 5850 3.7
132 0 0 4.9
132 500 2450 2.9
132 1000 3900 3.9
132 1500 5850 3.7
133 0 0 4.9
133 500 2450 2.9
133 1000 3900 3.9
133 1500 5850 3.7
134 0 0 4.9
134 500 2450 2.9
134 1000 3900 3.9
134 1500 5850 3.7
135 0 0 4.9
135 500 2450 2.9
135 1000 3900 3.9
135 1500 5850 3.7
136 0 0 4.9
136 500 2450 2.9
136 1000 3900 3.9
136 1500 5850 3.7
137 0 0 4.9
137 500 2450 2.9
137 1000 3900 3.9
137 1500 5850 3.7
138 0 0 4.9
138 500 2450 2.9
138 1000 3900 3.9
138 1500 5850 3.7
139 0 0 4.9
139 500 2450 2.9
139 1000 3900 3.9
139 1500 5850 3.7
140 0 0 4.9
140 500 2450 2.9
140 1000 3900 3.9
140 1500 5850 3.7
141 0 0 4.9
141 500 2450 2.9
141 1000 3900 3.9
141 1500 5850 3.7
142 0 0 4.9
142 500 2450 2.9
142 1000 3900 3.9
142 1500 5850 3.7
143 0 0 4.9
143 500 2450 2.9
143 1000 3900 3.9
143 1500 5850 3.7
144 0 0 4.9
144 500 2450 2.9
144 1000 3900 3.9
144 1500 5850 3.7
145 0 0 4.9
145 500 2450 2.9
145 1000 3900 3.9
145 1500 5850 3.7
146 0 0 4.9
146 500 2450 2.9
146 1000 3900 3.9
146 1500 5850 3.7
147 0 0 4.9
147 500 2450 2.9
147 1000 3900 3.9
147 1500 5850 3.7
148 0 0 4.9
148 500 2450 2.9
148 1000 3900 3.9
148 1500 5850 3.7
149 0 0 4.9
149 500 2450 2.9
149 1000 3900 3.9
149 1500 5850 3.7
150 0 0 4.9
150 500 2450 2.9
150 1000 3900 3.9
150 1500 5850 3.7
151 0 0 4.9
151 500 2450 2.9
151 1000 3900 3.9
151 1500 5850 3.7
152 0 0 4.9
152 500 2450 2.9
152 1000 3900 3.9
152 1500 5850 3.7
153 0 0 4.9
153 500 2450 2.9
153 1000 3900 3.9
153 1500 5850 3.7
154 0 0 4.9
154 500 2450 2.9
154 1000 3900 3.9
154 1500 5850 3.7
155 0 0 4.9
155 500 2450 2.9
155 1000 3900 3.9
155 1500 5850 3.7
156 0 0 4.9
156 500 2450 2.9
156 1000 3900 3.9
156 1500 5850 3.7
157 0 0 4.9
157 500 2450 2.9
157 1000 3900 3.9
157 1500 5850 3.7
158 0 0 4.9
158 500 2450 2.9
158 1000 3900 3.9
158 1500 5850 3.7
159 0 0 4.9
159 500 2450 2.9
159 1000 3900 3.9
159 1500 5850 3.7
160 0 0 4.9
160 500 2450 2.9
160 1000 3900 3.9
160 1500 5850 3.7
161 0 0 4.9
161 500 2450 2.9
161 1000 3900 3.9
161 1500 5850 3.7
162 0 0 4.9
162 500 2450 2.9
162 1000 3900 3.9
162 1500 5850 3.7
163 0 0 4.9
163 500 2450 2.9
163 1000 3900 3.9
163 1500 5850 3.7
164 0 0 4.9
164 500 2450 2.9
164 1000 3900 3.9
164 1500 5850 3.7
165 0 0 4.9
165 500 2450 2.9
165 1000 3900 3.9
165 1500 5850 3.7
166 0 0 4.9
166 500 2450 2.9
166 1000 3900 3.9
166 1500 5850 3.7
167 0 0 4.9
167 500 2450 2.9
167 1000 3900 3.9
167 1500 5850 3.7
168 0 0 4.9
168 500 2450 2.9
168 1000 3900 3.9
168 1500 5850 3.7
169 0 0 4.9
169 500 2450 2.9
169 1000 3900 3.9
169 1500 5850 3.7
170 0 0 4.9
170 500 2450 2.9
170 1000 3900 3.9
170 1500 5850 3.7
171 0 0 4.9
171 500 2450 2.9
171 1000 3900 3.9
171 1500 5850 3.7
172 0 0 4.9
172 500 2450 2.9
172 1000 3900 3.9
172 1500 5850 3.7
173 0 0 4.9
173 500 2450 2.9
173 1000 3900 3.9
173 1500 5850 3.7
174 0 0 4.9
174 500 2450 2.9
174 1000 3900 3.9
174 1500 5850 3.7
175 0 0 4.9
175 500 2450 2.9
175 1000 3900 3.9
175 1500 5850 3.7
176 0 0 4.9
176 500 2450 2.9
176 1000 3900 3.9
176 1500 5850 3.7
177 0 0 4.9
177 500 2450 2.9
177 1000 3900 3.9
177 1500 5850 3.7
178 0 0 4.9
178 500 2450 2.9
178 1000 3900 3.9
178 1500 5850 3.7
179 0 0 4.9
179 500 2450 2.9
179 1000 3900 3.9
179 1500 5850 3.7
180 0 0 4.9
180 500 2450 2.9
180 1000 3900 3.9
180 1500 5850 3.7
181 0 0 4.9
181 500 2450 2.9
181 1000 3900 3.9
181 1500 5850 3.7
182 0 0 4.9
182 500 2450 2.9
182 1000 3900 3.9
182 1500 5850 3.7
183 0 0 4.9
183 500 2450 2.9
183 1000 3900 3.9
183 1500 5850 3.7
184 0 0 4.9
184 500 2450 2.9
184 1000 3900 3.9
184 1500 5850 3.7
185 0 0 4.9
185 500 2450 2.9
185 1000 3900 3.9
185 1500 5850 3.7
186 0 0 4.9
186 500 2450 2.9
186 1000 3900 3.9
186 1500 5850 3.7
187 0 0 4.9
187 500 2450 2.9
187 1000 3900 3.9
187 1500 5850 3.7
188 0 0 4.9
188 500 2450 2.9
188 1000 3900 3.9
188 1500 5850 3.7
189 0 0 4.9
189 500 2450 2.9
189 1000 3900 3.9
189 1500 5850 3.7
190 0 0 4.9
190 500 2450 2.9
190 1000 3900 3.9
190 1500 5850 3.7
191 0 0 4.9
191 500 2450 2.9
191 1000 3900 3.9
191 1500 5850 3.7
192 0 0 4.9
192 500 2450 2.9
192 1000 3900 3.9
192 1500 5850 3.7
193 0 0 4.9
193 500 2450 2.9
193 1000 3900 3.9
193 1500 5850 3.7
194 0 0 4.9
194 500 2450 2.9
194 1000 3900 3.9
194 1500 5850 3.7
195 0 0 4.9
195 500 2450 2.9
195 1000 3900 3.9
195 1500 5850 3.7
196 0 0 4.9
196 500 2450 2.9
196 1000 3900 3.9
196 1500 5850 3.7
197 0 0 4.9
197 500 2450 2.9
197 1000 3900 3.9
197 1500 5850 3.7
198 0 0 4.9
198 500 2450 2.9
198 1000 3900 3.9
198 1500 5850 3.7
199 0 0 4.9
199 500 2450 2.9
199 1000 3900 3.9
199 1500 5850 3.7
200 0 0 4.9
200 500 2450 2.9
200 1000 3900 3.9
200 1500 5850 3.7
201 0 0 4.9
201 500 2450 2.9
201 1000 3900 3.9
201 1500 5850 3.7
202 0 0 4.9
202 500 2450 2.9
202 1000 3900 3.9
202 1500 5850 3.7
203 0 0 4.9
203 500 2450 2.9
203 1000 3900 3.9
203 1500 5850 3.7
204 0 0 4.9
204 500 2450 2.9
204 1000 3900 3.9
204 1500 5850 3.7
205 0 0 4.9
205 500 2450 2.9
205 1000 3900 3.9
205 1500 5850 3.7
206 0 0 4.9
206 500 2450 2.9
206 1000 3900 3.9
206 1500 5850 3.7
207 0 0 4.9
207 500 2450 2.9
207 1000 3900 3.9
207 1500 5850 3.7
208 0 0 4.9
208 500 2450 2.9
208 1000 3900 3.9
208 1500 5850 3.7
209 0 0 4.9
209 500 2450 2.9
209 1000 3900 3.9
209 1500 5850 3.7
210 0 0 4.9
210 500 2450 2.9
210 1000 3900 3.9
210 1500 5850 3.7
211 0 0 4.9
211 500 2450 2.9
211 1000 3900 3.9
211 1500 5850 3.7
212 0 0 4.9
212 500 2450 2.9
212 1000 3900 3.9
212 1500 5850 3.7
213 0 0 4.9
213 500 2450 2.9
213 1000 3900 3.9
213 1500 5850 3.7
214 0 0 4.9
214 500 2450 2.9
214 1000 3900 3.9
214 1500 5850 3.7
215 0 0 4.9
215 500 2450 2.9
215 1000 3900 3.9
215 1500 5850 3.7
216 0 0 4.9
216 500 2450 2.9
216 1000 3900 3.9
216 1500 5850 3.7
217 0 0 4.9
217 500 2450 2.9
217 1000 3900 3.9
217 1500 5850 3.7
218 0 0 4.9
218 500 2450 2.9
218 1000 3900 3.9
218 1500 5850 3.7
219 0 0 4.9
219 500 2450 2.9
219 1000 3900 3.9
219 1500 5850 3.7
220 0 0 4.9
220 500 2450 2.9
220 1000 3900 3.9
220 1500 5850 3.7
221 0 0 4.9
221 500 2450 2.9
221 1000 3900 3.9
221 1500 5850 3.7
222 0 0 4.9
222 500 2450 2.9
222 1000 3900 3.9
222 1500 5850 3.7
223 0 0 4.9
223 500 2450 2.9
223 1000 3900 3.9
223 1500 5850 3.7
224 0 0 4.9
224 500 2450 2.9
224 1000 3900 3.9
224 1500 5850 3.7
225 0 0 4.9
225 500 2450 2.9
225 1000 3900 3.9
225 1500 5850 3.7
226 0 0 4.9
226 500 2450 2.9
226 1000 3900 3.9
226 1500 5850 3.7
227 0 0 4.9
227 500 2450 2.9
227 1000 3900 3.9
227 1500 5850 3.7
228 0 0 4.9
228 500 2450 2.9
228 1000 3900 3.9
228 1500 5850 3.7
229 0 0 4.9
229 500 2450 2.9
229 1000 3900 3.9
229 1500 5850 3.7
230 0 0 4.9
230 500 2450 2.9
230 1000 3900 3.9
230 1500 5850 3.7
231 0 0 4.9
231 500 2450 2.9
231 1000 3900 3.9
231 1500 5850 3.7
232 0 0 4.9
232 500 2450 2.9
232 1000 3900 3.9
232 1500 5850 3.7
233 0 0 4.9
233 500 2450 2.9
233 1000 3900 3.9
233 1500 5850 3.7
234 0 0 4.9
234 500 2450 2.9
234 1000 3900 3.9
234 1500 5850 3.7
235 0 0 4.9
235 500 2450 2.9
235 1000 3900 3.9
235 1500 5850 3.7
236 0 0 4.9
236 500 2450 2.9
236 1000 3900 3.9
236 1500 5850 3.7
237 0 0 4.9
237 500 2450 2.9
237 1000 3900 3.9
237 1500 5850 3.7
238 0 0 4.9
238 500 2450 2.9
238 1000 3900 3.9
238 1500 5850 3.7
239 0 0 4.9
239 500 2450 2.9
239 1000 3900 3.9
239 1500 5850 3.7
240 0 0 4.9
240 500 2450 2.9
240 1000 3900 3.9
240 1500 5850 3.7
241 0 0 4.9
241 500 2450 2.9
241 1000 3900 3.9
241 1500 5850 3.7
242 0 0 4.9
242 500 2450 2.9
242 1000 3900 3.9
242 1500 5850 3.7
243 0 0 4.9
243 500 2450 2.9
243 1000 3900 3.9
243 1500 5850 3.7
244 0 0 4.9
244 500 2450 2.9
244 1000 3900 3.9
244 1500 5850 3.7
245 0 0 4.9
245 500 2450 2.9
245 1000 3900 3.9
245 1500 5850 3.7
246 0 0 4.9
246 500 2450 2.9
246 1000 3900 3.9
246 1500 5850 3.7
247 0 0 4.9
247 500 2450 2.9
247 1000 3900 3.9
247 1500 5850 3.7
248 0 0 4.9
248 500 2450 2.9
248 1000 3900 3.9
248 1500 5850 3.7
249 0 0 4.9
249 500 2450 2.9
249 1000 3900 3.9
249 1500 5850 3.7
250 0 0 4.9
250 500 2450 2.9
250 1000 3900 3.9
250 1500 5850 3.7
251 0 0 4.9
251 500 2450 2.9
251 1000 3900 3.9
251 1500 5850 3.7
252 0 0 4.9
252 500 2450 2.9
252 1000 3900 3.9
252 1500 5850 3.7
253 0 0 4.9
253 500 2450 2.9
253 1000 3900 3.9
253 1500 5850 3.7
254 0 0 4.9
254 500 2450 2.9
254 1000 3900 3.9
254 1500 5850 3.7
255 0 0 4.9
255 500 2450 2.9
255 1000 3900 3.9
255 1500 5850 3.7
256 0 0 4.9
256 500 2450 2.9
256 1000 3900 3.9
256 1500 5850 3.7
257 0 0 4.9
257 500 2450 2.9
257 1000 3900 3.9
257 1500 5850 3.7
258 0 0 4.9
258 500 2450 2.9
258 1000 3900 3.9
258 1500 5850 3.7
259 0 0 4.9
259 500 2450 2.9
259 1000 3900 3.9
259 1500 5850 3.7
260 0 0 4.9
260 500 2450 2.9
260 1000 3900 3.9
260 1500 5850 3.7
261 0 0 4.9
261 500 2450 2.9
261 1000 3900 3.9
261 1500 5850 3.7
262 0 0 4.9
262 500 2450 2.9
262 1000 3900 3.9
262 1500 5850 3.7
263 0 0 4.9
263 500 2450 2.9
263 1000 3900 3.9
263 1500 5850 3.7
264 0 0 4.9
264 500 2450 2.9
264 1000 3900 3.9
264 1500 5850 3.7
265 0 0 4.9
265 500 2450 2.9
265 1000 3900 3.9
265 1500 5850 3.7
266 0 0 4.9
266 500 2450 2.9
266 1000 3900 3.9
266 1500 5850 3.7
267 0 0 4.9
267 500 2450 2.9
267 1000 3900 3.9
267 1500 5850 3.7
268 0 0 4.9
268 500 2450 2.9
268 1000 3900 3.9
268 1500 5850 3.7
269 0 0 4.9
269 500 2450 2.9
269 1000 3900 3.9
269 1500 5850 3.7
270 0 0 4.9
270 500 2450 2.9
270 1000 3900 3.9
270 1500 5850 3.7
271 0 0 4.9
271 500 2450 2.9
271 1000 3900 3.9
271 1500 5850 3.7
272 0 0 4.9
272 500 2450 2.9
272 1000 3900 3.9
272 1500 5850 3.7
273 0 0 4.9
273 500 2450 2.9
273 1000 3900 3.9
273 1500 5850 3.7
274 0 0 4.9
274 500 2450 2.9
274 1000 3900 3.9
274 1500 5850 3.7
275 0 0 4.9
275 500 2450 2.9
275 1000 3900 3.9
275 1500 5850 3.7
276 0 0 4.9
276 500 2450 2.9
276 1000 3900 3.9
276 1500 5850 3.7
277 0 0 4.9
277 500 2450 2.9
277 1000 3900 3.9
277 1500 5850 3.7
278 0 0 4.9
278 500 2450 2.9
278 1000 3900 3.9
278 1500 5850 3.7
279 0 0 4.9
279 500 2450 2.9
279 1000 3900 3.9
279 1500 5850 3.7
280 0 0 4.9
280 500 2450 2.9
280 1000 3900 3.9
280 1500 5850 3.7
281 0 0 4.9
281 500 2450 2.9
281 1000 3900 3.9
281 1500 5850 3.7
282 0 0 4.9
282 500 2450 2.9
282 1000 3900 3.9
282 1500 5850 3.7
283 0 0 4.9
283 500 2450 2.9
283 1000 3900 3.9
283 1500 5850 3.7
284 0 0 4.9
284 500 2450 2.9
284 1000 3900 3.9
284 1500 5850 3.7
285 0 0 4.9
285 500 2450 2.9
285 1000 3900 3.9
285 1500 5850 3.7
286 0 0 4.9
286 500 2450 2.9
286 1000 3900 3.9
286 1500 5850 3.7
287 0 0 4.9
287 500 2450 2.9
287 1000 3900 3.9
287 1500 5850 3.7
288 0 0 4.9
288 500 2450 2.9
288 1000 3900 3.9
288 1500 5850 3.7
289 0 0 4.9
289 500 2450 2.9
289 1000 3900 3.9
289 1500 5850 3.7
290 0 0 4.9
290 500 2450 2.9
290 1000 3900 3.9
290 1500 5850 3.7
291 0 0 4.9
291 500 2450 2.9
291 1000 3900 3.9
291 1500 5850 3.7
292 0 0 4.9
292 500 2450 2.9
292 1000 3900 3.9
292 1500 5850 3.7
293 0 0 4.9
293 500 2450 2.9
293 1000 3900 3.9
293 1500 5850 3.7
294 0 0 4.9
294 500 2450 2.9
294 1000 3900 3.9
294 1500 5850 3.7
295 0 0 4.9
295 500 2450 2.9
295 1000 3900 3.9
295 1500 5850 3.7
296 0 0 4.9
296 500 2450 2.9
296 1000 3900 3.9
296 1500 5850 3.7
297 0 0 4.9
297 500 2450 2.9
297 1000 3900 3.9
297 1500 5850 3.7
298 0 0 4.9
298 500 2450 2.9
298 1000 3900 3.9
298 1500 5850 3.7
299 0 0 4.9
299 500 2450 2.9
299 1000 3900 3.9
299 1500 5850 3.7
300 0 0 4.9
300 500 2450 2.9
300 1000 3900 3.9
300 1500 5850 3.7
301 0 0 4.9
301 500 2450 2.9
301 1000 3900 3.9
301 1500 5850 3.7
302 0 0 4.9
302 500 2450 2.9
302 1000 3900 3.9
302 1500 5850 3.7
303 0 0 4.9
303 500 2450 2.9
303 1000 3900 3.9
303 1500 5850 3.7
304 0 0 4.9
304 500 2450 2.9
304 1000 3900 3.9
304 1500 5850 3.7
305 0 0 4.9
305 500 2450 2.9
305 1000 3900 3.9
305 1500 5850 3.7
306 0 0 4.9
306 500 2450 2.9
306 1000 3900 3.9
306 1500 5850 3.7
307 0 0 4.9
307 500 2450 2.9
307 1000 3900 3.9
307 1500 5850 3.7
308 0 0 4.9
308 500 2450 2.9
308 1000 3900 3.9
308 1500 5850 3.7
309 0 0 4.9
309 500 2450 2.9
309 1000 3900 3.9
309 1500 5850 3.7
310 0 0 4.9
310 500 2450 2.9
310 1000 3900 3.9
310 1500 5850 3.7
311 0 0 4.9
311 500 2450 2.9
311 1000 3900 3.9
311 1500 5850 3.7
312 0 0 4.9
312 500 2450 2.9
312 1000 3900 3.9
312 1500 5850 3.7
313 0 0 4.9
313 500 2450 2.9
313 1000 3900 3.9
313 1500 5850 3.7
314 0 0 4.9
314 500 2450 2.9
314 1000 3900 3.9
314 1500 5850 3.7
315 0 0 4.9
315 500 2450 2.9
315 1000 3900 3.9
315 1500 5850 3.7
316 0 0 4.9
316 500 2450 2.9
316 1000 3900 3.9
316 1500 5850 3.7
317 0 0 4.9
317 500 2450 2.9
317 1000 3900 3.9
317 1500 5850 3.7
318 0 0 4.9
318 500 2450 2.9
318 1000 3900 3.9
318 1500 5850 3.7
319 0 0 4.9
319 500 2450 2.9
319 1000 3900 3.9
319 1500 5850 3.7
320 0 0 4.9
320 500 2450 2.9
320 1000 3900 3.9
320 1500 5850 3.7
321 0 0 4.9
321 500 2450 2.9
321 1000 3900 3.9
321 1500 5850 3.7
322 0 0 4.9
322 500 2450 2.9
322 1000 3900 3.9
322 1500 5850 3.7
323 0 0 4.9
323 500 2450 2.9
323 1000 3900 3.9
323 1500 5850 3.7
324 0 0 4.9
324 500 2450 2.9
324 1000 3900 3.9
324 1500 5850 3.7
325 0 0 4.9
325 500 2450 2.9
325 1000 3900 3.9
325 1500 5850 3.7
326 0 0 4.9
326 500 2450 2.9
326 1000 3900 3.9
326 1500 5850 3.7
327 0 0 4.9
327 500 2450 2.9
327 1000 3900 3.9
327 1500 5850 3.7
328 0 0 4.9
328 500 2450 2.9
328 1000 3900 3.9
328 1500 5850 3.7
329 0 0 4.9
329 500 2450 2.9
329 1000 3900 3.9
329 1500 5850 3.7
330 0 0 4.9
330 500 2450 2.9
330 1000 3900 3.9
330 1500 5850 3.7
331 0 0 4.9
331 500 2450 2.9
331 1000 3900 3.9
331 1500 5850 3.7
332 0 0 4.9
332 500 2450 2.9
332 1000 3900 3.9
332 1500 5850 3.7
333 0 0 4.9
333 500 2450 2.9
333 1000 3900 3.9
333 1500 5850 3.7
334 0 0 4.9
334 500 2450 2.9
334 1000 3900 3.9
334 1500 5850 3.7
335 0 0 4.9
335 500 2450 2.9
335 1000 3900 3.9
335 1500 5850 3.7
336 0 0 4.9
336 500 2450 2.9
336 1000 3900 3.9
336 1500 5850 3.7
337 0 0 4.9
337 500 2450 2.9
337 1000 3900 3.9
337 1500 5850 3.7
338 0 0 4.9
338 500 2450 2.9
338 1000 3900 3.9
338 1500 5850 3.7
339 0 0 4.9
339 500 2450 2.9
339 1000 3900 3.9
339 1500 5850 3.7
340 0 0 4.9
340 500 2450 2.9
340 1000 3900 3.9
340 1500 5850 3.7
341 0 0 4.9
341 500 2450 2.9
341 1000 3900 3.9
341 1500 5850 3.7
342 0 0 4.9
342 500 2450 2.9
342 1000 3900 3.9
342 1500 5850 3.7
343 0 0 4.9
343 500 2450 2.9
343 1000 3900 3.9
343 1500 5850 3.7
344 0 0 4.9
344 500 2450 2.9
344 1000 3900 3.9
344 1500 5850 3.7
345 0 0 4.9
345 500 2450 2.9
345 1000 3900 3.9
345 1500 5850 3.7
346 0 0 4.9
346 500 2450 2.9
346 1000 3900 3.9
346 1500 5850 3.7
347 0 0 4.9
347 500 2450 2.9
347 1000 3900 3.9
347 1500 5850 3.7
348 0 0 4.9
348 500 2450 2.9
348 1000 3900 3.9
348 1500 5850 3.7
349 0 0 4.9
349 500 2450 2.9
349 1000 3900 3.9
349 1500 5850 3.7
350 0 0 4.9
350 500 2450 2.9
350 1000 3900 3.9
350 1500 5850 3.7
351 0 0 4.9
351 500 2450 2.9
351 1000 3900 3.9
351 1500 5850 3.7
352 0 0 4.9
352 500 2450 2.9
352 1000 3900 3.9
352 1500 5850 3.7
353 0 0 4.9
353 500 2450 2.9
353 1000 3900 3.9
353 1500 5850 3.7
354 0 0 4.9
354 500 2450 2.9
354 1000 3900 3.9
354 1500 5850 3.7
355 0 0 4.9
355 500 2450 2.9
355 1000 3900 3.9
355 1500 5850 3.7
356 0 0 4.9
356 500 2450 2.9
356 1000 3900 3.9
356 1500 5850 3.7
357 0 0 4.9
357 500 2450 2.9
357 1000 3900 3.9
357 1500 5850 3.7
358 0 0 4.9
358 500 2450 2.9
358 1000 3900 3.9
358 1500 5850 3.7
359 0 0 4.9
359 500 2450 2.9
359 1000 3900 3.9
359 1500 5850 3.7
360 0 0 4.9
360 500 2450 2.9
360 1000 3900 3.9
360 1500 5850 3.7
361 0 0 4.9
361 500 2450 2.9
361 1000 3900 3.9
361 1500 5850 3.7
362 0 0 4.9
362 500 2450 2.9
362 1000 3900 3.9
362 1500 5850 3.7
363 0 0 4.9
363 500 2450 2.9
363 1000 3900 3.9
363 1500 5850 3.7
364 0 0 4.9
364 500 2450 2.9
364 1000 3900 3.9
364 1500 5850 3.7
365 0 0 4.9
365 500 2450 2.9
365 1000 3900 3.9
365 1500 5850 3.7
366 0 0 4.9
366 500 2450 2.9
366 1000 3900 3.9
366 1500 5850 3.7
367 0 0 4.9
367 500 2450 2.9
367 1000 3900 3.9
367 1500 5850 3.7
368 0 0 4.9
368 500 2450 2.9
368 1000 3900 3.9
368 1500 5850 3.7
369 0 0 4.9
369 500 2450 2.9
369 1000 3900 3.9
369 1500 5850 3.7
370 0 0 4.9
370 500 2450 2.9
370 1000 3900 3.9
370 1500 5850 3.7
371 0 0 4.9
371 500 2450 2.9
371 1000 3900 3.9
371 1500 5850 3.7
372 0 0 4.9
372 500 2450 2.9
372 1000 3900 3.9
372 1500 5850 3.7
373 0 0 4.9
373 500 2450 2.9
373 1000 3900 3.9
373 1500 5850 3.7
374 0 0 4.9
374 500 2450 2.9
374 1000 3900 3.9
374 1500 5850 3.7
375 0 0 4.9
375 500 2450 2.9
375 1000 3900 3.9
375 1500 5850 3.7
376 0 0 4.9
376 500 2450 2.9
376 1000 3900 3.9
376 1500 5850 3.7
377 0 0 4.9
377 500 2450 2.9
377 1000 3900 3.9
377 1500 5850 3.7
378 0 0 4.9
378 500 2450 2.9
378 1000 3900 3.9
378 1500 5850 3.7
379 0 0 4.9
379 500 2450 2.9
379 1000 3900 3.9
379 1500 5850 3.7
380 0 0 4.9
380 500 2450 2.9
380 1000 3900 3.9
380 1500 5850 3.7
381 0 0 4.9
381 500 2450 2.9
381 1000 3900 3.9
381 1500 5850 3.7
382 0 0 4.9
382 500 2450 2.9
382 1000 3900 3.9
382 1500 5850 3.7
383 0 0 4.9
383 500 2450 2.9
383 1000 3900 3.9
383 1500 5850 3.7
384 0 0 4.9
384 500 2450 2.9
384 1000 3900 3.9
384 1500 5850 3.7
385 0 0 4.9
385 500 2450 2.9
385 1000 3900 3.9
385 1500 5850 3.7
386 0 0 4.9
386 500 2450 2.9
386 1000 3900 3.9
386 1500 5850 3.7
387 0 0 4.9
387 500 2450 2.9
387 1000 3900 3.9
387 1500 5850 3.7
388 0 0 4.9
388 500 2450 2.9
388 1000 3900 3.9
388 1500 5850 3.7
389 0 0 4.9
389 500 2450 2.9
389 1000 3900 3.9
389 1500 5850 3.7
390 0 0 4.9
390 500 2450 2.9
390 1000 3900 3.9
390 1500 5850 3.7
391 0 0 4.9
391 500 2450 2.9
391 1000 3900 3.9
391 1500 5850 3.7
392 0 0 4.9
392 500 2450 2.9
392 1000 3900 3.9
392 1500 5850 3.7
393 0 0 4.9
393 500 2450 2.9
393 1000 3900 3.9
393 1500 5850 3.7
394 0 0 4.9
394 500 2450 2.9
394 1000 3900 3.9
394 1500 5850 3.7
395 0 0 4.9
395 500 2450 2.9
395 1000 3900 3.9
395 1500 5850 3.7
396 0 0 4.9
396 500 2450 2.9
396 1000 3900 3.9
396 1500 5850 3.7
397 0 0 4.9
397 500 2450 2.9
397 1000 3900 3.9
397 1500 5850 3.7
398 0 0 4.9
398 500 2450 2.9
398 1000 3900 3.9
398 1500 5850 3.7
399 0 0 4.9
399 500 2450 2.9
399 1000 3900 3.9
399 1500 5850 3.7
400 0 0 4.9
400 500 2450 2.9
400 1000 3900 3.9
400 1500 5850 3.7
401 0 0 4.9
401 500 2450 2.9
401 1000 3900 3.9
401 1500 5850 3.7
402 0 0 4.9
402 500 2450 2.9
402 1000 3900 3.9
402 1500 5850 3.7
403 0 0 4.9
403 500 2450 2.9
403 1000 3900 3.9
403 1500 5850 3.7
404 0 0 4.9
404 500 2450 2.9
404 1000 3900 3.9
404 1500 5850 3.7
405 0 0 4.9
405 500 2450 2.9
405 1000 3900 3.9
405 1500 5850 3.7
406 0 0 4.9
406 500 2450 2.9
406 1000 3900 3.9
406 1500 5850 3.7
407 0 0 4.9
407 500 2450 2.9
407 1000 3900 3.9
407 1500 5850 3.7
408 0 0 4.9
408 500 2450 2.9
408 1000 3900 3.9
408 1500 5850 3.7
409 0 0 4.9
409 500 2450 2.9
409 1000 3900 3.9
409 1500 5850 3.7
410 0 0 4.9
410 500 2450 2.9
410 1000 3900 3.9
410 1500 5850 3.7
411 0 0 4.9
411 500 2450 2.9
411 1000 3900 3.9
411 1500 5850 3.7
412 0 0 4.9
412 500 2450 2.9
412 1000 3900 3.9
412 1500 5850 3.7
413 0 0 4.9
413 500 2450 2.9
413 1000 3900 3.9
413 1500 5850 3.7
414 0 0 4.9
414 500 2450 2.9
414 1000 3900 3.9
414 1500 5850 3.7
415 0 0 4.9
415 500 2450 2.9
415 1000 3900 3.9
415 1500 5850 3.7
416 0 0 4.9
416 500 2450 2.9
416 1000 3900 3.9
416 1500 5850 3.7
417 0 0 4.9
417 500 2450 2.9
417 1000 3900 3.9
417 1500 5850 3.7
418 0 0 4.9
418 500 2450 2.9
418 1000 3900 3.9
418 1500 5850 3.7
419 0 0 4.9
419 500 2450 2.9
419 1000 3900 3.9
419 1500 5850 3.7
420 0 0 4.9
420 500 2450 2.9
420 1000 3900 3.9
420 1500 5850 3.7
421 0 0 4.9
421 500 2450 2.9
421 1000 3900 3.9
421 1500 5850 3.7
422 0 0 4.9
422 500 2450 2.9
422 1000 3900 3.9
422 1500 5850 3.7
423 0 0 4.9
423 500 2450 2.9
423 1000 3900 3.9
423 1500 5850 3.7
424 0 0 4.9
424 500 2450 2.9
424 1000 3900 3.9
424 1500 5850 3.7
425 0 0 4.9
425 500 2450 2.9
425 1000 3900 3.9
425 1500 5850 3.7
426 0 0 4.9
426 500 2450 2.9
426 1000 3900 3.9
426 1500 5850 3.7
427 0 0 4.9
427 500 2450 2.9
427 1000 3900 3.9
427 1500 5850 3.7
428 0 0 4.9
428 500 2450 2.9
428 1000 3900 3.9
428 1500 5850 3.7
429 0 0 4.9
429 500 2450 2.9
429 1000 3900 3.9
429 1500 5850 3.7
430 0 0 4.9
430 500 2450 2.9
430 1000 3900 3.9
430 1500 5850 3.7
431 0 0 4.9
431 500 2450 2.9
431 1000 3900 3.9
431 1500 5850 3.7
432 0 0 4.9
432 500 2450 2.9
432 1000 3900 3.9
432 1500 5850 3.7
433 0 0 4.9
433 500 2450 2.9
433 1000 3900 3.9
433 1500 5850 3.7
434 0 0 4.9
434 500 2450 2.9
434 1000 3900 3.9
434 1500 5850 3.7
435 0 0 4.9
435 500 2450 2.9
435 1000 3900 3.9
435 1500 5850 3.7
436 0 0 4.9
436 500 2450 2.9
436 1000 3900 3.9
436 1500 5850 3.7
437 0 0 4.9
437 500 2450 2.9
437 1000 3900 3.9
437 1500 5850 3.7
438 0 0 4.9
438 500 2450 2.9
438 1000 3900 3.9
438 1500 5850 3.7
439 0 0 4.9
439 500 2450 2.9
439 1000 3900 3.9
439 1500 5850 3.7
440 0 0 4.9
440 500 2450 2.9
440 1000 3900 3.9
440 1500 5850 3.7
441 0 0 4.9
441 500 2450 2.9
441 1000 3900 3.9
441 1500 5850 3.7
442 0 0 4.9
442 500 2450 2.9
442 1000 3900 3.9
442 1500 5850 3.7
443 0 0 4.9
443 500 2450 2.9
443 1000 3900 3.9
443 1500 5850 3.7
444 0 0 4.9
444 500 2450 2.9
444 1000 3900 3.9
444 1500 5850 3.7
445 0 0 4.9
445 500 2450 2.9
445 1000 3900 3.9
445 1500 5850 3.7
446 0 0 4.9
446 500 2450 2.9
446 1000 3900 3.9
446 1500 5850 3.7
447 0 0 4.9
447 500 2450 2.9
447 1000 3900 3.9
447 1500 5850 3.7
448 0 0 4.9
448 500 2450 2.9
448 1000 3900 3.9
448 1500 5850 3.7
449 0 0 4.9
449 500 2450 2.9
449 1000 3900 3.9
449 1500 5850 3.7
450 0 0 4.9
450 500 2450 2.9
450 1000 3900 3.9
450 1500 5850 3.7
451 0 0 4.9
451 500 2450 2.9
451 1000 3900 3.9
451 1500 5850 3.7
452 0 0 4.9
452 500 2450 2.9
452 1000 3900 3.9
452 1500 5850 3.7
453 0 0 4.9
453 500 2450 2.9
453 1000 3900 3.9
453 1500 5850 3.7
454 0 0 4.9
454 500 2450 2.9
454 1000 3900 3.9
454 1500 5850 3.7
455 0 0 4.9
455 500 2450 2.9
455 1000 3900 3.9
455 1500 5850 3.7
456 0 0 4.9
456 500 2450 2.9
456 1000 3900 3.9
456 1500 5850 3.7
457 0 0 4.9
457 500 2450 2.9
457 1000 3900 3.9
457 1500 5850 3.7
458 0 0 4.9
458 500 2450 2.9
458 1000 3900 3.9
458 1500 5850 3.7
459 0 0 4.9
459 500 2450 2.9
459 1000 3900 3.9
459 1500 5850 3.7
460 0 0 4.9
460 500 2450 2.9
460 1000 3900 3.9
460 1500 5850 3.7
461 0 0 4.9
461 500 2450 2.9
461 1000 3900 3.9
461 1500 5850 3.7
462 0 0 4.9
462 500 2450 2.9
462 1000 3900 3.9
462 1500 5850 3.7
463 0 0 4.9
463 500 2450 2.9
463 1000 3900 3.9
463 1500 5850 3.7
464 0 0 4.9
464 500 2450 2.9
464 1000 3900 3.9
464 1500 5850 3.7
465 0 0 4.9
465 500 2450 2.9
465 1000 3900 3.9
465 1500 5850 3.7
466 0 0 4.9
466 500 2450 2.9
466 1000 3900 3.9
466 1500 5850 3.7
467 0 0 4.9
467 500 2450 2.9
467 1000 3900 3.9
467 1500 5850 3.7
468 0 0 4.9
468 500 2450 2.9
468 1000 3900 3.9
468 1500 5850 3.7
469 0 0 4.9
469 500 2450 2.9
469 1000 3900 3.9
469 1500 5850 3.7
470 0 0 4.9
470 500 2450 2.9
470 1000 3900 3.9
470 1500 5850 3.7
471 0 0 4.9
471 500 2450 2.9
471 1000 3900 3.9
471 1500 5850 3.7
472 0 0 4.9
472 500 2450 2.9
472 1000 3900 3.9
472 1500 5850 3.7
473 0 0 4.9
473 500 2450 2.9
473 1000 3900 3.9
473 1500 5850 3.7
474 0 0 4.9
474 500 2450 2.9
474 1000 3900 3.9
474 1500 5850 3.7
475 0 0 4.9
475 500 2450 2.9
475 1000 3900 3.9
475 1500 5850 3.7
476 0 0 4.9
476 500 2450 2.9
476 1000 3900 3.9
476 1500 5850 3.7
477 0 0 4.9
477 500 2450 2.9
477 1000 3900 3.9
477 1500 5850 3.7
478 0 0 4.9
478 500 2450 2.9
478 1000 3900 3.9
478 1500 5850 3.7
479 0 0 4.9
479 500 2450 2.9
479 1000 3900 3.9
479 1500 5850 3.7
480 0 0 4.9
480 500 2450 2.9
480 1000 3900 3.9
480 1500 5850 3.7
481 0 0 4.9
481 500 2450 2.9
481 1000 3900 3.9
481 1500 5850 3.7
482 0 0 4.9
482 500 2450 2.9
482 1000 3900 3.9
482 1500 5850 3.7
483 0 0 4.9
483 500 2450 2.9
483 1000 3900 3.9
483 1500 5850 3.7
484 0 0 4.9
484 500 2450 2.9
484 1000 3900 3.9
484 1500 5850 3.7
485 0 0 4.9
485 500 2450 2.9
485 1000 3900 3.9
485 1500 5850 3.7
486 0 0 4.9
486 500 2450 2.9
486 1000 3900 3.9
486 1500 5850 3.7
487 0 0 4.9
487 500 2450 2.9
487 1000 3900 3.9
487 1500 5850 3.7
488 0 0 4.9
488 500 2450 2.9
488 1000 3900 3.9
488 1500 5850 3.7
489 0 0 4.9
489 500 2450 2.9
489 1000 3900 3.9
489 1500 5850 3.7
490 0 0 4.9
490 500 2450 2.9
490 1000 3900 3.9
490 1500 5850 3.7
491 0 0 4.9
491 500 2450 2.9
491 1000 3900 3.9
491 1500 5850 3.7
492 0 0 4.9
492 500 2450 2.9
492 1000 3900 3.9
492 1500 5850 3.7
493 0 0 4.9
493 500 2450 2.9
493 1000 3900 3.9
493 1500 5850 3.7
494 0 0 4.9
494 500 2450 2.9
494 1000 3900 3.9
494 1500 5850 3.7
495 0 0 4.9
495 500 2450 2.9
495 1000 3900 3.9
495 1500 5850 3.7
496 0 0 4.9
496 500 2450 2.9
496 1000 3900 3.9
496 1500 5850 3.7
497 0 0 4.9
497 500 2450 2.9
497 1000 3900 3.9
497 1500 5850 3.7
498 0 0 4.9
498 500 2450 2.9
498 1000 3900 3.9
498 1500 5850 3.7
499 0 0 4.9
499 500 2450 2.9
499 1000 3900 3.9
499 1500 5850 3.7
500 0 0 4.9
500 500 2450 2.9
500 1000 3900 3.9
500 1500 5850 3.7
501 0 0 4.9
501 500 2450 2.9
501 1000 3900 3.9
501 1500 5850 3.7
502 0 0 4.9
502 500 2450 2.9
502 1000 3900 3.9
502 1500 5850 3.7
503 0 0 4.9
503 500 2450 2.9
503 1000 3900 3.9
503 1500 5850 3.7
504 0 0 4.9
504 500 2450 2.9
504 1000 3900 3.9
504 1500 5850 3.7
505 0 0 4.9
505 500 2450 2.9
505 1000 3900 3.9
505 1500 5850 3.7
506 0 0 4.9
506 500 2450 2.9
506 1000 3900 3.9
506 1500 5850 3.7
507 0 0 4.9
507 500 2450 2.9
507 1000 3900 3.9
507 1500 5850 3.7
508 0 0 4.9
508 500 2450 2.9
508 1000 3900 3.9
508 1500 5850 3.7
509 0 0 4.9
509 500 2450 2.9
509 1000 3900 3.9
509 1500 5850 3.7
510 0 0 4.9
510 500 2450 2.9
510 1000 3900 3.9
510 1500 5850 3.7
511 0 0 4.9
511 500 2450 2.9
511 1000 3900 3.9
511 1500 5850 3.7
512 0 0 4.9
512 500 2450 2.9
512 1000 3900 3.9
512 1500 5850 3.7
513 0 0 4.9
513 500 2450 2.9
513 1000 3900 3.9
513 1500 5850 3.7
514 0 0 4.9
514 500 2450 2.9
514 1000 3900 3.9
514 1500 5850 3.7
515 0 0 4.9
515 500 2450 2.9
515 1000 3900 3.9
515 1500 5850 3.7
516 0 0 4.9
516 500 2450 2.9
516 1000 3900 3.9
516 1500 5850 3.7
517 0 0 4.9
517 500 2450 2.9
517 1000 3900 3.9
517 1500 5850 3.7
518 0 0 4.9
518 500 2450 2.9
518 1000 3900 3.9
518 1500 5850 3.7
519 0 0 4.9
519 500 2450 2.9
519 1000 3900 3.9
519 1500 5850 3.7
520 0 0 4.9
520 500 2450 2.9
520 1000 3900 3.9
520 1500 5850 3.7
521 0 0 4.9
521 500 2450 2.9
521 1000 3900 3.9
521 1500 5850 3.7
522 0 0 4.9
522 500 2450 2.9
522 1000 3900 3.9
522 1500 5850 3.7
523 0 0 4.9
523 500 2450 2.9
523 1000 3900 3.9
523 1500 5850 3.7
524 0 0 4.9
524 500 2450 2.9
524 1000 3900 3.9
524 1500 5850 3.7
525 0 0 4.9
525 500 2450 2.9
525 1000 3900 3.9
525 1500 5850 3.7
526 0 0 4.9
526 500 2450 2.9
526 1000 3900 3.9
526 1500 5850 3.7
527 0 0 4.9
527 500 2450 2.9
527 1000 3900 3.9
527 1500 5850 3.7
528 0 0 4.9
528 500 2450 2.9
528 1000 3900 3.9
528 1500 5850 3.7
529 0 0 4.9
529 500 2450 2.9
529 1000 3900 3.9
529 1500 5850 3.7
530 0 0 4.9
530 500 2450 2.9
530 1000 3900 3.9
530 1500 5850 3.7
531 0 0 4.9
531 500 2450 2.9
531 1000 3900 3.9
531 1500 5850 3.7
532 0 0 4.9
532 500 2450 2.9
532 1000 3900 3.9
532 1500 5850 3.7
533 0 0 4.9
533 500 2450 2.9
533 1000 3900 3.9
533 1500 5850 3.7
534 0 0 4.9
534 500 2450 2.9
534 1000 3900 3.9
534 1500 5850 3.7
535 0 0 4.9
535 500 2450 2.9
535 1000 3900 3.9
535 1500 5850 3.7
536 0 0 4.9
536 500 2450 2.9
536 1000 3900 3.9
536 1500 5850 3.7
537 0 0 4.9
537 500 2450 2.9
537 1000 3900 3.9
537 1500 5850 3.7
538 0 0 4.9
538 500 2450 2.9
538 1000 3900 3.9
538 1500 5850 3.7
539 0 0 4.9
539 500 2450 2.9
539 1000 3900 3.9
539 1500 5850 3.7
540 0 0 4.9
540 500 2450 2.9
540 1000 3900 3.9
540 1500 5850 3.7
541 0 0 4.9
541 500 2450 2.9
541 1000 3900 3.9
541 1500 5850 3.7
542 0 0 4.9
542 500 2450 2.9
542 1000 3900 3.9
542 1500 5850 3.7
543 0 0 4.9
543 500 2450 2.9
543 1000 3900 3.9
543 1500 5850 3.7
544 0 0 4.9
544 500 2450 2.9
544 1000 3900 3.9
544 1500 5850 3.7
545 0 0 4.9
545 500 2450 2.9
545 1000 3900 3.9
545 1500 5850 3.7
546 0 0 4.9
546 500 2450 2.9
546 1000 3900 3.9
546 1500 5850 3.7
547 0 0 4.9
547 500 2450 2.9
547 1000 3900 3.9
547 1500 5850 3.7
548 0 0 4.9
548 500 2450 2.9
548 1000 3900 3.9
548 1500 5850 3.7
549 0 0 4.9
549 500 2450 2.9
549 1000 3900 3.9
549 1500 5850 3.7
550 0 0 4.9
550 500 2450 2.9
550 1000 3900 3.9
550 1500 5850 3.7
551 0 0 4.9
551 500 2450 2.9
551 1000 3900 3.9
551 1500 5850 3.7
552 0 0 4.9
552 500 2450 2.9
552 1000 3900 3.9
552 1500 5850 3.7
553 0 0 4.9
553 500 2450 2.9
553 1000 3900 3.9
553 1500 5850 3.7
554 0 0 4.9
554 500 2450 2.9
554 1000 3900 3.9
554 1500 5850 3.7
555 0 0 4.9
555 500 2450 2.9
555 1000 3900 3.9
555 1500 5850 3.7
556 0 0 4.9
556 500 2450 2.9
556 1000 3900 3.9
556 1500 5850 3.7
557 0 0 4.9
557 500 2450 2.9
557 1000 3900 3.9
557 1500 5850 3.7
558 0 0 4.9
558 500 2450 2.9
558 1000 3900 3.9
558 1500 5850 3.7
559 0 0 4.9
559 500 2450 2.9
559 1000 3900 3.9
559 1500 5850 3.7
560 0 0 4.9
560 500 2450 2.9
560 1000 3900 3.9
560 1500 5850 3.7
561 0 0 4.9
561 500 2450 2.9
561 1000 3900 3.9
561 1500 5850 3.7
562 0 0 4.9
562 500 2450 2.9
562 1000 3900 3.9
562 1500 5850 3.7
563 0 0 4.9
563 500 2450 2.9
563 1000 3900 3.9
563 1500 5850 3.7
564 0 0 4.9
564 500 2450 2.9
564 1000 3900 3.9
564 1500 5850 3.7
565 0 0 4.9
565 500 2450 2.9
565 1000 3900 3.9
565 1500 5850 3.7
566 0 0 4.9
566 500 2450 2.9
566 1000 3900 3.9
566 1500 5850 3.7
567 0 0 4.9
567 500 2450 2.9
567 1000 3900 3.9
567 1500 5850 3.7
568 0 0 4.9
568 500 2450 2.9
568 1000 3900 3.9
568 1500 5850 3.7
569 0 0 4.9
569 500 2450 2.9
569 1000 3900 3.9
569 1500 5850 3.7
570 0 0 4.9
570 500 2450 2.9
570 1000 3900 3.9
570 1500 5850 3.7
571 0 0 4.9
571 500 2450 2.9
571 1000 3900 3.9
571 1500 5850 3.7
572 0 0 4.9
572 500 2450 2.9
572 1000 3900 3.9
572 1500 5850 3.7
573 0 0 4.9
573 500 2450 2.9
573 1000 3900 3.9
573 1500 5850 3.7
574 0 0 4.9
574 500 2450 2.9
574 1000 3900 3.9
574 1500 5850 3.7
575 0 0 4.9
575 500 2450 2.9
575 1000 3900 3.9
575 1500 5850 3.7
576 0 0 4.9
576 500 2450 2.9
576 1000 3900 3.9
576 1500 5850 3.7
577 0 0 4.9
577 500 2450 2.9
577 1000 3900 3.9
577 1500 5850 3.7
578 0 0 4.9
578 500 2450 2.9
578 1000 3900 3.9
578 1500 5850 3.7
579 0 0 4.9
579 500 2450 2.9
579 1000 3900 3.9
579 1500 5850 3.7
580 0 0 4.9
580 500 2450 2.9
580 1000 3900 3.9
580 1500 5850 3.7
581 0 0 4.9
581 500 2450 2.9
581 1000 3900 3.9
581 1500 5850 3.7
582 0 0 4.9
582 500 2450 2.9
582 1000 3900 3.9
582 1500 5850 3.7
583 0 0 4.9
583 500 2450 2.9
583 1000 3900 3.9
583 1500 5850 3.7
584 0 0 4.9
584 500 2450 2.9
584 1000 3900 3.9
584 1500 5850 3.7
585 0 0 4.9
585 500 2450 2.9
585 1000 3900 3.9
585 1500 5850 3.7
586 0 0 4.9
586 500 2450 2.9
586 1000 3900 3.9
586 1500 5850 3.7
587 0 0 4.9
587 500 2450 2.9
587 1000 3900 3.9
587 1500 5850 3.7
588 0 0 4.9
588 500 2450 2.9
588 1000 3900 3.9
588 1500 5850 3.7
589 0 0 4.9
589 500 2450 2.9
589 1000 3900 3.9
589 1500 5850 3.7
590 0 0 4.9
590 500 2450 2.9
590 1000 3900 3.9
590 1500 5850 3.7
591 0 0 4.9
591 500 2450 2.9
591 1000 3900 3.9
591 1500 5850 3.7
592 0 0 4.9
592 500 2450 2.9
592 1000 3900 3.9
592 1500 5850 3.7
593 0 0 4.9
593 500 2450 2.9
593 1000 3900 3.9
593 1500 5850 3.7
594 0 0 4.9
594 500 2450 2.9
594 1000 3900 3.9
594 1500 5850 3.7
595 0 0 4.9
595 500 2450 2.9
595 1000 3900 3.9
595 1500 5850 3.7
596 0 0 4.9
596 500 2450 2.9
596 1000 3900 3.9
596 1500 5850 3.7
597 0 0 4.9
597 500 2450 2.9
597 1000 3900 3.9
597 1500 5850 3.7
598 0 0 4.9
598 500 2450 2.9
598 1000 3900 3.9
598 1500 5850 3.7
599 0 0 4.9
599 500 2450 2.9
599 1000 3900 3.9
599 1500 5850 3.7
600 0 0 4.9
600 500 2450 2.9
600 1000 3900 3.9
600 1500 5850 3.7
601 0 0 4.9
601 500 2450 2.9
601 1000 3900 3.9
601 1500 5850 3.7
602 0 0 4.9
602 500 2450 2.9
602 1000 3900 3.9
602 1500 5850 3.7
603 0 0 4.9
603 500 2450 2.9
603 1000 3900 3.9
603 1500 5850 3.7
604 0 0 4.9
604 500 2450 2.9
604 1000 3900 3.9
604 1500 5850 3.7
605 0 0 4.9
605 500 2450 2.9
605 1000 3900 3.9
605 1500 5850 3.7
606 0 0 4.9
606 500 2450 2.9
606 1000 3900 3.9
606 1500 5850 3.7
607 0 0 4.9
607 500 2450 2.9
607 1000 3900 3.9
607 1500 5850 3.7
608 0 0 4.9
608 500 2450 2.9
608 1000 3900 3.9
608 1500 5850 3.7
609 0 0 4.9
609 500 2450 2.9
609 1000 3900 3.9
609 1500 5850 3.7
610 0 0 4.9
610 500 2450 2.9
610 1000 3900 3.9
610 1500 5850 3.7
611 0 0 4.9
611 500 2450 2.9
611 1000 3900 3.9
611 1500 5850 3.7
612 0 0 4.9
612 500 2450 2.9
612 1000 3900 3.9
612 1500 5850 3.7
613 0 0 4.9
613 500 2450 2.9
613 1000 3900 3.9
613 1500 5850 3.7
614 0 0 4.9
614 500 2450 2.9
614 1000 3900 3.9
614 1500 5850 3.7
615 0 0 4.9
615 500 2450 2.9
615 1000 3900 3.9
615 1500 5850 3.7
616 0 0 4.9
616 500 2450 2.9
616 1000 3900 3.9
616 1500 5850 3.7
617 0 0 4.9
617 500 2450 2.9
617 1000 3900 3.9
617 1500 5850 3.7
618 0 0 4.9
618 500 2450 2.9
618 1000 3900 3.9
618 1500 5850 3.7
619 0 0 4.9
619 500 2450 2.9
619 1000 3900 3.9
619 1500 5850 3.7
620 0 0 4.9
620 500 2450 2.9
620 1000 3900 3.9
620 1500 5850 3.7
621 0 0 4.9
621 500 2450 2.9
621 1000 3900 3.9
621 1500 5850 3.7
622 0 0 4.9
622 500 2450 2.9
622 1000 3900 3.9
622 1500 5850 3.7
623 0 0 4.9
623 500 2450 2.9
623 1000 3900 3.9
623 1500 5850 3.7
624 0 0 4.9
624 500 2450 2.9
624 1000 3900 3.9
624 1500 5850 3.7
625 0 0 4.9
625 500 2450 2.9
625 1000 3900 3.9
625 1500 5850 3.7
626 0 0 4.9
626 500 2450 2.9
626 1000 3900 3.9
626 1500 5850 3.7
627 0 0 4.9
627 500 2450 2.9
627 1000 3900 3.9
627 1500 5850 3.7
628 0 0 4.9
628 500 2450 2.9
628 1000 3900 3.9
628 1500 5850 3.7
629 0 0 4.9
629 500 2450 2.9
629 1000 3900 3.9
629 1500 5850 3.7
630 0 0 4.9
630 500 2450 2.9
630 1000 3900 3.9
630 1500 5850 3.7
631 0 0 4.9
631 500 2450 2.9
631 1000 3900 3.9
631 1500 5850 3.7
632 0 0 4.9
632 500 2450 2.9
632 1000 3900 3.9
632 1500 5850 3.7
633 0 0 4.9
633 500 2450 2.9
633 1000 3900 3.9
633 1500 5850 3.7
634 0 0 4.9
634 500 2450 2.9
634 1000 3900 3.9
634 1500 5850 3.7
635 0 0 4.9
635 500 2450 2.9
635 1000 3900 3.9
635 1500 5850 3.7
636 0 0 4.9
636 500 2450 2.9
636 1000 3900 3.9
636 1500 5850 3.7
637 0 0 4.9
637 500 2450 2.9
637 1000 3900 3.9
637 1500 5850 3.7
638 0 0 4.9
638 500 2450 2.9
638 1000 3900 3.9
638 1500 5850 3.7
639 0 0 4.9
639 500 2450 2.9
639 1000 3900 3.9
639 1500 5850 3.7
640 0 0 4.9
640 500 2450 2.9
640 1000 3900 3.9
640 1500 5850 3.7
641 0 0 4.9
641 500 2450 2.9
641 1000 3900 3.9
641 1500 5850 3.7
642 0 0 4.9
642 500 2450 2.9
642 1000 3900 3.9
642 1500 5850 3.7
643 0 0 4.9
643 500 2450 2.9
643 1000 3900 3.9
643 1500 5850 3.7
644 0 0 4.9
644 500 2450 2.9
644 1000 3900 3.9
644 1500 5850 3.7
645 0 0 4.9
645 500 2450 2.9
645 1000 3900 3.9
645 1500 5850 3.7
646 0 0 4.9
646 500 2450 2.9
646 1000 3900 3.9
646 1500 5850 3.7
647 0 0 4.9
647 500 2450 2.9
647 1000 3900 3.9
647 1500 5850 3.7
648 0 0 4.9
648 500 2450 2.9
648 1000 3900 3.9
648 1500 5850 3.7
649 0 0 4.9
649 500 2450 2.9
649 1000 3900 3.9
649 1500 5850 3.7
650 0 0 4.9
650 500 2450 2.9
650 1000 3900 3.9
650 1500 5850 3.7
651 0 0 4.9
651 500 2450 2.9
651 1000 3900 3.9
651 1500 5850 3.7
652 0 0 4.9
652 500 2450 2.9
652 1000 3900 3.9
652 1500 5850 3.7
653 0 0 4.9
653 500 2450 2.9
653 1000 3900 3.9
653 1500 5850 3.7
654 0 0 4.9
654 500 2450 2.9
654 1000 3900 3.9
654 1500 5850 3.7
655 0 0 4.9
655 500 2450 2.9
655 1000 3900 3.9
655 1500 5850 3.7
656 0 0 4.9
656 500 2450 2.9
656 1000 3900 3.9
656 1500 5850 3.7
657 0 0 4.9
657 500 2450 2.9
657 1000 3900 3.9
657 1500 5850 3.7
658 0 0 4.9
658 500 2450 2.9
658 1000 3900 3.9
658 1500 5850 3.7
659 0 0 4.9
659 500 2450 2.9
659 1000 3900 3.9
659 1500 5850 3.7
660 0 0 4.9
660 500 2450 2.9
660 1000 3900 3.9
660 1500 5850 3.7
661 0 0 4.9
661 500 2450 2.9
661 1000 3900 3.9
661 1500 5850 3.7
662 0 0 4.9
662 500 2450 2.9
662 1000 3900 3.9
662 1500 5850 3.7
663 0 0 4.9
663 500 2450 2.9
663 1000 3900 3.9
663 1500 5850 3.7
664 0 0 4.9
664 500 2450 2.9
664 1000 3900 3.9
664 1500 5850 3.7
665 0 0 4.9
665 500 2450 2.9
665 1000 3900 3.9
665 1500 5850 3.7
666 0 0 4.9
666 500 2450 2.9
666 1000 3900 3.9
666 1500 5850 3.7
667 0 0 4.9
667 500 2450 2.9
667 1000 3900 3.9
667 1500 5850 3.7
668 0 0 4.9
668 500 2450 2.9
668 1000 3900 3.9
668 1500 5850 3.7
669 0 0 4.9
669 500 2450 2.9
669 1000 3900 3.9
669 1500 5850 3.7
670 0 0 4.9
670 500 2450 2.9
670 1000 3900 3.9
670 1500 5850 3.7
671 0 0 4.9
671 500 2450 2.9
671 1000 3900 3.9
671 1500 5850 3.7
672 0 0 4.9
672 500 2450 2.9
672 1000 3900 3.9
672 1500 5850 3.7
673 0 0 4.9
673 500 2450 2.9
673 1000 3900 3.9
673 1500 5850 3.7
674 0 0 4.9
674 500 2450 2.9
674 1000 3900 3.9
674 1500 5850 3.7
675 0 0 4.9
675 500 2450 2.9
675 1000 3900 3.9
675 1500 5850 3.7
676 0 0 4.9
676 500 2450 2.9
676 1000 3900 3.9
676 1500 5850 3.7
677 0 0 4.9
677 500 2450 2.9
677 1000 3900 3.9
677 1500 5850 3.7
678 0 0 4.9
678 500 2450 2.9
678 1000 3900 3.9
678 1500 5850 3.7
679 0 0 4.9
679 500 2450 2.9
679 1000 3900 3.9
679 1500 5850 3.7
680 0 0 4.9
680 500 2450 2.9
680 1000 3900 3.9
680 1500 5850 3.7
681 0 0 4.9
681 500 2450 2.9
681 1000 3900 3.9
681 1500 5850 3.7
682 0 0 4.9
682 500 2450 2.9
682 1000 3900 3.9
682 1500 5850 3.7
683 0 0 4.9
683 500 2450 2.9
683 1000 3900 3.9
683 1500 5850 3.7
684 0 0 4.9
684 500 2450 2.9
684 1000 3900 3.9
684 1500 5850 3.7
685 0 0 4.9
685 500 2450 2.9
685 1000 3900 3.9
685 1500 5850 3.7
686 0 0 4.9
686 500 2450 2.9
686 1000 3900 3.9
686 1500 5850 3.7
687 0 0 4.9
687 500 2450 2.9
687 1000 3900 3.9
687 1500 5850 3.7
688 0 0 4.9
688 500 2450 2.9
688 1000 3900 3.9
688 1500 5850 3.7
689 0 0 4.9
689 500 2450 2.9
689 1000 3900 3.9
689 1500 5850 3.7
690 0 0 4.9
690 500 2450 2.9
690 1000 3900 3.9
690 1500 5850 3.7
691 0 0 4.9
691 500 2450 2.9
691 1000 3900 3.9
691 1500 5850 3.7
692 0 0 4.9
692 500 2450 2.9
692 1000 3900 3.9
692 1500 5850 3.7
693 0 0 4.9
693 500 2450 2.9
693 1000 3900 3.9
693 1500 5850 3.7
694 0 0 4.9
694 500 2450 2.9
694 1000 3900 3.9
694 1500 5850 3.7
695 0 0 4.9
695 500 2450 2.9
695 1000 3900 3.9
695 1500 5850 3.7
696 0 0 4.9
696 500 2450 2.9
696 1000 3900 3.9
696 1500 5850 3.7
697 0 0 4.9
697 500 2450 2.9
697 1000 3900 3.9
697 1500 5850 3.7
698 0 0 4.9
698 500 2450 2.9
698 1000 3900 3.9
698 1500 5850 3.7
699 0 0 4.9
699 500 2450 2.9
699 1000 3900 3.9
699 1500 5850 3.7
700 0 0 4.9
700 500 2450 2.9
700 1000 3900 3.9
700 1500 5850 3.7
701 0 0 4.9
701 500 2450 2.9
701 1000 3900 3.9
701 1500 5850 3.7
702 0 0 4.9
702 500 2450 2.9
702 1000 3900 3.9
702 1500 5850 3.7
703 0 0 4.9
703 500 2450 2.9
703 1000 3900 3.9
703 1500 5850 3.7
704 0 0 4.9
704 500 2450 2.9
704 1000 3900 3.9
704 1500 5850 3.7
705 0 0 4.9
705 500 2450 2.9
705 1000 3900 3.9
705 1500 5850 3.7
706 0 0 4.9
706 500 2450 2.9
706 1000 3900 3.9
706 1500 5850 3.7
707 0 0 4.9
707 500 2450 2.9
707 1000 3900 3.9
707 1500 5850 3.7
708 0 0 4.9
708 500 2450 2.9
708 1000 3900 3.9
708 1500 5850 3.7
709 0 0 4.9
709 500 2450 2.9
709 1000 3900 3.9
709 1500 5850 3.7
710 0 0 4.9
710 500 2450 2.9
710 1000 3900 3.9
710 1500 5850 3.7
711 0 0 4.9
711 500 2450 2.9
711 1000 3900 3.9
711 1500 5850 3.7
712 0 0 4.9
712 500 2450 2.9
712 1000 3900 3.9
712 1500 5850 3.7
713 0 0 4.9
713 500 2450 2.9
713 1000 3900 3.9
713 1500 5850 3.7
714 0 0 4.9
714 500 2450 2.9
714 1000 3900 3.9
714 1500 5850 3.7
715 0 0 4.9
715 500 2450 2.9
715 1000 3900 3.9
715 1500 5850 3.7
716 0 0 4.9
716 500 2450 2.9
716 1000 3900 3.9
716 1500 5850 3.7
717 0 0 4.9
717 500 2450 2.9
717 1000 3900 3.9
717 1500 5850 3.7
718 0 0 4.9
718 500 2450 2.9
718 1000 3900 3.9
718 1500 5850 3.7
719 0 0 4.9
719 500 2450 2.9
719 1000 3900 3.9
719 1500 5850 3.7
720 0 0 4.9
720 500 2450 2.9
720 1000 3900 3.9
720 1500 5850 3.7
721 0 0 4.9
721 500 2450 2.9
721 1000 3900 3.9
721 1500 5850 3.7
722 0 0 4.9
722 500 2450 2.9
722 1000 3900 3.9
722 1500 5850 3.7
723 0 0 4.9
723 500 2450 2.9
723 1000 3900 3.9
723 1500 5850 3.7
724 0 0 4.9
724 500 2450 2.9
724 1000 3900 3.9
724 1500 5850 3.7
725 0 0 4.9
725 500 2450 2.9
725 1000 3900 3.9
725 1500 5850 3.7
726 0 0 4.9
726 500 2450 2.9
726 1000 3900 3.9
726 1500 5850 3.7
727 0 0 4.9
727 500 2450 2.9
727 1000 3900 3.9
727 1500 5850 3.7
728 0 0 4.9
728 500 2450 2.9
728 1000 3900 3.9
728 1500 5850 3.7
729 0 0 4.9
729 500 2450 2.9
729 1000 3900 3.9
729 1500 5850 3.7
730 0 0 4.9
730 500 2450 2.9
730 1000 3900 3.9
730 1500 5850 3.7
731 0 0 4.9
731 500 2450 2.9
731 1000 3900 3.9
731 1500 5850 3.7
732 0 0 4.9
732 500 2450 2.9
732 1000 3900 3.9
732 1500 5850 3.7
733 0 0 4.9
733 500 2450 2.9
733 1000 3900 3.9
733 1500 5850 3.7
734 0 0 4.9
734 500 2450 2.9
734 1000 3900 3.9
734 1500 5850 3.7
735 0 0 4.9
735 500 2450 2.9
735 1000 3900 3.9
735 1500 5850 3.7
736 0 0 4.9
736 500 2450 2.9
736 1000 3900 3.9
736 1500 5850 3.7
737 0 0 4.9
737 500 2450 2.9
737 1000 3900 3.9
737 1500 5850 3.7
738 0 0 4.9
738 500 2450 2.9
738 1000 3900 3.9
738 1500 5850 3.7
739 0 0 4.9
739 500 2450 2.9
739 1000 3900 3.9
739 1500 5850 3.7
740 0 0 4.9
740 500 2450 2.9
740 1000 3900 3.9
740 1500 5850 3.7
741 0 0 4.9
741 500 2450 2.9
741 1000 3900 3.9
741 1500 5850 3.7
742 0 0 4.9
742 500 2450 2.9
742 1000 3900 3.9
742 1500 5850 3.7
743 0 0 4.9
743 500 2450 2.9
743 1000 3900 3.9
743 1500 5850 3.7
744 0 0 4.9
744 500 2450 2.9
744 1000 3900 3.9
744 1500 5850 3.7
745 0 0 4.9
745 500 2450 2.9
745 1000 3900 3.9
745 1500 5850 3.7
746 0 0 4.9
746 500 2450 2.9
746 1000 3900 3.9
746 1500 5850 3.7
747 0 0 4.9
747 500 2450 2.9
747 1000 3900 3.9
747 1500 5850 3.7
748 0 0 4.9
748 500 2450 2.9
748 1000 3900 3.9
748 1500 5850 3.7
749 0 0 4.9
749 500 2450 2.9
749 1000 3900 3.9
749 1500 5850 3.7
750 0 0 4.9
750 500 2450 2.9
750 1000 3900 3.9
750 1500 5850 3.7
751 0 0 4.9
751 500 2450 2.9
751 1000 3900 3.9
751 1500 5850 3.7
752 0 0 4.9
752 500 2450 2.9
752 1000 3900 3.9
752 1500 5850 3.7
753 0 0 4.9
753 500 2450 2.9
753 1000 3900 3.9
753 1500 5850 3.7
754 0 0 4.9
754 500 2450 2.9
754 1000 3900 3.9
754 1500 5850 3.7
755 0 0 4.9
755 500 2450 2.9
755 1000 3900 3.9
755 1500 5850 3.7
756 0 0 4.9
756 500 2450 2.9
756 1000 3900 3.9
756 1500 5850 3.7
757 0 0 4.9
757 500 2450 2.9
757 1000 3900 3.9
757 1500 5850 3.7
758 0 0 4.9
758 500 2450 2.9
758 1000 3900 3.9
758 1500 5850 3.7
759 0 0 4.9
759 500 2450 2.9
759 1000 3900 3.9
759 1500 5850 3.7
760 0 0 4.9
760 500 2450 2.9
760 1000 3900 3.9
760 1500 5850 3.7
761 0 0 4.9
761 500 2450 2.9
761 1000 3900 3.9
761 1500 5850 3.7
762 0 0 4.9
762 500 2450 2.9
762 1000 3900 3.9
762 1500 5850 3.7
763 0 0 4.9
763 500 2450 2.9
763 1000 3900 3.9
763 1500 5850 3.7
764 0 0 4.9
764 500 2450 2.9
764 1000 3900 3.9
764 1500 5850 3.7
765 0 0 4.9
765 500 2450 2.9
765 1000 3900 3.9
765 1500 5850 3.7
766 0 0 4.9
766 500 2450 2.9
766 1000 3900 3.9
766 1500 5850 3.7
767 0 0 4.9
767 500 2450 2.9
767 1000 3900 3.9
767 1500 5850 3.7
768 0 0 4.9
768 500 2450 2.9
768 1000 3900 3.9
768 1500 5850 3.7
769 0 0 4.9
769 500 2450 2.9
769 1000 3900 3.9
769 1500 5850 3.7
770 0 0 4.9
770 500 2450 2.9
770 1000 3900 3.9
770 1500 5850 3.7
771 0 0 4.9
771 500 2450 2.9
771 1000 3900 3.9
771 1500 5850 3.7
772 0 0 4.9
772 500 2450 2.9
772 1000 3900 3.9
772 1500 5850 3.7
773 0 0 4.9
773 500 2450 2.9
773 1000 3900 3.9
773 1500 5850 3.7
774 0 0 4.9
774 500 2450 2.9
774 1000 3900 3.9
774 1500 5850 3.7
775 0 0 4.9
775 500 2450 2.9
775 1000 3900 3.9
775 1500 5850 3.7
776 0 0 4.9
776 500 2450 2.9
776 1000 3900 3.9
776 1500 5850 3.7
777 0 0 4.9
777 500 2450 2.9
777 1000 3900 3.9
777 1500 5850 3.7
778 0 0 4.9
778 500 2450 2.9
778 1000 3900 3.9
778 1500 5850 3.7
779 0 0 4.9
779 500 2450 2.9
779 1000 3900 3.9
779 1500 5850 3.7
780 0 0 4.9
780 500 2450 2.9
780 1000 3900 3.9
780 1500 5850 3.7
781 0 0 4.9
781 500 2450 2.9
781 1000 3900 3.9
781 1500 5850 3.7
782 0 0 4.9
782 500 2450 2.9
782 1000 3900 3.9
782 1500 5850 3.7
783 0 0 4.9
783 500 2450 2.9
783 1000 3900 3.9
783 1500 5850 3.7
784 0 0 4.9
784 500 2450 2.9
784 1000 3900 3.9
784 1500 5850 3.7
785 0 0 4.9
785 500 2450 2.9
785 1000 3900 3.9
785 1500 5850 3.7
786 0 0 4.9
786 500 2450 2.9
786 1000 3900 3.9
786 1500 5850 3.7
787 0 0 4.9
787 500 2450 2.9
787 1000 3900 3.9
787 1500 5850 3.7
788 0 0 4.9
788 500 2450 2.9
788 1000 3900 3.9
788 1500 5850 3.7
789 0 0 4.9
789 500 2450 2.9
789 1000 3900 3.9
789 1500 5850 3.7
790 0 0 4.9
790 500 2450 2.9
790 1000 3900 3.9
790 1500 5850 3.7
791 0 0 4.9
791 500 2450 2.9
791 1000 3900 3.9
791 1500 5850 3.7
792 0 0 4.9
792 500 2450 2.9
792 1000 3900 3.9
792 1500 5850 3.7
793 0 0 4.9
793 500 2450 2.9
793 1000 3900 3.9
793 1500 5850 3.7
794 0 0 4.9
794 500 2450 2.9
794 1000 3900 3.9
794 1500 5850 3.7
795 0 0 4.9
795 500 2450 2.9
795 1000 3900 3.9
795 1500 5850 3.7
796 0 0 4.9
796 500 2450 2.9
796 1000 3900 3.9
796 1500 5850 3.7
797 0 0 4.9
797 500 2450 2.9
797 1000 3900 3.9
797 1500 5850 3.7
798 0 0 4.9
798 500 2450 2.9
798 1000 3900 3.9
798 1500 5850 3.7
799 0 0 4.9
799 500 2450 2.9
799 1000 3900 3.9
799 1500 5850 3.7
800 0 0 4.9
800 500 2450 2.9
800 1000 3900 3.9
800 1500 5850 3.7
801 0 0 4.9
801 500 2450 2.9
801 1000 3900 3.9
801 1500 5850 3.7
802 0 0 4.9
802 500 2450 2.9
802 1000 3900 3.9
802 1500 5850 3.7
803 0 0 4.9
803 500 2450 2.9
803 1000 3900 3.9
803 1500 5850 3.7
804 0 0 4.9
804 500 2450 2.9
804 1000 3900 3.9
804 1500 5850 3.7
805 0 0 4.9
805 500 2450 2.9
805 1000 3900 3.9
805 1500 5850 3.7
806 0 0 4.9
806 500 2450 2.9
806 1000 3900 3.9
806 1500 5850 3.7
807 0 0 4.9
807 500 2450 2.9
807 1000 3900 3.9
807 1500 5850 3.7
808 0 0 4.9
808 500 2450 2.9
808 1000 3900 3.9
808 1500 5850 3.7
809 0 0 4.9
809 500 2450 2.9
809 1000 3900 3.9
809 1500 5850 3.7
810 0 0 4.9
810 500 2450 2.9
810 1000 3900 3.9
810 1500 5850 3.7
811 0 0 4.9
811 500 2450 2.9
811 1000 3900 3.9
811 1500 5850 3.7
812 0 0 4.9
812 500 2450 2.9
812 1000 3900 3.9
812 1500 5850 3.7
813 0 0 4.9
813 500 2450 2.9
813 1000 3900 3.9
813 1500 5850 3.7
814 0 0 4.9
814 500 2450 2.9
814 1000 3900 3.9
814 1500 5850 3.7
815 0 0 4.9
815 500 2450 2.9
815 1000 3900 3.9
815 1500 5850 3.7
816 0 0 4.9
816 500 2450 2.9
816 1000 3900 3.9
816 1500 5850 3.7
817 0 0 4.9
817 500 2450 2.9
817 1000 3900 3.9
817 1500 5850 3.7
818 0 0 4.9
818 500 2450 2.9
818 1000 3900 3.9
818 1500 5850 3.7
819 0 0 4.9
819 500 2450 2.9
819 1000 3900 3.9
819 1500 5850 3.7
820 0 0 4.9
820 500 2450 2.9
820 1000 3900 3.9
820 1500 5850 3.7
821 0 0 4.9
821 500 2450 2.9
821 1000 3900 3.9
821 1500 5850 3.7
822 0 0 4.9
822 500 2450 2.9
822 1000 3900 3.9
822 1500 5850 3.7
823 0 0 4.9
823 500 2450 2.9
823 1000 3900 3.9
823 1500 5850 3.7
824 0 0 4.9
824 500 2450 2.9
824 1000 3900 3.9
824 1500 5850 3.7
825 0 0 4.9
825 500 2450 2.9
825 1000 3900 3.9
825 1500 5850 3.7
826 0 0 4.9
826 500 2450 2.9
826 1000 3900 3.9
826 1500 5850 3.7
827 0 0 4.9
827 500 2450 2.9
827 1000 3900 3.9
827 1500 5850 3.7
828 0 0 4.9
828 500 2450 2.9
828 1000 3900 3.9
828 1500 5850 3.7
829 0 0 4.9
829 500 2450 2.9
829 1000 3900 3.9
829 1500 5850 3.7
830 0 0 4.9
830 500 2450 2.9
830 1000 3900 3.9
830 1500 5850 3.7
831 0 0 4.9
831 500 2450 2.9
831 1000 3900 3.9
831 1500 5850 3.7
832 0 0 4.9
832 500 2450 2.9
832 1000 3900 3.9
832 1500 5850 3.7
833 0 0 4.9
833 500 2450 2.9
833 1000 3900 3.9
833 1500 5850 3.7
834 0 0 4.9
834 500 2450 2.9
834 1000 3900 3.9
834 1500 5850 3.7
835 0 0 4.9
835 500 2450 2.9
835 1000 3900 3.9
835 1500 5850 3.7
836 0 0 4.9
836 500 2450 2.9
836 1000 3900 3.9
836 1500 5850 3.7
837 0 0 4.9
837 500 2450 2.9
837 1000 3900 3.9
837 1500 5850 3.7
838 0 0 4.9
838 500 2450 2.9
838 1000 3900 3.9
838 1500 5850 3.7
839 0 0 4.9
839 500 2450 2.9
839 1000 3900 3.9
839 1500 5850 3.7
840 0 0 4.9
840 500 2450 2.9
840 1000 3900 3.9
840 1500 5850 3.7
841 0 0 4.9
841 500 2450 2.9
841 1000 3900 3.9
841 1500 5850 3.7
842 0 0 4.9
842 500 2450 2.9
842 1000 3900 3.9
842 1500 5850 3.7
843 0 0 4.9
843 500 2450 2.9
843 1000 3900 3.9
843 1500 5850 3.7
844 0 0 4.9
844 500 2450 2.9
844 1000 3900 3.9
844 1500 5850 3.7
845 0 0 4.9
845 500 2450 2.9
845 1000 3900 3.9
845 1500 5850 3.7
846 0 0 4.9
846 500 2450 2.9
846 1000 3900 3.9
846 1500 5850 3.7
847 0 0 4.9
847 500 2450 2.9
847 1000 3900 3.9
847 1500 5850 3.7
848 0 0 4.9
848 500 2450 2.9
848 1000 3900 3.9
848 1500 5850 3.7
849 0 0 4.9
849 500 2450 2.9
849 1000 3900 3.9
849 1500 5850 3.7
850 0 0 4.9
850 500 2450 2.9
850 1000 3900 3.9
850 1500 5850 3.7
851 0 0 4.9
851 500 2450 2.9
851 1000 3900 3.9
851 1500 5850 3.7
852 0 0 4.9
852 500 2450 2.9
852 1000 3900 3.9
852 1500 5850 3.7
853 0 0 4.9
853 500 2450 2.9
853 1000 3900 3.9
853 1500 5850 3.7
854 0 0 4.9
854 500 2450 2.9
854 1000 3900 3.9
854 1500 5850 3.7
855 0 0 4.9
855 500 2450 2.9
855 1000 3900 3.9
855 1500 5850 3.7
856 0 0 4.9
856 500 2450 2.9
856 1000 3900 3.9
856 1500 5850 3.7
857 0 0 4.9
857 500 2450 2.9
857 1000 3900 3.9
857 1500 5850 3.7
858 0 0 4.9
858 500 2450 2.9
858 1000 3900 3.9
858 1500 5850 3.7
859 0 0 4.9
859 500 2450 2.9
859 1000 3900 3.9
859 1500 5850 3.7
860 0 0 4.9
860 500 2450 2.9
860 1000 3900 3.9
860 1500 5850 3.7
861 0 0 4.9
861 500 2450 2.9
861 1000 3900 3.9
861 1500 5850 3.7
862 0 0 4.9
862 500 2450 2.9
862 1000 3900 3.9
862 1500 5850 3.7
863 0 0 4.9
863 500 2450 2.9
863 1000 3900 3.9
863 1500 5850 3.7
864 0 0 4.9
864 500 2450 2.9
864 1000 3900 3.9
864 1500 5850 3.7
865 0 0 4.9
865 500 2450 2.9
865 1000 3900 3.9
865 1500 5850 3.7
866 0 0 4.9
866 500 2450 2.9
866 1000 3900 3.9
866 1500 5850 3.7
867 0 0 4.9
867 500 2450 2.9
867 1000 3900 3.9
867 1500 5850 3.7
868 0 0 4.9
868 500 2450 2.9
868 1000 3900 3.9
868 1500 5850 3.7
869 0 0 4.9
869 500 2450 2.9
869 1000 3900 3.9
869 1500 5850 3.7
870 0 0 4.9
870 500 2450 2.9
870 1000 3900 3.9
870 1500 5850 3.7
871 0 0 4.9
871 500 2450 2.9
871 1000 3900 3.9
871 1500 5850 3.7
872 0 0 4.9
872 500 2450 2.9
872 1000 3900 3.9
872 1500 5850 3.7
873 0 0 4.9
873 500 2450 2.9
873 1000 3900 3.9
873 1500 5850 3.7
874 0 0 4.9
874 500 2450 2.9
874 1000 3900 3.9
874 1500 5850 3.7
875 0 0 4.9
875 500 2450 2.9
875 1000 3900 3.9
875 1500 5850 3.7
876 0 0 4.9
876 500 2450 2.9
876 1000 3900 3.9
876 1500 5850 3.7
877 0 0 4.9
877 500 2450 2.9
877 1000 3900 3.9
877 1500 5850 3.7
878 0 0 4.9
878 500 2450 2.9
878 1000 3900 3.9
878 1500 5850 3.7
879 0 0 4.9
879 500 2450 2.9
879 1000 3900 3.9
879 1500 5850 3.7
880 0 0 4.9
880 500 2450 2.9
880 1000 3900 3.9
880 1500 5850 3.7
881 0 0 4.9
881 500 2450 2.9
881 1000 3900 3.9
881 1500 5850 3.7
882 0 0 4.9
882 500 2450 2.9
882 1000 3900 3.9
882 1500 5850 3.7
883 0 0 4.9
883 500 2450 2.9
883 1000 3900 3.9
883 1500 5850 3.7
884 0 0 4.9
884 500 2450 2.9
884 1000 3900 3.9
884 1500 5850 3.7
885 0 0 4.9
885 500 2450 2.9
885 1000 3900 3.9
885 1500 5850 3.7
886 0 0 4.9
886 500 2450 2.9
886 1000 3900 3.9
886 1500 5850 3.7
887 0 0 4.9
887 500 2450 2.9
887 1000 3900 3.9
887 1500 5850 3.7
888 0 0 4.9
888 500 2450 2.9
888 1000 3900 3.9
888 1500 5850 3.7
889 0 0 4.9
889 500 2450 2.9
889 1000 3900 3.9
889 1500 5850 3.7
890 0 0 4.9
890 500 2450 2.9
890 1000 3900 3.9
890 1500 5850 3.7
891 0 0 4.9
891 500 2450 2.9
891 1000 3900 3.9
891 1500 5850 3.7
892 0 0 4.9
892 500 2450 2.9
892 1000 3900 3.9
892 1500 5850 3.7
893 0 0 4.9
893 500 2450 2.9
893 1000 3900 3.9
893 1500 5850 3.7
894 0 0 4.9
894 500 2450 2.9
894 1000 3900 3.9
894 1500 5850 3.7
895 0 0 4.9
895 500 2450 2.9
895 1000 3900 3.9
895 1500 5850 3.7
896 0 0 4.9
896 500 2450 2.9
896 1000 3900 3.9
896 1500 5850 3.7
897 0 0 4.9
897 500 2450 2.9
897 1000 3900 3.9
897 1500 5850 3.7
898 0 0 4.9
898 500 2450 2.9
898 1000 3900 3.9
898 1500 5850 3.7
899 0 0 4.9
899 500 2450 2.9
899 1000 3900 3.9
899 1500 5850 3.7
900 0 0 4.9
900 500 2450 2.9
900 1000 3900 3.9
900 1500 5850 3.7
901 0 0 4.9
901 500 2450 2.9
901 1000 3900 3.9
901 1500 5850 3.7
902 0 0 4.9
902 500 2450 2.9
902 1000 3900 3.9
902 1500 5850 3.7
903 0 0 4.9
903 500 2450 2.9
903 1000 3900 3.9
903 1500 5850 3.7
904 0 0 4.9
904 500 2450 2.9
904 1000 3900 3.9
904 1500 5850 3.7
905 0 0 4.9
905 500 2450 2.9
905 1000 3900 3.9
905 1500 5850 3.7
906 0 0 4.9
906 500 2450 2.9
906 1000 3900 3.9
906 1500 5850 3.7
907 0 0 4.9
907 500 2450 2.9
907 1000 3900 3.9
907 1500 5850 3.7
908 0 0 4.9
908 500 2450 2.9
908 1000 3900 3.9
908 1500 5850 3.7
909 0 0 4.9
909 500 2450 2.9
909 1000 3900 3.9
909 1500 5850 3.7
910 0 0 4.9
910 500 2450 2.9
910 1000 3900 3.9
910 1500 5850 3.7
911 0 0 4.9
911 500 2450 2.9
911 1000 3900 3.9
911 1500 5850 3.7
912 0 0 4.9
912 500 2450 2.9
912 1000 3900 3.9
912 1500 5850 3.7
913 0 0 4.9
913 500 2450 2.9
913 1000 3900 3.9
913 1500 5850 3.7
914 0 0 4.9
914 500 2450 2.9
914 1000 3900 3.9
914 1500 5850 3.7
915 0 0 4.9
915 500 2450 2.9
915 1000 3900 3.9
915 1500 5850 3.7
916 0 0 4.9
916 500 2450 2.9
916 1000 3900 3.9
916 1500 5850 3.7
917 0 0 4.9
917 500 2450 2.9
917 1000 3900 3.9
917 1500 5850 3.7
918 0 0 4.9
918 500 2450 2.9
918 1000 3900 3.9
918 1500 5850 3.7
919 0 0 4.9
919 500 2450 2.9
919 1000 3900 3.9
919 1500 5850 3.7
920 0 0 4.9
920 500 2450 2.9
920 1000 3900 3.9
920 1500 5850 3.7
921 0 0 4.9
921 500 2450 2.9
921 1000 3900 3.9
921 1500 5850 3.7
922 0 0 4.9
922 500 2450 2.9
922 1000 3900 3.9
922 1500 5850 3.7
923 0 0 4.9
923 500 2450 2.9
923 1000 3900 3.9
923 1500 5850 3.7
924 0 0 4.9
924 500 2450 2.9
924 1000 3900 3.9
924 1500 5850 3.7
925 0 0 4.9
925 500 2450 2.9
925 1000 3900 3.9
925 1500 5850 3.7
926 0 0 4.9
926 500 2450 2.9
926 1000 3900 3.9
926 1500 5850 3.7
927 0 0 4.9
927 500 2450 2.9
927 1000 3900 3.9
927 1500 5850 3.7
928 0 0 4.9
928 500 2450 2.9
928 1000 3900 3.9
928 1500 5850 3.7
929 0 0 4.9
929 500 2450 2.9
929 1000 3900 3.9
929 1500 5850 3.7
930 0 0 4.9
930 500 2450 2.9
930 1000 3900 3.9
930 1500 5850 3.7
931 0 0 4.9
931 500 2450 2.9
931 1000 3900 3.9
931 1500 5850 3.7
932 0 0 4.9
932 500 2450 2.9
932 1000 3900 3.9
932 1500 5850 3.7
933 0 0 4.9
933 500 2450 2.9
933 1000 3900 3.9
933 1500 5850 3.7
934 0 0 4.9
934 500 2450 2.9
934 1000 3900 3.9
934 1500 5850 3.7
935 0 0 4.9
935 500 2450 2.9
935 1000 3900 3.9
935 1500 5850 3.7
936 0 0 4.9
936 500 2450 2.9
936 1000 3900 3.9
936 1500 5850 3.7
937 0 0 4.9
937 500 2450 2.9
937 1000 3900 3.9
937 1500 5850 3.7
938 0 0 4.9
938 500 2450 2.9
938 1000 3900 3.9
938 1500 5850 3.7
939 0 0 4.9
939 500 2450 2.9
939 1000 3900 3.9
939 1500 5850 3.7
940 0 0 4.9
940 500 2450 2.9
940 1000 3900 3.9
940 1500 5850 3.7
941 0 0 4.9
941 500 2450 2.9
941 1000 3900 3.9
941 1500 5850 3.7
942 0 0 4.9
942 500 2450 2.9
942 1000 3900 3.9
942 1500 5850 3.7
943 0 0 4.9
943 500 2450 2.9
943 1000 3900 3.9
943 1500 5850 3.7
944 0 0 4.9
944 500 2450 2.9
944 1000 3900 3.9
944 1500 5850 3.7
945 0 0 4.9
945 500 2450 2.9
945 1000 3900 3.9
945 1500 5850 3.7
946 0 0 4.9
946 500 2450 2.9
946 1000 3900 3.9
946 1500 5850 3.7
947 0 0 4.9
947 500 2450 2.9
947 1000 3900 3.9
947 1500 5850 3.7
948 0 0 4.9
948 500 2450 2.9
948 1000 3900 3.9
948 1500 5850 3.7
949 0 0 4.9
949 500 2450 2.9
949 1000 3900 3.9
949 1500 5850 3.7
950 0 0 4.9
950 500 2450 2.9
950 1000 3900 3.9
950 1500 5850 3.7
951 0 0 4.9
951 500 2450 2.9
951 1000 3900 3.9
951 1500 5850 3.7
952 0 0 4.9
952 500 2450 2.9
952 1000 3900 3.9
952 1500 5850 3.7
953 0 0 4.9
953 500 2450 2.9
953 1000 3900 3.9
953 1500 5850 3.7
954 0 0 4.9
954 500 2450 2.9
954 1000 3900 3.9
954 1500 5850 3.7
955 0 0 4.9
955 500 2450 2.9
955 1000 3900 3.9
955 1500 5850 3.7
956 0 0 4.9
956 500 2450 2.9
956 1000 3900 3.9
956 1500 5850 3.7
957 0 0 4.9
957 500 2450 2.9
957 1000 3900 3.9
957 1500 5850 3.7
958 0 0 4.9
958 500 2450 2.9
958 1000 3900 3.9
958 1500 5850 3.7
959 0 0 4.9
959 500 2450 2.9
959 1000 3900 3.9
959 1500 5850 3.7
960 0 0 4.9
960 500 2450 2.9
960 1000 3900 3.9
960 1500 5850 3.7
961 0 0 4.9
961 500 2450 2.9
961 1000 3900 3.9
961 1500 5850 3.7
962 0 0 4.9
962 500 2450 2.9
962 1000 3900 3.9
962 1500 5850 3.7
963 0 0 4.9
963 500 2450 2.9
963 1000 3900 3.9
963 1500 5850 3.7
964 0 0 4.9
964 500 2450 2.9
964 1000 3900 3.9
964 1500 5850 3.7
965 0 0 4.9
965 500 2450 2.9
965 1000 3900 3.9
965 1500 5850 3.7
966 0 0 4.9
966 500 2450 2.9
966 1000 3900 3.9
966 1500 5850 3.7
967 0 0 4.9
967 500 2450 2.9
967 1000 3900 3.9
967 1500 5850 3.7
968 0 0 4.9
968 500 2450 2.9
968 1000 3900 3.9
968 1500 5850 3.7
969 0 0 4.9
969 500 2450 2.9
969 1000 3900 3.9
969 1500 5850 3.7
970 0 0 4.9
970 500 2450 2.9
970 1000 3900 3.9
970 1500 5850 3.7
971 0 0 4.9
971 500 2450 2.9
971 1000 3900 3.9
971 1500 5850 3.7
972 0 0 4.9
972 500 2450 2.9
972 1000 3900 3.9
972 1500 5850 3.7
973 0 0 4.9
973 500 2450 2.9
973 1000 3900 3.9
973 1500 5850 3.7
974 0 0 4.9
974 500 2450 2.9
974 1000 3900 3.9
974 1500 5850 3.7
975 0 0 4.9
975 500 2450 2.9
975 1000 3900 3.9
975 1500 5850 3.7
976 0 0 4.9
976 500 2450 2.9
976 1000 3900 3.9
976 1500 5850 3.7
977 0 0 4.9
977 500 2450 2.9
977 1000 3900 3.9
977 1500 5850 3.7
978 0 0 4.9
978 500 2450 2.9
978 1000 3900 3.9
978 1500 5850 3.7
979 0 0 4.9
979 500 2450 2.9
979 1000 3900 3.9
979 1500 5850 3.7
980 0 0 4.9
980 500 2450 2.9
980 1000 3900 3.9
980 1500 5850 3.7
981 0 0 4.9
981 500 2450 2.9
981 1000 3900 3.9
981 1500 5850 3.7
982 0 0 4.9
982 500 2450 2.9
982 1000 3900 3.9
982 1500 5850 3.7
983 0 0 4.9
983 500 2450 2.9
983 1000 3900 3.9
983 1500 5850 3.7
984 0 0 4.9
984 500 2450 2.9
984 1000 3900 3.9
984 1500 5850 3.7
985 0 0 4.9
985 500 2450 2.9
985 1000 3900 3.9
985 1500 5850 3.7
986 0 0 4.9
986 500 2450 2.9
986 1000 3900 3.9
986 1500 5850 3.7
987 0 0 4.9
987 500 2450 2.9
987 1000 3900 3.9
987 1500 5850 3.7
988 0 0 4.9
988 500 2450 2.9
988 1000 3900 3.9
988 1500 5850 3.7
989 0 0 4.9
989 500 2450 2.9
989 1000 3900 3.9
989 1500 5850 3.7
990 0 0 4.9
990 500 2450 2.9
990 1000 3900 3.9
990 1500 5850 3.7
991 0 0 4.9
991 500 2450 2.9
991 1000 3900 3.9
991 1500 5850 3.7
992 0 0 4.9
992 500 2450 2.9
992 1000 3900 3.9
992 1500 5850 3.7
993 0 0 4.9
993 500 2450 2.9
993 1000 3900 3.9
993 1500 5850 3.7
994 0 0 4.9
994 500 2450 2.9
994 1000 3900 3.9
994 1500 5850 3.7
995 0 0 4.9
995 500 2450 2.9
995 1000 3900 3.9
995 1500 5850 3.7
996 0 0 4.9
996 500 2450 2.9
996 1000 3900 3.9
996 1500 5850 3.7
997 0 0 4.9
997 500 2450 2.9
997 1000 3900 3.9
997 1500 5850 3.7
998 0 0 4.9
998 500 2450 2.9
998 1000 3900 3.9
998 1500 5850 3.7
999 0 0 4.9
999 500 2450 2.9
999 1000 3900 3.9
999 1500 5850 3.7
