500 10
0 0 0 4.2
0 200 840 1.5
0 400 1140 2.5
0 600 1640 2.7
0 800 2180 4.6
0 1000 3100 0.9
0 1200 3280 0.8
0 1400 3440 1.3
0 1600 3700 3.1
0 1800 4320 4.3
1 0 0 4.2
1 200 840 1.5
1 400 1140 2.5
1 600 1640 2.7
1 800 2180 4.6
1 1000 3100 0.9
1 1200 3280 0.8
1 1400 3440 1.3
1 1600 3700 3.1
1 1800 4320 4.3
2 0 0 4.2
2 200 840 1.5
2 400 1140 2.5
2 600 1640 2.7
2 800 2180 4.6
2 1000 3100 0.9
2 1200 3280 0.8
2 1400 3440 1.3
2 1600 3700 3.1
2 1800 4320 4.3
3 0 0 4.2
3 200 840 1.5
3 400 1140 2.5
3 600 1640 2.7
3 800 2180 4.6
3 1000 3100 0.9
3 1200 3280 0.8
3 1400 3440 1.3
3 1600 3700 3.1
3 1800 4320 4.3
4 0 0 4.2
4 200 840 1.5
4 400 1140 2.5
4 600 1640 2.7
4 800 2180 4.6
4 1000 3100 0.9
4 1200 3280 0.8
4 1400 3440 1.3
4 1600 3700 3.1
4 1800 4320 4.3
5 0 0 4.2
5 200 840 1.5
5 400 1140 2.5
5 600 1640 2.7
5 800 2180 4.6
5 1000 3100 0.9
5 1200 3280 0.8
5 1400 3440 1.3
5 1600 3700 3.1
5 1800 4320 4.3
6 0 0 4.2
6 200 840 1.5
6 400 1140 2.5
6 600 1640 2.7
6 800 2180 4.6
6 1000 3100 0.9
6 1200 3280 0.8
6 1400 3440 1.3
6 1600 3700 3.1
6 1800 4320 4.3
7 0 0 4.2
7 200 840 1.5
7 400 1140 2.5
7 600 1640 2.7
7 800 2180 4.6
7 1000 3100 0.9
7 1200 3280 0.8
7 1400 3440 1.3
7 1600 3700 3.1
7 1800 4320 4.3
8 0 0 4.2
8 200 840 1.5
8 400 1140 2.5
8 600 1640 2.7
8 800 2180 4.6
8 1000 3100 0.9
8 1200 3280 0.8
8 1400 3440 1.3
8 1600 3700 3.1
8 1800 4320 4.3
9 0 0 4.2
9 200 840 1.5
9 400 1140 2.5
9 600 1640 2.7
9 800 2180 4.6
9 1000 3100 0.9
9 1200 3280 0.8
9 1400 3440 1.3
9 1600 3700 3.1
9 1800 4320 4.3
10 0 0 4.2
10 200 840 1.5
10 400 1140 2.5
10 600 1640 2.7
10 800 2180 4.6
10 1000 3100 0.9
10 1200 3280 0.8
10 1400 3440 1.3
10 1600 3700 3.1
10 1800 4320 4.3
11 0 0 4.2
11 200 840 1.5
11 400 1140 2.5
11 600 1640 2.7
11 800 2180 4.6
11 1000 3100 0.9
11 1200 3280 0.8
11 1400 3440 1.3
11 1600 3700 3.1
11 1800 4320 4.3
12 0 0 4.2
12 200 840 1.5
12 400 1140 2.5
12 600 1640 2.7
12 800 2180 4.6
12 1000 3100 0.9
12 1200 3280 0.8
12 1400 3440 1.3
12 1600 3700 3.1
12 1800 4320 4.3
13 0 0 4.2
13 200 840 1.5
13 400 1140 2.5
13 600 1640 2.7
13 800 2180 4.6
13 1000 3100 0.9
13 1200 3280 0.8
13 1400 3440 1.3
13 1600 3700 3.1
13 1800 4320 4.3
14 0 0 4.2
14 200 840 1.5
14 400 1140 2.5
14 600 1640 2.7
14 800 2180 4.6
14 1000 3100 0.9
14 1200 3280 0.8
14 1400 3440 1.3
14 1600 3700 3.1
14 1800 4320 4.3
15 0 0 4.2
15 200 840 1.5
15 400 1140 2.5
15 600 1640 2.7
15 800 2180 4.6
15 1000 3100 0.9
15 1200 3280 0.8
15 1400 3440 1.3
15 1600 3700 3.1
15 1800 4320 4.3
16 0 0 4.2
16 200 840 1.5
16 400 1140 2.5
16 600 1640 2.7
16 800 2180 4.6
16 1000 3100 0.9
16 1200 3280 0.8
16 1400 3440 1.3
16 1600 3700 3.1
16 1800 4320 4.3
17 0 0 4.2
17 200 840 1.5
17 400 1140 2.5
17 600 1640 2.7
17 800 2180 4.6
17 1000 3100 0.9
17 1200 3280 0.8
17 1400 3440 1.3
17 1600 3700 3.1
17 1800 4320 4.3
18 0 0 4.2
18 200 840 1.5
18 400 1140 2.5
18 600 1640 2.7
18 800 2180 4.6
18 1000 3100 0.9
18 1200 3280 0.8
18 1400 3440 1.3
18 1600 3700 3.1
18 1800 4320 4.3
19 0 0 4.2
19 200 840 1.5
19 400 1140 2.5
19 600 1640 2.7
19 800 2180 4.6
19 1000 3100 0.9
19 1200 3280 0.8
19 1400 3440 1.3
19 1600 3700 3.1
19 1800 4320 4.3
20 0 0 4.2
20 200 840 1.5
20 400 1140 2.5
20 600 1640 2.7
20 800 2180 4.6
20 1000 3100 0.9
20 1200 3280 0.8
20 1400 3440 1.3
20 1600 3700 3.1
20 1800 4320 4.3
21 0 0 4.2
21 200 840 1.5
21 400 1140 2.5
21 600 1640 2.7
21 800 2180 4.6
21 1000 3100 0.9
21 1200 3280 0.8
21 1400 3440 1.3
21 1600 3700 3.1
21 1800 4320 4.3
22 0 0 4.2
22 200 840 1.5
22 400 1140 2.5
22 600 1640 2.7
22 800 2180 4.6
22 1000 3100 0.9
22 1200 3280 0.8
22 1400 3440 1.3
22 1600 3700 3.1
22 1800 4320 4.3
23 0 0 4.2
23 200 840 1.5
23 400 1140 2.5
23 600 1640 2.7
23 800 2180 4.6
23 1000 3100 0.9
23 1200 3280 0.8
23 1400 3440 1.3
23 1600 3700 3.1
23 1800 4320 4.3
24 0 0 4.2
24 200 840 1.5
24 400 1140 2.5
24 600 1640 2.7
24 800 2180 4.6
24 1000 3100 0.9
24 1200 3280 0.8
24 1400 3440 1.3
24 1600 3700 3.1
24 1800 4320 4.3
25 0 0 4.2
25 200 840 1.5
25 400 1140 2.5
25 600 1640 2.7
25 800 2180 4.6
25 1000 3100 0.9
25 1200 3280 0.8
25 1400 3440 1.3
25 1600 3700 3.1
25 1800 4320 4.3
26 0 0 4.2
26 200 840 1.5
26 400 1140 2.5
26 600 1640 2.7
26 800 2180 4.6
26 1000 3100 0.9
26 1200 3280 0.8
26 1400 3440 1.3
26 1600 3700 3.1
26 1800 4320 4.3
27 0 0 4.2
27 200 840 1.5
27 400 1140 2.5
27 600 1640 2.7
27 800 2180 4.6
27 1000 3100 0.9
27 1200 3280 0.8
27 1400 3440 1.3
27 1600 3700 3.1
27 1800 4320 4.3
28 0 0 4.2
28 200 840 1.5
28 400 1140 2.5
28 600 1640 2.7
28 800 2180 4.6
28 1000 3100 0.9
28 1200 3280 0.8
28 1400 3440 1.3
28 1600 3700 3.1
28 1800 4320 4.3
29 0 0 4.2
29 200 840 1.5
29 400 1140 2.5
29 600 1640 2.7
29 800 2180 4.6
29 1000 3100 0.9
29 1200 3280 0.8
29 1400 3440 1.3
29 1600 3700 3.1
29 1800 4320 4.3
30 0 0 4.2
30 200 840 1.5
30 400 1140 2.5
30 600 1640 2.7
30 800 2180 4.6
30 1000 3100 0.9
30 1200 3280 0.8
30 1400 3440 1.3
30 1600 3700 3.1
30 1800 4320 4.3
31 0 0 4.2
31 200 840 1.5
31 400 1140 2.5
31 600 1640 2.7
31 800 2180 4.6
31 1000 3100 0.9
31 1200 3280 0.8
31 1400 3440 1.3
31 1600 3700 3.1
31 1800 4320 4.3
32 0 0 4.2
32 200 840 1.5
32 400 1140 2.5
32 600 1640 2.7
32 800 2180 4.6
32 1000 3100 0.9
32 1200 3280 0.8
32 1400 3440 1.3
32 1600 3700 3.1
32 1800 4320 4.3
33 0 0 4.2
33 200 840 1.5
33 400 1140 2.5
33 600 1640 2.7
33 800 2180 4.6
33 1000 3100 0.9
33 1200 3280 0.8
33 1400 3440 1.3
33 1600 3700 3.1
33 1800 4320 4.3
34 0 0 4.2
34 200 840 1.5
34 400 1140 2.5
34 600 1640 2.7
34 800 2180 4.6
34 1000 3100 0.9
34 1200 3280 0.8
34 1400 3440 1.3
34 1600 3700 3.1
34 1800 4320 4.3
35 0 0 4.2
35 200 840 1.5
35 400 1140 2.5
35 600 1640 2.7
35 800 2180 4.6
35 1000 3100 0.9
35 1200 3280 0.8
35 1400 3440 1.3
35 1600 3700 3.1
35 1800 4320 4.3
36 0 0 4.2
36 200 840 1.5
36 400 1140 2.5
36 600 1640 2.7
36 800 2180 4.6
36 1000 3100 0.9
36 1200 3280 0.8
36 1400 3440 1.3
36 1600 3700 3.1
36 1800 4320 4.3
37 0 0 4.2
37 200 840 1.5
37 400 1140 2.5
37 600 1640 2.7
37 800 2180 4.6
37 1000 3100 0.9
37 1200 3280 0.8
37 1400 3440 1.3
37 1600 3700 3.1
37 1800 4320 4.3
38 0 0 4.2
38 200 840 1.5
38 400 1140 2.5
38 600 1640 2.7
38 800 2180 4.6
38 1000 3100 0.9
38 1200 3280 0.8
38 1400 3440 1.3
38 1600 3700 3.1
38 1800 4320 4.3
39 0 0 4.2
39 200 840 1.5
39 400 1140 2.5
39 600 1640 2.7
39 800 2180 4.6
39 1000 3100 0.9
39 1200 3280 0.8
39 1400 3440 1.3
39 1600 3700 3.1
39 1800 4320 4.3
40 0 0 4.2
40 200 840 1.5
40 400 1140 2.5
40 600 1640 2.7
40 800 2180 4.6
40 1000 3100 0.9
40 1200 3280 0.8
40 1400 3440 1.3
40 1600 3700 3.1
40 1800 4320 4.3
41 0 0 4.2
41 200 840 1.5
41 400 1140 2.5
41 600 1640 2.7
41 800 2180 4.6
41 1000 3100 0.9
41 1200 3280 0.8
41 1400 3440 1.3
41 1600 3700 3.1
41 1800 4320 4.3
42 0 0 4.2
42 200 840 1.5
42 400 1140 2.5
42 600 1640 2.7
42 800 2180 4.6
42 1000 3100 0.9
42 1200 3280 0.8
42 1400 3440 1.3
42 1600 3700 3.1
42 1800 4320 4.3
43 0 0 4.2
43 200 840 1.5
43 400 1140 2.5
43 600 1640 2.7
43 800 2180 4.6
43 1000 3100 0.9
43 1200 3280 0.8
43 1400 3440 1.3
43 1600 3700 3.1
43 1800 4320 4.3
44 0 0 4.2
44 200 840 1.5
44 400 1140 2.5
44 600 1640 2.7
44 800 2180 4.6
44 1000 3100 0.9
44 1200 3280 0.8
44 1400 3440 1.3
44 1600 3700 3.1
44 1800 4320 4.3
45 0 0 4.2
45 200 840 1.5
45 400 1140 2.5
45 600 1640 2.7
45 800 2180 4.6
45 1000 3100 0.9
45 1200 3280 0.8
45 1400 3440 1.3
45 1600 3700 3.1
45 1800 4320 4.3
46 0 0 4.2
46 200 840 1.5
46 400 1140 2.5
46 600 1640 2.7
46 800 2180 4.6
46 1000 3100 0.9
46 1200 3280 0.8
46 1400 3440 1.3
46 1600 3700 3.1
46 1800 4320 4.3
47 0 0 4.2
47 200 840 1.5
47 400 1140 2.5
47 600 1640 2.7
47 800 2180 4.6
47 1000 3100 0.9
47 1200 3280 0.8
47 1400 3440 1.3
47 1600 3700 3.1
47 1800 4320 4.3
48 0 0 4.2
48 200 840 1.5
48 400 1140 2.5
48 600 1640 2.7
48 800 2180 4.6
48 1000 3100 0.9
48 1200 3280 0.8
48 1400 3440 1.3
48 1600 3700 3.1
48 1800 4320 4.3
49 0 0 4.2
49 200 840 1.5
49 400 1140 2.5
49 600 1640 2.7
49 800 2180 4.6
49 1000 3100 0.9
49 1200 3280 0.8
49 1400 3440 1.3
49 1600 3700 3.1
49 1800 4320 4.3
50 0 0 4.2
50 200 840 1.5
50 400 1140 2.5
50 600 1640 2.7
50 800 2180 4.6
50 1000 3100 0.9
50 1200 3280 0.8
50 1400 3440 1.3
50 1600 3700 3.1
50 1800 4320 4.3
51 0 0 4.2
51 200 840 1.5
51 400 1140 2.5
51 600 1640 2.7
51 800 2180 4.6
51 1000 3100 0.9
51 1200 3280 0.8
51 1400 3440 1.3
51 1600 3700 3.1
51 1800 4320 4.3
52 0 0 4.2
52 200 840 1.5
52 400 1140 2.5
52 600 1640 2.7
52 800 2180 4.6
52 1000 3100 0.9
52 1200 3280 0.8
52 1400 3440 1.3
52 1600 3700 3.1
52 1800 4320 4.3
53 0 0 4.2
53 200 840 1.5
53 400 1140 2.5
53 600 1640 2.7
53 800 2180 4.6
53 1000 3100 0.9
53 1200 3280 0.8
53 1400 3440 1.3
53 1600 3700 3.1
53 1800 4320 4.3
54 0 0 4.2
54 200 840 1.5
54 400 1140 2.5
54 600 1640 2.7
54 800 2180 4.6
54 1000 3100 0.9
54 1200 3280 0.8
54 1400 3440 1.3
54 1600 3700 3.1
54 1800 4320 4.3
55 0 0 4.2
55 200 840 1.5
55 400 1140 2.5
55 600 1640 2.7
55 800 2180 4.6
55 1000 3100 0.9
55 1200 3280 0.8
55 1400 3440 1.3
55 1600 3700 3.1
55 1800 4320 4.3
56 0 0 4.2
56 200 840 1.5
56 400 1140 2.5
56 600 1640 2.7
56 800 2180 4.6
56 1000 3100 0.9
56 1200 3280 0.8
56 1400 3440 1.3
56 1600 3700 3.1
56 1800 4320 4.3
57 0 0 4.2
57 200 840 1.5
57 400 1140 2.5
57 600 1640 2.7
57 800 2180 4.6
57 1000 3100 0.9
57 1200 3280 0.8
57 1400 3440 1.3
57 1600 3700 3.1
57 1800 4320 4.3
58 0 0 4.2
58 200 840 1.5
58 400 1140 2.5
58 600 1640 2.7
58 800 2180 4.6
58 1000 3100 0.9
58 1200 3280 0.8
58 1400 3440 1.3
58 1600 3700 3.1
58 1800 4320 4.3
59 0 0 4.2
59 200 840 1.5
59 400 1140 2.5
59 600 1640 2.7
59 800 2180 4.6
59 1000 3100 0.9
59 1200 3280 0.8
59 1400 3440 1.3
59 1600 3700 3.1
59 1800 4320 4.3
60 0 0 4.2
60 200 840 1.5
60 400 1140 2.5
60 600 1640 2.7
60 800 2180 4.6
60 1000 3100 0.9
60 1200 3280 0.8
60 1400 3440 1.3
60 1600 3700 3.1
60 1800 4320 4.3
61 0 0 4.2
61 200 840 1.5
61 400 1140 2.5
61 600 1640 2.7
61 800 2180 4.6
61 1000 3100 0.9
61 1200 3280 0.8
61 1400 3440 1.3
61 1600 3700 3.1
61 1800 4320 4.3
62 0 0 4.2
62 200 840 1.5
62 400 1140 2.5
62 600 1640 2.7
62 800 2180 4.6
62 1000 3100 0.9
62 1200 3280 0.8
62 1400 3440 1.3
62 1600 3700 3.1
62 1800 4320 4.3
63 0 0 4.2
63 200 840 1.5
63 400 1140 2.5
63 600 1640 2.7
63 800 2180 4.6
63 1000 3100 0.9
63 1200 3280 0.8
63 1400 3440 1.3
63 1600 3700 3.1
63 1800 4320 4.3
64 0 0 4.2
64 200 840 1.5
64 400 1140 2.5
64 600 1640 2.7
64 800 2180 4.6
64 1000 3100 0.9
64 1200 3280 0.8
64 1400 3440 1.3
64 1600 3700 3.1
64 1800 4320 4.3
65 0 0 4.2
65 200 840 1.5
65 400 1140 2.5
65 600 1640 2.7
65 800 2180 4.6
65 1000 3100 0.9
65 1200 3280 0.8
65 1400 3440 1.3
65 1600 3700 3.1
65 1800 4320 4.3
66 0 0 4.2
66 200 840 1.5
66 400 1140 2.5
66 600 1640 2.7
66 800 2180 4.6
66 1000 3100 0.9
66 1200 3280 0.8
66 1400 3440 1.3
66 1600 3700 3.1
66 1800 4320 4.3
67 0 0 4.2
67 200 840 1.5
67 400 1140 2.5
67 600 1640 2.7
67 800 2180 4.6
67 1000 3100 0.9
67 1200 3280 0.8
67 1400 3440 1.3
67 1600 3700 3.1
67 1800 4320 4.3
68 0 0 4.2
68 200 840 1.5
68 400 1140 2.5
68 600 1640 2.7
68 800 2180 4.6
68 1000 3100 0.9
68 1200 3280 0.8
68 1400 3440 1.3
68 1600 3700 3.1
68 1800 4320 4.3
69 0 0 4.2
69 200 840 1.5
69 400 1140 2.5
69 600 1640 2.7
69 800 2180 4.6
69 1000 3100 0.9
69 1200 3280 0.8
69 1400 3440 1.3
69 1600 3700 3.1
69 1800 4320 4.3
70 0 0 4.2
70 200 840 1.5
70 400 1140 2.5
70 600 1640 2.7
70 800 2180 4.6
70 1000 3100 0.9
70 1200 3280 0.8
70 1400 3440 1.3
70 1600 3700 3.1
70 1800 4320 4.3
71 0 0 4.2
71 200 840 1.5
71 400 1140 2.5
71 600 1640 2.7
71 800 2180 4.6
71 1000 3100 0.9
71 1200 3280 0.8
71 1400 3440 1.3
71 1600 3700 3.1
71 1800 4320 4.3
72 0 0 4.2
72 200 840 1.5
72 400 1140 2.5
72 600 1640 2.7
72 800 2180 4.6
72 1000 3100 0.9
72 1200 3280 0.8
72 1400 3440 1.3
72 1600 3700 3.1
72 1800 4320 4.3
73 0 0 4.2
73 200 840 1.5
73 400 1140 2.5
73 600 1640 2.7
73 800 2180 4.6
73 1000 3100 0.9
73 1200 3280 0.8
73 1400 3440 1.3
73 1600 3700 3.1
73 1800 4320 4.3
74 0 0 4.2
74 200 840 1.5
74 400 1140 2.5
74 600 1640 2.7
74 800 2180 4.6
74 1000 3100 0.9
74 1200 3280 0.8
74 1400 3440 1.3
74 1600 3700 3.1
74 1800 4320 4.3
75 0 0 4.2
75 200 840 1.5
75 400 1140 2.5
75 600 1640 2.7
75 800 2180 4.6
75 1000 3100 0.9
75 1200 3280 0.8
75 1400 3440 1.3
75 1600 3700 3.1
75 1800 4320 4.3
76 0 0 4.2
76 200 840 1.5
76 400 1140 2.5
76 600 1640 2.7
76 800 2180 4.6
76 1000 3100 0.9
76 1200 3280 0.8
76 1400 3440 1.3
76 1600 3700 3.1
76 1800 4320 4.3
77 0 0 4.2
77 200 840 1.5
77 400 1140 2.5
77 600 1640 2.7
77 800 2180 4.6
77 1000 3100 0.9
77 1200 3280 0.8
77 1400 3440 1.3
77 1600 3700 3.1
77 1800 4320 4.3
78 0 0 4.2
78 200 840 1.5
78 400 1140 2.5
78 600 1640 2.7
78 800 2180 4.6
78 1000 3100 0.9
78 1200 3280 0.8
78 1400 3440 1.3
78 1600 3700 3.1
78 1800 4320 4.3
79 0 0 4.2
79 200 840 1.5
79 400 1140 2.5
79 600 1640 2.7
79 800 2180 4.6
79 1000 3100 0.9
79 1200 3280 0.8
79 1400 3440 1.3
79 1600 3700 3.1
79 1800 4320 4.3
80 0 0 4.2
80 200 840 1.5
80 400 1140 2.5
80 600 1640 2.7
80 800 2180 4.6
80 1000 3100 0.9
80 1200 3280 0.8
80 1400 3440 1.3
80 1600 3700 3.1
80 1800 4320 4.3
81 0 0 4.2
81 200 840 1.5
81 400 1140 2.5
81 600 1640 2.7
81 800 2180 4.6
81 1000 3100 0.9
81 1200 3280 0.8
81 1400 3440 1.3
81 1600 3700 3.1
81 1800 4320 4.3
82 0 0 4.2
82 200 840 1.5
82 400 1140 2.5
82 600 1640 2.7
82 800 2180 4.6
82 1000 3100 0.9
82 1200 3280 0.8
82 1400 3440 1.3
82 1600 3700 3.1
82 1800 4320 4.3
83 0 0 4.2
83 200 840 1.5
83 400 1140 2.5
83 600 1640 2.7
83 800 2180 4.6
83 1000 3100 0.9
83 1200 3280 0.8
83 1400 3440 1.3
83 1600 3700 3.1
83 1800 4320 4.3
84 0 0 4.2
84 200 840 1.5
84 400 1140 2.5
84 600 1640 2.7
84 800 2180 4.6
84 1000 3100 0.9
84 1200 3280 0.8
84 1400 3440 1.3
84 1600 3700 3.1
84 1800 4320 4.3
85 0 0 4.2
85 200 840 1.5
85 400 1140 2.5
85 600 1640 2.7
85 800 2180 4.6
85 1000 3100 0.9
85 1200 3280 0.8
85 1400 3440 1.3
85 1600 3700 3.1
85 1800 4320 4.3
86 0 0 4.2
86 200 840 1.5
86 400 1140 2.5
86 600 1640 2.7
86 800 2180 4.6
86 1000 3100 0.9
86 1200 3280 0.8
86 1400 3440 1.3
86 1600 3700 3.1
86 1800 4320 4.3
87 0 0 4.2
87 200 840 1.5
87 400 1140 2.5
87 600 1640 2.7
87 800 2180 4.6
87 1000 3100 0.9
87 1200 3280 0.8
87 1400 3440 1.3
87 1600 3700 3.1
87 1800 4320 4.3
88 0 0 4.2
88 200 840 1.5
88 400 1140 2.5
88 600 1640 2.7
88 800 2180 4.6
88 1000 3100 0.9
88 1200 3280 0.8
88 1400 3440 1.3
88 1600 3700 3.1
88 1800 4320 4.3
89 0 0 4.2
89 200 840 1.5
89 400 1140 2.5
89 600 1640 2.7
89 800 2180 4.6
89 1000 3100 0.9
89 1200 3280 0.8
89 1400 3440 1.3
89 1600 3700 3.1
89 1800 4320 4.3
90 0 0 4.2
90 200 840 1.5
90 400 1140 2.5
90 600 1640 2.7
90 800 2180 4.6
90 1000 3100 0.9
90 1200 3280 0.8
90 1400 3440 1.3
90 1600 3700 3.1
90 1800 4320 4.3
91 0 0 4.2
91 200 840 1.5
91 400 1140 2.5
91 600 1640 2.7
91 800 2180 4.6
91 1000 3100 0.9
91 1200 3280 0.8
91 1400 3440 1.3
91 1600 3700 3.1
91 1800 4320 4.3
92 0 0 4.2
92 200 840 1.5
92 400 1140 2.5
92 600 1640 2.7
92 800 2180 4.6
92 1000 3100 0.9
92 1200 3280 0.8
92 1400 3440 1.3
92 1600 3700 3.1
92 1800 4320 4.3
93 0 0 4.2
93 200 840 1.5
93 400 1140 2.5
93 600 1640 2.7
93 800 2180 4.6
93 1000 3100 0.9
93 1200 3280 0.8
93 1400 3440 1.3
93 1600 3700 3.1
93 1800 4320 4.3
94 0 0 4.2
94 200 840 1.5
94 400 1140 2.5
94 600 1640 2.7
94 800 2180 4.6
94 1000 3100 0.9
94 1200 3280 0.8
94 1400 3440 1.3
94 1600 3700 3.1
94 1800 4320 4.3
95 0 0 4.2
95 200 840 1.5
95 400 1140 2.5
95 600 1640 2.7
95 800 2180 4.6
95 1000 3100 0.9
95 1200 3280 0.8
95 1400 3440 1.3
95 1600 3700 3.1
95 1800 4320 4.3
96 0 0 4.2
96 200 840 1.5
96 400 1140 2.5
96 600 1640 2.7
96 800 2180 4.6
96 1000 3100 0.9
96 1200 3280 0.8
96 1400 3440 1.3
96 1600 3700 3.1
96 1800 4320 4.3
97 0 0 4.2
97 200 840 1.5
97 400 1140 2.5
97 600 1640 2.7
97 800 2180 4.6
97 1000 3100 0.9
97 1200 3280 0.8
97 1400 3440 1.3
97 1600 3700 3.1
97 1800 4320 4.3
98 0 0 4.2
98 200 840 1.5
98 400 1140 2.5
98 600 1640 2.7
98 800 2180 4.6
98 1000 3100 0.9
98 1200 3280 0.8
98 1400 3440 1.3
98 1600 3700 3.1
98 1800 4320 4.3
99 0 0 4.2
99 200 840 1.5
99 400 1140 2.5
99 600 1640 2.7
99 800 2180 4.6
99 1000 3100 0.9
99 1200 3280 0.8
99 1400 3440 1.3
99 1600 3700 3.1
99 1800 4320 4.3
100 0 0 4.2
100 200 840 1.5
100 400 1140 2.5
100 600 1640 2.7
100 800 2180 4.6
100 1000 3100 0.9
100 1200 3280 0.8
100 1400 3440 1.3
100 1600 3700 3.1
100 1800 4320 4.3
101 0 0 4.2
101 200 840 1.5
101 400 1140 2.5
101 600 1640 2.7
101 800 2180 4.6
101 1000 3100 0.9
101 1200 3280 0.8
101 1400 3440 1.3
101 1600 3700 3.1
101 1800 4320 4.3
102 0 0 4.2
102 200 840 1.5
102 400 1140 2.5
102 600 1640 2.7
102 800 2180 4.6
102 1000 3100 0.9
102 1200 3280 0.8
102 1400 3440 1.3
102 1600 3700 3.1
102 1800 4320 4.3
103 0 0 4.2
103 200 840 1.5
103 400 1140 2.5
103 600 1640 2.7
103 800 2180 4.6
103 1000 3100 0.9
103 1200 3280 0.8
103 1400 3440 1.3
103 1600 3700 3.1
103 1800 4320 4.3
104 0 0 4.2
104 200 840 1.5
104 400 1140 2.5
104 600 1640 2.7
104 800 2180 4.6
104 1000 3100 0.9
104 1200 3280 0.8
104 1400 3440 1.3
104 1600 3700 3.1
104 1800 4320 4.3
105 0 0 4.2
105 200 840 1.5
105 400 1140 2.5
105 600 1640 2.7
105 800 2180 4.6
105 1000 3100 0.9
105 1200 3280 0.8
105 1400 3440 1.3
105 1600 3700 3.1
105 1800 4320 4.3
106 0 0 4.2
106 200 840 1.5
106 400 1140 2.5
106 600 1640 2.7
106 800 2180 4.6
106 1000 3100 0.9
106 1200 3280 0.8
106 1400 3440 1.3
106 1600 3700 3.1
106 1800 4320 4.3
107 0 0 4.2
107 200 840 1.5
107 400 1140 2.5
107 600 1640 2.7
107 800 2180 4.6
107 1000 3100 0.9
107 1200 3280 0.8
107 1400 3440 1.3
107 1600 3700 3.1
107 1800 4320 4.3
108 0 0 4.2
108 200 840 1.5
108 400 1140 2.5
108 600 1640 2.7
108 800 2180 4.6
108 1000 3100 0.9
108 1200 3280 0.8
108 1400 3440 1.3
108 1600 3700 3.1
108 1800 4320 4.3
109 0 0 4.2
109 200 840 1.5
109 400 1140 2.5
109 600 1640 2.7
109 800 2180 4.6
109 1000 3100 0.9
109 1200 3280 0.8
109 1400 3440 1.3
109 1600 3700 3.1
109 1800 4320 4.3
110 0 0 4.2
110 200 840 1.5
110 400 1140 2.5
110 600 1640 2.7
110 800 2180 4.6
110 1000 3100 0.9
110 1200 3280 0.8
110 1400 3440 1.3
110 1600 3700 3.1
110 1800 4320 4.3
111 0 0 4.2
111 200 840 1.5
111 400 1140 2.5
111 600 1640 2.7
111 800 2180 4.6
111 1000 3100 0.9
111 1200 3280 0.8
111 1400 3440 1.3
111 1600 3700 3.1
111 1800 4320 4.3
112 0 0 4.2
112 200 840 1.5
112 400 1140 2.5
112 600 1640 2.7
112 800 2180 4.6
112 1000 3100 0.9
112 1200 3280 0.8
112 1400 3440 1.3
112 1600 3700 3.1
112 1800 4320 4.3
113 0 0 4.2
113 200 840 1.5
113 400 1140 2.5
113 600 1640 2.7
113 800 2180 4.6
113 1000 3100 0.9
113 1200 3280 0.8
113 1400 3440 1.3
113 1600 3700 3.1
113 1800 4320 4.3
114 0 0 4.2
114 200 840 1.5
114 400 1140 2.5
114 600 1640 2.7
114 800 2180 4.6
114 1000 3100 0.9
114 1200 3280 0.8
114 1400 3440 1.3
114 1600 3700 3.1
114 1800 4320 4.3
115 0 0 4.2
115 200 840 1.5
115 400 1140 2.5
115 600 1640 2.7
115 800 2180 4.6
115 1000 3100 0.9
115 1200 3280 0.8
115 1400 3440 1.3
115 1600 3700 3.1
115 1800 4320 4.3
116 0 0 4.2
116 200 840 1.5
116 400 1140 2.5
116 600 1640 2.7
116 800 2180 4.6
116 1000 3100 0.9
116 1200 3280 0.8
116 1400 3440 1.3
116 1600 3700 3.1
116 1800 4320 4.3
117 0 0 4.2
117 200 840 1.5
117 400 1140 2.5
117 600 1640 2.7
117 800 2180 4.6
117 1000 3100 0.9
117 1200 3280 0.8
117 1400 3440 1.3
117 1600 3700 3.1
117 1800 4320 4.3
118 0 0 4.2
118 200 840 1.5
118 400 1140 2.5
118 600 1640 2.7
118 800 2180 4.6
118 1000 3100 0.9
118 1200 3280 0.8
118 1400 3440 1.3
118 1600 3700 3.1
118 1800 4320 4.3
119 0 0 4.2
119 200 840 1.5
119 400 1140 2.5
119 600 1640 2.7
119 800 2180 4.6
119 1000 3100 0.9
119 1200 3280 0.8
119 1400 3440 1.3
119 1600 3700 3.1
119 1800 4320 4.3
120 0 0 4.2
120 200 840 1.5
120 400 1140 2.5
120 600 1640 2.7
120 800 2180 4.6
120 1000 3100 0.9
120 1200 3280 0.8
120 1400 3440 1.3
120 1600 3700 3.1
120 1800 4320 4.3
121 0 0 4.2
121 200 840 1.5
121 400 1140 2.5
121 600 1640 2.7
121 800 2180 4.6
121 1000 3100 0.9
121 1200 3280 0.8
121 1400 3440 1.3
121 1600 3700 3.1
121 1800 4320 4.3
122 0 0 4.2
122 200 840 1.5
122 400 1140 2.5
122 600 1640 2.7
122 800 2180 4.6
122 1000 3100 0.9
122 1200 3280 0.8
122 1400 3440 1.3
122 1600 3700 3.1
122 1800 4320 4.3
123 0 0 4.2
123 200 840 1.5
123 400 1140 2.5
123 600 1640 2.7
123 800 2180 4.6
123 1000 3100 0.9
123 1200 3280 0.8
123 1400 3440 1.3
123 1600 3700 3.1
123 1800 4320 4.3
124 0 0 4.2
124 200 840 1.5
124 400 1140 2.5
124 600 1640 2.7
124 800 2180 4.6
124 1000 3100 0.9
124 1200 3280 0.8
124 1400 3440 1.3
124 1600 3700 3.1
124 1800 4320 4.3
125 0 0 4.2
125 200 840 1.5
125 400 1140 2.5
125 600 1640 2.7
125 800 2180 4.6
125 1000 3100 0.9
125 1200 3280 0.8
125 1400 3440 1.3
125 1600 3700 3.1
125 1800 4320 4.3
126 0 0 4.2
126 200 840 1.5
126 400 1140 2.5
126 600 1640 2.7
126 800 2180 4.6
126 1000 3100 0.9
126 1200 3280 0.8
126 1400 3440 1.3
126 1600 3700 3.1
126 1800 4320 4.3
127 0 0 4.2
127 200 840 1.5
127 400 1140 2.5
127 600 1640 2.7
127 800 2180 4.6
127 1000 3100 0.9
127 1200 3280 0.8
127 1400 3440 1.3
127 1600 3700 3.1
127 1800 4320 4.3
128 0 0 4.2
128 200 840 1.5
128 400 1140 2.5
128 600 1640 2.7
128 800 2180 4.6
128 1000 3100 0.9
128 1200 3280 0.8
128 1400 3440 1.3
128 1600 3700 3.1
128 1800 4320 4.3
129 0 0 4.2
129 200 840 1.5
129 400 1140 2.5
129 600 1640 2.7
129 800 2180 4.6
129 1000 3100 0.9
129 1200 3280 0.8
129 1400 3440 1.3
129 1600 3700 3.1
129 1800 4320 4.3
130 0 0 4.2
130 200 840 1.5
130 400 1140 2.5
130 600 1640 2.7
130 800 2180 4.6
130 1000 3100 0.9
130 1200 3280 0.8
130 1400 3440 1.3
130 1600 3700 3.1
130 1800 4320 4.3
131 0 0 4.2
131 200 840 1.5
131 400 1140 2.5
131 600 1640 2.7
131 800 2180 4.6
131 1000 3100 0.9
131 1200 3280 0.8
131 1400 3440 1.3
131 1600 3700 3.1
131 1800 4320 4.3
132 0 0 4.2
132 200 840 1.5
132 400 1140 2.5
132 600 1640 2.7
132 800 2180 4.6
132 1000 3100 0.9
132 1200 3280 0.8
132 1400 3440 1.3
132 1600 3700 3.1
132 1800 4320 4.3
133 0 0 4.2
133 200 840 1.5
133 400 1140 2.5
133 600 1640 2.7
133 800 2180 4.6
133 1000 3100 0.9
133 1200 3280 0.8
133 1400 3440 1.3
133 1600 3700 3.1
133 1800 4320 4.3
134 0 0 4.2
134 200 840 1.5
134 400 1140 2.5
134 600 1640 2.7
134 800 2180 4.6
134 1000 3100 0.9
134 1200 3280 0.8
134 1400 3440 1.3
134 1600 3700 3.1
134 1800 4320 4.3
135 0 0 4.2
135 200 840 1.5
135 400 1140 2.5
135 600 1640 2.7
135 800 2180 4.6
135 1000 3100 0.9
135 1200 3280 0.8
135 1400 3440 1.3
135 1600 3700 3.1
135 1800 4320 4.3
136 0 0 4.2
136 200 840 1.5
136 400 1140 2.5
136 600 1640 2.7
136 800 2180 4.6
136 1000 3100 0.9
136 1200 3280 0.8
136 1400 3440 1.3
136 1600 3700 3.1
136 1800 4320 4.3
137 0 0 4.2
137 200 840 1.5
137 400 1140 2.5
137 600 1640 2.7
137 800 2180 4.6
137 1000 3100 0.9
137 1200 3280 0.8
137 1400 3440 1.3
137 1600 3700 3.1
137 1800 4320 4.3
138 0 0 4.2
138 200 840 1.5
138 400 1140 2.5
138 600 1640 2.7
138 800 2180 4.6
138 1000 3100 0.9
138 1200 3280 0.8
138 1400 3440 1.3
138 1600 3700 3.1
138 1800 4320 4.3
139 0 0 4.2
139 200 840 1.5
139 400 1140 2.5
139 600 1640 2.7
139 800 2180 4.6
139 1000 3100 0.9
139 1200 3280 0.8
139 1400 3440 1.3
139 1600 3700 3.1
139 1800 4320 4.3
140 0 0 4.2
140 200 840 1.5
140 400 1140 2.5
140 600 1640 2.7
140 800 2180 4.6
140 1000 3100 0.9
140 1200 3280 0.8
140 1400 3440 1.3
140 1600 3700 3.1
140 1800 4320 4.3
141 0 0 4.2
141 200 840 1.5
141 400 1140 2.5
141 600 1640 2.7
141 800 2180 4.6
141 1000 3100 0.9
141 1200 3280 0.8
141 1400 3440 1.3
141 1600 3700 3.1
141 1800 4320 4.3
142 0 0 4.2
142 200 840 1.5
142 400 1140 2.5
142 600 1640 2.7
142 800 2180 4.6
142 1000 3100 0.9
142 1200 3280 0.8
142 1400 3440 1.3
142 1600 3700 3.1
142 1800 4320 4.3
143 0 0 4.2
143 200 840 1.5
143 400 1140 2.5
143 600 1640 2.7
143 800 2180 4.6
143 1000 3100 0.9
143 1200 3280 0.8
143 1400 3440 1.3
143 1600 3700 3.1
143 1800 4320 4.3
144 0 0 4.2
144 200 840 1.5
144 400 1140 2.5
144 600 1640 2.7
144 800 2180 4.6
144 1000 3100 0.9
144 1200 3280 0.8
144 1400 3440 1.3
144 1600 3700 3.1
144 1800 4320 4.3
145 0 0 4.2
145 200 840 1.5
145 400 1140 2.5
145 600 1640 2.7
145 800 2180 4.6
145 1000 3100 0.9
145 1200 3280 0.8
145 1400 3440 1.3
145 1600 3700 3.1
145 1800 4320 4.3
146 0 0 4.2
146 200 840 1.5
146 400 1140 2.5
146 600 1640 2.7
146 800 2180 4.6
146 1000 3100 0.9
146 1200 3280 0.8
146 1400 3440 1.3
146 1600 3700 3.1
146 1800 4320 4.3
147 0 0 4.2
147 200 840 1.5
147 400 1140 2.5
147 600 1640 2.7
147 800 2180 4.6
147 1000 3100 0.9
147 1200 3280 0.8
147 1400 3440 1.3
147 1600 3700 3.1
147 1800 4320 4.3
148 0 0 4.2
148 200 840 1.5
148 400 1140 2.5
148 600 1640 2.7
148 800 2180 4.6
148 1000 3100 0.9
148 1200 3280 0.8
148 1400 3440 1.3
148 1600 3700 3.1
148 1800 4320 4.3
149 0 0 4.2
149 200 840 1.5
149 400 1140 2.5
149 600 1640 2.7
149 800 2180 4.6
149 1000 3100 0.9
149 1200 3280 0.8
149 1400 3440 1.3
149 1600 3700 3.1
149 1800 4320 4.3
150 0 0 4.2
150 200 840 1.5
150 400 1140 2.5
150 600 1640 2.7
150 800 2180 4.6
150 1000 3100 0.9
150 1200 3280 0.8
150 1400 3440 1.3
150 1600 3700 3.1
150 1800 4320 4.3
151 0 0 4.2
151 200 840 1.5
151 400 1140 2.5
151 600 1640 2.7
151 800 2180 4.6
151 1000 3100 0.9
151 1200 3280 0.8
151 1400 3440 1.3
151 1600 3700 3.1
151 1800 4320 4.3
152 0 0 4.2
152 200 840 1.5
152 400 1140 2.5
152 600 1640 2.7
152 800 2180 4.6
152 1000 3100 0.9
152 1200 3280 0.8
152 1400 3440 1.3
152 1600 3700 3.1
152 1800 4320 4.3
153 0 0 4.2
153 200 840 1.5
153 400 1140 2.5
153 600 1640 2.7
153 800 2180 4.6
153 1000 3100 0.9
153 1200 3280 0.8
153 1400 3440 1.3
153 1600 3700 3.1
153 1800 4320 4.3
154 0 0 4.2
154 200 840 1.5
154 400 1140 2.5
154 600 1640 2.7
154 800 2180 4.6
154 1000 3100 0.9
154 1200 3280 0.8
154 1400 3440 1.3
154 1600 3700 3.1
154 1800 4320 4.3
155 0 0 4.2
155 200 840 1.5
155 400 1140 2.5
155 600 1640 2.7
155 800 2180 4.6
155 1000 3100 0.9
155 1200 3280 0.8
155 1400 3440 1.3
155 1600 3700 3.1
155 1800 4320 4.3
156 0 0 4.2
156 200 840 1.5
156 400 1140 2.5
156 600 1640 2.7
156 800 2180 4.6
156 1000 3100 0.9
156 1200 3280 0.8
156 1400 3440 1.3
156 1600 3700 3.1
156 1800 4320 4.3
157 0 0 4.2
157 200 840 1.5
157 400 1140 2.5
157 600 1640 2.7
157 800 2180 4.6
157 1000 3100 0.9
157 1200 3280 0.8
157 1400 3440 1.3
157 1600 3700 3.1
157 1800 4320 4.3
158 0 0 4.2
158 200 840 1.5
158 400 1140 2.5
158 600 1640 2.7
158 800 2180 4.6
158 1000 3100 0.9
158 1200 3280 0.8
158 1400 3440 1.3
158 1600 3700 3.1
158 1800 4320 4.3
159 0 0 4.2
159 200 840 1.5
159 400 1140 2.5
159 600 1640 2.7
159 800 2180 4.6
159 1000 3100 0.9
159 1200 3280 0.8
159 1400 3440 1.3
159 1600 3700 3.1
159 1800 4320 4.3
160 0 0 4.2
160 200 840 1.5
160 400 1140 2.5
160 600 1640 2.7
160 800 2180 4.6
160 1000 3100 0.9
160 1200 3280 0.8
160 1400 3440 1.3
160 1600 3700 3.1
160 1800 4320 4.3
161 0 0 4.2
161 200 840 1.5
161 400 1140 2.5
161 600 1640 2.7
161 800 2180 4.6
161 1000 3100 0.9
161 1200 3280 0.8
161 1400 3440 1.3
161 1600 3700 3.1
161 1800 4320 4.3
162 0 0 4.2
162 200 840 1.5
162 400 1140 2.5
162 600 1640 2.7
162 800 2180 4.6
162 1000 3100 0.9
162 1200 3280 0.8
162 1400 3440 1.3
162 1600 3700 3.1
162 1800 4320 4.3
163 0 0 4.2
163 200 840 1.5
163 400 1140 2.5
163 600 1640 2.7
163 800 2180 4.6
163 1000 3100 0.9
163 1200 3280 0.8
163 1400 3440 1.3
163 1600 3700 3.1
163 1800 4320 4.3
164 0 0 4.2
164 200 840 1.5
164 400 1140 2.5
164 600 1640 2.7
164 800 2180 4.6
164 1000 3100 0.9
164 1200 3280 0.8
164 1400 3440 1.3
164 1600 3700 3.1
164 1800 4320 4.3
165 0 0 4.2
165 200 840 1.5
165 400 1140 2.5
165 600 1640 2.7
165 800 2180 4.6
165 1000 3100 0.9
165 1200 3280 0.8
165 1400 3440 1.3
165 1600 3700 3.1
165 1800 4320 4.3
166 0 0 4.2
166 200 840 1.5
166 400 1140 2.5
166 600 1640 2.7
166 800 2180 4.6
166 1000 3100 0.9
166 1200 3280 0.8
166 1400 3440 1.3
166 1600 3700 3.1
166 1800 4320 4.3
167 0 0 4.2
167 200 840 1.5
167 400 1140 2.5
167 600 1640 2.7
167 800 2180 4.6
167 1000 3100 0.9
167 1200 3280 0.8
167 1400 3440 1.3
167 1600 3700 3.1
167 1800 4320 4.3
168 0 0 4.2
168 200 840 1.5
168 400 1140 2.5
168 600 1640 2.7
168 800 2180 4.6
168 1000 3100 0.9
168 1200 3280 0.8
168 1400 3440 1.3
168 1600 3700 3.1
168 1800 4320 4.3
169 0 0 4.2
169 200 840 1.5
169 400 1140 2.5
169 600 1640 2.7
169 800 2180 4.6
169 1000 3100 0.9
169 1200 3280 0.8
169 1400 3440 1.3
169 1600 3700 3.1
169 1800 4320 4.3
170 0 0 4.2
170 200 840 1.5
170 400 1140 2.5
170 600 1640 2.7
170 800 2180 4.6
170 1000 3100 0.9
170 1200 3280 0.8
170 1400 3440 1.3
170 1600 3700 3.1
170 1800 4320 4.3
171 0 0 4.2
171 200 840 1.5
171 400 1140 2.5
171 600 1640 2.7
171 800 2180 4.6
171 1000 3100 0.9
171 1200 3280 0.8
171 1400 3440 1.3
171 1600 3700 3.1
171 1800 4320 4.3
172 0 0 4.2
172 200 840 1.5
172 400 1140 2.5
172 600 1640 2.7
172 800 2180 4.6
172 1000 3100 0.9
172 1200 3280 0.8
172 1400 3440 1.3
172 1600 3700 3.1
172 1800 4320 4.3
173 0 0 4.2
173 200 840 1.5
173 400 1140 2.5
173 600 1640 2.7
173 800 2180 4.6
173 1000 3100 0.9
173 1200 3280 0.8
173 1400 3440 1.3
173 1600 3700 3.1
173 1800 4320 4.3
174 0 0 4.2
174 200 840 1.5
174 400 1140 2.5
174 600 1640 2.7
174 800 2180 4.6
174 1000 3100 0.9
174 1200 3280 0.8
174 1400 3440 1.3
174 1600 3700 3.1
174 1800 4320 4.3
175 0 0 4.2
175 200 840 1.5
175 400 1140 2.5
175 600 1640 2.7
175 800 2180 4.6
175 1000 3100 0.9
175 1200 3280 0.8
175 1400 3440 1.3
175 1600 3700 3.1
175 1800 4320 4.3
176 0 0 4.2
176 200 840 1.5
176 400 1140 2.5
176 600 1640 2.7
176 800 2180 4.6
176 1000 3100 0.9
176 1200 3280 0.8
176 1400 3440 1.3
176 1600 3700 3.1
176 1800 4320 4.3
177 0 0 4.2
177 200 840 1.5
177 400 1140 2.5
177 600 1640 2.7
177 800 2180 4.6
177 1000 3100 0.9
177 1200 3280 0.8
177 1400 3440 1.3
177 1600 3700 3.1
177 1800 4320 4.3
178 0 0 4.2
178 200 840 1.5
178 400 1140 2.5
178 600 1640 2.7
178 800 2180 4.6
178 1000 3100 0.9
178 1200 3280 0.8
178 1400 3440 1.3
178 1600 3700 3.1
178 1800 4320 4.3
179 0 0 4.2
179 200 840 1.5
179 400 1140 2.5
179 600 1640 2.7
179 800 2180 4.6
179 1000 3100 0.9
179 1200 3280 0.8
179 1400 3440 1.3
179 1600 3700 3.1
179 1800 4320 4.3
180 0 0 4.2
180 200 840 1.5
180 400 1140 2.5
180 600 1640 2.7
180 800 2180 4.6
180 1000 3100 0.9
180 1200 3280 0.8
180 1400 3440 1.3
180 1600 3700 3.1
180 1800 4320 4.3
181 0 0 4.2
181 200 840 1.5
181 400 1140 2.5
181 600 1640 2.7
181 800 2180 4.6
181 1000 3100 0.9
181 1200 3280 0.8
181 1400 3440 1.3
181 1600 3700 3.1
181 1800 4320 4.3
182 0 0 4.2
182 200 840 1.5
182 400 1140 2.5
182 600 1640 2.7
182 800 2180 4.6
182 1000 3100 0.9
182 1200 3280 0.8
182 1400 3440 1.3
182 1600 3700 3.1
182 1800 4320 4.3
183 0 0 4.2
183 200 840 1.5
183 400 1140 2.5
183 600 1640 2.7
183 800 2180 4.6
183 1000 3100 0.9
183 1200 3280 0.8
183 1400 3440 1.3
183 1600 3700 3.1
183 1800 4320 4.3
184 0 0 4.2
184 200 840 1.5
184 400 1140 2.5
184 600 1640 2.7
184 800 2180 4.6
184 1000 3100 0.9
184 1200 3280 0.8
184 1400 3440 1.3
184 1600 3700 3.1
184 1800 4320 4.3
185 0 0 4.2
185 200 840 1.5
185 400 1140 2.5
185 600 1640 2.7
185 800 2180 4.6
185 1000 3100 0.9
185 1200 3280 0.8
185 1400 3440 1.3
185 1600 3700 3.1
185 1800 4320 4.3
186 0 0 4.2
186 200 840 1.5
186 400 1140 2.5
186 600 1640 2.7
186 800 2180 4.6
186 1000 3100 0.9
186 1200 3280 0.8
186 1400 3440 1.3
186 1600 3700 3.1
186 1800 4320 4.3
187 0 0 4.2
187 200 840 1.5
187 400 1140 2.5
187 600 1640 2.7
187 800 2180 4.6
187 1000 3100 0.9
187 1200 3280 0.8
187 1400 3440 1.3
187 1600 3700 3.1
187 1800 4320 4.3
188 0 0 4.2
188 200 840 1.5
188 400 1140 2.5
188 600 1640 2.7
188 800 2180 4.6
188 1000 3100 0.9
188 1200 3280 0.8
188 1400 3440 1.3
188 1600 3700 3.1
188 1800 4320 4.3
189 0 0 4.2
189 200 840 1.5
189 400 1140 2.5
189 600 1640 2.7
189 800 2180 4.6
189 1000 3100 0.9
189 1200 3280 0.8
189 1400 3440 1.3
189 1600 3700 3.1
189 1800 4320 4.3
190 0 0 4.2
190 200 840 1.5
190 400 1140 2.5
190 600 1640 2.7
190 800 2180 4.6
190 1000 3100 0.9
190 1200 3280 0.8
190 1400 3440 1.3
190 1600 3700 3.1
190 1800 4320 4.3
191 0 0 4.2
191 200 840 1.5
191 400 1140 2.5
191 600 1640 2.7
191 800 2180 4.6
191 1000 3100 0.9
191 1200 3280 0.8
191 1400 3440 1.3
191 1600 3700 3.1
191 1800 4320 4.3
192 0 0 4.2
192 200 840 1.5
192 400 1140 2.5
192 600 1640 2.7
192 800 2180 4.6
192 1000 3100 0.9
192 1200 3280 0.8
192 1400 3440 1.3
192 1600 3700 3.1
192 1800 4320 4.3
193 0 0 4.2
193 200 840 1.5
193 400 1140 2.5
193 600 1640 2.7
193 800 2180 4.6
193 1000 3100 0.9
193 1200 3280 0.8
193 1400 3440 1.3
193 1600 3700 3.1
193 1800 4320 4.3
194 0 0 4.2
194 200 840 1.5
194 400 1140 2.5
194 600 1640 2.7
194 800 2180 4.6
194 1000 3100 0.9
194 1200 3280 0.8
194 1400 3440 1.3
194 1600 3700 3.1
194 1800 4320 4.3
195 0 0 4.2
195 200 840 1.5
195 400 1140 2.5
195 600 1640 2.7
195 800 2180 4.6
195 1000 3100 0.9
195 1200 3280 0.8
195 1400 3440 1.3
195 1600 3700 3.1
195 1800 4320 4.3
196 0 0 4.2
196 200 840 1.5
196 400 1140 2.5
196 600 1640 2.7
196 800 2180 4.6
196 1000 3100 0.9
196 1200 3280 0.8
196 1400 3440 1.3
196 1600 3700 3.1
196 1800 4320 4.3
197 0 0 4.2
197 200 840 1.5
197 400 1140 2.5
197 600 1640 2.7
197 800 2180 4.6
197 1000 3100 0.9
197 1200 3280 0.8
197 1400 3440 1.3
197 1600 3700 3.1
197 1800 4320 4.3
198 0 0 4.2
198 200 840 1.5
198 400 1140 2.5
198 600 1640 2.7
198 800 2180 4.6
198 1000 3100 0.9
198 1200 3280 0.8
198 1400 3440 1.3
198 1600 3700 3.1
198 1800 4320 4.3
199 0 0 4.2
199 200 840 1.5
199 400 1140 2.5
199 600 1640 2.7
199 800 2180 4.6
199 1000 3100 0.9
199 1200 3280 0.8
199 1400 3440 1.3
199 1600 3700 3.1
199 1800 4320 4.3
200 0 0 4.2
200 200 840 1.5
200 400 1140 2.5
200 600 1640 2.7
200 800 2180 4.6
200 1000 3100 0.9
200 1200 3280 0.8
200 1400 3440 1.3
200 1600 3700 3.1
200 1800 4320 4.3
201 0 0 4.2
201 200 840 1.5
201 400 1140 2.5
201 600 1640 2.7
201 800 2180 4.6
201 1000 3100 0.9
201 1200 3280 0.8
201 1400 3440 1.3
201 1600 3700 3.1
201 1800 4320 4.3
202 0 0 4.2
202 200 840 1.5
202 400 1140 2.5
202 600 1640 2.7
202 800 2180 4.6
202 1000 3100 0.9
202 1200 3280 0.8
202 1400 3440 1.3
202 1600 3700 3.1
202 1800 4320 4.3
203 0 0 4.2
203 200 840 1.5
203 400 1140 2.5
203 600 1640 2.7
203 800 2180 4.6
203 1000 3100 0.9
203 1200 3280 0.8
203 1400 3440 1.3
203 1600 3700 3.1
203 1800 4320 4.3
204 0 0 4.2
204 200 840 1.5
204 400 1140 2.5
204 600 1640 2.7
204 800 2180 4.6
204 1000 3100 0.9
204 1200 3280 0.8
204 1400 3440 1.3
204 1600 3700 3.1
204 1800 4320 4.3
205 0 0 4.2
205 200 840 1.5
205 400 1140 2.5
205 600 1640 2.7
205 800 2180 4.6
205 1000 3100 0.9
205 1200 3280 0.8
205 1400 3440 1.3
205 1600 3700 3.1
205 1800 4320 4.3
206 0 0 4.2
206 200 840 1.5
206 400 1140 2.5
206 600 1640 2.7
206 800 2180 4.6
206 1000 3100 0.9
206 1200 3280 0.8
206 1400 3440 1.3
206 1600 3700 3.1
206 1800 4320 4.3
207 0 0 4.2
207 200 840 1.5
207 400 1140 2.5
207 600 1640 2.7
207 800 2180 4.6
207 1000 3100 0.9
207 1200 3280 0.8
207 1400 3440 1.3
207 1600 3700 3.1
207 1800 4320 4.3
208 0 0 4.2
208 200 840 1.5
208 400 1140 2.5
208 600 1640 2.7
208 800 2180 4.6
208 1000 3100 0.9
208 1200 3280 0.8
208 1400 3440 1.3
208 1600 3700 3.1
208 1800 4320 4.3
209 0 0 4.2
209 200 840 1.5
209 400 1140 2.5
209 600 1640 2.7
209 800 2180 4.6
209 1000 3100 0.9
209 1200 3280 0.8
209 1400 3440 1.3
209 1600 3700 3.1
209 1800 4320 4.3
210 0 0 4.2
210 200 840 1.5
210 400 1140 2.5
210 600 1640 2.7
210 800 2180 4.6
210 1000 3100 0.9
210 1200 3280 0.8
210 1400 3440 1.3
210 1600 3700 3.1
210 1800 4320 4.3
211 0 0 4.2
211 200 840 1.5
211 400 1140 2.5
211 600 1640 2.7
211 800 2180 4.6
211 1000 3100 0.9
211 1200 3280 0.8
211 1400 3440 1.3
211 1600 3700 3.1
211 1800 4320 4.3
212 0 0 4.2
212 200 840 1.5
212 400 1140 2.5
212 600 1640 2.7
212 800 2180 4.6
212 1000 3100 0.9
212 1200 3280 0.8
212 1400 3440 1.3
212 1600 3700 3.1
212 1800 4320 4.3
213 0 0 4.2
213 200 840 1.5
213 400 1140 2.5
213 600 1640 2.7
213 800 2180 4.6
213 1000 3100 0.9
213 1200 3280 0.8
213 1400 3440 1.3
213 1600 3700 3.1
213 1800 4320 4.3
214 0 0 4.2
214 200 840 1.5
214 400 1140 2.5
214 600 1640 2.7
214 800 2180 4.6
214 1000 3100 0.9
214 1200 3280 0.8
214 1400 3440 1.3
214 1600 3700 3.1
214 1800 4320 4.3
215 0 0 4.2
215 200 840 1.5
215 400 1140 2.5
215 600 1640 2.7
215 800 2180 4.6
215 1000 3100 0.9
215 1200 3280 0.8
215 1400 3440 1.3
215 1600 3700 3.1
215 1800 4320 4.3
216 0 0 4.2
216 200 840 1.5
216 400 1140 2.5
216 600 1640 2.7
216 800 2180 4.6
216 1000 3100 0.9
216 1200 3280 0.8
216 1400 3440 1.3
216 1600 3700 3.1
216 1800 4320 4.3
217 0 0 4.2
217 200 840 1.5
217 400 1140 2.5
217 600 1640 2.7
217 800 2180 4.6
217 1000 3100 0.9
217 1200 3280 0.8
217 1400 3440 1.3
217 1600 3700 3.1
217 1800 4320 4.3
218 0 0 4.2
218 200 840 1.5
218 400 1140 2.5
218 600 1640 2.7
218 800 2180 4.6
218 1000 3100 0.9
218 1200 3280 0.8
218 1400 3440 1.3
218 1600 3700 3.1
218 1800 4320 4.3
219 0 0 4.2
219 200 840 1.5
219 400 1140 2.5
219 600 1640 2.7
219 800 2180 4.6
219 1000 3100 0.9
219 1200 3280 0.8
219 1400 3440 1.3
219 1600 3700 3.1
219 1800 4320 4.3
220 0 0 4.2
220 200 840 1.5
220 400 1140 2.5
220 600 1640 2.7
220 800 2180 4.6
220 1000 3100 0.9
220 1200 3280 0.8
220 1400 3440 1.3
220 1600 3700 3.1
220 1800 4320 4.3
221 0 0 4.2
221 200 840 1.5
221 400 1140 2.5
221 600 1640 2.7
221 800 2180 4.6
221 1000 3100 0.9
221 1200 3280 0.8
221 1400 3440 1.3
221 1600 3700 3.1
221 1800 4320 4.3
222 0 0 4.2
222 200 840 1.5
222 400 1140 2.5
222 600 1640 2.7
222 800 2180 4.6
222 1000 3100 0.9
222 1200 3280 0.8
222 1400 3440 1.3
222 1600 3700 3.1
222 1800 4320 4.3
223 0 0 4.2
223 200 840 1.5
223 400 1140 2.5
223 600 1640 2.7
223 800 2180 4.6
223 1000 3100 0.9
223 1200 3280 0.8
223 1400 3440 1.3
223 1600 3700 3.1
223 1800 4320 4.3
224 0 0 4.2
224 200 840 1.5
224 400 1140 2.5
224 600 1640 2.7
224 800 2180 4.6
224 1000 3100 0.9
224 1200 3280 0.8
224 1400 3440 1.3
224 1600 3700 3.1
224 1800 4320 4.3
225 0 0 4.2
225 200 840 1.5
225 400 1140 2.5
225 600 1640 2.7
225 800 2180 4.6
225 1000 3100 0.9
225 1200 3280 0.8
225 1400 3440 1.3
225 1600 3700 3.1
225 1800 4320 4.3
226 0 0 4.2
226 200 840 1.5
226 400 1140 2.5
226 600 1640 2.7
226 800 2180 4.6
226 1000 3100 0.9
226 1200 3280 0.8
226 1400 3440 1.3
226 1600 3700 3.1
226 1800 4320 4.3
227 0 0 4.2
227 200 840 1.5
227 400 1140 2.5
227 600 1640 2.7
227 800 2180 4.6
227 1000 3100 0.9
227 1200 3280 0.8
227 1400 3440 1.3
227 1600 3700 3.1
227 1800 4320 4.3
228 0 0 4.2
228 200 840 1.5
228 400 1140 2.5
228 600 1640 2.7
228 800 2180 4.6
228 1000 3100 0.9
228 1200 3280 0.8
228 1400 3440 1.3
228 1600 3700 3.1
228 1800 4320 4.3
229 0 0 4.2
229 200 840 1.5
229 400 1140 2.5
229 600 1640 2.7
229 800 2180 4.6
229 1000 3100 0.9
229 1200 3280 0.8
229 1400 3440 1.3
229 1600 3700 3.1
229 1800 4320 4.3
230 0 0 4.2
230 200 840 1.5
230 400 1140 2.5
230 600 1640 2.7
230 800 2180 4.6
230 1000 3100 0.9
230 1200 3280 0.8
230 1400 3440 1.3
230 1600 3700 3.1
230 1800 4320 4.3
231 0 0 4.2
231 200 840 1.5
231 400 1140 2.5
231 600 1640 2.7
231 800 2180 4.6
231 1000 3100 0.9
231 1200 3280 0.8
231 1400 3440 1.3
231 1600 3700 3.1
231 1800 4320 4.3
232 0 0 4.2
232 200 840 1.5
232 400 1140 2.5
232 600 1640 2.7
232 800 2180 4.6
232 1000 3100 0.9
232 1200 3280 0.8
232 1400 3440 1.3
232 1600 3700 3.1
232 1800 4320 4.3
233 0 0 4.2
233 200 840 1.5
233 400 1140 2.5
233 600 1640 2.7
233 800 2180 4.6
233 1000 3100 0.9
233 1200 3280 0.8
233 1400 3440 1.3
233 1600 3700 3.1
233 1800 4320 4.3
234 0 0 4.2
234 200 840 1.5
234 400 1140 2.5
234 600 1640 2.7
234 800 2180 4.6
234 1000 3100 0.9
234 1200 3280 0.8
234 1400 3440 1.3
234 1600 3700 3.1
234 1800 4320 4.3
235 0 0 4.2
235 200 840 1.5
235 400 1140 2.5
235 600 1640 2.7
235 800 2180 4.6
235 1000 3100 0.9
235 1200 3280 0.8
235 1400 3440 1.3
235 1600 3700 3.1
235 1800 4320 4.3
236 0 0 4.2
236 200 840 1.5
236 400 1140 2.5
236 600 1640 2.7
236 800 2180 4.6
236 1000 3100 0.9
236 1200 3280 0.8
236 1400 3440 1.3
236 1600 3700 3.1
236 1800 4320 4.3
237 0 0 4.2
237 200 840 1.5
237 400 1140 2.5
237 600 1640 2.7
237 800 2180 4.6
237 1000 3100 0.9
237 1200 3280 0.8
237 1400 3440 1.3
237 1600 3700 3.1
237 1800 4320 4.3
238 0 0 4.2
238 200 840 1.5
238 400 1140 2.5
238 600 1640 2.7
238 800 2180 4.6
238 1000 3100 0.9
238 1200 3280 0.8
238 1400 3440 1.3
238 1600 3700 3.1
238 1800 4320 4.3
239 0 0 4.2
239 200 840 1.5
239 400 1140 2.5
239 600 1640 2.7
239 800 2180 4.6
239 1000 3100 0.9
239 1200 3280 0.8
239 1400 3440 1.3
239 1600 3700 3.1
239 1800 4320 4.3
240 0 0 4.2
240 200 840 1.5
240 400 1140 2.5
240 600 1640 2.7
240 800 2180 4.6
240 1000 3100 0.9
240 1200 3280 0.8
240 1400 3440 1.3
240 1600 3700 3.1
240 1800 4320 4.3
241 0 0 4.2
241 200 840 1.5
241 400 1140 2.5
241 600 1640 2.7
241 800 2180 4.6
241 1000 3100 0.9
241 1200 3280 0.8
241 1400 3440 1.3
241 1600 3700 3.1
241 1800 4320 4.3
242 0 0 4.2
242 200 840 1.5
242 400 1140 2.5
242 600 1640 2.7
242 800 2180 4.6
242 1000 3100 0.9
242 1200 3280 0.8
242 1400 3440 1.3
242 1600 3700 3.1
242 1800 4320 4.3
243 0 0 4.2
243 200 840 1.5
243 400 1140 2.5
243 600 1640 2.7
243 800 2180 4.6
243 1000 3100 0.9
243 1200 3280 0.8
243 1400 3440 1.3
243 1600 3700 3.1
243 1800 4320 4.3
244 0 0 4.2
244 200 840 1.5
244 400 1140 2.5
244 600 1640 2.7
244 800 2180 4.6
244 1000 3100 0.9
244 1200 3280 0.8
244 1400 3440 1.3
244 1600 3700 3.1
244 1800 4320 4.3
245 0 0 4.2
245 200 840 1.5
245 400 1140 2.5
245 600 1640 2.7
245 800 2180 4.6
245 1000 3100 0.9
245 1200 3280 0.8
245 1400 3440 1.3
245 1600 3700 3.1
245 1800 4320 4.3
246 0 0 4.2
246 200 840 1.5
246 400 1140 2.5
246 600 1640 2.7
246 800 2180 4.6
246 1000 3100 0.9
246 1200 3280 0.8
246 1400 3440 1.3
246 1600 3700 3.1
246 1800 4320 4.3
247 0 0 4.2
247 200 840 1.5
247 400 1140 2.5
247 600 1640 2.7
247 800 2180 4.6
247 1000 3100 0.9
247 1200 3280 0.8
247 1400 3440 1.3
247 1600 3700 3.1
247 1800 4320 4.3
248 0 0 4.2
248 200 840 1.5
248 400 1140 2.5
248 600 1640 2.7
248 800 2180 4.6
248 1000 3100 0.9
248 1200 3280 0.8
248 1400 3440 1.3
248 1600 3700 3.1
248 1800 4320 4.3
249 0 0 4.2
249 200 840 1.5
249 400 1140 2.5
249 600 1640 2.7
249 800 2180 4.6
249 1000 3100 0.9
249 1200 3280 0.8
249 1400 3440 1.3
249 1600 3700 3.1
249 1800 4320 4.3
250 0 0 4.2
250 200 840 1.5
250 400 1140 2.5
250 600 1640 2.7
250 800 2180 4.6
250 1000 3100 0.9
250 1200 3280 0.8
250 1400 3440 1.3
250 1600 3700 3.1
250 1800 4320 4.3
251 0 0 4.2
251 200 840 1.5
251 400 1140 2.5
251 600 1640 2.7
251 800 2180 4.6
251 1000 3100 0.9
251 1200 3280 0.8
251 1400 3440 1.3
251 1600 3700 3.1
251 1800 4320 4.3
252 0 0 4.2
252 200 840 1.5
252 400 1140 2.5
252 600 1640 2.7
252 800 2180 4.6
252 1000 3100 0.9
252 1200 3280 0.8
252 1400 3440 1.3
252 1600 3700 3.1
252 1800 4320 4.3
253 0 0 4.2
253 200 840 1.5
253 400 1140 2.5
253 600 1640 2.7
253 800 2180 4.6
253 1000 3100 0.9
253 1200 3280 0.8
253 1400 3440 1.3
253 1600 3700 3.1
253 1800 4320 4.3
254 0 0 4.2
254 200 840 1.5
254 400 1140 2.5
254 600 1640 2.7
254 800 2180 4.6
254 1000 3100 0.9
254 1200 3280 0.8
254 1400 3440 1.3
254 1600 3700 3.1
254 1800 4320 4.3
255 0 0 4.2
255 200 840 1.5
255 400 1140 2.5
255 600 1640 2.7
255 800 2180 4.6
255 1000 3100 0.9
255 1200 3280 0.8
255 1400 3440 1.3
255 1600 3700 3.1
255 1800 4320 4.3
256 0 0 4.2
256 200 840 1.5
256 400 1140 2.5
256 600 1640 2.7
256 800 2180 4.6
256 1000 3100 0.9
256 1200 3280 0.8
256 1400 3440 1.3
256 1600 3700 3.1
256 1800 4320 4.3
257 0 0 4.2
257 200 840 1.5
257 400 1140 2.5
257 600 1640 2.7
257 800 2180 4.6
257 1000 3100 0.9
257 1200 3280 0.8
257 1400 3440 1.3
257 1600 3700 3.1
257 1800 4320 4.3
258 0 0 4.2
258 200 840 1.5
258 400 1140 2.5
258 600 1640 2.7
258 800 2180 4.6
258 1000 3100 0.9
258 1200 3280 0.8
258 1400 3440 1.3
258 1600 3700 3.1
258 1800 4320 4.3
259 0 0 4.2
259 200 840 1.5
259 400 1140 2.5
259 600 1640 2.7
259 800 2180 4.6
259 1000 3100 0.9
259 1200 3280 0.8
259 1400 3440 1.3
259 1600 3700 3.1
259 1800 4320 4.3
260 0 0 4.2
260 200 840 1.5
260 400 1140 2.5
260 600 1640 2.7
260 800 2180 4.6
260 1000 3100 0.9
260 1200 3280 0.8
260 1400 3440 1.3
260 1600 3700 3.1
260 1800 4320 4.3
261 0 0 4.2
261 200 840 1.5
261 400 1140 2.5
261 600 1640 2.7
261 800 2180 4.6
261 1000 3100 0.9
261 1200 3280 0.8
261 1400 3440 1.3
261 1600 3700 3.1
261 1800 4320 4.3
262 0 0 4.2
262 200 840 1.5
262 400 1140 2.5
262 600 1640 2.7
262 800 2180 4.6
262 1000 3100 0.9
262 1200 3280 0.8
262 1400 3440 1.3
262 1600 3700 3.1
262 1800 4320 4.3
263 0 0 4.2
263 200 840 1.5
263 400 1140 2.5
263 600 1640 2.7
263 800 2180 4.6
263 1000 3100 0.9
263 1200 3280 0.8
263 1400 3440 1.3
263 1600 3700 3.1
263 1800 4320 4.3
264 0 0 4.2
264 200 840 1.5
264 400 1140 2.5
264 600 1640 2.7
264 800 2180 4.6
264 1000 3100 0.9
264 1200 3280 0.8
264 1400 3440 1.3
264 1600 3700 3.1
264 1800 4320 4.3
265 0 0 4.2
265 200 840 1.5
265 400 1140 2.5
265 600 1640 2.7
265 800 2180 4.6
265 1000 3100 0.9
265 1200 3280 0.8
265 1400 3440 1.3
265 1600 3700 3.1
265 1800 4320 4.3
266 0 0 4.2
266 200 840 1.5
266 400 1140 2.5
266 600 1640 2.7
266 800 2180 4.6
266 1000 3100 0.9
266 1200 3280 0.8
266 1400 3440 1.3
266 1600 3700 3.1
266 1800 4320 4.3
267 0 0 4.2
267 200 840 1.5
267 400 1140 2.5
267 600 1640 2.7
267 800 2180 4.6
267 1000 3100 0.9
267 1200 3280 0.8
267 1400 3440 1.3
267 1600 3700 3.1
267 1800 4320 4.3
268 0 0 4.2
268 200 840 1.5
268 400 1140 2.5
268 600 1640 2.7
268 800 2180 4.6
268 1000 3100 0.9
268 1200 3280 0.8
268 1400 3440 1.3
268 1600 3700 3.1
268 1800 4320 4.3
269 0 0 4.2
269 200 840 1.5
269 400 1140 2.5
269 600 1640 2.7
269 800 2180 4.6
269 1000 3100 0.9
269 1200 3280 0.8
269 1400 3440 1.3
269 1600 3700 3.1
269 1800 4320 4.3
270 0 0 4.2
270 200 840 1.5
270 400 1140 2.5
270 600 1640 2.7
270 800 2180 4.6
270 1000 3100 0.9
270 1200 3280 0.8
270 1400 3440 1.3
270 1600 3700 3.1
270 1800 4320 4.3
271 0 0 4.2
271 200 840 1.5
271 400 1140 2.5
271 600 1640 2.7
271 800 2180 4.6
271 1000 3100 0.9
271 1200 3280 0.8
271 1400 3440 1.3
271 1600 3700 3.1
271 1800 4320 4.3
272 0 0 4.2
272 200 840 1.5
272 400 1140 2.5
272 600 1640 2.7
272 800 2180 4.6
272 1000 3100 0.9
272 1200 3280 0.8
272 1400 3440 1.3
272 1600 3700 3.1
272 1800 4320 4.3
273 0 0 4.2
273 200 840 1.5
273 400 1140 2.5
273 600 1640 2.7
273 800 2180 4.6
273 1000 3100 0.9
273 1200 3280 0.8
273 1400 3440 1.3
273 1600 3700 3.1
273 1800 4320 4.3
274 0 0 4.2
274 200 840 1.5
274 400 1140 2.5
274 600 1640 2.7
274 800 2180 4.6
274 1000 3100 0.9
274 1200 3280 0.8
274 1400 3440 1.3
274 1600 3700 3.1
274 1800 4320 4.3
275 0 0 4.2
275 200 840 1.5
275 400 1140 2.5
275 600 1640 2.7
275 800 2180 4.6
275 1000 3100 0.9
275 1200 3280 0.8
275 1400 3440 1.3
275 1600 3700 3.1
275 1800 4320 4.3
276 0 0 4.2
276 200 840 1.5
276 400 1140 2.5
276 600 1640 2.7
276 800 2180 4.6
276 1000 3100 0.9
276 1200 3280 0.8
276 1400 3440 1.3
276 1600 3700 3.1
276 1800 4320 4.3
277 0 0 4.2
277 200 840 1.5
277 400 1140 2.5
277 600 1640 2.7
277 800 2180 4.6
277 1000 3100 0.9
277 1200 3280 0.8
277 1400 3440 1.3
277 1600 3700 3.1
277 1800 4320 4.3
278 0 0 4.2
278 200 840 1.5
278 400 1140 2.5
278 600 1640 2.7
278 800 2180 4.6
278 1000 3100 0.9
278 1200 3280 0.8
278 1400 3440 1.3
278 1600 3700 3.1
278 1800 4320 4.3
279 0 0 4.2
279 200 840 1.5
279 400 1140 2.5
279 600 1640 2.7
279 800 2180 4.6
279 1000 3100 0.9
279 1200 3280 0.8
279 1400 3440 1.3
279 1600 3700 3.1
279 1800 4320 4.3
280 0 0 4.2
280 200 840 1.5
280 400 1140 2.5
280 600 1640 2.7
280 800 2180 4.6
280 1000 3100 0.9
280 1200 3280 0.8
280 1400 3440 1.3
280 1600 3700 3.1
280 1800 4320 4.3
281 0 0 4.2
281 200 840 1.5
281 400 1140 2.5
281 600 1640 2.7
281 800 2180 4.6
281 1000 3100 0.9
281 1200 3280 0.8
281 1400 3440 1.3
281 1600 3700 3.1
281 1800 4320 4.3
282 0 0 4.2
282 200 840 1.5
282 400 1140 2.5
282 600 1640 2.7
282 800 2180 4.6
282 1000 3100 0.9
282 1200 3280 0.8
282 1400 3440 1.3
282 1600 3700 3.1
282 1800 4320 4.3
283 0 0 4.2
283 200 840 1.5
283 400 1140 2.5
283 600 1640 2.7
283 800 2180 4.6
283 1000 3100 0.9
283 1200 3280 0.8
283 1400 3440 1.3
283 1600 3700 3.1
283 1800 4320 4.3
284 0 0 4.2
284 200 840 1.5
284 400 1140 2.5
284 600 1640 2.7
284 800 2180 4.6
284 1000 3100 0.9
284 1200 3280 0.8
284 1400 3440 1.3
284 1600 3700 3.1
284 1800 4320 4.3
285 0 0 4.2
285 200 840 1.5
285 400 1140 2.5
285 600 1640 2.7
285 800 2180 4.6
285 1000 3100 0.9
285 1200 3280 0.8
285 1400 3440 1.3
285 1600 3700 3.1
285 1800 4320 4.3
286 0 0 4.2
286 200 840 1.5
286 400 1140 2.5
286 600 1640 2.7
286 800 2180 4.6
286 1000 3100 0.9
286 1200 3280 0.8
286 1400 3440 1.3
286 1600 3700 3.1
286 1800 4320 4.3
287 0 0 4.2
287 200 840 1.5
287 400 1140 2.5
287 600 1640 2.7
287 800 2180 4.6
287 1000 3100 0.9
287 1200 3280 0.8
287 1400 3440 1.3
287 1600 3700 3.1
287 1800 4320 4.3
288 0 0 4.2
288 200 840 1.5
288 400 1140 2.5
288 600 1640 2.7
288 800 2180 4.6
288 1000 3100 0.9
288 1200 3280 0.8
288 1400 3440 1.3
288 1600 3700 3.1
288 1800 4320 4.3
289 0 0 4.2
289 200 840 1.5
289 400 1140 2.5
289 600 1640 2.7
289 800 2180 4.6
289 1000 3100 0.9
289 1200 3280 0.8
289 1400 3440 1.3
289 1600 3700 3.1
289 1800 4320 4.3
290 0 0 4.2
290 200 840 1.5
290 400 1140 2.5
290 600 1640 2.7
290 800 2180 4.6
290 1000 3100 0.9
290 1200 3280 0.8
290 1400 3440 1.3
290 1600 3700 3.1
290 1800 4320 4.3
291 0 0 4.2
291 200 840 1.5
291 400 1140 2.5
291 600 1640 2.7
291 800 2180 4.6
291 1000 3100 0.9
291 1200 3280 0.8
291 1400 3440 1.3
291 1600 3700 3.1
291 1800 4320 4.3
292 0 0 4.2
292 200 840 1.5
292 400 1140 2.5
292 600 1640 2.7
292 800 2180 4.6
292 1000 3100 0.9
292 1200 3280 0.8
292 1400 3440 1.3
292 1600 3700 3.1
292 1800 4320 4.3
293 0 0 4.2
293 200 840 1.5
293 400 1140 2.5
293 600 1640 2.7
293 800 2180 4.6
293 1000 3100 0.9
293 1200 3280 0.8
293 1400 3440 1.3
293 1600 3700 3.1
293 1800 4320 4.3
294 0 0 4.2
294 200 840 1.5
294 400 1140 2.5
294 600 1640 2.7
294 800 2180 4.6
294 1000 3100 0.9
294 1200 3280 0.8
294 1400 3440 1.3
294 1600 3700 3.1
294 1800 4320 4.3
295 0 0 4.2
295 200 840 1.5
295 400 1140 2.5
295 600 1640 2.7
295 800 2180 4.6
295 1000 3100 0.9
295 1200 3280 0.8
295 1400 3440 1.3
295 1600 3700 3.1
295 1800 4320 4.3
296 0 0 4.2
296 200 840 1.5
296 400 1140 2.5
296 600 1640 2.7
296 800 2180 4.6
296 1000 3100 0.9
296 1200 3280 0.8
296 1400 3440 1.3
296 1600 3700 3.1
296 1800 4320 4.3
297 0 0 4.2
297 200 840 1.5
297 400 1140 2.5
297 600 1640 2.7
297 800 2180 4.6
297 1000 3100 0.9
297 1200 3280 0.8
297 1400 3440 1.3
297 1600 3700 3.1
297 1800 4320 4.3
298 0 0 4.2
298 200 840 1.5
298 400 1140 2.5
298 600 1640 2.7
298 800 2180 4.6
298 1000 3100 0.9
298 1200 3280 0.8
298 1400 3440 1.3
298 1600 3700 3.1
298 1800 4320 4.3
299 0 0 4.2
299 200 840 1.5
299 400 1140 2.5
299 600 1640 2.7
299 800 2180 4.6
299 1000 3100 0.9
299 1200 3280 0.8
299 1400 3440 1.3
299 1600 3700 3.1
299 1800 4320 4.3
300 0 0 4.2
300 200 840 1.5
300 400 1140 2.5
300 600 1640 2.7
300 800 2180 4.6
300 1000 3100 0.9
300 1200 3280 0.8
300 1400 3440 1.3
300 1600 3700 3.1
300 1800 4320 4.3
301 0 0 4.2
301 200 840 1.5
301 400 1140 2.5
301 600 1640 2.7
301 800 2180 4.6
301 1000 3100 0.9
301 1200 3280 0.8
301 1400 3440 1.3
301 1600 3700 3.1
301 1800 4320 4.3
302 0 0 4.2
302 200 840 1.5
302 400 1140 2.5
302 600 1640 2.7
302 800 2180 4.6
302 1000 3100 0.9
302 1200 3280 0.8
302 1400 3440 1.3
302 1600 3700 3.1
302 1800 4320 4.3
303 0 0 4.2
303 200 840 1.5
303 400 1140 2.5
303 600 1640 2.7
303 800 2180 4.6
303 1000 3100 0.9
303 1200 3280 0.8
303 1400 3440 1.3
303 1600 3700 3.1
303 1800 4320 4.3
304 0 0 4.2
304 200 840 1.5
304 400 1140 2.5
304 600 1640 2.7
304 800 2180 4.6
304 1000 3100 0.9
304 1200 3280 0.8
304 1400 3440 1.3
304 1600 3700 3.1
304 1800 4320 4.3
305 0 0 4.2
305 200 840 1.5
305 400 1140 2.5
305 600 1640 2.7
305 800 2180 4.6
305 1000 3100 0.9
305 1200 3280 0.8
305 1400 3440 1.3
305 1600 3700 3.1
305 1800 4320 4.3
306 0 0 4.2
306 200 840 1.5
306 400 1140 2.5
306 600 1640 2.7
306 800 2180 4.6
306 1000 3100 0.9
306 1200 3280 0.8
306 1400 3440 1.3
306 1600 3700 3.1
306 1800 4320 4.3
307 0 0 4.2
307 200 840 1.5
307 400 1140 2.5
307 600 1640 2.7
307 800 2180 4.6
307 1000 3100 0.9
307 1200 3280 0.8
307 1400 3440 1.3
307 1600 3700 3.1
307 1800 4320 4.3
308 0 0 4.2
308 200 840 1.5
308 400 1140 2.5
308 600 1640 2.7
308 800 2180 4.6
308 1000 3100 0.9
308 1200 3280 0.8
308 1400 3440 1.3
308 1600 3700 3.1
308 1800 4320 4.3
309 0 0 4.2
309 200 840 1.5
309 400 1140 2.5
309 600 1640 2.7
309 800 2180 4.6
309 1000 3100 0.9
309 1200 3280 0.8
309 1400 3440 1.3
309 1600 3700 3.1
309 1800 4320 4.3
310 0 0 4.2
310 200 840 1.5
310 400 1140 2.5
310 600 1640 2.7
310 800 2180 4.6
310 1000 3100 0.9
310 1200 3280 0.8
310 1400 3440 1.3
310 1600 3700 3.1
310 1800 4320 4.3
311 0 0 4.2
311 200 840 1.5
311 400 1140 2.5
311 600 1640 2.7
311 800 2180 4.6
311 1000 3100 0.9
311 1200 3280 0.8
311 1400 3440 1.3
311 1600 3700 3.1
311 1800 4320 4.3
312 0 0 4.2
312 200 840 1.5
312 400 1140 2.5
312 600 1640 2.7
312 800 2180 4.6
312 1000 3100 0.9
312 1200 3280 0.8
312 1400 3440 1.3
312 1600 3700 3.1
312 1800 4320 4.3
313 0 0 4.2
313 200 840 1.5
313 400 1140 2.5
313 600 1640 2.7
313 800 2180 4.6
313 1000 3100 0.9
313 1200 3280 0.8
313 1400 3440 1.3
313 1600 3700 3.1
313 1800 4320 4.3
314 0 0 4.2
314 200 840 1.5
314 400 1140 2.5
314 600 1640 2.7
314 800 2180 4.6
314 1000 3100 0.9
314 1200 3280 0.8
314 1400 3440 1.3
314 1600 3700 3.1
314 1800 4320 4.3
315 0 0 4.2
315 200 840 1.5
315 400 1140 2.5
315 600 1640 2.7
315 800 2180 4.6
315 1000 3100 0.9
315 1200 3280 0.8
315 1400 3440 1.3
315 1600 3700 3.1
315 1800 4320 4.3
316 0 0 4.2
316 200 840 1.5
316 400 1140 2.5
316 600 1640 2.7
316 800 2180 4.6
316 1000 3100 0.9
316 1200 3280 0.8
316 1400 3440 1.3
316 1600 3700 3.1
316 1800 4320 4.3
317 0 0 4.2
317 200 840 1.5
317 400 1140 2.5
317 600 1640 2.7
317 800 2180 4.6
317 1000 3100 0.9
317 1200 3280 0.8
317 1400 3440 1.3
317 1600 3700 3.1
317 1800 4320 4.3
318 0 0 4.2
318 200 840 1.5
318 400 1140 2.5
318 600 1640 2.7
318 800 2180 4.6
318 1000 3100 0.9
318 1200 3280 0.8
318 1400 3440 1.3
318 1600 3700 3.1
318 1800 4320 4.3
319 0 0 4.2
319 200 840 1.5
319 400 1140 2.5
319 600 1640 2.7
319 800 2180 4.6
319 1000 3100 0.9
319 1200 3280 0.8
319 1400 3440 1.3
319 1600 3700 3.1
319 1800 4320 4.3
320 0 0 4.2
320 200 840 1.5
320 400 1140 2.5
320 600 1640 2.7
320 800 2180 4.6
320 1000 3100 0.9
320 1200 3280 0.8
320 1400 3440 1.3
320 1600 3700 3.1
320 1800 4320 4.3
321 0 0 4.2
321 200 840 1.5
321 400 1140 2.5
321 600 1640 2.7
321 800 2180 4.6
321 1000 3100 0.9
321 1200 3280 0.8
321 1400 3440 1.3
321 1600 3700 3.1
321 1800 4320 4.3
322 0 0 4.2
322 200 840 1.5
322 400 1140 2.5
322 600 1640 2.7
322 800 2180 4.6
322 1000 3100 0.9
322 1200 3280 0.8
322 1400 3440 1.3
322 1600 3700 3.1
322 1800 4320 4.3
323 0 0 4.2
323 200 840 1.5
323 400 1140 2.5
323 600 1640 2.7
323 800 2180 4.6
323 1000 3100 0.9
323 1200 3280 0.8
323 1400 3440 1.3
323 1600 3700 3.1
323 1800 4320 4.3
324 0 0 4.2
324 200 840 1.5
324 400 1140 2.5
324 600 1640 2.7
324 800 2180 4.6
324 1000 3100 0.9
324 1200 3280 0.8
324 1400 3440 1.3
324 1600 3700 3.1
324 1800 4320 4.3
325 0 0 4.2
325 200 840 1.5
325 400 1140 2.5
325 600 1640 2.7
325 800 2180 4.6
325 1000 3100 0.9
325 1200 3280 0.8
325 1400 3440 1.3
325 1600 3700 3.1
325 1800 4320 4.3
326 0 0 4.2
326 200 840 1.5
326 400 1140 2.5
326 600 1640 2.7
326 800 2180 4.6
326 1000 3100 0.9
326 1200 3280 0.8
326 1400 3440 1.3
326 1600 3700 3.1
326 1800 4320 4.3
327 0 0 4.2
327 200 840 1.5
327 400 1140 2.5
327 600 1640 2.7
327 800 2180 4.6
327 1000 3100 0.9
327 1200 3280 0.8
327 1400 3440 1.3
327 1600 3700 3.1
327 1800 4320 4.3
328 0 0 4.2
328 200 840 1.5
328 400 1140 2.5
328 600 1640 2.7
328 800 2180 4.6
328 1000 3100 0.9
328 1200 3280 0.8
328 1400 3440 1.3
328 1600 3700 3.1
328 1800 4320 4.3
329 0 0 4.2
329 200 840 1.5
329 400 1140 2.5
329 600 1640 2.7
329 800 2180 4.6
329 1000 3100 0.9
329 1200 3280 0.8
329 1400 3440 1.3
329 1600 3700 3.1
329 1800 4320 4.3
330 0 0 4.2
330 200 840 1.5
330 400 1140 2.5
330 600 1640 2.7
330 800 2180 4.6
330 1000 3100 0.9
330 1200 3280 0.8
330 1400 3440 1.3
330 1600 3700 3.1
330 1800 4320 4.3
331 0 0 4.2
331 200 840 1.5
331 400 1140 2.5
331 600 1640 2.7
331 800 2180 4.6
331 1000 3100 0.9
331 1200 3280 0.8
331 1400 3440 1.3
331 1600 3700 3.1
331 1800 4320 4.3
332 0 0 4.2
332 200 840 1.5
332 400 1140 2.5
332 600 1640 2.7
332 800 2180 4.6
332 1000 3100 0.9
332 1200 3280 0.8
332 1400 3440 1.3
332 1600 3700 3.1
332 1800 4320 4.3
333 0 0 4.2
333 200 840 1.5
333 400 1140 2.5
333 600 1640 2.7
333 800 2180 4.6
333 1000 3100 0.9
333 1200 3280 0.8
333 1400 3440 1.3
333 1600 3700 3.1
333 1800 4320 4.3
334 0 0 4.2
334 200 840 1.5
334 400 1140 2.5
334 600 1640 2.7
334 800 2180 4.6
334 1000 3100 0.9
334 1200 3280 0.8
334 1400 3440 1.3
334 1600 3700 3.1
334 1800 4320 4.3
335 0 0 4.2
335 200 840 1.5
335 400 1140 2.5
335 600 1640 2.7
335 800 2180 4.6
335 1000 3100 0.9
335 1200 3280 0.8
335 1400 3440 1.3
335 1600 3700 3.1
335 1800 4320 4.3
336 0 0 4.2
336 200 840 1.5
336 400 1140 2.5
336 600 1640 2.7
336 800 2180 4.6
336 1000 3100 0.9
336 1200 3280 0.8
336 1400 3440 1.3
336 1600 3700 3.1
336 1800 4320 4.3
337 0 0 4.2
337 200 840 1.5
337 400 1140 2.5
337 600 1640 2.7
337 800 2180 4.6
337 1000 3100 0.9
337 1200 3280 0.8
337 1400 3440 1.3
337 1600 3700 3.1
337 1800 4320 4.3
338 0 0 4.2
338 200 840 1.5
338 400 1140 2.5
338 600 1640 2.7
338 800 2180 4.6
338 1000 3100 0.9
338 1200 3280 0.8
338 1400 3440 1.3
338 1600 3700 3.1
338 1800 4320 4.3
339 0 0 4.2
339 200 840 1.5
339 400 1140 2.5
339 600 1640 2.7
339 800 2180 4.6
339 1000 3100 0.9
339 1200 3280 0.8
339 1400 3440 1.3
339 1600 3700 3.1
339 1800 4320 4.3
340 0 0 4.2
340 200 840 1.5
340 400 1140 2.5
340 600 1640 2.7
340 800 2180 4.6
340 1000 3100 0.9
340 1200 3280 0.8
340 1400 3440 1.3
340 1600 3700 3.1
340 1800 4320 4.3
341 0 0 4.2
341 200 840 1.5
341 400 1140 2.5
341 600 1640 2.7
341 800 2180 4.6
341 1000 3100 0.9
341 1200 3280 0.8
341 1400 3440 1.3
341 1600 3700 3.1
341 1800 4320 4.3
342 0 0 4.2
342 200 840 1.5
342 400 1140 2.5
342 600 1640 2.7
342 800 2180 4.6
342 1000 3100 0.9
342 1200 3280 0.8
342 1400 3440 1.3
342 1600 3700 3.1
342 1800 4320 4.3
343 0 0 4.2
343 200 840 1.5
343 400 1140 2.5
343 600 1640 2.7
343 800 2180 4.6
343 1000 3100 0.9
343 1200 3280 0.8
343 1400 3440 1.3
343 1600 3700 3.1
343 1800 4320 4.3
344 0 0 4.2
344 200 840 1.5
344 400 1140 2.5
344 600 1640 2.7
344 800 2180 4.6
344 1000 3100 0.9
344 1200 3280 0.8
344 1400 3440 1.3
344 1600 3700 3.1
344 1800 4320 4.3
345 0 0 4.2
345 200 840 1.5
345 400 1140 2.5
345 600 1640 2.7
345 800 2180 4.6
345 1000 3100 0.9
345 1200 3280 0.8
345 1400 3440 1.3
345 1600 3700 3.1
345 1800 4320 4.3
346 0 0 4.2
346 200 840 1.5
346 400 1140 2.5
346 600 1640 2.7
346 800 2180 4.6
346 1000 3100 0.9
346 1200 3280 0.8
346 1400 3440 1.3
346 1600 3700 3.1
346 1800 4320 4.3
347 0 0 4.2
347 200 840 1.5
347 400 1140 2.5
347 600 1640 2.7
347 800 2180 4.6
347 1000 3100 0.9
347 1200 3280 0.8
347 1400 3440 1.3
347 1600 3700 3.1
347 1800 4320 4.3
348 0 0 4.2
348 200 840 1.5
348 400 1140 2.5
348 600 1640 2.7
348 800 2180 4.6
348 1000 3100 0.9
348 1200 3280 0.8
348 1400 3440 1.3
348 1600 3700 3.1
348 1800 4320 4.3
349 0 0 4.2
349 200 840 1.5
349 400 1140 2.5
349 600 1640 2.7
349 800 2180 4.6
349 1000 3100 0.9
349 1200 3280 0.8
349 1400 3440 1.3
349 1600 3700 3.1
349 1800 4320 4.3
350 0 0 4.2
350 200 840 1.5
350 400 1140 2.5
350 600 1640 2.7
350 800 2180 4.6
350 1000 3100 0.9
350 1200 3280 0.8
350 1400 3440 1.3
350 1600 3700 3.1
350 1800 4320 4.3
351 0 0 4.2
351 200 840 1.5
351 400 1140 2.5
351 600 1640 2.7
351 800 2180 4.6
351 1000 3100 0.9
351 1200 3280 0.8
351 1400 3440 1.3
351 1600 3700 3.1
351 1800 4320 4.3
352 0 0 4.2
352 200 840 1.5
352 400 1140 2.5
352 600 1640 2.7
352 800 2180 4.6
352 1000 3100 0.9
352 1200 3280 0.8
352 1400 3440 1.3
352 1600 3700 3.1
352 1800 4320 4.3
353 0 0 4.2
353 200 840 1.5
353 400 1140 2.5
353 600 1640 2.7
353 800 2180 4.6
353 1000 3100 0.9
353 1200 3280 0.8
353 1400 3440 1.3
353 1600 3700 3.1
353 1800 4320 4.3
354 0 0 4.2
354 200 840 1.5
354 400 1140 2.5
354 600 1640 2.7
354 800 2180 4.6
354 1000 3100 0.9
354 1200 3280 0.8
354 1400 3440 1.3
354 1600 3700 3.1
354 1800 4320 4.3
355 0 0 4.2
355 200 840 1.5
355 400 1140 2.5
355 600 1640 2.7
355 800 2180 4.6
355 1000 3100 0.9
355 1200 3280 0.8
355 1400 3440 1.3
355 1600 3700 3.1
355 1800 4320 4.3
356 0 0 4.2
356 200 840 1.5
356 400 1140 2.5
356 600 1640 2.7
356 800 2180 4.6
356 1000 3100 0.9
356 1200 3280 0.8
356 1400 3440 1.3
356 1600 3700 3.1
356 1800 4320 4.3
357 0 0 4.2
357 200 840 1.5
357 400 1140 2.5
357 600 1640 2.7
357 800 2180 4.6
357 1000 3100 0.9
357 1200 3280 0.8
357 1400 3440 1.3
357 1600 3700 3.1
357 1800 4320 4.3
358 0 0 4.2
358 200 840 1.5
358 400 1140 2.5
358 600 1640 2.7
358 800 2180 4.6
358 1000 3100 0.9
358 1200 3280 0.8
358 1400 3440 1.3
358 1600 3700 3.1
358 1800 4320 4.3
359 0 0 4.2
359 200 840 1.5
359 400 1140 2.5
359 600 1640 2.7
359 800 2180 4.6
359 1000 3100 0.9
359 1200 3280 0.8
359 1400 3440 1.3
359 1600 3700 3.1
359 1800 4320 4.3
360 0 0 4.2
360 200 840 1.5
360 400 1140 2.5
360 600 1640 2.7
360 800 2180 4.6
360 1000 3100 0.9
360 1200 3280 0.8
360 1400 3440 1.3
360 1600 3700 3.1
360 1800 4320 4.3
361 0 0 4.2
361 200 840 1.5
361 400 1140 2.5
361 600 1640 2.7
361 800 2180 4.6
361 1000 3100 0.9
361 1200 3280 0.8
361 1400 3440 1.3
361 1600 3700 3.1
361 1800 4320 4.3
362 0 0 4.2
362 200 840 1.5
362 400 1140 2.5
362 600 1640 2.7
362 800 2180 4.6
362 1000 3100 0.9
362 1200 3280 0.8
362 1400 3440 1.3
362 1600 3700 3.1
362 1800 4320 4.3
363 0 0 4.2
363 200 840 1.5
363 400 1140 2.5
363 600 1640 2.7
363 800 2180 4.6
363 1000 3100 0.9
363 1200 3280 0.8
363 1400 3440 1.3
363 1600 3700 3.1
363 1800 4320 4.3
364 0 0 4.2
364 200 840 1.5
364 400 1140 2.5
364 600 1640 2.7
364 800 2180 4.6
364 1000 3100 0.9
364 1200 3280 0.8
364 1400 3440 1.3
364 1600 3700 3.1
364 1800 4320 4.3
365 0 0 4.2
365 200 840 1.5
365 400 1140 2.5
365 600 1640 2.7
365 800 2180 4.6
365 1000 3100 0.9
365 1200 3280 0.8
365 1400 3440 1.3
365 1600 3700 3.1
365 1800 4320 4.3
366 0 0 4.2
366 200 840 1.5
366 400 1140 2.5
366 600 1640 2.7
366 800 2180 4.6
366 1000 3100 0.9
366 1200 3280 0.8
366 1400 3440 1.3
366 1600 3700 3.1
366 1800 4320 4.3
367 0 0 4.2
367 200 840 1.5
367 400 1140 2.5
367 600 1640 2.7
367 800 2180 4.6
367 1000 3100 0.9
367 1200 3280 0.8
367 1400 3440 1.3
367 1600 3700 3.1
367 1800 4320 4.3
368 0 0 4.2
368 200 840 1.5
368 400 1140 2.5
368 600 1640 2.7
368 800 2180 4.6
368 1000 3100 0.9
368 1200 3280 0.8
368 1400 3440 1.3
368 1600 3700 3.1
368 1800 4320 4.3
369 0 0 4.2
369 200 840 1.5
369 400 1140 2.5
369 600 1640 2.7
369 800 2180 4.6
369 1000 3100 0.9
369 1200 3280 0.8
369 1400 3440 1.3
369 1600 3700 3.1
369 1800 4320 4.3
370 0 0 4.2
370 200 840 1.5
370 400 1140 2.5
370 600 1640 2.7
370 800 2180 4.6
370 1000 3100 0.9
370 1200 3280 0.8
370 1400 3440 1.3
370 1600 3700 3.1
370 1800 4320 4.3
371 0 0 4.2
371 200 840 1.5
371 400 1140 2.5
371 600 1640 2.7
371 800 2180 4.6
371 1000 3100 0.9
371 1200 3280 0.8
371 1400 3440 1.3
371 1600 3700 3.1
371 1800 4320 4.3
372 0 0 4.2
372 200 840 1.5
372 400 1140 2.5
372 600 1640 2.7
372 800 2180 4.6
372 1000 3100 0.9
372 1200 3280 0.8
372 1400 3440 1.3
372 1600 3700 3.1
372 1800 4320 4.3
373 0 0 4.2
373 200 840 1.5
373 400 1140 2.5
373 600 1640 2.7
373 800 2180 4.6
373 1000 3100 0.9
373 1200 3280 0.8
373 1400 3440 1.3
373 1600 3700 3.1
373 1800 4320 4.3
374 0 0 4.2
374 200 840 1.5
374 400 1140 2.5
374 600 1640 2.7
374 800 2180 4.6
374 1000 3100 0.9
374 1200 3280 0.8
374 1400 3440 1.3
374 1600 3700 3.1
374 1800 4320 4.3
375 0 0 4.2
375 200 840 1.5
375 400 1140 2.5
375 600 1640 2.7
375 800 2180 4.6
375 1000 3100 0.9
375 1200 3280 0.8
375 1400 3440 1.3
375 1600 3700 3.1
375 1800 4320 4.3
376 0 0 4.2
376 200 840 1.5
376 400 1140 2.5
376 600 1640 2.7
376 800 2180 4.6
376 1000 3100 0.9
376 1200 3280 0.8
376 1400 3440 1.3
376 1600 3700 3.1
376 1800 4320 4.3
377 0 0 4.2
377 200 840 1.5
377 400 1140 2.5
377 600 1640 2.7
377 800 2180 4.6
377 1000 3100 0.9
377 1200 3280 0.8
377 1400 3440 1.3
377 1600 3700 3.1
377 1800 4320 4.3
378 0 0 4.2
378 200 840 1.5
378 400 1140 2.5
378 600 1640 2.7
378 800 2180 4.6
378 1000 3100 0.9
378 1200 3280 0.8
378 1400 3440 1.3
378 1600 3700 3.1
378 1800 4320 4.3
379 0 0 4.2
379 200 840 1.5
379 400 1140 2.5
379 600 1640 2.7
379 800 2180 4.6
379 1000 3100 0.9
379 1200 3280 0.8
379 1400 3440 1.3
379 1600 3700 3.1
379 1800 4320 4.3
380 0 0 4.2
380 200 840 1.5
380 400 1140 2.5
380 600 1640 2.7
380 800 2180 4.6
380 1000 3100 0.9
380 1200 3280 0.8
380 1400 3440 1.3
380 1600 3700 3.1
380 1800 4320 4.3
381 0 0 4.2
381 200 840 1.5
381 400 1140 2.5
381 600 1640 2.7
381 800 2180 4.6
381 1000 3100 0.9
381 1200 3280 0.8
381 1400 3440 1.3
381 1600 3700 3.1
381 1800 4320 4.3
382 0 0 4.2
382 200 840 1.5
382 400 1140 2.5
382 600 1640 2.7
382 800 2180 4.6
382 1000 3100 0.9
382 1200 3280 0.8
382 1400 3440 1.3
382 1600 3700 3.1
382 1800 4320 4.3
383 0 0 4.2
383 200 840 1.5
383 400 1140 2.5
383 600 1640 2.7
383 800 2180 4.6
383 1000 3100 0.9
383 1200 3280 0.8
383 1400 3440 1.3
383 1600 3700 3.1
383 1800 4320 4.3
384 0 0 4.2
384 200 840 1.5
384 400 1140 2.5
384 600 1640 2.7
384 800 2180 4.6
384 1000 3100 0.9
384 1200 3280 0.8
384 1400 3440 1.3
384 1600 3700 3.1
384 1800 4320 4.3
385 0 0 4.2
385 200 840 1.5
385 400 1140 2.5
385 600 1640 2.7
385 800 2180 4.6
385 1000 3100 0.9
385 1200 3280 0.8
385 1400 3440 1.3
385 1600 3700 3.1
385 1800 4320 4.3
386 0 0 4.2
386 200 840 1.5
386 400 1140 2.5
386 600 1640 2.7
386 800 2180 4.6
386 1000 3100 0.9
386 1200 3280 0.8
386 1400 3440 1.3
386 1600 3700 3.1
386 1800 4320 4.3
387 0 0 4.2
387 200 840 1.5
387 400 1140 2.5
387 600 1640 2.7
387 800 2180 4.6
387 1000 3100 0.9
387 1200 3280 0.8
387 1400 3440 1.3
387 1600 3700 3.1
387 1800 4320 4.3
388 0 0 4.2
388 200 840 1.5
388 400 1140 2.5
388 600 1640 2.7
388 800 2180 4.6
388 1000 3100 0.9
388 1200 3280 0.8
388 1400 3440 1.3
388 1600 3700 3.1
388 1800 4320 4.3
389 0 0 4.2
389 200 840 1.5
389 400 1140 2.5
389 600 1640 2.7
389 800 2180 4.6
389 1000 3100 0.9
389 1200 3280 0.8
389 1400 3440 1.3
389 1600 3700 3.1
389 1800 4320 4.3
390 0 0 4.2
390 200 840 1.5
390 400 1140 2.5
390 600 1640 2.7
390 800 2180 4.6
390 1000 3100 0.9
390 1200 3280 0.8
390 1400 3440 1.3
390 1600 3700 3.1
390 1800 4320 4.3
391 0 0 4.2
391 200 840 1.5
391 400 1140 2.5
391 600 1640 2.7
391 800 2180 4.6
391 1000 3100 0.9
391 1200 3280 0.8
391 1400 3440 1.3
391 1600 3700 3.1
391 1800 4320 4.3
392 0 0 4.2
392 200 840 1.5
392 400 1140 2.5
392 600 1640 2.7
392 800 2180 4.6
392 1000 3100 0.9
392 1200 3280 0.8
392 1400 3440 1.3
392 1600 3700 3.1
392 1800 4320 4.3
393 0 0 4.2
393 200 840 1.5
393 400 1140 2.5
393 600 1640 2.7
393 800 2180 4.6
393 1000 3100 0.9
393 1200 3280 0.8
393 1400 3440 1.3
393 1600 3700 3.1
393 1800 4320 4.3
394 0 0 4.2
394 200 840 1.5
394 400 1140 2.5
394 600 1640 2.7
394 800 2180 4.6
394 1000 3100 0.9
394 1200 3280 0.8
394 1400 3440 1.3
394 1600 3700 3.1
394 1800 4320 4.3
395 0 0 4.2
395 200 840 1.5
395 400 1140 2.5
395 600 1640 2.7
395 800 2180 4.6
395 1000 3100 0.9
395 1200 3280 0.8
395 1400 3440 1.3
395 1600 3700 3.1
395 1800 4320 4.3
396 0 0 4.2
396 200 840 1.5
396 400 1140 2.5
396 600 1640 2.7
396 800 2180 4.6
396 1000 3100 0.9
396 1200 3280 0.8
396 1400 3440 1.3
396 1600 3700 3.1
396 1800 4320 4.3
397 0 0 4.2
397 200 840 1.5
397 400 1140 2.5
397 600 1640 2.7
397 800 2180 4.6
397 1000 3100 0.9
397 1200 3280 0.8
397 1400 3440 1.3
397 1600 3700 3.1
397 1800 4320 4.3
398 0 0 4.2
398 200 840 1.5
398 400 1140 2.5
398 600 1640 2.7
398 800 2180 4.6
398 1000 3100 0.9
398 1200 3280 0.8
398 1400 3440 1.3
398 1600 3700 3.1
398 1800 4320 4.3
399 0 0 4.2
399 200 840 1.5
399 400 1140 2.5
399 600 1640 2.7
399 800 2180 4.6
399 1000 3100 0.9
399 1200 3280 0.8
399 1400 3440 1.3
399 1600 3700 3.1
399 1800 4320 4.3
400 0 0 4.2
400 200 840 1.5
400 400 1140 2.5
400 600 1640 2.7
400 800 2180 4.6
400 1000 3100 0.9
400 1200 3280 0.8
400 1400 3440 1.3
400 1600 3700 3.1
400 1800 4320 4.3
401 0 0 4.2
401 200 840 1.5
401 400 1140 2.5
401 600 1640 2.7
401 800 2180 4.6
401 1000 3100 0.9
401 1200 3280 0.8
401 1400 3440 1.3
401 1600 3700 3.1
401 1800 4320 4.3
402 0 0 4.2
402 200 840 1.5
402 400 1140 2.5
402 600 1640 2.7
402 800 2180 4.6
402 1000 3100 0.9
402 1200 3280 0.8
402 1400 3440 1.3
402 1600 3700 3.1
402 1800 4320 4.3
403 0 0 4.2
403 200 840 1.5
403 400 1140 2.5
403 600 1640 2.7
403 800 2180 4.6
403 1000 3100 0.9
403 1200 3280 0.8
403 1400 3440 1.3
403 1600 3700 3.1
403 1800 4320 4.3
404 0 0 4.2
404 200 840 1.5
404 400 1140 2.5
404 600 1640 2.7
404 800 2180 4.6
404 1000 3100 0.9
404 1200 3280 0.8
404 1400 3440 1.3
404 1600 3700 3.1
404 1800 4320 4.3
405 0 0 4.2
405 200 840 1.5
405 400 1140 2.5
405 600 1640 2.7
405 800 2180 4.6
405 1000 3100 0.9
405 1200 3280 0.8
405 1400 3440 1.3
405 1600 3700 3.1
405 1800 4320 4.3
406 0 0 4.2
406 200 840 1.5
406 400 1140 2.5
406 600 1640 2.7
406 800 2180 4.6
406 1000 3100 0.9
406 1200 3280 0.8
406 1400 3440 1.3
406 1600 3700 3.1
406 1800 4320 4.3
407 0 0 4.2
407 200 840 1.5
407 400 1140 2.5
407 600 1640 2.7
407 800 2180 4.6
407 1000 3100 0.9
407 1200 3280 0.8
407 1400 3440 1.3
407 1600 3700 3.1
407 1800 4320 4.3
408 0 0 4.2
408 200 840 1.5
408 400 1140 2.5
408 600 1640 2.7
408 800 2180 4.6
408 1000 3100 0.9
408 1200 3280 0.8
408 1400 3440 1.3
408 1600 3700 3.1
408 1800 4320 4.3
409 0 0 4.2
409 200 840 1.5
409 400 1140 2.5
409 600 1640 2.7
409 800 2180 4.6
409 1000 3100 0.9
409 1200 3280 0.8
409 1400 3440 1.3
409 1600 3700 3.1
409 1800 4320 4.3
410 0 0 4.2
410 200 840 1.5
410 400 1140 2.5
410 600 1640 2.7
410 800 2180 4.6
410 1000 3100 0.9
410 1200 3280 0.8
410 1400 3440 1.3
410 1600 3700 3.1
410 1800 4320 4.3
411 0 0 4.2
411 200 840 1.5
411 400 1140 2.5
411 600 1640 2.7
411 800 2180 4.6
411 1000 3100 0.9
411 1200 3280 0.8
411 1400 3440 1.3
411 1600 3700 3.1
411 1800 4320 4.3
412 0 0 4.2
412 200 840 1.5
412 400 1140 2.5
412 600 1640 2.7
412 800 2180 4.6
412 1000 3100 0.9
412 1200 3280 0.8
412 1400 3440 1.3
412 1600 3700 3.1
412 1800 4320 4.3
413 0 0 4.2
413 200 840 1.5
413 400 1140 2.5
413 600 1640 2.7
413 800 2180 4.6
413 1000 3100 0.9
413 1200 3280 0.8
413 1400 3440 1.3
413 1600 3700 3.1
413 1800 4320 4.3
414 0 0 4.2
414 200 840 1.5
414 400 1140 2.5
414 600 1640 2.7
414 800 2180 4.6
414 1000 3100 0.9
414 1200 3280 0.8
414 1400 3440 1.3
414 1600 3700 3.1
414 1800 4320 4.3
415 0 0 4.2
415 200 840 1.5
415 400 1140 2.5
415 600 1640 2.7
415 800 2180 4.6
415 1000 3100 0.9
415 1200 3280 0.8
415 1400 3440 1.3
415 1600 3700 3.1
415 1800 4320 4.3
416 0 0 4.2
416 200 840 1.5
416 400 1140 2.5
416 600 1640 2.7
416 800 2180 4.6
416 1000 3100 0.9
416 1200 3280 0.8
416 1400 3440 1.3
416 1600 3700 3.1
416 1800 4320 4.3
417 0 0 4.2
417 200 840 1.5
417 400 1140 2.5
417 600 1640 2.7
417 800 2180 4.6
417 1000 3100 0.9
417 1200 3280 0.8
417 1400 3440 1.3
417 1600 3700 3.1
417 1800 4320 4.3
418 0 0 4.2
418 200 840 1.5
418 400 1140 2.5
418 600 1640 2.7
418 800 2180 4.6
418 1000 3100 0.9
418 1200 3280 0.8
418 1400 3440 1.3
418 1600 3700 3.1
418 1800 4320 4.3
419 0 0 4.2
419 200 840 1.5
419 400 1140 2.5
419 600 1640 2.7
419 800 2180 4.6
419 1000 3100 0.9
419 1200 3280 0.8
419 1400 3440 1.3
419 1600 3700 3.1
419 1800 4320 4.3
420 0 0 4.2
420 200 840 1.5
420 400 1140 2.5
420 600 1640 2.7
420 800 2180 4.6
420 1000 3100 0.9
420 1200 3280 0.8
420 1400 3440 1.3
420 1600 3700 3.1
420 1800 4320 4.3
421 0 0 4.2
421 200 840 1.5
421 400 1140 2.5
421 600 1640 2.7
421 800 2180 4.6
421 1000 3100 0.9
421 1200 3280 0.8
421 1400 3440 1.3
421 1600 3700 3.1
421 1800 4320 4.3
422 0 0 4.2
422 200 840 1.5
422 400 1140 2.5
422 600 1640 2.7
422 800 2180 4.6
422 1000 3100 0.9
422 1200 3280 0.8
422 1400 3440 1.3
422 1600 3700 3.1
422 1800 4320 4.3
423 0 0 4.2
423 200 840 1.5
423 400 1140 2.5
423 600 1640 2.7
423 800 2180 4.6
423 1000 3100 0.9
423 1200 3280 0.8
423 1400 3440 1.3
423 1600 3700 3.1
423 1800 4320 4.3
424 0 0 4.2
424 200 840 1.5
424 400 1140 2.5
424 600 1640 2.7
424 800 2180 4.6
424 1000 3100 0.9
424 1200 3280 0.8
424 1400 3440 1.3
424 1600 3700 3.1
424 1800 4320 4.3
425 0 0 4.2
425 200 840 1.5
425 400 1140 2.5
425 600 1640 2.7
425 800 2180 4.6
425 1000 3100 0.9
425 1200 3280 0.8
425 1400 3440 1.3
425 1600 3700 3.1
425 1800 4320 4.3
426 0 0 4.2
426 200 840 1.5
426 400 1140 2.5
426 600 1640 2.7
426 800 2180 4.6
426 1000 3100 0.9
426 1200 3280 0.8
426 1400 3440 1.3
426 1600 3700 3.1
426 1800 4320 4.3
427 0 0 4.2
427 200 840 1.5
427 400 1140 2.5
427 600 1640 2.7
427 800 2180 4.6
427 1000 3100 0.9
427 1200 3280 0.8
427 1400 3440 1.3
427 1600 3700 3.1
427 1800 4320 4.3
428 0 0 4.2
428 200 840 1.5
428 400 1140 2.5
428 600 1640 2.7
428 800 2180 4.6
428 1000 3100 0.9
428 1200 3280 0.8
428 1400 3440 1.3
428 1600 3700 3.1
428 1800 4320 4.3
429 0 0 4.2
429 200 840 1.5
429 400 1140 2.5
429 600 1640 2.7
429 800 2180 4.6
429 1000 3100 0.9
429 1200 3280 0.8
429 1400 3440 1.3
429 1600 3700 3.1
429 1800 4320 4.3
430 0 0 4.2
430 200 840 1.5
430 400 1140 2.5
430 600 1640 2.7
430 800 2180 4.6
430 1000 3100 0.9
430 1200 3280 0.8
430 1400 3440 1.3
430 1600 3700 3.1
430 1800 4320 4.3
431 0 0 4.2
431 200 840 1.5
431 400 1140 2.5
431 600 1640 2.7
431 800 2180 4.6
431 1000 3100 0.9
431 1200 3280 0.8
431 1400 3440 1.3
431 1600 3700 3.1
431 1800 4320 4.3
432 0 0 4.2
432 200 840 1.5
432 400 1140 2.5
432 600 1640 2.7
432 800 2180 4.6
432 1000 3100 0.9
432 1200 3280 0.8
432 1400 3440 1.3
432 1600 3700 3.1
432 1800 4320 4.3
433 0 0 4.2
433 200 840 1.5
433 400 1140 2.5
433 600 1640 2.7
433 800 2180 4.6
433 1000 3100 0.9
433 1200 3280 0.8
433 1400 3440 1.3
433 1600 3700 3.1
433 1800 4320 4.3
434 0 0 4.2
434 200 840 1.5
434 400 1140 2.5
434 600 1640 2.7
434 800 2180 4.6
434 1000 3100 0.9
434 1200 3280 0.8
434 1400 3440 1.3
434 1600 3700 3.1
434 1800 4320 4.3
435 0 0 4.2
435 200 840 1.5
435 400 1140 2.5
435 600 1640 2.7
435 800 2180 4.6
435 1000 3100 0.9
435 1200 3280 0.8
435 1400 3440 1.3
435 1600 3700 3.1
435 1800 4320 4.3
436 0 0 4.2
436 200 840 1.5
436 400 1140 2.5
436 600 1640 2.7
436 800 2180 4.6
436 1000 3100 0.9
436 1200 3280 0.8
436 1400 3440 1.3
436 1600 3700 3.1
436 1800 4320 4.3
437 0 0 4.2
437 200 840 1.5
437 400 1140 2.5
437 600 1640 2.7
437 800 2180 4.6
437 1000 3100 0.9
437 1200 3280 0.8
437 1400 3440 1.3
437 1600 3700 3.1
437 1800 4320 4.3
438 0 0 4.2
438 200 840 1.5
438 400 1140 2.5
438 600 1640 2.7
438 800 2180 4.6
438 1000 3100 0.9
438 1200 3280 0.8
438 1400 3440 1.3
438 1600 3700 3.1
438 1800 4320 4.3
439 0 0 4.2
439 200 840 1.5
439 400 1140 2.5
439 600 1640 2.7
439 800 2180 4.6
439 1000 3100 0.9
439 1200 3280 0.8
439 1400 3440 1.3
439 1600 3700 3.1
439 1800 4320 4.3
440 0 0 4.2
440 200 840 1.5
440 400 1140 2.5
440 600 1640 2.7
440 800 2180 4.6
440 1000 3100 0.9
440 1200 3280 0.8
440 1400 3440 1.3
440 1600 3700 3.1
440 1800 4320 4.3
441 0 0 4.2
441 200 840 1.5
441 400 1140 2.5
441 600 1640 2.7
441 800 2180 4.6
441 1000 3100 0.9
441 1200 3280 0.8
441 1400 3440 1.3
441 1600 3700 3.1
441 1800 4320 4.3
442 0 0 4.2
442 200 840 1.5
442 400 1140 2.5
442 600 1640 2.7
442 800 2180 4.6
442 1000 3100 0.9
442 1200 3280 0.8
442 1400 3440 1.3
442 1600 3700 3.1
442 1800 4320 4.3
443 0 0 4.2
443 200 840 1.5
443 400 1140 2.5
443 600 1640 2.7
443 800 2180 4.6
443 1000 3100 0.9
443 1200 3280 0.8
443 1400 3440 1.3
443 1600 3700 3.1
443 1800 4320 4.3
444 0 0 4.2
444 200 840 1.5
444 400 1140 2.5
444 600 1640 2.7
444 800 2180 4.6
444 1000 3100 0.9
444 1200 3280 0.8
444 1400 3440 1.3
444 1600 3700 3.1
444 1800 4320 4.3
445 0 0 4.2
445 200 840 1.5
445 400 1140 2.5
445 600 1640 2.7
445 800 2180 4.6
445 1000 3100 0.9
445 1200 3280 0.8
445 1400 3440 1.3
445 1600 3700 3.1
445 1800 4320 4.3
446 0 0 4.2
446 200 840 1.5
446 400 1140 2.5
446 600 1640 2.7
446 800 2180 4.6
446 1000 3100 0.9
446 1200 3280 0.8
446 1400 3440 1.3
446 1600 3700 3.1
446 1800 4320 4.3
447 0 0 4.2
447 200 840 1.5
447 400 1140 2.5
447 600 1640 2.7
447 800 2180 4.6
447 1000 3100 0.9
447 1200 3280 0.8
447 1400 3440 1.3
447 1600 3700 3.1
447 1800 4320 4.3
448 0 0 4.2
448 200 840 1.5
448 400 1140 2.5
448 600 1640 2.7
448 800 2180 4.6
448 1000 3100 0.9
448 1200 3280 0.8
448 1400 3440 1.3
448 1600 3700 3.1
448 1800 4320 4.3
449 0 0 4.2
449 200 840 1.5
449 400 1140 2.5
449 600 1640 2.7
449 800 2180 4.6
449 1000 3100 0.9
449 1200 3280 0.8
449 1400 3440 1.3
449 1600 3700 3.1
449 1800 4320 4.3
450 0 0 4.2
450 200 840 1.5
450 400 1140 2.5
450 600 1640 2.7
450 800 2180 4.6
450 1000 3100 0.9
450 1200 3280 0.8
450 1400 3440 1.3
450 1600 3700 3.1
450 1800 4320 4.3
451 0 0 4.2
451 200 840 1.5
451 400 1140 2.5
451 600 1640 2.7
451 800 2180 4.6
451 1000 3100 0.9
451 1200 3280 0.8
451 1400 3440 1.3
451 1600 3700 3.1
451 1800 4320 4.3
452 0 0 4.2
452 200 840 1.5
452 400 1140 2.5
452 600 1640 2.7
452 800 2180 4.6
452 1000 3100 0.9
452 1200 3280 0.8
452 1400 3440 1.3
452 1600 3700 3.1
452 1800 4320 4.3
453 0 0 4.2
453 200 840 1.5
453 400 1140 2.5
453 600 1640 2.7
453 800 2180 4.6
453 1000 3100 0.9
453 1200 3280 0.8
453 1400 3440 1.3
453 1600 3700 3.1
453 1800 4320 4.3
454 0 0 4.2
454 200 840 1.5
454 400 1140 2.5
454 600 1640 2.7
454 800 2180 4.6
454 1000 3100 0.9
454 1200 3280 0.8
454 1400 3440 1.3
454 1600 3700 3.1
454 1800 4320 4.3
455 0 0 4.2
455 200 840 1.5
455 400 1140 2.5
455 600 1640 2.7
455 800 2180 4.6
455 1000 3100 0.9
455 1200 3280 0.8
455 1400 3440 1.3
455 1600 3700 3.1
455 1800 4320 4.3
456 0 0 4.2
456 200 840 1.5
456 400 1140 2.5
456 600 1640 2.7
456 800 2180 4.6
456 1000 3100 0.9
456 1200 3280 0.8
456 1400 3440 1.3
456 1600 3700 3.1
456 1800 4320 4.3
457 0 0 4.2
457 200 840 1.5
457 400 1140 2.5
457 600 1640 2.7
457 800 2180 4.6
457 1000 3100 0.9
457 1200 3280 0.8
457 1400 3440 1.3
457 1600 3700 3.1
457 1800 4320 4.3
458 0 0 4.2
458 200 840 1.5
458 400 1140 2.5
458 600 1640 2.7
458 800 2180 4.6
458 1000 3100 0.9
458 1200 3280 0.8
458 1400 3440 1.3
458 1600 3700 3.1
458 1800 4320 4.3
459 0 0 4.2
459 200 840 1.5
459 400 1140 2.5
459 600 1640 2.7
459 800 2180 4.6
459 1000 3100 0.9
459 1200 3280 0.8
459 1400 3440 1.3
459 1600 3700 3.1
459 1800 4320 4.3
460 0 0 4.2
460 200 840 1.5
460 400 1140 2.5
460 600 1640 2.7
460 800 2180 4.6
460 1000 3100 0.9
460 1200 3280 0.8
460 1400 3440 1.3
460 1600 3700 3.1
460 1800 4320 4.3
461 0 0 4.2
461 200 840 1.5
461 400 1140 2.5
461 600 1640 2.7
461 800 2180 4.6
461 1000 3100 0.9
461 1200 3280 0.8
461 1400 3440 1.3
461 1600 3700 3.1
461 1800 4320 4.3
462 0 0 4.2
462 200 840 1.5
462 400 1140 2.5
462 600 1640 2.7
462 800 2180 4.6
462 1000 3100 0.9
462 1200 3280 0.8
462 1400 3440 1.3
462 1600 3700 3.1
462 1800 4320 4.3
463 0 0 4.2
463 200 840 1.5
463 400 1140 2.5
463 600 1640 2.7
463 800 2180 4.6
463 1000 3100 0.9
463 1200 3280 0.8
463 1400 3440 1.3
463 1600 3700 3.1
463 1800 4320 4.3
464 0 0 4.2
464 200 840 1.5
464 400 1140 2.5
464 600 1640 2.7
464 800 2180 4.6
464 1000 3100 0.9
464 1200 3280 0.8
464 1400 3440 1.3
464 1600 3700 3.1
464 1800 4320 4.3
465 0 0 4.2
465 200 840 1.5
465 400 1140 2.5
465 600 1640 2.7
465 800 2180 4.6
465 1000 3100 0.9
465 1200 3280 0.8
465 1400 3440 1.3
465 1600 3700 3.1
465 1800 4320 4.3
466 0 0 4.2
466 200 840 1.5
466 400 1140 2.5
466 600 1640 2.7
466 800 2180 4.6
466 1000 3100 0.9
466 1200 3280 0.8
466 1400 3440 1.3
466 1600 3700 3.1
466 1800 4320 4.3
467 0 0 4.2
467 200 840 1.5
467 400 1140 2.5
467 600 1640 2.7
467 800 2180 4.6
467 1000 3100 0.9
467 1200 3280 0.8
467 1400 3440 1.3
467 1600 3700 3.1
467 1800 4320 4.3
468 0 0 4.2
468 200 840 1.5
468 400 1140 2.5
468 600 1640 2.7
468 800 2180 4.6
468 1000 3100 0.9
468 1200 3280 0.8
468 1400 3440 1.3
468 1600 3700 3.1
468 1800 4320 4.3
469 0 0 4.2
469 200 840 1.5
469 400 1140 2.5
469 600 1640 2.7
469 800 2180 4.6
469 1000 3100 0.9
469 1200 3280 0.8
469 1400 3440 1.3
469 1600 3700 3.1
469 1800 4320 4.3
470 0 0 4.2
470 200 840 1.5
470 400 1140 2.5
470 600 1640 2.7
470 800 2180 4.6
470 1000 3100 0.9
470 1200 3280 0.8
470 1400 3440 1.3
470 1600 3700 3.1
470 1800 4320 4.3
471 0 0 4.2
471 200 840 1.5
471 400 1140 2.5
471 600 1640 2.7
471 800 2180 4.6
471 1000 3100 0.9
471 1200 3280 0.8
471 1400 3440 1.3
471 1600 3700 3.1
471 1800 4320 4.3
472 0 0 4.2
472 200 840 1.5
472 400 1140 2.5
472 600 1640 2.7
472 800 2180 4.6
472 1000 3100 0.9
472 1200 3280 0.8
472 1400 3440 1.3
472 1600 3700 3.1
472 1800 4320 4.3
473 0 0 4.2
473 200 840 1.5
473 400 1140 2.5
473 600 1640 2.7
473 800 2180 4.6
473 1000 3100 0.9
473 1200 3280 0.8
473 1400 3440 1.3
473 1600 3700 3.1
473 1800 4320 4.3
474 0 0 4.2
474 200 840 1.5
474 400 1140 2.5
474 600 1640 2.7
474 800 2180 4.6
474 1000 3100 0.9
474 1200 3280 0.8
474 1400 3440 1.3
474 1600 3700 3.1
474 1800 4320 4.3
475 0 0 4.2
475 200 840 1.5
475 400 1140 2.5
475 600 1640 2.7
475 800 2180 4.6
475 1000 3100 0.9
475 1200 3280 0.8
475 1400 3440 1.3
475 1600 3700 3.1
475 1800 4320 4.3
476 0 0 4.2
476 200 840 1.5
476 400 1140 2.5
476 600 1640 2.7
476 800 2180 4.6
476 1000 3100 0.9
476 1200 3280 0.8
476 1400 3440 1.3
476 1600 3700 3.1
476 1800 4320 4.3
477 0 0 4.2
477 200 840 1.5
477 400 1140 2.5
477 600 1640 2.7
477 800 2180 4.6
477 1000 3100 0.9
477 1200 3280 0.8
477 1400 3440 1.3
477 1600 3700 3.1
477 1800 4320 4.3
478 0 0 4.2
478 200 840 1.5
478 400 1140 2.5
478 600 1640 2.7
478 800 2180 4.6
478 1000 3100 0.9
478 1200 3280 0.8
478 1400 3440 1.3
478 1600 3700 3.1
478 1800 4320 4.3
479 0 0 4.2
479 200 840 1.5
479 400 1140 2.5
479 600 1640 2.7
479 800 2180 4.6
479 1000 3100 0.9
479 1200 3280 0.8
479 1400 3440 1.3
479 1600 3700 3.1
479 1800 4320 4.3
480 0 0 4.2
480 200 840 1.5
480 400 1140 2.5
480 600 1640 2.7
480 800 2180 4.6
480 1000 3100 0.9
480 1200 3280 0.8
480 1400 3440 1.3
480 1600 3700 3.1
480 1800 4320 4.3
481 0 0 4.2
481 200 840 1.5
481 400 1140 2.5
481 600 1640 2.7
481 800 2180 4.6
481 1000 3100 0.9
481 1200 3280 0.8
481 1400 3440 1.3
481 1600 3700 3.1
481 1800 4320 4.3
482 0 0 4.2
482 200 840 1.5
482 400 1140 2.5
482 600 1640 2.7
482 800 2180 4.6
482 1000 3100 0.9
482 1200 3280 0.8
482 1400 3440 1.3
482 1600 3700 3.1
482 1800 4320 4.3
483 0 0 4.2
483 200 840 1.5
483 400 1140 2.5
483 600 1640 2.7
483 800 2180 4.6
483 1000 3100 0.9
483 1200 3280 0.8
483 1400 3440 1.3
483 1600 3700 3.1
483 1800 4320 4.3
484 0 0 4.2
484 200 840 1.5
484 400 1140 2.5
484 600 1640 2.7
484 800 2180 4.6
484 1000 3100 0.9
484 1200 3280 0.8
484 1400 3440 1.3
484 1600 3700 3.1
484 1800 4320 4.3
485 0 0 4.2
485 200 840 1.5
485 400 1140 2.5
485 600 1640 2.7
485 800 2180 4.6
485 1000 3100 0.9
485 1200 3280 0.8
485 1400 3440 1.3
485 1600 3700 3.1
485 1800 4320 4.3
486 0 0 4.2
486 200 840 1.5
486 400 1140 2.5
486 600 1640 2.7
486 800 2180 4.6
486 1000 3100 0.9
486 1200 3280 0.8
486 1400 3440 1.3
486 1600 3700 3.1
486 1800 4320 4.3
487 0 0 4.2
487 200 840 1.5
487 400 1140 2.5
487 600 1640 2.7
487 800 2180 4.6
487 1000 3100 0.9
487 1200 3280 0.8
487 1400 3440 1.3
487 1600 3700 3.1
487 1800 4320 4.3
488 0 0 4.2
488 200 840 1.5
488 400 1140 2.5
488 600 1640 2.7
488 800 2180 4.6
488 1000 3100 0.9
488 1200 3280 0.8
488 1400 3440 1.3
488 1600 3700 3.1
488 1800 4320 4.3
489 0 0 4.2
489 200 840 1.5
489 400 1140 2.5
489 600 1640 2.7
489 800 2180 4.6
489 1000 3100 0.9
489 1200 3280 0.8
489 1400 3440 1.3
489 1600 3700 3.1
489 1800 4320 4.3
490 0 0 4.2
490 200 840 1.5
490 400 1140 2.5
490 600 1640 2.7
490 800 2180 4.6
490 1000 3100 0.9
490 1200 3280 0.8
490 1400 3440 1.3
490 1600 3700 3.1
490 1800 4320 4.3
491 0 0 4.2
491 200 840 1.5
491 400 1140 2.5
491 600 1640 2.7
491 800 2180 4.6
491 1000 3100 0.9
491 1200 3280 0.8
491 1400 3440 1.3
491 1600 3700 3.1
491 1800 4320 4.3
492 0 0 4.2
492 200 840 1.5
492 400 1140 2.5
492 600 1640 2.7
492 800 2180 4.6
492 1000 3100 0.9
492 1200 3280 0.8
492 1400 3440 1.3
492 1600 3700 3.1
492 1800 4320 4.3
493 0 0 4.2
493 200 840 1.5
493 400 1140 2.5
493 600 1640 2.7
493 800 2180 4.6
493 1000 3100 0.9
493 1200 3280 0.8
493 1400 3440 1.3
493 1600 3700 3.1
493 1800 4320 4.3
494 0 0 4.2
494 200 840 1.5
494 400 1140 2.5
494 600 1640 2.7
494 800 2180 4.6
494 1000 3100 0.9
494 1200 3280 0.8
494 1400 3440 1.3
494 1600 3700 3.1
494 1800 4320 4.3
495 0 0 4.2
495 200 840 1.5
495 400 1140 2.5
495 600 1640 2.7
495 800 2180 4.6
495 1000 3100 0.9
495 1200 3280 0.8
495 1400 3440 1.3
495 1600 3700 3.1
495 1800 4320 4.3
496 0 0 4.2
496 200 840 1.5
496 400 1140 2.5
496 600 1640 2.7
496 800 2180 4.6
496 1000 3100 0.9
496 1200 3280 0.8
496 1400 3440 1.3
496 1600 3700 3.1
496 1800 4320 4.3
497 0 0 4.2
497 200 840 1.5
497 400 1140 2.5
497 600 1640 2.7
497 800 2180 4.6
497 1000 3100 0.9
497 1200 3280 0.8
497 1400 3440 1.3
497 1600 3700 3.1
497 1800 4320 4.3
498 0 0 4.2
498 200 840 1.5
498 400 1140 2.5
498 600 1640 2.7
498 800 2180 4.6
498 1000 3100 0.9
498 1200 3280 0.8
498 1400 3440 1.3
498 1600 3700 3.1
498 1800 4320 4.3
499 0 0 4.2
499 200 840 1.5
499 400 1140 2.5
499 600 1640 2.7
499 800 2180 4.6
499 1000 3100 0.9
499 1200 3280 0.8
499 1400 3440 1.3
499 1600 3700 3.1
499 1800 4320 4.3
