500 10
0 0 0 1.4
0 10 14 0.9
0 20 23 1.1
0 30 34 0.6
0 40 40 1.1
0 50 51 2.7
0 60 78 2
0 70 98 3.9
0 80 137 3.5
0 90 172 2.7
1 0 0 1.4
1 10 14 0.9
1 20 23 1.1
1 30 34 0.6
1 40 40 1.1
1 50 51 2.7
1 60 78 2
1 70 98 3.9
1 80 137 3.5
1 90 172 2.7
2 0 0 1.4
2 10 14 0.9
2 20 23 1.1
2 30 34 0.6
2 40 40 1.1
2 50 51 2.7
2 60 78 2
2 70 98 3.9
2 80 137 3.5
2 90 172 2.7
3 0 0 1.4
3 10 14 0.9
3 20 23 1.1
3 30 34 0.6
3 40 40 1.1
3 50 51 2.7
3 60 78 2
3 70 98 3.9
3 80 137 3.5
3 90 172 2.7
4 0 0 1.4
4 10 14 0.9
4 20 23 1.1
4 30 34 0.6
4 40 40 1.1
4 50 51 2.7
4 60 78 2
4 70 98 3.9
4 80 137 3.5
4 90 172 2.7
5 0 0 1.4
5 10 14 0.9
5 20 23 1.1
5 30 34 0.6
5 40 40 1.1
5 50 51 2.7
5 60 78 2
5 70 98 3.9
5 80 137 3.5
5 90 172 2.7
6 0 0 1.4
6 10 14 0.9
6 20 23 1.1
6 30 34 0.6
6 40 40 1.1
6 50 51 2.7
6 60 78 2
6 70 98 3.9
6 80 137 3.5
6 90 172 2.7
7 0 0 1.4
7 10 14 0.9
7 20 23 1.1
7 30 34 0.6
7 40 40 1.1
7 50 51 2.7
7 60 78 2
7 70 98 3.9
7 80 137 3.5
7 90 172 2.7
8 0 0 1.4
8 10 14 0.9
8 20 23 1.1
8 30 34 0.6
8 40 40 1.1
8 50 51 2.7
8 60 78 2
8 70 98 3.9
8 80 137 3.5
8 90 172 2.7
9 0 0 1.4
9 10 14 0.9
9 20 23 1.1
9 30 34 0.6
9 40 40 1.1
9 50 51 2.7
9 60 78 2
9 70 98 3.9
9 80 137 3.5
9 90 172 2.7
10 0 0 1.4
10 10 14 0.9
10 20 23 1.1
10 30 34 0.6
10 40 40 1.1
10 50 51 2.7
10 60 78 2
10 70 98 3.9
10 80 137 3.5
10 90 172 2.7
11 0 0 1.4
11 10 14 0.9
11 20 23 1.1
11 30 34 0.6
11 40 40 1.1
11 50 51 2.7
11 60 78 2
11 70 98 3.9
11 80 137 3.5
11 90 172 2.7
12 0 0 1.4
12 10 14 0.9
12 20 23 1.1
12 30 34 0.6
12 40 40 1.1
12 50 51 2.7
12 60 78 2
12 70 98 3.9
12 80 137 3.5
12 90 172 2.7
13 0 0 1.4
13 10 14 0.9
13 20 23 1.1
13 30 34 0.6
13 40 40 1.1
13 50 51 2.7
13 60 78 2
13 70 98 3.9
13 80 137 3.5
13 90 172 2.7
14 0 0 1.4
14 10 14 0.9
14 20 23 1.1
14 30 34 0.6
14 40 40 1.1
14 50 51 2.7
14 60 78 2
14 70 98 3.9
14 80 137 3.5
14 90 172 2.7
15 0 0 1.4
15 10 14 0.9
15 20 23 1.1
15 30 34 0.6
15 40 40 1.1
15 50 51 2.7
15 60 78 2
15 70 98 3.9
15 80 137 3.5
15 90 172 2.7
16 0 0 1.4
16 10 14 0.9
16 20 23 1.1
16 30 34 0.6
16 40 40 1.1
16 50 51 2.7
16 60 78 2
16 70 98 3.9
16 80 137 3.5
16 90 172 2.7
17 0 0 1.4
17 10 14 0.9
17 20 23 1.1
17 30 34 0.6
17 40 40 1.1
17 50 51 2.7
17 60 78 2
17 70 98 3.9
17 80 137 3.5
17 90 172 2.7
18 0 0 1.4
18 10 14 0.9
18 20 23 1.1
18 30 34 0.6
18 40 40 1.1
18 50 51 2.7
18 60 78 2
18 70 98 3.9
18 80 137 3.5
18 90 172 2.7
19 0 0 1.4
19 10 14 0.9
19 20 23 1.1
19 30 34 0.6
19 40 40 1.1
19 50 51 2.7
19 60 78 2
19 70 98 3.9
19 80 137 3.5
19 90 172 2.7
20 0 0 1.4
20 10 14 0.9
20 20 23 1.1
20 30 34 0.6
20 40 40 1.1
20 50 51 2.7
20 60 78 2
20 70 98 3.9
20 80 137 3.5
20 90 172 2.7
21 0 0 1.4
21 10 14 0.9
21 20 23 1.1
21 30 34 0.6
21 40 40 1.1
21 50 51 2.7
21 60 78 2
21 70 98 3.9
21 80 137 3.5
21 90 172 2.7
22 0 0 1.4
22 10 14 0.9
22 20 23 1.1
22 30 34 0.6
22 40 40 1.1
22 50 51 2.7
22 60 78 2
22 70 98 3.9
22 80 137 3.5
22 90 172 2.7
23 0 0 1.4
23 10 14 0.9
23 20 23 1.1
23 30 34 0.6
23 40 40 1.1
23 50 51 2.7
23 60 78 2
23 70 98 3.9
23 80 137 3.5
23 90 172 2.7
24 0 0 1.4
24 10 14 0.9
24 20 23 1.1
24 30 34 0.6
24 40 40 1.1
24 50 51 2.7
24 60 78 2
24 70 98 3.9
24 80 137 3.5
24 90 172 2.7
25 0 0 1.4
25 10 14 0.9
25 20 23 1.1
25 30 34 0.6
25 40 40 1.1
25 50 51 2.7
25 60 78 2
25 70 98 3.9
25 80 137 3.5
25 90 172 2.7
26 0 0 1.4
26 10 14 0.9
26 20 23 1.1
26 30 34 0.6
26 40 40 1.1
26 50 51 2.7
26 60 78 2
26 70 98 3.9
26 80 137 3.5
26 90 172 2.7
27 0 0 1.4
27 10 14 0.9
27 20 23 1.1
27 30 34 0.6
27 40 40 1.1
27 50 51 2.7
27 60 78 2
27 70 98 3.9
27 80 137 3.5
27 90 172 2.7
28 0 0 1.4
28 10 14 0.9
28 20 23 1.1
28 30 34 0.6
28 40 40 1.1
28 50 51 2.7
28 60 78 2
28 70 98 3.9
28 80 137 3.5
28 90 172 2.7
29 0 0 1.4
29 10 14 0.9
29 20 23 1.1
29 30 34 0.6
29 40 40 1.1
29 50 51 2.7
29 60 78 2
29 70 98 3.9
29 80 137 3.5
29 90 172 2.7
30 0 0 1.4
30 10 14 0.9
30 20 23 1.1
30 30 34 0.6
30 40 40 1.1
30 50 51 2.7
30 60 78 2
30 70 98 3.9
30 80 137 3.5
30 90 172 2.7
31 0 0 1.4
31 10 14 0.9
31 20 23 1.1
31 30 34 0.6
31 40 40 1.1
31 50 51 2.7
31 60 78 2
31 70 98 3.9
31 80 137 3.5
31 90 172 2.7
32 0 0 1.4
32 10 14 0.9
32 20 23 1.1
32 30 34 0.6
32 40 40 1.1
32 50 51 2.7
32 60 78 2
32 70 98 3.9
32 80 137 3.5
32 90 172 2.7
33 0 0 1.4
33 10 14 0.9
33 20 23 1.1
33 30 34 0.6
33 40 40 1.1
33 50 51 2.7
33 60 78 2
33 70 98 3.9
33 80 137 3.5
33 90 172 2.7
34 0 0 1.4
34 10 14 0.9
34 20 23 1.1
34 30 34 0.6
34 40 40 1.1
34 50 51 2.7
34 60 78 2
34 70 98 3.9
34 80 137 3.5
34 90 172 2.7
35 0 0 1.4
35 10 14 0.9
35 20 23 1.1
35 30 34 0.6
35 40 40 1.1
35 50 51 2.7
35 60 78 2
35 70 98 3.9
35 80 137 3.5
35 90 172 2.7
36 0 0 1.4
36 10 14 0.9
36 20 23 1.1
36 30 34 0.6
36 40 40 1.1
36 50 51 2.7
36 60 78 2
36 70 98 3.9
36 80 137 3.5
36 90 172 2.7
37 0 0 1.4
37 10 14 0.9
37 20 23 1.1
37 30 34 0.6
37 40 40 1.1
37 50 51 2.7
37 60 78 2
37 70 98 3.9
37 80 137 3.5
37 90 172 2.7
38 0 0 1.4
38 10 14 0.9
38 20 23 1.1
38 30 34 0.6
38 40 40 1.1
38 50 51 2.7
38 60 78 2
38 70 98 3.9
38 80 137 3.5
38 90 172 2.7
39 0 0 1.4
39 10 14 0.9
39 20 23 1.1
39 30 34 0.6
39 40 40 1.1
39 50 51 2.7
39 60 78 2
39 70 98 3.9
39 80 137 3.5
39 90 172 2.7
40 0 0 1.4
40 10 14 0.9
40 20 23 1.1
40 30 34 0.6
40 40 40 1.1
40 50 51 2.7
40 60 78 2
40 70 98 3.9
40 80 137 3.5
40 90 172 2.7
41 0 0 1.4
41 10 14 0.9
41 20 23 1.1
41 30 34 0.6
41 40 40 1.1
41 50 51 2.7
41 60 78 2
41 70 98 3.9
41 80 137 3.5
41 90 172 2.7
42 0 0 1.4
42 10 14 0.9
42 20 23 1.1
42 30 34 0.6
42 40 40 1.1
42 50 51 2.7
42 60 78 2
42 70 98 3.9
42 80 137 3.5
42 90 172 2.7
43 0 0 1.4
43 10 14 0.9
43 20 23 1.1
43 30 34 0.6
43 40 40 1.1
43 50 51 2.7
43 60 78 2
43 70 98 3.9
43 80 137 3.5
43 90 172 2.7
44 0 0 1.4
44 10 14 0.9
44 20 23 1.1
44 30 34 0.6
44 40 40 1.1
44 50 51 2.7
44 60 78 2
44 70 98 3.9
44 80 137 3.5
44 90 172 2.7
45 0 0 1.4
45 10 14 0.9
45 20 23 1.1
45 30 34 0.6
45 40 40 1.1
45 50 51 2.7
45 60 78 2
45 70 98 3.9
45 80 137 3.5
45 90 172 2.7
46 0 0 1.4
46 10 14 0.9
46 20 23 1.1
46 30 34 0.6
46 40 40 1.1
46 50 51 2.7
46 60 78 2
46 70 98 3.9
46 80 137 3.5
46 90 172 2.7
47 0 0 1.4
47 10 14 0.9
47 20 23 1.1
47 30 34 0.6
47 40 40 1.1
47 50 51 2.7
47 60 78 2
47 70 98 3.9
47 80 137 3.5
47 90 172 2.7
48 0 0 1.4
48 10 14 0.9
48 20 23 1.1
48 30 34 0.6
48 40 40 1.1
48 50 51 2.7
48 60 78 2
48 70 98 3.9
48 80 137 3.5
48 90 172 2.7
49 0 0 1.4
49 10 14 0.9
49 20 23 1.1
49 30 34 0.6
49 40 40 1.1
49 50 51 2.7
49 60 78 2
49 70 98 3.9
49 80 137 3.5
49 90 172 2.7
50 0 0 1.4
50 10 14 0.9
50 20 23 1.1
50 30 34 0.6
50 40 40 1.1
50 50 51 2.7
50 60 78 2
50 70 98 3.9
50 80 137 3.5
50 90 172 2.7
51 0 0 1.4
51 10 14 0.9
51 20 23 1.1
51 30 34 0.6
51 40 40 1.1
51 50 51 2.7
51 60 78 2
51 70 98 3.9
51 80 137 3.5
51 90 172 2.7
52 0 0 1.4
52 10 14 0.9
52 20 23 1.1
52 30 34 0.6
52 40 40 1.1
52 50 51 2.7
52 60 78 2
52 70 98 3.9
52 80 137 3.5
52 90 172 2.7
53 0 0 1.4
53 10 14 0.9
53 20 23 1.1
53 30 34 0.6
53 40 40 1.1
53 50 51 2.7
53 60 78 2
53 70 98 3.9
53 80 137 3.5
53 90 172 2.7
54 0 0 1.4
54 10 14 0.9
54 20 23 1.1
54 30 34 0.6
54 40 40 1.1
54 50 51 2.7
54 60 78 2
54 70 98 3.9
54 80 137 3.5
54 90 172 2.7
55 0 0 1.4
55 10 14 0.9
55 20 23 1.1
55 30 34 0.6
55 40 40 1.1
55 50 51 2.7
55 60 78 2
55 70 98 3.9
55 80 137 3.5
55 90 172 2.7
56 0 0 1.4
56 10 14 0.9
56 20 23 1.1
56 30 34 0.6
56 40 40 1.1
56 50 51 2.7
56 60 78 2
56 70 98 3.9
56 80 137 3.5
56 90 172 2.7
57 0 0 1.4
57 10 14 0.9
57 20 23 1.1
57 30 34 0.6
57 40 40 1.1
57 50 51 2.7
57 60 78 2
57 70 98 3.9
57 80 137 3.5
57 90 172 2.7
58 0 0 1.4
58 10 14 0.9
58 20 23 1.1
58 30 34 0.6
58 40 40 1.1
58 50 51 2.7
58 60 78 2
58 70 98 3.9
58 80 137 3.5
58 90 172 2.7
59 0 0 1.4
59 10 14 0.9
59 20 23 1.1
59 30 34 0.6
59 40 40 1.1
59 50 51 2.7
59 60 78 2
59 70 98 3.9
59 80 137 3.5
59 90 172 2.7
60 0 0 1.4
60 10 14 0.9
60 20 23 1.1
60 30 34 0.6
60 40 40 1.1
60 50 51 2.7
60 60 78 2
60 70 98 3.9
60 80 137 3.5
60 90 172 2.7
61 0 0 1.4
61 10 14 0.9
61 20 23 1.1
61 30 34 0.6
61 40 40 1.1
61 50 51 2.7
61 60 78 2
61 70 98 3.9
61 80 137 3.5
61 90 172 2.7
62 0 0 1.4
62 10 14 0.9
62 20 23 1.1
62 30 34 0.6
62 40 40 1.1
62 50 51 2.7
62 60 78 2
62 70 98 3.9
62 80 137 3.5
62 90 172 2.7
63 0 0 1.4
63 10 14 0.9
63 20 23 1.1
63 30 34 0.6
63 40 40 1.1
63 50 51 2.7
63 60 78 2
63 70 98 3.9
63 80 137 3.5
63 90 172 2.7
64 0 0 1.4
64 10 14 0.9
64 20 23 1.1
64 30 34 0.6
64 40 40 1.1
64 50 51 2.7
64 60 78 2
64 70 98 3.9
64 80 137 3.5
64 90 172 2.7
65 0 0 1.4
65 10 14 0.9
65 20 23 1.1
65 30 34 0.6
65 40 40 1.1
65 50 51 2.7
65 60 78 2
65 70 98 3.9
65 80 137 3.5
65 90 172 2.7
66 0 0 1.4
66 10 14 0.9
66 20 23 1.1
66 30 34 0.6
66 40 40 1.1
66 50 51 2.7
66 60 78 2
66 70 98 3.9
66 80 137 3.5
66 90 172 2.7
67 0 0 1.4
67 10 14 0.9
67 20 23 1.1
67 30 34 0.6
67 40 40 1.1
67 50 51 2.7
67 60 78 2
67 70 98 3.9
67 80 137 3.5
67 90 172 2.7
68 0 0 1.4
68 10 14 0.9
68 20 23 1.1
68 30 34 0.6
68 40 40 1.1
68 50 51 2.7
68 60 78 2
68 70 98 3.9
68 80 137 3.5
68 90 172 2.7
69 0 0 1.4
69 10 14 0.9
69 20 23 1.1
69 30 34 0.6
69 40 40 1.1
69 50 51 2.7
69 60 78 2
69 70 98 3.9
69 80 137 3.5
69 90 172 2.7
70 0 0 1.4
70 10 14 0.9
70 20 23 1.1
70 30 34 0.6
70 40 40 1.1
70 50 51 2.7
70 60 78 2
70 70 98 3.9
70 80 137 3.5
70 90 172 2.7
71 0 0 1.4
71 10 14 0.9
71 20 23 1.1
71 30 34 0.6
71 40 40 1.1
71 50 51 2.7
71 60 78 2
71 70 98 3.9
71 80 137 3.5
71 90 172 2.7
72 0 0 1.4
72 10 14 0.9
72 20 23 1.1
72 30 34 0.6
72 40 40 1.1
72 50 51 2.7
72 60 78 2
72 70 98 3.9
72 80 137 3.5
72 90 172 2.7
73 0 0 1.4
73 10 14 0.9
73 20 23 1.1
73 30 34 0.6
73 40 40 1.1
73 50 51 2.7
73 60 78 2
73 70 98 3.9
73 80 137 3.5
73 90 172 2.7
74 0 0 1.4
74 10 14 0.9
74 20 23 1.1
74 30 34 0.6
74 40 40 1.1
74 50 51 2.7
74 60 78 2
74 70 98 3.9
74 80 137 3.5
74 90 172 2.7
75 0 0 1.4
75 10 14 0.9
75 20 23 1.1
75 30 34 0.6
75 40 40 1.1
75 50 51 2.7
75 60 78 2
75 70 98 3.9
75 80 137 3.5
75 90 172 2.7
76 0 0 1.4
76 10 14 0.9
76 20 23 1.1
76 30 34 0.6
76 40 40 1.1
76 50 51 2.7
76 60 78 2
76 70 98 3.9
76 80 137 3.5
76 90 172 2.7
77 0 0 1.4
77 10 14 0.9
77 20 23 1.1
77 30 34 0.6
77 40 40 1.1
77 50 51 2.7
77 60 78 2
77 70 98 3.9
77 80 137 3.5
77 90 172 2.7
78 0 0 1.4
78 10 14 0.9
78 20 23 1.1
78 30 34 0.6
78 40 40 1.1
78 50 51 2.7
78 60 78 2
78 70 98 3.9
78 80 137 3.5
78 90 172 2.7
79 0 0 1.4
79 10 14 0.9
79 20 23 1.1
79 30 34 0.6
79 40 40 1.1
79 50 51 2.7
79 60 78 2
79 70 98 3.9
79 80 137 3.5
79 90 172 2.7
80 0 0 1.4
80 10 14 0.9
80 20 23 1.1
80 30 34 0.6
80 40 40 1.1
80 50 51 2.7
80 60 78 2
80 70 98 3.9
80 80 137 3.5
80 90 172 2.7
81 0 0 1.4
81 10 14 0.9
81 20 23 1.1
81 30 34 0.6
81 40 40 1.1
81 50 51 2.7
81 60 78 2
81 70 98 3.9
81 80 137 3.5
81 90 172 2.7
82 0 0 1.4
82 10 14 0.9
82 20 23 1.1
82 30 34 0.6
82 40 40 1.1
82 50 51 2.7
82 60 78 2
82 70 98 3.9
82 80 137 3.5
82 90 172 2.7
83 0 0 1.4
83 10 14 0.9
83 20 23 1.1
83 30 34 0.6
83 40 40 1.1
83 50 51 2.7
83 60 78 2
83 70 98 3.9
83 80 137 3.5
83 90 172 2.7
84 0 0 1.4
84 10 14 0.9
84 20 23 1.1
84 30 34 0.6
84 40 40 1.1
84 50 51 2.7
84 60 78 2
84 70 98 3.9
84 80 137 3.5
84 90 172 2.7
85 0 0 1.4
85 10 14 0.9
85 20 23 1.1
85 30 34 0.6
85 40 40 1.1
85 50 51 2.7
85 60 78 2
85 70 98 3.9
85 80 137 3.5
85 90 172 2.7
86 0 0 1.4
86 10 14 0.9
86 20 23 1.1
86 30 34 0.6
86 40 40 1.1
86 50 51 2.7
86 60 78 2
86 70 98 3.9
86 80 137 3.5
86 90 172 2.7
87 0 0 1.4
87 10 14 0.9
87 20 23 1.1
87 30 34 0.6
87 40 40 1.1
87 50 51 2.7
87 60 78 2
87 70 98 3.9
87 80 137 3.5
87 90 172 2.7
88 0 0 1.4
88 10 14 0.9
88 20 23 1.1
88 30 34 0.6
88 40 40 1.1
88 50 51 2.7
88 60 78 2
88 70 98 3.9
88 80 137 3.5
88 90 172 2.7
89 0 0 1.4
89 10 14 0.9
89 20 23 1.1
89 30 34 0.6
89 40 40 1.1
89 50 51 2.7
89 60 78 2
89 70 98 3.9
89 80 137 3.5
89 90 172 2.7
90 0 0 1.4
90 10 14 0.9
90 20 23 1.1
90 30 34 0.6
90 40 40 1.1
90 50 51 2.7
90 60 78 2
90 70 98 3.9
90 80 137 3.5
90 90 172 2.7
91 0 0 1.4
91 10 14 0.9
91 20 23 1.1
91 30 34 0.6
91 40 40 1.1
91 50 51 2.7
91 60 78 2
91 70 98 3.9
91 80 137 3.5
91 90 172 2.7
92 0 0 1.4
92 10 14 0.9
92 20 23 1.1
92 30 34 0.6
92 40 40 1.1
92 50 51 2.7
92 60 78 2
92 70 98 3.9
92 80 137 3.5
92 90 172 2.7
93 0 0 1.4
93 10 14 0.9
93 20 23 1.1
93 30 34 0.6
93 40 40 1.1
93 50 51 2.7
93 60 78 2
93 70 98 3.9
93 80 137 3.5
93 90 172 2.7
94 0 0 1.4
94 10 14 0.9
94 20 23 1.1
94 30 34 0.6
94 40 40 1.1
94 50 51 2.7
94 60 78 2
94 70 98 3.9
94 80 137 3.5
94 90 172 2.7
95 0 0 1.4
95 10 14 0.9
95 20 23 1.1
95 30 34 0.6
95 40 40 1.1
95 50 51 2.7
95 60 78 2
95 70 98 3.9
95 80 137 3.5
95 90 172 2.7
96 0 0 1.4
96 10 14 0.9
96 20 23 1.1
96 30 34 0.6
96 40 40 1.1
96 50 51 2.7
96 60 78 2
96 70 98 3.9
96 80 137 3.5
96 90 172 2.7
97 0 0 1.4
97 10 14 0.9
97 20 23 1.1
97 30 34 0.6
97 40 40 1.1
97 50 51 2.7
97 60 78 2
97 70 98 3.9
97 80 137 3.5
97 90 172 2.7
98 0 0 1.4
98 10 14 0.9
98 20 23 1.1
98 30 34 0.6
98 40 40 1.1
98 50 51 2.7
98 60 78 2
98 70 98 3.9
98 80 137 3.5
98 90 172 2.7
99 0 0 1.4
99 10 14 0.9
99 20 23 1.1
99 30 34 0.6
99 40 40 1.1
99 50 51 2.7
99 60 78 2
99 70 98 3.9
99 80 137 3.5
99 90 172 2.7
100 0 0 1.4
100 10 14 0.9
100 20 23 1.1
100 30 34 0.6
100 40 40 1.1
100 50 51 2.7
100 60 78 2
100 70 98 3.9
100 80 137 3.5
100 90 172 2.7
101 0 0 1.4
101 10 14 0.9
101 20 23 1.1
101 30 34 0.6
101 40 40 1.1
101 50 51 2.7
101 60 78 2
101 70 98 3.9
101 80 137 3.5
101 90 172 2.7
102 0 0 1.4
102 10 14 0.9
102 20 23 1.1
102 30 34 0.6
102 40 40 1.1
102 50 51 2.7
102 60 78 2
102 70 98 3.9
102 80 137 3.5
102 90 172 2.7
103 0 0 1.4
103 10 14 0.9
103 20 23 1.1
103 30 34 0.6
103 40 40 1.1
103 50 51 2.7
103 60 78 2
103 70 98 3.9
103 80 137 3.5
103 90 172 2.7
104 0 0 1.4
104 10 14 0.9
104 20 23 1.1
104 30 34 0.6
104 40 40 1.1
104 50 51 2.7
104 60 78 2
104 70 98 3.9
104 80 137 3.5
104 90 172 2.7
105 0 0 1.4
105 10 14 0.9
105 20 23 1.1
105 30 34 0.6
105 40 40 1.1
105 50 51 2.7
105 60 78 2
105 70 98 3.9
105 80 137 3.5
105 90 172 2.7
106 0 0 1.4
106 10 14 0.9
106 20 23 1.1
106 30 34 0.6
106 40 40 1.1
106 50 51 2.7
106 60 78 2
106 70 98 3.9
106 80 137 3.5
106 90 172 2.7
107 0 0 1.4
107 10 14 0.9
107 20 23 1.1
107 30 34 0.6
107 40 40 1.1
107 50 51 2.7
107 60 78 2
107 70 98 3.9
107 80 137 3.5
107 90 172 2.7
108 0 0 1.4
108 10 14 0.9
108 20 23 1.1
108 30 34 0.6
108 40 40 1.1
108 50 51 2.7
108 60 78 2
108 70 98 3.9
108 80 137 3.5
108 90 172 2.7
109 0 0 1.4
109 10 14 0.9
109 20 23 1.1
109 30 34 0.6
109 40 40 1.1
109 50 51 2.7
109 60 78 2
109 70 98 3.9
109 80 137 3.5
109 90 172 2.7
110 0 0 1.4
110 10 14 0.9
110 20 23 1.1
110 30 34 0.6
110 40 40 1.1
110 50 51 2.7
110 60 78 2
110 70 98 3.9
110 80 137 3.5
110 90 172 2.7
111 0 0 1.4
111 10 14 0.9
111 20 23 1.1
111 30 34 0.6
111 40 40 1.1
111 50 51 2.7
111 60 78 2
111 70 98 3.9
111 80 137 3.5
111 90 172 2.7
112 0 0 1.4
112 10 14 0.9
112 20 23 1.1
112 30 34 0.6
112 40 40 1.1
112 50 51 2.7
112 60 78 2
112 70 98 3.9
112 80 137 3.5
112 90 172 2.7
113 0 0 1.4
113 10 14 0.9
113 20 23 1.1
113 30 34 0.6
113 40 40 1.1
113 50 51 2.7
113 60 78 2
113 70 98 3.9
113 80 137 3.5
113 90 172 2.7
114 0 0 1.4
114 10 14 0.9
114 20 23 1.1
114 30 34 0.6
114 40 40 1.1
114 50 51 2.7
114 60 78 2
114 70 98 3.9
114 80 137 3.5
114 90 172 2.7
115 0 0 1.4
115 10 14 0.9
115 20 23 1.1
115 30 34 0.6
115 40 40 1.1
115 50 51 2.7
115 60 78 2
115 70 98 3.9
115 80 137 3.5
115 90 172 2.7
116 0 0 1.4
116 10 14 0.9
116 20 23 1.1
116 30 34 0.6
116 40 40 1.1
116 50 51 2.7
116 60 78 2
116 70 98 3.9
116 80 137 3.5
116 90 172 2.7
117 0 0 1.4
117 10 14 0.9
117 20 23 1.1
117 30 34 0.6
117 40 40 1.1
117 50 51 2.7
117 60 78 2
117 70 98 3.9
117 80 137 3.5
117 90 172 2.7
118 0 0 1.4
118 10 14 0.9
118 20 23 1.1
118 30 34 0.6
118 40 40 1.1
118 50 51 2.7
118 60 78 2
118 70 98 3.9
118 80 137 3.5
118 90 172 2.7
119 0 0 1.4
119 10 14 0.9
119 20 23 1.1
119 30 34 0.6
119 40 40 1.1
119 50 51 2.7
119 60 78 2
119 70 98 3.9
119 80 137 3.5
119 90 172 2.7
120 0 0 1.4
120 10 14 0.9
120 20 23 1.1
120 30 34 0.6
120 40 40 1.1
120 50 51 2.7
120 60 78 2
120 70 98 3.9
120 80 137 3.5
120 90 172 2.7
121 0 0 1.4
121 10 14 0.9
121 20 23 1.1
121 30 34 0.6
121 40 40 1.1
121 50 51 2.7
121 60 78 2
121 70 98 3.9
121 80 137 3.5
121 90 172 2.7
122 0 0 1.4
122 10 14 0.9
122 20 23 1.1
122 30 34 0.6
122 40 40 1.1
122 50 51 2.7
122 60 78 2
122 70 98 3.9
122 80 137 3.5
122 90 172 2.7
123 0 0 1.4
123 10 14 0.9
123 20 23 1.1
123 30 34 0.6
123 40 40 1.1
123 50 51 2.7
123 60 78 2
123 70 98 3.9
123 80 137 3.5
123 90 172 2.7
124 0 0 1.4
124 10 14 0.9
124 20 23 1.1
124 30 34 0.6
124 40 40 1.1
124 50 51 2.7
124 60 78 2
124 70 98 3.9
124 80 137 3.5
124 90 172 2.7
125 0 0 1.4
125 10 14 0.9
125 20 23 1.1
125 30 34 0.6
125 40 40 1.1
125 50 51 2.7
125 60 78 2
125 70 98 3.9
125 80 137 3.5
125 90 172 2.7
126 0 0 1.4
126 10 14 0.9
126 20 23 1.1
126 30 34 0.6
126 40 40 1.1
126 50 51 2.7
126 60 78 2
126 70 98 3.9
126 80 137 3.5
126 90 172 2.7
127 0 0 1.4
127 10 14 0.9
127 20 23 1.1
127 30 34 0.6
127 40 40 1.1
127 50 51 2.7
127 60 78 2
127 70 98 3.9
127 80 137 3.5
127 90 172 2.7
128 0 0 1.4
128 10 14 0.9
128 20 23 1.1
128 30 34 0.6
128 40 40 1.1
128 50 51 2.7
128 60 78 2
128 70 98 3.9
128 80 137 3.5
128 90 172 2.7
129 0 0 1.4
129 10 14 0.9
129 20 23 1.1
129 30 34 0.6
129 40 40 1.1
129 50 51 2.7
129 60 78 2
129 70 98 3.9
129 80 137 3.5
129 90 172 2.7
130 0 0 1.4
130 10 14 0.9
130 20 23 1.1
130 30 34 0.6
130 40 40 1.1
130 50 51 2.7
130 60 78 2
130 70 98 3.9
130 80 137 3.5
130 90 172 2.7
131 0 0 1.4
131 10 14 0.9
131 20 23 1.1
131 30 34 0.6
131 40 40 1.1
131 50 51 2.7
131 60 78 2
131 70 98 3.9
131 80 137 3.5
131 90 172 2.7
132 0 0 1.4
132 10 14 0.9
132 20 23 1.1
132 30 34 0.6
132 40 40 1.1
132 50 51 2.7
132 60 78 2
132 70 98 3.9
132 80 137 3.5
132 90 172 2.7
133 0 0 1.4
133 10 14 0.9
133 20 23 1.1
133 30 34 0.6
133 40 40 1.1
133 50 51 2.7
133 60 78 2
133 70 98 3.9
133 80 137 3.5
133 90 172 2.7
134 0 0 1.4
134 10 14 0.9
134 20 23 1.1
134 30 34 0.6
134 40 40 1.1
134 50 51 2.7
134 60 78 2
134 70 98 3.9
134 80 137 3.5
134 90 172 2.7
135 0 0 1.4
135 10 14 0.9
135 20 23 1.1
135 30 34 0.6
135 40 40 1.1
135 50 51 2.7
135 60 78 2
135 70 98 3.9
135 80 137 3.5
135 90 172 2.7
136 0 0 1.4
136 10 14 0.9
136 20 23 1.1
136 30 34 0.6
136 40 40 1.1
136 50 51 2.7
136 60 78 2
136 70 98 3.9
136 80 137 3.5
136 90 172 2.7
137 0 0 1.4
137 10 14 0.9
137 20 23 1.1
137 30 34 0.6
137 40 40 1.1
137 50 51 2.7
137 60 78 2
137 70 98 3.9
137 80 137 3.5
137 90 172 2.7
138 0 0 1.4
138 10 14 0.9
138 20 23 1.1
138 30 34 0.6
138 40 40 1.1
138 50 51 2.7
138 60 78 2
138 70 98 3.9
138 80 137 3.5
138 90 172 2.7
139 0 0 1.4
139 10 14 0.9
139 20 23 1.1
139 30 34 0.6
139 40 40 1.1
139 50 51 2.7
139 60 78 2
139 70 98 3.9
139 80 137 3.5
139 90 172 2.7
140 0 0 1.4
140 10 14 0.9
140 20 23 1.1
140 30 34 0.6
140 40 40 1.1
140 50 51 2.7
140 60 78 2
140 70 98 3.9
140 80 137 3.5
140 90 172 2.7
141 0 0 1.4
141 10 14 0.9
141 20 23 1.1
141 30 34 0.6
141 40 40 1.1
141 50 51 2.7
141 60 78 2
141 70 98 3.9
141 80 137 3.5
141 90 172 2.7
142 0 0 1.4
142 10 14 0.9
142 20 23 1.1
142 30 34 0.6
142 40 40 1.1
142 50 51 2.7
142 60 78 2
142 70 98 3.9
142 80 137 3.5
142 90 172 2.7
143 0 0 1.4
143 10 14 0.9
143 20 23 1.1
143 30 34 0.6
143 40 40 1.1
143 50 51 2.7
143 60 78 2
143 70 98 3.9
143 80 137 3.5
143 90 172 2.7
144 0 0 1.4
144 10 14 0.9
144 20 23 1.1
144 30 34 0.6
144 40 40 1.1
144 50 51 2.7
144 60 78 2
144 70 98 3.9
144 80 137 3.5
144 90 172 2.7
145 0 0 1.4
145 10 14 0.9
145 20 23 1.1
145 30 34 0.6
145 40 40 1.1
145 50 51 2.7
145 60 78 2
145 70 98 3.9
145 80 137 3.5
145 90 172 2.7
146 0 0 1.4
146 10 14 0.9
146 20 23 1.1
146 30 34 0.6
146 40 40 1.1
146 50 51 2.7
146 60 78 2
146 70 98 3.9
146 80 137 3.5
146 90 172 2.7
147 0 0 1.4
147 10 14 0.9
147 20 23 1.1
147 30 34 0.6
147 40 40 1.1
147 50 51 2.7
147 60 78 2
147 70 98 3.9
147 80 137 3.5
147 90 172 2.7
148 0 0 1.4
148 10 14 0.9
148 20 23 1.1
148 30 34 0.6
148 40 40 1.1
148 50 51 2.7
148 60 78 2
148 70 98 3.9
148 80 137 3.5
148 90 172 2.7
149 0 0 1.4
149 10 14 0.9
149 20 23 1.1
149 30 34 0.6
149 40 40 1.1
149 50 51 2.7
149 60 78 2
149 70 98 3.9
149 80 137 3.5
149 90 172 2.7
150 0 0 1.4
150 10 14 0.9
150 20 23 1.1
150 30 34 0.6
150 40 40 1.1
150 50 51 2.7
150 60 78 2
150 70 98 3.9
150 80 137 3.5
150 90 172 2.7
151 0 0 1.4
151 10 14 0.9
151 20 23 1.1
151 30 34 0.6
151 40 40 1.1
151 50 51 2.7
151 60 78 2
151 70 98 3.9
151 80 137 3.5
151 90 172 2.7
152 0 0 1.4
152 10 14 0.9
152 20 23 1.1
152 30 34 0.6
152 40 40 1.1
152 50 51 2.7
152 60 78 2
152 70 98 3.9
152 80 137 3.5
152 90 172 2.7
153 0 0 1.4
153 10 14 0.9
153 20 23 1.1
153 30 34 0.6
153 40 40 1.1
153 50 51 2.7
153 60 78 2
153 70 98 3.9
153 80 137 3.5
153 90 172 2.7
154 0 0 1.4
154 10 14 0.9
154 20 23 1.1
154 30 34 0.6
154 40 40 1.1
154 50 51 2.7
154 60 78 2
154 70 98 3.9
154 80 137 3.5
154 90 172 2.7
155 0 0 1.4
155 10 14 0.9
155 20 23 1.1
155 30 34 0.6
155 40 40 1.1
155 50 51 2.7
155 60 78 2
155 70 98 3.9
155 80 137 3.5
155 90 172 2.7
156 0 0 1.4
156 10 14 0.9
156 20 23 1.1
156 30 34 0.6
156 40 40 1.1
156 50 51 2.7
156 60 78 2
156 70 98 3.9
156 80 137 3.5
156 90 172 2.7
157 0 0 1.4
157 10 14 0.9
157 20 23 1.1
157 30 34 0.6
157 40 40 1.1
157 50 51 2.7
157 60 78 2
157 70 98 3.9
157 80 137 3.5
157 90 172 2.7
158 0 0 1.4
158 10 14 0.9
158 20 23 1.1
158 30 34 0.6
158 40 40 1.1
158 50 51 2.7
158 60 78 2
158 70 98 3.9
158 80 137 3.5
158 90 172 2.7
159 0 0 1.4
159 10 14 0.9
159 20 23 1.1
159 30 34 0.6
159 40 40 1.1
159 50 51 2.7
159 60 78 2
159 70 98 3.9
159 80 137 3.5
159 90 172 2.7
160 0 0 1.4
160 10 14 0.9
160 20 23 1.1
160 30 34 0.6
160 40 40 1.1
160 50 51 2.7
160 60 78 2
160 70 98 3.9
160 80 137 3.5
160 90 172 2.7
161 0 0 1.4
161 10 14 0.9
161 20 23 1.1
161 30 34 0.6
161 40 40 1.1
161 50 51 2.7
161 60 78 2
161 70 98 3.9
161 80 137 3.5
161 90 172 2.7
162 0 0 1.4
162 10 14 0.9
162 20 23 1.1
162 30 34 0.6
162 40 40 1.1
162 50 51 2.7
162 60 78 2
162 70 98 3.9
162 80 137 3.5
162 90 172 2.7
163 0 0 1.4
163 10 14 0.9
163 20 23 1.1
163 30 34 0.6
163 40 40 1.1
163 50 51 2.7
163 60 78 2
163 70 98 3.9
163 80 137 3.5
163 90 172 2.7
164 0 0 1.4
164 10 14 0.9
164 20 23 1.1
164 30 34 0.6
164 40 40 1.1
164 50 51 2.7
164 60 78 2
164 70 98 3.9
164 80 137 3.5
164 90 172 2.7
165 0 0 1.4
165 10 14 0.9
165 20 23 1.1
165 30 34 0.6
165 40 40 1.1
165 50 51 2.7
165 60 78 2
165 70 98 3.9
165 80 137 3.5
165 90 172 2.7
166 0 0 1.4
166 10 14 0.9
166 20 23 1.1
166 30 34 0.6
166 40 40 1.1
166 50 51 2.7
166 60 78 2
166 70 98 3.9
166 80 137 3.5
166 90 172 2.7
167 0 0 1.4
167 10 14 0.9
167 20 23 1.1
167 30 34 0.6
167 40 40 1.1
167 50 51 2.7
167 60 78 2
167 70 98 3.9
167 80 137 3.5
167 90 172 2.7
168 0 0 1.4
168 10 14 0.9
168 20 23 1.1
168 30 34 0.6
168 40 40 1.1
168 50 51 2.7
168 60 78 2
168 70 98 3.9
168 80 137 3.5
168 90 172 2.7
169 0 0 1.4
169 10 14 0.9
169 20 23 1.1
169 30 34 0.6
169 40 40 1.1
169 50 51 2.7
169 60 78 2
169 70 98 3.9
169 80 137 3.5
169 90 172 2.7
170 0 0 1.4
170 10 14 0.9
170 20 23 1.1
170 30 34 0.6
170 40 40 1.1
170 50 51 2.7
170 60 78 2
170 70 98 3.9
170 80 137 3.5
170 90 172 2.7
171 0 0 1.4
171 10 14 0.9
171 20 23 1.1
171 30 34 0.6
171 40 40 1.1
171 50 51 2.7
171 60 78 2
171 70 98 3.9
171 80 137 3.5
171 90 172 2.7
172 0 0 1.4
172 10 14 0.9
172 20 23 1.1
172 30 34 0.6
172 40 40 1.1
172 50 51 2.7
172 60 78 2
172 70 98 3.9
172 80 137 3.5
172 90 172 2.7
173 0 0 1.4
173 10 14 0.9
173 20 23 1.1
173 30 34 0.6
173 40 40 1.1
173 50 51 2.7
173 60 78 2
173 70 98 3.9
173 80 137 3.5
173 90 172 2.7
174 0 0 1.4
174 10 14 0.9
174 20 23 1.1
174 30 34 0.6
174 40 40 1.1
174 50 51 2.7
174 60 78 2
174 70 98 3.9
174 80 137 3.5
174 90 172 2.7
175 0 0 1.4
175 10 14 0.9
175 20 23 1.1
175 30 34 0.6
175 40 40 1.1
175 50 51 2.7
175 60 78 2
175 70 98 3.9
175 80 137 3.5
175 90 172 2.7
176 0 0 1.4
176 10 14 0.9
176 20 23 1.1
176 30 34 0.6
176 40 40 1.1
176 50 51 2.7
176 60 78 2
176 70 98 3.9
176 80 137 3.5
176 90 172 2.7
177 0 0 1.4
177 10 14 0.9
177 20 23 1.1
177 30 34 0.6
177 40 40 1.1
177 50 51 2.7
177 60 78 2
177 70 98 3.9
177 80 137 3.5
177 90 172 2.7
178 0 0 1.4
178 10 14 0.9
178 20 23 1.1
178 30 34 0.6
178 40 40 1.1
178 50 51 2.7
178 60 78 2
178 70 98 3.9
178 80 137 3.5
178 90 172 2.7
179 0 0 1.4
179 10 14 0.9
179 20 23 1.1
179 30 34 0.6
179 40 40 1.1
179 50 51 2.7
179 60 78 2
179 70 98 3.9
179 80 137 3.5
179 90 172 2.7
180 0 0 1.4
180 10 14 0.9
180 20 23 1.1
180 30 34 0.6
180 40 40 1.1
180 50 51 2.7
180 60 78 2
180 70 98 3.9
180 80 137 3.5
180 90 172 2.7
181 0 0 1.4
181 10 14 0.9
181 20 23 1.1
181 30 34 0.6
181 40 40 1.1
181 50 51 2.7
181 60 78 2
181 70 98 3.9
181 80 137 3.5
181 90 172 2.7
182 0 0 1.4
182 10 14 0.9
182 20 23 1.1
182 30 34 0.6
182 40 40 1.1
182 50 51 2.7
182 60 78 2
182 70 98 3.9
182 80 137 3.5
182 90 172 2.7
183 0 0 1.4
183 10 14 0.9
183 20 23 1.1
183 30 34 0.6
183 40 40 1.1
183 50 51 2.7
183 60 78 2
183 70 98 3.9
183 80 137 3.5
183 90 172 2.7
184 0 0 1.4
184 10 14 0.9
184 20 23 1.1
184 30 34 0.6
184 40 40 1.1
184 50 51 2.7
184 60 78 2
184 70 98 3.9
184 80 137 3.5
184 90 172 2.7
185 0 0 1.4
185 10 14 0.9
185 20 23 1.1
185 30 34 0.6
185 40 40 1.1
185 50 51 2.7
185 60 78 2
185 70 98 3.9
185 80 137 3.5
185 90 172 2.7
186 0 0 1.4
186 10 14 0.9
186 20 23 1.1
186 30 34 0.6
186 40 40 1.1
186 50 51 2.7
186 60 78 2
186 70 98 3.9
186 80 137 3.5
186 90 172 2.7
187 0 0 1.4
187 10 14 0.9
187 20 23 1.1
187 30 34 0.6
187 40 40 1.1
187 50 51 2.7
187 60 78 2
187 70 98 3.9
187 80 137 3.5
187 90 172 2.7
188 0 0 1.4
188 10 14 0.9
188 20 23 1.1
188 30 34 0.6
188 40 40 1.1
188 50 51 2.7
188 60 78 2
188 70 98 3.9
188 80 137 3.5
188 90 172 2.7
189 0 0 1.4
189 10 14 0.9
189 20 23 1.1
189 30 34 0.6
189 40 40 1.1
189 50 51 2.7
189 60 78 2
189 70 98 3.9
189 80 137 3.5
189 90 172 2.7
190 0 0 1.4
190 10 14 0.9
190 20 23 1.1
190 30 34 0.6
190 40 40 1.1
190 50 51 2.7
190 60 78 2
190 70 98 3.9
190 80 137 3.5
190 90 172 2.7
191 0 0 1.4
191 10 14 0.9
191 20 23 1.1
191 30 34 0.6
191 40 40 1.1
191 50 51 2.7
191 60 78 2
191 70 98 3.9
191 80 137 3.5
191 90 172 2.7
192 0 0 1.4
192 10 14 0.9
192 20 23 1.1
192 30 34 0.6
192 40 40 1.1
192 50 51 2.7
192 60 78 2
192 70 98 3.9
192 80 137 3.5
192 90 172 2.7
193 0 0 1.4
193 10 14 0.9
193 20 23 1.1
193 30 34 0.6
193 40 40 1.1
193 50 51 2.7
193 60 78 2
193 70 98 3.9
193 80 137 3.5
193 90 172 2.7
194 0 0 1.4
194 10 14 0.9
194 20 23 1.1
194 30 34 0.6
194 40 40 1.1
194 50 51 2.7
194 60 78 2
194 70 98 3.9
194 80 137 3.5
194 90 172 2.7
195 0 0 1.4
195 10 14 0.9
195 20 23 1.1
195 30 34 0.6
195 40 40 1.1
195 50 51 2.7
195 60 78 2
195 70 98 3.9
195 80 137 3.5
195 90 172 2.7
196 0 0 1.4
196 10 14 0.9
196 20 23 1.1
196 30 34 0.6
196 40 40 1.1
196 50 51 2.7
196 60 78 2
196 70 98 3.9
196 80 137 3.5
196 90 172 2.7
197 0 0 1.4
197 10 14 0.9
197 20 23 1.1
197 30 34 0.6
197 40 40 1.1
197 50 51 2.7
197 60 78 2
197 70 98 3.9
197 80 137 3.5
197 90 172 2.7
198 0 0 1.4
198 10 14 0.9
198 20 23 1.1
198 30 34 0.6
198 40 40 1.1
198 50 51 2.7
198 60 78 2
198 70 98 3.9
198 80 137 3.5
198 90 172 2.7
199 0 0 1.4
199 10 14 0.9
199 20 23 1.1
199 30 34 0.6
199 40 40 1.1
199 50 51 2.7
199 60 78 2
199 70 98 3.9
199 80 137 3.5
199 90 172 2.7
200 0 0 1.4
200 10 14 0.9
200 20 23 1.1
200 30 34 0.6
200 40 40 1.1
200 50 51 2.7
200 60 78 2
200 70 98 3.9
200 80 137 3.5
200 90 172 2.7
201 0 0 1.4
201 10 14 0.9
201 20 23 1.1
201 30 34 0.6
201 40 40 1.1
201 50 51 2.7
201 60 78 2
201 70 98 3.9
201 80 137 3.5
201 90 172 2.7
202 0 0 1.4
202 10 14 0.9
202 20 23 1.1
202 30 34 0.6
202 40 40 1.1
202 50 51 2.7
202 60 78 2
202 70 98 3.9
202 80 137 3.5
202 90 172 2.7
203 0 0 1.4
203 10 14 0.9
203 20 23 1.1
203 30 34 0.6
203 40 40 1.1
203 50 51 2.7
203 60 78 2
203 70 98 3.9
203 80 137 3.5
203 90 172 2.7
204 0 0 1.4
204 10 14 0.9
204 20 23 1.1
204 30 34 0.6
204 40 40 1.1
204 50 51 2.7
204 60 78 2
204 70 98 3.9
204 80 137 3.5
204 90 172 2.7
205 0 0 1.4
205 10 14 0.9
205 20 23 1.1
205 30 34 0.6
205 40 40 1.1
205 50 51 2.7
205 60 78 2
205 70 98 3.9
205 80 137 3.5
205 90 172 2.7
206 0 0 1.4
206 10 14 0.9
206 20 23 1.1
206 30 34 0.6
206 40 40 1.1
206 50 51 2.7
206 60 78 2
206 70 98 3.9
206 80 137 3.5
206 90 172 2.7
207 0 0 1.4
207 10 14 0.9
207 20 23 1.1
207 30 34 0.6
207 40 40 1.1
207 50 51 2.7
207 60 78 2
207 70 98 3.9
207 80 137 3.5
207 90 172 2.7
208 0 0 1.4
208 10 14 0.9
208 20 23 1.1
208 30 34 0.6
208 40 40 1.1
208 50 51 2.7
208 60 78 2
208 70 98 3.9
208 80 137 3.5
208 90 172 2.7
209 0 0 1.4
209 10 14 0.9
209 20 23 1.1
209 30 34 0.6
209 40 40 1.1
209 50 51 2.7
209 60 78 2
209 70 98 3.9
209 80 137 3.5
209 90 172 2.7
210 0 0 1.4
210 10 14 0.9
210 20 23 1.1
210 30 34 0.6
210 40 40 1.1
210 50 51 2.7
210 60 78 2
210 70 98 3.9
210 80 137 3.5
210 90 172 2.7
211 0 0 1.4
211 10 14 0.9
211 20 23 1.1
211 30 34 0.6
211 40 40 1.1
211 50 51 2.7
211 60 78 2
211 70 98 3.9
211 80 137 3.5
211 90 172 2.7
212 0 0 1.4
212 10 14 0.9
212 20 23 1.1
212 30 34 0.6
212 40 40 1.1
212 50 51 2.7
212 60 78 2
212 70 98 3.9
212 80 137 3.5
212 90 172 2.7
213 0 0 1.4
213 10 14 0.9
213 20 23 1.1
213 30 34 0.6
213 40 40 1.1
213 50 51 2.7
213 60 78 2
213 70 98 3.9
213 80 137 3.5
213 90 172 2.7
214 0 0 1.4
214 10 14 0.9
214 20 23 1.1
214 30 34 0.6
214 40 40 1.1
214 50 51 2.7
214 60 78 2
214 70 98 3.9
214 80 137 3.5
214 90 172 2.7
215 0 0 1.4
215 10 14 0.9
215 20 23 1.1
215 30 34 0.6
215 40 40 1.1
215 50 51 2.7
215 60 78 2
215 70 98 3.9
215 80 137 3.5
215 90 172 2.7
216 0 0 1.4
216 10 14 0.9
216 20 23 1.1
216 30 34 0.6
216 40 40 1.1
216 50 51 2.7
216 60 78 2
216 70 98 3.9
216 80 137 3.5
216 90 172 2.7
217 0 0 1.4
217 10 14 0.9
217 20 23 1.1
217 30 34 0.6
217 40 40 1.1
217 50 51 2.7
217 60 78 2
217 70 98 3.9
217 80 137 3.5
217 90 172 2.7
218 0 0 1.4
218 10 14 0.9
218 20 23 1.1
218 30 34 0.6
218 40 40 1.1
218 50 51 2.7
218 60 78 2
218 70 98 3.9
218 80 137 3.5
218 90 172 2.7
219 0 0 1.4
219 10 14 0.9
219 20 23 1.1
219 30 34 0.6
219 40 40 1.1
219 50 51 2.7
219 60 78 2
219 70 98 3.9
219 80 137 3.5
219 90 172 2.7
220 0 0 1.4
220 10 14 0.9
220 20 23 1.1
220 30 34 0.6
220 40 40 1.1
220 50 51 2.7
220 60 78 2
220 70 98 3.9
220 80 137 3.5
220 90 172 2.7
221 0 0 1.4
221 10 14 0.9
221 20 23 1.1
221 30 34 0.6
221 40 40 1.1
221 50 51 2.7
221 60 78 2
221 70 98 3.9
221 80 137 3.5
221 90 172 2.7
222 0 0 1.4
222 10 14 0.9
222 20 23 1.1
222 30 34 0.6
222 40 40 1.1
222 50 51 2.7
222 60 78 2
222 70 98 3.9
222 80 137 3.5
222 90 172 2.7
223 0 0 1.4
223 10 14 0.9
223 20 23 1.1
223 30 34 0.6
223 40 40 1.1
223 50 51 2.7
223 60 78 2
223 70 98 3.9
223 80 137 3.5
223 90 172 2.7
224 0 0 1.4
224 10 14 0.9
224 20 23 1.1
224 30 34 0.6
224 40 40 1.1
224 50 51 2.7
224 60 78 2
224 70 98 3.9
224 80 137 3.5
224 90 172 2.7
225 0 0 1.4
225 10 14 0.9
225 20 23 1.1
225 30 34 0.6
225 40 40 1.1
225 50 51 2.7
225 60 78 2
225 70 98 3.9
225 80 137 3.5
225 90 172 2.7
226 0 0 1.4
226 10 14 0.9
226 20 23 1.1
226 30 34 0.6
226 40 40 1.1
226 50 51 2.7
226 60 78 2
226 70 98 3.9
226 80 137 3.5
226 90 172 2.7
227 0 0 1.4
227 10 14 0.9
227 20 23 1.1
227 30 34 0.6
227 40 40 1.1
227 50 51 2.7
227 60 78 2
227 70 98 3.9
227 80 137 3.5
227 90 172 2.7
228 0 0 1.4
228 10 14 0.9
228 20 23 1.1
228 30 34 0.6
228 40 40 1.1
228 50 51 2.7
228 60 78 2
228 70 98 3.9
228 80 137 3.5
228 90 172 2.7
229 0 0 1.4
229 10 14 0.9
229 20 23 1.1
229 30 34 0.6
229 40 40 1.1
229 50 51 2.7
229 60 78 2
229 70 98 3.9
229 80 137 3.5
229 90 172 2.7
230 0 0 1.4
230 10 14 0.9
230 20 23 1.1
230 30 34 0.6
230 40 40 1.1
230 50 51 2.7
230 60 78 2
230 70 98 3.9
230 80 137 3.5
230 90 172 2.7
231 0 0 1.4
231 10 14 0.9
231 20 23 1.1
231 30 34 0.6
231 40 40 1.1
231 50 51 2.7
231 60 78 2
231 70 98 3.9
231 80 137 3.5
231 90 172 2.7
232 0 0 1.4
232 10 14 0.9
232 20 23 1.1
232 30 34 0.6
232 40 40 1.1
232 50 51 2.7
232 60 78 2
232 70 98 3.9
232 80 137 3.5
232 90 172 2.7
233 0 0 1.4
233 10 14 0.9
233 20 23 1.1
233 30 34 0.6
233 40 40 1.1
233 50 51 2.7
233 60 78 2
233 70 98 3.9
233 80 137 3.5
233 90 172 2.7
234 0 0 1.4
234 10 14 0.9
234 20 23 1.1
234 30 34 0.6
234 40 40 1.1
234 50 51 2.7
234 60 78 2
234 70 98 3.9
234 80 137 3.5
234 90 172 2.7
235 0 0 1.4
235 10 14 0.9
235 20 23 1.1
235 30 34 0.6
235 40 40 1.1
235 50 51 2.7
235 60 78 2
235 70 98 3.9
235 80 137 3.5
235 90 172 2.7
236 0 0 1.4
236 10 14 0.9
236 20 23 1.1
236 30 34 0.6
236 40 40 1.1
236 50 51 2.7
236 60 78 2
236 70 98 3.9
236 80 137 3.5
236 90 172 2.7
237 0 0 1.4
237 10 14 0.9
237 20 23 1.1
237 30 34 0.6
237 40 40 1.1
237 50 51 2.7
237 60 78 2
237 70 98 3.9
237 80 137 3.5
237 90 172 2.7
238 0 0 1.4
238 10 14 0.9
238 20 23 1.1
238 30 34 0.6
238 40 40 1.1
238 50 51 2.7
238 60 78 2
238 70 98 3.9
238 80 137 3.5
238 90 172 2.7
239 0 0 1.4
239 10 14 0.9
239 20 23 1.1
239 30 34 0.6
239 40 40 1.1
239 50 51 2.7
239 60 78 2
239 70 98 3.9
239 80 137 3.5
239 90 172 2.7
240 0 0 1.4
240 10 14 0.9
240 20 23 1.1
240 30 34 0.6
240 40 40 1.1
240 50 51 2.7
240 60 78 2
240 70 98 3.9
240 80 137 3.5
240 90 172 2.7
241 0 0 1.4
241 10 14 0.9
241 20 23 1.1
241 30 34 0.6
241 40 40 1.1
241 50 51 2.7
241 60 78 2
241 70 98 3.9
241 80 137 3.5
241 90 172 2.7
242 0 0 1.4
242 10 14 0.9
242 20 23 1.1
242 30 34 0.6
242 40 40 1.1
242 50 51 2.7
242 60 78 2
242 70 98 3.9
242 80 137 3.5
242 90 172 2.7
243 0 0 1.4
243 10 14 0.9
243 20 23 1.1
243 30 34 0.6
243 40 40 1.1
243 50 51 2.7
243 60 78 2
243 70 98 3.9
243 80 137 3.5
243 90 172 2.7
244 0 0 1.4
244 10 14 0.9
244 20 23 1.1
244 30 34 0.6
244 40 40 1.1
244 50 51 2.7
244 60 78 2
244 70 98 3.9
244 80 137 3.5
244 90 172 2.7
245 0 0 1.4
245 10 14 0.9
245 20 23 1.1
245 30 34 0.6
245 40 40 1.1
245 50 51 2.7
245 60 78 2
245 70 98 3.9
245 80 137 3.5
245 90 172 2.7
246 0 0 1.4
246 10 14 0.9
246 20 23 1.1
246 30 34 0.6
246 40 40 1.1
246 50 51 2.7
246 60 78 2
246 70 98 3.9
246 80 137 3.5
246 90 172 2.7
247 0 0 1.4
247 10 14 0.9
247 20 23 1.1
247 30 34 0.6
247 40 40 1.1
247 50 51 2.7
247 60 78 2
247 70 98 3.9
247 80 137 3.5
247 90 172 2.7
248 0 0 1.4
248 10 14 0.9
248 20 23 1.1
248 30 34 0.6
248 40 40 1.1
248 50 51 2.7
248 60 78 2
248 70 98 3.9
248 80 137 3.5
248 90 172 2.7
249 0 0 1.4
249 10 14 0.9
249 20 23 1.1
249 30 34 0.6
249 40 40 1.1
249 50 51 2.7
249 60 78 2
249 70 98 3.9
249 80 137 3.5
249 90 172 2.7
250 0 0 1.4
250 10 14 0.9
250 20 23 1.1
250 30 34 0.6
250 40 40 1.1
250 50 51 2.7
250 60 78 2
250 70 98 3.9
250 80 137 3.5
250 90 172 2.7
251 0 0 1.4
251 10 14 0.9
251 20 23 1.1
251 30 34 0.6
251 40 40 1.1
251 50 51 2.7
251 60 78 2
251 70 98 3.9
251 80 137 3.5
251 90 172 2.7
252 0 0 1.4
252 10 14 0.9
252 20 23 1.1
252 30 34 0.6
252 40 40 1.1
252 50 51 2.7
252 60 78 2
252 70 98 3.9
252 80 137 3.5
252 90 172 2.7
253 0 0 1.4
253 10 14 0.9
253 20 23 1.1
253 30 34 0.6
253 40 40 1.1
253 50 51 2.7
253 60 78 2
253 70 98 3.9
253 80 137 3.5
253 90 172 2.7
254 0 0 1.4
254 10 14 0.9
254 20 23 1.1
254 30 34 0.6
254 40 40 1.1
254 50 51 2.7
254 60 78 2
254 70 98 3.9
254 80 137 3.5
254 90 172 2.7
255 0 0 1.4
255 10 14 0.9
255 20 23 1.1
255 30 34 0.6
255 40 40 1.1
255 50 51 2.7
255 60 78 2
255 70 98 3.9
255 80 137 3.5
255 90 172 2.7
256 0 0 1.4
256 10 14 0.9
256 20 23 1.1
256 30 34 0.6
256 40 40 1.1
256 50 51 2.7
256 60 78 2
256 70 98 3.9
256 80 137 3.5
256 90 172 2.7
257 0 0 1.4
257 10 14 0.9
257 20 23 1.1
257 30 34 0.6
257 40 40 1.1
257 50 51 2.7
257 60 78 2
257 70 98 3.9
257 80 137 3.5
257 90 172 2.7
258 0 0 1.4
258 10 14 0.9
258 20 23 1.1
258 30 34 0.6
258 40 40 1.1
258 50 51 2.7
258 60 78 2
258 70 98 3.9
258 80 137 3.5
258 90 172 2.7
259 0 0 1.4
259 10 14 0.9
259 20 23 1.1
259 30 34 0.6
259 40 40 1.1
259 50 51 2.7
259 60 78 2
259 70 98 3.9
259 80 137 3.5
259 90 172 2.7
260 0 0 1.4
260 10 14 0.9
260 20 23 1.1
260 30 34 0.6
260 40 40 1.1
260 50 51 2.7
260 60 78 2
260 70 98 3.9
260 80 137 3.5
260 90 172 2.7
261 0 0 1.4
261 10 14 0.9
261 20 23 1.1
261 30 34 0.6
261 40 40 1.1
261 50 51 2.7
261 60 78 2
261 70 98 3.9
261 80 137 3.5
261 90 172 2.7
262 0 0 1.4
262 10 14 0.9
262 20 23 1.1
262 30 34 0.6
262 40 40 1.1
262 50 51 2.7
262 60 78 2
262 70 98 3.9
262 80 137 3.5
262 90 172 2.7
263 0 0 1.4
263 10 14 0.9
263 20 23 1.1
263 30 34 0.6
263 40 40 1.1
263 50 51 2.7
263 60 78 2
263 70 98 3.9
263 80 137 3.5
263 90 172 2.7
264 0 0 1.4
264 10 14 0.9
264 20 23 1.1
264 30 34 0.6
264 40 40 1.1
264 50 51 2.7
264 60 78 2
264 70 98 3.9
264 80 137 3.5
264 90 172 2.7
265 0 0 1.4
265 10 14 0.9
265 20 23 1.1
265 30 34 0.6
265 40 40 1.1
265 50 51 2.7
265 60 78 2
265 70 98 3.9
265 80 137 3.5
265 90 172 2.7
266 0 0 1.4
266 10 14 0.9
266 20 23 1.1
266 30 34 0.6
266 40 40 1.1
266 50 51 2.7
266 60 78 2
266 70 98 3.9
266 80 137 3.5
266 90 172 2.7
267 0 0 1.4
267 10 14 0.9
267 20 23 1.1
267 30 34 0.6
267 40 40 1.1
267 50 51 2.7
267 60 78 2
267 70 98 3.9
267 80 137 3.5
267 90 172 2.7
268 0 0 1.4
268 10 14 0.9
268 20 23 1.1
268 30 34 0.6
268 40 40 1.1
268 50 51 2.7
268 60 78 2
268 70 98 3.9
268 80 137 3.5
268 90 172 2.7
269 0 0 1.4
269 10 14 0.9
269 20 23 1.1
269 30 34 0.6
269 40 40 1.1
269 50 51 2.7
269 60 78 2
269 70 98 3.9
269 80 137 3.5
269 90 172 2.7
270 0 0 1.4
270 10 14 0.9
270 20 23 1.1
270 30 34 0.6
270 40 40 1.1
270 50 51 2.7
270 60 78 2
270 70 98 3.9
270 80 137 3.5
270 90 172 2.7
271 0 0 1.4
271 10 14 0.9
271 20 23 1.1
271 30 34 0.6
271 40 40 1.1
271 50 51 2.7
271 60 78 2
271 70 98 3.9
271 80 137 3.5
271 90 172 2.7
272 0 0 1.4
272 10 14 0.9
272 20 23 1.1
272 30 34 0.6
272 40 40 1.1
272 50 51 2.7
272 60 78 2
272 70 98 3.9
272 80 137 3.5
272 90 172 2.7
273 0 0 1.4
273 10 14 0.9
273 20 23 1.1
273 30 34 0.6
273 40 40 1.1
273 50 51 2.7
273 60 78 2
273 70 98 3.9
273 80 137 3.5
273 90 172 2.7
274 0 0 1.4
274 10 14 0.9
274 20 23 1.1
274 30 34 0.6
274 40 40 1.1
274 50 51 2.7
274 60 78 2
274 70 98 3.9
274 80 137 3.5
274 90 172 2.7
275 0 0 1.4
275 10 14 0.9
275 20 23 1.1
275 30 34 0.6
275 40 40 1.1
275 50 51 2.7
275 60 78 2
275 70 98 3.9
275 80 137 3.5
275 90 172 2.7
276 0 0 1.4
276 10 14 0.9
276 20 23 1.1
276 30 34 0.6
276 40 40 1.1
276 50 51 2.7
276 60 78 2
276 70 98 3.9
276 80 137 3.5
276 90 172 2.7
277 0 0 1.4
277 10 14 0.9
277 20 23 1.1
277 30 34 0.6
277 40 40 1.1
277 50 51 2.7
277 60 78 2
277 70 98 3.9
277 80 137 3.5
277 90 172 2.7
278 0 0 1.4
278 10 14 0.9
278 20 23 1.1
278 30 34 0.6
278 40 40 1.1
278 50 51 2.7
278 60 78 2
278 70 98 3.9
278 80 137 3.5
278 90 172 2.7
279 0 0 1.4
279 10 14 0.9
279 20 23 1.1
279 30 34 0.6
279 40 40 1.1
279 50 51 2.7
279 60 78 2
279 70 98 3.9
279 80 137 3.5
279 90 172 2.7
280 0 0 1.4
280 10 14 0.9
280 20 23 1.1
280 30 34 0.6
280 40 40 1.1
280 50 51 2.7
280 60 78 2
280 70 98 3.9
280 80 137 3.5
280 90 172 2.7
281 0 0 1.4
281 10 14 0.9
281 20 23 1.1
281 30 34 0.6
281 40 40 1.1
281 50 51 2.7
281 60 78 2
281 70 98 3.9
281 80 137 3.5
281 90 172 2.7
282 0 0 1.4
282 10 14 0.9
282 20 23 1.1
282 30 34 0.6
282 40 40 1.1
282 50 51 2.7
282 60 78 2
282 70 98 3.9
282 80 137 3.5
282 90 172 2.7
283 0 0 1.4
283 10 14 0.9
283 20 23 1.1
283 30 34 0.6
283 40 40 1.1
283 50 51 2.7
283 60 78 2
283 70 98 3.9
283 80 137 3.5
283 90 172 2.7
284 0 0 1.4
284 10 14 0.9
284 20 23 1.1
284 30 34 0.6
284 40 40 1.1
284 50 51 2.7
284 60 78 2
284 70 98 3.9
284 80 137 3.5
284 90 172 2.7
285 0 0 1.4
285 10 14 0.9
285 20 23 1.1
285 30 34 0.6
285 40 40 1.1
285 50 51 2.7
285 60 78 2
285 70 98 3.9
285 80 137 3.5
285 90 172 2.7
286 0 0 1.4
286 10 14 0.9
286 20 23 1.1
286 30 34 0.6
286 40 40 1.1
286 50 51 2.7
286 60 78 2
286 70 98 3.9
286 80 137 3.5
286 90 172 2.7
287 0 0 1.4
287 10 14 0.9
287 20 23 1.1
287 30 34 0.6
287 40 40 1.1
287 50 51 2.7
287 60 78 2
287 70 98 3.9
287 80 137 3.5
287 90 172 2.7
288 0 0 1.4
288 10 14 0.9
288 20 23 1.1
288 30 34 0.6
288 40 40 1.1
288 50 51 2.7
288 60 78 2
288 70 98 3.9
288 80 137 3.5
288 90 172 2.7
289 0 0 1.4
289 10 14 0.9
289 20 23 1.1
289 30 34 0.6
289 40 40 1.1
289 50 51 2.7
289 60 78 2
289 70 98 3.9
289 80 137 3.5
289 90 172 2.7
290 0 0 1.4
290 10 14 0.9
290 20 23 1.1
290 30 34 0.6
290 40 40 1.1
290 50 51 2.7
290 60 78 2
290 70 98 3.9
290 80 137 3.5
290 90 172 2.7
291 0 0 1.4
291 10 14 0.9
291 20 23 1.1
291 30 34 0.6
291 40 40 1.1
291 50 51 2.7
291 60 78 2
291 70 98 3.9
291 80 137 3.5
291 90 172 2.7
292 0 0 1.4
292 10 14 0.9
292 20 23 1.1
292 30 34 0.6
292 40 40 1.1
292 50 51 2.7
292 60 78 2
292 70 98 3.9
292 80 137 3.5
292 90 172 2.7
293 0 0 1.4
293 10 14 0.9
293 20 23 1.1
293 30 34 0.6
293 40 40 1.1
293 50 51 2.7
293 60 78 2
293 70 98 3.9
293 80 137 3.5
293 90 172 2.7
294 0 0 1.4
294 10 14 0.9
294 20 23 1.1
294 30 34 0.6
294 40 40 1.1
294 50 51 2.7
294 60 78 2
294 70 98 3.9
294 80 137 3.5
294 90 172 2.7
295 0 0 1.4
295 10 14 0.9
295 20 23 1.1
295 30 34 0.6
295 40 40 1.1
295 50 51 2.7
295 60 78 2
295 70 98 3.9
295 80 137 3.5
295 90 172 2.7
296 0 0 1.4
296 10 14 0.9
296 20 23 1.1
296 30 34 0.6
296 40 40 1.1
296 50 51 2.7
296 60 78 2
296 70 98 3.9
296 80 137 3.5
296 90 172 2.7
297 0 0 1.4
297 10 14 0.9
297 20 23 1.1
297 30 34 0.6
297 40 40 1.1
297 50 51 2.7
297 60 78 2
297 70 98 3.9
297 80 137 3.5
297 90 172 2.7
298 0 0 1.4
298 10 14 0.9
298 20 23 1.1
298 30 34 0.6
298 40 40 1.1
298 50 51 2.7
298 60 78 2
298 70 98 3.9
298 80 137 3.5
298 90 172 2.7
299 0 0 1.4
299 10 14 0.9
299 20 23 1.1
299 30 34 0.6
299 40 40 1.1
299 50 51 2.7
299 60 78 2
299 70 98 3.9
299 80 137 3.5
299 90 172 2.7
300 0 0 1.4
300 10 14 0.9
300 20 23 1.1
300 30 34 0.6
300 40 40 1.1
300 50 51 2.7
300 60 78 2
300 70 98 3.9
300 80 137 3.5
300 90 172 2.7
301 0 0 1.4
301 10 14 0.9
301 20 23 1.1
301 30 34 0.6
301 40 40 1.1
301 50 51 2.7
301 60 78 2
301 70 98 3.9
301 80 137 3.5
301 90 172 2.7
302 0 0 1.4
302 10 14 0.9
302 20 23 1.1
302 30 34 0.6
302 40 40 1.1
302 50 51 2.7
302 60 78 2
302 70 98 3.9
302 80 137 3.5
302 90 172 2.7
303 0 0 1.4
303 10 14 0.9
303 20 23 1.1
303 30 34 0.6
303 40 40 1.1
303 50 51 2.7
303 60 78 2
303 70 98 3.9
303 80 137 3.5
303 90 172 2.7
304 0 0 1.4
304 10 14 0.9
304 20 23 1.1
304 30 34 0.6
304 40 40 1.1
304 50 51 2.7
304 60 78 2
304 70 98 3.9
304 80 137 3.5
304 90 172 2.7
305 0 0 1.4
305 10 14 0.9
305 20 23 1.1
305 30 34 0.6
305 40 40 1.1
305 50 51 2.7
305 60 78 2
305 70 98 3.9
305 80 137 3.5
305 90 172 2.7
306 0 0 1.4
306 10 14 0.9
306 20 23 1.1
306 30 34 0.6
306 40 40 1.1
306 50 51 2.7
306 60 78 2
306 70 98 3.9
306 80 137 3.5
306 90 172 2.7
307 0 0 1.4
307 10 14 0.9
307 20 23 1.1
307 30 34 0.6
307 40 40 1.1
307 50 51 2.7
307 60 78 2
307 70 98 3.9
307 80 137 3.5
307 90 172 2.7
308 0 0 1.4
308 10 14 0.9
308 20 23 1.1
308 30 34 0.6
308 40 40 1.1
308 50 51 2.7
308 60 78 2
308 70 98 3.9
308 80 137 3.5
308 90 172 2.7
309 0 0 1.4
309 10 14 0.9
309 20 23 1.1
309 30 34 0.6
309 40 40 1.1
309 50 51 2.7
309 60 78 2
309 70 98 3.9
309 80 137 3.5
309 90 172 2.7
310 0 0 1.4
310 10 14 0.9
310 20 23 1.1
310 30 34 0.6
310 40 40 1.1
310 50 51 2.7
310 60 78 2
310 70 98 3.9
310 80 137 3.5
310 90 172 2.7
311 0 0 1.4
311 10 14 0.9
311 20 23 1.1
311 30 34 0.6
311 40 40 1.1
311 50 51 2.7
311 60 78 2
311 70 98 3.9
311 80 137 3.5
311 90 172 2.7
312 0 0 1.4
312 10 14 0.9
312 20 23 1.1
312 30 34 0.6
312 40 40 1.1
312 50 51 2.7
312 60 78 2
312 70 98 3.9
312 80 137 3.5
312 90 172 2.7
313 0 0 1.4
313 10 14 0.9
313 20 23 1.1
313 30 34 0.6
313 40 40 1.1
313 50 51 2.7
313 60 78 2
313 70 98 3.9
313 80 137 3.5
313 90 172 2.7
314 0 0 1.4
314 10 14 0.9
314 20 23 1.1
314 30 34 0.6
314 40 40 1.1
314 50 51 2.7
314 60 78 2
314 70 98 3.9
314 80 137 3.5
314 90 172 2.7
315 0 0 1.4
315 10 14 0.9
315 20 23 1.1
315 30 34 0.6
315 40 40 1.1
315 50 51 2.7
315 60 78 2
315 70 98 3.9
315 80 137 3.5
315 90 172 2.7
316 0 0 1.4
316 10 14 0.9
316 20 23 1.1
316 30 34 0.6
316 40 40 1.1
316 50 51 2.7
316 60 78 2
316 70 98 3.9
316 80 137 3.5
316 90 172 2.7
317 0 0 1.4
317 10 14 0.9
317 20 23 1.1
317 30 34 0.6
317 40 40 1.1
317 50 51 2.7
317 60 78 2
317 70 98 3.9
317 80 137 3.5
317 90 172 2.7
318 0 0 1.4
318 10 14 0.9
318 20 23 1.1
318 30 34 0.6
318 40 40 1.1
318 50 51 2.7
318 60 78 2
318 70 98 3.9
318 80 137 3.5
318 90 172 2.7
319 0 0 1.4
319 10 14 0.9
319 20 23 1.1
319 30 34 0.6
319 40 40 1.1
319 50 51 2.7
319 60 78 2
319 70 98 3.9
319 80 137 3.5
319 90 172 2.7
320 0 0 1.4
320 10 14 0.9
320 20 23 1.1
320 30 34 0.6
320 40 40 1.1
320 50 51 2.7
320 60 78 2
320 70 98 3.9
320 80 137 3.5
320 90 172 2.7
321 0 0 1.4
321 10 14 0.9
321 20 23 1.1
321 30 34 0.6
321 40 40 1.1
321 50 51 2.7
321 60 78 2
321 70 98 3.9
321 80 137 3.5
321 90 172 2.7
322 0 0 1.4
322 10 14 0.9
322 20 23 1.1
322 30 34 0.6
322 40 40 1.1
322 50 51 2.7
322 60 78 2
322 70 98 3.9
322 80 137 3.5
322 90 172 2.7
323 0 0 1.4
323 10 14 0.9
323 20 23 1.1
323 30 34 0.6
323 40 40 1.1
323 50 51 2.7
323 60 78 2
323 70 98 3.9
323 80 137 3.5
323 90 172 2.7
324 0 0 1.4
324 10 14 0.9
324 20 23 1.1
324 30 34 0.6
324 40 40 1.1
324 50 51 2.7
324 60 78 2
324 70 98 3.9
324 80 137 3.5
324 90 172 2.7
325 0 0 1.4
325 10 14 0.9
325 20 23 1.1
325 30 34 0.6
325 40 40 1.1
325 50 51 2.7
325 60 78 2
325 70 98 3.9
325 80 137 3.5
325 90 172 2.7
326 0 0 1.4
326 10 14 0.9
326 20 23 1.1
326 30 34 0.6
326 40 40 1.1
326 50 51 2.7
326 60 78 2
326 70 98 3.9
326 80 137 3.5
326 90 172 2.7
327 0 0 1.4
327 10 14 0.9
327 20 23 1.1
327 30 34 0.6
327 40 40 1.1
327 50 51 2.7
327 60 78 2
327 70 98 3.9
327 80 137 3.5
327 90 172 2.7
328 0 0 1.4
328 10 14 0.9
328 20 23 1.1
328 30 34 0.6
328 40 40 1.1
328 50 51 2.7
328 60 78 2
328 70 98 3.9
328 80 137 3.5
328 90 172 2.7
329 0 0 1.4
329 10 14 0.9
329 20 23 1.1
329 30 34 0.6
329 40 40 1.1
329 50 51 2.7
329 60 78 2
329 70 98 3.9
329 80 137 3.5
329 90 172 2.7
330 0 0 1.4
330 10 14 0.9
330 20 23 1.1
330 30 34 0.6
330 40 40 1.1
330 50 51 2.7
330 60 78 2
330 70 98 3.9
330 80 137 3.5
330 90 172 2.7
331 0 0 1.4
331 10 14 0.9
331 20 23 1.1
331 30 34 0.6
331 40 40 1.1
331 50 51 2.7
331 60 78 2
331 70 98 3.9
331 80 137 3.5
331 90 172 2.7
332 0 0 1.4
332 10 14 0.9
332 20 23 1.1
332 30 34 0.6
332 40 40 1.1
332 50 51 2.7
332 60 78 2
332 70 98 3.9
332 80 137 3.5
332 90 172 2.7
333 0 0 1.4
333 10 14 0.9
333 20 23 1.1
333 30 34 0.6
333 40 40 1.1
333 50 51 2.7
333 60 78 2
333 70 98 3.9
333 80 137 3.5
333 90 172 2.7
334 0 0 1.4
334 10 14 0.9
334 20 23 1.1
334 30 34 0.6
334 40 40 1.1
334 50 51 2.7
334 60 78 2
334 70 98 3.9
334 80 137 3.5
334 90 172 2.7
335 0 0 1.4
335 10 14 0.9
335 20 23 1.1
335 30 34 0.6
335 40 40 1.1
335 50 51 2.7
335 60 78 2
335 70 98 3.9
335 80 137 3.5
335 90 172 2.7
336 0 0 1.4
336 10 14 0.9
336 20 23 1.1
336 30 34 0.6
336 40 40 1.1
336 50 51 2.7
336 60 78 2
336 70 98 3.9
336 80 137 3.5
336 90 172 2.7
337 0 0 1.4
337 10 14 0.9
337 20 23 1.1
337 30 34 0.6
337 40 40 1.1
337 50 51 2.7
337 60 78 2
337 70 98 3.9
337 80 137 3.5
337 90 172 2.7
338 0 0 1.4
338 10 14 0.9
338 20 23 1.1
338 30 34 0.6
338 40 40 1.1
338 50 51 2.7
338 60 78 2
338 70 98 3.9
338 80 137 3.5
338 90 172 2.7
339 0 0 1.4
339 10 14 0.9
339 20 23 1.1
339 30 34 0.6
339 40 40 1.1
339 50 51 2.7
339 60 78 2
339 70 98 3.9
339 80 137 3.5
339 90 172 2.7
340 0 0 1.4
340 10 14 0.9
340 20 23 1.1
340 30 34 0.6
340 40 40 1.1
340 50 51 2.7
340 60 78 2
340 70 98 3.9
340 80 137 3.5
340 90 172 2.7
341 0 0 1.4
341 10 14 0.9
341 20 23 1.1
341 30 34 0.6
341 40 40 1.1
341 50 51 2.7
341 60 78 2
341 70 98 3.9
341 80 137 3.5
341 90 172 2.7
342 0 0 1.4
342 10 14 0.9
342 20 23 1.1
342 30 34 0.6
342 40 40 1.1
342 50 51 2.7
342 60 78 2
342 70 98 3.9
342 80 137 3.5
342 90 172 2.7
343 0 0 1.4
343 10 14 0.9
343 20 23 1.1
343 30 34 0.6
343 40 40 1.1
343 50 51 2.7
343 60 78 2
343 70 98 3.9
343 80 137 3.5
343 90 172 2.7
344 0 0 1.4
344 10 14 0.9
344 20 23 1.1
344 30 34 0.6
344 40 40 1.1
344 50 51 2.7
344 60 78 2
344 70 98 3.9
344 80 137 3.5
344 90 172 2.7
345 0 0 1.4
345 10 14 0.9
345 20 23 1.1
345 30 34 0.6
345 40 40 1.1
345 50 51 2.7
345 60 78 2
345 70 98 3.9
345 80 137 3.5
345 90 172 2.7
346 0 0 1.4
346 10 14 0.9
346 20 23 1.1
346 30 34 0.6
346 40 40 1.1
346 50 51 2.7
346 60 78 2
346 70 98 3.9
346 80 137 3.5
346 90 172 2.7
347 0 0 1.4
347 10 14 0.9
347 20 23 1.1
347 30 34 0.6
347 40 40 1.1
347 50 51 2.7
347 60 78 2
347 70 98 3.9
347 80 137 3.5
347 90 172 2.7
348 0 0 1.4
348 10 14 0.9
348 20 23 1.1
348 30 34 0.6
348 40 40 1.1
348 50 51 2.7
348 60 78 2
348 70 98 3.9
348 80 137 3.5
348 90 172 2.7
349 0 0 1.4
349 10 14 0.9
349 20 23 1.1
349 30 34 0.6
349 40 40 1.1
349 50 51 2.7
349 60 78 2
349 70 98 3.9
349 80 137 3.5
349 90 172 2.7
350 0 0 1.4
350 10 14 0.9
350 20 23 1.1
350 30 34 0.6
350 40 40 1.1
350 50 51 2.7
350 60 78 2
350 70 98 3.9
350 80 137 3.5
350 90 172 2.7
351 0 0 1.4
351 10 14 0.9
351 20 23 1.1
351 30 34 0.6
351 40 40 1.1
351 50 51 2.7
351 60 78 2
351 70 98 3.9
351 80 137 3.5
351 90 172 2.7
352 0 0 1.4
352 10 14 0.9
352 20 23 1.1
352 30 34 0.6
352 40 40 1.1
352 50 51 2.7
352 60 78 2
352 70 98 3.9
352 80 137 3.5
352 90 172 2.7
353 0 0 1.4
353 10 14 0.9
353 20 23 1.1
353 30 34 0.6
353 40 40 1.1
353 50 51 2.7
353 60 78 2
353 70 98 3.9
353 80 137 3.5
353 90 172 2.7
354 0 0 1.4
354 10 14 0.9
354 20 23 1.1
354 30 34 0.6
354 40 40 1.1
354 50 51 2.7
354 60 78 2
354 70 98 3.9
354 80 137 3.5
354 90 172 2.7
355 0 0 1.4
355 10 14 0.9
355 20 23 1.1
355 30 34 0.6
355 40 40 1.1
355 50 51 2.7
355 60 78 2
355 70 98 3.9
355 80 137 3.5
355 90 172 2.7
356 0 0 1.4
356 10 14 0.9
356 20 23 1.1
356 30 34 0.6
356 40 40 1.1
356 50 51 2.7
356 60 78 2
356 70 98 3.9
356 80 137 3.5
356 90 172 2.7
357 0 0 1.4
357 10 14 0.9
357 20 23 1.1
357 30 34 0.6
357 40 40 1.1
357 50 51 2.7
357 60 78 2
357 70 98 3.9
357 80 137 3.5
357 90 172 2.7
358 0 0 1.4
358 10 14 0.9
358 20 23 1.1
358 30 34 0.6
358 40 40 1.1
358 50 51 2.7
358 60 78 2
358 70 98 3.9
358 80 137 3.5
358 90 172 2.7
359 0 0 1.4
359 10 14 0.9
359 20 23 1.1
359 30 34 0.6
359 40 40 1.1
359 50 51 2.7
359 60 78 2
359 70 98 3.9
359 80 137 3.5
359 90 172 2.7
360 0 0 1.4
360 10 14 0.9
360 20 23 1.1
360 30 34 0.6
360 40 40 1.1
360 50 51 2.7
360 60 78 2
360 70 98 3.9
360 80 137 3.5
360 90 172 2.7
361 0 0 1.4
361 10 14 0.9
361 20 23 1.1
361 30 34 0.6
361 40 40 1.1
361 50 51 2.7
361 60 78 2
361 70 98 3.9
361 80 137 3.5
361 90 172 2.7
362 0 0 1.4
362 10 14 0.9
362 20 23 1.1
362 30 34 0.6
362 40 40 1.1
362 50 51 2.7
362 60 78 2
362 70 98 3.9
362 80 137 3.5
362 90 172 2.7
363 0 0 1.4
363 10 14 0.9
363 20 23 1.1
363 30 34 0.6
363 40 40 1.1
363 50 51 2.7
363 60 78 2
363 70 98 3.9
363 80 137 3.5
363 90 172 2.7
364 0 0 1.4
364 10 14 0.9
364 20 23 1.1
364 30 34 0.6
364 40 40 1.1
364 50 51 2.7
364 60 78 2
364 70 98 3.9
364 80 137 3.5
364 90 172 2.7
365 0 0 1.4
365 10 14 0.9
365 20 23 1.1
365 30 34 0.6
365 40 40 1.1
365 50 51 2.7
365 60 78 2
365 70 98 3.9
365 80 137 3.5
365 90 172 2.7
366 0 0 1.4
366 10 14 0.9
366 20 23 1.1
366 30 34 0.6
366 40 40 1.1
366 50 51 2.7
366 60 78 2
366 70 98 3.9
366 80 137 3.5
366 90 172 2.7
367 0 0 1.4
367 10 14 0.9
367 20 23 1.1
367 30 34 0.6
367 40 40 1.1
367 50 51 2.7
367 60 78 2
367 70 98 3.9
367 80 137 3.5
367 90 172 2.7
368 0 0 1.4
368 10 14 0.9
368 20 23 1.1
368 30 34 0.6
368 40 40 1.1
368 50 51 2.7
368 60 78 2
368 70 98 3.9
368 80 137 3.5
368 90 172 2.7
369 0 0 1.4
369 10 14 0.9
369 20 23 1.1
369 30 34 0.6
369 40 40 1.1
369 50 51 2.7
369 60 78 2
369 70 98 3.9
369 80 137 3.5
369 90 172 2.7
370 0 0 1.4
370 10 14 0.9
370 20 23 1.1
370 30 34 0.6
370 40 40 1.1
370 50 51 2.7
370 60 78 2
370 70 98 3.9
370 80 137 3.5
370 90 172 2.7
371 0 0 1.4
371 10 14 0.9
371 20 23 1.1
371 30 34 0.6
371 40 40 1.1
371 50 51 2.7
371 60 78 2
371 70 98 3.9
371 80 137 3.5
371 90 172 2.7
372 0 0 1.4
372 10 14 0.9
372 20 23 1.1
372 30 34 0.6
372 40 40 1.1
372 50 51 2.7
372 60 78 2
372 70 98 3.9
372 80 137 3.5
372 90 172 2.7
373 0 0 1.4
373 10 14 0.9
373 20 23 1.1
373 30 34 0.6
373 40 40 1.1
373 50 51 2.7
373 60 78 2
373 70 98 3.9
373 80 137 3.5
373 90 172 2.7
374 0 0 1.4
374 10 14 0.9
374 20 23 1.1
374 30 34 0.6
374 40 40 1.1
374 50 51 2.7
374 60 78 2
374 70 98 3.9
374 80 137 3.5
374 90 172 2.7
375 0 0 1.4
375 10 14 0.9
375 20 23 1.1
375 30 34 0.6
375 40 40 1.1
375 50 51 2.7
375 60 78 2
375 70 98 3.9
375 80 137 3.5
375 90 172 2.7
376 0 0 1.4
376 10 14 0.9
376 20 23 1.1
376 30 34 0.6
376 40 40 1.1
376 50 51 2.7
376 60 78 2
376 70 98 3.9
376 80 137 3.5
376 90 172 2.7
377 0 0 1.4
377 10 14 0.9
377 20 23 1.1
377 30 34 0.6
377 40 40 1.1
377 50 51 2.7
377 60 78 2
377 70 98 3.9
377 80 137 3.5
377 90 172 2.7
378 0 0 1.4
378 10 14 0.9
378 20 23 1.1
378 30 34 0.6
378 40 40 1.1
378 50 51 2.7
378 60 78 2
378 70 98 3.9
378 80 137 3.5
378 90 172 2.7
379 0 0 1.4
379 10 14 0.9
379 20 23 1.1
379 30 34 0.6
379 40 40 1.1
379 50 51 2.7
379 60 78 2
379 70 98 3.9
379 80 137 3.5
379 90 172 2.7
380 0 0 1.4
380 10 14 0.9
380 20 23 1.1
380 30 34 0.6
380 40 40 1.1
380 50 51 2.7
380 60 78 2
380 70 98 3.9
380 80 137 3.5
380 90 172 2.7
381 0 0 1.4
381 10 14 0.9
381 20 23 1.1
381 30 34 0.6
381 40 40 1.1
381 50 51 2.7
381 60 78 2
381 70 98 3.9
381 80 137 3.5
381 90 172 2.7
382 0 0 1.4
382 10 14 0.9
382 20 23 1.1
382 30 34 0.6
382 40 40 1.1
382 50 51 2.7
382 60 78 2
382 70 98 3.9
382 80 137 3.5
382 90 172 2.7
383 0 0 1.4
383 10 14 0.9
383 20 23 1.1
383 30 34 0.6
383 40 40 1.1
383 50 51 2.7
383 60 78 2
383 70 98 3.9
383 80 137 3.5
383 90 172 2.7
384 0 0 1.4
384 10 14 0.9
384 20 23 1.1
384 30 34 0.6
384 40 40 1.1
384 50 51 2.7
384 60 78 2
384 70 98 3.9
384 80 137 3.5
384 90 172 2.7
385 0 0 1.4
385 10 14 0.9
385 20 23 1.1
385 30 34 0.6
385 40 40 1.1
385 50 51 2.7
385 60 78 2
385 70 98 3.9
385 80 137 3.5
385 90 172 2.7
386 0 0 1.4
386 10 14 0.9
386 20 23 1.1
386 30 34 0.6
386 40 40 1.1
386 50 51 2.7
386 60 78 2
386 70 98 3.9
386 80 137 3.5
386 90 172 2.7
387 0 0 1.4
387 10 14 0.9
387 20 23 1.1
387 30 34 0.6
387 40 40 1.1
387 50 51 2.7
387 60 78 2
387 70 98 3.9
387 80 137 3.5
387 90 172 2.7
388 0 0 1.4
388 10 14 0.9
388 20 23 1.1
388 30 34 0.6
388 40 40 1.1
388 50 51 2.7
388 60 78 2
388 70 98 3.9
388 80 137 3.5
388 90 172 2.7
389 0 0 1.4
389 10 14 0.9
389 20 23 1.1
389 30 34 0.6
389 40 40 1.1
389 50 51 2.7
389 60 78 2
389 70 98 3.9
389 80 137 3.5
389 90 172 2.7
390 0 0 1.4
390 10 14 0.9
390 20 23 1.1
390 30 34 0.6
390 40 40 1.1
390 50 51 2.7
390 60 78 2
390 70 98 3.9
390 80 137 3.5
390 90 172 2.7
391 0 0 1.4
391 10 14 0.9
391 20 23 1.1
391 30 34 0.6
391 40 40 1.1
391 50 51 2.7
391 60 78 2
391 70 98 3.9
391 80 137 3.5
391 90 172 2.7
392 0 0 1.4
392 10 14 0.9
392 20 23 1.1
392 30 34 0.6
392 40 40 1.1
392 50 51 2.7
392 60 78 2
392 70 98 3.9
392 80 137 3.5
392 90 172 2.7
393 0 0 1.4
393 10 14 0.9
393 20 23 1.1
393 30 34 0.6
393 40 40 1.1
393 50 51 2.7
393 60 78 2
393 70 98 3.9
393 80 137 3.5
393 90 172 2.7
394 0 0 1.4
394 10 14 0.9
394 20 23 1.1
394 30 34 0.6
394 40 40 1.1
394 50 51 2.7
394 60 78 2
394 70 98 3.9
394 80 137 3.5
394 90 172 2.7
395 0 0 1.4
395 10 14 0.9
395 20 23 1.1
395 30 34 0.6
395 40 40 1.1
395 50 51 2.7
395 60 78 2
395 70 98 3.9
395 80 137 3.5
395 90 172 2.7
396 0 0 1.4
396 10 14 0.9
396 20 23 1.1
396 30 34 0.6
396 40 40 1.1
396 50 51 2.7
396 60 78 2
396 70 98 3.9
396 80 137 3.5
396 90 172 2.7
397 0 0 1.4
397 10 14 0.9
397 20 23 1.1
397 30 34 0.6
397 40 40 1.1
397 50 51 2.7
397 60 78 2
397 70 98 3.9
397 80 137 3.5
397 90 172 2.7
398 0 0 1.4
398 10 14 0.9
398 20 23 1.1
398 30 34 0.6
398 40 40 1.1
398 50 51 2.7
398 60 78 2
398 70 98 3.9
398 80 137 3.5
398 90 172 2.7
399 0 0 1.4
399 10 14 0.9
399 20 23 1.1
399 30 34 0.6
399 40 40 1.1
399 50 51 2.7
399 60 78 2
399 70 98 3.9
399 80 137 3.5
399 90 172 2.7
400 0 0 1.4
400 10 14 0.9
400 20 23 1.1
400 30 34 0.6
400 40 40 1.1
400 50 51 2.7
400 60 78 2
400 70 98 3.9
400 80 137 3.5
400 90 172 2.7
401 0 0 1.4
401 10 14 0.9
401 20 23 1.1
401 30 34 0.6
401 40 40 1.1
401 50 51 2.7
401 60 78 2
401 70 98 3.9
401 80 137 3.5
401 90 172 2.7
402 0 0 1.4
402 10 14 0.9
402 20 23 1.1
402 30 34 0.6
402 40 40 1.1
402 50 51 2.7
402 60 78 2
402 70 98 3.9
402 80 137 3.5
402 90 172 2.7
403 0 0 1.4
403 10 14 0.9
403 20 23 1.1
403 30 34 0.6
403 40 40 1.1
403 50 51 2.7
403 60 78 2
403 70 98 3.9
403 80 137 3.5
403 90 172 2.7
404 0 0 1.4
404 10 14 0.9
404 20 23 1.1
404 30 34 0.6
404 40 40 1.1
404 50 51 2.7
404 60 78 2
404 70 98 3.9
404 80 137 3.5
404 90 172 2.7
405 0 0 1.4
405 10 14 0.9
405 20 23 1.1
405 30 34 0.6
405 40 40 1.1
405 50 51 2.7
405 60 78 2
405 70 98 3.9
405 80 137 3.5
405 90 172 2.7
406 0 0 1.4
406 10 14 0.9
406 20 23 1.1
406 30 34 0.6
406 40 40 1.1
406 50 51 2.7
406 60 78 2
406 70 98 3.9
406 80 137 3.5
406 90 172 2.7
407 0 0 1.4
407 10 14 0.9
407 20 23 1.1
407 30 34 0.6
407 40 40 1.1
407 50 51 2.7
407 60 78 2
407 70 98 3.9
407 80 137 3.5
407 90 172 2.7
408 0 0 1.4
408 10 14 0.9
408 20 23 1.1
408 30 34 0.6
408 40 40 1.1
408 50 51 2.7
408 60 78 2
408 70 98 3.9
408 80 137 3.5
408 90 172 2.7
409 0 0 1.4
409 10 14 0.9
409 20 23 1.1
409 30 34 0.6
409 40 40 1.1
409 50 51 2.7
409 60 78 2
409 70 98 3.9
409 80 137 3.5
409 90 172 2.7
410 0 0 1.4
410 10 14 0.9
410 20 23 1.1
410 30 34 0.6
410 40 40 1.1
410 50 51 2.7
410 60 78 2
410 70 98 3.9
410 80 137 3.5
410 90 172 2.7
411 0 0 1.4
411 10 14 0.9
411 20 23 1.1
411 30 34 0.6
411 40 40 1.1
411 50 51 2.7
411 60 78 2
411 70 98 3.9
411 80 137 3.5
411 90 172 2.7
412 0 0 1.4
412 10 14 0.9
412 20 23 1.1
412 30 34 0.6
412 40 40 1.1
412 50 51 2.7
412 60 78 2
412 70 98 3.9
412 80 137 3.5
412 90 172 2.7
413 0 0 1.4
413 10 14 0.9
413 20 23 1.1
413 30 34 0.6
413 40 40 1.1
413 50 51 2.7
413 60 78 2
413 70 98 3.9
413 80 137 3.5
413 90 172 2.7
414 0 0 1.4
414 10 14 0.9
414 20 23 1.1
414 30 34 0.6
414 40 40 1.1
414 50 51 2.7
414 60 78 2
414 70 98 3.9
414 80 137 3.5
414 90 172 2.7
415 0 0 1.4
415 10 14 0.9
415 20 23 1.1
415 30 34 0.6
415 40 40 1.1
415 50 51 2.7
415 60 78 2
415 70 98 3.9
415 80 137 3.5
415 90 172 2.7
416 0 0 1.4
416 10 14 0.9
416 20 23 1.1
416 30 34 0.6
416 40 40 1.1
416 50 51 2.7
416 60 78 2
416 70 98 3.9
416 80 137 3.5
416 90 172 2.7
417 0 0 1.4
417 10 14 0.9
417 20 23 1.1
417 30 34 0.6
417 40 40 1.1
417 50 51 2.7
417 60 78 2
417 70 98 3.9
417 80 137 3.5
417 90 172 2.7
418 0 0 1.4
418 10 14 0.9
418 20 23 1.1
418 30 34 0.6
418 40 40 1.1
418 50 51 2.7
418 60 78 2
418 70 98 3.9
418 80 137 3.5
418 90 172 2.7
419 0 0 1.4
419 10 14 0.9
419 20 23 1.1
419 30 34 0.6
419 40 40 1.1
419 50 51 2.7
419 60 78 2
419 70 98 3.9
419 80 137 3.5
419 90 172 2.7
420 0 0 1.4
420 10 14 0.9
420 20 23 1.1
420 30 34 0.6
420 40 40 1.1
420 50 51 2.7
420 60 78 2
420 70 98 3.9
420 80 137 3.5
420 90 172 2.7
421 0 0 1.4
421 10 14 0.9
421 20 23 1.1
421 30 34 0.6
421 40 40 1.1
421 50 51 2.7
421 60 78 2
421 70 98 3.9
421 80 137 3.5
421 90 172 2.7
422 0 0 1.4
422 10 14 0.9
422 20 23 1.1
422 30 34 0.6
422 40 40 1.1
422 50 51 2.7
422 60 78 2
422 70 98 3.9
422 80 137 3.5
422 90 172 2.7
423 0 0 1.4
423 10 14 0.9
423 20 23 1.1
423 30 34 0.6
423 40 40 1.1
423 50 51 2.7
423 60 78 2
423 70 98 3.9
423 80 137 3.5
423 90 172 2.7
424 0 0 1.4
424 10 14 0.9
424 20 23 1.1
424 30 34 0.6
424 40 40 1.1
424 50 51 2.7
424 60 78 2
424 70 98 3.9
424 80 137 3.5
424 90 172 2.7
425 0 0 1.4
425 10 14 0.9
425 20 23 1.1
425 30 34 0.6
425 40 40 1.1
425 50 51 2.7
425 60 78 2
425 70 98 3.9
425 80 137 3.5
425 90 172 2.7
426 0 0 1.4
426 10 14 0.9
426 20 23 1.1
426 30 34 0.6
426 40 40 1.1
426 50 51 2.7
426 60 78 2
426 70 98 3.9
426 80 137 3.5
426 90 172 2.7
427 0 0 1.4
427 10 14 0.9
427 20 23 1.1
427 30 34 0.6
427 40 40 1.1
427 50 51 2.7
427 60 78 2
427 70 98 3.9
427 80 137 3.5
427 90 172 2.7
428 0 0 1.4
428 10 14 0.9
428 20 23 1.1
428 30 34 0.6
428 40 40 1.1
428 50 51 2.7
428 60 78 2
428 70 98 3.9
428 80 137 3.5
428 90 172 2.7
429 0 0 1.4
429 10 14 0.9
429 20 23 1.1
429 30 34 0.6
429 40 40 1.1
429 50 51 2.7
429 60 78 2
429 70 98 3.9
429 80 137 3.5
429 90 172 2.7
430 0 0 1.4
430 10 14 0.9
430 20 23 1.1
430 30 34 0.6
430 40 40 1.1
430 50 51 2.7
430 60 78 2
430 70 98 3.9
430 80 137 3.5
430 90 172 2.7
431 0 0 1.4
431 10 14 0.9
431 20 23 1.1
431 30 34 0.6
431 40 40 1.1
431 50 51 2.7
431 60 78 2
431 70 98 3.9
431 80 137 3.5
431 90 172 2.7
432 0 0 1.4
432 10 14 0.9
432 20 23 1.1
432 30 34 0.6
432 40 40 1.1
432 50 51 2.7
432 60 78 2
432 70 98 3.9
432 80 137 3.5
432 90 172 2.7
433 0 0 1.4
433 10 14 0.9
433 20 23 1.1
433 30 34 0.6
433 40 40 1.1
433 50 51 2.7
433 60 78 2
433 70 98 3.9
433 80 137 3.5
433 90 172 2.7
434 0 0 1.4
434 10 14 0.9
434 20 23 1.1
434 30 34 0.6
434 40 40 1.1
434 50 51 2.7
434 60 78 2
434 70 98 3.9
434 80 137 3.5
434 90 172 2.7
435 0 0 1.4
435 10 14 0.9
435 20 23 1.1
435 30 34 0.6
435 40 40 1.1
435 50 51 2.7
435 60 78 2
435 70 98 3.9
435 80 137 3.5
435 90 172 2.7
436 0 0 1.4
436 10 14 0.9
436 20 23 1.1
436 30 34 0.6
436 40 40 1.1
436 50 51 2.7
436 60 78 2
436 70 98 3.9
436 80 137 3.5
436 90 172 2.7
437 0 0 1.4
437 10 14 0.9
437 20 23 1.1
437 30 34 0.6
437 40 40 1.1
437 50 51 2.7
437 60 78 2
437 70 98 3.9
437 80 137 3.5
437 90 172 2.7
438 0 0 1.4
438 10 14 0.9
438 20 23 1.1
438 30 34 0.6
438 40 40 1.1
438 50 51 2.7
438 60 78 2
438 70 98 3.9
438 80 137 3.5
438 90 172 2.7
439 0 0 1.4
439 10 14 0.9
439 20 23 1.1
439 30 34 0.6
439 40 40 1.1
439 50 51 2.7
439 60 78 2
439 70 98 3.9
439 80 137 3.5
439 90 172 2.7
440 0 0 1.4
440 10 14 0.9
440 20 23 1.1
440 30 34 0.6
440 40 40 1.1
440 50 51 2.7
440 60 78 2
440 70 98 3.9
440 80 137 3.5
440 90 172 2.7
441 0 0 1.4
441 10 14 0.9
441 20 23 1.1
441 30 34 0.6
441 40 40 1.1
441 50 51 2.7
441 60 78 2
441 70 98 3.9
441 80 137 3.5
441 90 172 2.7
442 0 0 1.4
442 10 14 0.9
442 20 23 1.1
442 30 34 0.6
442 40 40 1.1
442 50 51 2.7
442 60 78 2
442 70 98 3.9
442 80 137 3.5
442 90 172 2.7
443 0 0 1.4
443 10 14 0.9
443 20 23 1.1
443 30 34 0.6
443 40 40 1.1
443 50 51 2.7
443 60 78 2
443 70 98 3.9
443 80 137 3.5
443 90 172 2.7
444 0 0 1.4
444 10 14 0.9
444 20 23 1.1
444 30 34 0.6
444 40 40 1.1
444 50 51 2.7
444 60 78 2
444 70 98 3.9
444 80 137 3.5
444 90 172 2.7
445 0 0 1.4
445 10 14 0.9
445 20 23 1.1
445 30 34 0.6
445 40 40 1.1
445 50 51 2.7
445 60 78 2
445 70 98 3.9
445 80 137 3.5
445 90 172 2.7
446 0 0 1.4
446 10 14 0.9
446 20 23 1.1
446 30 34 0.6
446 40 40 1.1
446 50 51 2.7
446 60 78 2
446 70 98 3.9
446 80 137 3.5
446 90 172 2.7
447 0 0 1.4
447 10 14 0.9
447 20 23 1.1
447 30 34 0.6
447 40 40 1.1
447 50 51 2.7
447 60 78 2
447 70 98 3.9
447 80 137 3.5
447 90 172 2.7
448 0 0 1.4
448 10 14 0.9
448 20 23 1.1
448 30 34 0.6
448 40 40 1.1
448 50 51 2.7
448 60 78 2
448 70 98 3.9
448 80 137 3.5
448 90 172 2.7
449 0 0 1.4
449 10 14 0.9
449 20 23 1.1
449 30 34 0.6
449 40 40 1.1
449 50 51 2.7
449 60 78 2
449 70 98 3.9
449 80 137 3.5
449 90 172 2.7
450 0 0 1.4
450 10 14 0.9
450 20 23 1.1
450 30 34 0.6
450 40 40 1.1
450 50 51 2.7
450 60 78 2
450 70 98 3.9
450 80 137 3.5
450 90 172 2.7
451 0 0 1.4
451 10 14 0.9
451 20 23 1.1
451 30 34 0.6
451 40 40 1.1
451 50 51 2.7
451 60 78 2
451 70 98 3.9
451 80 137 3.5
451 90 172 2.7
452 0 0 1.4
452 10 14 0.9
452 20 23 1.1
452 30 34 0.6
452 40 40 1.1
452 50 51 2.7
452 60 78 2
452 70 98 3.9
452 80 137 3.5
452 90 172 2.7
453 0 0 1.4
453 10 14 0.9
453 20 23 1.1
453 30 34 0.6
453 40 40 1.1
453 50 51 2.7
453 60 78 2
453 70 98 3.9
453 80 137 3.5
453 90 172 2.7
454 0 0 1.4
454 10 14 0.9
454 20 23 1.1
454 30 34 0.6
454 40 40 1.1
454 50 51 2.7
454 60 78 2
454 70 98 3.9
454 80 137 3.5
454 90 172 2.7
455 0 0 1.4
455 10 14 0.9
455 20 23 1.1
455 30 34 0.6
455 40 40 1.1
455 50 51 2.7
455 60 78 2
455 70 98 3.9
455 80 137 3.5
455 90 172 2.7
456 0 0 1.4
456 10 14 0.9
456 20 23 1.1
456 30 34 0.6
456 40 40 1.1
456 50 51 2.7
456 60 78 2
456 70 98 3.9
456 80 137 3.5
456 90 172 2.7
457 0 0 1.4
457 10 14 0.9
457 20 23 1.1
457 30 34 0.6
457 40 40 1.1
457 50 51 2.7
457 60 78 2
457 70 98 3.9
457 80 137 3.5
457 90 172 2.7
458 0 0 1.4
458 10 14 0.9
458 20 23 1.1
458 30 34 0.6
458 40 40 1.1
458 50 51 2.7
458 60 78 2
458 70 98 3.9
458 80 137 3.5
458 90 172 2.7
459 0 0 1.4
459 10 14 0.9
459 20 23 1.1
459 30 34 0.6
459 40 40 1.1
459 50 51 2.7
459 60 78 2
459 70 98 3.9
459 80 137 3.5
459 90 172 2.7
460 0 0 1.4
460 10 14 0.9
460 20 23 1.1
460 30 34 0.6
460 40 40 1.1
460 50 51 2.7
460 60 78 2
460 70 98 3.9
460 80 137 3.5
460 90 172 2.7
461 0 0 1.4
461 10 14 0.9
461 20 23 1.1
461 30 34 0.6
461 40 40 1.1
461 50 51 2.7
461 60 78 2
461 70 98 3.9
461 80 137 3.5
461 90 172 2.7
462 0 0 1.4
462 10 14 0.9
462 20 23 1.1
462 30 34 0.6
462 40 40 1.1
462 50 51 2.7
462 60 78 2
462 70 98 3.9
462 80 137 3.5
462 90 172 2.7
463 0 0 1.4
463 10 14 0.9
463 20 23 1.1
463 30 34 0.6
463 40 40 1.1
463 50 51 2.7
463 60 78 2
463 70 98 3.9
463 80 137 3.5
463 90 172 2.7
464 0 0 1.4
464 10 14 0.9
464 20 23 1.1
464 30 34 0.6
464 40 40 1.1
464 50 51 2.7
464 60 78 2
464 70 98 3.9
464 80 137 3.5
464 90 172 2.7
465 0 0 1.4
465 10 14 0.9
465 20 23 1.1
465 30 34 0.6
465 40 40 1.1
465 50 51 2.7
465 60 78 2
465 70 98 3.9
465 80 137 3.5
465 90 172 2.7
466 0 0 1.4
466 10 14 0.9
466 20 23 1.1
466 30 34 0.6
466 40 40 1.1
466 50 51 2.7
466 60 78 2
466 70 98 3.9
466 80 137 3.5
466 90 172 2.7
467 0 0 1.4
467 10 14 0.9
467 20 23 1.1
467 30 34 0.6
467 40 40 1.1
467 50 51 2.7
467 60 78 2
467 70 98 3.9
467 80 137 3.5
467 90 172 2.7
468 0 0 1.4
468 10 14 0.9
468 20 23 1.1
468 30 34 0.6
468 40 40 1.1
468 50 51 2.7
468 60 78 2
468 70 98 3.9
468 80 137 3.5
468 90 172 2.7
469 0 0 1.4
469 10 14 0.9
469 20 23 1.1
469 30 34 0.6
469 40 40 1.1
469 50 51 2.7
469 60 78 2
469 70 98 3.9
469 80 137 3.5
469 90 172 2.7
470 0 0 1.4
470 10 14 0.9
470 20 23 1.1
470 30 34 0.6
470 40 40 1.1
470 50 51 2.7
470 60 78 2
470 70 98 3.9
470 80 137 3.5
470 90 172 2.7
471 0 0 1.4
471 10 14 0.9
471 20 23 1.1
471 30 34 0.6
471 40 40 1.1
471 50 51 2.7
471 60 78 2
471 70 98 3.9
471 80 137 3.5
471 90 172 2.7
472 0 0 1.4
472 10 14 0.9
472 20 23 1.1
472 30 34 0.6
472 40 40 1.1
472 50 51 2.7
472 60 78 2
472 70 98 3.9
472 80 137 3.5
472 90 172 2.7
473 0 0 1.4
473 10 14 0.9
473 20 23 1.1
473 30 34 0.6
473 40 40 1.1
473 50 51 2.7
473 60 78 2
473 70 98 3.9
473 80 137 3.5
473 90 172 2.7
474 0 0 1.4
474 10 14 0.9
474 20 23 1.1
474 30 34 0.6
474 40 40 1.1
474 50 51 2.7
474 60 78 2
474 70 98 3.9
474 80 137 3.5
474 90 172 2.7
475 0 0 1.4
475 10 14 0.9
475 20 23 1.1
475 30 34 0.6
475 40 40 1.1
475 50 51 2.7
475 60 78 2
475 70 98 3.9
475 80 137 3.5
475 90 172 2.7
476 0 0 1.4
476 10 14 0.9
476 20 23 1.1
476 30 34 0.6
476 40 40 1.1
476 50 51 2.7
476 60 78 2
476 70 98 3.9
476 80 137 3.5
476 90 172 2.7
477 0 0 1.4
477 10 14 0.9
477 20 23 1.1
477 30 34 0.6
477 40 40 1.1
477 50 51 2.7
477 60 78 2
477 70 98 3.9
477 80 137 3.5
477 90 172 2.7
478 0 0 1.4
478 10 14 0.9
478 20 23 1.1
478 30 34 0.6
478 40 40 1.1
478 50 51 2.7
478 60 78 2
478 70 98 3.9
478 80 137 3.5
478 90 172 2.7
479 0 0 1.4
479 10 14 0.9
479 20 23 1.1
479 30 34 0.6
479 40 40 1.1
479 50 51 2.7
479 60 78 2
479 70 98 3.9
479 80 137 3.5
479 90 172 2.7
480 0 0 1.4
480 10 14 0.9
480 20 23 1.1
480 30 34 0.6
480 40 40 1.1
480 50 51 2.7
480 60 78 2
480 70 98 3.9
480 80 137 3.5
480 90 172 2.7
481 0 0 1.4
481 10 14 0.9
481 20 23 1.1
481 30 34 0.6
481 40 40 1.1
481 50 51 2.7
481 60 78 2
481 70 98 3.9
481 80 137 3.5
481 90 172 2.7
482 0 0 1.4
482 10 14 0.9
482 20 23 1.1
482 30 34 0.6
482 40 40 1.1
482 50 51 2.7
482 60 78 2
482 70 98 3.9
482 80 137 3.5
482 90 172 2.7
483 0 0 1.4
483 10 14 0.9
483 20 23 1.1
483 30 34 0.6
483 40 40 1.1
483 50 51 2.7
483 60 78 2
483 70 98 3.9
483 80 137 3.5
483 90 172 2.7
484 0 0 1.4
484 10 14 0.9
484 20 23 1.1
484 30 34 0.6
484 40 40 1.1
484 50 51 2.7
484 60 78 2
484 70 98 3.9
484 80 137 3.5
484 90 172 2.7
485 0 0 1.4
485 10 14 0.9
485 20 23 1.1
485 30 34 0.6
485 40 40 1.1
485 50 51 2.7
485 60 78 2
485 70 98 3.9
485 80 137 3.5
485 90 172 2.7
486 0 0 1.4
486 10 14 0.9
486 20 23 1.1
486 30 34 0.6
486 40 40 1.1
486 50 51 2.7
486 60 78 2
486 70 98 3.9
486 80 137 3.5
486 90 172 2.7
487 0 0 1.4
487 10 14 0.9
487 20 23 1.1
487 30 34 0.6
487 40 40 1.1
487 50 51 2.7
487 60 78 2
487 70 98 3.9
487 80 137 3.5
487 90 172 2.7
488 0 0 1.4
488 10 14 0.9
488 20 23 1.1
488 30 34 0.6
488 40 40 1.1
488 50 51 2.7
488 60 78 2
488 70 98 3.9
488 80 137 3.5
488 90 172 2.7
489 0 0 1.4
489 10 14 0.9
489 20 23 1.1
489 30 34 0.6
489 40 40 1.1
489 50 51 2.7
489 60 78 2
489 70 98 3.9
489 80 137 3.5
489 90 172 2.7
490 0 0 1.4
490 10 14 0.9
490 20 23 1.1
490 30 34 0.6
490 40 40 1.1
490 50 51 2.7
490 60 78 2
490 70 98 3.9
490 80 137 3.5
490 90 172 2.7
491 0 0 1.4
491 10 14 0.9
491 20 23 1.1
491 30 34 0.6
491 40 40 1.1
491 50 51 2.7
491 60 78 2
491 70 98 3.9
491 80 137 3.5
491 90 172 2.7
492 0 0 1.4
492 10 14 0.9
492 20 23 1.1
492 30 34 0.6
492 40 40 1.1
492 50 51 2.7
492 60 78 2
492 70 98 3.9
492 80 137 3.5
492 90 172 2.7
493 0 0 1.4
493 10 14 0.9
493 20 23 1.1
493 30 34 0.6
493 40 40 1.1
493 50 51 2.7
493 60 78 2
493 70 98 3.9
493 80 137 3.5
493 90 172 2.7
494 0 0 1.4
494 10 14 0.9
494 20 23 1.1
494 30 34 0.6
494 40 40 1.1
494 50 51 2.7
494 60 78 2
494 70 98 3.9
494 80 137 3.5
494 90 172 2.7
495 0 0 1.4
495 10 14 0.9
495 20 23 1.1
495 30 34 0.6
495 40 40 1.1
495 50 51 2.7
495 60 78 2
495 70 98 3.9
495 80 137 3.5
495 90 172 2.7
496 0 0 1.4
496 10 14 0.9
496 20 23 1.1
496 30 34 0.6
496 40 40 1.1
496 50 51 2.7
496 60 78 2
496 70 98 3.9
496 80 137 3.5
496 90 172 2.7
497 0 0 1.4
497 10 14 0.9
497 20 23 1.1
497 30 34 0.6
497 40 40 1.1
497 50 51 2.7
497 60 78 2
497 70 98 3.9
497 80 137 3.5
497 90 172 2.7
498 0 0 1.4
498 10 14 0.9
498 20 23 1.1
498 30 34 0.6
498 40 40 1.1
498 50 51 2.7
498 60 78 2
498 70 98 3.9
498 80 137 3.5
498 90 172 2.7
499 0 0 1.4
499 10 14 0.9
499 20 23 1.1
499 30 34 0.6
499 40 40 1.1
499 50 51 2.7
499 60 78 2
499 70 98 3.9
499 80 137 3.5
499 90 172 2.7
