500 10
0 0 0 0.6
0 200 120 1.2
0 400 360 3.9
0 600 1140 3.2
0 800 1780 1.9
0 1000 2160 2.1
0 1200 2580 3.1
0 1400 3200 1.2
0 1600 3440 2.2
0 1800 3880 2.2
1 0 0 0.6
1 200 120 1.2
1 400 360 3.9
1 600 1140 3.2
1 800 1780 1.9
1 1000 2160 2.1
1 1200 2580 3.1
1 1400 3200 1.2
1 1600 3440 2.2
1 1800 3880 2.2
2 0 0 0.6
2 200 120 1.2
2 400 360 3.9
2 600 1140 3.2
2 800 1780 1.9
2 1000 2160 2.1
2 1200 2580 3.1
2 1400 3200 1.2
2 1600 3440 2.2
2 1800 3880 2.2
3 0 0 0.6
3 200 120 1.2
3 400 360 3.9
3 600 1140 3.2
3 800 1780 1.9
3 1000 2160 2.1
3 1200 2580 3.1
3 1400 3200 1.2
3 1600 3440 2.2
3 1800 3880 2.2
4 0 0 0.6
4 200 120 1.2
4 400 360 3.9
4 600 1140 3.2
4 800 1780 1.9
4 1000 2160 2.1
4 1200 2580 3.1
4 1400 3200 1.2
4 1600 3440 2.2
4 1800 3880 2.2
5 0 0 0.6
5 200 120 1.2
5 400 360 3.9
5 600 1140 3.2
5 800 1780 1.9
5 1000 2160 2.1
5 1200 2580 3.1
5 1400 3200 1.2
5 1600 3440 2.2
5 1800 3880 2.2
6 0 0 0.6
6 200 120 1.2
6 400 360 3.9
6 600 1140 3.2
6 800 1780 1.9
6 1000 2160 2.1
6 1200 2580 3.1
6 1400 3200 1.2
6 1600 3440 2.2
6 1800 3880 2.2
7 0 0 0.6
7 200 120 1.2
7 400 360 3.9
7 600 1140 3.2
7 800 1780 1.9
7 1000 2160 2.1
7 1200 2580 3.1
7 1400 3200 1.2
7 1600 3440 2.2
7 1800 3880 2.2
8 0 0 0.6
8 200 120 1.2
8 400 360 3.9
8 600 1140 3.2
8 800 1780 1.9
8 1000 2160 2.1
8 1200 2580 3.1
8 1400 3200 1.2
8 1600 3440 2.2
8 1800 3880 2.2
9 0 0 0.6
9 200 120 1.2
9 400 360 3.9
9 600 1140 3.2
9 800 1780 1.9
9 1000 2160 2.1
9 1200 2580 3.1
9 1400 3200 1.2
9 1600 3440 2.2
9 1800 3880 2.2
10 0 0 0.6
10 200 120 1.2
10 400 360 3.9
10 600 1140 3.2
10 800 1780 1.9
10 1000 2160 2.1
10 1200 2580 3.1
10 1400 3200 1.2
10 1600 3440 2.2
10 1800 3880 2.2
11 0 0 0.6
11 200 120 1.2
11 400 360 3.9
11 600 1140 3.2
11 800 1780 1.9
11 1000 2160 2.1
11 1200 2580 3.1
11 1400 3200 1.2
11 1600 3440 2.2
11 1800 3880 2.2
12 0 0 0.6
12 200 120 1.2
12 400 360 3.9
12 600 1140 3.2
12 800 1780 1.9
12 1000 2160 2.1
12 1200 2580 3.1
12 1400 3200 1.2
12 1600 3440 2.2
12 1800 3880 2.2
13 0 0 0.6
13 200 120 1.2
13 400 360 3.9
13 600 1140 3.2
13 800 1780 1.9
13 1000 2160 2.1
13 1200 2580 3.1
13 1400 3200 1.2
13 1600 3440 2.2
13 1800 3880 2.2
14 0 0 0.6
14 200 120 1.2
14 400 360 3.9
14 600 1140 3.2
14 800 1780 1.9
14 1000 2160 2.1
14 1200 2580 3.1
14 1400 3200 1.2
14 1600 3440 2.2
14 1800 3880 2.2
15 0 0 0.6
15 200 120 1.2
15 400 360 3.9
15 600 1140 3.2
15 800 1780 1.9
15 1000 2160 2.1
15 1200 2580 3.1
15 1400 3200 1.2
15 1600 3440 2.2
15 1800 3880 2.2
16 0 0 0.6
16 200 120 1.2
16 400 360 3.9
16 600 1140 3.2
16 800 1780 1.9
16 1000 2160 2.1
16 1200 2580 3.1
16 1400 3200 1.2
16 1600 3440 2.2
16 1800 3880 2.2
17 0 0 0.6
17 200 120 1.2
17 400 360 3.9
17 600 1140 3.2
17 800 1780 1.9
17 1000 2160 2.1
17 1200 2580 3.1
17 1400 3200 1.2
17 1600 3440 2.2
17 1800 3880 2.2
18 0 0 0.6
18 200 120 1.2
18 400 360 3.9
18 600 1140 3.2
18 800 1780 1.9
18 1000 2160 2.1
18 1200 2580 3.1
18 1400 3200 1.2
18 1600 3440 2.2
18 1800 3880 2.2
19 0 0 0.6
19 200 120 1.2
19 400 360 3.9
19 600 1140 3.2
19 800 1780 1.9
19 1000 2160 2.1
19 1200 2580 3.1
19 1400 3200 1.2
19 1600 3440 2.2
19 1800 3880 2.2
20 0 0 0.6
20 200 120 1.2
20 400 360 3.9
20 600 1140 3.2
20 800 1780 1.9
20 1000 2160 2.1
20 1200 2580 3.1
20 1400 3200 1.2
20 1600 3440 2.2
20 1800 3880 2.2
21 0 0 0.6
21 200 120 1.2
21 400 360 3.9
21 600 1140 3.2
21 800 1780 1.9
21 1000 2160 2.1
21 1200 2580 3.1
21 1400 3200 1.2
21 1600 3440 2.2
21 1800 3880 2.2
22 0 0 0.6
22 200 120 1.2
22 400 360 3.9
22 600 1140 3.2
22 800 1780 1.9
22 1000 2160 2.1
22 1200 2580 3.1
22 1400 3200 1.2
22 1600 3440 2.2
22 1800 3880 2.2
23 0 0 0.6
23 200 120 1.2
23 400 360 3.9
23 600 1140 3.2
23 800 1780 1.9
23 1000 2160 2.1
23 1200 2580 3.1
23 1400 3200 1.2
23 1600 3440 2.2
23 1800 3880 2.2
24 0 0 0.6
24 200 120 1.2
24 400 360 3.9
24 600 1140 3.2
24 800 1780 1.9
24 1000 2160 2.1
24 1200 2580 3.1
24 1400 3200 1.2
24 1600 3440 2.2
24 1800 3880 2.2
25 0 0 0.6
25 200 120 1.2
25 400 360 3.9
25 600 1140 3.2
25 800 1780 1.9
25 1000 2160 2.1
25 1200 2580 3.1
25 1400 3200 1.2
25 1600 3440 2.2
25 1800 3880 2.2
26 0 0 0.6
26 200 120 1.2
26 400 360 3.9
26 600 1140 3.2
26 800 1780 1.9
26 1000 2160 2.1
26 1200 2580 3.1
26 1400 3200 1.2
26 1600 3440 2.2
26 1800 3880 2.2
27 0 0 0.6
27 200 120 1.2
27 400 360 3.9
27 600 1140 3.2
27 800 1780 1.9
27 1000 2160 2.1
27 1200 2580 3.1
27 1400 3200 1.2
27 1600 3440 2.2
27 1800 3880 2.2
28 0 0 0.6
28 200 120 1.2
28 400 360 3.9
28 600 1140 3.2
28 800 1780 1.9
28 1000 2160 2.1
28 1200 2580 3.1
28 1400 3200 1.2
28 1600 3440 2.2
28 1800 3880 2.2
29 0 0 0.6
29 200 120 1.2
29 400 360 3.9
29 600 1140 3.2
29 800 1780 1.9
29 1000 2160 2.1
29 1200 2580 3.1
29 1400 3200 1.2
29 1600 3440 2.2
29 1800 3880 2.2
30 0 0 0.6
30 200 120 1.2
30 400 360 3.9
30 600 1140 3.2
30 800 1780 1.9
30 1000 2160 2.1
30 1200 2580 3.1
30 1400 3200 1.2
30 1600 3440 2.2
30 1800 3880 2.2
31 0 0 0.6
31 200 120 1.2
31 400 360 3.9
31 600 1140 3.2
31 800 1780 1.9
31 1000 2160 2.1
31 1200 2580 3.1
31 1400 3200 1.2
31 1600 3440 2.2
31 1800 3880 2.2
32 0 0 0.6
32 200 120 1.2
32 400 360 3.9
32 600 1140 3.2
32 800 1780 1.9
32 1000 2160 2.1
32 1200 2580 3.1
32 1400 3200 1.2
32 1600 3440 2.2
32 1800 3880 2.2
33 0 0 0.6
33 200 120 1.2
33 400 360 3.9
33 600 1140 3.2
33 800 1780 1.9
33 1000 2160 2.1
33 1200 2580 3.1
33 1400 3200 1.2
33 1600 3440 2.2
33 1800 3880 2.2
34 0 0 0.6
34 200 120 1.2
34 400 360 3.9
34 600 1140 3.2
34 800 1780 1.9
34 1000 2160 2.1
34 1200 2580 3.1
34 1400 3200 1.2
34 1600 3440 2.2
34 1800 3880 2.2
35 0 0 0.6
35 200 120 1.2
35 400 360 3.9
35 600 1140 3.2
35 800 1780 1.9
35 1000 2160 2.1
35 1200 2580 3.1
35 1400 3200 1.2
35 1600 3440 2.2
35 1800 3880 2.2
36 0 0 0.6
36 200 120 1.2
36 400 360 3.9
36 600 1140 3.2
36 800 1780 1.9
36 1000 2160 2.1
36 1200 2580 3.1
36 1400 3200 1.2
36 1600 3440 2.2
36 1800 3880 2.2
37 0 0 0.6
37 200 120 1.2
37 400 360 3.9
37 600 1140 3.2
37 800 1780 1.9
37 1000 2160 2.1
37 1200 2580 3.1
37 1400 3200 1.2
37 1600 3440 2.2
37 1800 3880 2.2
38 0 0 0.6
38 200 120 1.2
38 400 360 3.9
38 600 1140 3.2
38 800 1780 1.9
38 1000 2160 2.1
38 1200 2580 3.1
38 1400 3200 1.2
38 1600 3440 2.2
38 1800 3880 2.2
39 0 0 0.6
39 200 120 1.2
39 400 360 3.9
39 600 1140 3.2
39 800 1780 1.9
39 1000 2160 2.1
39 1200 2580 3.1
39 1400 3200 1.2
39 1600 3440 2.2
39 1800 3880 2.2
40 0 0 0.6
40 200 120 1.2
40 400 360 3.9
40 600 1140 3.2
40 800 1780 1.9
40 1000 2160 2.1
40 1200 2580 3.1
40 1400 3200 1.2
40 1600 3440 2.2
40 1800 3880 2.2
41 0 0 0.6
41 200 120 1.2
41 400 360 3.9
41 600 1140 3.2
41 800 1780 1.9
41 1000 2160 2.1
41 1200 2580 3.1
41 1400 3200 1.2
41 1600 3440 2.2
41 1800 3880 2.2
42 0 0 0.6
42 200 120 1.2
42 400 360 3.9
42 600 1140 3.2
42 800 1780 1.9
42 1000 2160 2.1
42 1200 2580 3.1
42 1400 3200 1.2
42 1600 3440 2.2
42 1800 3880 2.2
43 0 0 0.6
43 200 120 1.2
43 400 360 3.9
43 600 1140 3.2
43 800 1780 1.9
43 1000 2160 2.1
43 1200 2580 3.1
43 1400 3200 1.2
43 1600 3440 2.2
43 1800 3880 2.2
44 0 0 0.6
44 200 120 1.2
44 400 360 3.9
44 600 1140 3.2
44 800 1780 1.9
44 1000 2160 2.1
44 1200 2580 3.1
44 1400 3200 1.2
44 1600 3440 2.2
44 1800 3880 2.2
45 0 0 0.6
45 200 120 1.2
45 400 360 3.9
45 600 1140 3.2
45 800 1780 1.9
45 1000 2160 2.1
45 1200 2580 3.1
45 1400 3200 1.2
45 1600 3440 2.2
45 1800 3880 2.2
46 0 0 0.6
46 200 120 1.2
46 400 360 3.9
46 600 1140 3.2
46 800 1780 1.9
46 1000 2160 2.1
46 1200 2580 3.1
46 1400 3200 1.2
46 1600 3440 2.2
46 1800 3880 2.2
47 0 0 0.6
47 200 120 1.2
47 400 360 3.9
47 600 1140 3.2
47 800 1780 1.9
47 1000 2160 2.1
47 1200 2580 3.1
47 1400 3200 1.2
47 1600 3440 2.2
47 1800 3880 2.2
48 0 0 0.6
48 200 120 1.2
48 400 360 3.9
48 600 1140 3.2
48 800 1780 1.9
48 1000 2160 2.1
48 1200 2580 3.1
48 1400 3200 1.2
48 1600 3440 2.2
48 1800 3880 2.2
49 0 0 0.6
49 200 120 1.2
49 400 360 3.9
49 600 1140 3.2
49 800 1780 1.9
49 1000 2160 2.1
49 1200 2580 3.1
49 1400 3200 1.2
49 1600 3440 2.2
49 1800 3880 2.2
50 0 0 0.6
50 200 120 1.2
50 400 360 3.9
50 600 1140 3.2
50 800 1780 1.9
50 1000 2160 2.1
50 1200 2580 3.1
50 1400 3200 1.2
50 1600 3440 2.2
50 1800 3880 2.2
51 0 0 0.6
51 200 120 1.2
51 400 360 3.9
51 600 1140 3.2
51 800 1780 1.9
51 1000 2160 2.1
51 1200 2580 3.1
51 1400 3200 1.2
51 1600 3440 2.2
51 1800 3880 2.2
52 0 0 0.6
52 200 120 1.2
52 400 360 3.9
52 600 1140 3.2
52 800 1780 1.9
52 1000 2160 2.1
52 1200 2580 3.1
52 1400 3200 1.2
52 1600 3440 2.2
52 1800 3880 2.2
53 0 0 0.6
53 200 120 1.2
53 400 360 3.9
53 600 1140 3.2
53 800 1780 1.9
53 1000 2160 2.1
53 1200 2580 3.1
53 1400 3200 1.2
53 1600 3440 2.2
53 1800 3880 2.2
54 0 0 0.6
54 200 120 1.2
54 400 360 3.9
54 600 1140 3.2
54 800 1780 1.9
54 1000 2160 2.1
54 1200 2580 3.1
54 1400 3200 1.2
54 1600 3440 2.2
54 1800 3880 2.2
55 0 0 0.6
55 200 120 1.2
55 400 360 3.9
55 600 1140 3.2
55 800 1780 1.9
55 1000 2160 2.1
55 1200 2580 3.1
55 1400 3200 1.2
55 1600 3440 2.2
55 1800 3880 2.2
56 0 0 0.6
56 200 120 1.2
56 400 360 3.9
56 600 1140 3.2
56 800 1780 1.9
56 1000 2160 2.1
56 1200 2580 3.1
56 1400 3200 1.2
56 1600 3440 2.2
56 1800 3880 2.2
57 0 0 0.6
57 200 120 1.2
57 400 360 3.9
57 600 1140 3.2
57 800 1780 1.9
57 1000 2160 2.1
57 1200 2580 3.1
57 1400 3200 1.2
57 1600 3440 2.2
57 1800 3880 2.2
58 0 0 0.6
58 200 120 1.2
58 400 360 3.9
58 600 1140 3.2
58 800 1780 1.9
58 1000 2160 2.1
58 1200 2580 3.1
58 1400 3200 1.2
58 1600 3440 2.2
58 1800 3880 2.2
59 0 0 0.6
59 200 120 1.2
59 400 360 3.9
59 600 1140 3.2
59 800 1780 1.9
59 1000 2160 2.1
59 1200 2580 3.1
59 1400 3200 1.2
59 1600 3440 2.2
59 1800 3880 2.2
60 0 0 0.6
60 200 120 1.2
60 400 360 3.9
60 600 1140 3.2
60 800 1780 1.9
60 1000 2160 2.1
60 1200 2580 3.1
60 1400 3200 1.2
60 1600 3440 2.2
60 1800 3880 2.2
61 0 0 0.6
61 200 120 1.2
61 400 360 3.9
61 600 1140 3.2
61 800 1780 1.9
61 1000 2160 2.1
61 1200 2580 3.1
61 1400 3200 1.2
61 1600 3440 2.2
61 1800 3880 2.2
62 0 0 0.6
62 200 120 1.2
62 400 360 3.9
62 600 1140 3.2
62 800 1780 1.9
62 1000 2160 2.1
62 1200 2580 3.1
62 1400 3200 1.2
62 1600 3440 2.2
62 1800 3880 2.2
63 0 0 0.6
63 200 120 1.2
63 400 360 3.9
63 600 1140 3.2
63 800 1780 1.9
63 1000 2160 2.1
63 1200 2580 3.1
63 1400 3200 1.2
63 1600 3440 2.2
63 1800 3880 2.2
64 0 0 0.6
64 200 120 1.2
64 400 360 3.9
64 600 1140 3.2
64 800 1780 1.9
64 1000 2160 2.1
64 1200 2580 3.1
64 1400 3200 1.2
64 1600 3440 2.2
64 1800 3880 2.2
65 0 0 0.6
65 200 120 1.2
65 400 360 3.9
65 600 1140 3.2
65 800 1780 1.9
65 1000 2160 2.1
65 1200 2580 3.1
65 1400 3200 1.2
65 1600 3440 2.2
65 1800 3880 2.2
66 0 0 0.6
66 200 120 1.2
66 400 360 3.9
66 600 1140 3.2
66 800 1780 1.9
66 1000 2160 2.1
66 1200 2580 3.1
66 1400 3200 1.2
66 1600 3440 2.2
66 1800 3880 2.2
67 0 0 0.6
67 200 120 1.2
67 400 360 3.9
67 600 1140 3.2
67 800 1780 1.9
67 1000 2160 2.1
67 1200 2580 3.1
67 1400 3200 1.2
67 1600 3440 2.2
67 1800 3880 2.2
68 0 0 0.6
68 200 120 1.2
68 400 360 3.9
68 600 1140 3.2
68 800 1780 1.9
68 1000 2160 2.1
68 1200 2580 3.1
68 1400 3200 1.2
68 1600 3440 2.2
68 1800 3880 2.2
69 0 0 0.6
69 200 120 1.2
69 400 360 3.9
69 600 1140 3.2
69 800 1780 1.9
69 1000 2160 2.1
69 1200 2580 3.1
69 1400 3200 1.2
69 1600 3440 2.2
69 1800 3880 2.2
70 0 0 0.6
70 200 120 1.2
70 400 360 3.9
70 600 1140 3.2
70 800 1780 1.9
70 1000 2160 2.1
70 1200 2580 3.1
70 1400 3200 1.2
70 1600 3440 2.2
70 1800 3880 2.2
71 0 0 0.6
71 200 120 1.2
71 400 360 3.9
71 600 1140 3.2
71 800 1780 1.9
71 1000 2160 2.1
71 1200 2580 3.1
71 1400 3200 1.2
71 1600 3440 2.2
71 1800 3880 2.2
72 0 0 0.6
72 200 120 1.2
72 400 360 3.9
72 600 1140 3.2
72 800 1780 1.9
72 1000 2160 2.1
72 1200 2580 3.1
72 1400 3200 1.2
72 1600 3440 2.2
72 1800 3880 2.2
73 0 0 0.6
73 200 120 1.2
73 400 360 3.9
73 600 1140 3.2
73 800 1780 1.9
73 1000 2160 2.1
73 1200 2580 3.1
73 1400 3200 1.2
73 1600 3440 2.2
73 1800 3880 2.2
74 0 0 0.6
74 200 120 1.2
74 400 360 3.9
74 600 1140 3.2
74 800 1780 1.9
74 1000 2160 2.1
74 1200 2580 3.1
74 1400 3200 1.2
74 1600 3440 2.2
74 1800 3880 2.2
75 0 0 0.6
75 200 120 1.2
75 400 360 3.9
75 600 1140 3.2
75 800 1780 1.9
75 1000 2160 2.1
75 1200 2580 3.1
75 1400 3200 1.2
75 1600 3440 2.2
75 1800 3880 2.2
76 0 0 0.6
76 200 120 1.2
76 400 360 3.9
76 600 1140 3.2
76 800 1780 1.9
76 1000 2160 2.1
76 1200 2580 3.1
76 1400 3200 1.2
76 1600 3440 2.2
76 1800 3880 2.2
77 0 0 0.6
77 200 120 1.2
77 400 360 3.9
77 600 1140 3.2
77 800 1780 1.9
77 1000 2160 2.1
77 1200 2580 3.1
77 1400 3200 1.2
77 1600 3440 2.2
77 1800 3880 2.2
78 0 0 0.6
78 200 120 1.2
78 400 360 3.9
78 600 1140 3.2
78 800 1780 1.9
78 1000 2160 2.1
78 1200 2580 3.1
78 1400 3200 1.2
78 1600 3440 2.2
78 1800 3880 2.2
79 0 0 0.6
79 200 120 1.2
79 400 360 3.9
79 600 1140 3.2
79 800 1780 1.9
79 1000 2160 2.1
79 1200 2580 3.1
79 1400 3200 1.2
79 1600 3440 2.2
79 1800 3880 2.2
80 0 0 0.6
80 200 120 1.2
80 400 360 3.9
80 600 1140 3.2
80 800 1780 1.9
80 1000 2160 2.1
80 1200 2580 3.1
80 1400 3200 1.2
80 1600 3440 2.2
80 1800 3880 2.2
81 0 0 0.6
81 200 120 1.2
81 400 360 3.9
81 600 1140 3.2
81 800 1780 1.9
81 1000 2160 2.1
81 1200 2580 3.1
81 1400 3200 1.2
81 1600 3440 2.2
81 1800 3880 2.2
82 0 0 0.6
82 200 120 1.2
82 400 360 3.9
82 600 1140 3.2
82 800 1780 1.9
82 1000 2160 2.1
82 1200 2580 3.1
82 1400 3200 1.2
82 1600 3440 2.2
82 1800 3880 2.2
83 0 0 0.6
83 200 120 1.2
83 400 360 3.9
83 600 1140 3.2
83 800 1780 1.9
83 1000 2160 2.1
83 1200 2580 3.1
83 1400 3200 1.2
83 1600 3440 2.2
83 1800 3880 2.2
84 0 0 0.6
84 200 120 1.2
84 400 360 3.9
84 600 1140 3.2
84 800 1780 1.9
84 1000 2160 2.1
84 1200 2580 3.1
84 1400 3200 1.2
84 1600 3440 2.2
84 1800 3880 2.2
85 0 0 0.6
85 200 120 1.2
85 400 360 3.9
85 600 1140 3.2
85 800 1780 1.9
85 1000 2160 2.1
85 1200 2580 3.1
85 1400 3200 1.2
85 1600 3440 2.2
85 1800 3880 2.2
86 0 0 0.6
86 200 120 1.2
86 400 360 3.9
86 600 1140 3.2
86 800 1780 1.9
86 1000 2160 2.1
86 1200 2580 3.1
86 1400 3200 1.2
86 1600 3440 2.2
86 1800 3880 2.2
87 0 0 0.6
87 200 120 1.2
87 400 360 3.9
87 600 1140 3.2
87 800 1780 1.9
87 1000 2160 2.1
87 1200 2580 3.1
87 1400 3200 1.2
87 1600 3440 2.2
87 1800 3880 2.2
88 0 0 0.6
88 200 120 1.2
88 400 360 3.9
88 600 1140 3.2
88 800 1780 1.9
88 1000 2160 2.1
88 1200 2580 3.1
88 1400 3200 1.2
88 1600 3440 2.2
88 1800 3880 2.2
89 0 0 0.6
89 200 120 1.2
89 400 360 3.9
89 600 1140 3.2
89 800 1780 1.9
89 1000 2160 2.1
89 1200 2580 3.1
89 1400 3200 1.2
89 1600 3440 2.2
89 1800 3880 2.2
90 0 0 0.6
90 200 120 1.2
90 400 360 3.9
90 600 1140 3.2
90 800 1780 1.9
90 1000 2160 2.1
90 1200 2580 3.1
90 1400 3200 1.2
90 1600 3440 2.2
90 1800 3880 2.2
91 0 0 0.6
91 200 120 1.2
91 400 360 3.9
91 600 1140 3.2
91 800 1780 1.9
91 1000 2160 2.1
91 1200 2580 3.1
91 1400 3200 1.2
91 1600 3440 2.2
91 1800 3880 2.2
92 0 0 0.6
92 200 120 1.2
92 400 360 3.9
92 600 1140 3.2
92 800 1780 1.9
92 1000 2160 2.1
92 1200 2580 3.1
92 1400 3200 1.2
92 1600 3440 2.2
92 1800 3880 2.2
93 0 0 0.6
93 200 120 1.2
93 400 360 3.9
93 600 1140 3.2
93 800 1780 1.9
93 1000 2160 2.1
93 1200 2580 3.1
93 1400 3200 1.2
93 1600 3440 2.2
93 1800 3880 2.2
94 0 0 0.6
94 200 120 1.2
94 400 360 3.9
94 600 1140 3.2
94 800 1780 1.9
94 1000 2160 2.1
94 1200 2580 3.1
94 1400 3200 1.2
94 1600 3440 2.2
94 1800 3880 2.2
95 0 0 0.6
95 200 120 1.2
95 400 360 3.9
95 600 1140 3.2
95 800 1780 1.9
95 1000 2160 2.1
95 1200 2580 3.1
95 1400 3200 1.2
95 1600 3440 2.2
95 1800 3880 2.2
96 0 0 0.6
96 200 120 1.2
96 400 360 3.9
96 600 1140 3.2
96 800 1780 1.9
96 1000 2160 2.1
96 1200 2580 3.1
96 1400 3200 1.2
96 1600 3440 2.2
96 1800 3880 2.2
97 0 0 0.6
97 200 120 1.2
97 400 360 3.9
97 600 1140 3.2
97 800 1780 1.9
97 1000 2160 2.1
97 1200 2580 3.1
97 1400 3200 1.2
97 1600 3440 2.2
97 1800 3880 2.2
98 0 0 0.6
98 200 120 1.2
98 400 360 3.9
98 600 1140 3.2
98 800 1780 1.9
98 1000 2160 2.1
98 1200 2580 3.1
98 1400 3200 1.2
98 1600 3440 2.2
98 1800 3880 2.2
99 0 0 0.6
99 200 120 1.2
99 400 360 3.9
99 600 1140 3.2
99 800 1780 1.9
99 1000 2160 2.1
99 1200 2580 3.1
99 1400 3200 1.2
99 1600 3440 2.2
99 1800 3880 2.2
100 0 0 0.6
100 200 120 1.2
100 400 360 3.9
100 600 1140 3.2
100 800 1780 1.9
100 1000 2160 2.1
100 1200 2580 3.1
100 1400 3200 1.2
100 1600 3440 2.2
100 1800 3880 2.2
101 0 0 0.6
101 200 120 1.2
101 400 360 3.9
101 600 1140 3.2
101 800 1780 1.9
101 1000 2160 2.1
101 1200 2580 3.1
101 1400 3200 1.2
101 1600 3440 2.2
101 1800 3880 2.2
102 0 0 0.6
102 200 120 1.2
102 400 360 3.9
102 600 1140 3.2
102 800 1780 1.9
102 1000 2160 2.1
102 1200 2580 3.1
102 1400 3200 1.2
102 1600 3440 2.2
102 1800 3880 2.2
103 0 0 0.6
103 200 120 1.2
103 400 360 3.9
103 600 1140 3.2
103 800 1780 1.9
103 1000 2160 2.1
103 1200 2580 3.1
103 1400 3200 1.2
103 1600 3440 2.2
103 1800 3880 2.2
104 0 0 0.6
104 200 120 1.2
104 400 360 3.9
104 600 1140 3.2
104 800 1780 1.9
104 1000 2160 2.1
104 1200 2580 3.1
104 1400 3200 1.2
104 1600 3440 2.2
104 1800 3880 2.2
105 0 0 0.6
105 200 120 1.2
105 400 360 3.9
105 600 1140 3.2
105 800 1780 1.9
105 1000 2160 2.1
105 1200 2580 3.1
105 1400 3200 1.2
105 1600 3440 2.2
105 1800 3880 2.2
106 0 0 0.6
106 200 120 1.2
106 400 360 3.9
106 600 1140 3.2
106 800 1780 1.9
106 1000 2160 2.1
106 1200 2580 3.1
106 1400 3200 1.2
106 1600 3440 2.2
106 1800 3880 2.2
107 0 0 0.6
107 200 120 1.2
107 400 360 3.9
107 600 1140 3.2
107 800 1780 1.9
107 1000 2160 2.1
107 1200 2580 3.1
107 1400 3200 1.2
107 1600 3440 2.2
107 1800 3880 2.2
108 0 0 0.6
108 200 120 1.2
108 400 360 3.9
108 600 1140 3.2
108 800 1780 1.9
108 1000 2160 2.1
108 1200 2580 3.1
108 1400 3200 1.2
108 1600 3440 2.2
108 1800 3880 2.2
109 0 0 0.6
109 200 120 1.2
109 400 360 3.9
109 600 1140 3.2
109 800 1780 1.9
109 1000 2160 2.1
109 1200 2580 3.1
109 1400 3200 1.2
109 1600 3440 2.2
109 1800 3880 2.2
110 0 0 0.6
110 200 120 1.2
110 400 360 3.9
110 600 1140 3.2
110 800 1780 1.9
110 1000 2160 2.1
110 1200 2580 3.1
110 1400 3200 1.2
110 1600 3440 2.2
110 1800 3880 2.2
111 0 0 0.6
111 200 120 1.2
111 400 360 3.9
111 600 1140 3.2
111 800 1780 1.9
111 1000 2160 2.1
111 1200 2580 3.1
111 1400 3200 1.2
111 1600 3440 2.2
111 1800 3880 2.2
112 0 0 0.6
112 200 120 1.2
112 400 360 3.9
112 600 1140 3.2
112 800 1780 1.9
112 1000 2160 2.1
112 1200 2580 3.1
112 1400 3200 1.2
112 1600 3440 2.2
112 1800 3880 2.2
113 0 0 0.6
113 200 120 1.2
113 400 360 3.9
113 600 1140 3.2
113 800 1780 1.9
113 1000 2160 2.1
113 1200 2580 3.1
113 1400 3200 1.2
113 1600 3440 2.2
113 1800 3880 2.2
114 0 0 0.6
114 200 120 1.2
114 400 360 3.9
114 600 1140 3.2
114 800 1780 1.9
114 1000 2160 2.1
114 1200 2580 3.1
114 1400 3200 1.2
114 1600 3440 2.2
114 1800 3880 2.2
115 0 0 0.6
115 200 120 1.2
115 400 360 3.9
115 600 1140 3.2
115 800 1780 1.9
115 1000 2160 2.1
115 1200 2580 3.1
115 1400 3200 1.2
115 1600 3440 2.2
115 1800 3880 2.2
116 0 0 0.6
116 200 120 1.2
116 400 360 3.9
116 600 1140 3.2
116 800 1780 1.9
116 1000 2160 2.1
116 1200 2580 3.1
116 1400 3200 1.2
116 1600 3440 2.2
116 1800 3880 2.2
117 0 0 0.6
117 200 120 1.2
117 400 360 3.9
117 600 1140 3.2
117 800 1780 1.9
117 1000 2160 2.1
117 1200 2580 3.1
117 1400 3200 1.2
117 1600 3440 2.2
117 1800 3880 2.2
118 0 0 0.6
118 200 120 1.2
118 400 360 3.9
118 600 1140 3.2
118 800 1780 1.9
118 1000 2160 2.1
118 1200 2580 3.1
118 1400 3200 1.2
118 1600 3440 2.2
118 1800 3880 2.2
119 0 0 0.6
119 200 120 1.2
119 400 360 3.9
119 600 1140 3.2
119 800 1780 1.9
119 1000 2160 2.1
119 1200 2580 3.1
119 1400 3200 1.2
119 1600 3440 2.2
119 1800 3880 2.2
120 0 0 0.6
120 200 120 1.2
120 400 360 3.9
120 600 1140 3.2
120 800 1780 1.9
120 1000 2160 2.1
120 1200 2580 3.1
120 1400 3200 1.2
120 1600 3440 2.2
120 1800 3880 2.2
121 0 0 0.6
121 200 120 1.2
121 400 360 3.9
121 600 1140 3.2
121 800 1780 1.9
121 1000 2160 2.1
121 1200 2580 3.1
121 1400 3200 1.2
121 1600 3440 2.2
121 1800 3880 2.2
122 0 0 0.6
122 200 120 1.2
122 400 360 3.9
122 600 1140 3.2
122 800 1780 1.9
122 1000 2160 2.1
122 1200 2580 3.1
122 1400 3200 1.2
122 1600 3440 2.2
122 1800 3880 2.2
123 0 0 0.6
123 200 120 1.2
123 400 360 3.9
123 600 1140 3.2
123 800 1780 1.9
123 1000 2160 2.1
123 1200 2580 3.1
123 1400 3200 1.2
123 1600 3440 2.2
123 1800 3880 2.2
124 0 0 0.6
124 200 120 1.2
124 400 360 3.9
124 600 1140 3.2
124 800 1780 1.9
124 1000 2160 2.1
124 1200 2580 3.1
124 1400 3200 1.2
124 1600 3440 2.2
124 1800 3880 2.2
125 0 0 0.6
125 200 120 1.2
125 400 360 3.9
125 600 1140 3.2
125 800 1780 1.9
125 1000 2160 2.1
125 1200 2580 3.1
125 1400 3200 1.2
125 1600 3440 2.2
125 1800 3880 2.2
126 0 0 0.6
126 200 120 1.2
126 400 360 3.9
126 600 1140 3.2
126 800 1780 1.9
126 1000 2160 2.1
126 1200 2580 3.1
126 1400 3200 1.2
126 1600 3440 2.2
126 1800 3880 2.2
127 0 0 0.6
127 200 120 1.2
127 400 360 3.9
127 600 1140 3.2
127 800 1780 1.9
127 1000 2160 2.1
127 1200 2580 3.1
127 1400 3200 1.2
127 1600 3440 2.2
127 1800 3880 2.2
128 0 0 0.6
128 200 120 1.2
128 400 360 3.9
128 600 1140 3.2
128 800 1780 1.9
128 1000 2160 2.1
128 1200 2580 3.1
128 1400 3200 1.2
128 1600 3440 2.2
128 1800 3880 2.2
129 0 0 0.6
129 200 120 1.2
129 400 360 3.9
129 600 1140 3.2
129 800 1780 1.9
129 1000 2160 2.1
129 1200 2580 3.1
129 1400 3200 1.2
129 1600 3440 2.2
129 1800 3880 2.2
130 0 0 0.6
130 200 120 1.2
130 400 360 3.9
130 600 1140 3.2
130 800 1780 1.9
130 1000 2160 2.1
130 1200 2580 3.1
130 1400 3200 1.2
130 1600 3440 2.2
130 1800 3880 2.2
131 0 0 0.6
131 200 120 1.2
131 400 360 3.9
131 600 1140 3.2
131 800 1780 1.9
131 1000 2160 2.1
131 1200 2580 3.1
131 1400 3200 1.2
131 1600 3440 2.2
131 1800 3880 2.2
132 0 0 0.6
132 200 120 1.2
132 400 360 3.9
132 600 1140 3.2
132 800 1780 1.9
132 1000 2160 2.1
132 1200 2580 3.1
132 1400 3200 1.2
132 1600 3440 2.2
132 1800 3880 2.2
133 0 0 0.6
133 200 120 1.2
133 400 360 3.9
133 600 1140 3.2
133 800 1780 1.9
133 1000 2160 2.1
133 1200 2580 3.1
133 1400 3200 1.2
133 1600 3440 2.2
133 1800 3880 2.2
134 0 0 0.6
134 200 120 1.2
134 400 360 3.9
134 600 1140 3.2
134 800 1780 1.9
134 1000 2160 2.1
134 1200 2580 3.1
134 1400 3200 1.2
134 1600 3440 2.2
134 1800 3880 2.2
135 0 0 0.6
135 200 120 1.2
135 400 360 3.9
135 600 1140 3.2
135 800 1780 1.9
135 1000 2160 2.1
135 1200 2580 3.1
135 1400 3200 1.2
135 1600 3440 2.2
135 1800 3880 2.2
136 0 0 0.6
136 200 120 1.2
136 400 360 3.9
136 600 1140 3.2
136 800 1780 1.9
136 1000 2160 2.1
136 1200 2580 3.1
136 1400 3200 1.2
136 1600 3440 2.2
136 1800 3880 2.2
137 0 0 0.6
137 200 120 1.2
137 400 360 3.9
137 600 1140 3.2
137 800 1780 1.9
137 1000 2160 2.1
137 1200 2580 3.1
137 1400 3200 1.2
137 1600 3440 2.2
137 1800 3880 2.2
138 0 0 0.6
138 200 120 1.2
138 400 360 3.9
138 600 1140 3.2
138 800 1780 1.9
138 1000 2160 2.1
138 1200 2580 3.1
138 1400 3200 1.2
138 1600 3440 2.2
138 1800 3880 2.2
139 0 0 0.6
139 200 120 1.2
139 400 360 3.9
139 600 1140 3.2
139 800 1780 1.9
139 1000 2160 2.1
139 1200 2580 3.1
139 1400 3200 1.2
139 1600 3440 2.2
139 1800 3880 2.2
140 0 0 0.6
140 200 120 1.2
140 400 360 3.9
140 600 1140 3.2
140 800 1780 1.9
140 1000 2160 2.1
140 1200 2580 3.1
140 1400 3200 1.2
140 1600 3440 2.2
140 1800 3880 2.2
141 0 0 0.6
141 200 120 1.2
141 400 360 3.9
141 600 1140 3.2
141 800 1780 1.9
141 1000 2160 2.1
141 1200 2580 3.1
141 1400 3200 1.2
141 1600 3440 2.2
141 1800 3880 2.2
142 0 0 0.6
142 200 120 1.2
142 400 360 3.9
142 600 1140 3.2
142 800 1780 1.9
142 1000 2160 2.1
142 1200 2580 3.1
142 1400 3200 1.2
142 1600 3440 2.2
142 1800 3880 2.2
143 0 0 0.6
143 200 120 1.2
143 400 360 3.9
143 600 1140 3.2
143 800 1780 1.9
143 1000 2160 2.1
143 1200 2580 3.1
143 1400 3200 1.2
143 1600 3440 2.2
143 1800 3880 2.2
144 0 0 0.6
144 200 120 1.2
144 400 360 3.9
144 600 1140 3.2
144 800 1780 1.9
144 1000 2160 2.1
144 1200 2580 3.1
144 1400 3200 1.2
144 1600 3440 2.2
144 1800 3880 2.2
145 0 0 0.6
145 200 120 1.2
145 400 360 3.9
145 600 1140 3.2
145 800 1780 1.9
145 1000 2160 2.1
145 1200 2580 3.1
145 1400 3200 1.2
145 1600 3440 2.2
145 1800 3880 2.2
146 0 0 0.6
146 200 120 1.2
146 400 360 3.9
146 600 1140 3.2
146 800 1780 1.9
146 1000 2160 2.1
146 1200 2580 3.1
146 1400 3200 1.2
146 1600 3440 2.2
146 1800 3880 2.2
147 0 0 0.6
147 200 120 1.2
147 400 360 3.9
147 600 1140 3.2
147 800 1780 1.9
147 1000 2160 2.1
147 1200 2580 3.1
147 1400 3200 1.2
147 1600 3440 2.2
147 1800 3880 2.2
148 0 0 0.6
148 200 120 1.2
148 400 360 3.9
148 600 1140 3.2
148 800 1780 1.9
148 1000 2160 2.1
148 1200 2580 3.1
148 1400 3200 1.2
148 1600 3440 2.2
148 1800 3880 2.2
149 0 0 0.6
149 200 120 1.2
149 400 360 3.9
149 600 1140 3.2
149 800 1780 1.9
149 1000 2160 2.1
149 1200 2580 3.1
149 1400 3200 1.2
149 1600 3440 2.2
149 1800 3880 2.2
150 0 0 0.6
150 200 120 1.2
150 400 360 3.9
150 600 1140 3.2
150 800 1780 1.9
150 1000 2160 2.1
150 1200 2580 3.1
150 1400 3200 1.2
150 1600 3440 2.2
150 1800 3880 2.2
151 0 0 0.6
151 200 120 1.2
151 400 360 3.9
151 600 1140 3.2
151 800 1780 1.9
151 1000 2160 2.1
151 1200 2580 3.1
151 1400 3200 1.2
151 1600 3440 2.2
151 1800 3880 2.2
152 0 0 0.6
152 200 120 1.2
152 400 360 3.9
152 600 1140 3.2
152 800 1780 1.9
152 1000 2160 2.1
152 1200 2580 3.1
152 1400 3200 1.2
152 1600 3440 2.2
152 1800 3880 2.2
153 0 0 0.6
153 200 120 1.2
153 400 360 3.9
153 600 1140 3.2
153 800 1780 1.9
153 1000 2160 2.1
153 1200 2580 3.1
153 1400 3200 1.2
153 1600 3440 2.2
153 1800 3880 2.2
154 0 0 0.6
154 200 120 1.2
154 400 360 3.9
154 600 1140 3.2
154 800 1780 1.9
154 1000 2160 2.1
154 1200 2580 3.1
154 1400 3200 1.2
154 1600 3440 2.2
154 1800 3880 2.2
155 0 0 0.6
155 200 120 1.2
155 400 360 3.9
155 600 1140 3.2
155 800 1780 1.9
155 1000 2160 2.1
155 1200 2580 3.1
155 1400 3200 1.2
155 1600 3440 2.2
155 1800 3880 2.2
156 0 0 0.6
156 200 120 1.2
156 400 360 3.9
156 600 1140 3.2
156 800 1780 1.9
156 1000 2160 2.1
156 1200 2580 3.1
156 1400 3200 1.2
156 1600 3440 2.2
156 1800 3880 2.2
157 0 0 0.6
157 200 120 1.2
157 400 360 3.9
157 600 1140 3.2
157 800 1780 1.9
157 1000 2160 2.1
157 1200 2580 3.1
157 1400 3200 1.2
157 1600 3440 2.2
157 1800 3880 2.2
158 0 0 0.6
158 200 120 1.2
158 400 360 3.9
158 600 1140 3.2
158 800 1780 1.9
158 1000 2160 2.1
158 1200 2580 3.1
158 1400 3200 1.2
158 1600 3440 2.2
158 1800 3880 2.2
159 0 0 0.6
159 200 120 1.2
159 400 360 3.9
159 600 1140 3.2
159 800 1780 1.9
159 1000 2160 2.1
159 1200 2580 3.1
159 1400 3200 1.2
159 1600 3440 2.2
159 1800 3880 2.2
160 0 0 0.6
160 200 120 1.2
160 400 360 3.9
160 600 1140 3.2
160 800 1780 1.9
160 1000 2160 2.1
160 1200 2580 3.1
160 1400 3200 1.2
160 1600 3440 2.2
160 1800 3880 2.2
161 0 0 0.6
161 200 120 1.2
161 400 360 3.9
161 600 1140 3.2
161 800 1780 1.9
161 1000 2160 2.1
161 1200 2580 3.1
161 1400 3200 1.2
161 1600 3440 2.2
161 1800 3880 2.2
162 0 0 0.6
162 200 120 1.2
162 400 360 3.9
162 600 1140 3.2
162 800 1780 1.9
162 1000 2160 2.1
162 1200 2580 3.1
162 1400 3200 1.2
162 1600 3440 2.2
162 1800 3880 2.2
163 0 0 0.6
163 200 120 1.2
163 400 360 3.9
163 600 1140 3.2
163 800 1780 1.9
163 1000 2160 2.1
163 1200 2580 3.1
163 1400 3200 1.2
163 1600 3440 2.2
163 1800 3880 2.2
164 0 0 0.6
164 200 120 1.2
164 400 360 3.9
164 600 1140 3.2
164 800 1780 1.9
164 1000 2160 2.1
164 1200 2580 3.1
164 1400 3200 1.2
164 1600 3440 2.2
164 1800 3880 2.2
165 0 0 0.6
165 200 120 1.2
165 400 360 3.9
165 600 1140 3.2
165 800 1780 1.9
165 1000 2160 2.1
165 1200 2580 3.1
165 1400 3200 1.2
165 1600 3440 2.2
165 1800 3880 2.2
166 0 0 0.6
166 200 120 1.2
166 400 360 3.9
166 600 1140 3.2
166 800 1780 1.9
166 1000 2160 2.1
166 1200 2580 3.1
166 1400 3200 1.2
166 1600 3440 2.2
166 1800 3880 2.2
167 0 0 0.6
167 200 120 1.2
167 400 360 3.9
167 600 1140 3.2
167 800 1780 1.9
167 1000 2160 2.1
167 1200 2580 3.1
167 1400 3200 1.2
167 1600 3440 2.2
167 1800 3880 2.2
168 0 0 0.6
168 200 120 1.2
168 400 360 3.9
168 600 1140 3.2
168 800 1780 1.9
168 1000 2160 2.1
168 1200 2580 3.1
168 1400 3200 1.2
168 1600 3440 2.2
168 1800 3880 2.2
169 0 0 0.6
169 200 120 1.2
169 400 360 3.9
169 600 1140 3.2
169 800 1780 1.9
169 1000 2160 2.1
169 1200 2580 3.1
169 1400 3200 1.2
169 1600 3440 2.2
169 1800 3880 2.2
170 0 0 0.6
170 200 120 1.2
170 400 360 3.9
170 600 1140 3.2
170 800 1780 1.9
170 1000 2160 2.1
170 1200 2580 3.1
170 1400 3200 1.2
170 1600 3440 2.2
170 1800 3880 2.2
171 0 0 0.6
171 200 120 1.2
171 400 360 3.9
171 600 1140 3.2
171 800 1780 1.9
171 1000 2160 2.1
171 1200 2580 3.1
171 1400 3200 1.2
171 1600 3440 2.2
171 1800 3880 2.2
172 0 0 0.6
172 200 120 1.2
172 400 360 3.9
172 600 1140 3.2
172 800 1780 1.9
172 1000 2160 2.1
172 1200 2580 3.1
172 1400 3200 1.2
172 1600 3440 2.2
172 1800 3880 2.2
173 0 0 0.6
173 200 120 1.2
173 400 360 3.9
173 600 1140 3.2
173 800 1780 1.9
173 1000 2160 2.1
173 1200 2580 3.1
173 1400 3200 1.2
173 1600 3440 2.2
173 1800 3880 2.2
174 0 0 0.6
174 200 120 1.2
174 400 360 3.9
174 600 1140 3.2
174 800 1780 1.9
174 1000 2160 2.1
174 1200 2580 3.1
174 1400 3200 1.2
174 1600 3440 2.2
174 1800 3880 2.2
175 0 0 0.6
175 200 120 1.2
175 400 360 3.9
175 600 1140 3.2
175 800 1780 1.9
175 1000 2160 2.1
175 1200 2580 3.1
175 1400 3200 1.2
175 1600 3440 2.2
175 1800 3880 2.2
176 0 0 0.6
176 200 120 1.2
176 400 360 3.9
176 600 1140 3.2
176 800 1780 1.9
176 1000 2160 2.1
176 1200 2580 3.1
176 1400 3200 1.2
176 1600 3440 2.2
176 1800 3880 2.2
177 0 0 0.6
177 200 120 1.2
177 400 360 3.9
177 600 1140 3.2
177 800 1780 1.9
177 1000 2160 2.1
177 1200 2580 3.1
177 1400 3200 1.2
177 1600 3440 2.2
177 1800 3880 2.2
178 0 0 0.6
178 200 120 1.2
178 400 360 3.9
178 600 1140 3.2
178 800 1780 1.9
178 1000 2160 2.1
178 1200 2580 3.1
178 1400 3200 1.2
178 1600 3440 2.2
178 1800 3880 2.2
179 0 0 0.6
179 200 120 1.2
179 400 360 3.9
179 600 1140 3.2
179 800 1780 1.9
179 1000 2160 2.1
179 1200 2580 3.1
179 1400 3200 1.2
179 1600 3440 2.2
179 1800 3880 2.2
180 0 0 0.6
180 200 120 1.2
180 400 360 3.9
180 600 1140 3.2
180 800 1780 1.9
180 1000 2160 2.1
180 1200 2580 3.1
180 1400 3200 1.2
180 1600 3440 2.2
180 1800 3880 2.2
181 0 0 0.6
181 200 120 1.2
181 400 360 3.9
181 600 1140 3.2
181 800 1780 1.9
181 1000 2160 2.1
181 1200 2580 3.1
181 1400 3200 1.2
181 1600 3440 2.2
181 1800 3880 2.2
182 0 0 0.6
182 200 120 1.2
182 400 360 3.9
182 600 1140 3.2
182 800 1780 1.9
182 1000 2160 2.1
182 1200 2580 3.1
182 1400 3200 1.2
182 1600 3440 2.2
182 1800 3880 2.2
183 0 0 0.6
183 200 120 1.2
183 400 360 3.9
183 600 1140 3.2
183 800 1780 1.9
183 1000 2160 2.1
183 1200 2580 3.1
183 1400 3200 1.2
183 1600 3440 2.2
183 1800 3880 2.2
184 0 0 0.6
184 200 120 1.2
184 400 360 3.9
184 600 1140 3.2
184 800 1780 1.9
184 1000 2160 2.1
184 1200 2580 3.1
184 1400 3200 1.2
184 1600 3440 2.2
184 1800 3880 2.2
185 0 0 0.6
185 200 120 1.2
185 400 360 3.9
185 600 1140 3.2
185 800 1780 1.9
185 1000 2160 2.1
185 1200 2580 3.1
185 1400 3200 1.2
185 1600 3440 2.2
185 1800 3880 2.2
186 0 0 0.6
186 200 120 1.2
186 400 360 3.9
186 600 1140 3.2
186 800 1780 1.9
186 1000 2160 2.1
186 1200 2580 3.1
186 1400 3200 1.2
186 1600 3440 2.2
186 1800 3880 2.2
187 0 0 0.6
187 200 120 1.2
187 400 360 3.9
187 600 1140 3.2
187 800 1780 1.9
187 1000 2160 2.1
187 1200 2580 3.1
187 1400 3200 1.2
187 1600 3440 2.2
187 1800 3880 2.2
188 0 0 0.6
188 200 120 1.2
188 400 360 3.9
188 600 1140 3.2
188 800 1780 1.9
188 1000 2160 2.1
188 1200 2580 3.1
188 1400 3200 1.2
188 1600 3440 2.2
188 1800 3880 2.2
189 0 0 0.6
189 200 120 1.2
189 400 360 3.9
189 600 1140 3.2
189 800 1780 1.9
189 1000 2160 2.1
189 1200 2580 3.1
189 1400 3200 1.2
189 1600 3440 2.2
189 1800 3880 2.2
190 0 0 0.6
190 200 120 1.2
190 400 360 3.9
190 600 1140 3.2
190 800 1780 1.9
190 1000 2160 2.1
190 1200 2580 3.1
190 1400 3200 1.2
190 1600 3440 2.2
190 1800 3880 2.2
191 0 0 0.6
191 200 120 1.2
191 400 360 3.9
191 600 1140 3.2
191 800 1780 1.9
191 1000 2160 2.1
191 1200 2580 3.1
191 1400 3200 1.2
191 1600 3440 2.2
191 1800 3880 2.2
192 0 0 0.6
192 200 120 1.2
192 400 360 3.9
192 600 1140 3.2
192 800 1780 1.9
192 1000 2160 2.1
192 1200 2580 3.1
192 1400 3200 1.2
192 1600 3440 2.2
192 1800 3880 2.2
193 0 0 0.6
193 200 120 1.2
193 400 360 3.9
193 600 1140 3.2
193 800 1780 1.9
193 1000 2160 2.1
193 1200 2580 3.1
193 1400 3200 1.2
193 1600 3440 2.2
193 1800 3880 2.2
194 0 0 0.6
194 200 120 1.2
194 400 360 3.9
194 600 1140 3.2
194 800 1780 1.9
194 1000 2160 2.1
194 1200 2580 3.1
194 1400 3200 1.2
194 1600 3440 2.2
194 1800 3880 2.2
195 0 0 0.6
195 200 120 1.2
195 400 360 3.9
195 600 1140 3.2
195 800 1780 1.9
195 1000 2160 2.1
195 1200 2580 3.1
195 1400 3200 1.2
195 1600 3440 2.2
195 1800 3880 2.2
196 0 0 0.6
196 200 120 1.2
196 400 360 3.9
196 600 1140 3.2
196 800 1780 1.9
196 1000 2160 2.1
196 1200 2580 3.1
196 1400 3200 1.2
196 1600 3440 2.2
196 1800 3880 2.2
197 0 0 0.6
197 200 120 1.2
197 400 360 3.9
197 600 1140 3.2
197 800 1780 1.9
197 1000 2160 2.1
197 1200 2580 3.1
197 1400 3200 1.2
197 1600 3440 2.2
197 1800 3880 2.2
198 0 0 0.6
198 200 120 1.2
198 400 360 3.9
198 600 1140 3.2
198 800 1780 1.9
198 1000 2160 2.1
198 1200 2580 3.1
198 1400 3200 1.2
198 1600 3440 2.2
198 1800 3880 2.2
199 0 0 0.6
199 200 120 1.2
199 400 360 3.9
199 600 1140 3.2
199 800 1780 1.9
199 1000 2160 2.1
199 1200 2580 3.1
199 1400 3200 1.2
199 1600 3440 2.2
199 1800 3880 2.2
200 0 0 0.6
200 200 120 1.2
200 400 360 3.9
200 600 1140 3.2
200 800 1780 1.9
200 1000 2160 2.1
200 1200 2580 3.1
200 1400 3200 1.2
200 1600 3440 2.2
200 1800 3880 2.2
201 0 0 0.6
201 200 120 1.2
201 400 360 3.9
201 600 1140 3.2
201 800 1780 1.9
201 1000 2160 2.1
201 1200 2580 3.1
201 1400 3200 1.2
201 1600 3440 2.2
201 1800 3880 2.2
202 0 0 0.6
202 200 120 1.2
202 400 360 3.9
202 600 1140 3.2
202 800 1780 1.9
202 1000 2160 2.1
202 1200 2580 3.1
202 1400 3200 1.2
202 1600 3440 2.2
202 1800 3880 2.2
203 0 0 0.6
203 200 120 1.2
203 400 360 3.9
203 600 1140 3.2
203 800 1780 1.9
203 1000 2160 2.1
203 1200 2580 3.1
203 1400 3200 1.2
203 1600 3440 2.2
203 1800 3880 2.2
204 0 0 0.6
204 200 120 1.2
204 400 360 3.9
204 600 1140 3.2
204 800 1780 1.9
204 1000 2160 2.1
204 1200 2580 3.1
204 1400 3200 1.2
204 1600 3440 2.2
204 1800 3880 2.2
205 0 0 0.6
205 200 120 1.2
205 400 360 3.9
205 600 1140 3.2
205 800 1780 1.9
205 1000 2160 2.1
205 1200 2580 3.1
205 1400 3200 1.2
205 1600 3440 2.2
205 1800 3880 2.2
206 0 0 0.6
206 200 120 1.2
206 400 360 3.9
206 600 1140 3.2
206 800 1780 1.9
206 1000 2160 2.1
206 1200 2580 3.1
206 1400 3200 1.2
206 1600 3440 2.2
206 1800 3880 2.2
207 0 0 0.6
207 200 120 1.2
207 400 360 3.9
207 600 1140 3.2
207 800 1780 1.9
207 1000 2160 2.1
207 1200 2580 3.1
207 1400 3200 1.2
207 1600 3440 2.2
207 1800 3880 2.2
208 0 0 0.6
208 200 120 1.2
208 400 360 3.9
208 600 1140 3.2
208 800 1780 1.9
208 1000 2160 2.1
208 1200 2580 3.1
208 1400 3200 1.2
208 1600 3440 2.2
208 1800 3880 2.2
209 0 0 0.6
209 200 120 1.2
209 400 360 3.9
209 600 1140 3.2
209 800 1780 1.9
209 1000 2160 2.1
209 1200 2580 3.1
209 1400 3200 1.2
209 1600 3440 2.2
209 1800 3880 2.2
210 0 0 0.6
210 200 120 1.2
210 400 360 3.9
210 600 1140 3.2
210 800 1780 1.9
210 1000 2160 2.1
210 1200 2580 3.1
210 1400 3200 1.2
210 1600 3440 2.2
210 1800 3880 2.2
211 0 0 0.6
211 200 120 1.2
211 400 360 3.9
211 600 1140 3.2
211 800 1780 1.9
211 1000 2160 2.1
211 1200 2580 3.1
211 1400 3200 1.2
211 1600 3440 2.2
211 1800 3880 2.2
212 0 0 0.6
212 200 120 1.2
212 400 360 3.9
212 600 1140 3.2
212 800 1780 1.9
212 1000 2160 2.1
212 1200 2580 3.1
212 1400 3200 1.2
212 1600 3440 2.2
212 1800 3880 2.2
213 0 0 0.6
213 200 120 1.2
213 400 360 3.9
213 600 1140 3.2
213 800 1780 1.9
213 1000 2160 2.1
213 1200 2580 3.1
213 1400 3200 1.2
213 1600 3440 2.2
213 1800 3880 2.2
214 0 0 0.6
214 200 120 1.2
214 400 360 3.9
214 600 1140 3.2
214 800 1780 1.9
214 1000 2160 2.1
214 1200 2580 3.1
214 1400 3200 1.2
214 1600 3440 2.2
214 1800 3880 2.2
215 0 0 0.6
215 200 120 1.2
215 400 360 3.9
215 600 1140 3.2
215 800 1780 1.9
215 1000 2160 2.1
215 1200 2580 3.1
215 1400 3200 1.2
215 1600 3440 2.2
215 1800 3880 2.2
216 0 0 0.6
216 200 120 1.2
216 400 360 3.9
216 600 1140 3.2
216 800 1780 1.9
216 1000 2160 2.1
216 1200 2580 3.1
216 1400 3200 1.2
216 1600 3440 2.2
216 1800 3880 2.2
217 0 0 0.6
217 200 120 1.2
217 400 360 3.9
217 600 1140 3.2
217 800 1780 1.9
217 1000 2160 2.1
217 1200 2580 3.1
217 1400 3200 1.2
217 1600 3440 2.2
217 1800 3880 2.2
218 0 0 0.6
218 200 120 1.2
218 400 360 3.9
218 600 1140 3.2
218 800 1780 1.9
218 1000 2160 2.1
218 1200 2580 3.1
218 1400 3200 1.2
218 1600 3440 2.2
218 1800 3880 2.2
219 0 0 0.6
219 200 120 1.2
219 400 360 3.9
219 600 1140 3.2
219 800 1780 1.9
219 1000 2160 2.1
219 1200 2580 3.1
219 1400 3200 1.2
219 1600 3440 2.2
219 1800 3880 2.2
220 0 0 0.6
220 200 120 1.2
220 400 360 3.9
220 600 1140 3.2
220 800 1780 1.9
220 1000 2160 2.1
220 1200 2580 3.1
220 1400 3200 1.2
220 1600 3440 2.2
220 1800 3880 2.2
221 0 0 0.6
221 200 120 1.2
221 400 360 3.9
221 600 1140 3.2
221 800 1780 1.9
221 1000 2160 2.1
221 1200 2580 3.1
221 1400 3200 1.2
221 1600 3440 2.2
221 1800 3880 2.2
222 0 0 0.6
222 200 120 1.2
222 400 360 3.9
222 600 1140 3.2
222 800 1780 1.9
222 1000 2160 2.1
222 1200 2580 3.1
222 1400 3200 1.2
222 1600 3440 2.2
222 1800 3880 2.2
223 0 0 0.6
223 200 120 1.2
223 400 360 3.9
223 600 1140 3.2
223 800 1780 1.9
223 1000 2160 2.1
223 1200 2580 3.1
223 1400 3200 1.2
223 1600 3440 2.2
223 1800 3880 2.2
224 0 0 0.6
224 200 120 1.2
224 400 360 3.9
224 600 1140 3.2
224 800 1780 1.9
224 1000 2160 2.1
224 1200 2580 3.1
224 1400 3200 1.2
224 1600 3440 2.2
224 1800 3880 2.2
225 0 0 0.6
225 200 120 1.2
225 400 360 3.9
225 600 1140 3.2
225 800 1780 1.9
225 1000 2160 2.1
225 1200 2580 3.1
225 1400 3200 1.2
225 1600 3440 2.2
225 1800 3880 2.2
226 0 0 0.6
226 200 120 1.2
226 400 360 3.9
226 600 1140 3.2
226 800 1780 1.9
226 1000 2160 2.1
226 1200 2580 3.1
226 1400 3200 1.2
226 1600 3440 2.2
226 1800 3880 2.2
227 0 0 0.6
227 200 120 1.2
227 400 360 3.9
227 600 1140 3.2
227 800 1780 1.9
227 1000 2160 2.1
227 1200 2580 3.1
227 1400 3200 1.2
227 1600 3440 2.2
227 1800 3880 2.2
228 0 0 0.6
228 200 120 1.2
228 400 360 3.9
228 600 1140 3.2
228 800 1780 1.9
228 1000 2160 2.1
228 1200 2580 3.1
228 1400 3200 1.2
228 1600 3440 2.2
228 1800 3880 2.2
229 0 0 0.6
229 200 120 1.2
229 400 360 3.9
229 600 1140 3.2
229 800 1780 1.9
229 1000 2160 2.1
229 1200 2580 3.1
229 1400 3200 1.2
229 1600 3440 2.2
229 1800 3880 2.2
230 0 0 0.6
230 200 120 1.2
230 400 360 3.9
230 600 1140 3.2
230 800 1780 1.9
230 1000 2160 2.1
230 1200 2580 3.1
230 1400 3200 1.2
230 1600 3440 2.2
230 1800 3880 2.2
231 0 0 0.6
231 200 120 1.2
231 400 360 3.9
231 600 1140 3.2
231 800 1780 1.9
231 1000 2160 2.1
231 1200 2580 3.1
231 1400 3200 1.2
231 1600 3440 2.2
231 1800 3880 2.2
232 0 0 0.6
232 200 120 1.2
232 400 360 3.9
232 600 1140 3.2
232 800 1780 1.9
232 1000 2160 2.1
232 1200 2580 3.1
232 1400 3200 1.2
232 1600 3440 2.2
232 1800 3880 2.2
233 0 0 0.6
233 200 120 1.2
233 400 360 3.9
233 600 1140 3.2
233 800 1780 1.9
233 1000 2160 2.1
233 1200 2580 3.1
233 1400 3200 1.2
233 1600 3440 2.2
233 1800 3880 2.2
234 0 0 0.6
234 200 120 1.2
234 400 360 3.9
234 600 1140 3.2
234 800 1780 1.9
234 1000 2160 2.1
234 1200 2580 3.1
234 1400 3200 1.2
234 1600 3440 2.2
234 1800 3880 2.2
235 0 0 0.6
235 200 120 1.2
235 400 360 3.9
235 600 1140 3.2
235 800 1780 1.9
235 1000 2160 2.1
235 1200 2580 3.1
235 1400 3200 1.2
235 1600 3440 2.2
235 1800 3880 2.2
236 0 0 0.6
236 200 120 1.2
236 400 360 3.9
236 600 1140 3.2
236 800 1780 1.9
236 1000 2160 2.1
236 1200 2580 3.1
236 1400 3200 1.2
236 1600 3440 2.2
236 1800 3880 2.2
237 0 0 0.6
237 200 120 1.2
237 400 360 3.9
237 600 1140 3.2
237 800 1780 1.9
237 1000 2160 2.1
237 1200 2580 3.1
237 1400 3200 1.2
237 1600 3440 2.2
237 1800 3880 2.2
238 0 0 0.6
238 200 120 1.2
238 400 360 3.9
238 600 1140 3.2
238 800 1780 1.9
238 1000 2160 2.1
238 1200 2580 3.1
238 1400 3200 1.2
238 1600 3440 2.2
238 1800 3880 2.2
239 0 0 0.6
239 200 120 1.2
239 400 360 3.9
239 600 1140 3.2
239 800 1780 1.9
239 1000 2160 2.1
239 1200 2580 3.1
239 1400 3200 1.2
239 1600 3440 2.2
239 1800 3880 2.2
240 0 0 0.6
240 200 120 1.2
240 400 360 3.9
240 600 1140 3.2
240 800 1780 1.9
240 1000 2160 2.1
240 1200 2580 3.1
240 1400 3200 1.2
240 1600 3440 2.2
240 1800 3880 2.2
241 0 0 0.6
241 200 120 1.2
241 400 360 3.9
241 600 1140 3.2
241 800 1780 1.9
241 1000 2160 2.1
241 1200 2580 3.1
241 1400 3200 1.2
241 1600 3440 2.2
241 1800 3880 2.2
242 0 0 0.6
242 200 120 1.2
242 400 360 3.9
242 600 1140 3.2
242 800 1780 1.9
242 1000 2160 2.1
242 1200 2580 3.1
242 1400 3200 1.2
242 1600 3440 2.2
242 1800 3880 2.2
243 0 0 0.6
243 200 120 1.2
243 400 360 3.9
243 600 1140 3.2
243 800 1780 1.9
243 1000 2160 2.1
243 1200 2580 3.1
243 1400 3200 1.2
243 1600 3440 2.2
243 1800 3880 2.2
244 0 0 0.6
244 200 120 1.2
244 400 360 3.9
244 600 1140 3.2
244 800 1780 1.9
244 1000 2160 2.1
244 1200 2580 3.1
244 1400 3200 1.2
244 1600 3440 2.2
244 1800 3880 2.2
245 0 0 0.6
245 200 120 1.2
245 400 360 3.9
245 600 1140 3.2
245 800 1780 1.9
245 1000 2160 2.1
245 1200 2580 3.1
245 1400 3200 1.2
245 1600 3440 2.2
245 1800 3880 2.2
246 0 0 0.6
246 200 120 1.2
246 400 360 3.9
246 600 1140 3.2
246 800 1780 1.9
246 1000 2160 2.1
246 1200 2580 3.1
246 1400 3200 1.2
246 1600 3440 2.2
246 1800 3880 2.2
247 0 0 0.6
247 200 120 1.2
247 400 360 3.9
247 600 1140 3.2
247 800 1780 1.9
247 1000 2160 2.1
247 1200 2580 3.1
247 1400 3200 1.2
247 1600 3440 2.2
247 1800 3880 2.2
248 0 0 0.6
248 200 120 1.2
248 400 360 3.9
248 600 1140 3.2
248 800 1780 1.9
248 1000 2160 2.1
248 1200 2580 3.1
248 1400 3200 1.2
248 1600 3440 2.2
248 1800 3880 2.2
249 0 0 0.6
249 200 120 1.2
249 400 360 3.9
249 600 1140 3.2
249 800 1780 1.9
249 1000 2160 2.1
249 1200 2580 3.1
249 1400 3200 1.2
249 1600 3440 2.2
249 1800 3880 2.2
250 0 0 0.6
250 200 120 1.2
250 400 360 3.9
250 600 1140 3.2
250 800 1780 1.9
250 1000 2160 2.1
250 1200 2580 3.1
250 1400 3200 1.2
250 1600 3440 2.2
250 1800 3880 2.2
251 0 0 0.6
251 200 120 1.2
251 400 360 3.9
251 600 1140 3.2
251 800 1780 1.9
251 1000 2160 2.1
251 1200 2580 3.1
251 1400 3200 1.2
251 1600 3440 2.2
251 1800 3880 2.2
252 0 0 0.6
252 200 120 1.2
252 400 360 3.9
252 600 1140 3.2
252 800 1780 1.9
252 1000 2160 2.1
252 1200 2580 3.1
252 1400 3200 1.2
252 1600 3440 2.2
252 1800 3880 2.2
253 0 0 0.6
253 200 120 1.2
253 400 360 3.9
253 600 1140 3.2
253 800 1780 1.9
253 1000 2160 2.1
253 1200 2580 3.1
253 1400 3200 1.2
253 1600 3440 2.2
253 1800 3880 2.2
254 0 0 0.6
254 200 120 1.2
254 400 360 3.9
254 600 1140 3.2
254 800 1780 1.9
254 1000 2160 2.1
254 1200 2580 3.1
254 1400 3200 1.2
254 1600 3440 2.2
254 1800 3880 2.2
255 0 0 0.6
255 200 120 1.2
255 400 360 3.9
255 600 1140 3.2
255 800 1780 1.9
255 1000 2160 2.1
255 1200 2580 3.1
255 1400 3200 1.2
255 1600 3440 2.2
255 1800 3880 2.2
256 0 0 0.6
256 200 120 1.2
256 400 360 3.9
256 600 1140 3.2
256 800 1780 1.9
256 1000 2160 2.1
256 1200 2580 3.1
256 1400 3200 1.2
256 1600 3440 2.2
256 1800 3880 2.2
257 0 0 0.6
257 200 120 1.2
257 400 360 3.9
257 600 1140 3.2
257 800 1780 1.9
257 1000 2160 2.1
257 1200 2580 3.1
257 1400 3200 1.2
257 1600 3440 2.2
257 1800 3880 2.2
258 0 0 0.6
258 200 120 1.2
258 400 360 3.9
258 600 1140 3.2
258 800 1780 1.9
258 1000 2160 2.1
258 1200 2580 3.1
258 1400 3200 1.2
258 1600 3440 2.2
258 1800 3880 2.2
259 0 0 0.6
259 200 120 1.2
259 400 360 3.9
259 600 1140 3.2
259 800 1780 1.9
259 1000 2160 2.1
259 1200 2580 3.1
259 1400 3200 1.2
259 1600 3440 2.2
259 1800 3880 2.2
260 0 0 0.6
260 200 120 1.2
260 400 360 3.9
260 600 1140 3.2
260 800 1780 1.9
260 1000 2160 2.1
260 1200 2580 3.1
260 1400 3200 1.2
260 1600 3440 2.2
260 1800 3880 2.2
261 0 0 0.6
261 200 120 1.2
261 400 360 3.9
261 600 1140 3.2
261 800 1780 1.9
261 1000 2160 2.1
261 1200 2580 3.1
261 1400 3200 1.2
261 1600 3440 2.2
261 1800 3880 2.2
262 0 0 0.6
262 200 120 1.2
262 400 360 3.9
262 600 1140 3.2
262 800 1780 1.9
262 1000 2160 2.1
262 1200 2580 3.1
262 1400 3200 1.2
262 1600 3440 2.2
262 1800 3880 2.2
263 0 0 0.6
263 200 120 1.2
263 400 360 3.9
263 600 1140 3.2
263 800 1780 1.9
263 1000 2160 2.1
263 1200 2580 3.1
263 1400 3200 1.2
263 1600 3440 2.2
263 1800 3880 2.2
264 0 0 0.6
264 200 120 1.2
264 400 360 3.9
264 600 1140 3.2
264 800 1780 1.9
264 1000 2160 2.1
264 1200 2580 3.1
264 1400 3200 1.2
264 1600 3440 2.2
264 1800 3880 2.2
265 0 0 0.6
265 200 120 1.2
265 400 360 3.9
265 600 1140 3.2
265 800 1780 1.9
265 1000 2160 2.1
265 1200 2580 3.1
265 1400 3200 1.2
265 1600 3440 2.2
265 1800 3880 2.2
266 0 0 0.6
266 200 120 1.2
266 400 360 3.9
266 600 1140 3.2
266 800 1780 1.9
266 1000 2160 2.1
266 1200 2580 3.1
266 1400 3200 1.2
266 1600 3440 2.2
266 1800 3880 2.2
267 0 0 0.6
267 200 120 1.2
267 400 360 3.9
267 600 1140 3.2
267 800 1780 1.9
267 1000 2160 2.1
267 1200 2580 3.1
267 1400 3200 1.2
267 1600 3440 2.2
267 1800 3880 2.2
268 0 0 0.6
268 200 120 1.2
268 400 360 3.9
268 600 1140 3.2
268 800 1780 1.9
268 1000 2160 2.1
268 1200 2580 3.1
268 1400 3200 1.2
268 1600 3440 2.2
268 1800 3880 2.2
269 0 0 0.6
269 200 120 1.2
269 400 360 3.9
269 600 1140 3.2
269 800 1780 1.9
269 1000 2160 2.1
269 1200 2580 3.1
269 1400 3200 1.2
269 1600 3440 2.2
269 1800 3880 2.2
270 0 0 0.6
270 200 120 1.2
270 400 360 3.9
270 600 1140 3.2
270 800 1780 1.9
270 1000 2160 2.1
270 1200 2580 3.1
270 1400 3200 1.2
270 1600 3440 2.2
270 1800 3880 2.2
271 0 0 0.6
271 200 120 1.2
271 400 360 3.9
271 600 1140 3.2
271 800 1780 1.9
271 1000 2160 2.1
271 1200 2580 3.1
271 1400 3200 1.2
271 1600 3440 2.2
271 1800 3880 2.2
272 0 0 0.6
272 200 120 1.2
272 400 360 3.9
272 600 1140 3.2
272 800 1780 1.9
272 1000 2160 2.1
272 1200 2580 3.1
272 1400 3200 1.2
272 1600 3440 2.2
272 1800 3880 2.2
273 0 0 0.6
273 200 120 1.2
273 400 360 3.9
273 600 1140 3.2
273 800 1780 1.9
273 1000 2160 2.1
273 1200 2580 3.1
273 1400 3200 1.2
273 1600 3440 2.2
273 1800 3880 2.2
274 0 0 0.6
274 200 120 1.2
274 400 360 3.9
274 600 1140 3.2
274 800 1780 1.9
274 1000 2160 2.1
274 1200 2580 3.1
274 1400 3200 1.2
274 1600 3440 2.2
274 1800 3880 2.2
275 0 0 0.6
275 200 120 1.2
275 400 360 3.9
275 600 1140 3.2
275 800 1780 1.9
275 1000 2160 2.1
275 1200 2580 3.1
275 1400 3200 1.2
275 1600 3440 2.2
275 1800 3880 2.2
276 0 0 0.6
276 200 120 1.2
276 400 360 3.9
276 600 1140 3.2
276 800 1780 1.9
276 1000 2160 2.1
276 1200 2580 3.1
276 1400 3200 1.2
276 1600 3440 2.2
276 1800 3880 2.2
277 0 0 0.6
277 200 120 1.2
277 400 360 3.9
277 600 1140 3.2
277 800 1780 1.9
277 1000 2160 2.1
277 1200 2580 3.1
277 1400 3200 1.2
277 1600 3440 2.2
277 1800 3880 2.2
278 0 0 0.6
278 200 120 1.2
278 400 360 3.9
278 600 1140 3.2
278 800 1780 1.9
278 1000 2160 2.1
278 1200 2580 3.1
278 1400 3200 1.2
278 1600 3440 2.2
278 1800 3880 2.2
279 0 0 0.6
279 200 120 1.2
279 400 360 3.9
279 600 1140 3.2
279 800 1780 1.9
279 1000 2160 2.1
279 1200 2580 3.1
279 1400 3200 1.2
279 1600 3440 2.2
279 1800 3880 2.2
280 0 0 0.6
280 200 120 1.2
280 400 360 3.9
280 600 1140 3.2
280 800 1780 1.9
280 1000 2160 2.1
280 1200 2580 3.1
280 1400 3200 1.2
280 1600 3440 2.2
280 1800 3880 2.2
281 0 0 0.6
281 200 120 1.2
281 400 360 3.9
281 600 1140 3.2
281 800 1780 1.9
281 1000 2160 2.1
281 1200 2580 3.1
281 1400 3200 1.2
281 1600 3440 2.2
281 1800 3880 2.2
282 0 0 0.6
282 200 120 1.2
282 400 360 3.9
282 600 1140 3.2
282 800 1780 1.9
282 1000 2160 2.1
282 1200 2580 3.1
282 1400 3200 1.2
282 1600 3440 2.2
282 1800 3880 2.2
283 0 0 0.6
283 200 120 1.2
283 400 360 3.9
283 600 1140 3.2
283 800 1780 1.9
283 1000 2160 2.1
283 1200 2580 3.1
283 1400 3200 1.2
283 1600 3440 2.2
283 1800 3880 2.2
284 0 0 0.6
284 200 120 1.2
284 400 360 3.9
284 600 1140 3.2
284 800 1780 1.9
284 1000 2160 2.1
284 1200 2580 3.1
284 1400 3200 1.2
284 1600 3440 2.2
284 1800 3880 2.2
285 0 0 0.6
285 200 120 1.2
285 400 360 3.9
285 600 1140 3.2
285 800 1780 1.9
285 1000 2160 2.1
285 1200 2580 3.1
285 1400 3200 1.2
285 1600 3440 2.2
285 1800 3880 2.2
286 0 0 0.6
286 200 120 1.2
286 400 360 3.9
286 600 1140 3.2
286 800 1780 1.9
286 1000 2160 2.1
286 1200 2580 3.1
286 1400 3200 1.2
286 1600 3440 2.2
286 1800 3880 2.2
287 0 0 0.6
287 200 120 1.2
287 400 360 3.9
287 600 1140 3.2
287 800 1780 1.9
287 1000 2160 2.1
287 1200 2580 3.1
287 1400 3200 1.2
287 1600 3440 2.2
287 1800 3880 2.2
288 0 0 0.6
288 200 120 1.2
288 400 360 3.9
288 600 1140 3.2
288 800 1780 1.9
288 1000 2160 2.1
288 1200 2580 3.1
288 1400 3200 1.2
288 1600 3440 2.2
288 1800 3880 2.2
289 0 0 0.6
289 200 120 1.2
289 400 360 3.9
289 600 1140 3.2
289 800 1780 1.9
289 1000 2160 2.1
289 1200 2580 3.1
289 1400 3200 1.2
289 1600 3440 2.2
289 1800 3880 2.2
290 0 0 0.6
290 200 120 1.2
290 400 360 3.9
290 600 1140 3.2
290 800 1780 1.9
290 1000 2160 2.1
290 1200 2580 3.1
290 1400 3200 1.2
290 1600 3440 2.2
290 1800 3880 2.2
291 0 0 0.6
291 200 120 1.2
291 400 360 3.9
291 600 1140 3.2
291 800 1780 1.9
291 1000 2160 2.1
291 1200 2580 3.1
291 1400 3200 1.2
291 1600 3440 2.2
291 1800 3880 2.2
292 0 0 0.6
292 200 120 1.2
292 400 360 3.9
292 600 1140 3.2
292 800 1780 1.9
292 1000 2160 2.1
292 1200 2580 3.1
292 1400 3200 1.2
292 1600 3440 2.2
292 1800 3880 2.2
293 0 0 0.6
293 200 120 1.2
293 400 360 3.9
293 600 1140 3.2
293 800 1780 1.9
293 1000 2160 2.1
293 1200 2580 3.1
293 1400 3200 1.2
293 1600 3440 2.2
293 1800 3880 2.2
294 0 0 0.6
294 200 120 1.2
294 400 360 3.9
294 600 1140 3.2
294 800 1780 1.9
294 1000 2160 2.1
294 1200 2580 3.1
294 1400 3200 1.2
294 1600 3440 2.2
294 1800 3880 2.2
295 0 0 0.6
295 200 120 1.2
295 400 360 3.9
295 600 1140 3.2
295 800 1780 1.9
295 1000 2160 2.1
295 1200 2580 3.1
295 1400 3200 1.2
295 1600 3440 2.2
295 1800 3880 2.2
296 0 0 0.6
296 200 120 1.2
296 400 360 3.9
296 600 1140 3.2
296 800 1780 1.9
296 1000 2160 2.1
296 1200 2580 3.1
296 1400 3200 1.2
296 1600 3440 2.2
296 1800 3880 2.2
297 0 0 0.6
297 200 120 1.2
297 400 360 3.9
297 600 1140 3.2
297 800 1780 1.9
297 1000 2160 2.1
297 1200 2580 3.1
297 1400 3200 1.2
297 1600 3440 2.2
297 1800 3880 2.2
298 0 0 0.6
298 200 120 1.2
298 400 360 3.9
298 600 1140 3.2
298 800 1780 1.9
298 1000 2160 2.1
298 1200 2580 3.1
298 1400 3200 1.2
298 1600 3440 2.2
298 1800 3880 2.2
299 0 0 0.6
299 200 120 1.2
299 400 360 3.9
299 600 1140 3.2
299 800 1780 1.9
299 1000 2160 2.1
299 1200 2580 3.1
299 1400 3200 1.2
299 1600 3440 2.2
299 1800 3880 2.2
300 0 0 0.6
300 200 120 1.2
300 400 360 3.9
300 600 1140 3.2
300 800 1780 1.9
300 1000 2160 2.1
300 1200 2580 3.1
300 1400 3200 1.2
300 1600 3440 2.2
300 1800 3880 2.2
301 0 0 0.6
301 200 120 1.2
301 400 360 3.9
301 600 1140 3.2
301 800 1780 1.9
301 1000 2160 2.1
301 1200 2580 3.1
301 1400 3200 1.2
301 1600 3440 2.2
301 1800 3880 2.2
302 0 0 0.6
302 200 120 1.2
302 400 360 3.9
302 600 1140 3.2
302 800 1780 1.9
302 1000 2160 2.1
302 1200 2580 3.1
302 1400 3200 1.2
302 1600 3440 2.2
302 1800 3880 2.2
303 0 0 0.6
303 200 120 1.2
303 400 360 3.9
303 600 1140 3.2
303 800 1780 1.9
303 1000 2160 2.1
303 1200 2580 3.1
303 1400 3200 1.2
303 1600 3440 2.2
303 1800 3880 2.2
304 0 0 0.6
304 200 120 1.2
304 400 360 3.9
304 600 1140 3.2
304 800 1780 1.9
304 1000 2160 2.1
304 1200 2580 3.1
304 1400 3200 1.2
304 1600 3440 2.2
304 1800 3880 2.2
305 0 0 0.6
305 200 120 1.2
305 400 360 3.9
305 600 1140 3.2
305 800 1780 1.9
305 1000 2160 2.1
305 1200 2580 3.1
305 1400 3200 1.2
305 1600 3440 2.2
305 1800 3880 2.2
306 0 0 0.6
306 200 120 1.2
306 400 360 3.9
306 600 1140 3.2
306 800 1780 1.9
306 1000 2160 2.1
306 1200 2580 3.1
306 1400 3200 1.2
306 1600 3440 2.2
306 1800 3880 2.2
307 0 0 0.6
307 200 120 1.2
307 400 360 3.9
307 600 1140 3.2
307 800 1780 1.9
307 1000 2160 2.1
307 1200 2580 3.1
307 1400 3200 1.2
307 1600 3440 2.2
307 1800 3880 2.2
308 0 0 0.6
308 200 120 1.2
308 400 360 3.9
308 600 1140 3.2
308 800 1780 1.9
308 1000 2160 2.1
308 1200 2580 3.1
308 1400 3200 1.2
308 1600 3440 2.2
308 1800 3880 2.2
309 0 0 0.6
309 200 120 1.2
309 400 360 3.9
309 600 1140 3.2
309 800 1780 1.9
309 1000 2160 2.1
309 1200 2580 3.1
309 1400 3200 1.2
309 1600 3440 2.2
309 1800 3880 2.2
310 0 0 0.6
310 200 120 1.2
310 400 360 3.9
310 600 1140 3.2
310 800 1780 1.9
310 1000 2160 2.1
310 1200 2580 3.1
310 1400 3200 1.2
310 1600 3440 2.2
310 1800 3880 2.2
311 0 0 0.6
311 200 120 1.2
311 400 360 3.9
311 600 1140 3.2
311 800 1780 1.9
311 1000 2160 2.1
311 1200 2580 3.1
311 1400 3200 1.2
311 1600 3440 2.2
311 1800 3880 2.2
312 0 0 0.6
312 200 120 1.2
312 400 360 3.9
312 600 1140 3.2
312 800 1780 1.9
312 1000 2160 2.1
312 1200 2580 3.1
312 1400 3200 1.2
312 1600 3440 2.2
312 1800 3880 2.2
313 0 0 0.6
313 200 120 1.2
313 400 360 3.9
313 600 1140 3.2
313 800 1780 1.9
313 1000 2160 2.1
313 1200 2580 3.1
313 1400 3200 1.2
313 1600 3440 2.2
313 1800 3880 2.2
314 0 0 0.6
314 200 120 1.2
314 400 360 3.9
314 600 1140 3.2
314 800 1780 1.9
314 1000 2160 2.1
314 1200 2580 3.1
314 1400 3200 1.2
314 1600 3440 2.2
314 1800 3880 2.2
315 0 0 0.6
315 200 120 1.2
315 400 360 3.9
315 600 1140 3.2
315 800 1780 1.9
315 1000 2160 2.1
315 1200 2580 3.1
315 1400 3200 1.2
315 1600 3440 2.2
315 1800 3880 2.2
316 0 0 0.6
316 200 120 1.2
316 400 360 3.9
316 600 1140 3.2
316 800 1780 1.9
316 1000 2160 2.1
316 1200 2580 3.1
316 1400 3200 1.2
316 1600 3440 2.2
316 1800 3880 2.2
317 0 0 0.6
317 200 120 1.2
317 400 360 3.9
317 600 1140 3.2
317 800 1780 1.9
317 1000 2160 2.1
317 1200 2580 3.1
317 1400 3200 1.2
317 1600 3440 2.2
317 1800 3880 2.2
318 0 0 0.6
318 200 120 1.2
318 400 360 3.9
318 600 1140 3.2
318 800 1780 1.9
318 1000 2160 2.1
318 1200 2580 3.1
318 1400 3200 1.2
318 1600 3440 2.2
318 1800 3880 2.2
319 0 0 0.6
319 200 120 1.2
319 400 360 3.9
319 600 1140 3.2
319 800 1780 1.9
319 1000 2160 2.1
319 1200 2580 3.1
319 1400 3200 1.2
319 1600 3440 2.2
319 1800 3880 2.2
320 0 0 0.6
320 200 120 1.2
320 400 360 3.9
320 600 1140 3.2
320 800 1780 1.9
320 1000 2160 2.1
320 1200 2580 3.1
320 1400 3200 1.2
320 1600 3440 2.2
320 1800 3880 2.2
321 0 0 0.6
321 200 120 1.2
321 400 360 3.9
321 600 1140 3.2
321 800 1780 1.9
321 1000 2160 2.1
321 1200 2580 3.1
321 1400 3200 1.2
321 1600 3440 2.2
321 1800 3880 2.2
322 0 0 0.6
322 200 120 1.2
322 400 360 3.9
322 600 1140 3.2
322 800 1780 1.9
322 1000 2160 2.1
322 1200 2580 3.1
322 1400 3200 1.2
322 1600 3440 2.2
322 1800 3880 2.2
323 0 0 0.6
323 200 120 1.2
323 400 360 3.9
323 600 1140 3.2
323 800 1780 1.9
323 1000 2160 2.1
323 1200 2580 3.1
323 1400 3200 1.2
323 1600 3440 2.2
323 1800 3880 2.2
324 0 0 0.6
324 200 120 1.2
324 400 360 3.9
324 600 1140 3.2
324 800 1780 1.9
324 1000 2160 2.1
324 1200 2580 3.1
324 1400 3200 1.2
324 1600 3440 2.2
324 1800 3880 2.2
325 0 0 0.6
325 200 120 1.2
325 400 360 3.9
325 600 1140 3.2
325 800 1780 1.9
325 1000 2160 2.1
325 1200 2580 3.1
325 1400 3200 1.2
325 1600 3440 2.2
325 1800 3880 2.2
326 0 0 0.6
326 200 120 1.2
326 400 360 3.9
326 600 1140 3.2
326 800 1780 1.9
326 1000 2160 2.1
326 1200 2580 3.1
326 1400 3200 1.2
326 1600 3440 2.2
326 1800 3880 2.2
327 0 0 0.6
327 200 120 1.2
327 400 360 3.9
327 600 1140 3.2
327 800 1780 1.9
327 1000 2160 2.1
327 1200 2580 3.1
327 1400 3200 1.2
327 1600 3440 2.2
327 1800 3880 2.2
328 0 0 0.6
328 200 120 1.2
328 400 360 3.9
328 600 1140 3.2
328 800 1780 1.9
328 1000 2160 2.1
328 1200 2580 3.1
328 1400 3200 1.2
328 1600 3440 2.2
328 1800 3880 2.2
329 0 0 0.6
329 200 120 1.2
329 400 360 3.9
329 600 1140 3.2
329 800 1780 1.9
329 1000 2160 2.1
329 1200 2580 3.1
329 1400 3200 1.2
329 1600 3440 2.2
329 1800 3880 2.2
330 0 0 0.6
330 200 120 1.2
330 400 360 3.9
330 600 1140 3.2
330 800 1780 1.9
330 1000 2160 2.1
330 1200 2580 3.1
330 1400 3200 1.2
330 1600 3440 2.2
330 1800 3880 2.2
331 0 0 0.6
331 200 120 1.2
331 400 360 3.9
331 600 1140 3.2
331 800 1780 1.9
331 1000 2160 2.1
331 1200 2580 3.1
331 1400 3200 1.2
331 1600 3440 2.2
331 1800 3880 2.2
332 0 0 0.6
332 200 120 1.2
332 400 360 3.9
332 600 1140 3.2
332 800 1780 1.9
332 1000 2160 2.1
332 1200 2580 3.1
332 1400 3200 1.2
332 1600 3440 2.2
332 1800 3880 2.2
333 0 0 0.6
333 200 120 1.2
333 400 360 3.9
333 600 1140 3.2
333 800 1780 1.9
333 1000 2160 2.1
333 1200 2580 3.1
333 1400 3200 1.2
333 1600 3440 2.2
333 1800 3880 2.2
334 0 0 0.6
334 200 120 1.2
334 400 360 3.9
334 600 1140 3.2
334 800 1780 1.9
334 1000 2160 2.1
334 1200 2580 3.1
334 1400 3200 1.2
334 1600 3440 2.2
334 1800 3880 2.2
335 0 0 0.6
335 200 120 1.2
335 400 360 3.9
335 600 1140 3.2
335 800 1780 1.9
335 1000 2160 2.1
335 1200 2580 3.1
335 1400 3200 1.2
335 1600 3440 2.2
335 1800 3880 2.2
336 0 0 0.6
336 200 120 1.2
336 400 360 3.9
336 600 1140 3.2
336 800 1780 1.9
336 1000 2160 2.1
336 1200 2580 3.1
336 1400 3200 1.2
336 1600 3440 2.2
336 1800 3880 2.2
337 0 0 0.6
337 200 120 1.2
337 400 360 3.9
337 600 1140 3.2
337 800 1780 1.9
337 1000 2160 2.1
337 1200 2580 3.1
337 1400 3200 1.2
337 1600 3440 2.2
337 1800 3880 2.2
338 0 0 0.6
338 200 120 1.2
338 400 360 3.9
338 600 1140 3.2
338 800 1780 1.9
338 1000 2160 2.1
338 1200 2580 3.1
338 1400 3200 1.2
338 1600 3440 2.2
338 1800 3880 2.2
339 0 0 0.6
339 200 120 1.2
339 400 360 3.9
339 600 1140 3.2
339 800 1780 1.9
339 1000 2160 2.1
339 1200 2580 3.1
339 1400 3200 1.2
339 1600 3440 2.2
339 1800 3880 2.2
340 0 0 0.6
340 200 120 1.2
340 400 360 3.9
340 600 1140 3.2
340 800 1780 1.9
340 1000 2160 2.1
340 1200 2580 3.1
340 1400 3200 1.2
340 1600 3440 2.2
340 1800 3880 2.2
341 0 0 0.6
341 200 120 1.2
341 400 360 3.9
341 600 1140 3.2
341 800 1780 1.9
341 1000 2160 2.1
341 1200 2580 3.1
341 1400 3200 1.2
341 1600 3440 2.2
341 1800 3880 2.2
342 0 0 0.6
342 200 120 1.2
342 400 360 3.9
342 600 1140 3.2
342 800 1780 1.9
342 1000 2160 2.1
342 1200 2580 3.1
342 1400 3200 1.2
342 1600 3440 2.2
342 1800 3880 2.2
343 0 0 0.6
343 200 120 1.2
343 400 360 3.9
343 600 1140 3.2
343 800 1780 1.9
343 1000 2160 2.1
343 1200 2580 3.1
343 1400 3200 1.2
343 1600 3440 2.2
343 1800 3880 2.2
344 0 0 0.6
344 200 120 1.2
344 400 360 3.9
344 600 1140 3.2
344 800 1780 1.9
344 1000 2160 2.1
344 1200 2580 3.1
344 1400 3200 1.2
344 1600 3440 2.2
344 1800 3880 2.2
345 0 0 0.6
345 200 120 1.2
345 400 360 3.9
345 600 1140 3.2
345 800 1780 1.9
345 1000 2160 2.1
345 1200 2580 3.1
345 1400 3200 1.2
345 1600 3440 2.2
345 1800 3880 2.2
346 0 0 0.6
346 200 120 1.2
346 400 360 3.9
346 600 1140 3.2
346 800 1780 1.9
346 1000 2160 2.1
346 1200 2580 3.1
346 1400 3200 1.2
346 1600 3440 2.2
346 1800 3880 2.2
347 0 0 0.6
347 200 120 1.2
347 400 360 3.9
347 600 1140 3.2
347 800 1780 1.9
347 1000 2160 2.1
347 1200 2580 3.1
347 1400 3200 1.2
347 1600 3440 2.2
347 1800 3880 2.2
348 0 0 0.6
348 200 120 1.2
348 400 360 3.9
348 600 1140 3.2
348 800 1780 1.9
348 1000 2160 2.1
348 1200 2580 3.1
348 1400 3200 1.2
348 1600 3440 2.2
348 1800 3880 2.2
349 0 0 0.6
349 200 120 1.2
349 400 360 3.9
349 600 1140 3.2
349 800 1780 1.9
349 1000 2160 2.1
349 1200 2580 3.1
349 1400 3200 1.2
349 1600 3440 2.2
349 1800 3880 2.2
350 0 0 0.6
350 200 120 1.2
350 400 360 3.9
350 600 1140 3.2
350 800 1780 1.9
350 1000 2160 2.1
350 1200 2580 3.1
350 1400 3200 1.2
350 1600 3440 2.2
350 1800 3880 2.2
351 0 0 0.6
351 200 120 1.2
351 400 360 3.9
351 600 1140 3.2
351 800 1780 1.9
351 1000 2160 2.1
351 1200 2580 3.1
351 1400 3200 1.2
351 1600 3440 2.2
351 1800 3880 2.2
352 0 0 0.6
352 200 120 1.2
352 400 360 3.9
352 600 1140 3.2
352 800 1780 1.9
352 1000 2160 2.1
352 1200 2580 3.1
352 1400 3200 1.2
352 1600 3440 2.2
352 1800 3880 2.2
353 0 0 0.6
353 200 120 1.2
353 400 360 3.9
353 600 1140 3.2
353 800 1780 1.9
353 1000 2160 2.1
353 1200 2580 3.1
353 1400 3200 1.2
353 1600 3440 2.2
353 1800 3880 2.2
354 0 0 0.6
354 200 120 1.2
354 400 360 3.9
354 600 1140 3.2
354 800 1780 1.9
354 1000 2160 2.1
354 1200 2580 3.1
354 1400 3200 1.2
354 1600 3440 2.2
354 1800 3880 2.2
355 0 0 0.6
355 200 120 1.2
355 400 360 3.9
355 600 1140 3.2
355 800 1780 1.9
355 1000 2160 2.1
355 1200 2580 3.1
355 1400 3200 1.2
355 1600 3440 2.2
355 1800 3880 2.2
356 0 0 0.6
356 200 120 1.2
356 400 360 3.9
356 600 1140 3.2
356 800 1780 1.9
356 1000 2160 2.1
356 1200 2580 3.1
356 1400 3200 1.2
356 1600 3440 2.2
356 1800 3880 2.2
357 0 0 0.6
357 200 120 1.2
357 400 360 3.9
357 600 1140 3.2
357 800 1780 1.9
357 1000 2160 2.1
357 1200 2580 3.1
357 1400 3200 1.2
357 1600 3440 2.2
357 1800 3880 2.2
358 0 0 0.6
358 200 120 1.2
358 400 360 3.9
358 600 1140 3.2
358 800 1780 1.9
358 1000 2160 2.1
358 1200 2580 3.1
358 1400 3200 1.2
358 1600 3440 2.2
358 1800 3880 2.2
359 0 0 0.6
359 200 120 1.2
359 400 360 3.9
359 600 1140 3.2
359 800 1780 1.9
359 1000 2160 2.1
359 1200 2580 3.1
359 1400 3200 1.2
359 1600 3440 2.2
359 1800 3880 2.2
360 0 0 0.6
360 200 120 1.2
360 400 360 3.9
360 600 1140 3.2
360 800 1780 1.9
360 1000 2160 2.1
360 1200 2580 3.1
360 1400 3200 1.2
360 1600 3440 2.2
360 1800 3880 2.2
361 0 0 0.6
361 200 120 1.2
361 400 360 3.9
361 600 1140 3.2
361 800 1780 1.9
361 1000 2160 2.1
361 1200 2580 3.1
361 1400 3200 1.2
361 1600 3440 2.2
361 1800 3880 2.2
362 0 0 0.6
362 200 120 1.2
362 400 360 3.9
362 600 1140 3.2
362 800 1780 1.9
362 1000 2160 2.1
362 1200 2580 3.1
362 1400 3200 1.2
362 1600 3440 2.2
362 1800 3880 2.2
363 0 0 0.6
363 200 120 1.2
363 400 360 3.9
363 600 1140 3.2
363 800 1780 1.9
363 1000 2160 2.1
363 1200 2580 3.1
363 1400 3200 1.2
363 1600 3440 2.2
363 1800 3880 2.2
364 0 0 0.6
364 200 120 1.2
364 400 360 3.9
364 600 1140 3.2
364 800 1780 1.9
364 1000 2160 2.1
364 1200 2580 3.1
364 1400 3200 1.2
364 1600 3440 2.2
364 1800 3880 2.2
365 0 0 0.6
365 200 120 1.2
365 400 360 3.9
365 600 1140 3.2
365 800 1780 1.9
365 1000 2160 2.1
365 1200 2580 3.1
365 1400 3200 1.2
365 1600 3440 2.2
365 1800 3880 2.2
366 0 0 0.6
366 200 120 1.2
366 400 360 3.9
366 600 1140 3.2
366 800 1780 1.9
366 1000 2160 2.1
366 1200 2580 3.1
366 1400 3200 1.2
366 1600 3440 2.2
366 1800 3880 2.2
367 0 0 0.6
367 200 120 1.2
367 400 360 3.9
367 600 1140 3.2
367 800 1780 1.9
367 1000 2160 2.1
367 1200 2580 3.1
367 1400 3200 1.2
367 1600 3440 2.2
367 1800 3880 2.2
368 0 0 0.6
368 200 120 1.2
368 400 360 3.9
368 600 1140 3.2
368 800 1780 1.9
368 1000 2160 2.1
368 1200 2580 3.1
368 1400 3200 1.2
368 1600 3440 2.2
368 1800 3880 2.2
369 0 0 0.6
369 200 120 1.2
369 400 360 3.9
369 600 1140 3.2
369 800 1780 1.9
369 1000 2160 2.1
369 1200 2580 3.1
369 1400 3200 1.2
369 1600 3440 2.2
369 1800 3880 2.2
370 0 0 0.6
370 200 120 1.2
370 400 360 3.9
370 600 1140 3.2
370 800 1780 1.9
370 1000 2160 2.1
370 1200 2580 3.1
370 1400 3200 1.2
370 1600 3440 2.2
370 1800 3880 2.2
371 0 0 0.6
371 200 120 1.2
371 400 360 3.9
371 600 1140 3.2
371 800 1780 1.9
371 1000 2160 2.1
371 1200 2580 3.1
371 1400 3200 1.2
371 1600 3440 2.2
371 1800 3880 2.2
372 0 0 0.6
372 200 120 1.2
372 400 360 3.9
372 600 1140 3.2
372 800 1780 1.9
372 1000 2160 2.1
372 1200 2580 3.1
372 1400 3200 1.2
372 1600 3440 2.2
372 1800 3880 2.2
373 0 0 0.6
373 200 120 1.2
373 400 360 3.9
373 600 1140 3.2
373 800 1780 1.9
373 1000 2160 2.1
373 1200 2580 3.1
373 1400 3200 1.2
373 1600 3440 2.2
373 1800 3880 2.2
374 0 0 0.6
374 200 120 1.2
374 400 360 3.9
374 600 1140 3.2
374 800 1780 1.9
374 1000 2160 2.1
374 1200 2580 3.1
374 1400 3200 1.2
374 1600 3440 2.2
374 1800 3880 2.2
375 0 0 0.6
375 200 120 1.2
375 400 360 3.9
375 600 1140 3.2
375 800 1780 1.9
375 1000 2160 2.1
375 1200 2580 3.1
375 1400 3200 1.2
375 1600 3440 2.2
375 1800 3880 2.2
376 0 0 0.6
376 200 120 1.2
376 400 360 3.9
376 600 1140 3.2
376 800 1780 1.9
376 1000 2160 2.1
376 1200 2580 3.1
376 1400 3200 1.2
376 1600 3440 2.2
376 1800 3880 2.2
377 0 0 0.6
377 200 120 1.2
377 400 360 3.9
377 600 1140 3.2
377 800 1780 1.9
377 1000 2160 2.1
377 1200 2580 3.1
377 1400 3200 1.2
377 1600 3440 2.2
377 1800 3880 2.2
378 0 0 0.6
378 200 120 1.2
378 400 360 3.9
378 600 1140 3.2
378 800 1780 1.9
378 1000 2160 2.1
378 1200 2580 3.1
378 1400 3200 1.2
378 1600 3440 2.2
378 1800 3880 2.2
379 0 0 0.6
379 200 120 1.2
379 400 360 3.9
379 600 1140 3.2
379 800 1780 1.9
379 1000 2160 2.1
379 1200 2580 3.1
379 1400 3200 1.2
379 1600 3440 2.2
379 1800 3880 2.2
380 0 0 0.6
380 200 120 1.2
380 400 360 3.9
380 600 1140 3.2
380 800 1780 1.9
380 1000 2160 2.1
380 1200 2580 3.1
380 1400 3200 1.2
380 1600 3440 2.2
380 1800 3880 2.2
381 0 0 0.6
381 200 120 1.2
381 400 360 3.9
381 600 1140 3.2
381 800 1780 1.9
381 1000 2160 2.1
381 1200 2580 3.1
381 1400 3200 1.2
381 1600 3440 2.2
381 1800 3880 2.2
382 0 0 0.6
382 200 120 1.2
382 400 360 3.9
382 600 1140 3.2
382 800 1780 1.9
382 1000 2160 2.1
382 1200 2580 3.1
382 1400 3200 1.2
382 1600 3440 2.2
382 1800 3880 2.2
383 0 0 0.6
383 200 120 1.2
383 400 360 3.9
383 600 1140 3.2
383 800 1780 1.9
383 1000 2160 2.1
383 1200 2580 3.1
383 1400 3200 1.2
383 1600 3440 2.2
383 1800 3880 2.2
384 0 0 0.6
384 200 120 1.2
384 400 360 3.9
384 600 1140 3.2
384 800 1780 1.9
384 1000 2160 2.1
384 1200 2580 3.1
384 1400 3200 1.2
384 1600 3440 2.2
384 1800 3880 2.2
385 0 0 0.6
385 200 120 1.2
385 400 360 3.9
385 600 1140 3.2
385 800 1780 1.9
385 1000 2160 2.1
385 1200 2580 3.1
385 1400 3200 1.2
385 1600 3440 2.2
385 1800 3880 2.2
386 0 0 0.6
386 200 120 1.2
386 400 360 3.9
386 600 1140 3.2
386 800 1780 1.9
386 1000 2160 2.1
386 1200 2580 3.1
386 1400 3200 1.2
386 1600 3440 2.2
386 1800 3880 2.2
387 0 0 0.6
387 200 120 1.2
387 400 360 3.9
387 600 1140 3.2
387 800 1780 1.9
387 1000 2160 2.1
387 1200 2580 3.1
387 1400 3200 1.2
387 1600 3440 2.2
387 1800 3880 2.2
388 0 0 0.6
388 200 120 1.2
388 400 360 3.9
388 600 1140 3.2
388 800 1780 1.9
388 1000 2160 2.1
388 1200 2580 3.1
388 1400 3200 1.2
388 1600 3440 2.2
388 1800 3880 2.2
389 0 0 0.6
389 200 120 1.2
389 400 360 3.9
389 600 1140 3.2
389 800 1780 1.9
389 1000 2160 2.1
389 1200 2580 3.1
389 1400 3200 1.2
389 1600 3440 2.2
389 1800 3880 2.2
390 0 0 0.6
390 200 120 1.2
390 400 360 3.9
390 600 1140 3.2
390 800 1780 1.9
390 1000 2160 2.1
390 1200 2580 3.1
390 1400 3200 1.2
390 1600 3440 2.2
390 1800 3880 2.2
391 0 0 0.6
391 200 120 1.2
391 400 360 3.9
391 600 1140 3.2
391 800 1780 1.9
391 1000 2160 2.1
391 1200 2580 3.1
391 1400 3200 1.2
391 1600 3440 2.2
391 1800 3880 2.2
392 0 0 0.6
392 200 120 1.2
392 400 360 3.9
392 600 1140 3.2
392 800 1780 1.9
392 1000 2160 2.1
392 1200 2580 3.1
392 1400 3200 1.2
392 1600 3440 2.2
392 1800 3880 2.2
393 0 0 0.6
393 200 120 1.2
393 400 360 3.9
393 600 1140 3.2
393 800 1780 1.9
393 1000 2160 2.1
393 1200 2580 3.1
393 1400 3200 1.2
393 1600 3440 2.2
393 1800 3880 2.2
394 0 0 0.6
394 200 120 1.2
394 400 360 3.9
394 600 1140 3.2
394 800 1780 1.9
394 1000 2160 2.1
394 1200 2580 3.1
394 1400 3200 1.2
394 1600 3440 2.2
394 1800 3880 2.2
395 0 0 0.6
395 200 120 1.2
395 400 360 3.9
395 600 1140 3.2
395 800 1780 1.9
395 1000 2160 2.1
395 1200 2580 3.1
395 1400 3200 1.2
395 1600 3440 2.2
395 1800 3880 2.2
396 0 0 0.6
396 200 120 1.2
396 400 360 3.9
396 600 1140 3.2
396 800 1780 1.9
396 1000 2160 2.1
396 1200 2580 3.1
396 1400 3200 1.2
396 1600 3440 2.2
396 1800 3880 2.2
397 0 0 0.6
397 200 120 1.2
397 400 360 3.9
397 600 1140 3.2
397 800 1780 1.9
397 1000 2160 2.1
397 1200 2580 3.1
397 1400 3200 1.2
397 1600 3440 2.2
397 1800 3880 2.2
398 0 0 0.6
398 200 120 1.2
398 400 360 3.9
398 600 1140 3.2
398 800 1780 1.9
398 1000 2160 2.1
398 1200 2580 3.1
398 1400 3200 1.2
398 1600 3440 2.2
398 1800 3880 2.2
399 0 0 0.6
399 200 120 1.2
399 400 360 3.9
399 600 1140 3.2
399 800 1780 1.9
399 1000 2160 2.1
399 1200 2580 3.1
399 1400 3200 1.2
399 1600 3440 2.2
399 1800 3880 2.2
400 0 0 0.6
400 200 120 1.2
400 400 360 3.9
400 600 1140 3.2
400 800 1780 1.9
400 1000 2160 2.1
400 1200 2580 3.1
400 1400 3200 1.2
400 1600 3440 2.2
400 1800 3880 2.2
401 0 0 0.6
401 200 120 1.2
401 400 360 3.9
401 600 1140 3.2
401 800 1780 1.9
401 1000 2160 2.1
401 1200 2580 3.1
401 1400 3200 1.2
401 1600 3440 2.2
401 1800 3880 2.2
402 0 0 0.6
402 200 120 1.2
402 400 360 3.9
402 600 1140 3.2
402 800 1780 1.9
402 1000 2160 2.1
402 1200 2580 3.1
402 1400 3200 1.2
402 1600 3440 2.2
402 1800 3880 2.2
403 0 0 0.6
403 200 120 1.2
403 400 360 3.9
403 600 1140 3.2
403 800 1780 1.9
403 1000 2160 2.1
403 1200 2580 3.1
403 1400 3200 1.2
403 1600 3440 2.2
403 1800 3880 2.2
404 0 0 0.6
404 200 120 1.2
404 400 360 3.9
404 600 1140 3.2
404 800 1780 1.9
404 1000 2160 2.1
404 1200 2580 3.1
404 1400 3200 1.2
404 1600 3440 2.2
404 1800 3880 2.2
405 0 0 0.6
405 200 120 1.2
405 400 360 3.9
405 600 1140 3.2
405 800 1780 1.9
405 1000 2160 2.1
405 1200 2580 3.1
405 1400 3200 1.2
405 1600 3440 2.2
405 1800 3880 2.2
406 0 0 0.6
406 200 120 1.2
406 400 360 3.9
406 600 1140 3.2
406 800 1780 1.9
406 1000 2160 2.1
406 1200 2580 3.1
406 1400 3200 1.2
406 1600 3440 2.2
406 1800 3880 2.2
407 0 0 0.6
407 200 120 1.2
407 400 360 3.9
407 600 1140 3.2
407 800 1780 1.9
407 1000 2160 2.1
407 1200 2580 3.1
407 1400 3200 1.2
407 1600 3440 2.2
407 1800 3880 2.2
408 0 0 0.6
408 200 120 1.2
408 400 360 3.9
408 600 1140 3.2
408 800 1780 1.9
408 1000 2160 2.1
408 1200 2580 3.1
408 1400 3200 1.2
408 1600 3440 2.2
408 1800 3880 2.2
409 0 0 0.6
409 200 120 1.2
409 400 360 3.9
409 600 1140 3.2
409 800 1780 1.9
409 1000 2160 2.1
409 1200 2580 3.1
409 1400 3200 1.2
409 1600 3440 2.2
409 1800 3880 2.2
410 0 0 0.6
410 200 120 1.2
410 400 360 3.9
410 600 1140 3.2
410 800 1780 1.9
410 1000 2160 2.1
410 1200 2580 3.1
410 1400 3200 1.2
410 1600 3440 2.2
410 1800 3880 2.2
411 0 0 0.6
411 200 120 1.2
411 400 360 3.9
411 600 1140 3.2
411 800 1780 1.9
411 1000 2160 2.1
411 1200 2580 3.1
411 1400 3200 1.2
411 1600 3440 2.2
411 1800 3880 2.2
412 0 0 0.6
412 200 120 1.2
412 400 360 3.9
412 600 1140 3.2
412 800 1780 1.9
412 1000 2160 2.1
412 1200 2580 3.1
412 1400 3200 1.2
412 1600 3440 2.2
412 1800 3880 2.2
413 0 0 0.6
413 200 120 1.2
413 400 360 3.9
413 600 1140 3.2
413 800 1780 1.9
413 1000 2160 2.1
413 1200 2580 3.1
413 1400 3200 1.2
413 1600 3440 2.2
413 1800 3880 2.2
414 0 0 0.6
414 200 120 1.2
414 400 360 3.9
414 600 1140 3.2
414 800 1780 1.9
414 1000 2160 2.1
414 1200 2580 3.1
414 1400 3200 1.2
414 1600 3440 2.2
414 1800 3880 2.2
415 0 0 0.6
415 200 120 1.2
415 400 360 3.9
415 600 1140 3.2
415 800 1780 1.9
415 1000 2160 2.1
415 1200 2580 3.1
415 1400 3200 1.2
415 1600 3440 2.2
415 1800 3880 2.2
416 0 0 0.6
416 200 120 1.2
416 400 360 3.9
416 600 1140 3.2
416 800 1780 1.9
416 1000 2160 2.1
416 1200 2580 3.1
416 1400 3200 1.2
416 1600 3440 2.2
416 1800 3880 2.2
417 0 0 0.6
417 200 120 1.2
417 400 360 3.9
417 600 1140 3.2
417 800 1780 1.9
417 1000 2160 2.1
417 1200 2580 3.1
417 1400 3200 1.2
417 1600 3440 2.2
417 1800 3880 2.2
418 0 0 0.6
418 200 120 1.2
418 400 360 3.9
418 600 1140 3.2
418 800 1780 1.9
418 1000 2160 2.1
418 1200 2580 3.1
418 1400 3200 1.2
418 1600 3440 2.2
418 1800 3880 2.2
419 0 0 0.6
419 200 120 1.2
419 400 360 3.9
419 600 1140 3.2
419 800 1780 1.9
419 1000 2160 2.1
419 1200 2580 3.1
419 1400 3200 1.2
419 1600 3440 2.2
419 1800 3880 2.2
420 0 0 0.6
420 200 120 1.2
420 400 360 3.9
420 600 1140 3.2
420 800 1780 1.9
420 1000 2160 2.1
420 1200 2580 3.1
420 1400 3200 1.2
420 1600 3440 2.2
420 1800 3880 2.2
421 0 0 0.6
421 200 120 1.2
421 400 360 3.9
421 600 1140 3.2
421 800 1780 1.9
421 1000 2160 2.1
421 1200 2580 3.1
421 1400 3200 1.2
421 1600 3440 2.2
421 1800 3880 2.2
422 0 0 0.6
422 200 120 1.2
422 400 360 3.9
422 600 1140 3.2
422 800 1780 1.9
422 1000 2160 2.1
422 1200 2580 3.1
422 1400 3200 1.2
422 1600 3440 2.2
422 1800 3880 2.2
423 0 0 0.6
423 200 120 1.2
423 400 360 3.9
423 600 1140 3.2
423 800 1780 1.9
423 1000 2160 2.1
423 1200 2580 3.1
423 1400 3200 1.2
423 1600 3440 2.2
423 1800 3880 2.2
424 0 0 0.6
424 200 120 1.2
424 400 360 3.9
424 600 1140 3.2
424 800 1780 1.9
424 1000 2160 2.1
424 1200 2580 3.1
424 1400 3200 1.2
424 1600 3440 2.2
424 1800 3880 2.2
425 0 0 0.6
425 200 120 1.2
425 400 360 3.9
425 600 1140 3.2
425 800 1780 1.9
425 1000 2160 2.1
425 1200 2580 3.1
425 1400 3200 1.2
425 1600 3440 2.2
425 1800 3880 2.2
426 0 0 0.6
426 200 120 1.2
426 400 360 3.9
426 600 1140 3.2
426 800 1780 1.9
426 1000 2160 2.1
426 1200 2580 3.1
426 1400 3200 1.2
426 1600 3440 2.2
426 1800 3880 2.2
427 0 0 0.6
427 200 120 1.2
427 400 360 3.9
427 600 1140 3.2
427 800 1780 1.9
427 1000 2160 2.1
427 1200 2580 3.1
427 1400 3200 1.2
427 1600 3440 2.2
427 1800 3880 2.2
428 0 0 0.6
428 200 120 1.2
428 400 360 3.9
428 600 1140 3.2
428 800 1780 1.9
428 1000 2160 2.1
428 1200 2580 3.1
428 1400 3200 1.2
428 1600 3440 2.2
428 1800 3880 2.2
429 0 0 0.6
429 200 120 1.2
429 400 360 3.9
429 600 1140 3.2
429 800 1780 1.9
429 1000 2160 2.1
429 1200 2580 3.1
429 1400 3200 1.2
429 1600 3440 2.2
429 1800 3880 2.2
430 0 0 0.6
430 200 120 1.2
430 400 360 3.9
430 600 1140 3.2
430 800 1780 1.9
430 1000 2160 2.1
430 1200 2580 3.1
430 1400 3200 1.2
430 1600 3440 2.2
430 1800 3880 2.2
431 0 0 0.6
431 200 120 1.2
431 400 360 3.9
431 600 1140 3.2
431 800 1780 1.9
431 1000 2160 2.1
431 1200 2580 3.1
431 1400 3200 1.2
431 1600 3440 2.2
431 1800 3880 2.2
432 0 0 0.6
432 200 120 1.2
432 400 360 3.9
432 600 1140 3.2
432 800 1780 1.9
432 1000 2160 2.1
432 1200 2580 3.1
432 1400 3200 1.2
432 1600 3440 2.2
432 1800 3880 2.2
433 0 0 0.6
433 200 120 1.2
433 400 360 3.9
433 600 1140 3.2
433 800 1780 1.9
433 1000 2160 2.1
433 1200 2580 3.1
433 1400 3200 1.2
433 1600 3440 2.2
433 1800 3880 2.2
434 0 0 0.6
434 200 120 1.2
434 400 360 3.9
434 600 1140 3.2
434 800 1780 1.9
434 1000 2160 2.1
434 1200 2580 3.1
434 1400 3200 1.2
434 1600 3440 2.2
434 1800 3880 2.2
435 0 0 0.6
435 200 120 1.2
435 400 360 3.9
435 600 1140 3.2
435 800 1780 1.9
435 1000 2160 2.1
435 1200 2580 3.1
435 1400 3200 1.2
435 1600 3440 2.2
435 1800 3880 2.2
436 0 0 0.6
436 200 120 1.2
436 400 360 3.9
436 600 1140 3.2
436 800 1780 1.9
436 1000 2160 2.1
436 1200 2580 3.1
436 1400 3200 1.2
436 1600 3440 2.2
436 1800 3880 2.2
437 0 0 0.6
437 200 120 1.2
437 400 360 3.9
437 600 1140 3.2
437 800 1780 1.9
437 1000 2160 2.1
437 1200 2580 3.1
437 1400 3200 1.2
437 1600 3440 2.2
437 1800 3880 2.2
438 0 0 0.6
438 200 120 1.2
438 400 360 3.9
438 600 1140 3.2
438 800 1780 1.9
438 1000 2160 2.1
438 1200 2580 3.1
438 1400 3200 1.2
438 1600 3440 2.2
438 1800 3880 2.2
439 0 0 0.6
439 200 120 1.2
439 400 360 3.9
439 600 1140 3.2
439 800 1780 1.9
439 1000 2160 2.1
439 1200 2580 3.1
439 1400 3200 1.2
439 1600 3440 2.2
439 1800 3880 2.2
440 0 0 0.6
440 200 120 1.2
440 400 360 3.9
440 600 1140 3.2
440 800 1780 1.9
440 1000 2160 2.1
440 1200 2580 3.1
440 1400 3200 1.2
440 1600 3440 2.2
440 1800 3880 2.2
441 0 0 0.6
441 200 120 1.2
441 400 360 3.9
441 600 1140 3.2
441 800 1780 1.9
441 1000 2160 2.1
441 1200 2580 3.1
441 1400 3200 1.2
441 1600 3440 2.2
441 1800 3880 2.2
442 0 0 0.6
442 200 120 1.2
442 400 360 3.9
442 600 1140 3.2
442 800 1780 1.9
442 1000 2160 2.1
442 1200 2580 3.1
442 1400 3200 1.2
442 1600 3440 2.2
442 1800 3880 2.2
443 0 0 0.6
443 200 120 1.2
443 400 360 3.9
443 600 1140 3.2
443 800 1780 1.9
443 1000 2160 2.1
443 1200 2580 3.1
443 1400 3200 1.2
443 1600 3440 2.2
443 1800 3880 2.2
444 0 0 0.6
444 200 120 1.2
444 400 360 3.9
444 600 1140 3.2
444 800 1780 1.9
444 1000 2160 2.1
444 1200 2580 3.1
444 1400 3200 1.2
444 1600 3440 2.2
444 1800 3880 2.2
445 0 0 0.6
445 200 120 1.2
445 400 360 3.9
445 600 1140 3.2
445 800 1780 1.9
445 1000 2160 2.1
445 1200 2580 3.1
445 1400 3200 1.2
445 1600 3440 2.2
445 1800 3880 2.2
446 0 0 0.6
446 200 120 1.2
446 400 360 3.9
446 600 1140 3.2
446 800 1780 1.9
446 1000 2160 2.1
446 1200 2580 3.1
446 1400 3200 1.2
446 1600 3440 2.2
446 1800 3880 2.2
447 0 0 0.6
447 200 120 1.2
447 400 360 3.9
447 600 1140 3.2
447 800 1780 1.9
447 1000 2160 2.1
447 1200 2580 3.1
447 1400 3200 1.2
447 1600 3440 2.2
447 1800 3880 2.2
448 0 0 0.6
448 200 120 1.2
448 400 360 3.9
448 600 1140 3.2
448 800 1780 1.9
448 1000 2160 2.1
448 1200 2580 3.1
448 1400 3200 1.2
448 1600 3440 2.2
448 1800 3880 2.2
449 0 0 0.6
449 200 120 1.2
449 400 360 3.9
449 600 1140 3.2
449 800 1780 1.9
449 1000 2160 2.1
449 1200 2580 3.1
449 1400 3200 1.2
449 1600 3440 2.2
449 1800 3880 2.2
450 0 0 0.6
450 200 120 1.2
450 400 360 3.9
450 600 1140 3.2
450 800 1780 1.9
450 1000 2160 2.1
450 1200 2580 3.1
450 1400 3200 1.2
450 1600 3440 2.2
450 1800 3880 2.2
451 0 0 0.6
451 200 120 1.2
451 400 360 3.9
451 600 1140 3.2
451 800 1780 1.9
451 1000 2160 2.1
451 1200 2580 3.1
451 1400 3200 1.2
451 1600 3440 2.2
451 1800 3880 2.2
452 0 0 0.6
452 200 120 1.2
452 400 360 3.9
452 600 1140 3.2
452 800 1780 1.9
452 1000 2160 2.1
452 1200 2580 3.1
452 1400 3200 1.2
452 1600 3440 2.2
452 1800 3880 2.2
453 0 0 0.6
453 200 120 1.2
453 400 360 3.9
453 600 1140 3.2
453 800 1780 1.9
453 1000 2160 2.1
453 1200 2580 3.1
453 1400 3200 1.2
453 1600 3440 2.2
453 1800 3880 2.2
454 0 0 0.6
454 200 120 1.2
454 400 360 3.9
454 600 1140 3.2
454 800 1780 1.9
454 1000 2160 2.1
454 1200 2580 3.1
454 1400 3200 1.2
454 1600 3440 2.2
454 1800 3880 2.2
455 0 0 0.6
455 200 120 1.2
455 400 360 3.9
455 600 1140 3.2
455 800 1780 1.9
455 1000 2160 2.1
455 1200 2580 3.1
455 1400 3200 1.2
455 1600 3440 2.2
455 1800 3880 2.2
456 0 0 0.6
456 200 120 1.2
456 400 360 3.9
456 600 1140 3.2
456 800 1780 1.9
456 1000 2160 2.1
456 1200 2580 3.1
456 1400 3200 1.2
456 1600 3440 2.2
456 1800 3880 2.2
457 0 0 0.6
457 200 120 1.2
457 400 360 3.9
457 600 1140 3.2
457 800 1780 1.9
457 1000 2160 2.1
457 1200 2580 3.1
457 1400 3200 1.2
457 1600 3440 2.2
457 1800 3880 2.2
458 0 0 0.6
458 200 120 1.2
458 400 360 3.9
458 600 1140 3.2
458 800 1780 1.9
458 1000 2160 2.1
458 1200 2580 3.1
458 1400 3200 1.2
458 1600 3440 2.2
458 1800 3880 2.2
459 0 0 0.6
459 200 120 1.2
459 400 360 3.9
459 600 1140 3.2
459 800 1780 1.9
459 1000 2160 2.1
459 1200 2580 3.1
459 1400 3200 1.2
459 1600 3440 2.2
459 1800 3880 2.2
460 0 0 0.6
460 200 120 1.2
460 400 360 3.9
460 600 1140 3.2
460 800 1780 1.9
460 1000 2160 2.1
460 1200 2580 3.1
460 1400 3200 1.2
460 1600 3440 2.2
460 1800 3880 2.2
461 0 0 0.6
461 200 120 1.2
461 400 360 3.9
461 600 1140 3.2
461 800 1780 1.9
461 1000 2160 2.1
461 1200 2580 3.1
461 1400 3200 1.2
461 1600 3440 2.2
461 1800 3880 2.2
462 0 0 0.6
462 200 120 1.2
462 400 360 3.9
462 600 1140 3.2
462 800 1780 1.9
462 1000 2160 2.1
462 1200 2580 3.1
462 1400 3200 1.2
462 1600 3440 2.2
462 1800 3880 2.2
463 0 0 0.6
463 200 120 1.2
463 400 360 3.9
463 600 1140 3.2
463 800 1780 1.9
463 1000 2160 2.1
463 1200 2580 3.1
463 1400 3200 1.2
463 1600 3440 2.2
463 1800 3880 2.2
464 0 0 0.6
464 200 120 1.2
464 400 360 3.9
464 600 1140 3.2
464 800 1780 1.9
464 1000 2160 2.1
464 1200 2580 3.1
464 1400 3200 1.2
464 1600 3440 2.2
464 1800 3880 2.2
465 0 0 0.6
465 200 120 1.2
465 400 360 3.9
465 600 1140 3.2
465 800 1780 1.9
465 1000 2160 2.1
465 1200 2580 3.1
465 1400 3200 1.2
465 1600 3440 2.2
465 1800 3880 2.2
466 0 0 0.6
466 200 120 1.2
466 400 360 3.9
466 600 1140 3.2
466 800 1780 1.9
466 1000 2160 2.1
466 1200 2580 3.1
466 1400 3200 1.2
466 1600 3440 2.2
466 1800 3880 2.2
467 0 0 0.6
467 200 120 1.2
467 400 360 3.9
467 600 1140 3.2
467 800 1780 1.9
467 1000 2160 2.1
467 1200 2580 3.1
467 1400 3200 1.2
467 1600 3440 2.2
467 1800 3880 2.2
468 0 0 0.6
468 200 120 1.2
468 400 360 3.9
468 600 1140 3.2
468 800 1780 1.9
468 1000 2160 2.1
468 1200 2580 3.1
468 1400 3200 1.2
468 1600 3440 2.2
468 1800 3880 2.2
469 0 0 0.6
469 200 120 1.2
469 400 360 3.9
469 600 1140 3.2
469 800 1780 1.9
469 1000 2160 2.1
469 1200 2580 3.1
469 1400 3200 1.2
469 1600 3440 2.2
469 1800 3880 2.2
470 0 0 0.6
470 200 120 1.2
470 400 360 3.9
470 600 1140 3.2
470 800 1780 1.9
470 1000 2160 2.1
470 1200 2580 3.1
470 1400 3200 1.2
470 1600 3440 2.2
470 1800 3880 2.2
471 0 0 0.6
471 200 120 1.2
471 400 360 3.9
471 600 1140 3.2
471 800 1780 1.9
471 1000 2160 2.1
471 1200 2580 3.1
471 1400 3200 1.2
471 1600 3440 2.2
471 1800 3880 2.2
472 0 0 0.6
472 200 120 1.2
472 400 360 3.9
472 600 1140 3.2
472 800 1780 1.9
472 1000 2160 2.1
472 1200 2580 3.1
472 1400 3200 1.2
472 1600 3440 2.2
472 1800 3880 2.2
473 0 0 0.6
473 200 120 1.2
473 400 360 3.9
473 600 1140 3.2
473 800 1780 1.9
473 1000 2160 2.1
473 1200 2580 3.1
473 1400 3200 1.2
473 1600 3440 2.2
473 1800 3880 2.2
474 0 0 0.6
474 200 120 1.2
474 400 360 3.9
474 600 1140 3.2
474 800 1780 1.9
474 1000 2160 2.1
474 1200 2580 3.1
474 1400 3200 1.2
474 1600 3440 2.2
474 1800 3880 2.2
475 0 0 0.6
475 200 120 1.2
475 400 360 3.9
475 600 1140 3.2
475 800 1780 1.9
475 1000 2160 2.1
475 1200 2580 3.1
475 1400 3200 1.2
475 1600 3440 2.2
475 1800 3880 2.2
476 0 0 0.6
476 200 120 1.2
476 400 360 3.9
476 600 1140 3.2
476 800 1780 1.9
476 1000 2160 2.1
476 1200 2580 3.1
476 1400 3200 1.2
476 1600 3440 2.2
476 1800 3880 2.2
477 0 0 0.6
477 200 120 1.2
477 400 360 3.9
477 600 1140 3.2
477 800 1780 1.9
477 1000 2160 2.1
477 1200 2580 3.1
477 1400 3200 1.2
477 1600 3440 2.2
477 1800 3880 2.2
478 0 0 0.6
478 200 120 1.2
478 400 360 3.9
478 600 1140 3.2
478 800 1780 1.9
478 1000 2160 2.1
478 1200 2580 3.1
478 1400 3200 1.2
478 1600 3440 2.2
478 1800 3880 2.2
479 0 0 0.6
479 200 120 1.2
479 400 360 3.9
479 600 1140 3.2
479 800 1780 1.9
479 1000 2160 2.1
479 1200 2580 3.1
479 1400 3200 1.2
479 1600 3440 2.2
479 1800 3880 2.2
480 0 0 0.6
480 200 120 1.2
480 400 360 3.9
480 600 1140 3.2
480 800 1780 1.9
480 1000 2160 2.1
480 1200 2580 3.1
480 1400 3200 1.2
480 1600 3440 2.2
480 1800 3880 2.2
481 0 0 0.6
481 200 120 1.2
481 400 360 3.9
481 600 1140 3.2
481 800 1780 1.9
481 1000 2160 2.1
481 1200 2580 3.1
481 1400 3200 1.2
481 1600 3440 2.2
481 1800 3880 2.2
482 0 0 0.6
482 200 120 1.2
482 400 360 3.9
482 600 1140 3.2
482 800 1780 1.9
482 1000 2160 2.1
482 1200 2580 3.1
482 1400 3200 1.2
482 1600 3440 2.2
482 1800 3880 2.2
483 0 0 0.6
483 200 120 1.2
483 400 360 3.9
483 600 1140 3.2
483 800 1780 1.9
483 1000 2160 2.1
483 1200 2580 3.1
483 1400 3200 1.2
483 1600 3440 2.2
483 1800 3880 2.2
484 0 0 0.6
484 200 120 1.2
484 400 360 3.9
484 600 1140 3.2
484 800 1780 1.9
484 1000 2160 2.1
484 1200 2580 3.1
484 1400 3200 1.2
484 1600 3440 2.2
484 1800 3880 2.2
485 0 0 0.6
485 200 120 1.2
485 400 360 3.9
485 600 1140 3.2
485 800 1780 1.9
485 1000 2160 2.1
485 1200 2580 3.1
485 1400 3200 1.2
485 1600 3440 2.2
485 1800 3880 2.2
486 0 0 0.6
486 200 120 1.2
486 400 360 3.9
486 600 1140 3.2
486 800 1780 1.9
486 1000 2160 2.1
486 1200 2580 3.1
486 1400 3200 1.2
486 1600 3440 2.2
486 1800 3880 2.2
487 0 0 0.6
487 200 120 1.2
487 400 360 3.9
487 600 1140 3.2
487 800 1780 1.9
487 1000 2160 2.1
487 1200 2580 3.1
487 1400 3200 1.2
487 1600 3440 2.2
487 1800 3880 2.2
488 0 0 0.6
488 200 120 1.2
488 400 360 3.9
488 600 1140 3.2
488 800 1780 1.9
488 1000 2160 2.1
488 1200 2580 3.1
488 1400 3200 1.2
488 1600 3440 2.2
488 1800 3880 2.2
489 0 0 0.6
489 200 120 1.2
489 400 360 3.9
489 600 1140 3.2
489 800 1780 1.9
489 1000 2160 2.1
489 1200 2580 3.1
489 1400 3200 1.2
489 1600 3440 2.2
489 1800 3880 2.2
490 0 0 0.6
490 200 120 1.2
490 400 360 3.9
490 600 1140 3.2
490 800 1780 1.9
490 1000 2160 2.1
490 1200 2580 3.1
490 1400 3200 1.2
490 1600 3440 2.2
490 1800 3880 2.2
491 0 0 0.6
491 200 120 1.2
491 400 360 3.9
491 600 1140 3.2
491 800 1780 1.9
491 1000 2160 2.1
491 1200 2580 3.1
491 1400 3200 1.2
491 1600 3440 2.2
491 1800 3880 2.2
492 0 0 0.6
492 200 120 1.2
492 400 360 3.9
492 600 1140 3.2
492 800 1780 1.9
492 1000 2160 2.1
492 1200 2580 3.1
492 1400 3200 1.2
492 1600 3440 2.2
492 1800 3880 2.2
493 0 0 0.6
493 200 120 1.2
493 400 360 3.9
493 600 1140 3.2
493 800 1780 1.9
493 1000 2160 2.1
493 1200 2580 3.1
493 1400 3200 1.2
493 1600 3440 2.2
493 1800 3880 2.2
494 0 0 0.6
494 200 120 1.2
494 400 360 3.9
494 600 1140 3.2
494 800 1780 1.9
494 1000 2160 2.1
494 1200 2580 3.1
494 1400 3200 1.2
494 1600 3440 2.2
494 1800 3880 2.2
495 0 0 0.6
495 200 120 1.2
495 400 360 3.9
495 600 1140 3.2
495 800 1780 1.9
495 1000 2160 2.1
495 1200 2580 3.1
495 1400 3200 1.2
495 1600 3440 2.2
495 1800 3880 2.2
496 0 0 0.6
496 200 120 1.2
496 400 360 3.9
496 600 1140 3.2
496 800 1780 1.9
496 1000 2160 2.1
496 1200 2580 3.1
496 1400 3200 1.2
496 1600 3440 2.2
496 1800 3880 2.2
497 0 0 0.6
497 200 120 1.2
497 400 360 3.9
497 600 1140 3.2
497 800 1780 1.9
497 1000 2160 2.1
497 1200 2580 3.1
497 1400 3200 1.2
497 1600 3440 2.2
497 1800 3880 2.2
498 0 0 0.6
498 200 120 1.2
498 400 360 3.9
498 600 1140 3.2
498 800 1780 1.9
498 1000 2160 2.1
498 1200 2580 3.1
498 1400 3200 1.2
498 1600 3440 2.2
498 1800 3880 2.2
499 0 0 0.6
499 200 120 1.2
499 400 360 3.9
499 600 1140 3.2
499 800 1780 1.9
499 1000 2160 2.1
499 1200 2580 3.1
499 1400 3200 1.2
499 1600 3440 2.2
499 1800 3880 2.2
