1000 4
0 0 0 0.9
0 25 22.5 1.1
0 50 50 4.2
0 75 155 1.3
1 0 0 0.9
1 25 22.5 1.1
1 50 50 4.2
1 75 155 1.3
2 0 0 0.9
2 25 22.5 1.1
2 50 50 4.2
2 75 155 1.3
3 0 0 0.9
3 25 22.5 1.1
3 50 50 4.2
3 75 155 1.3
4 0 0 0.9
4 25 22.5 1.1
4 50 50 4.2
4 75 155 1.3
5 0 0 0.9
5 25 22.5 1.1
5 50 50 4.2
5 75 155 1.3
6 0 0 0.9
6 25 22.5 1.1
6 50 50 4.2
6 75 155 1.3
7 0 0 0.9
7 25 22.5 1.1
7 50 50 4.2
7 75 155 1.3
8 0 0 0.9
8 25 22.5 1.1
8 50 50 4.2
8 75 155 1.3
9 0 0 0.9
9 25 22.5 1.1
9 50 50 4.2
9 75 155 1.3
10 0 0 0.9
10 25 22.5 1.1
10 50 50 4.2
10 75 155 1.3
11 0 0 0.9
11 25 22.5 1.1
11 50 50 4.2
11 75 155 1.3
12 0 0 0.9
12 25 22.5 1.1
12 50 50 4.2
12 75 155 1.3
13 0 0 0.9
13 25 22.5 1.1
13 50 50 4.2
13 75 155 1.3
14 0 0 0.9
14 25 22.5 1.1
14 50 50 4.2
14 75 155 1.3
15 0 0 0.9
15 25 22.5 1.1
15 50 50 4.2
15 75 155 1.3
16 0 0 0.9
16 25 22.5 1.1
16 50 50 4.2
16 75 155 1.3
17 0 0 0.9
17 25 22.5 1.1
17 50 50 4.2
17 75 155 1.3
18 0 0 0.9
18 25 22.5 1.1
18 50 50 4.2
18 75 155 1.3
19 0 0 0.9
19 25 22.5 1.1
19 50 50 4.2
19 75 155 1.3
20 0 0 0.9
20 25 22.5 1.1
20 50 50 4.2
20 75 155 1.3
21 0 0 0.9
21 25 22.5 1.1
21 50 50 4.2
21 75 155 1.3
22 0 0 0.9
22 25 22.5 1.1
22 50 50 4.2
22 75 155 1.3
23 0 0 0.9
23 25 22.5 1.1
23 50 50 4.2
23 75 155 1.3
24 0 0 0.9
24 25 22.5 1.1
24 50 50 4.2
24 75 155 1.3
25 0 0 0.9
25 25 22.5 1.1
25 50 50 4.2
25 75 155 1.3
26 0 0 0.9
26 25 22.5 1.1
26 50 50 4.2
26 75 155 1.3
27 0 0 0.9
27 25 22.5 1.1
27 50 50 4.2
27 75 155 1.3
28 0 0 0.9
28 25 22.5 1.1
28 50 50 4.2
28 75 155 1.3
29 0 0 0.9
29 25 22.5 1.1
29 50 50 4.2
29 75 155 1.3
30 0 0 0.9
30 25 22.5 1.1
30 50 50 4.2
30 75 155 1.3
31 0 0 0.9
31 25 22.5 1.1
31 50 50 4.2
31 75 155 1.3
32 0 0 0.9
32 25 22.5 1.1
32 50 50 4.2
32 75 155 1.3
33 0 0 0.9
33 25 22.5 1.1
33 50 50 4.2
33 75 155 1.3
34 0 0 0.9
34 25 22.5 1.1
34 50 50 4.2
34 75 155 1.3
35 0 0 0.9
35 25 22.5 1.1
35 50 50 4.2
35 75 155 1.3
36 0 0 0.9
36 25 22.5 1.1
36 50 50 4.2
36 75 155 1.3
37 0 0 0.9
37 25 22.5 1.1
37 50 50 4.2
37 75 155 1.3
38 0 0 0.9
38 25 22.5 1.1
38 50 50 4.2
38 75 155 1.3
39 0 0 0.9
39 25 22.5 1.1
39 50 50 4.2
39 75 155 1.3
40 0 0 0.9
40 25 22.5 1.1
40 50 50 4.2
40 75 155 1.3
41 0 0 0.9
41 25 22.5 1.1
41 50 50 4.2
41 75 155 1.3
42 0 0 0.9
42 25 22.5 1.1
42 50 50 4.2
42 75 155 1.3
43 0 0 0.9
43 25 22.5 1.1
43 50 50 4.2
43 75 155 1.3
44 0 0 0.9
44 25 22.5 1.1
44 50 50 4.2
44 75 155 1.3
45 0 0 0.9
45 25 22.5 1.1
45 50 50 4.2
45 75 155 1.3
46 0 0 0.9
46 25 22.5 1.1
46 50 50 4.2
46 75 155 1.3
47 0 0 0.9
47 25 22.5 1.1
47 50 50 4.2
47 75 155 1.3
48 0 0 0.9
48 25 22.5 1.1
48 50 50 4.2
48 75 155 1.3
49 0 0 0.9
49 25 22.5 1.1
49 50 50 4.2
49 75 155 1.3
50 0 0 0.9
50 25 22.5 1.1
50 50 50 4.2
50 75 155 1.3
51 0 0 0.9
51 25 22.5 1.1
51 50 50 4.2
51 75 155 1.3
52 0 0 0.9
52 25 22.5 1.1
52 50 50 4.2
52 75 155 1.3
53 0 0 0.9
53 25 22.5 1.1
53 50 50 4.2
53 75 155 1.3
54 0 0 0.9
54 25 22.5 1.1
54 50 50 4.2
54 75 155 1.3
55 0 0 0.9
55 25 22.5 1.1
55 50 50 4.2
55 75 155 1.3
56 0 0 0.9
56 25 22.5 1.1
56 50 50 4.2
56 75 155 1.3
57 0 0 0.9
57 25 22.5 1.1
57 50 50 4.2
57 75 155 1.3
58 0 0 0.9
58 25 22.5 1.1
58 50 50 4.2
58 75 155 1.3
59 0 0 0.9
59 25 22.5 1.1
59 50 50 4.2
59 75 155 1.3
60 0 0 0.9
60 25 22.5 1.1
60 50 50 4.2
60 75 155 1.3
61 0 0 0.9
61 25 22.5 1.1
61 50 50 4.2
61 75 155 1.3
62 0 0 0.9
62 25 22.5 1.1
62 50 50 4.2
62 75 155 1.3
63 0 0 0.9
63 25 22.5 1.1
63 50 50 4.2
63 75 155 1.3
64 0 0 0.9
64 25 22.5 1.1
64 50 50 4.2
64 75 155 1.3
65 0 0 0.9
65 25 22.5 1.1
65 50 50 4.2
65 75 155 1.3
66 0 0 0.9
66 25 22.5 1.1
66 50 50 4.2
66 75 155 1.3
67 0 0 0.9
67 25 22.5 1.1
67 50 50 4.2
67 75 155 1.3
68 0 0 0.9
68 25 22.5 1.1
68 50 50 4.2
68 75 155 1.3
69 0 0 0.9
69 25 22.5 1.1
69 50 50 4.2
69 75 155 1.3
70 0 0 0.9
70 25 22.5 1.1
70 50 50 4.2
70 75 155 1.3
71 0 0 0.9
71 25 22.5 1.1
71 50 50 4.2
71 75 155 1.3
72 0 0 0.9
72 25 22.5 1.1
72 50 50 4.2
72 75 155 1.3
73 0 0 0.9
73 25 22.5 1.1
73 50 50 4.2
73 75 155 1.3
74 0 0 0.9
74 25 22.5 1.1
74 50 50 4.2
74 75 155 1.3
75 0 0 0.9
75 25 22.5 1.1
75 50 50 4.2
75 75 155 1.3
76 0 0 0.9
76 25 22.5 1.1
76 50 50 4.2
76 75 155 1.3
77 0 0 0.9
77 25 22.5 1.1
77 50 50 4.2
77 75 155 1.3
78 0 0 0.9
78 25 22.5 1.1
78 50 50 4.2
78 75 155 1.3
79 0 0 0.9
79 25 22.5 1.1
79 50 50 4.2
79 75 155 1.3
80 0 0 0.9
80 25 22.5 1.1
80 50 50 4.2
80 75 155 1.3
81 0 0 0.9
81 25 22.5 1.1
81 50 50 4.2
81 75 155 1.3
82 0 0 0.9
82 25 22.5 1.1
82 50 50 4.2
82 75 155 1.3
83 0 0 0.9
83 25 22.5 1.1
83 50 50 4.2
83 75 155 1.3
84 0 0 0.9
84 25 22.5 1.1
84 50 50 4.2
84 75 155 1.3
85 0 0 0.9
85 25 22.5 1.1
85 50 50 4.2
85 75 155 1.3
86 0 0 0.9
86 25 22.5 1.1
86 50 50 4.2
86 75 155 1.3
87 0 0 0.9
87 25 22.5 1.1
87 50 50 4.2
87 75 155 1.3
88 0 0 0.9
88 25 22.5 1.1
88 50 50 4.2
88 75 155 1.3
89 0 0 0.9
89 25 22.5 1.1
89 50 50 4.2
89 75 155 1.3
90 0 0 0.9
90 25 22.5 1.1
90 50 50 4.2
90 75 155 1.3
91 0 0 0.9
91 25 22.5 1.1
91 50 50 4.2
91 75 155 1.3
92 0 0 0.9
92 25 22.5 1.1
92 50 50 4.2
92 75 155 1.3
93 0 0 0.9
93 25 22.5 1.1
93 50 50 4.2
93 75 155 1.3
94 0 0 0.9
94 25 22.5 1.1
94 50 50 4.2
94 75 155 1.3
95 0 0 0.9
95 25 22.5 1.1
95 50 50 4.2
95 75 155 1.3
96 0 0 0.9
96 25 22.5 1.1
96 50 50 4.2
96 75 155 1.3
97 0 0 0.9
97 25 22.5 1.1
97 50 50 4.2
97 75 155 1.3
98 0 0 0.9
98 25 22.5 1.1
98 50 50 4.2
98 75 155 1.3
99 0 0 0.9
99 25 22.5 1.1
99 50 50 4.2
99 75 155 1.3
100 0 0 0.9
100 25 22.5 1.1
100 50 50 4.2
100 75 155 1.3
101 0 0 0.9
101 25 22.5 1.1
101 50 50 4.2
101 75 155 1.3
102 0 0 0.9
102 25 22.5 1.1
102 50 50 4.2
102 75 155 1.3
103 0 0 0.9
103 25 22.5 1.1
103 50 50 4.2
103 75 155 1.3
104 0 0 0.9
104 25 22.5 1.1
104 50 50 4.2
104 75 155 1.3
105 0 0 0.9
105 25 22.5 1.1
105 50 50 4.2
105 75 155 1.3
106 0 0 0.9
106 25 22.5 1.1
106 50 50 4.2
106 75 155 1.3
107 0 0 0.9
107 25 22.5 1.1
107 50 50 4.2
107 75 155 1.3
108 0 0 0.9
108 25 22.5 1.1
108 50 50 4.2
108 75 155 1.3
109 0 0 0.9
109 25 22.5 1.1
109 50 50 4.2
109 75 155 1.3
110 0 0 0.9
110 25 22.5 1.1
110 50 50 4.2
110 75 155 1.3
111 0 0 0.9
111 25 22.5 1.1
111 50 50 4.2
111 75 155 1.3
112 0 0 0.9
112 25 22.5 1.1
112 50 50 4.2
112 75 155 1.3
113 0 0 0.9
113 25 22.5 1.1
113 50 50 4.2
113 75 155 1.3
114 0 0 0.9
114 25 22.5 1.1
114 50 50 4.2
114 75 155 1.3
115 0 0 0.9
115 25 22.5 1.1
115 50 50 4.2
115 75 155 1.3
116 0 0 0.9
116 25 22.5 1.1
116 50 50 4.2
116 75 155 1.3
117 0 0 0.9
117 25 22.5 1.1
117 50 50 4.2
117 75 155 1.3
118 0 0 0.9
118 25 22.5 1.1
118 50 50 4.2
118 75 155 1.3
119 0 0 0.9
119 25 22.5 1.1
119 50 50 4.2
119 75 155 1.3
120 0 0 0.9
120 25 22.5 1.1
120 50 50 4.2
120 75 155 1.3
121 0 0 0.9
121 25 22.5 1.1
121 50 50 4.2
121 75 155 1.3
122 0 0 0.9
122 25 22.5 1.1
122 50 50 4.2
122 75 155 1.3
123 0 0 0.9
123 25 22.5 1.1
123 50 50 4.2
123 75 155 1.3
124 0 0 0.9
124 25 22.5 1.1
124 50 50 4.2
124 75 155 1.3
125 0 0 0.9
125 25 22.5 1.1
125 50 50 4.2
125 75 155 1.3
126 0 0 0.9
126 25 22.5 1.1
126 50 50 4.2
126 75 155 1.3
127 0 0 0.9
127 25 22.5 1.1
127 50 50 4.2
127 75 155 1.3
128 0 0 0.9
128 25 22.5 1.1
128 50 50 4.2
128 75 155 1.3
129 0 0 0.9
129 25 22.5 1.1
129 50 50 4.2
129 75 155 1.3
130 0 0 0.9
130 25 22.5 1.1
130 50 50 4.2
130 75 155 1.3
131 0 0 0.9
131 25 22.5 1.1
131 50 50 4.2
131 75 155 1.3
132 0 0 0.9
132 25 22.5 1.1
132 50 50 4.2
132 75 155 1.3
133 0 0 0.9
133 25 22.5 1.1
133 50 50 4.2
133 75 155 1.3
134 0 0 0.9
134 25 22.5 1.1
134 50 50 4.2
134 75 155 1.3
135 0 0 0.9
135 25 22.5 1.1
135 50 50 4.2
135 75 155 1.3
136 0 0 0.9
136 25 22.5 1.1
136 50 50 4.2
136 75 155 1.3
137 0 0 0.9
137 25 22.5 1.1
137 50 50 4.2
137 75 155 1.3
138 0 0 0.9
138 25 22.5 1.1
138 50 50 4.2
138 75 155 1.3
139 0 0 0.9
139 25 22.5 1.1
139 50 50 4.2
139 75 155 1.3
140 0 0 0.9
140 25 22.5 1.1
140 50 50 4.2
140 75 155 1.3
141 0 0 0.9
141 25 22.5 1.1
141 50 50 4.2
141 75 155 1.3
142 0 0 0.9
142 25 22.5 1.1
142 50 50 4.2
142 75 155 1.3
143 0 0 0.9
143 25 22.5 1.1
143 50 50 4.2
143 75 155 1.3
144 0 0 0.9
144 25 22.5 1.1
144 50 50 4.2
144 75 155 1.3
145 0 0 0.9
145 25 22.5 1.1
145 50 50 4.2
145 75 155 1.3
146 0 0 0.9
146 25 22.5 1.1
146 50 50 4.2
146 75 155 1.3
147 0 0 0.9
147 25 22.5 1.1
147 50 50 4.2
147 75 155 1.3
148 0 0 0.9
148 25 22.5 1.1
148 50 50 4.2
148 75 155 1.3
149 0 0 0.9
149 25 22.5 1.1
149 50 50 4.2
149 75 155 1.3
150 0 0 0.9
150 25 22.5 1.1
150 50 50 4.2
150 75 155 1.3
151 0 0 0.9
151 25 22.5 1.1
151 50 50 4.2
151 75 155 1.3
152 0 0 0.9
152 25 22.5 1.1
152 50 50 4.2
152 75 155 1.3
153 0 0 0.9
153 25 22.5 1.1
153 50 50 4.2
153 75 155 1.3
154 0 0 0.9
154 25 22.5 1.1
154 50 50 4.2
154 75 155 1.3
155 0 0 0.9
155 25 22.5 1.1
155 50 50 4.2
155 75 155 1.3
156 0 0 0.9
156 25 22.5 1.1
156 50 50 4.2
156 75 155 1.3
157 0 0 0.9
157 25 22.5 1.1
157 50 50 4.2
157 75 155 1.3
158 0 0 0.9
158 25 22.5 1.1
158 50 50 4.2
158 75 155 1.3
159 0 0 0.9
159 25 22.5 1.1
159 50 50 4.2
159 75 155 1.3
160 0 0 0.9
160 25 22.5 1.1
160 50 50 4.2
160 75 155 1.3
161 0 0 0.9
161 25 22.5 1.1
161 50 50 4.2
161 75 155 1.3
162 0 0 0.9
162 25 22.5 1.1
162 50 50 4.2
162 75 155 1.3
163 0 0 0.9
163 25 22.5 1.1
163 50 50 4.2
163 75 155 1.3
164 0 0 0.9
164 25 22.5 1.1
164 50 50 4.2
164 75 155 1.3
165 0 0 0.9
165 25 22.5 1.1
165 50 50 4.2
165 75 155 1.3
166 0 0 0.9
166 25 22.5 1.1
166 50 50 4.2
166 75 155 1.3
167 0 0 0.9
167 25 22.5 1.1
167 50 50 4.2
167 75 155 1.3
168 0 0 0.9
168 25 22.5 1.1
168 50 50 4.2
168 75 155 1.3
169 0 0 0.9
169 25 22.5 1.1
169 50 50 4.2
169 75 155 1.3
170 0 0 0.9
170 25 22.5 1.1
170 50 50 4.2
170 75 155 1.3
171 0 0 0.9
171 25 22.5 1.1
171 50 50 4.2
171 75 155 1.3
172 0 0 0.9
172 25 22.5 1.1
172 50 50 4.2
172 75 155 1.3
173 0 0 0.9
173 25 22.5 1.1
173 50 50 4.2
173 75 155 1.3
174 0 0 0.9
174 25 22.5 1.1
174 50 50 4.2
174 75 155 1.3
175 0 0 0.9
175 25 22.5 1.1
175 50 50 4.2
175 75 155 1.3
176 0 0 0.9
176 25 22.5 1.1
176 50 50 4.2
176 75 155 1.3
177 0 0 0.9
177 25 22.5 1.1
177 50 50 4.2
177 75 155 1.3
178 0 0 0.9
178 25 22.5 1.1
178 50 50 4.2
178 75 155 1.3
179 0 0 0.9
179 25 22.5 1.1
179 50 50 4.2
179 75 155 1.3
180 0 0 0.9
180 25 22.5 1.1
180 50 50 4.2
180 75 155 1.3
181 0 0 0.9
181 25 22.5 1.1
181 50 50 4.2
181 75 155 1.3
182 0 0 0.9
182 25 22.5 1.1
182 50 50 4.2
182 75 155 1.3
183 0 0 0.9
183 25 22.5 1.1
183 50 50 4.2
183 75 155 1.3
184 0 0 0.9
184 25 22.5 1.1
184 50 50 4.2
184 75 155 1.3
185 0 0 0.9
185 25 22.5 1.1
185 50 50 4.2
185 75 155 1.3
186 0 0 0.9
186 25 22.5 1.1
186 50 50 4.2
186 75 155 1.3
187 0 0 0.9
187 25 22.5 1.1
187 50 50 4.2
187 75 155 1.3
188 0 0 0.9
188 25 22.5 1.1
188 50 50 4.2
188 75 155 1.3
189 0 0 0.9
189 25 22.5 1.1
189 50 50 4.2
189 75 155 1.3
190 0 0 0.9
190 25 22.5 1.1
190 50 50 4.2
190 75 155 1.3
191 0 0 0.9
191 25 22.5 1.1
191 50 50 4.2
191 75 155 1.3
192 0 0 0.9
192 25 22.5 1.1
192 50 50 4.2
192 75 155 1.3
193 0 0 0.9
193 25 22.5 1.1
193 50 50 4.2
193 75 155 1.3
194 0 0 0.9
194 25 22.5 1.1
194 50 50 4.2
194 75 155 1.3
195 0 0 0.9
195 25 22.5 1.1
195 50 50 4.2
195 75 155 1.3
196 0 0 0.9
196 25 22.5 1.1
196 50 50 4.2
196 75 155 1.3
197 0 0 0.9
197 25 22.5 1.1
197 50 50 4.2
197 75 155 1.3
198 0 0 0.9
198 25 22.5 1.1
198 50 50 4.2
198 75 155 1.3
199 0 0 0.9
199 25 22.5 1.1
199 50 50 4.2
199 75 155 1.3
200 0 0 0.9
200 25 22.5 1.1
200 50 50 4.2
200 75 155 1.3
201 0 0 0.9
201 25 22.5 1.1
201 50 50 4.2
201 75 155 1.3
202 0 0 0.9
202 25 22.5 1.1
202 50 50 4.2
202 75 155 1.3
203 0 0 0.9
203 25 22.5 1.1
203 50 50 4.2
203 75 155 1.3
204 0 0 0.9
204 25 22.5 1.1
204 50 50 4.2
204 75 155 1.3
205 0 0 0.9
205 25 22.5 1.1
205 50 50 4.2
205 75 155 1.3
206 0 0 0.9
206 25 22.5 1.1
206 50 50 4.2
206 75 155 1.3
207 0 0 0.9
207 25 22.5 1.1
207 50 50 4.2
207 75 155 1.3
208 0 0 0.9
208 25 22.5 1.1
208 50 50 4.2
208 75 155 1.3
209 0 0 0.9
209 25 22.5 1.1
209 50 50 4.2
209 75 155 1.3
210 0 0 0.9
210 25 22.5 1.1
210 50 50 4.2
210 75 155 1.3
211 0 0 0.9
211 25 22.5 1.1
211 50 50 4.2
211 75 155 1.3
212 0 0 0.9
212 25 22.5 1.1
212 50 50 4.2
212 75 155 1.3
213 0 0 0.9
213 25 22.5 1.1
213 50 50 4.2
213 75 155 1.3
214 0 0 0.9
214 25 22.5 1.1
214 50 50 4.2
214 75 155 1.3
215 0 0 0.9
215 25 22.5 1.1
215 50 50 4.2
215 75 155 1.3
216 0 0 0.9
216 25 22.5 1.1
216 50 50 4.2
216 75 155 1.3
217 0 0 0.9
217 25 22.5 1.1
217 50 50 4.2
217 75 155 1.3
218 0 0 0.9
218 25 22.5 1.1
218 50 50 4.2
218 75 155 1.3
219 0 0 0.9
219 25 22.5 1.1
219 50 50 4.2
219 75 155 1.3
220 0 0 0.9
220 25 22.5 1.1
220 50 50 4.2
220 75 155 1.3
221 0 0 0.9
221 25 22.5 1.1
221 50 50 4.2
221 75 155 1.3
222 0 0 0.9
222 25 22.5 1.1
222 50 50 4.2
222 75 155 1.3
223 0 0 0.9
223 25 22.5 1.1
223 50 50 4.2
223 75 155 1.3
224 0 0 0.9
224 25 22.5 1.1
224 50 50 4.2
224 75 155 1.3
225 0 0 0.9
225 25 22.5 1.1
225 50 50 4.2
225 75 155 1.3
226 0 0 0.9
226 25 22.5 1.1
226 50 50 4.2
226 75 155 1.3
227 0 0 0.9
227 25 22.5 1.1
227 50 50 4.2
227 75 155 1.3
228 0 0 0.9
228 25 22.5 1.1
228 50 50 4.2
228 75 155 1.3
229 0 0 0.9
229 25 22.5 1.1
229 50 50 4.2
229 75 155 1.3
230 0 0 0.9
230 25 22.5 1.1
230 50 50 4.2
230 75 155 1.3
231 0 0 0.9
231 25 22.5 1.1
231 50 50 4.2
231 75 155 1.3
232 0 0 0.9
232 25 22.5 1.1
232 50 50 4.2
232 75 155 1.3
233 0 0 0.9
233 25 22.5 1.1
233 50 50 4.2
233 75 155 1.3
234 0 0 0.9
234 25 22.5 1.1
234 50 50 4.2
234 75 155 1.3
235 0 0 0.9
235 25 22.5 1.1
235 50 50 4.2
235 75 155 1.3
236 0 0 0.9
236 25 22.5 1.1
236 50 50 4.2
236 75 155 1.3
237 0 0 0.9
237 25 22.5 1.1
237 50 50 4.2
237 75 155 1.3
238 0 0 0.9
238 25 22.5 1.1
238 50 50 4.2
238 75 155 1.3
239 0 0 0.9
239 25 22.5 1.1
239 50 50 4.2
239 75 155 1.3
240 0 0 0.9
240 25 22.5 1.1
240 50 50 4.2
240 75 155 1.3
241 0 0 0.9
241 25 22.5 1.1
241 50 50 4.2
241 75 155 1.3
242 0 0 0.9
242 25 22.5 1.1
242 50 50 4.2
242 75 155 1.3
243 0 0 0.9
243 25 22.5 1.1
243 50 50 4.2
243 75 155 1.3
244 0 0 0.9
244 25 22.5 1.1
244 50 50 4.2
244 75 155 1.3
245 0 0 0.9
245 25 22.5 1.1
245 50 50 4.2
245 75 155 1.3
246 0 0 0.9
246 25 22.5 1.1
246 50 50 4.2
246 75 155 1.3
247 0 0 0.9
247 25 22.5 1.1
247 50 50 4.2
247 75 155 1.3
248 0 0 0.9
248 25 22.5 1.1
248 50 50 4.2
248 75 155 1.3
249 0 0 0.9
249 25 22.5 1.1
249 50 50 4.2
249 75 155 1.3
250 0 0 0.9
250 25 22.5 1.1
250 50 50 4.2
250 75 155 1.3
251 0 0 0.9
251 25 22.5 1.1
251 50 50 4.2
251 75 155 1.3
252 0 0 0.9
252 25 22.5 1.1
252 50 50 4.2
252 75 155 1.3
253 0 0 0.9
253 25 22.5 1.1
253 50 50 4.2
253 75 155 1.3
254 0 0 0.9
254 25 22.5 1.1
254 50 50 4.2
254 75 155 1.3
255 0 0 0.9
255 25 22.5 1.1
255 50 50 4.2
255 75 155 1.3
256 0 0 0.9
256 25 22.5 1.1
256 50 50 4.2
256 75 155 1.3
257 0 0 0.9
257 25 22.5 1.1
257 50 50 4.2
257 75 155 1.3
258 0 0 0.9
258 25 22.5 1.1
258 50 50 4.2
258 75 155 1.3
259 0 0 0.9
259 25 22.5 1.1
259 50 50 4.2
259 75 155 1.3
260 0 0 0.9
260 25 22.5 1.1
260 50 50 4.2
260 75 155 1.3
261 0 0 0.9
261 25 22.5 1.1
261 50 50 4.2
261 75 155 1.3
262 0 0 0.9
262 25 22.5 1.1
262 50 50 4.2
262 75 155 1.3
263 0 0 0.9
263 25 22.5 1.1
263 50 50 4.2
263 75 155 1.3
264 0 0 0.9
264 25 22.5 1.1
264 50 50 4.2
264 75 155 1.3
265 0 0 0.9
265 25 22.5 1.1
265 50 50 4.2
265 75 155 1.3
266 0 0 0.9
266 25 22.5 1.1
266 50 50 4.2
266 75 155 1.3
267 0 0 0.9
267 25 22.5 1.1
267 50 50 4.2
267 75 155 1.3
268 0 0 0.9
268 25 22.5 1.1
268 50 50 4.2
268 75 155 1.3
269 0 0 0.9
269 25 22.5 1.1
269 50 50 4.2
269 75 155 1.3
270 0 0 0.9
270 25 22.5 1.1
270 50 50 4.2
270 75 155 1.3
271 0 0 0.9
271 25 22.5 1.1
271 50 50 4.2
271 75 155 1.3
272 0 0 0.9
272 25 22.5 1.1
272 50 50 4.2
272 75 155 1.3
273 0 0 0.9
273 25 22.5 1.1
273 50 50 4.2
273 75 155 1.3
274 0 0 0.9
274 25 22.5 1.1
274 50 50 4.2
274 75 155 1.3
275 0 0 0.9
275 25 22.5 1.1
275 50 50 4.2
275 75 155 1.3
276 0 0 0.9
276 25 22.5 1.1
276 50 50 4.2
276 75 155 1.3
277 0 0 0.9
277 25 22.5 1.1
277 50 50 4.2
277 75 155 1.3
278 0 0 0.9
278 25 22.5 1.1
278 50 50 4.2
278 75 155 1.3
279 0 0 0.9
279 25 22.5 1.1
279 50 50 4.2
279 75 155 1.3
280 0 0 0.9
280 25 22.5 1.1
280 50 50 4.2
280 75 155 1.3
281 0 0 0.9
281 25 22.5 1.1
281 50 50 4.2
281 75 155 1.3
282 0 0 0.9
282 25 22.5 1.1
282 50 50 4.2
282 75 155 1.3
283 0 0 0.9
283 25 22.5 1.1
283 50 50 4.2
283 75 155 1.3
284 0 0 0.9
284 25 22.5 1.1
284 50 50 4.2
284 75 155 1.3
285 0 0 0.9
285 25 22.5 1.1
285 50 50 4.2
285 75 155 1.3
286 0 0 0.9
286 25 22.5 1.1
286 50 50 4.2
286 75 155 1.3
287 0 0 0.9
287 25 22.5 1.1
287 50 50 4.2
287 75 155 1.3
288 0 0 0.9
288 25 22.5 1.1
288 50 50 4.2
288 75 155 1.3
289 0 0 0.9
289 25 22.5 1.1
289 50 50 4.2
289 75 155 1.3
290 0 0 0.9
290 25 22.5 1.1
290 50 50 4.2
290 75 155 1.3
291 0 0 0.9
291 25 22.5 1.1
291 50 50 4.2
291 75 155 1.3
292 0 0 0.9
292 25 22.5 1.1
292 50 50 4.2
292 75 155 1.3
293 0 0 0.9
293 25 22.5 1.1
293 50 50 4.2
293 75 155 1.3
294 0 0 0.9
294 25 22.5 1.1
294 50 50 4.2
294 75 155 1.3
295 0 0 0.9
295 25 22.5 1.1
295 50 50 4.2
295 75 155 1.3
296 0 0 0.9
296 25 22.5 1.1
296 50 50 4.2
296 75 155 1.3
297 0 0 0.9
297 25 22.5 1.1
297 50 50 4.2
297 75 155 1.3
298 0 0 0.9
298 25 22.5 1.1
298 50 50 4.2
298 75 155 1.3
299 0 0 0.9
299 25 22.5 1.1
299 50 50 4.2
299 75 155 1.3
300 0 0 0.9
300 25 22.5 1.1
300 50 50 4.2
300 75 155 1.3
301 0 0 0.9
301 25 22.5 1.1
301 50 50 4.2
301 75 155 1.3
302 0 0 0.9
302 25 22.5 1.1
302 50 50 4.2
302 75 155 1.3
303 0 0 0.9
303 25 22.5 1.1
303 50 50 4.2
303 75 155 1.3
304 0 0 0.9
304 25 22.5 1.1
304 50 50 4.2
304 75 155 1.3
305 0 0 0.9
305 25 22.5 1.1
305 50 50 4.2
305 75 155 1.3
306 0 0 0.9
306 25 22.5 1.1
306 50 50 4.2
306 75 155 1.3
307 0 0 0.9
307 25 22.5 1.1
307 50 50 4.2
307 75 155 1.3
308 0 0 0.9
308 25 22.5 1.1
308 50 50 4.2
308 75 155 1.3
309 0 0 0.9
309 25 22.5 1.1
309 50 50 4.2
309 75 155 1.3
310 0 0 0.9
310 25 22.5 1.1
310 50 50 4.2
310 75 155 1.3
311 0 0 0.9
311 25 22.5 1.1
311 50 50 4.2
311 75 155 1.3
312 0 0 0.9
312 25 22.5 1.1
312 50 50 4.2
312 75 155 1.3
313 0 0 0.9
313 25 22.5 1.1
313 50 50 4.2
313 75 155 1.3
314 0 0 0.9
314 25 22.5 1.1
314 50 50 4.2
314 75 155 1.3
315 0 0 0.9
315 25 22.5 1.1
315 50 50 4.2
315 75 155 1.3
316 0 0 0.9
316 25 22.5 1.1
316 50 50 4.2
316 75 155 1.3
317 0 0 0.9
317 25 22.5 1.1
317 50 50 4.2
317 75 155 1.3
318 0 0 0.9
318 25 22.5 1.1
318 50 50 4.2
318 75 155 1.3
319 0 0 0.9
319 25 22.5 1.1
319 50 50 4.2
319 75 155 1.3
320 0 0 0.9
320 25 22.5 1.1
320 50 50 4.2
320 75 155 1.3
321 0 0 0.9
321 25 22.5 1.1
321 50 50 4.2
321 75 155 1.3
322 0 0 0.9
322 25 22.5 1.1
322 50 50 4.2
322 75 155 1.3
323 0 0 0.9
323 25 22.5 1.1
323 50 50 4.2
323 75 155 1.3
324 0 0 0.9
324 25 22.5 1.1
324 50 50 4.2
324 75 155 1.3
325 0 0 0.9
325 25 22.5 1.1
325 50 50 4.2
325 75 155 1.3
326 0 0 0.9
326 25 22.5 1.1
326 50 50 4.2
326 75 155 1.3
327 0 0 0.9
327 25 22.5 1.1
327 50 50 4.2
327 75 155 1.3
328 0 0 0.9
328 25 22.5 1.1
328 50 50 4.2
328 75 155 1.3
329 0 0 0.9
329 25 22.5 1.1
329 50 50 4.2
329 75 155 1.3
330 0 0 0.9
330 25 22.5 1.1
330 50 50 4.2
330 75 155 1.3
331 0 0 0.9
331 25 22.5 1.1
331 50 50 4.2
331 75 155 1.3
332 0 0 0.9
332 25 22.5 1.1
332 50 50 4.2
332 75 155 1.3
333 0 0 0.9
333 25 22.5 1.1
333 50 50 4.2
333 75 155 1.3
334 0 0 0.9
334 25 22.5 1.1
334 50 50 4.2
334 75 155 1.3
335 0 0 0.9
335 25 22.5 1.1
335 50 50 4.2
335 75 155 1.3
336 0 0 0.9
336 25 22.5 1.1
336 50 50 4.2
336 75 155 1.3
337 0 0 0.9
337 25 22.5 1.1
337 50 50 4.2
337 75 155 1.3
338 0 0 0.9
338 25 22.5 1.1
338 50 50 4.2
338 75 155 1.3
339 0 0 0.9
339 25 22.5 1.1
339 50 50 4.2
339 75 155 1.3
340 0 0 0.9
340 25 22.5 1.1
340 50 50 4.2
340 75 155 1.3
341 0 0 0.9
341 25 22.5 1.1
341 50 50 4.2
341 75 155 1.3
342 0 0 0.9
342 25 22.5 1.1
342 50 50 4.2
342 75 155 1.3
343 0 0 0.9
343 25 22.5 1.1
343 50 50 4.2
343 75 155 1.3
344 0 0 0.9
344 25 22.5 1.1
344 50 50 4.2
344 75 155 1.3
345 0 0 0.9
345 25 22.5 1.1
345 50 50 4.2
345 75 155 1.3
346 0 0 0.9
346 25 22.5 1.1
346 50 50 4.2
346 75 155 1.3
347 0 0 0.9
347 25 22.5 1.1
347 50 50 4.2
347 75 155 1.3
348 0 0 0.9
348 25 22.5 1.1
348 50 50 4.2
348 75 155 1.3
349 0 0 0.9
349 25 22.5 1.1
349 50 50 4.2
349 75 155 1.3
350 0 0 0.9
350 25 22.5 1.1
350 50 50 4.2
350 75 155 1.3
351 0 0 0.9
351 25 22.5 1.1
351 50 50 4.2
351 75 155 1.3
352 0 0 0.9
352 25 22.5 1.1
352 50 50 4.2
352 75 155 1.3
353 0 0 0.9
353 25 22.5 1.1
353 50 50 4.2
353 75 155 1.3
354 0 0 0.9
354 25 22.5 1.1
354 50 50 4.2
354 75 155 1.3
355 0 0 0.9
355 25 22.5 1.1
355 50 50 4.2
355 75 155 1.3
356 0 0 0.9
356 25 22.5 1.1
356 50 50 4.2
356 75 155 1.3
357 0 0 0.9
357 25 22.5 1.1
357 50 50 4.2
357 75 155 1.3
358 0 0 0.9
358 25 22.5 1.1
358 50 50 4.2
358 75 155 1.3
359 0 0 0.9
359 25 22.5 1.1
359 50 50 4.2
359 75 155 1.3
360 0 0 0.9
360 25 22.5 1.1
360 50 50 4.2
360 75 155 1.3
361 0 0 0.9
361 25 22.5 1.1
361 50 50 4.2
361 75 155 1.3
362 0 0 0.9
362 25 22.5 1.1
362 50 50 4.2
362 75 155 1.3
363 0 0 0.9
363 25 22.5 1.1
363 50 50 4.2
363 75 155 1.3
364 0 0 0.9
364 25 22.5 1.1
364 50 50 4.2
364 75 155 1.3
365 0 0 0.9
365 25 22.5 1.1
365 50 50 4.2
365 75 155 1.3
366 0 0 0.9
366 25 22.5 1.1
366 50 50 4.2
366 75 155 1.3
367 0 0 0.9
367 25 22.5 1.1
367 50 50 4.2
367 75 155 1.3
368 0 0 0.9
368 25 22.5 1.1
368 50 50 4.2
368 75 155 1.3
369 0 0 0.9
369 25 22.5 1.1
369 50 50 4.2
369 75 155 1.3
370 0 0 0.9
370 25 22.5 1.1
370 50 50 4.2
370 75 155 1.3
371 0 0 0.9
371 25 22.5 1.1
371 50 50 4.2
371 75 155 1.3
372 0 0 0.9
372 25 22.5 1.1
372 50 50 4.2
372 75 155 1.3
373 0 0 0.9
373 25 22.5 1.1
373 50 50 4.2
373 75 155 1.3
374 0 0 0.9
374 25 22.5 1.1
374 50 50 4.2
374 75 155 1.3
375 0 0 0.9
375 25 22.5 1.1
375 50 50 4.2
375 75 155 1.3
376 0 0 0.9
376 25 22.5 1.1
376 50 50 4.2
376 75 155 1.3
377 0 0 0.9
377 25 22.5 1.1
377 50 50 4.2
377 75 155 1.3
378 0 0 0.9
378 25 22.5 1.1
378 50 50 4.2
378 75 155 1.3
379 0 0 0.9
379 25 22.5 1.1
379 50 50 4.2
379 75 155 1.3
380 0 0 0.9
380 25 22.5 1.1
380 50 50 4.2
380 75 155 1.3
381 0 0 0.9
381 25 22.5 1.1
381 50 50 4.2
381 75 155 1.3
382 0 0 0.9
382 25 22.5 1.1
382 50 50 4.2
382 75 155 1.3
383 0 0 0.9
383 25 22.5 1.1
383 50 50 4.2
383 75 155 1.3
384 0 0 0.9
384 25 22.5 1.1
384 50 50 4.2
384 75 155 1.3
385 0 0 0.9
385 25 22.5 1.1
385 50 50 4.2
385 75 155 1.3
386 0 0 0.9
386 25 22.5 1.1
386 50 50 4.2
386 75 155 1.3
387 0 0 0.9
387 25 22.5 1.1
387 50 50 4.2
387 75 155 1.3
388 0 0 0.9
388 25 22.5 1.1
388 50 50 4.2
388 75 155 1.3
389 0 0 0.9
389 25 22.5 1.1
389 50 50 4.2
389 75 155 1.3
390 0 0 0.9
390 25 22.5 1.1
390 50 50 4.2
390 75 155 1.3
391 0 0 0.9
391 25 22.5 1.1
391 50 50 4.2
391 75 155 1.3
392 0 0 0.9
392 25 22.5 1.1
392 50 50 4.2
392 75 155 1.3
393 0 0 0.9
393 25 22.5 1.1
393 50 50 4.2
393 75 155 1.3
394 0 0 0.9
394 25 22.5 1.1
394 50 50 4.2
394 75 155 1.3
395 0 0 0.9
395 25 22.5 1.1
395 50 50 4.2
395 75 155 1.3
396 0 0 0.9
396 25 22.5 1.1
396 50 50 4.2
396 75 155 1.3
397 0 0 0.9
397 25 22.5 1.1
397 50 50 4.2
397 75 155 1.3
398 0 0 0.9
398 25 22.5 1.1
398 50 50 4.2
398 75 155 1.3
399 0 0 0.9
399 25 22.5 1.1
399 50 50 4.2
399 75 155 1.3
400 0 0 0.9
400 25 22.5 1.1
400 50 50 4.2
400 75 155 1.3
401 0 0 0.9
401 25 22.5 1.1
401 50 50 4.2
401 75 155 1.3
402 0 0 0.9
402 25 22.5 1.1
402 50 50 4.2
402 75 155 1.3
403 0 0 0.9
403 25 22.5 1.1
403 50 50 4.2
403 75 155 1.3
404 0 0 0.9
404 25 22.5 1.1
404 50 50 4.2
404 75 155 1.3
405 0 0 0.9
405 25 22.5 1.1
405 50 50 4.2
405 75 155 1.3
406 0 0 0.9
406 25 22.5 1.1
406 50 50 4.2
406 75 155 1.3
407 0 0 0.9
407 25 22.5 1.1
407 50 50 4.2
407 75 155 1.3
408 0 0 0.9
408 25 22.5 1.1
408 50 50 4.2
408 75 155 1.3
409 0 0 0.9
409 25 22.5 1.1
409 50 50 4.2
409 75 155 1.3
410 0 0 0.9
410 25 22.5 1.1
410 50 50 4.2
410 75 155 1.3
411 0 0 0.9
411 25 22.5 1.1
411 50 50 4.2
411 75 155 1.3
412 0 0 0.9
412 25 22.5 1.1
412 50 50 4.2
412 75 155 1.3
413 0 0 0.9
413 25 22.5 1.1
413 50 50 4.2
413 75 155 1.3
414 0 0 0.9
414 25 22.5 1.1
414 50 50 4.2
414 75 155 1.3
415 0 0 0.9
415 25 22.5 1.1
415 50 50 4.2
415 75 155 1.3
416 0 0 0.9
416 25 22.5 1.1
416 50 50 4.2
416 75 155 1.3
417 0 0 0.9
417 25 22.5 1.1
417 50 50 4.2
417 75 155 1.3
418 0 0 0.9
418 25 22.5 1.1
418 50 50 4.2
418 75 155 1.3
419 0 0 0.9
419 25 22.5 1.1
419 50 50 4.2
419 75 155 1.3
420 0 0 0.9
420 25 22.5 1.1
420 50 50 4.2
420 75 155 1.3
421 0 0 0.9
421 25 22.5 1.1
421 50 50 4.2
421 75 155 1.3
422 0 0 0.9
422 25 22.5 1.1
422 50 50 4.2
422 75 155 1.3
423 0 0 0.9
423 25 22.5 1.1
423 50 50 4.2
423 75 155 1.3
424 0 0 0.9
424 25 22.5 1.1
424 50 50 4.2
424 75 155 1.3
425 0 0 0.9
425 25 22.5 1.1
425 50 50 4.2
425 75 155 1.3
426 0 0 0.9
426 25 22.5 1.1
426 50 50 4.2
426 75 155 1.3
427 0 0 0.9
427 25 22.5 1.1
427 50 50 4.2
427 75 155 1.3
428 0 0 0.9
428 25 22.5 1.1
428 50 50 4.2
428 75 155 1.3
429 0 0 0.9
429 25 22.5 1.1
429 50 50 4.2
429 75 155 1.3
430 0 0 0.9
430 25 22.5 1.1
430 50 50 4.2
430 75 155 1.3
431 0 0 0.9
431 25 22.5 1.1
431 50 50 4.2
431 75 155 1.3
432 0 0 0.9
432 25 22.5 1.1
432 50 50 4.2
432 75 155 1.3
433 0 0 0.9
433 25 22.5 1.1
433 50 50 4.2
433 75 155 1.3
434 0 0 0.9
434 25 22.5 1.1
434 50 50 4.2
434 75 155 1.3
435 0 0 0.9
435 25 22.5 1.1
435 50 50 4.2
435 75 155 1.3
436 0 0 0.9
436 25 22.5 1.1
436 50 50 4.2
436 75 155 1.3
437 0 0 0.9
437 25 22.5 1.1
437 50 50 4.2
437 75 155 1.3
438 0 0 0.9
438 25 22.5 1.1
438 50 50 4.2
438 75 155 1.3
439 0 0 0.9
439 25 22.5 1.1
439 50 50 4.2
439 75 155 1.3
440 0 0 0.9
440 25 22.5 1.1
440 50 50 4.2
440 75 155 1.3
441 0 0 0.9
441 25 22.5 1.1
441 50 50 4.2
441 75 155 1.3
442 0 0 0.9
442 25 22.5 1.1
442 50 50 4.2
442 75 155 1.3
443 0 0 0.9
443 25 22.5 1.1
443 50 50 4.2
443 75 155 1.3
444 0 0 0.9
444 25 22.5 1.1
444 50 50 4.2
444 75 155 1.3
445 0 0 0.9
445 25 22.5 1.1
445 50 50 4.2
445 75 155 1.3
446 0 0 0.9
446 25 22.5 1.1
446 50 50 4.2
446 75 155 1.3
447 0 0 0.9
447 25 22.5 1.1
447 50 50 4.2
447 75 155 1.3
448 0 0 0.9
448 25 22.5 1.1
448 50 50 4.2
448 75 155 1.3
449 0 0 0.9
449 25 22.5 1.1
449 50 50 4.2
449 75 155 1.3
450 0 0 0.9
450 25 22.5 1.1
450 50 50 4.2
450 75 155 1.3
451 0 0 0.9
451 25 22.5 1.1
451 50 50 4.2
451 75 155 1.3
452 0 0 0.9
452 25 22.5 1.1
452 50 50 4.2
452 75 155 1.3
453 0 0 0.9
453 25 22.5 1.1
453 50 50 4.2
453 75 155 1.3
454 0 0 0.9
454 25 22.5 1.1
454 50 50 4.2
454 75 155 1.3
455 0 0 0.9
455 25 22.5 1.1
455 50 50 4.2
455 75 155 1.3
456 0 0 0.9
456 25 22.5 1.1
456 50 50 4.2
456 75 155 1.3
457 0 0 0.9
457 25 22.5 1.1
457 50 50 4.2
457 75 155 1.3
458 0 0 0.9
458 25 22.5 1.1
458 50 50 4.2
458 75 155 1.3
459 0 0 0.9
459 25 22.5 1.1
459 50 50 4.2
459 75 155 1.3
460 0 0 0.9
460 25 22.5 1.1
460 50 50 4.2
460 75 155 1.3
461 0 0 0.9
461 25 22.5 1.1
461 50 50 4.2
461 75 155 1.3
462 0 0 0.9
462 25 22.5 1.1
462 50 50 4.2
462 75 155 1.3
463 0 0 0.9
463 25 22.5 1.1
463 50 50 4.2
463 75 155 1.3
464 0 0 0.9
464 25 22.5 1.1
464 50 50 4.2
464 75 155 1.3
465 0 0 0.9
465 25 22.5 1.1
465 50 50 4.2
465 75 155 1.3
466 0 0 0.9
466 25 22.5 1.1
466 50 50 4.2
466 75 155 1.3
467 0 0 0.9
467 25 22.5 1.1
467 50 50 4.2
467 75 155 1.3
468 0 0 0.9
468 25 22.5 1.1
468 50 50 4.2
468 75 155 1.3
469 0 0 0.9
469 25 22.5 1.1
469 50 50 4.2
469 75 155 1.3
470 0 0 0.9
470 25 22.5 1.1
470 50 50 4.2
470 75 155 1.3
471 0 0 0.9
471 25 22.5 1.1
471 50 50 4.2
471 75 155 1.3
472 0 0 0.9
472 25 22.5 1.1
472 50 50 4.2
472 75 155 1.3
473 0 0 0.9
473 25 22.5 1.1
473 50 50 4.2
473 75 155 1.3
474 0 0 0.9
474 25 22.5 1.1
474 50 50 4.2
474 75 155 1.3
475 0 0 0.9
475 25 22.5 1.1
475 50 50 4.2
475 75 155 1.3
476 0 0 0.9
476 25 22.5 1.1
476 50 50 4.2
476 75 155 1.3
477 0 0 0.9
477 25 22.5 1.1
477 50 50 4.2
477 75 155 1.3
478 0 0 0.9
478 25 22.5 1.1
478 50 50 4.2
478 75 155 1.3
479 0 0 0.9
479 25 22.5 1.1
479 50 50 4.2
479 75 155 1.3
480 0 0 0.9
480 25 22.5 1.1
480 50 50 4.2
480 75 155 1.3
481 0 0 0.9
481 25 22.5 1.1
481 50 50 4.2
481 75 155 1.3
482 0 0 0.9
482 25 22.5 1.1
482 50 50 4.2
482 75 155 1.3
483 0 0 0.9
483 25 22.5 1.1
483 50 50 4.2
483 75 155 1.3
484 0 0 0.9
484 25 22.5 1.1
484 50 50 4.2
484 75 155 1.3
485 0 0 0.9
485 25 22.5 1.1
485 50 50 4.2
485 75 155 1.3
486 0 0 0.9
486 25 22.5 1.1
486 50 50 4.2
486 75 155 1.3
487 0 0 0.9
487 25 22.5 1.1
487 50 50 4.2
487 75 155 1.3
488 0 0 0.9
488 25 22.5 1.1
488 50 50 4.2
488 75 155 1.3
489 0 0 0.9
489 25 22.5 1.1
489 50 50 4.2
489 75 155 1.3
490 0 0 0.9
490 25 22.5 1.1
490 50 50 4.2
490 75 155 1.3
491 0 0 0.9
491 25 22.5 1.1
491 50 50 4.2
491 75 155 1.3
492 0 0 0.9
492 25 22.5 1.1
492 50 50 4.2
492 75 155 1.3
493 0 0 0.9
493 25 22.5 1.1
493 50 50 4.2
493 75 155 1.3
494 0 0 0.9
494 25 22.5 1.1
494 50 50 4.2
494 75 155 1.3
495 0 0 0.9
495 25 22.5 1.1
495 50 50 4.2
495 75 155 1.3
496 0 0 0.9
496 25 22.5 1.1
496 50 50 4.2
496 75 155 1.3
497 0 0 0.9
497 25 22.5 1.1
497 50 50 4.2
497 75 155 1.3
498 0 0 0.9
498 25 22.5 1.1
498 50 50 4.2
498 75 155 1.3
499 0 0 0.9
499 25 22.5 1.1
499 50 50 4.2
499 75 155 1.3
500 0 0 0.9
500 25 22.5 1.1
500 50 50 4.2
500 75 155 1.3
501 0 0 0.9
501 25 22.5 1.1
501 50 50 4.2
501 75 155 1.3
502 0 0 0.9
502 25 22.5 1.1
502 50 50 4.2
502 75 155 1.3
503 0 0 0.9
503 25 22.5 1.1
503 50 50 4.2
503 75 155 1.3
504 0 0 0.9
504 25 22.5 1.1
504 50 50 4.2
504 75 155 1.3
505 0 0 0.9
505 25 22.5 1.1
505 50 50 4.2
505 75 155 1.3
506 0 0 0.9
506 25 22.5 1.1
506 50 50 4.2
506 75 155 1.3
507 0 0 0.9
507 25 22.5 1.1
507 50 50 4.2
507 75 155 1.3
508 0 0 0.9
508 25 22.5 1.1
508 50 50 4.2
508 75 155 1.3
509 0 0 0.9
509 25 22.5 1.1
509 50 50 4.2
509 75 155 1.3
510 0 0 0.9
510 25 22.5 1.1
510 50 50 4.2
510 75 155 1.3
511 0 0 0.9
511 25 22.5 1.1
511 50 50 4.2
511 75 155 1.3
512 0 0 0.9
512 25 22.5 1.1
512 50 50 4.2
512 75 155 1.3
513 0 0 0.9
513 25 22.5 1.1
513 50 50 4.2
513 75 155 1.3
514 0 0 0.9
514 25 22.5 1.1
514 50 50 4.2
514 75 155 1.3
515 0 0 0.9
515 25 22.5 1.1
515 50 50 4.2
515 75 155 1.3
516 0 0 0.9
516 25 22.5 1.1
516 50 50 4.2
516 75 155 1.3
517 0 0 0.9
517 25 22.5 1.1
517 50 50 4.2
517 75 155 1.3
518 0 0 0.9
518 25 22.5 1.1
518 50 50 4.2
518 75 155 1.3
519 0 0 0.9
519 25 22.5 1.1
519 50 50 4.2
519 75 155 1.3
520 0 0 0.9
520 25 22.5 1.1
520 50 50 4.2
520 75 155 1.3
521 0 0 0.9
521 25 22.5 1.1
521 50 50 4.2
521 75 155 1.3
522 0 0 0.9
522 25 22.5 1.1
522 50 50 4.2
522 75 155 1.3
523 0 0 0.9
523 25 22.5 1.1
523 50 50 4.2
523 75 155 1.3
524 0 0 0.9
524 25 22.5 1.1
524 50 50 4.2
524 75 155 1.3
525 0 0 0.9
525 25 22.5 1.1
525 50 50 4.2
525 75 155 1.3
526 0 0 0.9
526 25 22.5 1.1
526 50 50 4.2
526 75 155 1.3
527 0 0 0.9
527 25 22.5 1.1
527 50 50 4.2
527 75 155 1.3
528 0 0 0.9
528 25 22.5 1.1
528 50 50 4.2
528 75 155 1.3
529 0 0 0.9
529 25 22.5 1.1
529 50 50 4.2
529 75 155 1.3
530 0 0 0.9
530 25 22.5 1.1
530 50 50 4.2
530 75 155 1.3
531 0 0 0.9
531 25 22.5 1.1
531 50 50 4.2
531 75 155 1.3
532 0 0 0.9
532 25 22.5 1.1
532 50 50 4.2
532 75 155 1.3
533 0 0 0.9
533 25 22.5 1.1
533 50 50 4.2
533 75 155 1.3
534 0 0 0.9
534 25 22.5 1.1
534 50 50 4.2
534 75 155 1.3
535 0 0 0.9
535 25 22.5 1.1
535 50 50 4.2
535 75 155 1.3
536 0 0 0.9
536 25 22.5 1.1
536 50 50 4.2
536 75 155 1.3
537 0 0 0.9
537 25 22.5 1.1
537 50 50 4.2
537 75 155 1.3
538 0 0 0.9
538 25 22.5 1.1
538 50 50 4.2
538 75 155 1.3
539 0 0 0.9
539 25 22.5 1.1
539 50 50 4.2
539 75 155 1.3
540 0 0 0.9
540 25 22.5 1.1
540 50 50 4.2
540 75 155 1.3
541 0 0 0.9
541 25 22.5 1.1
541 50 50 4.2
541 75 155 1.3
542 0 0 0.9
542 25 22.5 1.1
542 50 50 4.2
542 75 155 1.3
543 0 0 0.9
543 25 22.5 1.1
543 50 50 4.2
543 75 155 1.3
544 0 0 0.9
544 25 22.5 1.1
544 50 50 4.2
544 75 155 1.3
545 0 0 0.9
545 25 22.5 1.1
545 50 50 4.2
545 75 155 1.3
546 0 0 0.9
546 25 22.5 1.1
546 50 50 4.2
546 75 155 1.3
547 0 0 0.9
547 25 22.5 1.1
547 50 50 4.2
547 75 155 1.3
548 0 0 0.9
548 25 22.5 1.1
548 50 50 4.2
548 75 155 1.3
549 0 0 0.9
549 25 22.5 1.1
549 50 50 4.2
549 75 155 1.3
550 0 0 0.9
550 25 22.5 1.1
550 50 50 4.2
550 75 155 1.3
551 0 0 0.9
551 25 22.5 1.1
551 50 50 4.2
551 75 155 1.3
552 0 0 0.9
552 25 22.5 1.1
552 50 50 4.2
552 75 155 1.3
553 0 0 0.9
553 25 22.5 1.1
553 50 50 4.2
553 75 155 1.3
554 0 0 0.9
554 25 22.5 1.1
554 50 50 4.2
554 75 155 1.3
555 0 0 0.9
555 25 22.5 1.1
555 50 50 4.2
555 75 155 1.3
556 0 0 0.9
556 25 22.5 1.1
556 50 50 4.2
556 75 155 1.3
557 0 0 0.9
557 25 22.5 1.1
557 50 50 4.2
557 75 155 1.3
558 0 0 0.9
558 25 22.5 1.1
558 50 50 4.2
558 75 155 1.3
559 0 0 0.9
559 25 22.5 1.1
559 50 50 4.2
559 75 155 1.3
560 0 0 0.9
560 25 22.5 1.1
560 50 50 4.2
560 75 155 1.3
561 0 0 0.9
561 25 22.5 1.1
561 50 50 4.2
561 75 155 1.3
562 0 0 0.9
562 25 22.5 1.1
562 50 50 4.2
562 75 155 1.3
563 0 0 0.9
563 25 22.5 1.1
563 50 50 4.2
563 75 155 1.3
564 0 0 0.9
564 25 22.5 1.1
564 50 50 4.2
564 75 155 1.3
565 0 0 0.9
565 25 22.5 1.1
565 50 50 4.2
565 75 155 1.3
566 0 0 0.9
566 25 22.5 1.1
566 50 50 4.2
566 75 155 1.3
567 0 0 0.9
567 25 22.5 1.1
567 50 50 4.2
567 75 155 1.3
568 0 0 0.9
568 25 22.5 1.1
568 50 50 4.2
568 75 155 1.3
569 0 0 0.9
569 25 22.5 1.1
569 50 50 4.2
569 75 155 1.3
570 0 0 0.9
570 25 22.5 1.1
570 50 50 4.2
570 75 155 1.3
571 0 0 0.9
571 25 22.5 1.1
571 50 50 4.2
571 75 155 1.3
572 0 0 0.9
572 25 22.5 1.1
572 50 50 4.2
572 75 155 1.3
573 0 0 0.9
573 25 22.5 1.1
573 50 50 4.2
573 75 155 1.3
574 0 0 0.9
574 25 22.5 1.1
574 50 50 4.2
574 75 155 1.3
575 0 0 0.9
575 25 22.5 1.1
575 50 50 4.2
575 75 155 1.3
576 0 0 0.9
576 25 22.5 1.1
576 50 50 4.2
576 75 155 1.3
577 0 0 0.9
577 25 22.5 1.1
577 50 50 4.2
577 75 155 1.3
578 0 0 0.9
578 25 22.5 1.1
578 50 50 4.2
578 75 155 1.3
579 0 0 0.9
579 25 22.5 1.1
579 50 50 4.2
579 75 155 1.3
580 0 0 0.9
580 25 22.5 1.1
580 50 50 4.2
580 75 155 1.3
581 0 0 0.9
581 25 22.5 1.1
581 50 50 4.2
581 75 155 1.3
582 0 0 0.9
582 25 22.5 1.1
582 50 50 4.2
582 75 155 1.3
583 0 0 0.9
583 25 22.5 1.1
583 50 50 4.2
583 75 155 1.3
584 0 0 0.9
584 25 22.5 1.1
584 50 50 4.2
584 75 155 1.3
585 0 0 0.9
585 25 22.5 1.1
585 50 50 4.2
585 75 155 1.3
586 0 0 0.9
586 25 22.5 1.1
586 50 50 4.2
586 75 155 1.3
587 0 0 0.9
587 25 22.5 1.1
587 50 50 4.2
587 75 155 1.3
588 0 0 0.9
588 25 22.5 1.1
588 50 50 4.2
588 75 155 1.3
589 0 0 0.9
589 25 22.5 1.1
589 50 50 4.2
589 75 155 1.3
590 0 0 0.9
590 25 22.5 1.1
590 50 50 4.2
590 75 155 1.3
591 0 0 0.9
591 25 22.5 1.1
591 50 50 4.2
591 75 155 1.3
592 0 0 0.9
592 25 22.5 1.1
592 50 50 4.2
592 75 155 1.3
593 0 0 0.9
593 25 22.5 1.1
593 50 50 4.2
593 75 155 1.3
594 0 0 0.9
594 25 22.5 1.1
594 50 50 4.2
594 75 155 1.3
595 0 0 0.9
595 25 22.5 1.1
595 50 50 4.2
595 75 155 1.3
596 0 0 0.9
596 25 22.5 1.1
596 50 50 4.2
596 75 155 1.3
597 0 0 0.9
597 25 22.5 1.1
597 50 50 4.2
597 75 155 1.3
598 0 0 0.9
598 25 22.5 1.1
598 50 50 4.2
598 75 155 1.3
599 0 0 0.9
599 25 22.5 1.1
599 50 50 4.2
599 75 155 1.3
600 0 0 0.9
600 25 22.5 1.1
600 50 50 4.2
600 75 155 1.3
601 0 0 0.9
601 25 22.5 1.1
601 50 50 4.2
601 75 155 1.3
602 0 0 0.9
602 25 22.5 1.1
602 50 50 4.2
602 75 155 1.3
603 0 0 0.9
603 25 22.5 1.1
603 50 50 4.2
603 75 155 1.3
604 0 0 0.9
604 25 22.5 1.1
604 50 50 4.2
604 75 155 1.3
605 0 0 0.9
605 25 22.5 1.1
605 50 50 4.2
605 75 155 1.3
606 0 0 0.9
606 25 22.5 1.1
606 50 50 4.2
606 75 155 1.3
607 0 0 0.9
607 25 22.5 1.1
607 50 50 4.2
607 75 155 1.3
608 0 0 0.9
608 25 22.5 1.1
608 50 50 4.2
608 75 155 1.3
609 0 0 0.9
609 25 22.5 1.1
609 50 50 4.2
609 75 155 1.3
610 0 0 0.9
610 25 22.5 1.1
610 50 50 4.2
610 75 155 1.3
611 0 0 0.9
611 25 22.5 1.1
611 50 50 4.2
611 75 155 1.3
612 0 0 0.9
612 25 22.5 1.1
612 50 50 4.2
612 75 155 1.3
613 0 0 0.9
613 25 22.5 1.1
613 50 50 4.2
613 75 155 1.3
614 0 0 0.9
614 25 22.5 1.1
614 50 50 4.2
614 75 155 1.3
615 0 0 0.9
615 25 22.5 1.1
615 50 50 4.2
615 75 155 1.3
616 0 0 0.9
616 25 22.5 1.1
616 50 50 4.2
616 75 155 1.3
617 0 0 0.9
617 25 22.5 1.1
617 50 50 4.2
617 75 155 1.3
618 0 0 0.9
618 25 22.5 1.1
618 50 50 4.2
618 75 155 1.3
619 0 0 0.9
619 25 22.5 1.1
619 50 50 4.2
619 75 155 1.3
620 0 0 0.9
620 25 22.5 1.1
620 50 50 4.2
620 75 155 1.3
621 0 0 0.9
621 25 22.5 1.1
621 50 50 4.2
621 75 155 1.3
622 0 0 0.9
622 25 22.5 1.1
622 50 50 4.2
622 75 155 1.3
623 0 0 0.9
623 25 22.5 1.1
623 50 50 4.2
623 75 155 1.3
624 0 0 0.9
624 25 22.5 1.1
624 50 50 4.2
624 75 155 1.3
625 0 0 0.9
625 25 22.5 1.1
625 50 50 4.2
625 75 155 1.3
626 0 0 0.9
626 25 22.5 1.1
626 50 50 4.2
626 75 155 1.3
627 0 0 0.9
627 25 22.5 1.1
627 50 50 4.2
627 75 155 1.3
628 0 0 0.9
628 25 22.5 1.1
628 50 50 4.2
628 75 155 1.3
629 0 0 0.9
629 25 22.5 1.1
629 50 50 4.2
629 75 155 1.3
630 0 0 0.9
630 25 22.5 1.1
630 50 50 4.2
630 75 155 1.3
631 0 0 0.9
631 25 22.5 1.1
631 50 50 4.2
631 75 155 1.3
632 0 0 0.9
632 25 22.5 1.1
632 50 50 4.2
632 75 155 1.3
633 0 0 0.9
633 25 22.5 1.1
633 50 50 4.2
633 75 155 1.3
634 0 0 0.9
634 25 22.5 1.1
634 50 50 4.2
634 75 155 1.3
635 0 0 0.9
635 25 22.5 1.1
635 50 50 4.2
635 75 155 1.3
636 0 0 0.9
636 25 22.5 1.1
636 50 50 4.2
636 75 155 1.3
637 0 0 0.9
637 25 22.5 1.1
637 50 50 4.2
637 75 155 1.3
638 0 0 0.9
638 25 22.5 1.1
638 50 50 4.2
638 75 155 1.3
639 0 0 0.9
639 25 22.5 1.1
639 50 50 4.2
639 75 155 1.3
640 0 0 0.9
640 25 22.5 1.1
640 50 50 4.2
640 75 155 1.3
641 0 0 0.9
641 25 22.5 1.1
641 50 50 4.2
641 75 155 1.3
642 0 0 0.9
642 25 22.5 1.1
642 50 50 4.2
642 75 155 1.3
643 0 0 0.9
643 25 22.5 1.1
643 50 50 4.2
643 75 155 1.3
644 0 0 0.9
644 25 22.5 1.1
644 50 50 4.2
644 75 155 1.3
645 0 0 0.9
645 25 22.5 1.1
645 50 50 4.2
645 75 155 1.3
646 0 0 0.9
646 25 22.5 1.1
646 50 50 4.2
646 75 155 1.3
647 0 0 0.9
647 25 22.5 1.1
647 50 50 4.2
647 75 155 1.3
648 0 0 0.9
648 25 22.5 1.1
648 50 50 4.2
648 75 155 1.3
649 0 0 0.9
649 25 22.5 1.1
649 50 50 4.2
649 75 155 1.3
650 0 0 0.9
650 25 22.5 1.1
650 50 50 4.2
650 75 155 1.3
651 0 0 0.9
651 25 22.5 1.1
651 50 50 4.2
651 75 155 1.3
652 0 0 0.9
652 25 22.5 1.1
652 50 50 4.2
652 75 155 1.3
653 0 0 0.9
653 25 22.5 1.1
653 50 50 4.2
653 75 155 1.3
654 0 0 0.9
654 25 22.5 1.1
654 50 50 4.2
654 75 155 1.3
655 0 0 0.9
655 25 22.5 1.1
655 50 50 4.2
655 75 155 1.3
656 0 0 0.9
656 25 22.5 1.1
656 50 50 4.2
656 75 155 1.3
657 0 0 0.9
657 25 22.5 1.1
657 50 50 4.2
657 75 155 1.3
658 0 0 0.9
658 25 22.5 1.1
658 50 50 4.2
658 75 155 1.3
659 0 0 0.9
659 25 22.5 1.1
659 50 50 4.2
659 75 155 1.3
660 0 0 0.9
660 25 22.5 1.1
660 50 50 4.2
660 75 155 1.3
661 0 0 0.9
661 25 22.5 1.1
661 50 50 4.2
661 75 155 1.3
662 0 0 0.9
662 25 22.5 1.1
662 50 50 4.2
662 75 155 1.3
663 0 0 0.9
663 25 22.5 1.1
663 50 50 4.2
663 75 155 1.3
664 0 0 0.9
664 25 22.5 1.1
664 50 50 4.2
664 75 155 1.3
665 0 0 0.9
665 25 22.5 1.1
665 50 50 4.2
665 75 155 1.3
666 0 0 0.9
666 25 22.5 1.1
666 50 50 4.2
666 75 155 1.3
667 0 0 0.9
667 25 22.5 1.1
667 50 50 4.2
667 75 155 1.3
668 0 0 0.9
668 25 22.5 1.1
668 50 50 4.2
668 75 155 1.3
669 0 0 0.9
669 25 22.5 1.1
669 50 50 4.2
669 75 155 1.3
670 0 0 0.9
670 25 22.5 1.1
670 50 50 4.2
670 75 155 1.3
671 0 0 0.9
671 25 22.5 1.1
671 50 50 4.2
671 75 155 1.3
672 0 0 0.9
672 25 22.5 1.1
672 50 50 4.2
672 75 155 1.3
673 0 0 0.9
673 25 22.5 1.1
673 50 50 4.2
673 75 155 1.3
674 0 0 0.9
674 25 22.5 1.1
674 50 50 4.2
674 75 155 1.3
675 0 0 0.9
675 25 22.5 1.1
675 50 50 4.2
675 75 155 1.3
676 0 0 0.9
676 25 22.5 1.1
676 50 50 4.2
676 75 155 1.3
677 0 0 0.9
677 25 22.5 1.1
677 50 50 4.2
677 75 155 1.3
678 0 0 0.9
678 25 22.5 1.1
678 50 50 4.2
678 75 155 1.3
679 0 0 0.9
679 25 22.5 1.1
679 50 50 4.2
679 75 155 1.3
680 0 0 0.9
680 25 22.5 1.1
680 50 50 4.2
680 75 155 1.3
681 0 0 0.9
681 25 22.5 1.1
681 50 50 4.2
681 75 155 1.3
682 0 0 0.9
682 25 22.5 1.1
682 50 50 4.2
682 75 155 1.3
683 0 0 0.9
683 25 22.5 1.1
683 50 50 4.2
683 75 155 1.3
684 0 0 0.9
684 25 22.5 1.1
684 50 50 4.2
684 75 155 1.3
685 0 0 0.9
685 25 22.5 1.1
685 50 50 4.2
685 75 155 1.3
686 0 0 0.9
686 25 22.5 1.1
686 50 50 4.2
686 75 155 1.3
687 0 0 0.9
687 25 22.5 1.1
687 50 50 4.2
687 75 155 1.3
688 0 0 0.9
688 25 22.5 1.1
688 50 50 4.2
688 75 155 1.3
689 0 0 0.9
689 25 22.5 1.1
689 50 50 4.2
689 75 155 1.3
690 0 0 0.9
690 25 22.5 1.1
690 50 50 4.2
690 75 155 1.3
691 0 0 0.9
691 25 22.5 1.1
691 50 50 4.2
691 75 155 1.3
692 0 0 0.9
692 25 22.5 1.1
692 50 50 4.2
692 75 155 1.3
693 0 0 0.9
693 25 22.5 1.1
693 50 50 4.2
693 75 155 1.3
694 0 0 0.9
694 25 22.5 1.1
694 50 50 4.2
694 75 155 1.3
695 0 0 0.9
695 25 22.5 1.1
695 50 50 4.2
695 75 155 1.3
696 0 0 0.9
696 25 22.5 1.1
696 50 50 4.2
696 75 155 1.3
697 0 0 0.9
697 25 22.5 1.1
697 50 50 4.2
697 75 155 1.3
698 0 0 0.9
698 25 22.5 1.1
698 50 50 4.2
698 75 155 1.3
699 0 0 0.9
699 25 22.5 1.1
699 50 50 4.2
699 75 155 1.3
700 0 0 0.9
700 25 22.5 1.1
700 50 50 4.2
700 75 155 1.3
701 0 0 0.9
701 25 22.5 1.1
701 50 50 4.2
701 75 155 1.3
702 0 0 0.9
702 25 22.5 1.1
702 50 50 4.2
702 75 155 1.3
703 0 0 0.9
703 25 22.5 1.1
703 50 50 4.2
703 75 155 1.3
704 0 0 0.9
704 25 22.5 1.1
704 50 50 4.2
704 75 155 1.3
705 0 0 0.9
705 25 22.5 1.1
705 50 50 4.2
705 75 155 1.3
706 0 0 0.9
706 25 22.5 1.1
706 50 50 4.2
706 75 155 1.3
707 0 0 0.9
707 25 22.5 1.1
707 50 50 4.2
707 75 155 1.3
708 0 0 0.9
708 25 22.5 1.1
708 50 50 4.2
708 75 155 1.3
709 0 0 0.9
709 25 22.5 1.1
709 50 50 4.2
709 75 155 1.3
710 0 0 0.9
710 25 22.5 1.1
710 50 50 4.2
710 75 155 1.3
711 0 0 0.9
711 25 22.5 1.1
711 50 50 4.2
711 75 155 1.3
712 0 0 0.9
712 25 22.5 1.1
712 50 50 4.2
712 75 155 1.3
713 0 0 0.9
713 25 22.5 1.1
713 50 50 4.2
713 75 155 1.3
714 0 0 0.9
714 25 22.5 1.1
714 50 50 4.2
714 75 155 1.3
715 0 0 0.9
715 25 22.5 1.1
715 50 50 4.2
715 75 155 1.3
716 0 0 0.9
716 25 22.5 1.1
716 50 50 4.2
716 75 155 1.3
717 0 0 0.9
717 25 22.5 1.1
717 50 50 4.2
717 75 155 1.3
718 0 0 0.9
718 25 22.5 1.1
718 50 50 4.2
718 75 155 1.3
719 0 0 0.9
719 25 22.5 1.1
719 50 50 4.2
719 75 155 1.3
720 0 0 0.9
720 25 22.5 1.1
720 50 50 4.2
720 75 155 1.3
721 0 0 0.9
721 25 22.5 1.1
721 50 50 4.2
721 75 155 1.3
722 0 0 0.9
722 25 22.5 1.1
722 50 50 4.2
722 75 155 1.3
723 0 0 0.9
723 25 22.5 1.1
723 50 50 4.2
723 75 155 1.3
724 0 0 0.9
724 25 22.5 1.1
724 50 50 4.2
724 75 155 1.3
725 0 0 0.9
725 25 22.5 1.1
725 50 50 4.2
725 75 155 1.3
726 0 0 0.9
726 25 22.5 1.1
726 50 50 4.2
726 75 155 1.3
727 0 0 0.9
727 25 22.5 1.1
727 50 50 4.2
727 75 155 1.3
728 0 0 0.9
728 25 22.5 1.1
728 50 50 4.2
728 75 155 1.3
729 0 0 0.9
729 25 22.5 1.1
729 50 50 4.2
729 75 155 1.3
730 0 0 0.9
730 25 22.5 1.1
730 50 50 4.2
730 75 155 1.3
731 0 0 0.9
731 25 22.5 1.1
731 50 50 4.2
731 75 155 1.3
732 0 0 0.9
732 25 22.5 1.1
732 50 50 4.2
732 75 155 1.3
733 0 0 0.9
733 25 22.5 1.1
733 50 50 4.2
733 75 155 1.3
734 0 0 0.9
734 25 22.5 1.1
734 50 50 4.2
734 75 155 1.3
735 0 0 0.9
735 25 22.5 1.1
735 50 50 4.2
735 75 155 1.3
736 0 0 0.9
736 25 22.5 1.1
736 50 50 4.2
736 75 155 1.3
737 0 0 0.9
737 25 22.5 1.1
737 50 50 4.2
737 75 155 1.3
738 0 0 0.9
738 25 22.5 1.1
738 50 50 4.2
738 75 155 1.3
739 0 0 0.9
739 25 22.5 1.1
739 50 50 4.2
739 75 155 1.3
740 0 0 0.9
740 25 22.5 1.1
740 50 50 4.2
740 75 155 1.3
741 0 0 0.9
741 25 22.5 1.1
741 50 50 4.2
741 75 155 1.3
742 0 0 0.9
742 25 22.5 1.1
742 50 50 4.2
742 75 155 1.3
743 0 0 0.9
743 25 22.5 1.1
743 50 50 4.2
743 75 155 1.3
744 0 0 0.9
744 25 22.5 1.1
744 50 50 4.2
744 75 155 1.3
745 0 0 0.9
745 25 22.5 1.1
745 50 50 4.2
745 75 155 1.3
746 0 0 0.9
746 25 22.5 1.1
746 50 50 4.2
746 75 155 1.3
747 0 0 0.9
747 25 22.5 1.1
747 50 50 4.2
747 75 155 1.3
748 0 0 0.9
748 25 22.5 1.1
748 50 50 4.2
748 75 155 1.3
749 0 0 0.9
749 25 22.5 1.1
749 50 50 4.2
749 75 155 1.3
750 0 0 0.9
750 25 22.5 1.1
750 50 50 4.2
750 75 155 1.3
751 0 0 0.9
751 25 22.5 1.1
751 50 50 4.2
751 75 155 1.3
752 0 0 0.9
752 25 22.5 1.1
752 50 50 4.2
752 75 155 1.3
753 0 0 0.9
753 25 22.5 1.1
753 50 50 4.2
753 75 155 1.3
754 0 0 0.9
754 25 22.5 1.1
754 50 50 4.2
754 75 155 1.3
755 0 0 0.9
755 25 22.5 1.1
755 50 50 4.2
755 75 155 1.3
756 0 0 0.9
756 25 22.5 1.1
756 50 50 4.2
756 75 155 1.3
757 0 0 0.9
757 25 22.5 1.1
757 50 50 4.2
757 75 155 1.3
758 0 0 0.9
758 25 22.5 1.1
758 50 50 4.2
758 75 155 1.3
759 0 0 0.9
759 25 22.5 1.1
759 50 50 4.2
759 75 155 1.3
760 0 0 0.9
760 25 22.5 1.1
760 50 50 4.2
760 75 155 1.3
761 0 0 0.9
761 25 22.5 1.1
761 50 50 4.2
761 75 155 1.3
762 0 0 0.9
762 25 22.5 1.1
762 50 50 4.2
762 75 155 1.3
763 0 0 0.9
763 25 22.5 1.1
763 50 50 4.2
763 75 155 1.3
764 0 0 0.9
764 25 22.5 1.1
764 50 50 4.2
764 75 155 1.3
765 0 0 0.9
765 25 22.5 1.1
765 50 50 4.2
765 75 155 1.3
766 0 0 0.9
766 25 22.5 1.1
766 50 50 4.2
766 75 155 1.3
767 0 0 0.9
767 25 22.5 1.1
767 50 50 4.2
767 75 155 1.3
768 0 0 0.9
768 25 22.5 1.1
768 50 50 4.2
768 75 155 1.3
769 0 0 0.9
769 25 22.5 1.1
769 50 50 4.2
769 75 155 1.3
770 0 0 0.9
770 25 22.5 1.1
770 50 50 4.2
770 75 155 1.3
771 0 0 0.9
771 25 22.5 1.1
771 50 50 4.2
771 75 155 1.3
772 0 0 0.9
772 25 22.5 1.1
772 50 50 4.2
772 75 155 1.3
773 0 0 0.9
773 25 22.5 1.1
773 50 50 4.2
773 75 155 1.3
774 0 0 0.9
774 25 22.5 1.1
774 50 50 4.2
774 75 155 1.3
775 0 0 0.9
775 25 22.5 1.1
775 50 50 4.2
775 75 155 1.3
776 0 0 0.9
776 25 22.5 1.1
776 50 50 4.2
776 75 155 1.3
777 0 0 0.9
777 25 22.5 1.1
777 50 50 4.2
777 75 155 1.3
778 0 0 0.9
778 25 22.5 1.1
778 50 50 4.2
778 75 155 1.3
779 0 0 0.9
779 25 22.5 1.1
779 50 50 4.2
779 75 155 1.3
780 0 0 0.9
780 25 22.5 1.1
780 50 50 4.2
780 75 155 1.3
781 0 0 0.9
781 25 22.5 1.1
781 50 50 4.2
781 75 155 1.3
782 0 0 0.9
782 25 22.5 1.1
782 50 50 4.2
782 75 155 1.3
783 0 0 0.9
783 25 22.5 1.1
783 50 50 4.2
783 75 155 1.3
784 0 0 0.9
784 25 22.5 1.1
784 50 50 4.2
784 75 155 1.3
785 0 0 0.9
785 25 22.5 1.1
785 50 50 4.2
785 75 155 1.3
786 0 0 0.9
786 25 22.5 1.1
786 50 50 4.2
786 75 155 1.3
787 0 0 0.9
787 25 22.5 1.1
787 50 50 4.2
787 75 155 1.3
788 0 0 0.9
788 25 22.5 1.1
788 50 50 4.2
788 75 155 1.3
789 0 0 0.9
789 25 22.5 1.1
789 50 50 4.2
789 75 155 1.3
790 0 0 0.9
790 25 22.5 1.1
790 50 50 4.2
790 75 155 1.3
791 0 0 0.9
791 25 22.5 1.1
791 50 50 4.2
791 75 155 1.3
792 0 0 0.9
792 25 22.5 1.1
792 50 50 4.2
792 75 155 1.3
793 0 0 0.9
793 25 22.5 1.1
793 50 50 4.2
793 75 155 1.3
794 0 0 0.9
794 25 22.5 1.1
794 50 50 4.2
794 75 155 1.3
795 0 0 0.9
795 25 22.5 1.1
795 50 50 4.2
795 75 155 1.3
796 0 0 0.9
796 25 22.5 1.1
796 50 50 4.2
796 75 155 1.3
797 0 0 0.9
797 25 22.5 1.1
797 50 50 4.2
797 75 155 1.3
798 0 0 0.9
798 25 22.5 1.1
798 50 50 4.2
798 75 155 1.3
799 0 0 0.9
799 25 22.5 1.1
799 50 50 4.2
799 75 155 1.3
800 0 0 0.9
800 25 22.5 1.1
800 50 50 4.2
800 75 155 1.3
801 0 0 0.9
801 25 22.5 1.1
801 50 50 4.2
801 75 155 1.3
802 0 0 0.9
802 25 22.5 1.1
802 50 50 4.2
802 75 155 1.3
803 0 0 0.9
803 25 22.5 1.1
803 50 50 4.2
803 75 155 1.3
804 0 0 0.9
804 25 22.5 1.1
804 50 50 4.2
804 75 155 1.3
805 0 0 0.9
805 25 22.5 1.1
805 50 50 4.2
805 75 155 1.3
806 0 0 0.9
806 25 22.5 1.1
806 50 50 4.2
806 75 155 1.3
807 0 0 0.9
807 25 22.5 1.1
807 50 50 4.2
807 75 155 1.3
808 0 0 0.9
808 25 22.5 1.1
808 50 50 4.2
808 75 155 1.3
809 0 0 0.9
809 25 22.5 1.1
809 50 50 4.2
809 75 155 1.3
810 0 0 0.9
810 25 22.5 1.1
810 50 50 4.2
810 75 155 1.3
811 0 0 0.9
811 25 22.5 1.1
811 50 50 4.2
811 75 155 1.3
812 0 0 0.9
812 25 22.5 1.1
812 50 50 4.2
812 75 155 1.3
813 0 0 0.9
813 25 22.5 1.1
813 50 50 4.2
813 75 155 1.3
814 0 0 0.9
814 25 22.5 1.1
814 50 50 4.2
814 75 155 1.3
815 0 0 0.9
815 25 22.5 1.1
815 50 50 4.2
815 75 155 1.3
816 0 0 0.9
816 25 22.5 1.1
816 50 50 4.2
816 75 155 1.3
817 0 0 0.9
817 25 22.5 1.1
817 50 50 4.2
817 75 155 1.3
818 0 0 0.9
818 25 22.5 1.1
818 50 50 4.2
818 75 155 1.3
819 0 0 0.9
819 25 22.5 1.1
819 50 50 4.2
819 75 155 1.3
820 0 0 0.9
820 25 22.5 1.1
820 50 50 4.2
820 75 155 1.3
821 0 0 0.9
821 25 22.5 1.1
821 50 50 4.2
821 75 155 1.3
822 0 0 0.9
822 25 22.5 1.1
822 50 50 4.2
822 75 155 1.3
823 0 0 0.9
823 25 22.5 1.1
823 50 50 4.2
823 75 155 1.3
824 0 0 0.9
824 25 22.5 1.1
824 50 50 4.2
824 75 155 1.3
825 0 0 0.9
825 25 22.5 1.1
825 50 50 4.2
825 75 155 1.3
826 0 0 0.9
826 25 22.5 1.1
826 50 50 4.2
826 75 155 1.3
827 0 0 0.9
827 25 22.5 1.1
827 50 50 4.2
827 75 155 1.3
828 0 0 0.9
828 25 22.5 1.1
828 50 50 4.2
828 75 155 1.3
829 0 0 0.9
829 25 22.5 1.1
829 50 50 4.2
829 75 155 1.3
830 0 0 0.9
830 25 22.5 1.1
830 50 50 4.2
830 75 155 1.3
831 0 0 0.9
831 25 22.5 1.1
831 50 50 4.2
831 75 155 1.3
832 0 0 0.9
832 25 22.5 1.1
832 50 50 4.2
832 75 155 1.3
833 0 0 0.9
833 25 22.5 1.1
833 50 50 4.2
833 75 155 1.3
834 0 0 0.9
834 25 22.5 1.1
834 50 50 4.2
834 75 155 1.3
835 0 0 0.9
835 25 22.5 1.1
835 50 50 4.2
835 75 155 1.3
836 0 0 0.9
836 25 22.5 1.1
836 50 50 4.2
836 75 155 1.3
837 0 0 0.9
837 25 22.5 1.1
837 50 50 4.2
837 75 155 1.3
838 0 0 0.9
838 25 22.5 1.1
838 50 50 4.2
838 75 155 1.3
839 0 0 0.9
839 25 22.5 1.1
839 50 50 4.2
839 75 155 1.3
840 0 0 0.9
840 25 22.5 1.1
840 50 50 4.2
840 75 155 1.3
841 0 0 0.9
841 25 22.5 1.1
841 50 50 4.2
841 75 155 1.3
842 0 0 0.9
842 25 22.5 1.1
842 50 50 4.2
842 75 155 1.3
843 0 0 0.9
843 25 22.5 1.1
843 50 50 4.2
843 75 155 1.3
844 0 0 0.9
844 25 22.5 1.1
844 50 50 4.2
844 75 155 1.3
845 0 0 0.9
845 25 22.5 1.1
845 50 50 4.2
845 75 155 1.3
846 0 0 0.9
846 25 22.5 1.1
846 50 50 4.2
846 75 155 1.3
847 0 0 0.9
847 25 22.5 1.1
847 50 50 4.2
847 75 155 1.3
848 0 0 0.9
848 25 22.5 1.1
848 50 50 4.2
848 75 155 1.3
849 0 0 0.9
849 25 22.5 1.1
849 50 50 4.2
849 75 155 1.3
850 0 0 0.9
850 25 22.5 1.1
850 50 50 4.2
850 75 155 1.3
851 0 0 0.9
851 25 22.5 1.1
851 50 50 4.2
851 75 155 1.3
852 0 0 0.9
852 25 22.5 1.1
852 50 50 4.2
852 75 155 1.3
853 0 0 0.9
853 25 22.5 1.1
853 50 50 4.2
853 75 155 1.3
854 0 0 0.9
854 25 22.5 1.1
854 50 50 4.2
854 75 155 1.3
855 0 0 0.9
855 25 22.5 1.1
855 50 50 4.2
855 75 155 1.3
856 0 0 0.9
856 25 22.5 1.1
856 50 50 4.2
856 75 155 1.3
857 0 0 0.9
857 25 22.5 1.1
857 50 50 4.2
857 75 155 1.3
858 0 0 0.9
858 25 22.5 1.1
858 50 50 4.2
858 75 155 1.3
859 0 0 0.9
859 25 22.5 1.1
859 50 50 4.2
859 75 155 1.3
860 0 0 0.9
860 25 22.5 1.1
860 50 50 4.2
860 75 155 1.3
861 0 0 0.9
861 25 22.5 1.1
861 50 50 4.2
861 75 155 1.3
862 0 0 0.9
862 25 22.5 1.1
862 50 50 4.2
862 75 155 1.3
863 0 0 0.9
863 25 22.5 1.1
863 50 50 4.2
863 75 155 1.3
864 0 0 0.9
864 25 22.5 1.1
864 50 50 4.2
864 75 155 1.3
865 0 0 0.9
865 25 22.5 1.1
865 50 50 4.2
865 75 155 1.3
866 0 0 0.9
866 25 22.5 1.1
866 50 50 4.2
866 75 155 1.3
867 0 0 0.9
867 25 22.5 1.1
867 50 50 4.2
867 75 155 1.3
868 0 0 0.9
868 25 22.5 1.1
868 50 50 4.2
868 75 155 1.3
869 0 0 0.9
869 25 22.5 1.1
869 50 50 4.2
869 75 155 1.3
870 0 0 0.9
870 25 22.5 1.1
870 50 50 4.2
870 75 155 1.3
871 0 0 0.9
871 25 22.5 1.1
871 50 50 4.2
871 75 155 1.3
872 0 0 0.9
872 25 22.5 1.1
872 50 50 4.2
872 75 155 1.3
873 0 0 0.9
873 25 22.5 1.1
873 50 50 4.2
873 75 155 1.3
874 0 0 0.9
874 25 22.5 1.1
874 50 50 4.2
874 75 155 1.3
875 0 0 0.9
875 25 22.5 1.1
875 50 50 4.2
875 75 155 1.3
876 0 0 0.9
876 25 22.5 1.1
876 50 50 4.2
876 75 155 1.3
877 0 0 0.9
877 25 22.5 1.1
877 50 50 4.2
877 75 155 1.3
878 0 0 0.9
878 25 22.5 1.1
878 50 50 4.2
878 75 155 1.3
879 0 0 0.9
879 25 22.5 1.1
879 50 50 4.2
879 75 155 1.3
880 0 0 0.9
880 25 22.5 1.1
880 50 50 4.2
880 75 155 1.3
881 0 0 0.9
881 25 22.5 1.1
881 50 50 4.2
881 75 155 1.3
882 0 0 0.9
882 25 22.5 1.1
882 50 50 4.2
882 75 155 1.3
883 0 0 0.9
883 25 22.5 1.1
883 50 50 4.2
883 75 155 1.3
884 0 0 0.9
884 25 22.5 1.1
884 50 50 4.2
884 75 155 1.3
885 0 0 0.9
885 25 22.5 1.1
885 50 50 4.2
885 75 155 1.3
886 0 0 0.9
886 25 22.5 1.1
886 50 50 4.2
886 75 155 1.3
887 0 0 0.9
887 25 22.5 1.1
887 50 50 4.2
887 75 155 1.3
888 0 0 0.9
888 25 22.5 1.1
888 50 50 4.2
888 75 155 1.3
889 0 0 0.9
889 25 22.5 1.1
889 50 50 4.2
889 75 155 1.3
890 0 0 0.9
890 25 22.5 1.1
890 50 50 4.2
890 75 155 1.3
891 0 0 0.9
891 25 22.5 1.1
891 50 50 4.2
891 75 155 1.3
892 0 0 0.9
892 25 22.5 1.1
892 50 50 4.2
892 75 155 1.3
893 0 0 0.9
893 25 22.5 1.1
893 50 50 4.2
893 75 155 1.3
894 0 0 0.9
894 25 22.5 1.1
894 50 50 4.2
894 75 155 1.3
895 0 0 0.9
895 25 22.5 1.1
895 50 50 4.2
895 75 155 1.3
896 0 0 0.9
896 25 22.5 1.1
896 50 50 4.2
896 75 155 1.3
897 0 0 0.9
897 25 22.5 1.1
897 50 50 4.2
897 75 155 1.3
898 0 0 0.9
898 25 22.5 1.1
898 50 50 4.2
898 75 155 1.3
899 0 0 0.9
899 25 22.5 1.1
899 50 50 4.2
899 75 155 1.3
900 0 0 0.9
900 25 22.5 1.1
900 50 50 4.2
900 75 155 1.3
901 0 0 0.9
901 25 22.5 1.1
901 50 50 4.2
901 75 155 1.3
902 0 0 0.9
902 25 22.5 1.1
902 50 50 4.2
902 75 155 1.3
903 0 0 0.9
903 25 22.5 1.1
903 50 50 4.2
903 75 155 1.3
904 0 0 0.9
904 25 22.5 1.1
904 50 50 4.2
904 75 155 1.3
905 0 0 0.9
905 25 22.5 1.1
905 50 50 4.2
905 75 155 1.3
906 0 0 0.9
906 25 22.5 1.1
906 50 50 4.2
906 75 155 1.3
907 0 0 0.9
907 25 22.5 1.1
907 50 50 4.2
907 75 155 1.3
908 0 0 0.9
908 25 22.5 1.1
908 50 50 4.2
908 75 155 1.3
909 0 0 0.9
909 25 22.5 1.1
909 50 50 4.2
909 75 155 1.3
910 0 0 0.9
910 25 22.5 1.1
910 50 50 4.2
910 75 155 1.3
911 0 0 0.9
911 25 22.5 1.1
911 50 50 4.2
911 75 155 1.3
912 0 0 0.9
912 25 22.5 1.1
912 50 50 4.2
912 75 155 1.3
913 0 0 0.9
913 25 22.5 1.1
913 50 50 4.2
913 75 155 1.3
914 0 0 0.9
914 25 22.5 1.1
914 50 50 4.2
914 75 155 1.3
915 0 0 0.9
915 25 22.5 1.1
915 50 50 4.2
915 75 155 1.3
916 0 0 0.9
916 25 22.5 1.1
916 50 50 4.2
916 75 155 1.3
917 0 0 0.9
917 25 22.5 1.1
917 50 50 4.2
917 75 155 1.3
918 0 0 0.9
918 25 22.5 1.1
918 50 50 4.2
918 75 155 1.3
919 0 0 0.9
919 25 22.5 1.1
919 50 50 4.2
919 75 155 1.3
920 0 0 0.9
920 25 22.5 1.1
920 50 50 4.2
920 75 155 1.3
921 0 0 0.9
921 25 22.5 1.1
921 50 50 4.2
921 75 155 1.3
922 0 0 0.9
922 25 22.5 1.1
922 50 50 4.2
922 75 155 1.3
923 0 0 0.9
923 25 22.5 1.1
923 50 50 4.2
923 75 155 1.3
924 0 0 0.9
924 25 22.5 1.1
924 50 50 4.2
924 75 155 1.3
925 0 0 0.9
925 25 22.5 1.1
925 50 50 4.2
925 75 155 1.3
926 0 0 0.9
926 25 22.5 1.1
926 50 50 4.2
926 75 155 1.3
927 0 0 0.9
927 25 22.5 1.1
927 50 50 4.2
927 75 155 1.3
928 0 0 0.9
928 25 22.5 1.1
928 50 50 4.2
928 75 155 1.3
929 0 0 0.9
929 25 22.5 1.1
929 50 50 4.2
929 75 155 1.3
930 0 0 0.9
930 25 22.5 1.1
930 50 50 4.2
930 75 155 1.3
931 0 0 0.9
931 25 22.5 1.1
931 50 50 4.2
931 75 155 1.3
932 0 0 0.9
932 25 22.5 1.1
932 50 50 4.2
932 75 155 1.3
933 0 0 0.9
933 25 22.5 1.1
933 50 50 4.2
933 75 155 1.3
934 0 0 0.9
934 25 22.5 1.1
934 50 50 4.2
934 75 155 1.3
935 0 0 0.9
935 25 22.5 1.1
935 50 50 4.2
935 75 155 1.3
936 0 0 0.9
936 25 22.5 1.1
936 50 50 4.2
936 75 155 1.3
937 0 0 0.9
937 25 22.5 1.1
937 50 50 4.2
937 75 155 1.3
938 0 0 0.9
938 25 22.5 1.1
938 50 50 4.2
938 75 155 1.3
939 0 0 0.9
939 25 22.5 1.1
939 50 50 4.2
939 75 155 1.3
940 0 0 0.9
940 25 22.5 1.1
940 50 50 4.2
940 75 155 1.3
941 0 0 0.9
941 25 22.5 1.1
941 50 50 4.2
941 75 155 1.3
942 0 0 0.9
942 25 22.5 1.1
942 50 50 4.2
942 75 155 1.3
943 0 0 0.9
943 25 22.5 1.1
943 50 50 4.2
943 75 155 1.3
944 0 0 0.9
944 25 22.5 1.1
944 50 50 4.2
944 75 155 1.3
945 0 0 0.9
945 25 22.5 1.1
945 50 50 4.2
945 75 155 1.3
946 0 0 0.9
946 25 22.5 1.1
946 50 50 4.2
946 75 155 1.3
947 0 0 0.9
947 25 22.5 1.1
947 50 50 4.2
947 75 155 1.3
948 0 0 0.9
948 25 22.5 1.1
948 50 50 4.2
948 75 155 1.3
949 0 0 0.9
949 25 22.5 1.1
949 50 50 4.2
949 75 155 1.3
950 0 0 0.9
950 25 22.5 1.1
950 50 50 4.2
950 75 155 1.3
951 0 0 0.9
951 25 22.5 1.1
951 50 50 4.2
951 75 155 1.3
952 0 0 0.9
952 25 22.5 1.1
952 50 50 4.2
952 75 155 1.3
953 0 0 0.9
953 25 22.5 1.1
953 50 50 4.2
953 75 155 1.3
954 0 0 0.9
954 25 22.5 1.1
954 50 50 4.2
954 75 155 1.3
955 0 0 0.9
955 25 22.5 1.1
955 50 50 4.2
955 75 155 1.3
956 0 0 0.9
956 25 22.5 1.1
956 50 50 4.2
956 75 155 1.3
957 0 0 0.9
957 25 22.5 1.1
957 50 50 4.2
957 75 155 1.3
958 0 0 0.9
958 25 22.5 1.1
958 50 50 4.2
958 75 155 1.3
959 0 0 0.9
959 25 22.5 1.1
959 50 50 4.2
959 75 155 1.3
960 0 0 0.9
960 25 22.5 1.1
960 50 50 4.2
960 75 155 1.3
961 0 0 0.9
961 25 22.5 1.1
961 50 50 4.2
961 75 155 1.3
962 0 0 0.9
962 25 22.5 1.1
962 50 50 4.2
962 75 155 1.3
963 0 0 0.9
963 25 22.5 1.1
963 50 50 4.2
963 75 155 1.3
964 0 0 0.9
964 25 22.5 1.1
964 50 50 4.2
964 75 155 1.3
965 0 0 0.9
965 25 22.5 1.1
965 50 50 4.2
965 75 155 1.3
966 0 0 0.9
966 25 22.5 1.1
966 50 50 4.2
966 75 155 1.3
967 0 0 0.9
967 25 22.5 1.1
967 50 50 4.2
967 75 155 1.3
968 0 0 0.9
968 25 22.5 1.1
968 50 50 4.2
968 75 155 1.3
969 0 0 0.9
969 25 22.5 1.1
969 50 50 4.2
969 75 155 1.3
970 0 0 0.9
970 25 22.5 1.1
970 50 50 4.2
970 75 155 1.3
971 0 0 0.9
971 25 22.5 1.1
971 50 50 4.2
971 75 155 1.3
972 0 0 0.9
972 25 22.5 1.1
972 50 50 4.2
972 75 155 1.3
973 0 0 0.9
973 25 22.5 1.1
973 50 50 4.2
973 75 155 1.3
974 0 0 0.9
974 25 22.5 1.1
974 50 50 4.2
974 75 155 1.3
975 0 0 0.9
975 25 22.5 1.1
975 50 50 4.2
975 75 155 1.3
976 0 0 0.9
976 25 22.5 1.1
976 50 50 4.2
976 75 155 1.3
977 0 0 0.9
977 25 22.5 1.1
977 50 50 4.2
977 75 155 1.3
978 0 0 0.9
978 25 22.5 1.1
978 50 50 4.2
978 75 155 1.3
979 0 0 0.9
979 25 22.5 1.1
979 50 50 4.2
979 75 155 1.3
980 0 0 0.9
980 25 22.5 1.1
980 50 50 4.2
980 75 155 1.3
981 0 0 0.9
981 25 22.5 1.1
981 50 50 4.2
981 75 155 1.3
982 0 0 0.9
982 25 22.5 1.1
982 50 50 4.2
982 75 155 1.3
983 0 0 0.9
983 25 22.5 1.1
983 50 50 4.2
983 75 155 1.3
984 0 0 0.9
984 25 22.5 1.1
984 50 50 4.2
984 75 155 1.3
985 0 0 0.9
985 25 22.5 1.1
985 50 50 4.2
985 75 155 1.3
986 0 0 0.9
986 25 22.5 1.1
986 50 50 4.2
986 75 155 1.3
987 0 0 0.9
987 25 22.5 1.1
987 50 50 4.2
987 75 155 1.3
988 0 0 0.9
988 25 22.5 1.1
988 50 50 4.2
988 75 155 1.3
989 0 0 0.9
989 25 22.5 1.1
989 50 50 4.2
989 75 155 1.3
990 0 0 0.9
990 25 22.5 1.1
990 50 50 4.2
990 75 155 1.3
991 0 0 0.9
991 25 22.5 1.1
991 50 50 4.2
991 75 155 1.3
992 0 0 0.9
992 25 22.5 1.1
992 50 50 4.2
992 75 155 1.3
993 0 0 0.9
993 25 22.5 1.1
993 50 50 4.2
993 75 155 1.3
994 0 0 0.9
994 25 22.5 1.1
994 50 50 4.2
994 75 155 1.3
995 0 0 0.9
995 25 22.5 1.1
995 50 50 4.2
995 75 155 1.3
996 0 0 0.9
996 25 22.5 1.1
996 50 50 4.2
996 75 155 1.3
997 0 0 0.9
997 25 22.5 1.1
997 50 50 4.2
997 75 155 1.3
998 0 0 0.9
998 25 22.5 1.1
998 50 50 4.2
998 75 155 1.3
999 0 0 0.9
999 25 22.5 1.1
999 50 50 4.2
999 75 155 1.3
