500 4
0 0 0 2.2
0 25 55 2.6
0 50 120 2.1
0 75 172.5 4.3
1 0 0 2.2
1 25 55 2.6
1 50 120 2.1
1 75 172.5 4.3
2 0 0 2.2
2 25 55 2.6
2 50 120 2.1
2 75 172.5 4.3
3 0 0 2.2
3 25 55 2.6
3 50 120 2.1
3 75 172.5 4.3
4 0 0 2.2
4 25 55 2.6
4 50 120 2.1
4 75 172.5 4.3
5 0 0 2.2
5 25 55 2.6
5 50 120 2.1
5 75 172.5 4.3
6 0 0 2.2
6 25 55 2.6
6 50 120 2.1
6 75 172.5 4.3
7 0 0 2.2
7 25 55 2.6
7 50 120 2.1
7 75 172.5 4.3
8 0 0 2.2
8 25 55 2.6
8 50 120 2.1
8 75 172.5 4.3
9 0 0 2.2
9 25 55 2.6
9 50 120 2.1
9 75 172.5 4.3
10 0 0 2.2
10 25 55 2.6
10 50 120 2.1
10 75 172.5 4.3
11 0 0 2.2
11 25 55 2.6
11 50 120 2.1
11 75 172.5 4.3
12 0 0 2.2
12 25 55 2.6
12 50 120 2.1
12 75 172.5 4.3
13 0 0 2.2
13 25 55 2.6
13 50 120 2.1
13 75 172.5 4.3
14 0 0 2.2
14 25 55 2.6
14 50 120 2.1
14 75 172.5 4.3
15 0 0 2.2
15 25 55 2.6
15 50 120 2.1
15 75 172.5 4.3
16 0 0 2.2
16 25 55 2.6
16 50 120 2.1
16 75 172.5 4.3
17 0 0 2.2
17 25 55 2.6
17 50 120 2.1
17 75 172.5 4.3
18 0 0 2.2
18 25 55 2.6
18 50 120 2.1
18 75 172.5 4.3
19 0 0 2.2
19 25 55 2.6
19 50 120 2.1
19 75 172.5 4.3
20 0 0 2.2
20 25 55 2.6
20 50 120 2.1
20 75 172.5 4.3
21 0 0 2.2
21 25 55 2.6
21 50 120 2.1
21 75 172.5 4.3
22 0 0 2.2
22 25 55 2.6
22 50 120 2.1
22 75 172.5 4.3
23 0 0 2.2
23 25 55 2.6
23 50 120 2.1
23 75 172.5 4.3
24 0 0 2.2
24 25 55 2.6
24 50 120 2.1
24 75 172.5 4.3
25 0 0 2.2
25 25 55 2.6
25 50 120 2.1
25 75 172.5 4.3
26 0 0 2.2
26 25 55 2.6
26 50 120 2.1
26 75 172.5 4.3
27 0 0 2.2
27 25 55 2.6
27 50 120 2.1
27 75 172.5 4.3
28 0 0 2.2
28 25 55 2.6
28 50 120 2.1
28 75 172.5 4.3
29 0 0 2.2
29 25 55 2.6
29 50 120 2.1
29 75 172.5 4.3
30 0 0 2.2
30 25 55 2.6
30 50 120 2.1
30 75 172.5 4.3
31 0 0 2.2
31 25 55 2.6
31 50 120 2.1
31 75 172.5 4.3
32 0 0 2.2
32 25 55 2.6
32 50 120 2.1
32 75 172.5 4.3
33 0 0 2.2
33 25 55 2.6
33 50 120 2.1
33 75 172.5 4.3
34 0 0 2.2
34 25 55 2.6
34 50 120 2.1
34 75 172.5 4.3
35 0 0 2.2
35 25 55 2.6
35 50 120 2.1
35 75 172.5 4.3
36 0 0 2.2
36 25 55 2.6
36 50 120 2.1
36 75 172.5 4.3
37 0 0 2.2
37 25 55 2.6
37 50 120 2.1
37 75 172.5 4.3
38 0 0 2.2
38 25 55 2.6
38 50 120 2.1
38 75 172.5 4.3
39 0 0 2.2
39 25 55 2.6
39 50 120 2.1
39 75 172.5 4.3
40 0 0 2.2
40 25 55 2.6
40 50 120 2.1
40 75 172.5 4.3
41 0 0 2.2
41 25 55 2.6
41 50 120 2.1
41 75 172.5 4.3
42 0 0 2.2
42 25 55 2.6
42 50 120 2.1
42 75 172.5 4.3
43 0 0 2.2
43 25 55 2.6
43 50 120 2.1
43 75 172.5 4.3
44 0 0 2.2
44 25 55 2.6
44 50 120 2.1
44 75 172.5 4.3
45 0 0 2.2
45 25 55 2.6
45 50 120 2.1
45 75 172.5 4.3
46 0 0 2.2
46 25 55 2.6
46 50 120 2.1
46 75 172.5 4.3
47 0 0 2.2
47 25 55 2.6
47 50 120 2.1
47 75 172.5 4.3
48 0 0 2.2
48 25 55 2.6
48 50 120 2.1
48 75 172.5 4.3
49 0 0 2.2
49 25 55 2.6
49 50 120 2.1
49 75 172.5 4.3
50 0 0 2.2
50 25 55 2.6
50 50 120 2.1
50 75 172.5 4.3
51 0 0 2.2
51 25 55 2.6
51 50 120 2.1
51 75 172.5 4.3
52 0 0 2.2
52 25 55 2.6
52 50 120 2.1
52 75 172.5 4.3
53 0 0 2.2
53 25 55 2.6
53 50 120 2.1
53 75 172.5 4.3
54 0 0 2.2
54 25 55 2.6
54 50 120 2.1
54 75 172.5 4.3
55 0 0 2.2
55 25 55 2.6
55 50 120 2.1
55 75 172.5 4.3
56 0 0 2.2
56 25 55 2.6
56 50 120 2.1
56 75 172.5 4.3
57 0 0 2.2
57 25 55 2.6
57 50 120 2.1
57 75 172.5 4.3
58 0 0 2.2
58 25 55 2.6
58 50 120 2.1
58 75 172.5 4.3
59 0 0 2.2
59 25 55 2.6
59 50 120 2.1
59 75 172.5 4.3
60 0 0 2.2
60 25 55 2.6
60 50 120 2.1
60 75 172.5 4.3
61 0 0 2.2
61 25 55 2.6
61 50 120 2.1
61 75 172.5 4.3
62 0 0 2.2
62 25 55 2.6
62 50 120 2.1
62 75 172.5 4.3
63 0 0 2.2
63 25 55 2.6
63 50 120 2.1
63 75 172.5 4.3
64 0 0 2.2
64 25 55 2.6
64 50 120 2.1
64 75 172.5 4.3
65 0 0 2.2
65 25 55 2.6
65 50 120 2.1
65 75 172.5 4.3
66 0 0 2.2
66 25 55 2.6
66 50 120 2.1
66 75 172.5 4.3
67 0 0 2.2
67 25 55 2.6
67 50 120 2.1
67 75 172.5 4.3
68 0 0 2.2
68 25 55 2.6
68 50 120 2.1
68 75 172.5 4.3
69 0 0 2.2
69 25 55 2.6
69 50 120 2.1
69 75 172.5 4.3
70 0 0 2.2
70 25 55 2.6
70 50 120 2.1
70 75 172.5 4.3
71 0 0 2.2
71 25 55 2.6
71 50 120 2.1
71 75 172.5 4.3
72 0 0 2.2
72 25 55 2.6
72 50 120 2.1
72 75 172.5 4.3
73 0 0 2.2
73 25 55 2.6
73 50 120 2.1
73 75 172.5 4.3
74 0 0 2.2
74 25 55 2.6
74 50 120 2.1
74 75 172.5 4.3
75 0 0 2.2
75 25 55 2.6
75 50 120 2.1
75 75 172.5 4.3
76 0 0 2.2
76 25 55 2.6
76 50 120 2.1
76 75 172.5 4.3
77 0 0 2.2
77 25 55 2.6
77 50 120 2.1
77 75 172.5 4.3
78 0 0 2.2
78 25 55 2.6
78 50 120 2.1
78 75 172.5 4.3
79 0 0 2.2
79 25 55 2.6
79 50 120 2.1
79 75 172.5 4.3
80 0 0 2.2
80 25 55 2.6
80 50 120 2.1
80 75 172.5 4.3
81 0 0 2.2
81 25 55 2.6
81 50 120 2.1
81 75 172.5 4.3
82 0 0 2.2
82 25 55 2.6
82 50 120 2.1
82 75 172.5 4.3
83 0 0 2.2
83 25 55 2.6
83 50 120 2.1
83 75 172.5 4.3
84 0 0 2.2
84 25 55 2.6
84 50 120 2.1
84 75 172.5 4.3
85 0 0 2.2
85 25 55 2.6
85 50 120 2.1
85 75 172.5 4.3
86 0 0 2.2
86 25 55 2.6
86 50 120 2.1
86 75 172.5 4.3
87 0 0 2.2
87 25 55 2.6
87 50 120 2.1
87 75 172.5 4.3
88 0 0 2.2
88 25 55 2.6
88 50 120 2.1
88 75 172.5 4.3
89 0 0 2.2
89 25 55 2.6
89 50 120 2.1
89 75 172.5 4.3
90 0 0 2.2
90 25 55 2.6
90 50 120 2.1
90 75 172.5 4.3
91 0 0 2.2
91 25 55 2.6
91 50 120 2.1
91 75 172.5 4.3
92 0 0 2.2
92 25 55 2.6
92 50 120 2.1
92 75 172.5 4.3
93 0 0 2.2
93 25 55 2.6
93 50 120 2.1
93 75 172.5 4.3
94 0 0 2.2
94 25 55 2.6
94 50 120 2.1
94 75 172.5 4.3
95 0 0 2.2
95 25 55 2.6
95 50 120 2.1
95 75 172.5 4.3
96 0 0 2.2
96 25 55 2.6
96 50 120 2.1
96 75 172.5 4.3
97 0 0 2.2
97 25 55 2.6
97 50 120 2.1
97 75 172.5 4.3
98 0 0 2.2
98 25 55 2.6
98 50 120 2.1
98 75 172.5 4.3
99 0 0 2.2
99 25 55 2.6
99 50 120 2.1
99 75 172.5 4.3
100 0 0 2.2
100 25 55 2.6
100 50 120 2.1
100 75 172.5 4.3
101 0 0 2.2
101 25 55 2.6
101 50 120 2.1
101 75 172.5 4.3
102 0 0 2.2
102 25 55 2.6
102 50 120 2.1
102 75 172.5 4.3
103 0 0 2.2
103 25 55 2.6
103 50 120 2.1
103 75 172.5 4.3
104 0 0 2.2
104 25 55 2.6
104 50 120 2.1
104 75 172.5 4.3
105 0 0 2.2
105 25 55 2.6
105 50 120 2.1
105 75 172.5 4.3
106 0 0 2.2
106 25 55 2.6
106 50 120 2.1
106 75 172.5 4.3
107 0 0 2.2
107 25 55 2.6
107 50 120 2.1
107 75 172.5 4.3
108 0 0 2.2
108 25 55 2.6
108 50 120 2.1
108 75 172.5 4.3
109 0 0 2.2
109 25 55 2.6
109 50 120 2.1
109 75 172.5 4.3
110 0 0 2.2
110 25 55 2.6
110 50 120 2.1
110 75 172.5 4.3
111 0 0 2.2
111 25 55 2.6
111 50 120 2.1
111 75 172.5 4.3
112 0 0 2.2
112 25 55 2.6
112 50 120 2.1
112 75 172.5 4.3
113 0 0 2.2
113 25 55 2.6
113 50 120 2.1
113 75 172.5 4.3
114 0 0 2.2
114 25 55 2.6
114 50 120 2.1
114 75 172.5 4.3
115 0 0 2.2
115 25 55 2.6
115 50 120 2.1
115 75 172.5 4.3
116 0 0 2.2
116 25 55 2.6
116 50 120 2.1
116 75 172.5 4.3
117 0 0 2.2
117 25 55 2.6
117 50 120 2.1
117 75 172.5 4.3
118 0 0 2.2
118 25 55 2.6
118 50 120 2.1
118 75 172.5 4.3
119 0 0 2.2
119 25 55 2.6
119 50 120 2.1
119 75 172.5 4.3
120 0 0 2.2
120 25 55 2.6
120 50 120 2.1
120 75 172.5 4.3
121 0 0 2.2
121 25 55 2.6
121 50 120 2.1
121 75 172.5 4.3
122 0 0 2.2
122 25 55 2.6
122 50 120 2.1
122 75 172.5 4.3
123 0 0 2.2
123 25 55 2.6
123 50 120 2.1
123 75 172.5 4.3
124 0 0 2.2
124 25 55 2.6
124 50 120 2.1
124 75 172.5 4.3
125 0 0 2.2
125 25 55 2.6
125 50 120 2.1
125 75 172.5 4.3
126 0 0 2.2
126 25 55 2.6
126 50 120 2.1
126 75 172.5 4.3
127 0 0 2.2
127 25 55 2.6
127 50 120 2.1
127 75 172.5 4.3
128 0 0 2.2
128 25 55 2.6
128 50 120 2.1
128 75 172.5 4.3
129 0 0 2.2
129 25 55 2.6
129 50 120 2.1
129 75 172.5 4.3
130 0 0 2.2
130 25 55 2.6
130 50 120 2.1
130 75 172.5 4.3
131 0 0 2.2
131 25 55 2.6
131 50 120 2.1
131 75 172.5 4.3
132 0 0 2.2
132 25 55 2.6
132 50 120 2.1
132 75 172.5 4.3
133 0 0 2.2
133 25 55 2.6
133 50 120 2.1
133 75 172.5 4.3
134 0 0 2.2
134 25 55 2.6
134 50 120 2.1
134 75 172.5 4.3
135 0 0 2.2
135 25 55 2.6
135 50 120 2.1
135 75 172.5 4.3
136 0 0 2.2
136 25 55 2.6
136 50 120 2.1
136 75 172.5 4.3
137 0 0 2.2
137 25 55 2.6
137 50 120 2.1
137 75 172.5 4.3
138 0 0 2.2
138 25 55 2.6
138 50 120 2.1
138 75 172.5 4.3
139 0 0 2.2
139 25 55 2.6
139 50 120 2.1
139 75 172.5 4.3
140 0 0 2.2
140 25 55 2.6
140 50 120 2.1
140 75 172.5 4.3
141 0 0 2.2
141 25 55 2.6
141 50 120 2.1
141 75 172.5 4.3
142 0 0 2.2
142 25 55 2.6
142 50 120 2.1
142 75 172.5 4.3
143 0 0 2.2
143 25 55 2.6
143 50 120 2.1
143 75 172.5 4.3
144 0 0 2.2
144 25 55 2.6
144 50 120 2.1
144 75 172.5 4.3
145 0 0 2.2
145 25 55 2.6
145 50 120 2.1
145 75 172.5 4.3
146 0 0 2.2
146 25 55 2.6
146 50 120 2.1
146 75 172.5 4.3
147 0 0 2.2
147 25 55 2.6
147 50 120 2.1
147 75 172.5 4.3
148 0 0 2.2
148 25 55 2.6
148 50 120 2.1
148 75 172.5 4.3
149 0 0 2.2
149 25 55 2.6
149 50 120 2.1
149 75 172.5 4.3
150 0 0 2.2
150 25 55 2.6
150 50 120 2.1
150 75 172.5 4.3
151 0 0 2.2
151 25 55 2.6
151 50 120 2.1
151 75 172.5 4.3
152 0 0 2.2
152 25 55 2.6
152 50 120 2.1
152 75 172.5 4.3
153 0 0 2.2
153 25 55 2.6
153 50 120 2.1
153 75 172.5 4.3
154 0 0 2.2
154 25 55 2.6
154 50 120 2.1
154 75 172.5 4.3
155 0 0 2.2
155 25 55 2.6
155 50 120 2.1
155 75 172.5 4.3
156 0 0 2.2
156 25 55 2.6
156 50 120 2.1
156 75 172.5 4.3
157 0 0 2.2
157 25 55 2.6
157 50 120 2.1
157 75 172.5 4.3
158 0 0 2.2
158 25 55 2.6
158 50 120 2.1
158 75 172.5 4.3
159 0 0 2.2
159 25 55 2.6
159 50 120 2.1
159 75 172.5 4.3
160 0 0 2.2
160 25 55 2.6
160 50 120 2.1
160 75 172.5 4.3
161 0 0 2.2
161 25 55 2.6
161 50 120 2.1
161 75 172.5 4.3
162 0 0 2.2
162 25 55 2.6
162 50 120 2.1
162 75 172.5 4.3
163 0 0 2.2
163 25 55 2.6
163 50 120 2.1
163 75 172.5 4.3
164 0 0 2.2
164 25 55 2.6
164 50 120 2.1
164 75 172.5 4.3
165 0 0 2.2
165 25 55 2.6
165 50 120 2.1
165 75 172.5 4.3
166 0 0 2.2
166 25 55 2.6
166 50 120 2.1
166 75 172.5 4.3
167 0 0 2.2
167 25 55 2.6
167 50 120 2.1
167 75 172.5 4.3
168 0 0 2.2
168 25 55 2.6
168 50 120 2.1
168 75 172.5 4.3
169 0 0 2.2
169 25 55 2.6
169 50 120 2.1
169 75 172.5 4.3
170 0 0 2.2
170 25 55 2.6
170 50 120 2.1
170 75 172.5 4.3
171 0 0 2.2
171 25 55 2.6
171 50 120 2.1
171 75 172.5 4.3
172 0 0 2.2
172 25 55 2.6
172 50 120 2.1
172 75 172.5 4.3
173 0 0 2.2
173 25 55 2.6
173 50 120 2.1
173 75 172.5 4.3
174 0 0 2.2
174 25 55 2.6
174 50 120 2.1
174 75 172.5 4.3
175 0 0 2.2
175 25 55 2.6
175 50 120 2.1
175 75 172.5 4.3
176 0 0 2.2
176 25 55 2.6
176 50 120 2.1
176 75 172.5 4.3
177 0 0 2.2
177 25 55 2.6
177 50 120 2.1
177 75 172.5 4.3
178 0 0 2.2
178 25 55 2.6
178 50 120 2.1
178 75 172.5 4.3
179 0 0 2.2
179 25 55 2.6
179 50 120 2.1
179 75 172.5 4.3
180 0 0 2.2
180 25 55 2.6
180 50 120 2.1
180 75 172.5 4.3
181 0 0 2.2
181 25 55 2.6
181 50 120 2.1
181 75 172.5 4.3
182 0 0 2.2
182 25 55 2.6
182 50 120 2.1
182 75 172.5 4.3
183 0 0 2.2
183 25 55 2.6
183 50 120 2.1
183 75 172.5 4.3
184 0 0 2.2
184 25 55 2.6
184 50 120 2.1
184 75 172.5 4.3
185 0 0 2.2
185 25 55 2.6
185 50 120 2.1
185 75 172.5 4.3
186 0 0 2.2
186 25 55 2.6
186 50 120 2.1
186 75 172.5 4.3
187 0 0 2.2
187 25 55 2.6
187 50 120 2.1
187 75 172.5 4.3
188 0 0 2.2
188 25 55 2.6
188 50 120 2.1
188 75 172.5 4.3
189 0 0 2.2
189 25 55 2.6
189 50 120 2.1
189 75 172.5 4.3
190 0 0 2.2
190 25 55 2.6
190 50 120 2.1
190 75 172.5 4.3
191 0 0 2.2
191 25 55 2.6
191 50 120 2.1
191 75 172.5 4.3
192 0 0 2.2
192 25 55 2.6
192 50 120 2.1
192 75 172.5 4.3
193 0 0 2.2
193 25 55 2.6
193 50 120 2.1
193 75 172.5 4.3
194 0 0 2.2
194 25 55 2.6
194 50 120 2.1
194 75 172.5 4.3
195 0 0 2.2
195 25 55 2.6
195 50 120 2.1
195 75 172.5 4.3
196 0 0 2.2
196 25 55 2.6
196 50 120 2.1
196 75 172.5 4.3
197 0 0 2.2
197 25 55 2.6
197 50 120 2.1
197 75 172.5 4.3
198 0 0 2.2
198 25 55 2.6
198 50 120 2.1
198 75 172.5 4.3
199 0 0 2.2
199 25 55 2.6
199 50 120 2.1
199 75 172.5 4.3
200 0 0 2.2
200 25 55 2.6
200 50 120 2.1
200 75 172.5 4.3
201 0 0 2.2
201 25 55 2.6
201 50 120 2.1
201 75 172.5 4.3
202 0 0 2.2
202 25 55 2.6
202 50 120 2.1
202 75 172.5 4.3
203 0 0 2.2
203 25 55 2.6
203 50 120 2.1
203 75 172.5 4.3
204 0 0 2.2
204 25 55 2.6
204 50 120 2.1
204 75 172.5 4.3
205 0 0 2.2
205 25 55 2.6
205 50 120 2.1
205 75 172.5 4.3
206 0 0 2.2
206 25 55 2.6
206 50 120 2.1
206 75 172.5 4.3
207 0 0 2.2
207 25 55 2.6
207 50 120 2.1
207 75 172.5 4.3
208 0 0 2.2
208 25 55 2.6
208 50 120 2.1
208 75 172.5 4.3
209 0 0 2.2
209 25 55 2.6
209 50 120 2.1
209 75 172.5 4.3
210 0 0 2.2
210 25 55 2.6
210 50 120 2.1
210 75 172.5 4.3
211 0 0 2.2
211 25 55 2.6
211 50 120 2.1
211 75 172.5 4.3
212 0 0 2.2
212 25 55 2.6
212 50 120 2.1
212 75 172.5 4.3
213 0 0 2.2
213 25 55 2.6
213 50 120 2.1
213 75 172.5 4.3
214 0 0 2.2
214 25 55 2.6
214 50 120 2.1
214 75 172.5 4.3
215 0 0 2.2
215 25 55 2.6
215 50 120 2.1
215 75 172.5 4.3
216 0 0 2.2
216 25 55 2.6
216 50 120 2.1
216 75 172.5 4.3
217 0 0 2.2
217 25 55 2.6
217 50 120 2.1
217 75 172.5 4.3
218 0 0 2.2
218 25 55 2.6
218 50 120 2.1
218 75 172.5 4.3
219 0 0 2.2
219 25 55 2.6
219 50 120 2.1
219 75 172.5 4.3
220 0 0 2.2
220 25 55 2.6
220 50 120 2.1
220 75 172.5 4.3
221 0 0 2.2
221 25 55 2.6
221 50 120 2.1
221 75 172.5 4.3
222 0 0 2.2
222 25 55 2.6
222 50 120 2.1
222 75 172.5 4.3
223 0 0 2.2
223 25 55 2.6
223 50 120 2.1
223 75 172.5 4.3
224 0 0 2.2
224 25 55 2.6
224 50 120 2.1
224 75 172.5 4.3
225 0 0 2.2
225 25 55 2.6
225 50 120 2.1
225 75 172.5 4.3
226 0 0 2.2
226 25 55 2.6
226 50 120 2.1
226 75 172.5 4.3
227 0 0 2.2
227 25 55 2.6
227 50 120 2.1
227 75 172.5 4.3
228 0 0 2.2
228 25 55 2.6
228 50 120 2.1
228 75 172.5 4.3
229 0 0 2.2
229 25 55 2.6
229 50 120 2.1
229 75 172.5 4.3
230 0 0 2.2
230 25 55 2.6
230 50 120 2.1
230 75 172.5 4.3
231 0 0 2.2
231 25 55 2.6
231 50 120 2.1
231 75 172.5 4.3
232 0 0 2.2
232 25 55 2.6
232 50 120 2.1
232 75 172.5 4.3
233 0 0 2.2
233 25 55 2.6
233 50 120 2.1
233 75 172.5 4.3
234 0 0 2.2
234 25 55 2.6
234 50 120 2.1
234 75 172.5 4.3
235 0 0 2.2
235 25 55 2.6
235 50 120 2.1
235 75 172.5 4.3
236 0 0 2.2
236 25 55 2.6
236 50 120 2.1
236 75 172.5 4.3
237 0 0 2.2
237 25 55 2.6
237 50 120 2.1
237 75 172.5 4.3
238 0 0 2.2
238 25 55 2.6
238 50 120 2.1
238 75 172.5 4.3
239 0 0 2.2
239 25 55 2.6
239 50 120 2.1
239 75 172.5 4.3
240 0 0 2.2
240 25 55 2.6
240 50 120 2.1
240 75 172.5 4.3
241 0 0 2.2
241 25 55 2.6
241 50 120 2.1
241 75 172.5 4.3
242 0 0 2.2
242 25 55 2.6
242 50 120 2.1
242 75 172.5 4.3
243 0 0 2.2
243 25 55 2.6
243 50 120 2.1
243 75 172.5 4.3
244 0 0 2.2
244 25 55 2.6
244 50 120 2.1
244 75 172.5 4.3
245 0 0 2.2
245 25 55 2.6
245 50 120 2.1
245 75 172.5 4.3
246 0 0 2.2
246 25 55 2.6
246 50 120 2.1
246 75 172.5 4.3
247 0 0 2.2
247 25 55 2.6
247 50 120 2.1
247 75 172.5 4.3
248 0 0 2.2
248 25 55 2.6
248 50 120 2.1
248 75 172.5 4.3
249 0 0 2.2
249 25 55 2.6
249 50 120 2.1
249 75 172.5 4.3
250 0 0 2.2
250 25 55 2.6
250 50 120 2.1
250 75 172.5 4.3
251 0 0 2.2
251 25 55 2.6
251 50 120 2.1
251 75 172.5 4.3
252 0 0 2.2
252 25 55 2.6
252 50 120 2.1
252 75 172.5 4.3
253 0 0 2.2
253 25 55 2.6
253 50 120 2.1
253 75 172.5 4.3
254 0 0 2.2
254 25 55 2.6
254 50 120 2.1
254 75 172.5 4.3
255 0 0 2.2
255 25 55 2.6
255 50 120 2.1
255 75 172.5 4.3
256 0 0 2.2
256 25 55 2.6
256 50 120 2.1
256 75 172.5 4.3
257 0 0 2.2
257 25 55 2.6
257 50 120 2.1
257 75 172.5 4.3
258 0 0 2.2
258 25 55 2.6
258 50 120 2.1
258 75 172.5 4.3
259 0 0 2.2
259 25 55 2.6
259 50 120 2.1
259 75 172.5 4.3
260 0 0 2.2
260 25 55 2.6
260 50 120 2.1
260 75 172.5 4.3
261 0 0 2.2
261 25 55 2.6
261 50 120 2.1
261 75 172.5 4.3
262 0 0 2.2
262 25 55 2.6
262 50 120 2.1
262 75 172.5 4.3
263 0 0 2.2
263 25 55 2.6
263 50 120 2.1
263 75 172.5 4.3
264 0 0 2.2
264 25 55 2.6
264 50 120 2.1
264 75 172.5 4.3
265 0 0 2.2
265 25 55 2.6
265 50 120 2.1
265 75 172.5 4.3
266 0 0 2.2
266 25 55 2.6
266 50 120 2.1
266 75 172.5 4.3
267 0 0 2.2
267 25 55 2.6
267 50 120 2.1
267 75 172.5 4.3
268 0 0 2.2
268 25 55 2.6
268 50 120 2.1
268 75 172.5 4.3
269 0 0 2.2
269 25 55 2.6
269 50 120 2.1
269 75 172.5 4.3
270 0 0 2.2
270 25 55 2.6
270 50 120 2.1
270 75 172.5 4.3
271 0 0 2.2
271 25 55 2.6
271 50 120 2.1
271 75 172.5 4.3
272 0 0 2.2
272 25 55 2.6
272 50 120 2.1
272 75 172.5 4.3
273 0 0 2.2
273 25 55 2.6
273 50 120 2.1
273 75 172.5 4.3
274 0 0 2.2
274 25 55 2.6
274 50 120 2.1
274 75 172.5 4.3
275 0 0 2.2
275 25 55 2.6
275 50 120 2.1
275 75 172.5 4.3
276 0 0 2.2
276 25 55 2.6
276 50 120 2.1
276 75 172.5 4.3
277 0 0 2.2
277 25 55 2.6
277 50 120 2.1
277 75 172.5 4.3
278 0 0 2.2
278 25 55 2.6
278 50 120 2.1
278 75 172.5 4.3
279 0 0 2.2
279 25 55 2.6
279 50 120 2.1
279 75 172.5 4.3
280 0 0 2.2
280 25 55 2.6
280 50 120 2.1
280 75 172.5 4.3
281 0 0 2.2
281 25 55 2.6
281 50 120 2.1
281 75 172.5 4.3
282 0 0 2.2
282 25 55 2.6
282 50 120 2.1
282 75 172.5 4.3
283 0 0 2.2
283 25 55 2.6
283 50 120 2.1
283 75 172.5 4.3
284 0 0 2.2
284 25 55 2.6
284 50 120 2.1
284 75 172.5 4.3
285 0 0 2.2
285 25 55 2.6
285 50 120 2.1
285 75 172.5 4.3
286 0 0 2.2
286 25 55 2.6
286 50 120 2.1
286 75 172.5 4.3
287 0 0 2.2
287 25 55 2.6
287 50 120 2.1
287 75 172.5 4.3
288 0 0 2.2
288 25 55 2.6
288 50 120 2.1
288 75 172.5 4.3
289 0 0 2.2
289 25 55 2.6
289 50 120 2.1
289 75 172.5 4.3
290 0 0 2.2
290 25 55 2.6
290 50 120 2.1
290 75 172.5 4.3
291 0 0 2.2
291 25 55 2.6
291 50 120 2.1
291 75 172.5 4.3
292 0 0 2.2
292 25 55 2.6
292 50 120 2.1
292 75 172.5 4.3
293 0 0 2.2
293 25 55 2.6
293 50 120 2.1
293 75 172.5 4.3
294 0 0 2.2
294 25 55 2.6
294 50 120 2.1
294 75 172.5 4.3
295 0 0 2.2
295 25 55 2.6
295 50 120 2.1
295 75 172.5 4.3
296 0 0 2.2
296 25 55 2.6
296 50 120 2.1
296 75 172.5 4.3
297 0 0 2.2
297 25 55 2.6
297 50 120 2.1
297 75 172.5 4.3
298 0 0 2.2
298 25 55 2.6
298 50 120 2.1
298 75 172.5 4.3
299 0 0 2.2
299 25 55 2.6
299 50 120 2.1
299 75 172.5 4.3
300 0 0 2.2
300 25 55 2.6
300 50 120 2.1
300 75 172.5 4.3
301 0 0 2.2
301 25 55 2.6
301 50 120 2.1
301 75 172.5 4.3
302 0 0 2.2
302 25 55 2.6
302 50 120 2.1
302 75 172.5 4.3
303 0 0 2.2
303 25 55 2.6
303 50 120 2.1
303 75 172.5 4.3
304 0 0 2.2
304 25 55 2.6
304 50 120 2.1
304 75 172.5 4.3
305 0 0 2.2
305 25 55 2.6
305 50 120 2.1
305 75 172.5 4.3
306 0 0 2.2
306 25 55 2.6
306 50 120 2.1
306 75 172.5 4.3
307 0 0 2.2
307 25 55 2.6
307 50 120 2.1
307 75 172.5 4.3
308 0 0 2.2
308 25 55 2.6
308 50 120 2.1
308 75 172.5 4.3
309 0 0 2.2
309 25 55 2.6
309 50 120 2.1
309 75 172.5 4.3
310 0 0 2.2
310 25 55 2.6
310 50 120 2.1
310 75 172.5 4.3
311 0 0 2.2
311 25 55 2.6
311 50 120 2.1
311 75 172.5 4.3
312 0 0 2.2
312 25 55 2.6
312 50 120 2.1
312 75 172.5 4.3
313 0 0 2.2
313 25 55 2.6
313 50 120 2.1
313 75 172.5 4.3
314 0 0 2.2
314 25 55 2.6
314 50 120 2.1
314 75 172.5 4.3
315 0 0 2.2
315 25 55 2.6
315 50 120 2.1
315 75 172.5 4.3
316 0 0 2.2
316 25 55 2.6
316 50 120 2.1
316 75 172.5 4.3
317 0 0 2.2
317 25 55 2.6
317 50 120 2.1
317 75 172.5 4.3
318 0 0 2.2
318 25 55 2.6
318 50 120 2.1
318 75 172.5 4.3
319 0 0 2.2
319 25 55 2.6
319 50 120 2.1
319 75 172.5 4.3
320 0 0 2.2
320 25 55 2.6
320 50 120 2.1
320 75 172.5 4.3
321 0 0 2.2
321 25 55 2.6
321 50 120 2.1
321 75 172.5 4.3
322 0 0 2.2
322 25 55 2.6
322 50 120 2.1
322 75 172.5 4.3
323 0 0 2.2
323 25 55 2.6
323 50 120 2.1
323 75 172.5 4.3
324 0 0 2.2
324 25 55 2.6
324 50 120 2.1
324 75 172.5 4.3
325 0 0 2.2
325 25 55 2.6
325 50 120 2.1
325 75 172.5 4.3
326 0 0 2.2
326 25 55 2.6
326 50 120 2.1
326 75 172.5 4.3
327 0 0 2.2
327 25 55 2.6
327 50 120 2.1
327 75 172.5 4.3
328 0 0 2.2
328 25 55 2.6
328 50 120 2.1
328 75 172.5 4.3
329 0 0 2.2
329 25 55 2.6
329 50 120 2.1
329 75 172.5 4.3
330 0 0 2.2
330 25 55 2.6
330 50 120 2.1
330 75 172.5 4.3
331 0 0 2.2
331 25 55 2.6
331 50 120 2.1
331 75 172.5 4.3
332 0 0 2.2
332 25 55 2.6
332 50 120 2.1
332 75 172.5 4.3
333 0 0 2.2
333 25 55 2.6
333 50 120 2.1
333 75 172.5 4.3
334 0 0 2.2
334 25 55 2.6
334 50 120 2.1
334 75 172.5 4.3
335 0 0 2.2
335 25 55 2.6
335 50 120 2.1
335 75 172.5 4.3
336 0 0 2.2
336 25 55 2.6
336 50 120 2.1
336 75 172.5 4.3
337 0 0 2.2
337 25 55 2.6
337 50 120 2.1
337 75 172.5 4.3
338 0 0 2.2
338 25 55 2.6
338 50 120 2.1
338 75 172.5 4.3
339 0 0 2.2
339 25 55 2.6
339 50 120 2.1
339 75 172.5 4.3
340 0 0 2.2
340 25 55 2.6
340 50 120 2.1
340 75 172.5 4.3
341 0 0 2.2
341 25 55 2.6
341 50 120 2.1
341 75 172.5 4.3
342 0 0 2.2
342 25 55 2.6
342 50 120 2.1
342 75 172.5 4.3
343 0 0 2.2
343 25 55 2.6
343 50 120 2.1
343 75 172.5 4.3
344 0 0 2.2
344 25 55 2.6
344 50 120 2.1
344 75 172.5 4.3
345 0 0 2.2
345 25 55 2.6
345 50 120 2.1
345 75 172.5 4.3
346 0 0 2.2
346 25 55 2.6
346 50 120 2.1
346 75 172.5 4.3
347 0 0 2.2
347 25 55 2.6
347 50 120 2.1
347 75 172.5 4.3
348 0 0 2.2
348 25 55 2.6
348 50 120 2.1
348 75 172.5 4.3
349 0 0 2.2
349 25 55 2.6
349 50 120 2.1
349 75 172.5 4.3
350 0 0 2.2
350 25 55 2.6
350 50 120 2.1
350 75 172.5 4.3
351 0 0 2.2
351 25 55 2.6
351 50 120 2.1
351 75 172.5 4.3
352 0 0 2.2
352 25 55 2.6
352 50 120 2.1
352 75 172.5 4.3
353 0 0 2.2
353 25 55 2.6
353 50 120 2.1
353 75 172.5 4.3
354 0 0 2.2
354 25 55 2.6
354 50 120 2.1
354 75 172.5 4.3
355 0 0 2.2
355 25 55 2.6
355 50 120 2.1
355 75 172.5 4.3
356 0 0 2.2
356 25 55 2.6
356 50 120 2.1
356 75 172.5 4.3
357 0 0 2.2
357 25 55 2.6
357 50 120 2.1
357 75 172.5 4.3
358 0 0 2.2
358 25 55 2.6
358 50 120 2.1
358 75 172.5 4.3
359 0 0 2.2
359 25 55 2.6
359 50 120 2.1
359 75 172.5 4.3
360 0 0 2.2
360 25 55 2.6
360 50 120 2.1
360 75 172.5 4.3
361 0 0 2.2
361 25 55 2.6
361 50 120 2.1
361 75 172.5 4.3
362 0 0 2.2
362 25 55 2.6
362 50 120 2.1
362 75 172.5 4.3
363 0 0 2.2
363 25 55 2.6
363 50 120 2.1
363 75 172.5 4.3
364 0 0 2.2
364 25 55 2.6
364 50 120 2.1
364 75 172.5 4.3
365 0 0 2.2
365 25 55 2.6
365 50 120 2.1
365 75 172.5 4.3
366 0 0 2.2
366 25 55 2.6
366 50 120 2.1
366 75 172.5 4.3
367 0 0 2.2
367 25 55 2.6
367 50 120 2.1
367 75 172.5 4.3
368 0 0 2.2
368 25 55 2.6
368 50 120 2.1
368 75 172.5 4.3
369 0 0 2.2
369 25 55 2.6
369 50 120 2.1
369 75 172.5 4.3
370 0 0 2.2
370 25 55 2.6
370 50 120 2.1
370 75 172.5 4.3
371 0 0 2.2
371 25 55 2.6
371 50 120 2.1
371 75 172.5 4.3
372 0 0 2.2
372 25 55 2.6
372 50 120 2.1
372 75 172.5 4.3
373 0 0 2.2
373 25 55 2.6
373 50 120 2.1
373 75 172.5 4.3
374 0 0 2.2
374 25 55 2.6
374 50 120 2.1
374 75 172.5 4.3
375 0 0 2.2
375 25 55 2.6
375 50 120 2.1
375 75 172.5 4.3
376 0 0 2.2
376 25 55 2.6
376 50 120 2.1
376 75 172.5 4.3
377 0 0 2.2
377 25 55 2.6
377 50 120 2.1
377 75 172.5 4.3
378 0 0 2.2
378 25 55 2.6
378 50 120 2.1
378 75 172.5 4.3
379 0 0 2.2
379 25 55 2.6
379 50 120 2.1
379 75 172.5 4.3
380 0 0 2.2
380 25 55 2.6
380 50 120 2.1
380 75 172.5 4.3
381 0 0 2.2
381 25 55 2.6
381 50 120 2.1
381 75 172.5 4.3
382 0 0 2.2
382 25 55 2.6
382 50 120 2.1
382 75 172.5 4.3
383 0 0 2.2
383 25 55 2.6
383 50 120 2.1
383 75 172.5 4.3
384 0 0 2.2
384 25 55 2.6
384 50 120 2.1
384 75 172.5 4.3
385 0 0 2.2
385 25 55 2.6
385 50 120 2.1
385 75 172.5 4.3
386 0 0 2.2
386 25 55 2.6
386 50 120 2.1
386 75 172.5 4.3
387 0 0 2.2
387 25 55 2.6
387 50 120 2.1
387 75 172.5 4.3
388 0 0 2.2
388 25 55 2.6
388 50 120 2.1
388 75 172.5 4.3
389 0 0 2.2
389 25 55 2.6
389 50 120 2.1
389 75 172.5 4.3
390 0 0 2.2
390 25 55 2.6
390 50 120 2.1
390 75 172.5 4.3
391 0 0 2.2
391 25 55 2.6
391 50 120 2.1
391 75 172.5 4.3
392 0 0 2.2
392 25 55 2.6
392 50 120 2.1
392 75 172.5 4.3
393 0 0 2.2
393 25 55 2.6
393 50 120 2.1
393 75 172.5 4.3
394 0 0 2.2
394 25 55 2.6
394 50 120 2.1
394 75 172.5 4.3
395 0 0 2.2
395 25 55 2.6
395 50 120 2.1
395 75 172.5 4.3
396 0 0 2.2
396 25 55 2.6
396 50 120 2.1
396 75 172.5 4.3
397 0 0 2.2
397 25 55 2.6
397 50 120 2.1
397 75 172.5 4.3
398 0 0 2.2
398 25 55 2.6
398 50 120 2.1
398 75 172.5 4.3
399 0 0 2.2
399 25 55 2.6
399 50 120 2.1
399 75 172.5 4.3
400 0 0 2.2
400 25 55 2.6
400 50 120 2.1
400 75 172.5 4.3
401 0 0 2.2
401 25 55 2.6
401 50 120 2.1
401 75 172.5 4.3
402 0 0 2.2
402 25 55 2.6
402 50 120 2.1
402 75 172.5 4.3
403 0 0 2.2
403 25 55 2.6
403 50 120 2.1
403 75 172.5 4.3
404 0 0 2.2
404 25 55 2.6
404 50 120 2.1
404 75 172.5 4.3
405 0 0 2.2
405 25 55 2.6
405 50 120 2.1
405 75 172.5 4.3
406 0 0 2.2
406 25 55 2.6
406 50 120 2.1
406 75 172.5 4.3
407 0 0 2.2
407 25 55 2.6
407 50 120 2.1
407 75 172.5 4.3
408 0 0 2.2
408 25 55 2.6
408 50 120 2.1
408 75 172.5 4.3
409 0 0 2.2
409 25 55 2.6
409 50 120 2.1
409 75 172.5 4.3
410 0 0 2.2
410 25 55 2.6
410 50 120 2.1
410 75 172.5 4.3
411 0 0 2.2
411 25 55 2.6
411 50 120 2.1
411 75 172.5 4.3
412 0 0 2.2
412 25 55 2.6
412 50 120 2.1
412 75 172.5 4.3
413 0 0 2.2
413 25 55 2.6
413 50 120 2.1
413 75 172.5 4.3
414 0 0 2.2
414 25 55 2.6
414 50 120 2.1
414 75 172.5 4.3
415 0 0 2.2
415 25 55 2.6
415 50 120 2.1
415 75 172.5 4.3
416 0 0 2.2
416 25 55 2.6
416 50 120 2.1
416 75 172.5 4.3
417 0 0 2.2
417 25 55 2.6
417 50 120 2.1
417 75 172.5 4.3
418 0 0 2.2
418 25 55 2.6
418 50 120 2.1
418 75 172.5 4.3
419 0 0 2.2
419 25 55 2.6
419 50 120 2.1
419 75 172.5 4.3
420 0 0 2.2
420 25 55 2.6
420 50 120 2.1
420 75 172.5 4.3
421 0 0 2.2
421 25 55 2.6
421 50 120 2.1
421 75 172.5 4.3
422 0 0 2.2
422 25 55 2.6
422 50 120 2.1
422 75 172.5 4.3
423 0 0 2.2
423 25 55 2.6
423 50 120 2.1
423 75 172.5 4.3
424 0 0 2.2
424 25 55 2.6
424 50 120 2.1
424 75 172.5 4.3
425 0 0 2.2
425 25 55 2.6
425 50 120 2.1
425 75 172.5 4.3
426 0 0 2.2
426 25 55 2.6
426 50 120 2.1
426 75 172.5 4.3
427 0 0 2.2
427 25 55 2.6
427 50 120 2.1
427 75 172.5 4.3
428 0 0 2.2
428 25 55 2.6
428 50 120 2.1
428 75 172.5 4.3
429 0 0 2.2
429 25 55 2.6
429 50 120 2.1
429 75 172.5 4.3
430 0 0 2.2
430 25 55 2.6
430 50 120 2.1
430 75 172.5 4.3
431 0 0 2.2
431 25 55 2.6
431 50 120 2.1
431 75 172.5 4.3
432 0 0 2.2
432 25 55 2.6
432 50 120 2.1
432 75 172.5 4.3
433 0 0 2.2
433 25 55 2.6
433 50 120 2.1
433 75 172.5 4.3
434 0 0 2.2
434 25 55 2.6
434 50 120 2.1
434 75 172.5 4.3
435 0 0 2.2
435 25 55 2.6
435 50 120 2.1
435 75 172.5 4.3
436 0 0 2.2
436 25 55 2.6
436 50 120 2.1
436 75 172.5 4.3
437 0 0 2.2
437 25 55 2.6
437 50 120 2.1
437 75 172.5 4.3
438 0 0 2.2
438 25 55 2.6
438 50 120 2.1
438 75 172.5 4.3
439 0 0 2.2
439 25 55 2.6
439 50 120 2.1
439 75 172.5 4.3
440 0 0 2.2
440 25 55 2.6
440 50 120 2.1
440 75 172.5 4.3
441 0 0 2.2
441 25 55 2.6
441 50 120 2.1
441 75 172.5 4.3
442 0 0 2.2
442 25 55 2.6
442 50 120 2.1
442 75 172.5 4.3
443 0 0 2.2
443 25 55 2.6
443 50 120 2.1
443 75 172.5 4.3
444 0 0 2.2
444 25 55 2.6
444 50 120 2.1
444 75 172.5 4.3
445 0 0 2.2
445 25 55 2.6
445 50 120 2.1
445 75 172.5 4.3
446 0 0 2.2
446 25 55 2.6
446 50 120 2.1
446 75 172.5 4.3
447 0 0 2.2
447 25 55 2.6
447 50 120 2.1
447 75 172.5 4.3
448 0 0 2.2
448 25 55 2.6
448 50 120 2.1
448 75 172.5 4.3
449 0 0 2.2
449 25 55 2.6
449 50 120 2.1
449 75 172.5 4.3
450 0 0 2.2
450 25 55 2.6
450 50 120 2.1
450 75 172.5 4.3
451 0 0 2.2
451 25 55 2.6
451 50 120 2.1
451 75 172.5 4.3
452 0 0 2.2
452 25 55 2.6
452 50 120 2.1
452 75 172.5 4.3
453 0 0 2.2
453 25 55 2.6
453 50 120 2.1
453 75 172.5 4.3
454 0 0 2.2
454 25 55 2.6
454 50 120 2.1
454 75 172.5 4.3
455 0 0 2.2
455 25 55 2.6
455 50 120 2.1
455 75 172.5 4.3
456 0 0 2.2
456 25 55 2.6
456 50 120 2.1
456 75 172.5 4.3
457 0 0 2.2
457 25 55 2.6
457 50 120 2.1
457 75 172.5 4.3
458 0 0 2.2
458 25 55 2.6
458 50 120 2.1
458 75 172.5 4.3
459 0 0 2.2
459 25 55 2.6
459 50 120 2.1
459 75 172.5 4.3
460 0 0 2.2
460 25 55 2.6
460 50 120 2.1
460 75 172.5 4.3
461 0 0 2.2
461 25 55 2.6
461 50 120 2.1
461 75 172.5 4.3
462 0 0 2.2
462 25 55 2.6
462 50 120 2.1
462 75 172.5 4.3
463 0 0 2.2
463 25 55 2.6
463 50 120 2.1
463 75 172.5 4.3
464 0 0 2.2
464 25 55 2.6
464 50 120 2.1
464 75 172.5 4.3
465 0 0 2.2
465 25 55 2.6
465 50 120 2.1
465 75 172.5 4.3
466 0 0 2.2
466 25 55 2.6
466 50 120 2.1
466 75 172.5 4.3
467 0 0 2.2
467 25 55 2.6
467 50 120 2.1
467 75 172.5 4.3
468 0 0 2.2
468 25 55 2.6
468 50 120 2.1
468 75 172.5 4.3
469 0 0 2.2
469 25 55 2.6
469 50 120 2.1
469 75 172.5 4.3
470 0 0 2.2
470 25 55 2.6
470 50 120 2.1
470 75 172.5 4.3
471 0 0 2.2
471 25 55 2.6
471 50 120 2.1
471 75 172.5 4.3
472 0 0 2.2
472 25 55 2.6
472 50 120 2.1
472 75 172.5 4.3
473 0 0 2.2
473 25 55 2.6
473 50 120 2.1
473 75 172.5 4.3
474 0 0 2.2
474 25 55 2.6
474 50 120 2.1
474 75 172.5 4.3
475 0 0 2.2
475 25 55 2.6
475 50 120 2.1
475 75 172.5 4.3
476 0 0 2.2
476 25 55 2.6
476 50 120 2.1
476 75 172.5 4.3
477 0 0 2.2
477 25 55 2.6
477 50 120 2.1
477 75 172.5 4.3
478 0 0 2.2
478 25 55 2.6
478 50 120 2.1
478 75 172.5 4.3
479 0 0 2.2
479 25 55 2.6
479 50 120 2.1
479 75 172.5 4.3
480 0 0 2.2
480 25 55 2.6
480 50 120 2.1
480 75 172.5 4.3
481 0 0 2.2
481 25 55 2.6
481 50 120 2.1
481 75 172.5 4.3
482 0 0 2.2
482 25 55 2.6
482 50 120 2.1
482 75 172.5 4.3
483 0 0 2.2
483 25 55 2.6
483 50 120 2.1
483 75 172.5 4.3
484 0 0 2.2
484 25 55 2.6
484 50 120 2.1
484 75 172.5 4.3
485 0 0 2.2
485 25 55 2.6
485 50 120 2.1
485 75 172.5 4.3
486 0 0 2.2
486 25 55 2.6
486 50 120 2.1
486 75 172.5 4.3
487 0 0 2.2
487 25 55 2.6
487 50 120 2.1
487 75 172.5 4.3
488 0 0 2.2
488 25 55 2.6
488 50 120 2.1
488 75 172.5 4.3
489 0 0 2.2
489 25 55 2.6
489 50 120 2.1
489 75 172.5 4.3
490 0 0 2.2
490 25 55 2.6
490 50 120 2.1
490 75 172.5 4.3
491 0 0 2.2
491 25 55 2.6
491 50 120 2.1
491 75 172.5 4.3
492 0 0 2.2
492 25 55 2.6
492 50 120 2.1
492 75 172.5 4.3
493 0 0 2.2
493 25 55 2.6
493 50 120 2.1
493 75 172.5 4.3
494 0 0 2.2
494 25 55 2.6
494 50 120 2.1
494 75 172.5 4.3
495 0 0 2.2
495 25 55 2.6
495 50 120 2.1
495 75 172.5 4.3
496 0 0 2.2
496 25 55 2.6
496 50 120 2.1
496 75 172.5 4.3
497 0 0 2.2
497 25 55 2.6
497 50 120 2.1
497 75 172.5 4.3
498 0 0 2.2
498 25 55 2.6
498 50 120 2.1
498 75 172.5 4.3
499 0 0 2.2
499 25 55 2.6
499 50 120 2.1
499 75 172.5 4.3
