100 4
0 0 0 2.6
0 25 65 1
0 50 90 4.8
0 75 210 1.9
1 0 0 2.6
1 25 65 1
1 50 90 4.8
1 75 210 1.9
2 0 0 2.6
2 25 65 1
2 50 90 4.8
2 75 210 1.9
3 0 0 2.6
3 25 65 1
3 50 90 4.8
3 75 210 1.9
4 0 0 2.6
4 25 65 1
4 50 90 4.8
4 75 210 1.9
5 0 0 2.6
5 25 65 1
5 50 90 4.8
5 75 210 1.9
6 0 0 2.6
6 25 65 1
6 50 90 4.8
6 75 210 1.9
7 0 0 2.6
7 25 65 1
7 50 90 4.8
7 75 210 1.9
8 0 0 2.6
8 25 65 1
8 50 90 4.8
8 75 210 1.9
9 0 0 2.6
9 25 65 1
9 50 90 4.8
9 75 210 1.9
10 0 0 2.6
10 25 65 1
10 50 90 4.8
10 75 210 1.9
11 0 0 2.6
11 25 65 1
11 50 90 4.8
11 75 210 1.9
12 0 0 2.6
12 25 65 1
12 50 90 4.8
12 75 210 1.9
13 0 0 2.6
13 25 65 1
13 50 90 4.8
13 75 210 1.9
14 0 0 2.6
14 25 65 1
14 50 90 4.8
14 75 210 1.9
15 0 0 2.6
15 25 65 1
15 50 90 4.8
15 75 210 1.9
16 0 0 2.6
16 25 65 1
16 50 90 4.8
16 75 210 1.9
17 0 0 2.6
17 25 65 1
17 50 90 4.8
17 75 210 1.9
18 0 0 2.6
18 25 65 1
18 50 90 4.8
18 75 210 1.9
19 0 0 2.6
19 25 65 1
19 50 90 4.8
19 75 210 1.9
20 0 0 2.6
20 25 65 1
20 50 90 4.8
20 75 210 1.9
21 0 0 2.6
21 25 65 1
21 50 90 4.8
21 75 210 1.9
22 0 0 2.6
22 25 65 1
22 50 90 4.8
22 75 210 1.9
23 0 0 2.6
23 25 65 1
23 50 90 4.8
23 75 210 1.9
24 0 0 2.6
24 25 65 1
24 50 90 4.8
24 75 210 1.9
25 0 0 2.6
25 25 65 1
25 50 90 4.8
25 75 210 1.9
26 0 0 2.6
26 25 65 1
26 50 90 4.8
26 75 210 1.9
27 0 0 2.6
27 25 65 1
27 50 90 4.8
27 75 210 1.9
28 0 0 2.6
28 25 65 1
28 50 90 4.8
28 75 210 1.9
29 0 0 2.6
29 25 65 1
29 50 90 4.8
29 75 210 1.9
30 0 0 2.6
30 25 65 1
30 50 90 4.8
30 75 210 1.9
31 0 0 2.6
31 25 65 1
31 50 90 4.8
31 75 210 1.9
32 0 0 2.6
32 25 65 1
32 50 90 4.8
32 75 210 1.9
33 0 0 2.6
33 25 65 1
33 50 90 4.8
33 75 210 1.9
34 0 0 2.6
34 25 65 1
34 50 90 4.8
34 75 210 1.9
35 0 0 2.6
35 25 65 1
35 50 90 4.8
35 75 210 1.9
36 0 0 2.6
36 25 65 1
36 50 90 4.8
36 75 210 1.9
37 0 0 2.6
37 25 65 1
37 50 90 4.8
37 75 210 1.9
38 0 0 2.6
38 25 65 1
38 50 90 4.8
38 75 210 1.9
39 0 0 2.6
39 25 65 1
39 50 90 4.8
39 75 210 1.9
40 0 0 2.6
40 25 65 1
40 50 90 4.8
40 75 210 1.9
41 0 0 2.6
41 25 65 1
41 50 90 4.8
41 75 210 1.9
42 0 0 2.6
42 25 65 1
42 50 90 4.8
42 75 210 1.9
43 0 0 2.6
43 25 65 1
43 50 90 4.8
43 75 210 1.9
44 0 0 2.6
44 25 65 1
44 50 90 4.8
44 75 210 1.9
45 0 0 2.6
45 25 65 1
45 50 90 4.8
45 75 210 1.9
46 0 0 2.6
46 25 65 1
46 50 90 4.8
46 75 210 1.9
47 0 0 2.6
47 25 65 1
47 50 90 4.8
47 75 210 1.9
48 0 0 2.6
48 25 65 1
48 50 90 4.8
48 75 210 1.9
49 0 0 2.6
49 25 65 1
49 50 90 4.8
49 75 210 1.9
50 0 0 2.6
50 25 65 1
50 50 90 4.8
50 75 210 1.9
51 0 0 2.6
51 25 65 1
51 50 90 4.8
51 75 210 1.9
52 0 0 2.6
52 25 65 1
52 50 90 4.8
52 75 210 1.9
53 0 0 2.6
53 25 65 1
53 50 90 4.8
53 75 210 1.9
54 0 0 2.6
54 25 65 1
54 50 90 4.8
54 75 210 1.9
55 0 0 2.6
55 25 65 1
55 50 90 4.8
55 75 210 1.9
56 0 0 2.6
56 25 65 1
56 50 90 4.8
56 75 210 1.9
57 0 0 2.6
57 25 65 1
57 50 90 4.8
57 75 210 1.9
58 0 0 2.6
58 25 65 1
58 50 90 4.8
58 75 210 1.9
59 0 0 2.6
59 25 65 1
59 50 90 4.8
59 75 210 1.9
60 0 0 2.6
60 25 65 1
60 50 90 4.8
60 75 210 1.9
61 0 0 2.6
61 25 65 1
61 50 90 4.8
61 75 210 1.9
62 0 0 2.6
62 25 65 1
62 50 90 4.8
62 75 210 1.9
63 0 0 2.6
63 25 65 1
63 50 90 4.8
63 75 210 1.9
64 0 0 2.6
64 25 65 1
64 50 90 4.8
64 75 210 1.9
65 0 0 2.6
65 25 65 1
65 50 90 4.8
65 75 210 1.9
66 0 0 2.6
66 25 65 1
66 50 90 4.8
66 75 210 1.9
67 0 0 2.6
67 25 65 1
67 50 90 4.8
67 75 210 1.9
68 0 0 2.6
68 25 65 1
68 50 90 4.8
68 75 210 1.9
69 0 0 2.6
69 25 65 1
69 50 90 4.8
69 75 210 1.9
70 0 0 2.6
70 25 65 1
70 50 90 4.8
70 75 210 1.9
71 0 0 2.6
71 25 65 1
71 50 90 4.8
71 75 210 1.9
72 0 0 2.6
72 25 65 1
72 50 90 4.8
72 75 210 1.9
73 0 0 2.6
73 25 65 1
73 50 90 4.8
73 75 210 1.9
74 0 0 2.6
74 25 65 1
74 50 90 4.8
74 75 210 1.9
75 0 0 2.6
75 25 65 1
75 50 90 4.8
75 75 210 1.9
76 0 0 2.6
76 25 65 1
76 50 90 4.8
76 75 210 1.9
77 0 0 2.6
77 25 65 1
77 50 90 4.8
77 75 210 1.9
78 0 0 2.6
78 25 65 1
78 50 90 4.8
78 75 210 1.9
79 0 0 2.6
79 25 65 1
79 50 90 4.8
79 75 210 1.9
80 0 0 2.6
80 25 65 1
80 50 90 4.8
80 75 210 1.9
81 0 0 2.6
81 25 65 1
81 50 90 4.8
81 75 210 1.9
82 0 0 2.6
82 25 65 1
82 50 90 4.8
82 75 210 1.9
83 0 0 2.6
83 25 65 1
83 50 90 4.8
83 75 210 1.9
84 0 0 2.6
84 25 65 1
84 50 90 4.8
84 75 210 1.9
85 0 0 2.6
85 25 65 1
85 50 90 4.8
85 75 210 1.9
86 0 0 2.6
86 25 65 1
86 50 90 4.8
86 75 210 1.9
87 0 0 2.6
87 25 65 1
87 50 90 4.8
87 75 210 1.9
88 0 0 2.6
88 25 65 1
88 50 90 4.8
88 75 210 1.9
89 0 0 2.6
89 25 65 1
89 50 90 4.8
89 75 210 1.9
90 0 0 2.6
90 25 65 1
90 50 90 4.8
90 75 210 1.9
91 0 0 2.6
91 25 65 1
91 50 90 4.8
91 75 210 1.9
92 0 0 2.6
92 25 65 1
92 50 90 4.8
92 75 210 1.9
93 0 0 2.6
93 25 65 1
93 50 90 4.8
93 75 210 1.9
94 0 0 2.6
94 25 65 1
94 50 90 4.8
94 75 210 1.9
95 0 0 2.6
95 25 65 1
95 50 90 4.8
95 75 210 1.9
96 0 0 2.6
96 25 65 1
96 50 90 4.8
96 75 210 1.9
97 0 0 2.6
97 25 65 1
97 50 90 4.8
97 75 210 1.9
98 0 0 2.6
98 25 65 1
98 50 90 4.8
98 75 210 1.9
99 0 0 2.6
99 25 65 1
99 50 90 4.8
99 75 210 1.9
