100 4
0 0 0 3.5
0 25 87.5 2.5
0 50 150 3.4
0 75 235 3.5
1 0 0 3.5
1 25 87.5 2.5
1 50 150 3.4
1 75 235 3.5
2 0 0 3.5
2 25 87.5 2.5
2 50 150 3.4
2 75 235 3.5
3 0 0 3.5
3 25 87.5 2.5
3 50 150 3.4
3 75 235 3.5
4 0 0 3.5
4 25 87.5 2.5
4 50 150 3.4
4 75 235 3.5
5 0 0 3.5
5 25 87.5 2.5
5 50 150 3.4
5 75 235 3.5
6 0 0 3.5
6 25 87.5 2.5
6 50 150 3.4
6 75 235 3.5
7 0 0 3.5
7 25 87.5 2.5
7 50 150 3.4
7 75 235 3.5
8 0 0 3.5
8 25 87.5 2.5
8 50 150 3.4
8 75 235 3.5
9 0 0 3.5
9 25 87.5 2.5
9 50 150 3.4
9 75 235 3.5
10 0 0 3.5
10 25 87.5 2.5
10 50 150 3.4
10 75 235 3.5
11 0 0 3.5
11 25 87.5 2.5
11 50 150 3.4
11 75 235 3.5
12 0 0 3.5
12 25 87.5 2.5
12 50 150 3.4
12 75 235 3.5
13 0 0 3.5
13 25 87.5 2.5
13 50 150 3.4
13 75 235 3.5
14 0 0 3.5
14 25 87.5 2.5
14 50 150 3.4
14 75 235 3.5
15 0 0 3.5
15 25 87.5 2.5
15 50 150 3.4
15 75 235 3.5
16 0 0 3.5
16 25 87.5 2.5
16 50 150 3.4
16 75 235 3.5
17 0 0 3.5
17 25 87.5 2.5
17 50 150 3.4
17 75 235 3.5
18 0 0 3.5
18 25 87.5 2.5
18 50 150 3.4
18 75 235 3.5
19 0 0 3.5
19 25 87.5 2.5
19 50 150 3.4
19 75 235 3.5
20 0 0 3.5
20 25 87.5 2.5
20 50 150 3.4
20 75 235 3.5
21 0 0 3.5
21 25 87.5 2.5
21 50 150 3.4
21 75 235 3.5
22 0 0 3.5
22 25 87.5 2.5
22 50 150 3.4
22 75 235 3.5
23 0 0 3.5
23 25 87.5 2.5
23 50 150 3.4
23 75 235 3.5
24 0 0 3.5
24 25 87.5 2.5
24 50 150 3.4
24 75 235 3.5
25 0 0 3.5
25 25 87.5 2.5
25 50 150 3.4
25 75 235 3.5
26 0 0 3.5
26 25 87.5 2.5
26 50 150 3.4
26 75 235 3.5
27 0 0 3.5
27 25 87.5 2.5
27 50 150 3.4
27 75 235 3.5
28 0 0 3.5
28 25 87.5 2.5
28 50 150 3.4
28 75 235 3.5
29 0 0 3.5
29 25 87.5 2.5
29 50 150 3.4
29 75 235 3.5
30 0 0 3.5
30 25 87.5 2.5
30 50 150 3.4
30 75 235 3.5
31 0 0 3.5
31 25 87.5 2.5
31 50 150 3.4
31 75 235 3.5
32 0 0 3.5
32 25 87.5 2.5
32 50 150 3.4
32 75 235 3.5
33 0 0 3.5
33 25 87.5 2.5
33 50 150 3.4
33 75 235 3.5
34 0 0 3.5
34 25 87.5 2.5
34 50 150 3.4
34 75 235 3.5
35 0 0 3.5
35 25 87.5 2.5
35 50 150 3.4
35 75 235 3.5
36 0 0 3.5
36 25 87.5 2.5
36 50 150 3.4
36 75 235 3.5
37 0 0 3.5
37 25 87.5 2.5
37 50 150 3.4
37 75 235 3.5
38 0 0 3.5
38 25 87.5 2.5
38 50 150 3.4
38 75 235 3.5
39 0 0 3.5
39 25 87.5 2.5
39 50 150 3.4
39 75 235 3.5
40 0 0 3.5
40 25 87.5 2.5
40 50 150 3.4
40 75 235 3.5
41 0 0 3.5
41 25 87.5 2.5
41 50 150 3.4
41 75 235 3.5
42 0 0 3.5
42 25 87.5 2.5
42 50 150 3.4
42 75 235 3.5
43 0 0 3.5
43 25 87.5 2.5
43 50 150 3.4
43 75 235 3.5
44 0 0 3.5
44 25 87.5 2.5
44 50 150 3.4
44 75 235 3.5
45 0 0 3.5
45 25 87.5 2.5
45 50 150 3.4
45 75 235 3.5
46 0 0 3.5
46 25 87.5 2.5
46 50 150 3.4
46 75 235 3.5
47 0 0 3.5
47 25 87.5 2.5
47 50 150 3.4
47 75 235 3.5
48 0 0 3.5
48 25 87.5 2.5
48 50 150 3.4
48 75 235 3.5
49 0 0 3.5
49 25 87.5 2.5
49 50 150 3.4
49 75 235 3.5
50 0 0 3.5
50 25 87.5 2.5
50 50 150 3.4
50 75 235 3.5
51 0 0 3.5
51 25 87.5 2.5
51 50 150 3.4
51 75 235 3.5
52 0 0 3.5
52 25 87.5 2.5
52 50 150 3.4
52 75 235 3.5
53 0 0 3.5
53 25 87.5 2.5
53 50 150 3.4
53 75 235 3.5
54 0 0 3.5
54 25 87.5 2.5
54 50 150 3.4
54 75 235 3.5
55 0 0 3.5
55 25 87.5 2.5
55 50 150 3.4
55 75 235 3.5
56 0 0 3.5
56 25 87.5 2.5
56 50 150 3.4
56 75 235 3.5
57 0 0 3.5
57 25 87.5 2.5
57 50 150 3.4
57 75 235 3.5
58 0 0 3.5
58 25 87.5 2.5
58 50 150 3.4
58 75 235 3.5
59 0 0 3.5
59 25 87.5 2.5
59 50 150 3.4
59 75 235 3.5
60 0 0 3.5
60 25 87.5 2.5
60 50 150 3.4
60 75 235 3.5
61 0 0 3.5
61 25 87.5 2.5
61 50 150 3.4
61 75 235 3.5
62 0 0 3.5
62 25 87.5 2.5
62 50 150 3.4
62 75 235 3.5
63 0 0 3.5
63 25 87.5 2.5
63 50 150 3.4
63 75 235 3.5
64 0 0 3.5
64 25 87.5 2.5
64 50 150 3.4
64 75 235 3.5
65 0 0 3.5
65 25 87.5 2.5
65 50 150 3.4
65 75 235 3.5
66 0 0 3.5
66 25 87.5 2.5
66 50 150 3.4
66 75 235 3.5
67 0 0 3.5
67 25 87.5 2.5
67 50 150 3.4
67 75 235 3.5
68 0 0 3.5
68 25 87.5 2.5
68 50 150 3.4
68 75 235 3.5
69 0 0 3.5
69 25 87.5 2.5
69 50 150 3.4
69 75 235 3.5
70 0 0 3.5
70 25 87.5 2.5
70 50 150 3.4
70 75 235 3.5
71 0 0 3.5
71 25 87.5 2.5
71 50 150 3.4
71 75 235 3.5
72 0 0 3.5
72 25 87.5 2.5
72 50 150 3.4
72 75 235 3.5
73 0 0 3.5
73 25 87.5 2.5
73 50 150 3.4
73 75 235 3.5
74 0 0 3.5
74 25 87.5 2.5
74 50 150 3.4
74 75 235 3.5
75 0 0 3.5
75 25 87.5 2.5
75 50 150 3.4
75 75 235 3.5
76 0 0 3.5
76 25 87.5 2.5
76 50 150 3.4
76 75 235 3.5
77 0 0 3.5
77 25 87.5 2.5
77 50 150 3.4
77 75 235 3.5
78 0 0 3.5
78 25 87.5 2.5
78 50 150 3.4
78 75 235 3.5
79 0 0 3.5
79 25 87.5 2.5
79 50 150 3.4
79 75 235 3.5
80 0 0 3.5
80 25 87.5 2.5
80 50 150 3.4
80 75 235 3.5
81 0 0 3.5
81 25 87.5 2.5
81 50 150 3.4
81 75 235 3.5
82 0 0 3.5
82 25 87.5 2.5
82 50 150 3.4
82 75 235 3.5
83 0 0 3.5
83 25 87.5 2.5
83 50 150 3.4
83 75 235 3.5
84 0 0 3.5
84 25 87.5 2.5
84 50 150 3.4
84 75 235 3.5
85 0 0 3.5
85 25 87.5 2.5
85 50 150 3.4
85 75 235 3.5
86 0 0 3.5
86 25 87.5 2.5
86 50 150 3.4
86 75 235 3.5
87 0 0 3.5
87 25 87.5 2.5
87 50 150 3.4
87 75 235 3.5
88 0 0 3.5
88 25 87.5 2.5
88 50 150 3.4
88 75 235 3.5
89 0 0 3.5
89 25 87.5 2.5
89 50 150 3.4
89 75 235 3.5
90 0 0 3.5
90 25 87.5 2.5
90 50 150 3.4
90 75 235 3.5
91 0 0 3.5
91 25 87.5 2.5
91 50 150 3.4
91 75 235 3.5
92 0 0 3.5
92 25 87.5 2.5
92 50 150 3.4
92 75 235 3.5
93 0 0 3.5
93 25 87.5 2.5
93 50 150 3.4
93 75 235 3.5
94 0 0 3.5
94 25 87.5 2.5
94 50 150 3.4
94 75 235 3.5
95 0 0 3.5
95 25 87.5 2.5
95 50 150 3.4
95 75 235 3.5
96 0 0 3.5
96 25 87.5 2.5
96 50 150 3.4
96 75 235 3.5
97 0 0 3.5
97 25 87.5 2.5
97 50 150 3.4
97 75 235 3.5
98 0 0 3.5
98 25 87.5 2.5
98 50 150 3.4
98 75 235 3.5
99 0 0 3.5
99 25 87.5 2.5
99 50 150 3.4
99 75 235 3.5
