500 10
0 0 0 4
0 200 800 3.7
0 400 1540 3.9
0 600 2320 3.5
0 800 3020 2.5
0 1000 3520 2.1
0 1200 3940 4.4
0 1400 4820 4.1
0 1600 5640 3.5
0 1800 6340 4.8
1 0 0 4
1 200 800 3.7
1 400 1540 3.9
1 600 2320 3.5
1 800 3020 2.5
1 1000 3520 2.1
1 1200 3940 4.4
1 1400 4820 4.1
1 1600 5640 3.5
1 1800 6340 4.8
2 0 0 4
2 200 800 3.7
2 400 1540 3.9
2 600 2320 3.5
2 800 3020 2.5
2 1000 3520 2.1
2 1200 3940 4.4
2 1400 4820 4.1
2 1600 5640 3.5
2 1800 6340 4.8
3 0 0 4
3 200 800 3.7
3 400 1540 3.9
3 600 2320 3.5
3 800 3020 2.5
3 1000 3520 2.1
3 1200 3940 4.4
3 1400 4820 4.1
3 1600 5640 3.5
3 1800 6340 4.8
4 0 0 4
4 200 800 3.7
4 400 1540 3.9
4 600 2320 3.5
4 800 3020 2.5
4 1000 3520 2.1
4 1200 3940 4.4
4 1400 4820 4.1
4 1600 5640 3.5
4 1800 6340 4.8
5 0 0 4
5 200 800 3.7
5 400 1540 3.9
5 600 2320 3.5
5 800 3020 2.5
5 1000 3520 2.1
5 1200 3940 4.4
5 1400 4820 4.1
5 1600 5640 3.5
5 1800 6340 4.8
6 0 0 4
6 200 800 3.7
6 400 1540 3.9
6 600 2320 3.5
6 800 3020 2.5
6 1000 3520 2.1
6 1200 3940 4.4
6 1400 4820 4.1
6 1600 5640 3.5
6 1800 6340 4.8
7 0 0 4
7 200 800 3.7
7 400 1540 3.9
7 600 2320 3.5
7 800 3020 2.5
7 1000 3520 2.1
7 1200 3940 4.4
7 1400 4820 4.1
7 1600 5640 3.5
7 1800 6340 4.8
8 0 0 4
8 200 800 3.7
8 400 1540 3.9
8 600 2320 3.5
8 800 3020 2.5
8 1000 3520 2.1
8 1200 3940 4.4
8 1400 4820 4.1
8 1600 5640 3.5
8 1800 6340 4.8
9 0 0 4
9 200 800 3.7
9 400 1540 3.9
9 600 2320 3.5
9 800 3020 2.5
9 1000 3520 2.1
9 1200 3940 4.4
9 1400 4820 4.1
9 1600 5640 3.5
9 1800 6340 4.8
10 0 0 4
10 200 800 3.7
10 400 1540 3.9
10 600 2320 3.5
10 800 3020 2.5
10 1000 3520 2.1
10 1200 3940 4.4
10 1400 4820 4.1
10 1600 5640 3.5
10 1800 6340 4.8
11 0 0 4
11 200 800 3.7
11 400 1540 3.9
11 600 2320 3.5
11 800 3020 2.5
11 1000 3520 2.1
11 1200 3940 4.4
11 1400 4820 4.1
11 1600 5640 3.5
11 1800 6340 4.8
12 0 0 4
12 200 800 3.7
12 400 1540 3.9
12 600 2320 3.5
12 800 3020 2.5
12 1000 3520 2.1
12 1200 3940 4.4
12 1400 4820 4.1
12 1600 5640 3.5
12 1800 6340 4.8
13 0 0 4
13 200 800 3.7
13 400 1540 3.9
13 600 2320 3.5
13 800 3020 2.5
13 1000 3520 2.1
13 1200 3940 4.4
13 1400 4820 4.1
13 1600 5640 3.5
13 1800 6340 4.8
14 0 0 4
14 200 800 3.7
14 400 1540 3.9
14 600 2320 3.5
14 800 3020 2.5
14 1000 3520 2.1
14 1200 3940 4.4
14 1400 4820 4.1
14 1600 5640 3.5
14 1800 6340 4.8
15 0 0 4
15 200 800 3.7
15 400 1540 3.9
15 600 2320 3.5
15 800 3020 2.5
15 1000 3520 2.1
15 1200 3940 4.4
15 1400 4820 4.1
15 1600 5640 3.5
15 1800 6340 4.8
16 0 0 4
16 200 800 3.7
16 400 1540 3.9
16 600 2320 3.5
16 800 3020 2.5
16 1000 3520 2.1
16 1200 3940 4.4
16 1400 4820 4.1
16 1600 5640 3.5
16 1800 6340 4.8
17 0 0 4
17 200 800 3.7
17 400 1540 3.9
17 600 2320 3.5
17 800 3020 2.5
17 1000 3520 2.1
17 1200 3940 4.4
17 1400 4820 4.1
17 1600 5640 3.5
17 1800 6340 4.8
18 0 0 4
18 200 800 3.7
18 400 1540 3.9
18 600 2320 3.5
18 800 3020 2.5
18 1000 3520 2.1
18 1200 3940 4.4
18 1400 4820 4.1
18 1600 5640 3.5
18 1800 6340 4.8
19 0 0 4
19 200 800 3.7
19 400 1540 3.9
19 600 2320 3.5
19 800 3020 2.5
19 1000 3520 2.1
19 1200 3940 4.4
19 1400 4820 4.1
19 1600 5640 3.5
19 1800 6340 4.8
20 0 0 4
20 200 800 3.7
20 400 1540 3.9
20 600 2320 3.5
20 800 3020 2.5
20 1000 3520 2.1
20 1200 3940 4.4
20 1400 4820 4.1
20 1600 5640 3.5
20 1800 6340 4.8
21 0 0 4
21 200 800 3.7
21 400 1540 3.9
21 600 2320 3.5
21 800 3020 2.5
21 1000 3520 2.1
21 1200 3940 4.4
21 1400 4820 4.1
21 1600 5640 3.5
21 1800 6340 4.8
22 0 0 4
22 200 800 3.7
22 400 1540 3.9
22 600 2320 3.5
22 800 3020 2.5
22 1000 3520 2.1
22 1200 3940 4.4
22 1400 4820 4.1
22 1600 5640 3.5
22 1800 6340 4.8
23 0 0 4
23 200 800 3.7
23 400 1540 3.9
23 600 2320 3.5
23 800 3020 2.5
23 1000 3520 2.1
23 1200 3940 4.4
23 1400 4820 4.1
23 1600 5640 3.5
23 1800 6340 4.8
24 0 0 4
24 200 800 3.7
24 400 1540 3.9
24 600 2320 3.5
24 800 3020 2.5
24 1000 3520 2.1
24 1200 3940 4.4
24 1400 4820 4.1
24 1600 5640 3.5
24 1800 6340 4.8
25 0 0 4
25 200 800 3.7
25 400 1540 3.9
25 600 2320 3.5
25 800 3020 2.5
25 1000 3520 2.1
25 1200 3940 4.4
25 1400 4820 4.1
25 1600 5640 3.5
25 1800 6340 4.8
26 0 0 4
26 200 800 3.7
26 400 1540 3.9
26 600 2320 3.5
26 800 3020 2.5
26 1000 3520 2.1
26 1200 3940 4.4
26 1400 4820 4.1
26 1600 5640 3.5
26 1800 6340 4.8
27 0 0 4
27 200 800 3.7
27 400 1540 3.9
27 600 2320 3.5
27 800 3020 2.5
27 1000 3520 2.1
27 1200 3940 4.4
27 1400 4820 4.1
27 1600 5640 3.5
27 1800 6340 4.8
28 0 0 4
28 200 800 3.7
28 400 1540 3.9
28 600 2320 3.5
28 800 3020 2.5
28 1000 3520 2.1
28 1200 3940 4.4
28 1400 4820 4.1
28 1600 5640 3.5
28 1800 6340 4.8
29 0 0 4
29 200 800 3.7
29 400 1540 3.9
29 600 2320 3.5
29 800 3020 2.5
29 1000 3520 2.1
29 1200 3940 4.4
29 1400 4820 4.1
29 1600 5640 3.5
29 1800 6340 4.8
30 0 0 4
30 200 800 3.7
30 400 1540 3.9
30 600 2320 3.5
30 800 3020 2.5
30 1000 3520 2.1
30 1200 3940 4.4
30 1400 4820 4.1
30 1600 5640 3.5
30 1800 6340 4.8
31 0 0 4
31 200 800 3.7
31 400 1540 3.9
31 600 2320 3.5
31 800 3020 2.5
31 1000 3520 2.1
31 1200 3940 4.4
31 1400 4820 4.1
31 1600 5640 3.5
31 1800 6340 4.8
32 0 0 4
32 200 800 3.7
32 400 1540 3.9
32 600 2320 3.5
32 800 3020 2.5
32 1000 3520 2.1
32 1200 3940 4.4
32 1400 4820 4.1
32 1600 5640 3.5
32 1800 6340 4.8
33 0 0 4
33 200 800 3.7
33 400 1540 3.9
33 600 2320 3.5
33 800 3020 2.5
33 1000 3520 2.1
33 1200 3940 4.4
33 1400 4820 4.1
33 1600 5640 3.5
33 1800 6340 4.8
34 0 0 4
34 200 800 3.7
34 400 1540 3.9
34 600 2320 3.5
34 800 3020 2.5
34 1000 3520 2.1
34 1200 3940 4.4
34 1400 4820 4.1
34 1600 5640 3.5
34 1800 6340 4.8
35 0 0 4
35 200 800 3.7
35 400 1540 3.9
35 600 2320 3.5
35 800 3020 2.5
35 1000 3520 2.1
35 1200 3940 4.4
35 1400 4820 4.1
35 1600 5640 3.5
35 1800 6340 4.8
36 0 0 4
36 200 800 3.7
36 400 1540 3.9
36 600 2320 3.5
36 800 3020 2.5
36 1000 3520 2.1
36 1200 3940 4.4
36 1400 4820 4.1
36 1600 5640 3.5
36 1800 6340 4.8
37 0 0 4
37 200 800 3.7
37 400 1540 3.9
37 600 2320 3.5
37 800 3020 2.5
37 1000 3520 2.1
37 1200 3940 4.4
37 1400 4820 4.1
37 1600 5640 3.5
37 1800 6340 4.8
38 0 0 4
38 200 800 3.7
38 400 1540 3.9
38 600 2320 3.5
38 800 3020 2.5
38 1000 3520 2.1
38 1200 3940 4.4
38 1400 4820 4.1
38 1600 5640 3.5
38 1800 6340 4.8
39 0 0 4
39 200 800 3.7
39 400 1540 3.9
39 600 2320 3.5
39 800 3020 2.5
39 1000 3520 2.1
39 1200 3940 4.4
39 1400 4820 4.1
39 1600 5640 3.5
39 1800 6340 4.8
40 0 0 4
40 200 800 3.7
40 400 1540 3.9
40 600 2320 3.5
40 800 3020 2.5
40 1000 3520 2.1
40 1200 3940 4.4
40 1400 4820 4.1
40 1600 5640 3.5
40 1800 6340 4.8
41 0 0 4
41 200 800 3.7
41 400 1540 3.9
41 600 2320 3.5
41 800 3020 2.5
41 1000 3520 2.1
41 1200 3940 4.4
41 1400 4820 4.1
41 1600 5640 3.5
41 1800 6340 4.8
42 0 0 4
42 200 800 3.7
42 400 1540 3.9
42 600 2320 3.5
42 800 3020 2.5
42 1000 3520 2.1
42 1200 3940 4.4
42 1400 4820 4.1
42 1600 5640 3.5
42 1800 6340 4.8
43 0 0 4
43 200 800 3.7
43 400 1540 3.9
43 600 2320 3.5
43 800 3020 2.5
43 1000 3520 2.1
43 1200 3940 4.4
43 1400 4820 4.1
43 1600 5640 3.5
43 1800 6340 4.8
44 0 0 4
44 200 800 3.7
44 400 1540 3.9
44 600 2320 3.5
44 800 3020 2.5
44 1000 3520 2.1
44 1200 3940 4.4
44 1400 4820 4.1
44 1600 5640 3.5
44 1800 6340 4.8
45 0 0 4
45 200 800 3.7
45 400 1540 3.9
45 600 2320 3.5
45 800 3020 2.5
45 1000 3520 2.1
45 1200 3940 4.4
45 1400 4820 4.1
45 1600 5640 3.5
45 1800 6340 4.8
46 0 0 4
46 200 800 3.7
46 400 1540 3.9
46 600 2320 3.5
46 800 3020 2.5
46 1000 3520 2.1
46 1200 3940 4.4
46 1400 4820 4.1
46 1600 5640 3.5
46 1800 6340 4.8
47 0 0 4
47 200 800 3.7
47 400 1540 3.9
47 600 2320 3.5
47 800 3020 2.5
47 1000 3520 2.1
47 1200 3940 4.4
47 1400 4820 4.1
47 1600 5640 3.5
47 1800 6340 4.8
48 0 0 4
48 200 800 3.7
48 400 1540 3.9
48 600 2320 3.5
48 800 3020 2.5
48 1000 3520 2.1
48 1200 3940 4.4
48 1400 4820 4.1
48 1600 5640 3.5
48 1800 6340 4.8
49 0 0 4
49 200 800 3.7
49 400 1540 3.9
49 600 2320 3.5
49 800 3020 2.5
49 1000 3520 2.1
49 1200 3940 4.4
49 1400 4820 4.1
49 1600 5640 3.5
49 1800 6340 4.8
50 0 0 4
50 200 800 3.7
50 400 1540 3.9
50 600 2320 3.5
50 800 3020 2.5
50 1000 3520 2.1
50 1200 3940 4.4
50 1400 4820 4.1
50 1600 5640 3.5
50 1800 6340 4.8
51 0 0 4
51 200 800 3.7
51 400 1540 3.9
51 600 2320 3.5
51 800 3020 2.5
51 1000 3520 2.1
51 1200 3940 4.4
51 1400 4820 4.1
51 1600 5640 3.5
51 1800 6340 4.8
52 0 0 4
52 200 800 3.7
52 400 1540 3.9
52 600 2320 3.5
52 800 3020 2.5
52 1000 3520 2.1
52 1200 3940 4.4
52 1400 4820 4.1
52 1600 5640 3.5
52 1800 6340 4.8
53 0 0 4
53 200 800 3.7
53 400 1540 3.9
53 600 2320 3.5
53 800 3020 2.5
53 1000 3520 2.1
53 1200 3940 4.4
53 1400 4820 4.1
53 1600 5640 3.5
53 1800 6340 4.8
54 0 0 4
54 200 800 3.7
54 400 1540 3.9
54 600 2320 3.5
54 800 3020 2.5
54 1000 3520 2.1
54 1200 3940 4.4
54 1400 4820 4.1
54 1600 5640 3.5
54 1800 6340 4.8
55 0 0 4
55 200 800 3.7
55 400 1540 3.9
55 600 2320 3.5
55 800 3020 2.5
55 1000 3520 2.1
55 1200 3940 4.4
55 1400 4820 4.1
55 1600 5640 3.5
55 1800 6340 4.8
56 0 0 4
56 200 800 3.7
56 400 1540 3.9
56 600 2320 3.5
56 800 3020 2.5
56 1000 3520 2.1
56 1200 3940 4.4
56 1400 4820 4.1
56 1600 5640 3.5
56 1800 6340 4.8
57 0 0 4
57 200 800 3.7
57 400 1540 3.9
57 600 2320 3.5
57 800 3020 2.5
57 1000 3520 2.1
57 1200 3940 4.4
57 1400 4820 4.1
57 1600 5640 3.5
57 1800 6340 4.8
58 0 0 4
58 200 800 3.7
58 400 1540 3.9
58 600 2320 3.5
58 800 3020 2.5
58 1000 3520 2.1
58 1200 3940 4.4
58 1400 4820 4.1
58 1600 5640 3.5
58 1800 6340 4.8
59 0 0 4
59 200 800 3.7
59 400 1540 3.9
59 600 2320 3.5
59 800 3020 2.5
59 1000 3520 2.1
59 1200 3940 4.4
59 1400 4820 4.1
59 1600 5640 3.5
59 1800 6340 4.8
60 0 0 4
60 200 800 3.7
60 400 1540 3.9
60 600 2320 3.5
60 800 3020 2.5
60 1000 3520 2.1
60 1200 3940 4.4
60 1400 4820 4.1
60 1600 5640 3.5
60 1800 6340 4.8
61 0 0 4
61 200 800 3.7
61 400 1540 3.9
61 600 2320 3.5
61 800 3020 2.5
61 1000 3520 2.1
61 1200 3940 4.4
61 1400 4820 4.1
61 1600 5640 3.5
61 1800 6340 4.8
62 0 0 4
62 200 800 3.7
62 400 1540 3.9
62 600 2320 3.5
62 800 3020 2.5
62 1000 3520 2.1
62 1200 3940 4.4
62 1400 4820 4.1
62 1600 5640 3.5
62 1800 6340 4.8
63 0 0 4
63 200 800 3.7
63 400 1540 3.9
63 600 2320 3.5
63 800 3020 2.5
63 1000 3520 2.1
63 1200 3940 4.4
63 1400 4820 4.1
63 1600 5640 3.5
63 1800 6340 4.8
64 0 0 4
64 200 800 3.7
64 400 1540 3.9
64 600 2320 3.5
64 800 3020 2.5
64 1000 3520 2.1
64 1200 3940 4.4
64 1400 4820 4.1
64 1600 5640 3.5
64 1800 6340 4.8
65 0 0 4
65 200 800 3.7
65 400 1540 3.9
65 600 2320 3.5
65 800 3020 2.5
65 1000 3520 2.1
65 1200 3940 4.4
65 1400 4820 4.1
65 1600 5640 3.5
65 1800 6340 4.8
66 0 0 4
66 200 800 3.7
66 400 1540 3.9
66 600 2320 3.5
66 800 3020 2.5
66 1000 3520 2.1
66 1200 3940 4.4
66 1400 4820 4.1
66 1600 5640 3.5
66 1800 6340 4.8
67 0 0 4
67 200 800 3.7
67 400 1540 3.9
67 600 2320 3.5
67 800 3020 2.5
67 1000 3520 2.1
67 1200 3940 4.4
67 1400 4820 4.1
67 1600 5640 3.5
67 1800 6340 4.8
68 0 0 4
68 200 800 3.7
68 400 1540 3.9
68 600 2320 3.5
68 800 3020 2.5
68 1000 3520 2.1
68 1200 3940 4.4
68 1400 4820 4.1
68 1600 5640 3.5
68 1800 6340 4.8
69 0 0 4
69 200 800 3.7
69 400 1540 3.9
69 600 2320 3.5
69 800 3020 2.5
69 1000 3520 2.1
69 1200 3940 4.4
69 1400 4820 4.1
69 1600 5640 3.5
69 1800 6340 4.8
70 0 0 4
70 200 800 3.7
70 400 1540 3.9
70 600 2320 3.5
70 800 3020 2.5
70 1000 3520 2.1
70 1200 3940 4.4
70 1400 4820 4.1
70 1600 5640 3.5
70 1800 6340 4.8
71 0 0 4
71 200 800 3.7
71 400 1540 3.9
71 600 2320 3.5
71 800 3020 2.5
71 1000 3520 2.1
71 1200 3940 4.4
71 1400 4820 4.1
71 1600 5640 3.5
71 1800 6340 4.8
72 0 0 4
72 200 800 3.7
72 400 1540 3.9
72 600 2320 3.5
72 800 3020 2.5
72 1000 3520 2.1
72 1200 3940 4.4
72 1400 4820 4.1
72 1600 5640 3.5
72 1800 6340 4.8
73 0 0 4
73 200 800 3.7
73 400 1540 3.9
73 600 2320 3.5
73 800 3020 2.5
73 1000 3520 2.1
73 1200 3940 4.4
73 1400 4820 4.1
73 1600 5640 3.5
73 1800 6340 4.8
74 0 0 4
74 200 800 3.7
74 400 1540 3.9
74 600 2320 3.5
74 800 3020 2.5
74 1000 3520 2.1
74 1200 3940 4.4
74 1400 4820 4.1
74 1600 5640 3.5
74 1800 6340 4.8
75 0 0 4
75 200 800 3.7
75 400 1540 3.9
75 600 2320 3.5
75 800 3020 2.5
75 1000 3520 2.1
75 1200 3940 4.4
75 1400 4820 4.1
75 1600 5640 3.5
75 1800 6340 4.8
76 0 0 4
76 200 800 3.7
76 400 1540 3.9
76 600 2320 3.5
76 800 3020 2.5
76 1000 3520 2.1
76 1200 3940 4.4
76 1400 4820 4.1
76 1600 5640 3.5
76 1800 6340 4.8
77 0 0 4
77 200 800 3.7
77 400 1540 3.9
77 600 2320 3.5
77 800 3020 2.5
77 1000 3520 2.1
77 1200 3940 4.4
77 1400 4820 4.1
77 1600 5640 3.5
77 1800 6340 4.8
78 0 0 4
78 200 800 3.7
78 400 1540 3.9
78 600 2320 3.5
78 800 3020 2.5
78 1000 3520 2.1
78 1200 3940 4.4
78 1400 4820 4.1
78 1600 5640 3.5
78 1800 6340 4.8
79 0 0 4
79 200 800 3.7
79 400 1540 3.9
79 600 2320 3.5
79 800 3020 2.5
79 1000 3520 2.1
79 1200 3940 4.4
79 1400 4820 4.1
79 1600 5640 3.5
79 1800 6340 4.8
80 0 0 4
80 200 800 3.7
80 400 1540 3.9
80 600 2320 3.5
80 800 3020 2.5
80 1000 3520 2.1
80 1200 3940 4.4
80 1400 4820 4.1
80 1600 5640 3.5
80 1800 6340 4.8
81 0 0 4
81 200 800 3.7
81 400 1540 3.9
81 600 2320 3.5
81 800 3020 2.5
81 1000 3520 2.1
81 1200 3940 4.4
81 1400 4820 4.1
81 1600 5640 3.5
81 1800 6340 4.8
82 0 0 4
82 200 800 3.7
82 400 1540 3.9
82 600 2320 3.5
82 800 3020 2.5
82 1000 3520 2.1
82 1200 3940 4.4
82 1400 4820 4.1
82 1600 5640 3.5
82 1800 6340 4.8
83 0 0 4
83 200 800 3.7
83 400 1540 3.9
83 600 2320 3.5
83 800 3020 2.5
83 1000 3520 2.1
83 1200 3940 4.4
83 1400 4820 4.1
83 1600 5640 3.5
83 1800 6340 4.8
84 0 0 4
84 200 800 3.7
84 400 1540 3.9
84 600 2320 3.5
84 800 3020 2.5
84 1000 3520 2.1
84 1200 3940 4.4
84 1400 4820 4.1
84 1600 5640 3.5
84 1800 6340 4.8
85 0 0 4
85 200 800 3.7
85 400 1540 3.9
85 600 2320 3.5
85 800 3020 2.5
85 1000 3520 2.1
85 1200 3940 4.4
85 1400 4820 4.1
85 1600 5640 3.5
85 1800 6340 4.8
86 0 0 4
86 200 800 3.7
86 400 1540 3.9
86 600 2320 3.5
86 800 3020 2.5
86 1000 3520 2.1
86 1200 3940 4.4
86 1400 4820 4.1
86 1600 5640 3.5
86 1800 6340 4.8
87 0 0 4
87 200 800 3.7
87 400 1540 3.9
87 600 2320 3.5
87 800 3020 2.5
87 1000 3520 2.1
87 1200 3940 4.4
87 1400 4820 4.1
87 1600 5640 3.5
87 1800 6340 4.8
88 0 0 4
88 200 800 3.7
88 400 1540 3.9
88 600 2320 3.5
88 800 3020 2.5
88 1000 3520 2.1
88 1200 3940 4.4
88 1400 4820 4.1
88 1600 5640 3.5
88 1800 6340 4.8
89 0 0 4
89 200 800 3.7
89 400 1540 3.9
89 600 2320 3.5
89 800 3020 2.5
89 1000 3520 2.1
89 1200 3940 4.4
89 1400 4820 4.1
89 1600 5640 3.5
89 1800 6340 4.8
90 0 0 4
90 200 800 3.7
90 400 1540 3.9
90 600 2320 3.5
90 800 3020 2.5
90 1000 3520 2.1
90 1200 3940 4.4
90 1400 4820 4.1
90 1600 5640 3.5
90 1800 6340 4.8
91 0 0 4
91 200 800 3.7
91 400 1540 3.9
91 600 2320 3.5
91 800 3020 2.5
91 1000 3520 2.1
91 1200 3940 4.4
91 1400 4820 4.1
91 1600 5640 3.5
91 1800 6340 4.8
92 0 0 4
92 200 800 3.7
92 400 1540 3.9
92 600 2320 3.5
92 800 3020 2.5
92 1000 3520 2.1
92 1200 3940 4.4
92 1400 4820 4.1
92 1600 5640 3.5
92 1800 6340 4.8
93 0 0 4
93 200 800 3.7
93 400 1540 3.9
93 600 2320 3.5
93 800 3020 2.5
93 1000 3520 2.1
93 1200 3940 4.4
93 1400 4820 4.1
93 1600 5640 3.5
93 1800 6340 4.8
94 0 0 4
94 200 800 3.7
94 400 1540 3.9
94 600 2320 3.5
94 800 3020 2.5
94 1000 3520 2.1
94 1200 3940 4.4
94 1400 4820 4.1
94 1600 5640 3.5
94 1800 6340 4.8
95 0 0 4
95 200 800 3.7
95 400 1540 3.9
95 600 2320 3.5
95 800 3020 2.5
95 1000 3520 2.1
95 1200 3940 4.4
95 1400 4820 4.1
95 1600 5640 3.5
95 1800 6340 4.8
96 0 0 4
96 200 800 3.7
96 400 1540 3.9
96 600 2320 3.5
96 800 3020 2.5
96 1000 3520 2.1
96 1200 3940 4.4
96 1400 4820 4.1
96 1600 5640 3.5
96 1800 6340 4.8
97 0 0 4
97 200 800 3.7
97 400 1540 3.9
97 600 2320 3.5
97 800 3020 2.5
97 1000 3520 2.1
97 1200 3940 4.4
97 1400 4820 4.1
97 1600 5640 3.5
97 1800 6340 4.8
98 0 0 4
98 200 800 3.7
98 400 1540 3.9
98 600 2320 3.5
98 800 3020 2.5
98 1000 3520 2.1
98 1200 3940 4.4
98 1400 4820 4.1
98 1600 5640 3.5
98 1800 6340 4.8
99 0 0 4
99 200 800 3.7
99 400 1540 3.9
99 600 2320 3.5
99 800 3020 2.5
99 1000 3520 2.1
99 1200 3940 4.4
99 1400 4820 4.1
99 1600 5640 3.5
99 1800 6340 4.8
100 0 0 4
100 200 800 3.7
100 400 1540 3.9
100 600 2320 3.5
100 800 3020 2.5
100 1000 3520 2.1
100 1200 3940 4.4
100 1400 4820 4.1
100 1600 5640 3.5
100 1800 6340 4.8
101 0 0 4
101 200 800 3.7
101 400 1540 3.9
101 600 2320 3.5
101 800 3020 2.5
101 1000 3520 2.1
101 1200 3940 4.4
101 1400 4820 4.1
101 1600 5640 3.5
101 1800 6340 4.8
102 0 0 4
102 200 800 3.7
102 400 1540 3.9
102 600 2320 3.5
102 800 3020 2.5
102 1000 3520 2.1
102 1200 3940 4.4
102 1400 4820 4.1
102 1600 5640 3.5
102 1800 6340 4.8
103 0 0 4
103 200 800 3.7
103 400 1540 3.9
103 600 2320 3.5
103 800 3020 2.5
103 1000 3520 2.1
103 1200 3940 4.4
103 1400 4820 4.1
103 1600 5640 3.5
103 1800 6340 4.8
104 0 0 4
104 200 800 3.7
104 400 1540 3.9
104 600 2320 3.5
104 800 3020 2.5
104 1000 3520 2.1
104 1200 3940 4.4
104 1400 4820 4.1
104 1600 5640 3.5
104 1800 6340 4.8
105 0 0 4
105 200 800 3.7
105 400 1540 3.9
105 600 2320 3.5
105 800 3020 2.5
105 1000 3520 2.1
105 1200 3940 4.4
105 1400 4820 4.1
105 1600 5640 3.5
105 1800 6340 4.8
106 0 0 4
106 200 800 3.7
106 400 1540 3.9
106 600 2320 3.5
106 800 3020 2.5
106 1000 3520 2.1
106 1200 3940 4.4
106 1400 4820 4.1
106 1600 5640 3.5
106 1800 6340 4.8
107 0 0 4
107 200 800 3.7
107 400 1540 3.9
107 600 2320 3.5
107 800 3020 2.5
107 1000 3520 2.1
107 1200 3940 4.4
107 1400 4820 4.1
107 1600 5640 3.5
107 1800 6340 4.8
108 0 0 4
108 200 800 3.7
108 400 1540 3.9
108 600 2320 3.5
108 800 3020 2.5
108 1000 3520 2.1
108 1200 3940 4.4
108 1400 4820 4.1
108 1600 5640 3.5
108 1800 6340 4.8
109 0 0 4
109 200 800 3.7
109 400 1540 3.9
109 600 2320 3.5
109 800 3020 2.5
109 1000 3520 2.1
109 1200 3940 4.4
109 1400 4820 4.1
109 1600 5640 3.5
109 1800 6340 4.8
110 0 0 4
110 200 800 3.7
110 400 1540 3.9
110 600 2320 3.5
110 800 3020 2.5
110 1000 3520 2.1
110 1200 3940 4.4
110 1400 4820 4.1
110 1600 5640 3.5
110 1800 6340 4.8
111 0 0 4
111 200 800 3.7
111 400 1540 3.9
111 600 2320 3.5
111 800 3020 2.5
111 1000 3520 2.1
111 1200 3940 4.4
111 1400 4820 4.1
111 1600 5640 3.5
111 1800 6340 4.8
112 0 0 4
112 200 800 3.7
112 400 1540 3.9
112 600 2320 3.5
112 800 3020 2.5
112 1000 3520 2.1
112 1200 3940 4.4
112 1400 4820 4.1
112 1600 5640 3.5
112 1800 6340 4.8
113 0 0 4
113 200 800 3.7
113 400 1540 3.9
113 600 2320 3.5
113 800 3020 2.5
113 1000 3520 2.1
113 1200 3940 4.4
113 1400 4820 4.1
113 1600 5640 3.5
113 1800 6340 4.8
114 0 0 4
114 200 800 3.7
114 400 1540 3.9
114 600 2320 3.5
114 800 3020 2.5
114 1000 3520 2.1
114 1200 3940 4.4
114 1400 4820 4.1
114 1600 5640 3.5
114 1800 6340 4.8
115 0 0 4
115 200 800 3.7
115 400 1540 3.9
115 600 2320 3.5
115 800 3020 2.5
115 1000 3520 2.1
115 1200 3940 4.4
115 1400 4820 4.1
115 1600 5640 3.5
115 1800 6340 4.8
116 0 0 4
116 200 800 3.7
116 400 1540 3.9
116 600 2320 3.5
116 800 3020 2.5
116 1000 3520 2.1
116 1200 3940 4.4
116 1400 4820 4.1
116 1600 5640 3.5
116 1800 6340 4.8
117 0 0 4
117 200 800 3.7
117 400 1540 3.9
117 600 2320 3.5
117 800 3020 2.5
117 1000 3520 2.1
117 1200 3940 4.4
117 1400 4820 4.1
117 1600 5640 3.5
117 1800 6340 4.8
118 0 0 4
118 200 800 3.7
118 400 1540 3.9
118 600 2320 3.5
118 800 3020 2.5
118 1000 3520 2.1
118 1200 3940 4.4
118 1400 4820 4.1
118 1600 5640 3.5
118 1800 6340 4.8
119 0 0 4
119 200 800 3.7
119 400 1540 3.9
119 600 2320 3.5
119 800 3020 2.5
119 1000 3520 2.1
119 1200 3940 4.4
119 1400 4820 4.1
119 1600 5640 3.5
119 1800 6340 4.8
120 0 0 4
120 200 800 3.7
120 400 1540 3.9
120 600 2320 3.5
120 800 3020 2.5
120 1000 3520 2.1
120 1200 3940 4.4
120 1400 4820 4.1
120 1600 5640 3.5
120 1800 6340 4.8
121 0 0 4
121 200 800 3.7
121 400 1540 3.9
121 600 2320 3.5
121 800 3020 2.5
121 1000 3520 2.1
121 1200 3940 4.4
121 1400 4820 4.1
121 1600 5640 3.5
121 1800 6340 4.8
122 0 0 4
122 200 800 3.7
122 400 1540 3.9
122 600 2320 3.5
122 800 3020 2.5
122 1000 3520 2.1
122 1200 3940 4.4
122 1400 4820 4.1
122 1600 5640 3.5
122 1800 6340 4.8
123 0 0 4
123 200 800 3.7
123 400 1540 3.9
123 600 2320 3.5
123 800 3020 2.5
123 1000 3520 2.1
123 1200 3940 4.4
123 1400 4820 4.1
123 1600 5640 3.5
123 1800 6340 4.8
124 0 0 4
124 200 800 3.7
124 400 1540 3.9
124 600 2320 3.5
124 800 3020 2.5
124 1000 3520 2.1
124 1200 3940 4.4
124 1400 4820 4.1
124 1600 5640 3.5
124 1800 6340 4.8
125 0 0 4
125 200 800 3.7
125 400 1540 3.9
125 600 2320 3.5
125 800 3020 2.5
125 1000 3520 2.1
125 1200 3940 4.4
125 1400 4820 4.1
125 1600 5640 3.5
125 1800 6340 4.8
126 0 0 4
126 200 800 3.7
126 400 1540 3.9
126 600 2320 3.5
126 800 3020 2.5
126 1000 3520 2.1
126 1200 3940 4.4
126 1400 4820 4.1
126 1600 5640 3.5
126 1800 6340 4.8
127 0 0 4
127 200 800 3.7
127 400 1540 3.9
127 600 2320 3.5
127 800 3020 2.5
127 1000 3520 2.1
127 1200 3940 4.4
127 1400 4820 4.1
127 1600 5640 3.5
127 1800 6340 4.8
128 0 0 4
128 200 800 3.7
128 400 1540 3.9
128 600 2320 3.5
128 800 3020 2.5
128 1000 3520 2.1
128 1200 3940 4.4
128 1400 4820 4.1
128 1600 5640 3.5
128 1800 6340 4.8
129 0 0 4
129 200 800 3.7
129 400 1540 3.9
129 600 2320 3.5
129 800 3020 2.5
129 1000 3520 2.1
129 1200 3940 4.4
129 1400 4820 4.1
129 1600 5640 3.5
129 1800 6340 4.8
130 0 0 4
130 200 800 3.7
130 400 1540 3.9
130 600 2320 3.5
130 800 3020 2.5
130 1000 3520 2.1
130 1200 3940 4.4
130 1400 4820 4.1
130 1600 5640 3.5
130 1800 6340 4.8
131 0 0 4
131 200 800 3.7
131 400 1540 3.9
131 600 2320 3.5
131 800 3020 2.5
131 1000 3520 2.1
131 1200 3940 4.4
131 1400 4820 4.1
131 1600 5640 3.5
131 1800 6340 4.8
132 0 0 4
132 200 800 3.7
132 400 1540 3.9
132 600 2320 3.5
132 800 3020 2.5
132 1000 3520 2.1
132 1200 3940 4.4
132 1400 4820 4.1
132 1600 5640 3.5
132 1800 6340 4.8
133 0 0 4
133 200 800 3.7
133 400 1540 3.9
133 600 2320 3.5
133 800 3020 2.5
133 1000 3520 2.1
133 1200 3940 4.4
133 1400 4820 4.1
133 1600 5640 3.5
133 1800 6340 4.8
134 0 0 4
134 200 800 3.7
134 400 1540 3.9
134 600 2320 3.5
134 800 3020 2.5
134 1000 3520 2.1
134 1200 3940 4.4
134 1400 4820 4.1
134 1600 5640 3.5
134 1800 6340 4.8
135 0 0 4
135 200 800 3.7
135 400 1540 3.9
135 600 2320 3.5
135 800 3020 2.5
135 1000 3520 2.1
135 1200 3940 4.4
135 1400 4820 4.1
135 1600 5640 3.5
135 1800 6340 4.8
136 0 0 4
136 200 800 3.7
136 400 1540 3.9
136 600 2320 3.5
136 800 3020 2.5
136 1000 3520 2.1
136 1200 3940 4.4
136 1400 4820 4.1
136 1600 5640 3.5
136 1800 6340 4.8
137 0 0 4
137 200 800 3.7
137 400 1540 3.9
137 600 2320 3.5
137 800 3020 2.5
137 1000 3520 2.1
137 1200 3940 4.4
137 1400 4820 4.1
137 1600 5640 3.5
137 1800 6340 4.8
138 0 0 4
138 200 800 3.7
138 400 1540 3.9
138 600 2320 3.5
138 800 3020 2.5
138 1000 3520 2.1
138 1200 3940 4.4
138 1400 4820 4.1
138 1600 5640 3.5
138 1800 6340 4.8
139 0 0 4
139 200 800 3.7
139 400 1540 3.9
139 600 2320 3.5
139 800 3020 2.5
139 1000 3520 2.1
139 1200 3940 4.4
139 1400 4820 4.1
139 1600 5640 3.5
139 1800 6340 4.8
140 0 0 4
140 200 800 3.7
140 400 1540 3.9
140 600 2320 3.5
140 800 3020 2.5
140 1000 3520 2.1
140 1200 3940 4.4
140 1400 4820 4.1
140 1600 5640 3.5
140 1800 6340 4.8
141 0 0 4
141 200 800 3.7
141 400 1540 3.9
141 600 2320 3.5
141 800 3020 2.5
141 1000 3520 2.1
141 1200 3940 4.4
141 1400 4820 4.1
141 1600 5640 3.5
141 1800 6340 4.8
142 0 0 4
142 200 800 3.7
142 400 1540 3.9
142 600 2320 3.5
142 800 3020 2.5
142 1000 3520 2.1
142 1200 3940 4.4
142 1400 4820 4.1
142 1600 5640 3.5
142 1800 6340 4.8
143 0 0 4
143 200 800 3.7
143 400 1540 3.9
143 600 2320 3.5
143 800 3020 2.5
143 1000 3520 2.1
143 1200 3940 4.4
143 1400 4820 4.1
143 1600 5640 3.5
143 1800 6340 4.8
144 0 0 4
144 200 800 3.7
144 400 1540 3.9
144 600 2320 3.5
144 800 3020 2.5
144 1000 3520 2.1
144 1200 3940 4.4
144 1400 4820 4.1
144 1600 5640 3.5
144 1800 6340 4.8
145 0 0 4
145 200 800 3.7
145 400 1540 3.9
145 600 2320 3.5
145 800 3020 2.5
145 1000 3520 2.1
145 1200 3940 4.4
145 1400 4820 4.1
145 1600 5640 3.5
145 1800 6340 4.8
146 0 0 4
146 200 800 3.7
146 400 1540 3.9
146 600 2320 3.5
146 800 3020 2.5
146 1000 3520 2.1
146 1200 3940 4.4
146 1400 4820 4.1
146 1600 5640 3.5
146 1800 6340 4.8
147 0 0 4
147 200 800 3.7
147 400 1540 3.9
147 600 2320 3.5
147 800 3020 2.5
147 1000 3520 2.1
147 1200 3940 4.4
147 1400 4820 4.1
147 1600 5640 3.5
147 1800 6340 4.8
148 0 0 4
148 200 800 3.7
148 400 1540 3.9
148 600 2320 3.5
148 800 3020 2.5
148 1000 3520 2.1
148 1200 3940 4.4
148 1400 4820 4.1
148 1600 5640 3.5
148 1800 6340 4.8
149 0 0 4
149 200 800 3.7
149 400 1540 3.9
149 600 2320 3.5
149 800 3020 2.5
149 1000 3520 2.1
149 1200 3940 4.4
149 1400 4820 4.1
149 1600 5640 3.5
149 1800 6340 4.8
150 0 0 4
150 200 800 3.7
150 400 1540 3.9
150 600 2320 3.5
150 800 3020 2.5
150 1000 3520 2.1
150 1200 3940 4.4
150 1400 4820 4.1
150 1600 5640 3.5
150 1800 6340 4.8
151 0 0 4
151 200 800 3.7
151 400 1540 3.9
151 600 2320 3.5
151 800 3020 2.5
151 1000 3520 2.1
151 1200 3940 4.4
151 1400 4820 4.1
151 1600 5640 3.5
151 1800 6340 4.8
152 0 0 4
152 200 800 3.7
152 400 1540 3.9
152 600 2320 3.5
152 800 3020 2.5
152 1000 3520 2.1
152 1200 3940 4.4
152 1400 4820 4.1
152 1600 5640 3.5
152 1800 6340 4.8
153 0 0 4
153 200 800 3.7
153 400 1540 3.9
153 600 2320 3.5
153 800 3020 2.5
153 1000 3520 2.1
153 1200 3940 4.4
153 1400 4820 4.1
153 1600 5640 3.5
153 1800 6340 4.8
154 0 0 4
154 200 800 3.7
154 400 1540 3.9
154 600 2320 3.5
154 800 3020 2.5
154 1000 3520 2.1
154 1200 3940 4.4
154 1400 4820 4.1
154 1600 5640 3.5
154 1800 6340 4.8
155 0 0 4
155 200 800 3.7
155 400 1540 3.9
155 600 2320 3.5
155 800 3020 2.5
155 1000 3520 2.1
155 1200 3940 4.4
155 1400 4820 4.1
155 1600 5640 3.5
155 1800 6340 4.8
156 0 0 4
156 200 800 3.7
156 400 1540 3.9
156 600 2320 3.5
156 800 3020 2.5
156 1000 3520 2.1
156 1200 3940 4.4
156 1400 4820 4.1
156 1600 5640 3.5
156 1800 6340 4.8
157 0 0 4
157 200 800 3.7
157 400 1540 3.9
157 600 2320 3.5
157 800 3020 2.5
157 1000 3520 2.1
157 1200 3940 4.4
157 1400 4820 4.1
157 1600 5640 3.5
157 1800 6340 4.8
158 0 0 4
158 200 800 3.7
158 400 1540 3.9
158 600 2320 3.5
158 800 3020 2.5
158 1000 3520 2.1
158 1200 3940 4.4
158 1400 4820 4.1
158 1600 5640 3.5
158 1800 6340 4.8
159 0 0 4
159 200 800 3.7
159 400 1540 3.9
159 600 2320 3.5
159 800 3020 2.5
159 1000 3520 2.1
159 1200 3940 4.4
159 1400 4820 4.1
159 1600 5640 3.5
159 1800 6340 4.8
160 0 0 4
160 200 800 3.7
160 400 1540 3.9
160 600 2320 3.5
160 800 3020 2.5
160 1000 3520 2.1
160 1200 3940 4.4
160 1400 4820 4.1
160 1600 5640 3.5
160 1800 6340 4.8
161 0 0 4
161 200 800 3.7
161 400 1540 3.9
161 600 2320 3.5
161 800 3020 2.5
161 1000 3520 2.1
161 1200 3940 4.4
161 1400 4820 4.1
161 1600 5640 3.5
161 1800 6340 4.8
162 0 0 4
162 200 800 3.7
162 400 1540 3.9
162 600 2320 3.5
162 800 3020 2.5
162 1000 3520 2.1
162 1200 3940 4.4
162 1400 4820 4.1
162 1600 5640 3.5
162 1800 6340 4.8
163 0 0 4
163 200 800 3.7
163 400 1540 3.9
163 600 2320 3.5
163 800 3020 2.5
163 1000 3520 2.1
163 1200 3940 4.4
163 1400 4820 4.1
163 1600 5640 3.5
163 1800 6340 4.8
164 0 0 4
164 200 800 3.7
164 400 1540 3.9
164 600 2320 3.5
164 800 3020 2.5
164 1000 3520 2.1
164 1200 3940 4.4
164 1400 4820 4.1
164 1600 5640 3.5
164 1800 6340 4.8
165 0 0 4
165 200 800 3.7
165 400 1540 3.9
165 600 2320 3.5
165 800 3020 2.5
165 1000 3520 2.1
165 1200 3940 4.4
165 1400 4820 4.1
165 1600 5640 3.5
165 1800 6340 4.8
166 0 0 4
166 200 800 3.7
166 400 1540 3.9
166 600 2320 3.5
166 800 3020 2.5
166 1000 3520 2.1
166 1200 3940 4.4
166 1400 4820 4.1
166 1600 5640 3.5
166 1800 6340 4.8
167 0 0 4
167 200 800 3.7
167 400 1540 3.9
167 600 2320 3.5
167 800 3020 2.5
167 1000 3520 2.1
167 1200 3940 4.4
167 1400 4820 4.1
167 1600 5640 3.5
167 1800 6340 4.8
168 0 0 4
168 200 800 3.7
168 400 1540 3.9
168 600 2320 3.5
168 800 3020 2.5
168 1000 3520 2.1
168 1200 3940 4.4
168 1400 4820 4.1
168 1600 5640 3.5
168 1800 6340 4.8
169 0 0 4
169 200 800 3.7
169 400 1540 3.9
169 600 2320 3.5
169 800 3020 2.5
169 1000 3520 2.1
169 1200 3940 4.4
169 1400 4820 4.1
169 1600 5640 3.5
169 1800 6340 4.8
170 0 0 4
170 200 800 3.7
170 400 1540 3.9
170 600 2320 3.5
170 800 3020 2.5
170 1000 3520 2.1
170 1200 3940 4.4
170 1400 4820 4.1
170 1600 5640 3.5
170 1800 6340 4.8
171 0 0 4
171 200 800 3.7
171 400 1540 3.9
171 600 2320 3.5
171 800 3020 2.5
171 1000 3520 2.1
171 1200 3940 4.4
171 1400 4820 4.1
171 1600 5640 3.5
171 1800 6340 4.8
172 0 0 4
172 200 800 3.7
172 400 1540 3.9
172 600 2320 3.5
172 800 3020 2.5
172 1000 3520 2.1
172 1200 3940 4.4
172 1400 4820 4.1
172 1600 5640 3.5
172 1800 6340 4.8
173 0 0 4
173 200 800 3.7
173 400 1540 3.9
173 600 2320 3.5
173 800 3020 2.5
173 1000 3520 2.1
173 1200 3940 4.4
173 1400 4820 4.1
173 1600 5640 3.5
173 1800 6340 4.8
174 0 0 4
174 200 800 3.7
174 400 1540 3.9
174 600 2320 3.5
174 800 3020 2.5
174 1000 3520 2.1
174 1200 3940 4.4
174 1400 4820 4.1
174 1600 5640 3.5
174 1800 6340 4.8
175 0 0 4
175 200 800 3.7
175 400 1540 3.9
175 600 2320 3.5
175 800 3020 2.5
175 1000 3520 2.1
175 1200 3940 4.4
175 1400 4820 4.1
175 1600 5640 3.5
175 1800 6340 4.8
176 0 0 4
176 200 800 3.7
176 400 1540 3.9
176 600 2320 3.5
176 800 3020 2.5
176 1000 3520 2.1
176 1200 3940 4.4
176 1400 4820 4.1
176 1600 5640 3.5
176 1800 6340 4.8
177 0 0 4
177 200 800 3.7
177 400 1540 3.9
177 600 2320 3.5
177 800 3020 2.5
177 1000 3520 2.1
177 1200 3940 4.4
177 1400 4820 4.1
177 1600 5640 3.5
177 1800 6340 4.8
178 0 0 4
178 200 800 3.7
178 400 1540 3.9
178 600 2320 3.5
178 800 3020 2.5
178 1000 3520 2.1
178 1200 3940 4.4
178 1400 4820 4.1
178 1600 5640 3.5
178 1800 6340 4.8
179 0 0 4
179 200 800 3.7
179 400 1540 3.9
179 600 2320 3.5
179 800 3020 2.5
179 1000 3520 2.1
179 1200 3940 4.4
179 1400 4820 4.1
179 1600 5640 3.5
179 1800 6340 4.8
180 0 0 4
180 200 800 3.7
180 400 1540 3.9
180 600 2320 3.5
180 800 3020 2.5
180 1000 3520 2.1
180 1200 3940 4.4
180 1400 4820 4.1
180 1600 5640 3.5
180 1800 6340 4.8
181 0 0 4
181 200 800 3.7
181 400 1540 3.9
181 600 2320 3.5
181 800 3020 2.5
181 1000 3520 2.1
181 1200 3940 4.4
181 1400 4820 4.1
181 1600 5640 3.5
181 1800 6340 4.8
182 0 0 4
182 200 800 3.7
182 400 1540 3.9
182 600 2320 3.5
182 800 3020 2.5
182 1000 3520 2.1
182 1200 3940 4.4
182 1400 4820 4.1
182 1600 5640 3.5
182 1800 6340 4.8
183 0 0 4
183 200 800 3.7
183 400 1540 3.9
183 600 2320 3.5
183 800 3020 2.5
183 1000 3520 2.1
183 1200 3940 4.4
183 1400 4820 4.1
183 1600 5640 3.5
183 1800 6340 4.8
184 0 0 4
184 200 800 3.7
184 400 1540 3.9
184 600 2320 3.5
184 800 3020 2.5
184 1000 3520 2.1
184 1200 3940 4.4
184 1400 4820 4.1
184 1600 5640 3.5
184 1800 6340 4.8
185 0 0 4
185 200 800 3.7
185 400 1540 3.9
185 600 2320 3.5
185 800 3020 2.5
185 1000 3520 2.1
185 1200 3940 4.4
185 1400 4820 4.1
185 1600 5640 3.5
185 1800 6340 4.8
186 0 0 4
186 200 800 3.7
186 400 1540 3.9
186 600 2320 3.5
186 800 3020 2.5
186 1000 3520 2.1
186 1200 3940 4.4
186 1400 4820 4.1
186 1600 5640 3.5
186 1800 6340 4.8
187 0 0 4
187 200 800 3.7
187 400 1540 3.9
187 600 2320 3.5
187 800 3020 2.5
187 1000 3520 2.1
187 1200 3940 4.4
187 1400 4820 4.1
187 1600 5640 3.5
187 1800 6340 4.8
188 0 0 4
188 200 800 3.7
188 400 1540 3.9
188 600 2320 3.5
188 800 3020 2.5
188 1000 3520 2.1
188 1200 3940 4.4
188 1400 4820 4.1
188 1600 5640 3.5
188 1800 6340 4.8
189 0 0 4
189 200 800 3.7
189 400 1540 3.9
189 600 2320 3.5
189 800 3020 2.5
189 1000 3520 2.1
189 1200 3940 4.4
189 1400 4820 4.1
189 1600 5640 3.5
189 1800 6340 4.8
190 0 0 4
190 200 800 3.7
190 400 1540 3.9
190 600 2320 3.5
190 800 3020 2.5
190 1000 3520 2.1
190 1200 3940 4.4
190 1400 4820 4.1
190 1600 5640 3.5
190 1800 6340 4.8
191 0 0 4
191 200 800 3.7
191 400 1540 3.9
191 600 2320 3.5
191 800 3020 2.5
191 1000 3520 2.1
191 1200 3940 4.4
191 1400 4820 4.1
191 1600 5640 3.5
191 1800 6340 4.8
192 0 0 4
192 200 800 3.7
192 400 1540 3.9
192 600 2320 3.5
192 800 3020 2.5
192 1000 3520 2.1
192 1200 3940 4.4
192 1400 4820 4.1
192 1600 5640 3.5
192 1800 6340 4.8
193 0 0 4
193 200 800 3.7
193 400 1540 3.9
193 600 2320 3.5
193 800 3020 2.5
193 1000 3520 2.1
193 1200 3940 4.4
193 1400 4820 4.1
193 1600 5640 3.5
193 1800 6340 4.8
194 0 0 4
194 200 800 3.7
194 400 1540 3.9
194 600 2320 3.5
194 800 3020 2.5
194 1000 3520 2.1
194 1200 3940 4.4
194 1400 4820 4.1
194 1600 5640 3.5
194 1800 6340 4.8
195 0 0 4
195 200 800 3.7
195 400 1540 3.9
195 600 2320 3.5
195 800 3020 2.5
195 1000 3520 2.1
195 1200 3940 4.4
195 1400 4820 4.1
195 1600 5640 3.5
195 1800 6340 4.8
196 0 0 4
196 200 800 3.7
196 400 1540 3.9
196 600 2320 3.5
196 800 3020 2.5
196 1000 3520 2.1
196 1200 3940 4.4
196 1400 4820 4.1
196 1600 5640 3.5
196 1800 6340 4.8
197 0 0 4
197 200 800 3.7
197 400 1540 3.9
197 600 2320 3.5
197 800 3020 2.5
197 1000 3520 2.1
197 1200 3940 4.4
197 1400 4820 4.1
197 1600 5640 3.5
197 1800 6340 4.8
198 0 0 4
198 200 800 3.7
198 400 1540 3.9
198 600 2320 3.5
198 800 3020 2.5
198 1000 3520 2.1
198 1200 3940 4.4
198 1400 4820 4.1
198 1600 5640 3.5
198 1800 6340 4.8
199 0 0 4
199 200 800 3.7
199 400 1540 3.9
199 600 2320 3.5
199 800 3020 2.5
199 1000 3520 2.1
199 1200 3940 4.4
199 1400 4820 4.1
199 1600 5640 3.5
199 1800 6340 4.8
200 0 0 4
200 200 800 3.7
200 400 1540 3.9
200 600 2320 3.5
200 800 3020 2.5
200 1000 3520 2.1
200 1200 3940 4.4
200 1400 4820 4.1
200 1600 5640 3.5
200 1800 6340 4.8
201 0 0 4
201 200 800 3.7
201 400 1540 3.9
201 600 2320 3.5
201 800 3020 2.5
201 1000 3520 2.1
201 1200 3940 4.4
201 1400 4820 4.1
201 1600 5640 3.5
201 1800 6340 4.8
202 0 0 4
202 200 800 3.7
202 400 1540 3.9
202 600 2320 3.5
202 800 3020 2.5
202 1000 3520 2.1
202 1200 3940 4.4
202 1400 4820 4.1
202 1600 5640 3.5
202 1800 6340 4.8
203 0 0 4
203 200 800 3.7
203 400 1540 3.9
203 600 2320 3.5
203 800 3020 2.5
203 1000 3520 2.1
203 1200 3940 4.4
203 1400 4820 4.1
203 1600 5640 3.5
203 1800 6340 4.8
204 0 0 4
204 200 800 3.7
204 400 1540 3.9
204 600 2320 3.5
204 800 3020 2.5
204 1000 3520 2.1
204 1200 3940 4.4
204 1400 4820 4.1
204 1600 5640 3.5
204 1800 6340 4.8
205 0 0 4
205 200 800 3.7
205 400 1540 3.9
205 600 2320 3.5
205 800 3020 2.5
205 1000 3520 2.1
205 1200 3940 4.4
205 1400 4820 4.1
205 1600 5640 3.5
205 1800 6340 4.8
206 0 0 4
206 200 800 3.7
206 400 1540 3.9
206 600 2320 3.5
206 800 3020 2.5
206 1000 3520 2.1
206 1200 3940 4.4
206 1400 4820 4.1
206 1600 5640 3.5
206 1800 6340 4.8
207 0 0 4
207 200 800 3.7
207 400 1540 3.9
207 600 2320 3.5
207 800 3020 2.5
207 1000 3520 2.1
207 1200 3940 4.4
207 1400 4820 4.1
207 1600 5640 3.5
207 1800 6340 4.8
208 0 0 4
208 200 800 3.7
208 400 1540 3.9
208 600 2320 3.5
208 800 3020 2.5
208 1000 3520 2.1
208 1200 3940 4.4
208 1400 4820 4.1
208 1600 5640 3.5
208 1800 6340 4.8
209 0 0 4
209 200 800 3.7
209 400 1540 3.9
209 600 2320 3.5
209 800 3020 2.5
209 1000 3520 2.1
209 1200 3940 4.4
209 1400 4820 4.1
209 1600 5640 3.5
209 1800 6340 4.8
210 0 0 4
210 200 800 3.7
210 400 1540 3.9
210 600 2320 3.5
210 800 3020 2.5
210 1000 3520 2.1
210 1200 3940 4.4
210 1400 4820 4.1
210 1600 5640 3.5
210 1800 6340 4.8
211 0 0 4
211 200 800 3.7
211 400 1540 3.9
211 600 2320 3.5
211 800 3020 2.5
211 1000 3520 2.1
211 1200 3940 4.4
211 1400 4820 4.1
211 1600 5640 3.5
211 1800 6340 4.8
212 0 0 4
212 200 800 3.7
212 400 1540 3.9
212 600 2320 3.5
212 800 3020 2.5
212 1000 3520 2.1
212 1200 3940 4.4
212 1400 4820 4.1
212 1600 5640 3.5
212 1800 6340 4.8
213 0 0 4
213 200 800 3.7
213 400 1540 3.9
213 600 2320 3.5
213 800 3020 2.5
213 1000 3520 2.1
213 1200 3940 4.4
213 1400 4820 4.1
213 1600 5640 3.5
213 1800 6340 4.8
214 0 0 4
214 200 800 3.7
214 400 1540 3.9
214 600 2320 3.5
214 800 3020 2.5
214 1000 3520 2.1
214 1200 3940 4.4
214 1400 4820 4.1
214 1600 5640 3.5
214 1800 6340 4.8
215 0 0 4
215 200 800 3.7
215 400 1540 3.9
215 600 2320 3.5
215 800 3020 2.5
215 1000 3520 2.1
215 1200 3940 4.4
215 1400 4820 4.1
215 1600 5640 3.5
215 1800 6340 4.8
216 0 0 4
216 200 800 3.7
216 400 1540 3.9
216 600 2320 3.5
216 800 3020 2.5
216 1000 3520 2.1
216 1200 3940 4.4
216 1400 4820 4.1
216 1600 5640 3.5
216 1800 6340 4.8
217 0 0 4
217 200 800 3.7
217 400 1540 3.9
217 600 2320 3.5
217 800 3020 2.5
217 1000 3520 2.1
217 1200 3940 4.4
217 1400 4820 4.1
217 1600 5640 3.5
217 1800 6340 4.8
218 0 0 4
218 200 800 3.7
218 400 1540 3.9
218 600 2320 3.5
218 800 3020 2.5
218 1000 3520 2.1
218 1200 3940 4.4
218 1400 4820 4.1
218 1600 5640 3.5
218 1800 6340 4.8
219 0 0 4
219 200 800 3.7
219 400 1540 3.9
219 600 2320 3.5
219 800 3020 2.5
219 1000 3520 2.1
219 1200 3940 4.4
219 1400 4820 4.1
219 1600 5640 3.5
219 1800 6340 4.8
220 0 0 4
220 200 800 3.7
220 400 1540 3.9
220 600 2320 3.5
220 800 3020 2.5
220 1000 3520 2.1
220 1200 3940 4.4
220 1400 4820 4.1
220 1600 5640 3.5
220 1800 6340 4.8
221 0 0 4
221 200 800 3.7
221 400 1540 3.9
221 600 2320 3.5
221 800 3020 2.5
221 1000 3520 2.1
221 1200 3940 4.4
221 1400 4820 4.1
221 1600 5640 3.5
221 1800 6340 4.8
222 0 0 4
222 200 800 3.7
222 400 1540 3.9
222 600 2320 3.5
222 800 3020 2.5
222 1000 3520 2.1
222 1200 3940 4.4
222 1400 4820 4.1
222 1600 5640 3.5
222 1800 6340 4.8
223 0 0 4
223 200 800 3.7
223 400 1540 3.9
223 600 2320 3.5
223 800 3020 2.5
223 1000 3520 2.1
223 1200 3940 4.4
223 1400 4820 4.1
223 1600 5640 3.5
223 1800 6340 4.8
224 0 0 4
224 200 800 3.7
224 400 1540 3.9
224 600 2320 3.5
224 800 3020 2.5
224 1000 3520 2.1
224 1200 3940 4.4
224 1400 4820 4.1
224 1600 5640 3.5
224 1800 6340 4.8
225 0 0 4
225 200 800 3.7
225 400 1540 3.9
225 600 2320 3.5
225 800 3020 2.5
225 1000 3520 2.1
225 1200 3940 4.4
225 1400 4820 4.1
225 1600 5640 3.5
225 1800 6340 4.8
226 0 0 4
226 200 800 3.7
226 400 1540 3.9
226 600 2320 3.5
226 800 3020 2.5
226 1000 3520 2.1
226 1200 3940 4.4
226 1400 4820 4.1
226 1600 5640 3.5
226 1800 6340 4.8
227 0 0 4
227 200 800 3.7
227 400 1540 3.9
227 600 2320 3.5
227 800 3020 2.5
227 1000 3520 2.1
227 1200 3940 4.4
227 1400 4820 4.1
227 1600 5640 3.5
227 1800 6340 4.8
228 0 0 4
228 200 800 3.7
228 400 1540 3.9
228 600 2320 3.5
228 800 3020 2.5
228 1000 3520 2.1
228 1200 3940 4.4
228 1400 4820 4.1
228 1600 5640 3.5
228 1800 6340 4.8
229 0 0 4
229 200 800 3.7
229 400 1540 3.9
229 600 2320 3.5
229 800 3020 2.5
229 1000 3520 2.1
229 1200 3940 4.4
229 1400 4820 4.1
229 1600 5640 3.5
229 1800 6340 4.8
230 0 0 4
230 200 800 3.7
230 400 1540 3.9
230 600 2320 3.5
230 800 3020 2.5
230 1000 3520 2.1
230 1200 3940 4.4
230 1400 4820 4.1
230 1600 5640 3.5
230 1800 6340 4.8
231 0 0 4
231 200 800 3.7
231 400 1540 3.9
231 600 2320 3.5
231 800 3020 2.5
231 1000 3520 2.1
231 1200 3940 4.4
231 1400 4820 4.1
231 1600 5640 3.5
231 1800 6340 4.8
232 0 0 4
232 200 800 3.7
232 400 1540 3.9
232 600 2320 3.5
232 800 3020 2.5
232 1000 3520 2.1
232 1200 3940 4.4
232 1400 4820 4.1
232 1600 5640 3.5
232 1800 6340 4.8
233 0 0 4
233 200 800 3.7
233 400 1540 3.9
233 600 2320 3.5
233 800 3020 2.5
233 1000 3520 2.1
233 1200 3940 4.4
233 1400 4820 4.1
233 1600 5640 3.5
233 1800 6340 4.8
234 0 0 4
234 200 800 3.7
234 400 1540 3.9
234 600 2320 3.5
234 800 3020 2.5
234 1000 3520 2.1
234 1200 3940 4.4
234 1400 4820 4.1
234 1600 5640 3.5
234 1800 6340 4.8
235 0 0 4
235 200 800 3.7
235 400 1540 3.9
235 600 2320 3.5
235 800 3020 2.5
235 1000 3520 2.1
235 1200 3940 4.4
235 1400 4820 4.1
235 1600 5640 3.5
235 1800 6340 4.8
236 0 0 4
236 200 800 3.7
236 400 1540 3.9
236 600 2320 3.5
236 800 3020 2.5
236 1000 3520 2.1
236 1200 3940 4.4
236 1400 4820 4.1
236 1600 5640 3.5
236 1800 6340 4.8
237 0 0 4
237 200 800 3.7
237 400 1540 3.9
237 600 2320 3.5
237 800 3020 2.5
237 1000 3520 2.1
237 1200 3940 4.4
237 1400 4820 4.1
237 1600 5640 3.5
237 1800 6340 4.8
238 0 0 4
238 200 800 3.7
238 400 1540 3.9
238 600 2320 3.5
238 800 3020 2.5
238 1000 3520 2.1
238 1200 3940 4.4
238 1400 4820 4.1
238 1600 5640 3.5
238 1800 6340 4.8
239 0 0 4
239 200 800 3.7
239 400 1540 3.9
239 600 2320 3.5
239 800 3020 2.5
239 1000 3520 2.1
239 1200 3940 4.4
239 1400 4820 4.1
239 1600 5640 3.5
239 1800 6340 4.8
240 0 0 4
240 200 800 3.7
240 400 1540 3.9
240 600 2320 3.5
240 800 3020 2.5
240 1000 3520 2.1
240 1200 3940 4.4
240 1400 4820 4.1
240 1600 5640 3.5
240 1800 6340 4.8
241 0 0 4
241 200 800 3.7
241 400 1540 3.9
241 600 2320 3.5
241 800 3020 2.5
241 1000 3520 2.1
241 1200 3940 4.4
241 1400 4820 4.1
241 1600 5640 3.5
241 1800 6340 4.8
242 0 0 4
242 200 800 3.7
242 400 1540 3.9
242 600 2320 3.5
242 800 3020 2.5
242 1000 3520 2.1
242 1200 3940 4.4
242 1400 4820 4.1
242 1600 5640 3.5
242 1800 6340 4.8
243 0 0 4
243 200 800 3.7
243 400 1540 3.9
243 600 2320 3.5
243 800 3020 2.5
243 1000 3520 2.1
243 1200 3940 4.4
243 1400 4820 4.1
243 1600 5640 3.5
243 1800 6340 4.8
244 0 0 4
244 200 800 3.7
244 400 1540 3.9
244 600 2320 3.5
244 800 3020 2.5
244 1000 3520 2.1
244 1200 3940 4.4
244 1400 4820 4.1
244 1600 5640 3.5
244 1800 6340 4.8
245 0 0 4
245 200 800 3.7
245 400 1540 3.9
245 600 2320 3.5
245 800 3020 2.5
245 1000 3520 2.1
245 1200 3940 4.4
245 1400 4820 4.1
245 1600 5640 3.5
245 1800 6340 4.8
246 0 0 4
246 200 800 3.7
246 400 1540 3.9
246 600 2320 3.5
246 800 3020 2.5
246 1000 3520 2.1
246 1200 3940 4.4
246 1400 4820 4.1
246 1600 5640 3.5
246 1800 6340 4.8
247 0 0 4
247 200 800 3.7
247 400 1540 3.9
247 600 2320 3.5
247 800 3020 2.5
247 1000 3520 2.1
247 1200 3940 4.4
247 1400 4820 4.1
247 1600 5640 3.5
247 1800 6340 4.8
248 0 0 4
248 200 800 3.7
248 400 1540 3.9
248 600 2320 3.5
248 800 3020 2.5
248 1000 3520 2.1
248 1200 3940 4.4
248 1400 4820 4.1
248 1600 5640 3.5
248 1800 6340 4.8
249 0 0 4
249 200 800 3.7
249 400 1540 3.9
249 600 2320 3.5
249 800 3020 2.5
249 1000 3520 2.1
249 1200 3940 4.4
249 1400 4820 4.1
249 1600 5640 3.5
249 1800 6340 4.8
250 0 0 4
250 200 800 3.7
250 400 1540 3.9
250 600 2320 3.5
250 800 3020 2.5
250 1000 3520 2.1
250 1200 3940 4.4
250 1400 4820 4.1
250 1600 5640 3.5
250 1800 6340 4.8
251 0 0 4
251 200 800 3.7
251 400 1540 3.9
251 600 2320 3.5
251 800 3020 2.5
251 1000 3520 2.1
251 1200 3940 4.4
251 1400 4820 4.1
251 1600 5640 3.5
251 1800 6340 4.8
252 0 0 4
252 200 800 3.7
252 400 1540 3.9
252 600 2320 3.5
252 800 3020 2.5
252 1000 3520 2.1
252 1200 3940 4.4
252 1400 4820 4.1
252 1600 5640 3.5
252 1800 6340 4.8
253 0 0 4
253 200 800 3.7
253 400 1540 3.9
253 600 2320 3.5
253 800 3020 2.5
253 1000 3520 2.1
253 1200 3940 4.4
253 1400 4820 4.1
253 1600 5640 3.5
253 1800 6340 4.8
254 0 0 4
254 200 800 3.7
254 400 1540 3.9
254 600 2320 3.5
254 800 3020 2.5
254 1000 3520 2.1
254 1200 3940 4.4
254 1400 4820 4.1
254 1600 5640 3.5
254 1800 6340 4.8
255 0 0 4
255 200 800 3.7
255 400 1540 3.9
255 600 2320 3.5
255 800 3020 2.5
255 1000 3520 2.1
255 1200 3940 4.4
255 1400 4820 4.1
255 1600 5640 3.5
255 1800 6340 4.8
256 0 0 4
256 200 800 3.7
256 400 1540 3.9
256 600 2320 3.5
256 800 3020 2.5
256 1000 3520 2.1
256 1200 3940 4.4
256 1400 4820 4.1
256 1600 5640 3.5
256 1800 6340 4.8
257 0 0 4
257 200 800 3.7
257 400 1540 3.9
257 600 2320 3.5
257 800 3020 2.5
257 1000 3520 2.1
257 1200 3940 4.4
257 1400 4820 4.1
257 1600 5640 3.5
257 1800 6340 4.8
258 0 0 4
258 200 800 3.7
258 400 1540 3.9
258 600 2320 3.5
258 800 3020 2.5
258 1000 3520 2.1
258 1200 3940 4.4
258 1400 4820 4.1
258 1600 5640 3.5
258 1800 6340 4.8
259 0 0 4
259 200 800 3.7
259 400 1540 3.9
259 600 2320 3.5
259 800 3020 2.5
259 1000 3520 2.1
259 1200 3940 4.4
259 1400 4820 4.1
259 1600 5640 3.5
259 1800 6340 4.8
260 0 0 4
260 200 800 3.7
260 400 1540 3.9
260 600 2320 3.5
260 800 3020 2.5
260 1000 3520 2.1
260 1200 3940 4.4
260 1400 4820 4.1
260 1600 5640 3.5
260 1800 6340 4.8
261 0 0 4
261 200 800 3.7
261 400 1540 3.9
261 600 2320 3.5
261 800 3020 2.5
261 1000 3520 2.1
261 1200 3940 4.4
261 1400 4820 4.1
261 1600 5640 3.5
261 1800 6340 4.8
262 0 0 4
262 200 800 3.7
262 400 1540 3.9
262 600 2320 3.5
262 800 3020 2.5
262 1000 3520 2.1
262 1200 3940 4.4
262 1400 4820 4.1
262 1600 5640 3.5
262 1800 6340 4.8
263 0 0 4
263 200 800 3.7
263 400 1540 3.9
263 600 2320 3.5
263 800 3020 2.5
263 1000 3520 2.1
263 1200 3940 4.4
263 1400 4820 4.1
263 1600 5640 3.5
263 1800 6340 4.8
264 0 0 4
264 200 800 3.7
264 400 1540 3.9
264 600 2320 3.5
264 800 3020 2.5
264 1000 3520 2.1
264 1200 3940 4.4
264 1400 4820 4.1
264 1600 5640 3.5
264 1800 6340 4.8
265 0 0 4
265 200 800 3.7
265 400 1540 3.9
265 600 2320 3.5
265 800 3020 2.5
265 1000 3520 2.1
265 1200 3940 4.4
265 1400 4820 4.1
265 1600 5640 3.5
265 1800 6340 4.8
266 0 0 4
266 200 800 3.7
266 400 1540 3.9
266 600 2320 3.5
266 800 3020 2.5
266 1000 3520 2.1
266 1200 3940 4.4
266 1400 4820 4.1
266 1600 5640 3.5
266 1800 6340 4.8
267 0 0 4
267 200 800 3.7
267 400 1540 3.9
267 600 2320 3.5
267 800 3020 2.5
267 1000 3520 2.1
267 1200 3940 4.4
267 1400 4820 4.1
267 1600 5640 3.5
267 1800 6340 4.8
268 0 0 4
268 200 800 3.7
268 400 1540 3.9
268 600 2320 3.5
268 800 3020 2.5
268 1000 3520 2.1
268 1200 3940 4.4
268 1400 4820 4.1
268 1600 5640 3.5
268 1800 6340 4.8
269 0 0 4
269 200 800 3.7
269 400 1540 3.9
269 600 2320 3.5
269 800 3020 2.5
269 1000 3520 2.1
269 1200 3940 4.4
269 1400 4820 4.1
269 1600 5640 3.5
269 1800 6340 4.8
270 0 0 4
270 200 800 3.7
270 400 1540 3.9
270 600 2320 3.5
270 800 3020 2.5
270 1000 3520 2.1
270 1200 3940 4.4
270 1400 4820 4.1
270 1600 5640 3.5
270 1800 6340 4.8
271 0 0 4
271 200 800 3.7
271 400 1540 3.9
271 600 2320 3.5
271 800 3020 2.5
271 1000 3520 2.1
271 1200 3940 4.4
271 1400 4820 4.1
271 1600 5640 3.5
271 1800 6340 4.8
272 0 0 4
272 200 800 3.7
272 400 1540 3.9
272 600 2320 3.5
272 800 3020 2.5
272 1000 3520 2.1
272 1200 3940 4.4
272 1400 4820 4.1
272 1600 5640 3.5
272 1800 6340 4.8
273 0 0 4
273 200 800 3.7
273 400 1540 3.9
273 600 2320 3.5
273 800 3020 2.5
273 1000 3520 2.1
273 1200 3940 4.4
273 1400 4820 4.1
273 1600 5640 3.5
273 1800 6340 4.8
274 0 0 4
274 200 800 3.7
274 400 1540 3.9
274 600 2320 3.5
274 800 3020 2.5
274 1000 3520 2.1
274 1200 3940 4.4
274 1400 4820 4.1
274 1600 5640 3.5
274 1800 6340 4.8
275 0 0 4
275 200 800 3.7
275 400 1540 3.9
275 600 2320 3.5
275 800 3020 2.5
275 1000 3520 2.1
275 1200 3940 4.4
275 1400 4820 4.1
275 1600 5640 3.5
275 1800 6340 4.8
276 0 0 4
276 200 800 3.7
276 400 1540 3.9
276 600 2320 3.5
276 800 3020 2.5
276 1000 3520 2.1
276 1200 3940 4.4
276 1400 4820 4.1
276 1600 5640 3.5
276 1800 6340 4.8
277 0 0 4
277 200 800 3.7
277 400 1540 3.9
277 600 2320 3.5
277 800 3020 2.5
277 1000 3520 2.1
277 1200 3940 4.4
277 1400 4820 4.1
277 1600 5640 3.5
277 1800 6340 4.8
278 0 0 4
278 200 800 3.7
278 400 1540 3.9
278 600 2320 3.5
278 800 3020 2.5
278 1000 3520 2.1
278 1200 3940 4.4
278 1400 4820 4.1
278 1600 5640 3.5
278 1800 6340 4.8
279 0 0 4
279 200 800 3.7
279 400 1540 3.9
279 600 2320 3.5
279 800 3020 2.5
279 1000 3520 2.1
279 1200 3940 4.4
279 1400 4820 4.1
279 1600 5640 3.5
279 1800 6340 4.8
280 0 0 4
280 200 800 3.7
280 400 1540 3.9
280 600 2320 3.5
280 800 3020 2.5
280 1000 3520 2.1
280 1200 3940 4.4
280 1400 4820 4.1
280 1600 5640 3.5
280 1800 6340 4.8
281 0 0 4
281 200 800 3.7
281 400 1540 3.9
281 600 2320 3.5
281 800 3020 2.5
281 1000 3520 2.1
281 1200 3940 4.4
281 1400 4820 4.1
281 1600 5640 3.5
281 1800 6340 4.8
282 0 0 4
282 200 800 3.7
282 400 1540 3.9
282 600 2320 3.5
282 800 3020 2.5
282 1000 3520 2.1
282 1200 3940 4.4
282 1400 4820 4.1
282 1600 5640 3.5
282 1800 6340 4.8
283 0 0 4
283 200 800 3.7
283 400 1540 3.9
283 600 2320 3.5
283 800 3020 2.5
283 1000 3520 2.1
283 1200 3940 4.4
283 1400 4820 4.1
283 1600 5640 3.5
283 1800 6340 4.8
284 0 0 4
284 200 800 3.7
284 400 1540 3.9
284 600 2320 3.5
284 800 3020 2.5
284 1000 3520 2.1
284 1200 3940 4.4
284 1400 4820 4.1
284 1600 5640 3.5
284 1800 6340 4.8
285 0 0 4
285 200 800 3.7
285 400 1540 3.9
285 600 2320 3.5
285 800 3020 2.5
285 1000 3520 2.1
285 1200 3940 4.4
285 1400 4820 4.1
285 1600 5640 3.5
285 1800 6340 4.8
286 0 0 4
286 200 800 3.7
286 400 1540 3.9
286 600 2320 3.5
286 800 3020 2.5
286 1000 3520 2.1
286 1200 3940 4.4
286 1400 4820 4.1
286 1600 5640 3.5
286 1800 6340 4.8
287 0 0 4
287 200 800 3.7
287 400 1540 3.9
287 600 2320 3.5
287 800 3020 2.5
287 1000 3520 2.1
287 1200 3940 4.4
287 1400 4820 4.1
287 1600 5640 3.5
287 1800 6340 4.8
288 0 0 4
288 200 800 3.7
288 400 1540 3.9
288 600 2320 3.5
288 800 3020 2.5
288 1000 3520 2.1
288 1200 3940 4.4
288 1400 4820 4.1
288 1600 5640 3.5
288 1800 6340 4.8
289 0 0 4
289 200 800 3.7
289 400 1540 3.9
289 600 2320 3.5
289 800 3020 2.5
289 1000 3520 2.1
289 1200 3940 4.4
289 1400 4820 4.1
289 1600 5640 3.5
289 1800 6340 4.8
290 0 0 4
290 200 800 3.7
290 400 1540 3.9
290 600 2320 3.5
290 800 3020 2.5
290 1000 3520 2.1
290 1200 3940 4.4
290 1400 4820 4.1
290 1600 5640 3.5
290 1800 6340 4.8
291 0 0 4
291 200 800 3.7
291 400 1540 3.9
291 600 2320 3.5
291 800 3020 2.5
291 1000 3520 2.1
291 1200 3940 4.4
291 1400 4820 4.1
291 1600 5640 3.5
291 1800 6340 4.8
292 0 0 4
292 200 800 3.7
292 400 1540 3.9
292 600 2320 3.5
292 800 3020 2.5
292 1000 3520 2.1
292 1200 3940 4.4
292 1400 4820 4.1
292 1600 5640 3.5
292 1800 6340 4.8
293 0 0 4
293 200 800 3.7
293 400 1540 3.9
293 600 2320 3.5
293 800 3020 2.5
293 1000 3520 2.1
293 1200 3940 4.4
293 1400 4820 4.1
293 1600 5640 3.5
293 1800 6340 4.8
294 0 0 4
294 200 800 3.7
294 400 1540 3.9
294 600 2320 3.5
294 800 3020 2.5
294 1000 3520 2.1
294 1200 3940 4.4
294 1400 4820 4.1
294 1600 5640 3.5
294 1800 6340 4.8
295 0 0 4
295 200 800 3.7
295 400 1540 3.9
295 600 2320 3.5
295 800 3020 2.5
295 1000 3520 2.1
295 1200 3940 4.4
295 1400 4820 4.1
295 1600 5640 3.5
295 1800 6340 4.8
296 0 0 4
296 200 800 3.7
296 400 1540 3.9
296 600 2320 3.5
296 800 3020 2.5
296 1000 3520 2.1
296 1200 3940 4.4
296 1400 4820 4.1
296 1600 5640 3.5
296 1800 6340 4.8
297 0 0 4
297 200 800 3.7
297 400 1540 3.9
297 600 2320 3.5
297 800 3020 2.5
297 1000 3520 2.1
297 1200 3940 4.4
297 1400 4820 4.1
297 1600 5640 3.5
297 1800 6340 4.8
298 0 0 4
298 200 800 3.7
298 400 1540 3.9
298 600 2320 3.5
298 800 3020 2.5
298 1000 3520 2.1
298 1200 3940 4.4
298 1400 4820 4.1
298 1600 5640 3.5
298 1800 6340 4.8
299 0 0 4
299 200 800 3.7
299 400 1540 3.9
299 600 2320 3.5
299 800 3020 2.5
299 1000 3520 2.1
299 1200 3940 4.4
299 1400 4820 4.1
299 1600 5640 3.5
299 1800 6340 4.8
300 0 0 4
300 200 800 3.7
300 400 1540 3.9
300 600 2320 3.5
300 800 3020 2.5
300 1000 3520 2.1
300 1200 3940 4.4
300 1400 4820 4.1
300 1600 5640 3.5
300 1800 6340 4.8
301 0 0 4
301 200 800 3.7
301 400 1540 3.9
301 600 2320 3.5
301 800 3020 2.5
301 1000 3520 2.1
301 1200 3940 4.4
301 1400 4820 4.1
301 1600 5640 3.5
301 1800 6340 4.8
302 0 0 4
302 200 800 3.7
302 400 1540 3.9
302 600 2320 3.5
302 800 3020 2.5
302 1000 3520 2.1
302 1200 3940 4.4
302 1400 4820 4.1
302 1600 5640 3.5
302 1800 6340 4.8
303 0 0 4
303 200 800 3.7
303 400 1540 3.9
303 600 2320 3.5
303 800 3020 2.5
303 1000 3520 2.1
303 1200 3940 4.4
303 1400 4820 4.1
303 1600 5640 3.5
303 1800 6340 4.8
304 0 0 4
304 200 800 3.7
304 400 1540 3.9
304 600 2320 3.5
304 800 3020 2.5
304 1000 3520 2.1
304 1200 3940 4.4
304 1400 4820 4.1
304 1600 5640 3.5
304 1800 6340 4.8
305 0 0 4
305 200 800 3.7
305 400 1540 3.9
305 600 2320 3.5
305 800 3020 2.5
305 1000 3520 2.1
305 1200 3940 4.4
305 1400 4820 4.1
305 1600 5640 3.5
305 1800 6340 4.8
306 0 0 4
306 200 800 3.7
306 400 1540 3.9
306 600 2320 3.5
306 800 3020 2.5
306 1000 3520 2.1
306 1200 3940 4.4
306 1400 4820 4.1
306 1600 5640 3.5
306 1800 6340 4.8
307 0 0 4
307 200 800 3.7
307 400 1540 3.9
307 600 2320 3.5
307 800 3020 2.5
307 1000 3520 2.1
307 1200 3940 4.4
307 1400 4820 4.1
307 1600 5640 3.5
307 1800 6340 4.8
308 0 0 4
308 200 800 3.7
308 400 1540 3.9
308 600 2320 3.5
308 800 3020 2.5
308 1000 3520 2.1
308 1200 3940 4.4
308 1400 4820 4.1
308 1600 5640 3.5
308 1800 6340 4.8
309 0 0 4
309 200 800 3.7
309 400 1540 3.9
309 600 2320 3.5
309 800 3020 2.5
309 1000 3520 2.1
309 1200 3940 4.4
309 1400 4820 4.1
309 1600 5640 3.5
309 1800 6340 4.8
310 0 0 4
310 200 800 3.7
310 400 1540 3.9
310 600 2320 3.5
310 800 3020 2.5
310 1000 3520 2.1
310 1200 3940 4.4
310 1400 4820 4.1
310 1600 5640 3.5
310 1800 6340 4.8
311 0 0 4
311 200 800 3.7
311 400 1540 3.9
311 600 2320 3.5
311 800 3020 2.5
311 1000 3520 2.1
311 1200 3940 4.4
311 1400 4820 4.1
311 1600 5640 3.5
311 1800 6340 4.8
312 0 0 4
312 200 800 3.7
312 400 1540 3.9
312 600 2320 3.5
312 800 3020 2.5
312 1000 3520 2.1
312 1200 3940 4.4
312 1400 4820 4.1
312 1600 5640 3.5
312 1800 6340 4.8
313 0 0 4
313 200 800 3.7
313 400 1540 3.9
313 600 2320 3.5
313 800 3020 2.5
313 1000 3520 2.1
313 1200 3940 4.4
313 1400 4820 4.1
313 1600 5640 3.5
313 1800 6340 4.8
314 0 0 4
314 200 800 3.7
314 400 1540 3.9
314 600 2320 3.5
314 800 3020 2.5
314 1000 3520 2.1
314 1200 3940 4.4
314 1400 4820 4.1
314 1600 5640 3.5
314 1800 6340 4.8
315 0 0 4
315 200 800 3.7
315 400 1540 3.9
315 600 2320 3.5
315 800 3020 2.5
315 1000 3520 2.1
315 1200 3940 4.4
315 1400 4820 4.1
315 1600 5640 3.5
315 1800 6340 4.8
316 0 0 4
316 200 800 3.7
316 400 1540 3.9
316 600 2320 3.5
316 800 3020 2.5
316 1000 3520 2.1
316 1200 3940 4.4
316 1400 4820 4.1
316 1600 5640 3.5
316 1800 6340 4.8
317 0 0 4
317 200 800 3.7
317 400 1540 3.9
317 600 2320 3.5
317 800 3020 2.5
317 1000 3520 2.1
317 1200 3940 4.4
317 1400 4820 4.1
317 1600 5640 3.5
317 1800 6340 4.8
318 0 0 4
318 200 800 3.7
318 400 1540 3.9
318 600 2320 3.5
318 800 3020 2.5
318 1000 3520 2.1
318 1200 3940 4.4
318 1400 4820 4.1
318 1600 5640 3.5
318 1800 6340 4.8
319 0 0 4
319 200 800 3.7
319 400 1540 3.9
319 600 2320 3.5
319 800 3020 2.5
319 1000 3520 2.1
319 1200 3940 4.4
319 1400 4820 4.1
319 1600 5640 3.5
319 1800 6340 4.8
320 0 0 4
320 200 800 3.7
320 400 1540 3.9
320 600 2320 3.5
320 800 3020 2.5
320 1000 3520 2.1
320 1200 3940 4.4
320 1400 4820 4.1
320 1600 5640 3.5
320 1800 6340 4.8
321 0 0 4
321 200 800 3.7
321 400 1540 3.9
321 600 2320 3.5
321 800 3020 2.5
321 1000 3520 2.1
321 1200 3940 4.4
321 1400 4820 4.1
321 1600 5640 3.5
321 1800 6340 4.8
322 0 0 4
322 200 800 3.7
322 400 1540 3.9
322 600 2320 3.5
322 800 3020 2.5
322 1000 3520 2.1
322 1200 3940 4.4
322 1400 4820 4.1
322 1600 5640 3.5
322 1800 6340 4.8
323 0 0 4
323 200 800 3.7
323 400 1540 3.9
323 600 2320 3.5
323 800 3020 2.5
323 1000 3520 2.1
323 1200 3940 4.4
323 1400 4820 4.1
323 1600 5640 3.5
323 1800 6340 4.8
324 0 0 4
324 200 800 3.7
324 400 1540 3.9
324 600 2320 3.5
324 800 3020 2.5
324 1000 3520 2.1
324 1200 3940 4.4
324 1400 4820 4.1
324 1600 5640 3.5
324 1800 6340 4.8
325 0 0 4
325 200 800 3.7
325 400 1540 3.9
325 600 2320 3.5
325 800 3020 2.5
325 1000 3520 2.1
325 1200 3940 4.4
325 1400 4820 4.1
325 1600 5640 3.5
325 1800 6340 4.8
326 0 0 4
326 200 800 3.7
326 400 1540 3.9
326 600 2320 3.5
326 800 3020 2.5
326 1000 3520 2.1
326 1200 3940 4.4
326 1400 4820 4.1
326 1600 5640 3.5
326 1800 6340 4.8
327 0 0 4
327 200 800 3.7
327 400 1540 3.9
327 600 2320 3.5
327 800 3020 2.5
327 1000 3520 2.1
327 1200 3940 4.4
327 1400 4820 4.1
327 1600 5640 3.5
327 1800 6340 4.8
328 0 0 4
328 200 800 3.7
328 400 1540 3.9
328 600 2320 3.5
328 800 3020 2.5
328 1000 3520 2.1
328 1200 3940 4.4
328 1400 4820 4.1
328 1600 5640 3.5
328 1800 6340 4.8
329 0 0 4
329 200 800 3.7
329 400 1540 3.9
329 600 2320 3.5
329 800 3020 2.5
329 1000 3520 2.1
329 1200 3940 4.4
329 1400 4820 4.1
329 1600 5640 3.5
329 1800 6340 4.8
330 0 0 4
330 200 800 3.7
330 400 1540 3.9
330 600 2320 3.5
330 800 3020 2.5
330 1000 3520 2.1
330 1200 3940 4.4
330 1400 4820 4.1
330 1600 5640 3.5
330 1800 6340 4.8
331 0 0 4
331 200 800 3.7
331 400 1540 3.9
331 600 2320 3.5
331 800 3020 2.5
331 1000 3520 2.1
331 1200 3940 4.4
331 1400 4820 4.1
331 1600 5640 3.5
331 1800 6340 4.8
332 0 0 4
332 200 800 3.7
332 400 1540 3.9
332 600 2320 3.5
332 800 3020 2.5
332 1000 3520 2.1
332 1200 3940 4.4
332 1400 4820 4.1
332 1600 5640 3.5
332 1800 6340 4.8
333 0 0 4
333 200 800 3.7
333 400 1540 3.9
333 600 2320 3.5
333 800 3020 2.5
333 1000 3520 2.1
333 1200 3940 4.4
333 1400 4820 4.1
333 1600 5640 3.5
333 1800 6340 4.8
334 0 0 4
334 200 800 3.7
334 400 1540 3.9
334 600 2320 3.5
334 800 3020 2.5
334 1000 3520 2.1
334 1200 3940 4.4
334 1400 4820 4.1
334 1600 5640 3.5
334 1800 6340 4.8
335 0 0 4
335 200 800 3.7
335 400 1540 3.9
335 600 2320 3.5
335 800 3020 2.5
335 1000 3520 2.1
335 1200 3940 4.4
335 1400 4820 4.1
335 1600 5640 3.5
335 1800 6340 4.8
336 0 0 4
336 200 800 3.7
336 400 1540 3.9
336 600 2320 3.5
336 800 3020 2.5
336 1000 3520 2.1
336 1200 3940 4.4
336 1400 4820 4.1
336 1600 5640 3.5
336 1800 6340 4.8
337 0 0 4
337 200 800 3.7
337 400 1540 3.9
337 600 2320 3.5
337 800 3020 2.5
337 1000 3520 2.1
337 1200 3940 4.4
337 1400 4820 4.1
337 1600 5640 3.5
337 1800 6340 4.8
338 0 0 4
338 200 800 3.7
338 400 1540 3.9
338 600 2320 3.5
338 800 3020 2.5
338 1000 3520 2.1
338 1200 3940 4.4
338 1400 4820 4.1
338 1600 5640 3.5
338 1800 6340 4.8
339 0 0 4
339 200 800 3.7
339 400 1540 3.9
339 600 2320 3.5
339 800 3020 2.5
339 1000 3520 2.1
339 1200 3940 4.4
339 1400 4820 4.1
339 1600 5640 3.5
339 1800 6340 4.8
340 0 0 4
340 200 800 3.7
340 400 1540 3.9
340 600 2320 3.5
340 800 3020 2.5
340 1000 3520 2.1
340 1200 3940 4.4
340 1400 4820 4.1
340 1600 5640 3.5
340 1800 6340 4.8
341 0 0 4
341 200 800 3.7
341 400 1540 3.9
341 600 2320 3.5
341 800 3020 2.5
341 1000 3520 2.1
341 1200 3940 4.4
341 1400 4820 4.1
341 1600 5640 3.5
341 1800 6340 4.8
342 0 0 4
342 200 800 3.7
342 400 1540 3.9
342 600 2320 3.5
342 800 3020 2.5
342 1000 3520 2.1
342 1200 3940 4.4
342 1400 4820 4.1
342 1600 5640 3.5
342 1800 6340 4.8
343 0 0 4
343 200 800 3.7
343 400 1540 3.9
343 600 2320 3.5
343 800 3020 2.5
343 1000 3520 2.1
343 1200 3940 4.4
343 1400 4820 4.1
343 1600 5640 3.5
343 1800 6340 4.8
344 0 0 4
344 200 800 3.7
344 400 1540 3.9
344 600 2320 3.5
344 800 3020 2.5
344 1000 3520 2.1
344 1200 3940 4.4
344 1400 4820 4.1
344 1600 5640 3.5
344 1800 6340 4.8
345 0 0 4
345 200 800 3.7
345 400 1540 3.9
345 600 2320 3.5
345 800 3020 2.5
345 1000 3520 2.1
345 1200 3940 4.4
345 1400 4820 4.1
345 1600 5640 3.5
345 1800 6340 4.8
346 0 0 4
346 200 800 3.7
346 400 1540 3.9
346 600 2320 3.5
346 800 3020 2.5
346 1000 3520 2.1
346 1200 3940 4.4
346 1400 4820 4.1
346 1600 5640 3.5
346 1800 6340 4.8
347 0 0 4
347 200 800 3.7
347 400 1540 3.9
347 600 2320 3.5
347 800 3020 2.5
347 1000 3520 2.1
347 1200 3940 4.4
347 1400 4820 4.1
347 1600 5640 3.5
347 1800 6340 4.8
348 0 0 4
348 200 800 3.7
348 400 1540 3.9
348 600 2320 3.5
348 800 3020 2.5
348 1000 3520 2.1
348 1200 3940 4.4
348 1400 4820 4.1
348 1600 5640 3.5
348 1800 6340 4.8
349 0 0 4
349 200 800 3.7
349 400 1540 3.9
349 600 2320 3.5
349 800 3020 2.5
349 1000 3520 2.1
349 1200 3940 4.4
349 1400 4820 4.1
349 1600 5640 3.5
349 1800 6340 4.8
350 0 0 4
350 200 800 3.7
350 400 1540 3.9
350 600 2320 3.5
350 800 3020 2.5
350 1000 3520 2.1
350 1200 3940 4.4
350 1400 4820 4.1
350 1600 5640 3.5
350 1800 6340 4.8
351 0 0 4
351 200 800 3.7
351 400 1540 3.9
351 600 2320 3.5
351 800 3020 2.5
351 1000 3520 2.1
351 1200 3940 4.4
351 1400 4820 4.1
351 1600 5640 3.5
351 1800 6340 4.8
352 0 0 4
352 200 800 3.7
352 400 1540 3.9
352 600 2320 3.5
352 800 3020 2.5
352 1000 3520 2.1
352 1200 3940 4.4
352 1400 4820 4.1
352 1600 5640 3.5
352 1800 6340 4.8
353 0 0 4
353 200 800 3.7
353 400 1540 3.9
353 600 2320 3.5
353 800 3020 2.5
353 1000 3520 2.1
353 1200 3940 4.4
353 1400 4820 4.1
353 1600 5640 3.5
353 1800 6340 4.8
354 0 0 4
354 200 800 3.7
354 400 1540 3.9
354 600 2320 3.5
354 800 3020 2.5
354 1000 3520 2.1
354 1200 3940 4.4
354 1400 4820 4.1
354 1600 5640 3.5
354 1800 6340 4.8
355 0 0 4
355 200 800 3.7
355 400 1540 3.9
355 600 2320 3.5
355 800 3020 2.5
355 1000 3520 2.1
355 1200 3940 4.4
355 1400 4820 4.1
355 1600 5640 3.5
355 1800 6340 4.8
356 0 0 4
356 200 800 3.7
356 400 1540 3.9
356 600 2320 3.5
356 800 3020 2.5
356 1000 3520 2.1
356 1200 3940 4.4
356 1400 4820 4.1
356 1600 5640 3.5
356 1800 6340 4.8
357 0 0 4
357 200 800 3.7
357 400 1540 3.9
357 600 2320 3.5
357 800 3020 2.5
357 1000 3520 2.1
357 1200 3940 4.4
357 1400 4820 4.1
357 1600 5640 3.5
357 1800 6340 4.8
358 0 0 4
358 200 800 3.7
358 400 1540 3.9
358 600 2320 3.5
358 800 3020 2.5
358 1000 3520 2.1
358 1200 3940 4.4
358 1400 4820 4.1
358 1600 5640 3.5
358 1800 6340 4.8
359 0 0 4
359 200 800 3.7
359 400 1540 3.9
359 600 2320 3.5
359 800 3020 2.5
359 1000 3520 2.1
359 1200 3940 4.4
359 1400 4820 4.1
359 1600 5640 3.5
359 1800 6340 4.8
360 0 0 4
360 200 800 3.7
360 400 1540 3.9
360 600 2320 3.5
360 800 3020 2.5
360 1000 3520 2.1
360 1200 3940 4.4
360 1400 4820 4.1
360 1600 5640 3.5
360 1800 6340 4.8
361 0 0 4
361 200 800 3.7
361 400 1540 3.9
361 600 2320 3.5
361 800 3020 2.5
361 1000 3520 2.1
361 1200 3940 4.4
361 1400 4820 4.1
361 1600 5640 3.5
361 1800 6340 4.8
362 0 0 4
362 200 800 3.7
362 400 1540 3.9
362 600 2320 3.5
362 800 3020 2.5
362 1000 3520 2.1
362 1200 3940 4.4
362 1400 4820 4.1
362 1600 5640 3.5
362 1800 6340 4.8
363 0 0 4
363 200 800 3.7
363 400 1540 3.9
363 600 2320 3.5
363 800 3020 2.5
363 1000 3520 2.1
363 1200 3940 4.4
363 1400 4820 4.1
363 1600 5640 3.5
363 1800 6340 4.8
364 0 0 4
364 200 800 3.7
364 400 1540 3.9
364 600 2320 3.5
364 800 3020 2.5
364 1000 3520 2.1
364 1200 3940 4.4
364 1400 4820 4.1
364 1600 5640 3.5
364 1800 6340 4.8
365 0 0 4
365 200 800 3.7
365 400 1540 3.9
365 600 2320 3.5
365 800 3020 2.5
365 1000 3520 2.1
365 1200 3940 4.4
365 1400 4820 4.1
365 1600 5640 3.5
365 1800 6340 4.8
366 0 0 4
366 200 800 3.7
366 400 1540 3.9
366 600 2320 3.5
366 800 3020 2.5
366 1000 3520 2.1
366 1200 3940 4.4
366 1400 4820 4.1
366 1600 5640 3.5
366 1800 6340 4.8
367 0 0 4
367 200 800 3.7
367 400 1540 3.9
367 600 2320 3.5
367 800 3020 2.5
367 1000 3520 2.1
367 1200 3940 4.4
367 1400 4820 4.1
367 1600 5640 3.5
367 1800 6340 4.8
368 0 0 4
368 200 800 3.7
368 400 1540 3.9
368 600 2320 3.5
368 800 3020 2.5
368 1000 3520 2.1
368 1200 3940 4.4
368 1400 4820 4.1
368 1600 5640 3.5
368 1800 6340 4.8
369 0 0 4
369 200 800 3.7
369 400 1540 3.9
369 600 2320 3.5
369 800 3020 2.5
369 1000 3520 2.1
369 1200 3940 4.4
369 1400 4820 4.1
369 1600 5640 3.5
369 1800 6340 4.8
370 0 0 4
370 200 800 3.7
370 400 1540 3.9
370 600 2320 3.5
370 800 3020 2.5
370 1000 3520 2.1
370 1200 3940 4.4
370 1400 4820 4.1
370 1600 5640 3.5
370 1800 6340 4.8
371 0 0 4
371 200 800 3.7
371 400 1540 3.9
371 600 2320 3.5
371 800 3020 2.5
371 1000 3520 2.1
371 1200 3940 4.4
371 1400 4820 4.1
371 1600 5640 3.5
371 1800 6340 4.8
372 0 0 4
372 200 800 3.7
372 400 1540 3.9
372 600 2320 3.5
372 800 3020 2.5
372 1000 3520 2.1
372 1200 3940 4.4
372 1400 4820 4.1
372 1600 5640 3.5
372 1800 6340 4.8
373 0 0 4
373 200 800 3.7
373 400 1540 3.9
373 600 2320 3.5
373 800 3020 2.5
373 1000 3520 2.1
373 1200 3940 4.4
373 1400 4820 4.1
373 1600 5640 3.5
373 1800 6340 4.8
374 0 0 4
374 200 800 3.7
374 400 1540 3.9
374 600 2320 3.5
374 800 3020 2.5
374 1000 3520 2.1
374 1200 3940 4.4
374 1400 4820 4.1
374 1600 5640 3.5
374 1800 6340 4.8
375 0 0 4
375 200 800 3.7
375 400 1540 3.9
375 600 2320 3.5
375 800 3020 2.5
375 1000 3520 2.1
375 1200 3940 4.4
375 1400 4820 4.1
375 1600 5640 3.5
375 1800 6340 4.8
376 0 0 4
376 200 800 3.7
376 400 1540 3.9
376 600 2320 3.5
376 800 3020 2.5
376 1000 3520 2.1
376 1200 3940 4.4
376 1400 4820 4.1
376 1600 5640 3.5
376 1800 6340 4.8
377 0 0 4
377 200 800 3.7
377 400 1540 3.9
377 600 2320 3.5
377 800 3020 2.5
377 1000 3520 2.1
377 1200 3940 4.4
377 1400 4820 4.1
377 1600 5640 3.5
377 1800 6340 4.8
378 0 0 4
378 200 800 3.7
378 400 1540 3.9
378 600 2320 3.5
378 800 3020 2.5
378 1000 3520 2.1
378 1200 3940 4.4
378 1400 4820 4.1
378 1600 5640 3.5
378 1800 6340 4.8
379 0 0 4
379 200 800 3.7
379 400 1540 3.9
379 600 2320 3.5
379 800 3020 2.5
379 1000 3520 2.1
379 1200 3940 4.4
379 1400 4820 4.1
379 1600 5640 3.5
379 1800 6340 4.8
380 0 0 4
380 200 800 3.7
380 400 1540 3.9
380 600 2320 3.5
380 800 3020 2.5
380 1000 3520 2.1
380 1200 3940 4.4
380 1400 4820 4.1
380 1600 5640 3.5
380 1800 6340 4.8
381 0 0 4
381 200 800 3.7
381 400 1540 3.9
381 600 2320 3.5
381 800 3020 2.5
381 1000 3520 2.1
381 1200 3940 4.4
381 1400 4820 4.1
381 1600 5640 3.5
381 1800 6340 4.8
382 0 0 4
382 200 800 3.7
382 400 1540 3.9
382 600 2320 3.5
382 800 3020 2.5
382 1000 3520 2.1
382 1200 3940 4.4
382 1400 4820 4.1
382 1600 5640 3.5
382 1800 6340 4.8
383 0 0 4
383 200 800 3.7
383 400 1540 3.9
383 600 2320 3.5
383 800 3020 2.5
383 1000 3520 2.1
383 1200 3940 4.4
383 1400 4820 4.1
383 1600 5640 3.5
383 1800 6340 4.8
384 0 0 4
384 200 800 3.7
384 400 1540 3.9
384 600 2320 3.5
384 800 3020 2.5
384 1000 3520 2.1
384 1200 3940 4.4
384 1400 4820 4.1
384 1600 5640 3.5
384 1800 6340 4.8
385 0 0 4
385 200 800 3.7
385 400 1540 3.9
385 600 2320 3.5
385 800 3020 2.5
385 1000 3520 2.1
385 1200 3940 4.4
385 1400 4820 4.1
385 1600 5640 3.5
385 1800 6340 4.8
386 0 0 4
386 200 800 3.7
386 400 1540 3.9
386 600 2320 3.5
386 800 3020 2.5
386 1000 3520 2.1
386 1200 3940 4.4
386 1400 4820 4.1
386 1600 5640 3.5
386 1800 6340 4.8
387 0 0 4
387 200 800 3.7
387 400 1540 3.9
387 600 2320 3.5
387 800 3020 2.5
387 1000 3520 2.1
387 1200 3940 4.4
387 1400 4820 4.1
387 1600 5640 3.5
387 1800 6340 4.8
388 0 0 4
388 200 800 3.7
388 400 1540 3.9
388 600 2320 3.5
388 800 3020 2.5
388 1000 3520 2.1
388 1200 3940 4.4
388 1400 4820 4.1
388 1600 5640 3.5
388 1800 6340 4.8
389 0 0 4
389 200 800 3.7
389 400 1540 3.9
389 600 2320 3.5
389 800 3020 2.5
389 1000 3520 2.1
389 1200 3940 4.4
389 1400 4820 4.1
389 1600 5640 3.5
389 1800 6340 4.8
390 0 0 4
390 200 800 3.7
390 400 1540 3.9
390 600 2320 3.5
390 800 3020 2.5
390 1000 3520 2.1
390 1200 3940 4.4
390 1400 4820 4.1
390 1600 5640 3.5
390 1800 6340 4.8
391 0 0 4
391 200 800 3.7
391 400 1540 3.9
391 600 2320 3.5
391 800 3020 2.5
391 1000 3520 2.1
391 1200 3940 4.4
391 1400 4820 4.1
391 1600 5640 3.5
391 1800 6340 4.8
392 0 0 4
392 200 800 3.7
392 400 1540 3.9
392 600 2320 3.5
392 800 3020 2.5
392 1000 3520 2.1
392 1200 3940 4.4
392 1400 4820 4.1
392 1600 5640 3.5
392 1800 6340 4.8
393 0 0 4
393 200 800 3.7
393 400 1540 3.9
393 600 2320 3.5
393 800 3020 2.5
393 1000 3520 2.1
393 1200 3940 4.4
393 1400 4820 4.1
393 1600 5640 3.5
393 1800 6340 4.8
394 0 0 4
394 200 800 3.7
394 400 1540 3.9
394 600 2320 3.5
394 800 3020 2.5
394 1000 3520 2.1
394 1200 3940 4.4
394 1400 4820 4.1
394 1600 5640 3.5
394 1800 6340 4.8
395 0 0 4
395 200 800 3.7
395 400 1540 3.9
395 600 2320 3.5
395 800 3020 2.5
395 1000 3520 2.1
395 1200 3940 4.4
395 1400 4820 4.1
395 1600 5640 3.5
395 1800 6340 4.8
396 0 0 4
396 200 800 3.7
396 400 1540 3.9
396 600 2320 3.5
396 800 3020 2.5
396 1000 3520 2.1
396 1200 3940 4.4
396 1400 4820 4.1
396 1600 5640 3.5
396 1800 6340 4.8
397 0 0 4
397 200 800 3.7
397 400 1540 3.9
397 600 2320 3.5
397 800 3020 2.5
397 1000 3520 2.1
397 1200 3940 4.4
397 1400 4820 4.1
397 1600 5640 3.5
397 1800 6340 4.8
398 0 0 4
398 200 800 3.7
398 400 1540 3.9
398 600 2320 3.5
398 800 3020 2.5
398 1000 3520 2.1
398 1200 3940 4.4
398 1400 4820 4.1
398 1600 5640 3.5
398 1800 6340 4.8
399 0 0 4
399 200 800 3.7
399 400 1540 3.9
399 600 2320 3.5
399 800 3020 2.5
399 1000 3520 2.1
399 1200 3940 4.4
399 1400 4820 4.1
399 1600 5640 3.5
399 1800 6340 4.8
400 0 0 4
400 200 800 3.7
400 400 1540 3.9
400 600 2320 3.5
400 800 3020 2.5
400 1000 3520 2.1
400 1200 3940 4.4
400 1400 4820 4.1
400 1600 5640 3.5
400 1800 6340 4.8
401 0 0 4
401 200 800 3.7
401 400 1540 3.9
401 600 2320 3.5
401 800 3020 2.5
401 1000 3520 2.1
401 1200 3940 4.4
401 1400 4820 4.1
401 1600 5640 3.5
401 1800 6340 4.8
402 0 0 4
402 200 800 3.7
402 400 1540 3.9
402 600 2320 3.5
402 800 3020 2.5
402 1000 3520 2.1
402 1200 3940 4.4
402 1400 4820 4.1
402 1600 5640 3.5
402 1800 6340 4.8
403 0 0 4
403 200 800 3.7
403 400 1540 3.9
403 600 2320 3.5
403 800 3020 2.5
403 1000 3520 2.1
403 1200 3940 4.4
403 1400 4820 4.1
403 1600 5640 3.5
403 1800 6340 4.8
404 0 0 4
404 200 800 3.7
404 400 1540 3.9
404 600 2320 3.5
404 800 3020 2.5
404 1000 3520 2.1
404 1200 3940 4.4
404 1400 4820 4.1
404 1600 5640 3.5
404 1800 6340 4.8
405 0 0 4
405 200 800 3.7
405 400 1540 3.9
405 600 2320 3.5
405 800 3020 2.5
405 1000 3520 2.1
405 1200 3940 4.4
405 1400 4820 4.1
405 1600 5640 3.5
405 1800 6340 4.8
406 0 0 4
406 200 800 3.7
406 400 1540 3.9
406 600 2320 3.5
406 800 3020 2.5
406 1000 3520 2.1
406 1200 3940 4.4
406 1400 4820 4.1
406 1600 5640 3.5
406 1800 6340 4.8
407 0 0 4
407 200 800 3.7
407 400 1540 3.9
407 600 2320 3.5
407 800 3020 2.5
407 1000 3520 2.1
407 1200 3940 4.4
407 1400 4820 4.1
407 1600 5640 3.5
407 1800 6340 4.8
408 0 0 4
408 200 800 3.7
408 400 1540 3.9
408 600 2320 3.5
408 800 3020 2.5
408 1000 3520 2.1
408 1200 3940 4.4
408 1400 4820 4.1
408 1600 5640 3.5
408 1800 6340 4.8
409 0 0 4
409 200 800 3.7
409 400 1540 3.9
409 600 2320 3.5
409 800 3020 2.5
409 1000 3520 2.1
409 1200 3940 4.4
409 1400 4820 4.1
409 1600 5640 3.5
409 1800 6340 4.8
410 0 0 4
410 200 800 3.7
410 400 1540 3.9
410 600 2320 3.5
410 800 3020 2.5
410 1000 3520 2.1
410 1200 3940 4.4
410 1400 4820 4.1
410 1600 5640 3.5
410 1800 6340 4.8
411 0 0 4
411 200 800 3.7
411 400 1540 3.9
411 600 2320 3.5
411 800 3020 2.5
411 1000 3520 2.1
411 1200 3940 4.4
411 1400 4820 4.1
411 1600 5640 3.5
411 1800 6340 4.8
412 0 0 4
412 200 800 3.7
412 400 1540 3.9
412 600 2320 3.5
412 800 3020 2.5
412 1000 3520 2.1
412 1200 3940 4.4
412 1400 4820 4.1
412 1600 5640 3.5
412 1800 6340 4.8
413 0 0 4
413 200 800 3.7
413 400 1540 3.9
413 600 2320 3.5
413 800 3020 2.5
413 1000 3520 2.1
413 1200 3940 4.4
413 1400 4820 4.1
413 1600 5640 3.5
413 1800 6340 4.8
414 0 0 4
414 200 800 3.7
414 400 1540 3.9
414 600 2320 3.5
414 800 3020 2.5
414 1000 3520 2.1
414 1200 3940 4.4
414 1400 4820 4.1
414 1600 5640 3.5
414 1800 6340 4.8
415 0 0 4
415 200 800 3.7
415 400 1540 3.9
415 600 2320 3.5
415 800 3020 2.5
415 1000 3520 2.1
415 1200 3940 4.4
415 1400 4820 4.1
415 1600 5640 3.5
415 1800 6340 4.8
416 0 0 4
416 200 800 3.7
416 400 1540 3.9
416 600 2320 3.5
416 800 3020 2.5
416 1000 3520 2.1
416 1200 3940 4.4
416 1400 4820 4.1
416 1600 5640 3.5
416 1800 6340 4.8
417 0 0 4
417 200 800 3.7
417 400 1540 3.9
417 600 2320 3.5
417 800 3020 2.5
417 1000 3520 2.1
417 1200 3940 4.4
417 1400 4820 4.1
417 1600 5640 3.5
417 1800 6340 4.8
418 0 0 4
418 200 800 3.7
418 400 1540 3.9
418 600 2320 3.5
418 800 3020 2.5
418 1000 3520 2.1
418 1200 3940 4.4
418 1400 4820 4.1
418 1600 5640 3.5
418 1800 6340 4.8
419 0 0 4
419 200 800 3.7
419 400 1540 3.9
419 600 2320 3.5
419 800 3020 2.5
419 1000 3520 2.1
419 1200 3940 4.4
419 1400 4820 4.1
419 1600 5640 3.5
419 1800 6340 4.8
420 0 0 4
420 200 800 3.7
420 400 1540 3.9
420 600 2320 3.5
420 800 3020 2.5
420 1000 3520 2.1
420 1200 3940 4.4
420 1400 4820 4.1
420 1600 5640 3.5
420 1800 6340 4.8
421 0 0 4
421 200 800 3.7
421 400 1540 3.9
421 600 2320 3.5
421 800 3020 2.5
421 1000 3520 2.1
421 1200 3940 4.4
421 1400 4820 4.1
421 1600 5640 3.5
421 1800 6340 4.8
422 0 0 4
422 200 800 3.7
422 400 1540 3.9
422 600 2320 3.5
422 800 3020 2.5
422 1000 3520 2.1
422 1200 3940 4.4
422 1400 4820 4.1
422 1600 5640 3.5
422 1800 6340 4.8
423 0 0 4
423 200 800 3.7
423 400 1540 3.9
423 600 2320 3.5
423 800 3020 2.5
423 1000 3520 2.1
423 1200 3940 4.4
423 1400 4820 4.1
423 1600 5640 3.5
423 1800 6340 4.8
424 0 0 4
424 200 800 3.7
424 400 1540 3.9
424 600 2320 3.5
424 800 3020 2.5
424 1000 3520 2.1
424 1200 3940 4.4
424 1400 4820 4.1
424 1600 5640 3.5
424 1800 6340 4.8
425 0 0 4
425 200 800 3.7
425 400 1540 3.9
425 600 2320 3.5
425 800 3020 2.5
425 1000 3520 2.1
425 1200 3940 4.4
425 1400 4820 4.1
425 1600 5640 3.5
425 1800 6340 4.8
426 0 0 4
426 200 800 3.7
426 400 1540 3.9
426 600 2320 3.5
426 800 3020 2.5
426 1000 3520 2.1
426 1200 3940 4.4
426 1400 4820 4.1
426 1600 5640 3.5
426 1800 6340 4.8
427 0 0 4
427 200 800 3.7
427 400 1540 3.9
427 600 2320 3.5
427 800 3020 2.5
427 1000 3520 2.1
427 1200 3940 4.4
427 1400 4820 4.1
427 1600 5640 3.5
427 1800 6340 4.8
428 0 0 4
428 200 800 3.7
428 400 1540 3.9
428 600 2320 3.5
428 800 3020 2.5
428 1000 3520 2.1
428 1200 3940 4.4
428 1400 4820 4.1
428 1600 5640 3.5
428 1800 6340 4.8
429 0 0 4
429 200 800 3.7
429 400 1540 3.9
429 600 2320 3.5
429 800 3020 2.5
429 1000 3520 2.1
429 1200 3940 4.4
429 1400 4820 4.1
429 1600 5640 3.5
429 1800 6340 4.8
430 0 0 4
430 200 800 3.7
430 400 1540 3.9
430 600 2320 3.5
430 800 3020 2.5
430 1000 3520 2.1
430 1200 3940 4.4
430 1400 4820 4.1
430 1600 5640 3.5
430 1800 6340 4.8
431 0 0 4
431 200 800 3.7
431 400 1540 3.9
431 600 2320 3.5
431 800 3020 2.5
431 1000 3520 2.1
431 1200 3940 4.4
431 1400 4820 4.1
431 1600 5640 3.5
431 1800 6340 4.8
432 0 0 4
432 200 800 3.7
432 400 1540 3.9
432 600 2320 3.5
432 800 3020 2.5
432 1000 3520 2.1
432 1200 3940 4.4
432 1400 4820 4.1
432 1600 5640 3.5
432 1800 6340 4.8
433 0 0 4
433 200 800 3.7
433 400 1540 3.9
433 600 2320 3.5
433 800 3020 2.5
433 1000 3520 2.1
433 1200 3940 4.4
433 1400 4820 4.1
433 1600 5640 3.5
433 1800 6340 4.8
434 0 0 4
434 200 800 3.7
434 400 1540 3.9
434 600 2320 3.5
434 800 3020 2.5
434 1000 3520 2.1
434 1200 3940 4.4
434 1400 4820 4.1
434 1600 5640 3.5
434 1800 6340 4.8
435 0 0 4
435 200 800 3.7
435 400 1540 3.9
435 600 2320 3.5
435 800 3020 2.5
435 1000 3520 2.1
435 1200 3940 4.4
435 1400 4820 4.1
435 1600 5640 3.5
435 1800 6340 4.8
436 0 0 4
436 200 800 3.7
436 400 1540 3.9
436 600 2320 3.5
436 800 3020 2.5
436 1000 3520 2.1
436 1200 3940 4.4
436 1400 4820 4.1
436 1600 5640 3.5
436 1800 6340 4.8
437 0 0 4
437 200 800 3.7
437 400 1540 3.9
437 600 2320 3.5
437 800 3020 2.5
437 1000 3520 2.1
437 1200 3940 4.4
437 1400 4820 4.1
437 1600 5640 3.5
437 1800 6340 4.8
438 0 0 4
438 200 800 3.7
438 400 1540 3.9
438 600 2320 3.5
438 800 3020 2.5
438 1000 3520 2.1
438 1200 3940 4.4
438 1400 4820 4.1
438 1600 5640 3.5
438 1800 6340 4.8
439 0 0 4
439 200 800 3.7
439 400 1540 3.9
439 600 2320 3.5
439 800 3020 2.5
439 1000 3520 2.1
439 1200 3940 4.4
439 1400 4820 4.1
439 1600 5640 3.5
439 1800 6340 4.8
440 0 0 4
440 200 800 3.7
440 400 1540 3.9
440 600 2320 3.5
440 800 3020 2.5
440 1000 3520 2.1
440 1200 3940 4.4
440 1400 4820 4.1
440 1600 5640 3.5
440 1800 6340 4.8
441 0 0 4
441 200 800 3.7
441 400 1540 3.9
441 600 2320 3.5
441 800 3020 2.5
441 1000 3520 2.1
441 1200 3940 4.4
441 1400 4820 4.1
441 1600 5640 3.5
441 1800 6340 4.8
442 0 0 4
442 200 800 3.7
442 400 1540 3.9
442 600 2320 3.5
442 800 3020 2.5
442 1000 3520 2.1
442 1200 3940 4.4
442 1400 4820 4.1
442 1600 5640 3.5
442 1800 6340 4.8
443 0 0 4
443 200 800 3.7
443 400 1540 3.9
443 600 2320 3.5
443 800 3020 2.5
443 1000 3520 2.1
443 1200 3940 4.4
443 1400 4820 4.1
443 1600 5640 3.5
443 1800 6340 4.8
444 0 0 4
444 200 800 3.7
444 400 1540 3.9
444 600 2320 3.5
444 800 3020 2.5
444 1000 3520 2.1
444 1200 3940 4.4
444 1400 4820 4.1
444 1600 5640 3.5
444 1800 6340 4.8
445 0 0 4
445 200 800 3.7
445 400 1540 3.9
445 600 2320 3.5
445 800 3020 2.5
445 1000 3520 2.1
445 1200 3940 4.4
445 1400 4820 4.1
445 1600 5640 3.5
445 1800 6340 4.8
446 0 0 4
446 200 800 3.7
446 400 1540 3.9
446 600 2320 3.5
446 800 3020 2.5
446 1000 3520 2.1
446 1200 3940 4.4
446 1400 4820 4.1
446 1600 5640 3.5
446 1800 6340 4.8
447 0 0 4
447 200 800 3.7
447 400 1540 3.9
447 600 2320 3.5
447 800 3020 2.5
447 1000 3520 2.1
447 1200 3940 4.4
447 1400 4820 4.1
447 1600 5640 3.5
447 1800 6340 4.8
448 0 0 4
448 200 800 3.7
448 400 1540 3.9
448 600 2320 3.5
448 800 3020 2.5
448 1000 3520 2.1
448 1200 3940 4.4
448 1400 4820 4.1
448 1600 5640 3.5
448 1800 6340 4.8
449 0 0 4
449 200 800 3.7
449 400 1540 3.9
449 600 2320 3.5
449 800 3020 2.5
449 1000 3520 2.1
449 1200 3940 4.4
449 1400 4820 4.1
449 1600 5640 3.5
449 1800 6340 4.8
450 0 0 4
450 200 800 3.7
450 400 1540 3.9
450 600 2320 3.5
450 800 3020 2.5
450 1000 3520 2.1
450 1200 3940 4.4
450 1400 4820 4.1
450 1600 5640 3.5
450 1800 6340 4.8
451 0 0 4
451 200 800 3.7
451 400 1540 3.9
451 600 2320 3.5
451 800 3020 2.5
451 1000 3520 2.1
451 1200 3940 4.4
451 1400 4820 4.1
451 1600 5640 3.5
451 1800 6340 4.8
452 0 0 4
452 200 800 3.7
452 400 1540 3.9
452 600 2320 3.5
452 800 3020 2.5
452 1000 3520 2.1
452 1200 3940 4.4
452 1400 4820 4.1
452 1600 5640 3.5
452 1800 6340 4.8
453 0 0 4
453 200 800 3.7
453 400 1540 3.9
453 600 2320 3.5
453 800 3020 2.5
453 1000 3520 2.1
453 1200 3940 4.4
453 1400 4820 4.1
453 1600 5640 3.5
453 1800 6340 4.8
454 0 0 4
454 200 800 3.7
454 400 1540 3.9
454 600 2320 3.5
454 800 3020 2.5
454 1000 3520 2.1
454 1200 3940 4.4
454 1400 4820 4.1
454 1600 5640 3.5
454 1800 6340 4.8
455 0 0 4
455 200 800 3.7
455 400 1540 3.9
455 600 2320 3.5
455 800 3020 2.5
455 1000 3520 2.1
455 1200 3940 4.4
455 1400 4820 4.1
455 1600 5640 3.5
455 1800 6340 4.8
456 0 0 4
456 200 800 3.7
456 400 1540 3.9
456 600 2320 3.5
456 800 3020 2.5
456 1000 3520 2.1
456 1200 3940 4.4
456 1400 4820 4.1
456 1600 5640 3.5
456 1800 6340 4.8
457 0 0 4
457 200 800 3.7
457 400 1540 3.9
457 600 2320 3.5
457 800 3020 2.5
457 1000 3520 2.1
457 1200 3940 4.4
457 1400 4820 4.1
457 1600 5640 3.5
457 1800 6340 4.8
458 0 0 4
458 200 800 3.7
458 400 1540 3.9
458 600 2320 3.5
458 800 3020 2.5
458 1000 3520 2.1
458 1200 3940 4.4
458 1400 4820 4.1
458 1600 5640 3.5
458 1800 6340 4.8
459 0 0 4
459 200 800 3.7
459 400 1540 3.9
459 600 2320 3.5
459 800 3020 2.5
459 1000 3520 2.1
459 1200 3940 4.4
459 1400 4820 4.1
459 1600 5640 3.5
459 1800 6340 4.8
460 0 0 4
460 200 800 3.7
460 400 1540 3.9
460 600 2320 3.5
460 800 3020 2.5
460 1000 3520 2.1
460 1200 3940 4.4
460 1400 4820 4.1
460 1600 5640 3.5
460 1800 6340 4.8
461 0 0 4
461 200 800 3.7
461 400 1540 3.9
461 600 2320 3.5
461 800 3020 2.5
461 1000 3520 2.1
461 1200 3940 4.4
461 1400 4820 4.1
461 1600 5640 3.5
461 1800 6340 4.8
462 0 0 4
462 200 800 3.7
462 400 1540 3.9
462 600 2320 3.5
462 800 3020 2.5
462 1000 3520 2.1
462 1200 3940 4.4
462 1400 4820 4.1
462 1600 5640 3.5
462 1800 6340 4.8
463 0 0 4
463 200 800 3.7
463 400 1540 3.9
463 600 2320 3.5
463 800 3020 2.5
463 1000 3520 2.1
463 1200 3940 4.4
463 1400 4820 4.1
463 1600 5640 3.5
463 1800 6340 4.8
464 0 0 4
464 200 800 3.7
464 400 1540 3.9
464 600 2320 3.5
464 800 3020 2.5
464 1000 3520 2.1
464 1200 3940 4.4
464 1400 4820 4.1
464 1600 5640 3.5
464 1800 6340 4.8
465 0 0 4
465 200 800 3.7
465 400 1540 3.9
465 600 2320 3.5
465 800 3020 2.5
465 1000 3520 2.1
465 1200 3940 4.4
465 1400 4820 4.1
465 1600 5640 3.5
465 1800 6340 4.8
466 0 0 4
466 200 800 3.7
466 400 1540 3.9
466 600 2320 3.5
466 800 3020 2.5
466 1000 3520 2.1
466 1200 3940 4.4
466 1400 4820 4.1
466 1600 5640 3.5
466 1800 6340 4.8
467 0 0 4
467 200 800 3.7
467 400 1540 3.9
467 600 2320 3.5
467 800 3020 2.5
467 1000 3520 2.1
467 1200 3940 4.4
467 1400 4820 4.1
467 1600 5640 3.5
467 1800 6340 4.8
468 0 0 4
468 200 800 3.7
468 400 1540 3.9
468 600 2320 3.5
468 800 3020 2.5
468 1000 3520 2.1
468 1200 3940 4.4
468 1400 4820 4.1
468 1600 5640 3.5
468 1800 6340 4.8
469 0 0 4
469 200 800 3.7
469 400 1540 3.9
469 600 2320 3.5
469 800 3020 2.5
469 1000 3520 2.1
469 1200 3940 4.4
469 1400 4820 4.1
469 1600 5640 3.5
469 1800 6340 4.8
470 0 0 4
470 200 800 3.7
470 400 1540 3.9
470 600 2320 3.5
470 800 3020 2.5
470 1000 3520 2.1
470 1200 3940 4.4
470 1400 4820 4.1
470 1600 5640 3.5
470 1800 6340 4.8
471 0 0 4
471 200 800 3.7
471 400 1540 3.9
471 600 2320 3.5
471 800 3020 2.5
471 1000 3520 2.1
471 1200 3940 4.4
471 1400 4820 4.1
471 1600 5640 3.5
471 1800 6340 4.8
472 0 0 4
472 200 800 3.7
472 400 1540 3.9
472 600 2320 3.5
472 800 3020 2.5
472 1000 3520 2.1
472 1200 3940 4.4
472 1400 4820 4.1
472 1600 5640 3.5
472 1800 6340 4.8
473 0 0 4
473 200 800 3.7
473 400 1540 3.9
473 600 2320 3.5
473 800 3020 2.5
473 1000 3520 2.1
473 1200 3940 4.4
473 1400 4820 4.1
473 1600 5640 3.5
473 1800 6340 4.8
474 0 0 4
474 200 800 3.7
474 400 1540 3.9
474 600 2320 3.5
474 800 3020 2.5
474 1000 3520 2.1
474 1200 3940 4.4
474 1400 4820 4.1
474 1600 5640 3.5
474 1800 6340 4.8
475 0 0 4
475 200 800 3.7
475 400 1540 3.9
475 600 2320 3.5
475 800 3020 2.5
475 1000 3520 2.1
475 1200 3940 4.4
475 1400 4820 4.1
475 1600 5640 3.5
475 1800 6340 4.8
476 0 0 4
476 200 800 3.7
476 400 1540 3.9
476 600 2320 3.5
476 800 3020 2.5
476 1000 3520 2.1
476 1200 3940 4.4
476 1400 4820 4.1
476 1600 5640 3.5
476 1800 6340 4.8
477 0 0 4
477 200 800 3.7
477 400 1540 3.9
477 600 2320 3.5
477 800 3020 2.5
477 1000 3520 2.1
477 1200 3940 4.4
477 1400 4820 4.1
477 1600 5640 3.5
477 1800 6340 4.8
478 0 0 4
478 200 800 3.7
478 400 1540 3.9
478 600 2320 3.5
478 800 3020 2.5
478 1000 3520 2.1
478 1200 3940 4.4
478 1400 4820 4.1
478 1600 5640 3.5
478 1800 6340 4.8
479 0 0 4
479 200 800 3.7
479 400 1540 3.9
479 600 2320 3.5
479 800 3020 2.5
479 1000 3520 2.1
479 1200 3940 4.4
479 1400 4820 4.1
479 1600 5640 3.5
479 1800 6340 4.8
480 0 0 4
480 200 800 3.7
480 400 1540 3.9
480 600 2320 3.5
480 800 3020 2.5
480 1000 3520 2.1
480 1200 3940 4.4
480 1400 4820 4.1
480 1600 5640 3.5
480 1800 6340 4.8
481 0 0 4
481 200 800 3.7
481 400 1540 3.9
481 600 2320 3.5
481 800 3020 2.5
481 1000 3520 2.1
481 1200 3940 4.4
481 1400 4820 4.1
481 1600 5640 3.5
481 1800 6340 4.8
482 0 0 4
482 200 800 3.7
482 400 1540 3.9
482 600 2320 3.5
482 800 3020 2.5
482 1000 3520 2.1
482 1200 3940 4.4
482 1400 4820 4.1
482 1600 5640 3.5
482 1800 6340 4.8
483 0 0 4
483 200 800 3.7
483 400 1540 3.9
483 600 2320 3.5
483 800 3020 2.5
483 1000 3520 2.1
483 1200 3940 4.4
483 1400 4820 4.1
483 1600 5640 3.5
483 1800 6340 4.8
484 0 0 4
484 200 800 3.7
484 400 1540 3.9
484 600 2320 3.5
484 800 3020 2.5
484 1000 3520 2.1
484 1200 3940 4.4
484 1400 4820 4.1
484 1600 5640 3.5
484 1800 6340 4.8
485 0 0 4
485 200 800 3.7
485 400 1540 3.9
485 600 2320 3.5
485 800 3020 2.5
485 1000 3520 2.1
485 1200 3940 4.4
485 1400 4820 4.1
485 1600 5640 3.5
485 1800 6340 4.8
486 0 0 4
486 200 800 3.7
486 400 1540 3.9
486 600 2320 3.5
486 800 3020 2.5
486 1000 3520 2.1
486 1200 3940 4.4
486 1400 4820 4.1
486 1600 5640 3.5
486 1800 6340 4.8
487 0 0 4
487 200 800 3.7
487 400 1540 3.9
487 600 2320 3.5
487 800 3020 2.5
487 1000 3520 2.1
487 1200 3940 4.4
487 1400 4820 4.1
487 1600 5640 3.5
487 1800 6340 4.8
488 0 0 4
488 200 800 3.7
488 400 1540 3.9
488 600 2320 3.5
488 800 3020 2.5
488 1000 3520 2.1
488 1200 3940 4.4
488 1400 4820 4.1
488 1600 5640 3.5
488 1800 6340 4.8
489 0 0 4
489 200 800 3.7
489 400 1540 3.9
489 600 2320 3.5
489 800 3020 2.5
489 1000 3520 2.1
489 1200 3940 4.4
489 1400 4820 4.1
489 1600 5640 3.5
489 1800 6340 4.8
490 0 0 4
490 200 800 3.7
490 400 1540 3.9
490 600 2320 3.5
490 800 3020 2.5
490 1000 3520 2.1
490 1200 3940 4.4
490 1400 4820 4.1
490 1600 5640 3.5
490 1800 6340 4.8
491 0 0 4
491 200 800 3.7
491 400 1540 3.9
491 600 2320 3.5
491 800 3020 2.5
491 1000 3520 2.1
491 1200 3940 4.4
491 1400 4820 4.1
491 1600 5640 3.5
491 1800 6340 4.8
492 0 0 4
492 200 800 3.7
492 400 1540 3.9
492 600 2320 3.5
492 800 3020 2.5
492 1000 3520 2.1
492 1200 3940 4.4
492 1400 4820 4.1
492 1600 5640 3.5
492 1800 6340 4.8
493 0 0 4
493 200 800 3.7
493 400 1540 3.9
493 600 2320 3.5
493 800 3020 2.5
493 1000 3520 2.1
493 1200 3940 4.4
493 1400 4820 4.1
493 1600 5640 3.5
493 1800 6340 4.8
494 0 0 4
494 200 800 3.7
494 400 1540 3.9
494 600 2320 3.5
494 800 3020 2.5
494 1000 3520 2.1
494 1200 3940 4.4
494 1400 4820 4.1
494 1600 5640 3.5
494 1800 6340 4.8
495 0 0 4
495 200 800 3.7
495 400 1540 3.9
495 600 2320 3.5
495 800 3020 2.5
495 1000 3520 2.1
495 1200 3940 4.4
495 1400 4820 4.1
495 1600 5640 3.5
495 1800 6340 4.8
496 0 0 4
496 200 800 3.7
496 400 1540 3.9
496 600 2320 3.5
496 800 3020 2.5
496 1000 3520 2.1
496 1200 3940 4.4
496 1400 4820 4.1
496 1600 5640 3.5
496 1800 6340 4.8
497 0 0 4
497 200 800 3.7
497 400 1540 3.9
497 600 2320 3.5
497 800 3020 2.5
497 1000 3520 2.1
497 1200 3940 4.4
497 1400 4820 4.1
497 1600 5640 3.5
497 1800 6340 4.8
498 0 0 4
498 200 800 3.7
498 400 1540 3.9
498 600 2320 3.5
498 800 3020 2.5
498 1000 3520 2.1
498 1200 3940 4.4
498 1400 4820 4.1
498 1600 5640 3.5
498 1800 6340 4.8
499 0 0 4
499 200 800 3.7
499 400 1540 3.9
499 600 2320 3.5
499 800 3020 2.5
499 1000 3520 2.1
499 1200 3940 4.4
499 1400 4820 4.1
499 1600 5640 3.5
499 1800 6340 4.8
