500 4
0 0 0 1.2
0 25 30 4
0 50 130 2.6
0 75 195 3.6
1 0 0 1.2
1 25 30 4
1 50 130 2.6
1 75 195 3.6
2 0 0 1.2
2 25 30 4
2 50 130 2.6
2 75 195 3.6
3 0 0 1.2
3 25 30 4
3 50 130 2.6
3 75 195 3.6
4 0 0 1.2
4 25 30 4
4 50 130 2.6
4 75 195 3.6
5 0 0 1.2
5 25 30 4
5 50 130 2.6
5 75 195 3.6
6 0 0 1.2
6 25 30 4
6 50 130 2.6
6 75 195 3.6
7 0 0 1.2
7 25 30 4
7 50 130 2.6
7 75 195 3.6
8 0 0 1.2
8 25 30 4
8 50 130 2.6
8 75 195 3.6
9 0 0 1.2
9 25 30 4
9 50 130 2.6
9 75 195 3.6
10 0 0 1.2
10 25 30 4
10 50 130 2.6
10 75 195 3.6
11 0 0 1.2
11 25 30 4
11 50 130 2.6
11 75 195 3.6
12 0 0 1.2
12 25 30 4
12 50 130 2.6
12 75 195 3.6
13 0 0 1.2
13 25 30 4
13 50 130 2.6
13 75 195 3.6
14 0 0 1.2
14 25 30 4
14 50 130 2.6
14 75 195 3.6
15 0 0 1.2
15 25 30 4
15 50 130 2.6
15 75 195 3.6
16 0 0 1.2
16 25 30 4
16 50 130 2.6
16 75 195 3.6
17 0 0 1.2
17 25 30 4
17 50 130 2.6
17 75 195 3.6
18 0 0 1.2
18 25 30 4
18 50 130 2.6
18 75 195 3.6
19 0 0 1.2
19 25 30 4
19 50 130 2.6
19 75 195 3.6
20 0 0 1.2
20 25 30 4
20 50 130 2.6
20 75 195 3.6
21 0 0 1.2
21 25 30 4
21 50 130 2.6
21 75 195 3.6
22 0 0 1.2
22 25 30 4
22 50 130 2.6
22 75 195 3.6
23 0 0 1.2
23 25 30 4
23 50 130 2.6
23 75 195 3.6
24 0 0 1.2
24 25 30 4
24 50 130 2.6
24 75 195 3.6
25 0 0 1.2
25 25 30 4
25 50 130 2.6
25 75 195 3.6
26 0 0 1.2
26 25 30 4
26 50 130 2.6
26 75 195 3.6
27 0 0 1.2
27 25 30 4
27 50 130 2.6
27 75 195 3.6
28 0 0 1.2
28 25 30 4
28 50 130 2.6
28 75 195 3.6
29 0 0 1.2
29 25 30 4
29 50 130 2.6
29 75 195 3.6
30 0 0 1.2
30 25 30 4
30 50 130 2.6
30 75 195 3.6
31 0 0 1.2
31 25 30 4
31 50 130 2.6
31 75 195 3.6
32 0 0 1.2
32 25 30 4
32 50 130 2.6
32 75 195 3.6
33 0 0 1.2
33 25 30 4
33 50 130 2.6
33 75 195 3.6
34 0 0 1.2
34 25 30 4
34 50 130 2.6
34 75 195 3.6
35 0 0 1.2
35 25 30 4
35 50 130 2.6
35 75 195 3.6
36 0 0 1.2
36 25 30 4
36 50 130 2.6
36 75 195 3.6
37 0 0 1.2
37 25 30 4
37 50 130 2.6
37 75 195 3.6
38 0 0 1.2
38 25 30 4
38 50 130 2.6
38 75 195 3.6
39 0 0 1.2
39 25 30 4
39 50 130 2.6
39 75 195 3.6
40 0 0 1.2
40 25 30 4
40 50 130 2.6
40 75 195 3.6
41 0 0 1.2
41 25 30 4
41 50 130 2.6
41 75 195 3.6
42 0 0 1.2
42 25 30 4
42 50 130 2.6
42 75 195 3.6
43 0 0 1.2
43 25 30 4
43 50 130 2.6
43 75 195 3.6
44 0 0 1.2
44 25 30 4
44 50 130 2.6
44 75 195 3.6
45 0 0 1.2
45 25 30 4
45 50 130 2.6
45 75 195 3.6
46 0 0 1.2
46 25 30 4
46 50 130 2.6
46 75 195 3.6
47 0 0 1.2
47 25 30 4
47 50 130 2.6
47 75 195 3.6
48 0 0 1.2
48 25 30 4
48 50 130 2.6
48 75 195 3.6
49 0 0 1.2
49 25 30 4
49 50 130 2.6
49 75 195 3.6
50 0 0 1.2
50 25 30 4
50 50 130 2.6
50 75 195 3.6
51 0 0 1.2
51 25 30 4
51 50 130 2.6
51 75 195 3.6
52 0 0 1.2
52 25 30 4
52 50 130 2.6
52 75 195 3.6
53 0 0 1.2
53 25 30 4
53 50 130 2.6
53 75 195 3.6
54 0 0 1.2
54 25 30 4
54 50 130 2.6
54 75 195 3.6
55 0 0 1.2
55 25 30 4
55 50 130 2.6
55 75 195 3.6
56 0 0 1.2
56 25 30 4
56 50 130 2.6
56 75 195 3.6
57 0 0 1.2
57 25 30 4
57 50 130 2.6
57 75 195 3.6
58 0 0 1.2
58 25 30 4
58 50 130 2.6
58 75 195 3.6
59 0 0 1.2
59 25 30 4
59 50 130 2.6
59 75 195 3.6
60 0 0 1.2
60 25 30 4
60 50 130 2.6
60 75 195 3.6
61 0 0 1.2
61 25 30 4
61 50 130 2.6
61 75 195 3.6
62 0 0 1.2
62 25 30 4
62 50 130 2.6
62 75 195 3.6
63 0 0 1.2
63 25 30 4
63 50 130 2.6
63 75 195 3.6
64 0 0 1.2
64 25 30 4
64 50 130 2.6
64 75 195 3.6
65 0 0 1.2
65 25 30 4
65 50 130 2.6
65 75 195 3.6
66 0 0 1.2
66 25 30 4
66 50 130 2.6
66 75 195 3.6
67 0 0 1.2
67 25 30 4
67 50 130 2.6
67 75 195 3.6
68 0 0 1.2
68 25 30 4
68 50 130 2.6
68 75 195 3.6
69 0 0 1.2
69 25 30 4
69 50 130 2.6
69 75 195 3.6
70 0 0 1.2
70 25 30 4
70 50 130 2.6
70 75 195 3.6
71 0 0 1.2
71 25 30 4
71 50 130 2.6
71 75 195 3.6
72 0 0 1.2
72 25 30 4
72 50 130 2.6
72 75 195 3.6
73 0 0 1.2
73 25 30 4
73 50 130 2.6
73 75 195 3.6
74 0 0 1.2
74 25 30 4
74 50 130 2.6
74 75 195 3.6
75 0 0 1.2
75 25 30 4
75 50 130 2.6
75 75 195 3.6
76 0 0 1.2
76 25 30 4
76 50 130 2.6
76 75 195 3.6
77 0 0 1.2
77 25 30 4
77 50 130 2.6
77 75 195 3.6
78 0 0 1.2
78 25 30 4
78 50 130 2.6
78 75 195 3.6
79 0 0 1.2
79 25 30 4
79 50 130 2.6
79 75 195 3.6
80 0 0 1.2
80 25 30 4
80 50 130 2.6
80 75 195 3.6
81 0 0 1.2
81 25 30 4
81 50 130 2.6
81 75 195 3.6
82 0 0 1.2
82 25 30 4
82 50 130 2.6
82 75 195 3.6
83 0 0 1.2
83 25 30 4
83 50 130 2.6
83 75 195 3.6
84 0 0 1.2
84 25 30 4
84 50 130 2.6
84 75 195 3.6
85 0 0 1.2
85 25 30 4
85 50 130 2.6
85 75 195 3.6
86 0 0 1.2
86 25 30 4
86 50 130 2.6
86 75 195 3.6
87 0 0 1.2
87 25 30 4
87 50 130 2.6
87 75 195 3.6
88 0 0 1.2
88 25 30 4
88 50 130 2.6
88 75 195 3.6
89 0 0 1.2
89 25 30 4
89 50 130 2.6
89 75 195 3.6
90 0 0 1.2
90 25 30 4
90 50 130 2.6
90 75 195 3.6
91 0 0 1.2
91 25 30 4
91 50 130 2.6
91 75 195 3.6
92 0 0 1.2
92 25 30 4
92 50 130 2.6
92 75 195 3.6
93 0 0 1.2
93 25 30 4
93 50 130 2.6
93 75 195 3.6
94 0 0 1.2
94 25 30 4
94 50 130 2.6
94 75 195 3.6
95 0 0 1.2
95 25 30 4
95 50 130 2.6
95 75 195 3.6
96 0 0 1.2
96 25 30 4
96 50 130 2.6
96 75 195 3.6
97 0 0 1.2
97 25 30 4
97 50 130 2.6
97 75 195 3.6
98 0 0 1.2
98 25 30 4
98 50 130 2.6
98 75 195 3.6
99 0 0 1.2
99 25 30 4
99 50 130 2.6
99 75 195 3.6
100 0 0 1.2
100 25 30 4
100 50 130 2.6
100 75 195 3.6
101 0 0 1.2
101 25 30 4
101 50 130 2.6
101 75 195 3.6
102 0 0 1.2
102 25 30 4
102 50 130 2.6
102 75 195 3.6
103 0 0 1.2
103 25 30 4
103 50 130 2.6
103 75 195 3.6
104 0 0 1.2
104 25 30 4
104 50 130 2.6
104 75 195 3.6
105 0 0 1.2
105 25 30 4
105 50 130 2.6
105 75 195 3.6
106 0 0 1.2
106 25 30 4
106 50 130 2.6
106 75 195 3.6
107 0 0 1.2
107 25 30 4
107 50 130 2.6
107 75 195 3.6
108 0 0 1.2
108 25 30 4
108 50 130 2.6
108 75 195 3.6
109 0 0 1.2
109 25 30 4
109 50 130 2.6
109 75 195 3.6
110 0 0 1.2
110 25 30 4
110 50 130 2.6
110 75 195 3.6
111 0 0 1.2
111 25 30 4
111 50 130 2.6
111 75 195 3.6
112 0 0 1.2
112 25 30 4
112 50 130 2.6
112 75 195 3.6
113 0 0 1.2
113 25 30 4
113 50 130 2.6
113 75 195 3.6
114 0 0 1.2
114 25 30 4
114 50 130 2.6
114 75 195 3.6
115 0 0 1.2
115 25 30 4
115 50 130 2.6
115 75 195 3.6
116 0 0 1.2
116 25 30 4
116 50 130 2.6
116 75 195 3.6
117 0 0 1.2
117 25 30 4
117 50 130 2.6
117 75 195 3.6
118 0 0 1.2
118 25 30 4
118 50 130 2.6
118 75 195 3.6
119 0 0 1.2
119 25 30 4
119 50 130 2.6
119 75 195 3.6
120 0 0 1.2
120 25 30 4
120 50 130 2.6
120 75 195 3.6
121 0 0 1.2
121 25 30 4
121 50 130 2.6
121 75 195 3.6
122 0 0 1.2
122 25 30 4
122 50 130 2.6
122 75 195 3.6
123 0 0 1.2
123 25 30 4
123 50 130 2.6
123 75 195 3.6
124 0 0 1.2
124 25 30 4
124 50 130 2.6
124 75 195 3.6
125 0 0 1.2
125 25 30 4
125 50 130 2.6
125 75 195 3.6
126 0 0 1.2
126 25 30 4
126 50 130 2.6
126 75 195 3.6
127 0 0 1.2
127 25 30 4
127 50 130 2.6
127 75 195 3.6
128 0 0 1.2
128 25 30 4
128 50 130 2.6
128 75 195 3.6
129 0 0 1.2
129 25 30 4
129 50 130 2.6
129 75 195 3.6
130 0 0 1.2
130 25 30 4
130 50 130 2.6
130 75 195 3.6
131 0 0 1.2
131 25 30 4
131 50 130 2.6
131 75 195 3.6
132 0 0 1.2
132 25 30 4
132 50 130 2.6
132 75 195 3.6
133 0 0 1.2
133 25 30 4
133 50 130 2.6
133 75 195 3.6
134 0 0 1.2
134 25 30 4
134 50 130 2.6
134 75 195 3.6
135 0 0 1.2
135 25 30 4
135 50 130 2.6
135 75 195 3.6
136 0 0 1.2
136 25 30 4
136 50 130 2.6
136 75 195 3.6
137 0 0 1.2
137 25 30 4
137 50 130 2.6
137 75 195 3.6
138 0 0 1.2
138 25 30 4
138 50 130 2.6
138 75 195 3.6
139 0 0 1.2
139 25 30 4
139 50 130 2.6
139 75 195 3.6
140 0 0 1.2
140 25 30 4
140 50 130 2.6
140 75 195 3.6
141 0 0 1.2
141 25 30 4
141 50 130 2.6
141 75 195 3.6
142 0 0 1.2
142 25 30 4
142 50 130 2.6
142 75 195 3.6
143 0 0 1.2
143 25 30 4
143 50 130 2.6
143 75 195 3.6
144 0 0 1.2
144 25 30 4
144 50 130 2.6
144 75 195 3.6
145 0 0 1.2
145 25 30 4
145 50 130 2.6
145 75 195 3.6
146 0 0 1.2
146 25 30 4
146 50 130 2.6
146 75 195 3.6
147 0 0 1.2
147 25 30 4
147 50 130 2.6
147 75 195 3.6
148 0 0 1.2
148 25 30 4
148 50 130 2.6
148 75 195 3.6
149 0 0 1.2
149 25 30 4
149 50 130 2.6
149 75 195 3.6
150 0 0 1.2
150 25 30 4
150 50 130 2.6
150 75 195 3.6
151 0 0 1.2
151 25 30 4
151 50 130 2.6
151 75 195 3.6
152 0 0 1.2
152 25 30 4
152 50 130 2.6
152 75 195 3.6
153 0 0 1.2
153 25 30 4
153 50 130 2.6
153 75 195 3.6
154 0 0 1.2
154 25 30 4
154 50 130 2.6
154 75 195 3.6
155 0 0 1.2
155 25 30 4
155 50 130 2.6
155 75 195 3.6
156 0 0 1.2
156 25 30 4
156 50 130 2.6
156 75 195 3.6
157 0 0 1.2
157 25 30 4
157 50 130 2.6
157 75 195 3.6
158 0 0 1.2
158 25 30 4
158 50 130 2.6
158 75 195 3.6
159 0 0 1.2
159 25 30 4
159 50 130 2.6
159 75 195 3.6
160 0 0 1.2
160 25 30 4
160 50 130 2.6
160 75 195 3.6
161 0 0 1.2
161 25 30 4
161 50 130 2.6
161 75 195 3.6
162 0 0 1.2
162 25 30 4
162 50 130 2.6
162 75 195 3.6
163 0 0 1.2
163 25 30 4
163 50 130 2.6
163 75 195 3.6
164 0 0 1.2
164 25 30 4
164 50 130 2.6
164 75 195 3.6
165 0 0 1.2
165 25 30 4
165 50 130 2.6
165 75 195 3.6
166 0 0 1.2
166 25 30 4
166 50 130 2.6
166 75 195 3.6
167 0 0 1.2
167 25 30 4
167 50 130 2.6
167 75 195 3.6
168 0 0 1.2
168 25 30 4
168 50 130 2.6
168 75 195 3.6
169 0 0 1.2
169 25 30 4
169 50 130 2.6
169 75 195 3.6
170 0 0 1.2
170 25 30 4
170 50 130 2.6
170 75 195 3.6
171 0 0 1.2
171 25 30 4
171 50 130 2.6
171 75 195 3.6
172 0 0 1.2
172 25 30 4
172 50 130 2.6
172 75 195 3.6
173 0 0 1.2
173 25 30 4
173 50 130 2.6
173 75 195 3.6
174 0 0 1.2
174 25 30 4
174 50 130 2.6
174 75 195 3.6
175 0 0 1.2
175 25 30 4
175 50 130 2.6
175 75 195 3.6
176 0 0 1.2
176 25 30 4
176 50 130 2.6
176 75 195 3.6
177 0 0 1.2
177 25 30 4
177 50 130 2.6
177 75 195 3.6
178 0 0 1.2
178 25 30 4
178 50 130 2.6
178 75 195 3.6
179 0 0 1.2
179 25 30 4
179 50 130 2.6
179 75 195 3.6
180 0 0 1.2
180 25 30 4
180 50 130 2.6
180 75 195 3.6
181 0 0 1.2
181 25 30 4
181 50 130 2.6
181 75 195 3.6
182 0 0 1.2
182 25 30 4
182 50 130 2.6
182 75 195 3.6
183 0 0 1.2
183 25 30 4
183 50 130 2.6
183 75 195 3.6
184 0 0 1.2
184 25 30 4
184 50 130 2.6
184 75 195 3.6
185 0 0 1.2
185 25 30 4
185 50 130 2.6
185 75 195 3.6
186 0 0 1.2
186 25 30 4
186 50 130 2.6
186 75 195 3.6
187 0 0 1.2
187 25 30 4
187 50 130 2.6
187 75 195 3.6
188 0 0 1.2
188 25 30 4
188 50 130 2.6
188 75 195 3.6
189 0 0 1.2
189 25 30 4
189 50 130 2.6
189 75 195 3.6
190 0 0 1.2
190 25 30 4
190 50 130 2.6
190 75 195 3.6
191 0 0 1.2
191 25 30 4
191 50 130 2.6
191 75 195 3.6
192 0 0 1.2
192 25 30 4
192 50 130 2.6
192 75 195 3.6
193 0 0 1.2
193 25 30 4
193 50 130 2.6
193 75 195 3.6
194 0 0 1.2
194 25 30 4
194 50 130 2.6
194 75 195 3.6
195 0 0 1.2
195 25 30 4
195 50 130 2.6
195 75 195 3.6
196 0 0 1.2
196 25 30 4
196 50 130 2.6
196 75 195 3.6
197 0 0 1.2
197 25 30 4
197 50 130 2.6
197 75 195 3.6
198 0 0 1.2
198 25 30 4
198 50 130 2.6
198 75 195 3.6
199 0 0 1.2
199 25 30 4
199 50 130 2.6
199 75 195 3.6
200 0 0 1.2
200 25 30 4
200 50 130 2.6
200 75 195 3.6
201 0 0 1.2
201 25 30 4
201 50 130 2.6
201 75 195 3.6
202 0 0 1.2
202 25 30 4
202 50 130 2.6
202 75 195 3.6
203 0 0 1.2
203 25 30 4
203 50 130 2.6
203 75 195 3.6
204 0 0 1.2
204 25 30 4
204 50 130 2.6
204 75 195 3.6
205 0 0 1.2
205 25 30 4
205 50 130 2.6
205 75 195 3.6
206 0 0 1.2
206 25 30 4
206 50 130 2.6
206 75 195 3.6
207 0 0 1.2
207 25 30 4
207 50 130 2.6
207 75 195 3.6
208 0 0 1.2
208 25 30 4
208 50 130 2.6
208 75 195 3.6
209 0 0 1.2
209 25 30 4
209 50 130 2.6
209 75 195 3.6
210 0 0 1.2
210 25 30 4
210 50 130 2.6
210 75 195 3.6
211 0 0 1.2
211 25 30 4
211 50 130 2.6
211 75 195 3.6
212 0 0 1.2
212 25 30 4
212 50 130 2.6
212 75 195 3.6
213 0 0 1.2
213 25 30 4
213 50 130 2.6
213 75 195 3.6
214 0 0 1.2
214 25 30 4
214 50 130 2.6
214 75 195 3.6
215 0 0 1.2
215 25 30 4
215 50 130 2.6
215 75 195 3.6
216 0 0 1.2
216 25 30 4
216 50 130 2.6
216 75 195 3.6
217 0 0 1.2
217 25 30 4
217 50 130 2.6
217 75 195 3.6
218 0 0 1.2
218 25 30 4
218 50 130 2.6
218 75 195 3.6
219 0 0 1.2
219 25 30 4
219 50 130 2.6
219 75 195 3.6
220 0 0 1.2
220 25 30 4
220 50 130 2.6
220 75 195 3.6
221 0 0 1.2
221 25 30 4
221 50 130 2.6
221 75 195 3.6
222 0 0 1.2
222 25 30 4
222 50 130 2.6
222 75 195 3.6
223 0 0 1.2
223 25 30 4
223 50 130 2.6
223 75 195 3.6
224 0 0 1.2
224 25 30 4
224 50 130 2.6
224 75 195 3.6
225 0 0 1.2
225 25 30 4
225 50 130 2.6
225 75 195 3.6
226 0 0 1.2
226 25 30 4
226 50 130 2.6
226 75 195 3.6
227 0 0 1.2
227 25 30 4
227 50 130 2.6
227 75 195 3.6
228 0 0 1.2
228 25 30 4
228 50 130 2.6
228 75 195 3.6
229 0 0 1.2
229 25 30 4
229 50 130 2.6
229 75 195 3.6
230 0 0 1.2
230 25 30 4
230 50 130 2.6
230 75 195 3.6
231 0 0 1.2
231 25 30 4
231 50 130 2.6
231 75 195 3.6
232 0 0 1.2
232 25 30 4
232 50 130 2.6
232 75 195 3.6
233 0 0 1.2
233 25 30 4
233 50 130 2.6
233 75 195 3.6
234 0 0 1.2
234 25 30 4
234 50 130 2.6
234 75 195 3.6
235 0 0 1.2
235 25 30 4
235 50 130 2.6
235 75 195 3.6
236 0 0 1.2
236 25 30 4
236 50 130 2.6
236 75 195 3.6
237 0 0 1.2
237 25 30 4
237 50 130 2.6
237 75 195 3.6
238 0 0 1.2
238 25 30 4
238 50 130 2.6
238 75 195 3.6
239 0 0 1.2
239 25 30 4
239 50 130 2.6
239 75 195 3.6
240 0 0 1.2
240 25 30 4
240 50 130 2.6
240 75 195 3.6
241 0 0 1.2
241 25 30 4
241 50 130 2.6
241 75 195 3.6
242 0 0 1.2
242 25 30 4
242 50 130 2.6
242 75 195 3.6
243 0 0 1.2
243 25 30 4
243 50 130 2.6
243 75 195 3.6
244 0 0 1.2
244 25 30 4
244 50 130 2.6
244 75 195 3.6
245 0 0 1.2
245 25 30 4
245 50 130 2.6
245 75 195 3.6
246 0 0 1.2
246 25 30 4
246 50 130 2.6
246 75 195 3.6
247 0 0 1.2
247 25 30 4
247 50 130 2.6
247 75 195 3.6
248 0 0 1.2
248 25 30 4
248 50 130 2.6
248 75 195 3.6
249 0 0 1.2
249 25 30 4
249 50 130 2.6
249 75 195 3.6
250 0 0 1.2
250 25 30 4
250 50 130 2.6
250 75 195 3.6
251 0 0 1.2
251 25 30 4
251 50 130 2.6
251 75 195 3.6
252 0 0 1.2
252 25 30 4
252 50 130 2.6
252 75 195 3.6
253 0 0 1.2
253 25 30 4
253 50 130 2.6
253 75 195 3.6
254 0 0 1.2
254 25 30 4
254 50 130 2.6
254 75 195 3.6
255 0 0 1.2
255 25 30 4
255 50 130 2.6
255 75 195 3.6
256 0 0 1.2
256 25 30 4
256 50 130 2.6
256 75 195 3.6
257 0 0 1.2
257 25 30 4
257 50 130 2.6
257 75 195 3.6
258 0 0 1.2
258 25 30 4
258 50 130 2.6
258 75 195 3.6
259 0 0 1.2
259 25 30 4
259 50 130 2.6
259 75 195 3.6
260 0 0 1.2
260 25 30 4
260 50 130 2.6
260 75 195 3.6
261 0 0 1.2
261 25 30 4
261 50 130 2.6
261 75 195 3.6
262 0 0 1.2
262 25 30 4
262 50 130 2.6
262 75 195 3.6
263 0 0 1.2
263 25 30 4
263 50 130 2.6
263 75 195 3.6
264 0 0 1.2
264 25 30 4
264 50 130 2.6
264 75 195 3.6
265 0 0 1.2
265 25 30 4
265 50 130 2.6
265 75 195 3.6
266 0 0 1.2
266 25 30 4
266 50 130 2.6
266 75 195 3.6
267 0 0 1.2
267 25 30 4
267 50 130 2.6
267 75 195 3.6
268 0 0 1.2
268 25 30 4
268 50 130 2.6
268 75 195 3.6
269 0 0 1.2
269 25 30 4
269 50 130 2.6
269 75 195 3.6
270 0 0 1.2
270 25 30 4
270 50 130 2.6
270 75 195 3.6
271 0 0 1.2
271 25 30 4
271 50 130 2.6
271 75 195 3.6
272 0 0 1.2
272 25 30 4
272 50 130 2.6
272 75 195 3.6
273 0 0 1.2
273 25 30 4
273 50 130 2.6
273 75 195 3.6
274 0 0 1.2
274 25 30 4
274 50 130 2.6
274 75 195 3.6
275 0 0 1.2
275 25 30 4
275 50 130 2.6
275 75 195 3.6
276 0 0 1.2
276 25 30 4
276 50 130 2.6
276 75 195 3.6
277 0 0 1.2
277 25 30 4
277 50 130 2.6
277 75 195 3.6
278 0 0 1.2
278 25 30 4
278 50 130 2.6
278 75 195 3.6
279 0 0 1.2
279 25 30 4
279 50 130 2.6
279 75 195 3.6
280 0 0 1.2
280 25 30 4
280 50 130 2.6
280 75 195 3.6
281 0 0 1.2
281 25 30 4
281 50 130 2.6
281 75 195 3.6
282 0 0 1.2
282 25 30 4
282 50 130 2.6
282 75 195 3.6
283 0 0 1.2
283 25 30 4
283 50 130 2.6
283 75 195 3.6
284 0 0 1.2
284 25 30 4
284 50 130 2.6
284 75 195 3.6
285 0 0 1.2
285 25 30 4
285 50 130 2.6
285 75 195 3.6
286 0 0 1.2
286 25 30 4
286 50 130 2.6
286 75 195 3.6
287 0 0 1.2
287 25 30 4
287 50 130 2.6
287 75 195 3.6
288 0 0 1.2
288 25 30 4
288 50 130 2.6
288 75 195 3.6
289 0 0 1.2
289 25 30 4
289 50 130 2.6
289 75 195 3.6
290 0 0 1.2
290 25 30 4
290 50 130 2.6
290 75 195 3.6
291 0 0 1.2
291 25 30 4
291 50 130 2.6
291 75 195 3.6
292 0 0 1.2
292 25 30 4
292 50 130 2.6
292 75 195 3.6
293 0 0 1.2
293 25 30 4
293 50 130 2.6
293 75 195 3.6
294 0 0 1.2
294 25 30 4
294 50 130 2.6
294 75 195 3.6
295 0 0 1.2
295 25 30 4
295 50 130 2.6
295 75 195 3.6
296 0 0 1.2
296 25 30 4
296 50 130 2.6
296 75 195 3.6
297 0 0 1.2
297 25 30 4
297 50 130 2.6
297 75 195 3.6
298 0 0 1.2
298 25 30 4
298 50 130 2.6
298 75 195 3.6
299 0 0 1.2
299 25 30 4
299 50 130 2.6
299 75 195 3.6
300 0 0 1.2
300 25 30 4
300 50 130 2.6
300 75 195 3.6
301 0 0 1.2
301 25 30 4
301 50 130 2.6
301 75 195 3.6
302 0 0 1.2
302 25 30 4
302 50 130 2.6
302 75 195 3.6
303 0 0 1.2
303 25 30 4
303 50 130 2.6
303 75 195 3.6
304 0 0 1.2
304 25 30 4
304 50 130 2.6
304 75 195 3.6
305 0 0 1.2
305 25 30 4
305 50 130 2.6
305 75 195 3.6
306 0 0 1.2
306 25 30 4
306 50 130 2.6
306 75 195 3.6
307 0 0 1.2
307 25 30 4
307 50 130 2.6
307 75 195 3.6
308 0 0 1.2
308 25 30 4
308 50 130 2.6
308 75 195 3.6
309 0 0 1.2
309 25 30 4
309 50 130 2.6
309 75 195 3.6
310 0 0 1.2
310 25 30 4
310 50 130 2.6
310 75 195 3.6
311 0 0 1.2
311 25 30 4
311 50 130 2.6
311 75 195 3.6
312 0 0 1.2
312 25 30 4
312 50 130 2.6
312 75 195 3.6
313 0 0 1.2
313 25 30 4
313 50 130 2.6
313 75 195 3.6
314 0 0 1.2
314 25 30 4
314 50 130 2.6
314 75 195 3.6
315 0 0 1.2
315 25 30 4
315 50 130 2.6
315 75 195 3.6
316 0 0 1.2
316 25 30 4
316 50 130 2.6
316 75 195 3.6
317 0 0 1.2
317 25 30 4
317 50 130 2.6
317 75 195 3.6
318 0 0 1.2
318 25 30 4
318 50 130 2.6
318 75 195 3.6
319 0 0 1.2
319 25 30 4
319 50 130 2.6
319 75 195 3.6
320 0 0 1.2
320 25 30 4
320 50 130 2.6
320 75 195 3.6
321 0 0 1.2
321 25 30 4
321 50 130 2.6
321 75 195 3.6
322 0 0 1.2
322 25 30 4
322 50 130 2.6
322 75 195 3.6
323 0 0 1.2
323 25 30 4
323 50 130 2.6
323 75 195 3.6
324 0 0 1.2
324 25 30 4
324 50 130 2.6
324 75 195 3.6
325 0 0 1.2
325 25 30 4
325 50 130 2.6
325 75 195 3.6
326 0 0 1.2
326 25 30 4
326 50 130 2.6
326 75 195 3.6
327 0 0 1.2
327 25 30 4
327 50 130 2.6
327 75 195 3.6
328 0 0 1.2
328 25 30 4
328 50 130 2.6
328 75 195 3.6
329 0 0 1.2
329 25 30 4
329 50 130 2.6
329 75 195 3.6
330 0 0 1.2
330 25 30 4
330 50 130 2.6
330 75 195 3.6
331 0 0 1.2
331 25 30 4
331 50 130 2.6
331 75 195 3.6
332 0 0 1.2
332 25 30 4
332 50 130 2.6
332 75 195 3.6
333 0 0 1.2
333 25 30 4
333 50 130 2.6
333 75 195 3.6
334 0 0 1.2
334 25 30 4
334 50 130 2.6
334 75 195 3.6
335 0 0 1.2
335 25 30 4
335 50 130 2.6
335 75 195 3.6
336 0 0 1.2
336 25 30 4
336 50 130 2.6
336 75 195 3.6
337 0 0 1.2
337 25 30 4
337 50 130 2.6
337 75 195 3.6
338 0 0 1.2
338 25 30 4
338 50 130 2.6
338 75 195 3.6
339 0 0 1.2
339 25 30 4
339 50 130 2.6
339 75 195 3.6
340 0 0 1.2
340 25 30 4
340 50 130 2.6
340 75 195 3.6
341 0 0 1.2
341 25 30 4
341 50 130 2.6
341 75 195 3.6
342 0 0 1.2
342 25 30 4
342 50 130 2.6
342 75 195 3.6
343 0 0 1.2
343 25 30 4
343 50 130 2.6
343 75 195 3.6
344 0 0 1.2
344 25 30 4
344 50 130 2.6
344 75 195 3.6
345 0 0 1.2
345 25 30 4
345 50 130 2.6
345 75 195 3.6
346 0 0 1.2
346 25 30 4
346 50 130 2.6
346 75 195 3.6
347 0 0 1.2
347 25 30 4
347 50 130 2.6
347 75 195 3.6
348 0 0 1.2
348 25 30 4
348 50 130 2.6
348 75 195 3.6
349 0 0 1.2
349 25 30 4
349 50 130 2.6
349 75 195 3.6
350 0 0 1.2
350 25 30 4
350 50 130 2.6
350 75 195 3.6
351 0 0 1.2
351 25 30 4
351 50 130 2.6
351 75 195 3.6
352 0 0 1.2
352 25 30 4
352 50 130 2.6
352 75 195 3.6
353 0 0 1.2
353 25 30 4
353 50 130 2.6
353 75 195 3.6
354 0 0 1.2
354 25 30 4
354 50 130 2.6
354 75 195 3.6
355 0 0 1.2
355 25 30 4
355 50 130 2.6
355 75 195 3.6
356 0 0 1.2
356 25 30 4
356 50 130 2.6
356 75 195 3.6
357 0 0 1.2
357 25 30 4
357 50 130 2.6
357 75 195 3.6
358 0 0 1.2
358 25 30 4
358 50 130 2.6
358 75 195 3.6
359 0 0 1.2
359 25 30 4
359 50 130 2.6
359 75 195 3.6
360 0 0 1.2
360 25 30 4
360 50 130 2.6
360 75 195 3.6
361 0 0 1.2
361 25 30 4
361 50 130 2.6
361 75 195 3.6
362 0 0 1.2
362 25 30 4
362 50 130 2.6
362 75 195 3.6
363 0 0 1.2
363 25 30 4
363 50 130 2.6
363 75 195 3.6
364 0 0 1.2
364 25 30 4
364 50 130 2.6
364 75 195 3.6
365 0 0 1.2
365 25 30 4
365 50 130 2.6
365 75 195 3.6
366 0 0 1.2
366 25 30 4
366 50 130 2.6
366 75 195 3.6
367 0 0 1.2
367 25 30 4
367 50 130 2.6
367 75 195 3.6
368 0 0 1.2
368 25 30 4
368 50 130 2.6
368 75 195 3.6
369 0 0 1.2
369 25 30 4
369 50 130 2.6
369 75 195 3.6
370 0 0 1.2
370 25 30 4
370 50 130 2.6
370 75 195 3.6
371 0 0 1.2
371 25 30 4
371 50 130 2.6
371 75 195 3.6
372 0 0 1.2
372 25 30 4
372 50 130 2.6
372 75 195 3.6
373 0 0 1.2
373 25 30 4
373 50 130 2.6
373 75 195 3.6
374 0 0 1.2
374 25 30 4
374 50 130 2.6
374 75 195 3.6
375 0 0 1.2
375 25 30 4
375 50 130 2.6
375 75 195 3.6
376 0 0 1.2
376 25 30 4
376 50 130 2.6
376 75 195 3.6
377 0 0 1.2
377 25 30 4
377 50 130 2.6
377 75 195 3.6
378 0 0 1.2
378 25 30 4
378 50 130 2.6
378 75 195 3.6
379 0 0 1.2
379 25 30 4
379 50 130 2.6
379 75 195 3.6
380 0 0 1.2
380 25 30 4
380 50 130 2.6
380 75 195 3.6
381 0 0 1.2
381 25 30 4
381 50 130 2.6
381 75 195 3.6
382 0 0 1.2
382 25 30 4
382 50 130 2.6
382 75 195 3.6
383 0 0 1.2
383 25 30 4
383 50 130 2.6
383 75 195 3.6
384 0 0 1.2
384 25 30 4
384 50 130 2.6
384 75 195 3.6
385 0 0 1.2
385 25 30 4
385 50 130 2.6
385 75 195 3.6
386 0 0 1.2
386 25 30 4
386 50 130 2.6
386 75 195 3.6
387 0 0 1.2
387 25 30 4
387 50 130 2.6
387 75 195 3.6
388 0 0 1.2
388 25 30 4
388 50 130 2.6
388 75 195 3.6
389 0 0 1.2
389 25 30 4
389 50 130 2.6
389 75 195 3.6
390 0 0 1.2
390 25 30 4
390 50 130 2.6
390 75 195 3.6
391 0 0 1.2
391 25 30 4
391 50 130 2.6
391 75 195 3.6
392 0 0 1.2
392 25 30 4
392 50 130 2.6
392 75 195 3.6
393 0 0 1.2
393 25 30 4
393 50 130 2.6
393 75 195 3.6
394 0 0 1.2
394 25 30 4
394 50 130 2.6
394 75 195 3.6
395 0 0 1.2
395 25 30 4
395 50 130 2.6
395 75 195 3.6
396 0 0 1.2
396 25 30 4
396 50 130 2.6
396 75 195 3.6
397 0 0 1.2
397 25 30 4
397 50 130 2.6
397 75 195 3.6
398 0 0 1.2
398 25 30 4
398 50 130 2.6
398 75 195 3.6
399 0 0 1.2
399 25 30 4
399 50 130 2.6
399 75 195 3.6
400 0 0 1.2
400 25 30 4
400 50 130 2.6
400 75 195 3.6
401 0 0 1.2
401 25 30 4
401 50 130 2.6
401 75 195 3.6
402 0 0 1.2
402 25 30 4
402 50 130 2.6
402 75 195 3.6
403 0 0 1.2
403 25 30 4
403 50 130 2.6
403 75 195 3.6
404 0 0 1.2
404 25 30 4
404 50 130 2.6
404 75 195 3.6
405 0 0 1.2
405 25 30 4
405 50 130 2.6
405 75 195 3.6
406 0 0 1.2
406 25 30 4
406 50 130 2.6
406 75 195 3.6
407 0 0 1.2
407 25 30 4
407 50 130 2.6
407 75 195 3.6
408 0 0 1.2
408 25 30 4
408 50 130 2.6
408 75 195 3.6
409 0 0 1.2
409 25 30 4
409 50 130 2.6
409 75 195 3.6
410 0 0 1.2
410 25 30 4
410 50 130 2.6
410 75 195 3.6
411 0 0 1.2
411 25 30 4
411 50 130 2.6
411 75 195 3.6
412 0 0 1.2
412 25 30 4
412 50 130 2.6
412 75 195 3.6
413 0 0 1.2
413 25 30 4
413 50 130 2.6
413 75 195 3.6
414 0 0 1.2
414 25 30 4
414 50 130 2.6
414 75 195 3.6
415 0 0 1.2
415 25 30 4
415 50 130 2.6
415 75 195 3.6
416 0 0 1.2
416 25 30 4
416 50 130 2.6
416 75 195 3.6
417 0 0 1.2
417 25 30 4
417 50 130 2.6
417 75 195 3.6
418 0 0 1.2
418 25 30 4
418 50 130 2.6
418 75 195 3.6
419 0 0 1.2
419 25 30 4
419 50 130 2.6
419 75 195 3.6
420 0 0 1.2
420 25 30 4
420 50 130 2.6
420 75 195 3.6
421 0 0 1.2
421 25 30 4
421 50 130 2.6
421 75 195 3.6
422 0 0 1.2
422 25 30 4
422 50 130 2.6
422 75 195 3.6
423 0 0 1.2
423 25 30 4
423 50 130 2.6
423 75 195 3.6
424 0 0 1.2
424 25 30 4
424 50 130 2.6
424 75 195 3.6
425 0 0 1.2
425 25 30 4
425 50 130 2.6
425 75 195 3.6
426 0 0 1.2
426 25 30 4
426 50 130 2.6
426 75 195 3.6
427 0 0 1.2
427 25 30 4
427 50 130 2.6
427 75 195 3.6
428 0 0 1.2
428 25 30 4
428 50 130 2.6
428 75 195 3.6
429 0 0 1.2
429 25 30 4
429 50 130 2.6
429 75 195 3.6
430 0 0 1.2
430 25 30 4
430 50 130 2.6
430 75 195 3.6
431 0 0 1.2
431 25 30 4
431 50 130 2.6
431 75 195 3.6
432 0 0 1.2
432 25 30 4
432 50 130 2.6
432 75 195 3.6
433 0 0 1.2
433 25 30 4
433 50 130 2.6
433 75 195 3.6
434 0 0 1.2
434 25 30 4
434 50 130 2.6
434 75 195 3.6
435 0 0 1.2
435 25 30 4
435 50 130 2.6
435 75 195 3.6
436 0 0 1.2
436 25 30 4
436 50 130 2.6
436 75 195 3.6
437 0 0 1.2
437 25 30 4
437 50 130 2.6
437 75 195 3.6
438 0 0 1.2
438 25 30 4
438 50 130 2.6
438 75 195 3.6
439 0 0 1.2
439 25 30 4
439 50 130 2.6
439 75 195 3.6
440 0 0 1.2
440 25 30 4
440 50 130 2.6
440 75 195 3.6
441 0 0 1.2
441 25 30 4
441 50 130 2.6
441 75 195 3.6
442 0 0 1.2
442 25 30 4
442 50 130 2.6
442 75 195 3.6
443 0 0 1.2
443 25 30 4
443 50 130 2.6
443 75 195 3.6
444 0 0 1.2
444 25 30 4
444 50 130 2.6
444 75 195 3.6
445 0 0 1.2
445 25 30 4
445 50 130 2.6
445 75 195 3.6
446 0 0 1.2
446 25 30 4
446 50 130 2.6
446 75 195 3.6
447 0 0 1.2
447 25 30 4
447 50 130 2.6
447 75 195 3.6
448 0 0 1.2
448 25 30 4
448 50 130 2.6
448 75 195 3.6
449 0 0 1.2
449 25 30 4
449 50 130 2.6
449 75 195 3.6
450 0 0 1.2
450 25 30 4
450 50 130 2.6
450 75 195 3.6
451 0 0 1.2
451 25 30 4
451 50 130 2.6
451 75 195 3.6
452 0 0 1.2
452 25 30 4
452 50 130 2.6
452 75 195 3.6
453 0 0 1.2
453 25 30 4
453 50 130 2.6
453 75 195 3.6
454 0 0 1.2
454 25 30 4
454 50 130 2.6
454 75 195 3.6
455 0 0 1.2
455 25 30 4
455 50 130 2.6
455 75 195 3.6
456 0 0 1.2
456 25 30 4
456 50 130 2.6
456 75 195 3.6
457 0 0 1.2
457 25 30 4
457 50 130 2.6
457 75 195 3.6
458 0 0 1.2
458 25 30 4
458 50 130 2.6
458 75 195 3.6
459 0 0 1.2
459 25 30 4
459 50 130 2.6
459 75 195 3.6
460 0 0 1.2
460 25 30 4
460 50 130 2.6
460 75 195 3.6
461 0 0 1.2
461 25 30 4
461 50 130 2.6
461 75 195 3.6
462 0 0 1.2
462 25 30 4
462 50 130 2.6
462 75 195 3.6
463 0 0 1.2
463 25 30 4
463 50 130 2.6
463 75 195 3.6
464 0 0 1.2
464 25 30 4
464 50 130 2.6
464 75 195 3.6
465 0 0 1.2
465 25 30 4
465 50 130 2.6
465 75 195 3.6
466 0 0 1.2
466 25 30 4
466 50 130 2.6
466 75 195 3.6
467 0 0 1.2
467 25 30 4
467 50 130 2.6
467 75 195 3.6
468 0 0 1.2
468 25 30 4
468 50 130 2.6
468 75 195 3.6
469 0 0 1.2
469 25 30 4
469 50 130 2.6
469 75 195 3.6
470 0 0 1.2
470 25 30 4
470 50 130 2.6
470 75 195 3.6
471 0 0 1.2
471 25 30 4
471 50 130 2.6
471 75 195 3.6
472 0 0 1.2
472 25 30 4
472 50 130 2.6
472 75 195 3.6
473 0 0 1.2
473 25 30 4
473 50 130 2.6
473 75 195 3.6
474 0 0 1.2
474 25 30 4
474 50 130 2.6
474 75 195 3.6
475 0 0 1.2
475 25 30 4
475 50 130 2.6
475 75 195 3.6
476 0 0 1.2
476 25 30 4
476 50 130 2.6
476 75 195 3.6
477 0 0 1.2
477 25 30 4
477 50 130 2.6
477 75 195 3.6
478 0 0 1.2
478 25 30 4
478 50 130 2.6
478 75 195 3.6
479 0 0 1.2
479 25 30 4
479 50 130 2.6
479 75 195 3.6
480 0 0 1.2
480 25 30 4
480 50 130 2.6
480 75 195 3.6
481 0 0 1.2
481 25 30 4
481 50 130 2.6
481 75 195 3.6
482 0 0 1.2
482 25 30 4
482 50 130 2.6
482 75 195 3.6
483 0 0 1.2
483 25 30 4
483 50 130 2.6
483 75 195 3.6
484 0 0 1.2
484 25 30 4
484 50 130 2.6
484 75 195 3.6
485 0 0 1.2
485 25 30 4
485 50 130 2.6
485 75 195 3.6
486 0 0 1.2
486 25 30 4
486 50 130 2.6
486 75 195 3.6
487 0 0 1.2
487 25 30 4
487 50 130 2.6
487 75 195 3.6
488 0 0 1.2
488 25 30 4
488 50 130 2.6
488 75 195 3.6
489 0 0 1.2
489 25 30 4
489 50 130 2.6
489 75 195 3.6
490 0 0 1.2
490 25 30 4
490 50 130 2.6
490 75 195 3.6
491 0 0 1.2
491 25 30 4
491 50 130 2.6
491 75 195 3.6
492 0 0 1.2
492 25 30 4
492 50 130 2.6
492 75 195 3.6
493 0 0 1.2
493 25 30 4
493 50 130 2.6
493 75 195 3.6
494 0 0 1.2
494 25 30 4
494 50 130 2.6
494 75 195 3.6
495 0 0 1.2
495 25 30 4
495 50 130 2.6
495 75 195 3.6
496 0 0 1.2
496 25 30 4
496 50 130 2.6
496 75 195 3.6
497 0 0 1.2
497 25 30 4
497 50 130 2.6
497 75 195 3.6
498 0 0 1.2
498 25 30 4
498 50 130 2.6
498 75 195 3.6
499 0 0 1.2
499 25 30 4
499 50 130 2.6
499 75 195 3.6
