20 4
0 0 0 2.3
0 500 1150 4.1
0 1000 3200 4.2
0 1500 5300 1.1
1 0 0 2.3
1 500 1150 4.1
1 1000 3200 4.2
1 1500 5300 1.1
2 0 0 2.3
2 500 1150 4.1
2 1000 3200 4.2
2 1500 5300 1.1
3 0 0 2.3
3 500 1150 4.1
3 1000 3200 4.2
3 1500 5300 1.1
4 0 0 2.3
4 500 1150 4.1
4 1000 3200 4.2
4 1500 5300 1.1
5 0 0 2.3
5 500 1150 4.1
5 1000 3200 4.2
5 1500 5300 1.1
6 0 0 2.3
6 500 1150 4.1
6 1000 3200 4.2
6 1500 5300 1.1
7 0 0 2.3
7 500 1150 4.1
7 1000 3200 4.2
7 1500 5300 1.1
8 0 0 2.3
8 500 1150 4.1
8 1000 3200 4.2
8 1500 5300 1.1
9 0 0 2.3
9 500 1150 4.1
9 1000 3200 4.2
9 1500 5300 1.1
10 0 0 2.3
10 500 1150 4.1
10 1000 3200 4.2
10 1500 5300 1.1
11 0 0 2.3
11 500 1150 4.1
11 1000 3200 4.2
11 1500 5300 1.1
12 0 0 2.3
12 500 1150 4.1
12 1000 3200 4.2
12 1500 5300 1.1
13 0 0 2.3
13 500 1150 4.1
13 1000 3200 4.2
13 1500 5300 1.1
14 0 0 2.3
14 500 1150 4.1
14 1000 3200 4.2
14 1500 5300 1.1
15 0 0 2.3
15 500 1150 4.1
15 1000 3200 4.2
15 1500 5300 1.1
16 0 0 2.3
16 500 1150 4.1
16 1000 3200 4.2
16 1500 5300 1.1
17 0 0 2.3
17 500 1150 4.1
17 1000 3200 4.2
17 1500 5300 1.1
18 0 0 2.3
18 500 1150 4.1
18 1000 3200 4.2
18 1500 5300 1.1
19 0 0 2.3
19 500 1150 4.1
19 1000 3200 4.2
19 1500 5300 1.1
