100 10
0 0 0 1.3
0 10 13 1
0 20 23 4.2
0 30 65 4.6
0 40 111 3.3
0 50 144 0.6
0 60 150 1.3
0 70 163 4.5
0 80 208 2.4
0 90 232 2.9
1 0 0 1.3
1 10 13 1
1 20 23 4.2
1 30 65 4.6
1 40 111 3.3
1 50 144 0.6
1 60 150 1.3
1 70 163 4.5
1 80 208 2.4
1 90 232 2.9
2 0 0 1.3
2 10 13 1
2 20 23 4.2
2 30 65 4.6
2 40 111 3.3
2 50 144 0.6
2 60 150 1.3
2 70 163 4.5
2 80 208 2.4
2 90 232 2.9
3 0 0 1.3
3 10 13 1
3 20 23 4.2
3 30 65 4.6
3 40 111 3.3
3 50 144 0.6
3 60 150 1.3
3 70 163 4.5
3 80 208 2.4
3 90 232 2.9
4 0 0 1.3
4 10 13 1
4 20 23 4.2
4 30 65 4.6
4 40 111 3.3
4 50 144 0.6
4 60 150 1.3
4 70 163 4.5
4 80 208 2.4
4 90 232 2.9
5 0 0 1.3
5 10 13 1
5 20 23 4.2
5 30 65 4.6
5 40 111 3.3
5 50 144 0.6
5 60 150 1.3
5 70 163 4.5
5 80 208 2.4
5 90 232 2.9
6 0 0 1.3
6 10 13 1
6 20 23 4.2
6 30 65 4.6
6 40 111 3.3
6 50 144 0.6
6 60 150 1.3
6 70 163 4.5
6 80 208 2.4
6 90 232 2.9
7 0 0 1.3
7 10 13 1
7 20 23 4.2
7 30 65 4.6
7 40 111 3.3
7 50 144 0.6
7 60 150 1.3
7 70 163 4.5
7 80 208 2.4
7 90 232 2.9
8 0 0 1.3
8 10 13 1
8 20 23 4.2
8 30 65 4.6
8 40 111 3.3
8 50 144 0.6
8 60 150 1.3
8 70 163 4.5
8 80 208 2.4
8 90 232 2.9
9 0 0 1.3
9 10 13 1
9 20 23 4.2
9 30 65 4.6
9 40 111 3.3
9 50 144 0.6
9 60 150 1.3
9 70 163 4.5
9 80 208 2.4
9 90 232 2.9
10 0 0 1.3
10 10 13 1
10 20 23 4.2
10 30 65 4.6
10 40 111 3.3
10 50 144 0.6
10 60 150 1.3
10 70 163 4.5
10 80 208 2.4
10 90 232 2.9
11 0 0 1.3
11 10 13 1
11 20 23 4.2
11 30 65 4.6
11 40 111 3.3
11 50 144 0.6
11 60 150 1.3
11 70 163 4.5
11 80 208 2.4
11 90 232 2.9
12 0 0 1.3
12 10 13 1
12 20 23 4.2
12 30 65 4.6
12 40 111 3.3
12 50 144 0.6
12 60 150 1.3
12 70 163 4.5
12 80 208 2.4
12 90 232 2.9
13 0 0 1.3
13 10 13 1
13 20 23 4.2
13 30 65 4.6
13 40 111 3.3
13 50 144 0.6
13 60 150 1.3
13 70 163 4.5
13 80 208 2.4
13 90 232 2.9
14 0 0 1.3
14 10 13 1
14 20 23 4.2
14 30 65 4.6
14 40 111 3.3
14 50 144 0.6
14 60 150 1.3
14 70 163 4.5
14 80 208 2.4
14 90 232 2.9
15 0 0 1.3
15 10 13 1
15 20 23 4.2
15 30 65 4.6
15 40 111 3.3
15 50 144 0.6
15 60 150 1.3
15 70 163 4.5
15 80 208 2.4
15 90 232 2.9
16 0 0 1.3
16 10 13 1
16 20 23 4.2
16 30 65 4.6
16 40 111 3.3
16 50 144 0.6
16 60 150 1.3
16 70 163 4.5
16 80 208 2.4
16 90 232 2.9
17 0 0 1.3
17 10 13 1
17 20 23 4.2
17 30 65 4.6
17 40 111 3.3
17 50 144 0.6
17 60 150 1.3
17 70 163 4.5
17 80 208 2.4
17 90 232 2.9
18 0 0 1.3
18 10 13 1
18 20 23 4.2
18 30 65 4.6
18 40 111 3.3
18 50 144 0.6
18 60 150 1.3
18 70 163 4.5
18 80 208 2.4
18 90 232 2.9
19 0 0 1.3
19 10 13 1
19 20 23 4.2
19 30 65 4.6
19 40 111 3.3
19 50 144 0.6
19 60 150 1.3
19 70 163 4.5
19 80 208 2.4
19 90 232 2.9
20 0 0 1.3
20 10 13 1
20 20 23 4.2
20 30 65 4.6
20 40 111 3.3
20 50 144 0.6
20 60 150 1.3
20 70 163 4.5
20 80 208 2.4
20 90 232 2.9
21 0 0 1.3
21 10 13 1
21 20 23 4.2
21 30 65 4.6
21 40 111 3.3
21 50 144 0.6
21 60 150 1.3
21 70 163 4.5
21 80 208 2.4
21 90 232 2.9
22 0 0 1.3
22 10 13 1
22 20 23 4.2
22 30 65 4.6
22 40 111 3.3
22 50 144 0.6
22 60 150 1.3
22 70 163 4.5
22 80 208 2.4
22 90 232 2.9
23 0 0 1.3
23 10 13 1
23 20 23 4.2
23 30 65 4.6
23 40 111 3.3
23 50 144 0.6
23 60 150 1.3
23 70 163 4.5
23 80 208 2.4
23 90 232 2.9
24 0 0 1.3
24 10 13 1
24 20 23 4.2
24 30 65 4.6
24 40 111 3.3
24 50 144 0.6
24 60 150 1.3
24 70 163 4.5
24 80 208 2.4
24 90 232 2.9
25 0 0 1.3
25 10 13 1
25 20 23 4.2
25 30 65 4.6
25 40 111 3.3
25 50 144 0.6
25 60 150 1.3
25 70 163 4.5
25 80 208 2.4
25 90 232 2.9
26 0 0 1.3
26 10 13 1
26 20 23 4.2
26 30 65 4.6
26 40 111 3.3
26 50 144 0.6
26 60 150 1.3
26 70 163 4.5
26 80 208 2.4
26 90 232 2.9
27 0 0 1.3
27 10 13 1
27 20 23 4.2
27 30 65 4.6
27 40 111 3.3
27 50 144 0.6
27 60 150 1.3
27 70 163 4.5
27 80 208 2.4
27 90 232 2.9
28 0 0 1.3
28 10 13 1
28 20 23 4.2
28 30 65 4.6
28 40 111 3.3
28 50 144 0.6
28 60 150 1.3
28 70 163 4.5
28 80 208 2.4
28 90 232 2.9
29 0 0 1.3
29 10 13 1
29 20 23 4.2
29 30 65 4.6
29 40 111 3.3
29 50 144 0.6
29 60 150 1.3
29 70 163 4.5
29 80 208 2.4
29 90 232 2.9
30 0 0 1.3
30 10 13 1
30 20 23 4.2
30 30 65 4.6
30 40 111 3.3
30 50 144 0.6
30 60 150 1.3
30 70 163 4.5
30 80 208 2.4
30 90 232 2.9
31 0 0 1.3
31 10 13 1
31 20 23 4.2
31 30 65 4.6
31 40 111 3.3
31 50 144 0.6
31 60 150 1.3
31 70 163 4.5
31 80 208 2.4
31 90 232 2.9
32 0 0 1.3
32 10 13 1
32 20 23 4.2
32 30 65 4.6
32 40 111 3.3
32 50 144 0.6
32 60 150 1.3
32 70 163 4.5
32 80 208 2.4
32 90 232 2.9
33 0 0 1.3
33 10 13 1
33 20 23 4.2
33 30 65 4.6
33 40 111 3.3
33 50 144 0.6
33 60 150 1.3
33 70 163 4.5
33 80 208 2.4
33 90 232 2.9
34 0 0 1.3
34 10 13 1
34 20 23 4.2
34 30 65 4.6
34 40 111 3.3
34 50 144 0.6
34 60 150 1.3
34 70 163 4.5
34 80 208 2.4
34 90 232 2.9
35 0 0 1.3
35 10 13 1
35 20 23 4.2
35 30 65 4.6
35 40 111 3.3
35 50 144 0.6
35 60 150 1.3
35 70 163 4.5
35 80 208 2.4
35 90 232 2.9
36 0 0 1.3
36 10 13 1
36 20 23 4.2
36 30 65 4.6
36 40 111 3.3
36 50 144 0.6
36 60 150 1.3
36 70 163 4.5
36 80 208 2.4
36 90 232 2.9
37 0 0 1.3
37 10 13 1
37 20 23 4.2
37 30 65 4.6
37 40 111 3.3
37 50 144 0.6
37 60 150 1.3
37 70 163 4.5
37 80 208 2.4
37 90 232 2.9
38 0 0 1.3
38 10 13 1
38 20 23 4.2
38 30 65 4.6
38 40 111 3.3
38 50 144 0.6
38 60 150 1.3
38 70 163 4.5
38 80 208 2.4
38 90 232 2.9
39 0 0 1.3
39 10 13 1
39 20 23 4.2
39 30 65 4.6
39 40 111 3.3
39 50 144 0.6
39 60 150 1.3
39 70 163 4.5
39 80 208 2.4
39 90 232 2.9
40 0 0 1.3
40 10 13 1
40 20 23 4.2
40 30 65 4.6
40 40 111 3.3
40 50 144 0.6
40 60 150 1.3
40 70 163 4.5
40 80 208 2.4
40 90 232 2.9
41 0 0 1.3
41 10 13 1
41 20 23 4.2
41 30 65 4.6
41 40 111 3.3
41 50 144 0.6
41 60 150 1.3
41 70 163 4.5
41 80 208 2.4
41 90 232 2.9
42 0 0 1.3
42 10 13 1
42 20 23 4.2
42 30 65 4.6
42 40 111 3.3
42 50 144 0.6
42 60 150 1.3
42 70 163 4.5
42 80 208 2.4
42 90 232 2.9
43 0 0 1.3
43 10 13 1
43 20 23 4.2
43 30 65 4.6
43 40 111 3.3
43 50 144 0.6
43 60 150 1.3
43 70 163 4.5
43 80 208 2.4
43 90 232 2.9
44 0 0 1.3
44 10 13 1
44 20 23 4.2
44 30 65 4.6
44 40 111 3.3
44 50 144 0.6
44 60 150 1.3
44 70 163 4.5
44 80 208 2.4
44 90 232 2.9
45 0 0 1.3
45 10 13 1
45 20 23 4.2
45 30 65 4.6
45 40 111 3.3
45 50 144 0.6
45 60 150 1.3
45 70 163 4.5
45 80 208 2.4
45 90 232 2.9
46 0 0 1.3
46 10 13 1
46 20 23 4.2
46 30 65 4.6
46 40 111 3.3
46 50 144 0.6
46 60 150 1.3
46 70 163 4.5
46 80 208 2.4
46 90 232 2.9
47 0 0 1.3
47 10 13 1
47 20 23 4.2
47 30 65 4.6
47 40 111 3.3
47 50 144 0.6
47 60 150 1.3
47 70 163 4.5
47 80 208 2.4
47 90 232 2.9
48 0 0 1.3
48 10 13 1
48 20 23 4.2
48 30 65 4.6
48 40 111 3.3
48 50 144 0.6
48 60 150 1.3
48 70 163 4.5
48 80 208 2.4
48 90 232 2.9
49 0 0 1.3
49 10 13 1
49 20 23 4.2
49 30 65 4.6
49 40 111 3.3
49 50 144 0.6
49 60 150 1.3
49 70 163 4.5
49 80 208 2.4
49 90 232 2.9
50 0 0 1.3
50 10 13 1
50 20 23 4.2
50 30 65 4.6
50 40 111 3.3
50 50 144 0.6
50 60 150 1.3
50 70 163 4.5
50 80 208 2.4
50 90 232 2.9
51 0 0 1.3
51 10 13 1
51 20 23 4.2
51 30 65 4.6
51 40 111 3.3
51 50 144 0.6
51 60 150 1.3
51 70 163 4.5
51 80 208 2.4
51 90 232 2.9
52 0 0 1.3
52 10 13 1
52 20 23 4.2
52 30 65 4.6
52 40 111 3.3
52 50 144 0.6
52 60 150 1.3
52 70 163 4.5
52 80 208 2.4
52 90 232 2.9
53 0 0 1.3
53 10 13 1
53 20 23 4.2
53 30 65 4.6
53 40 111 3.3
53 50 144 0.6
53 60 150 1.3
53 70 163 4.5
53 80 208 2.4
53 90 232 2.9
54 0 0 1.3
54 10 13 1
54 20 23 4.2
54 30 65 4.6
54 40 111 3.3
54 50 144 0.6
54 60 150 1.3
54 70 163 4.5
54 80 208 2.4
54 90 232 2.9
55 0 0 1.3
55 10 13 1
55 20 23 4.2
55 30 65 4.6
55 40 111 3.3
55 50 144 0.6
55 60 150 1.3
55 70 163 4.5
55 80 208 2.4
55 90 232 2.9
56 0 0 1.3
56 10 13 1
56 20 23 4.2
56 30 65 4.6
56 40 111 3.3
56 50 144 0.6
56 60 150 1.3
56 70 163 4.5
56 80 208 2.4
56 90 232 2.9
57 0 0 1.3
57 10 13 1
57 20 23 4.2
57 30 65 4.6
57 40 111 3.3
57 50 144 0.6
57 60 150 1.3
57 70 163 4.5
57 80 208 2.4
57 90 232 2.9
58 0 0 1.3
58 10 13 1
58 20 23 4.2
58 30 65 4.6
58 40 111 3.3
58 50 144 0.6
58 60 150 1.3
58 70 163 4.5
58 80 208 2.4
58 90 232 2.9
59 0 0 1.3
59 10 13 1
59 20 23 4.2
59 30 65 4.6
59 40 111 3.3
59 50 144 0.6
59 60 150 1.3
59 70 163 4.5
59 80 208 2.4
59 90 232 2.9
60 0 0 1.3
60 10 13 1
60 20 23 4.2
60 30 65 4.6
60 40 111 3.3
60 50 144 0.6
60 60 150 1.3
60 70 163 4.5
60 80 208 2.4
60 90 232 2.9
61 0 0 1.3
61 10 13 1
61 20 23 4.2
61 30 65 4.6
61 40 111 3.3
61 50 144 0.6
61 60 150 1.3
61 70 163 4.5
61 80 208 2.4
61 90 232 2.9
62 0 0 1.3
62 10 13 1
62 20 23 4.2
62 30 65 4.6
62 40 111 3.3
62 50 144 0.6
62 60 150 1.3
62 70 163 4.5
62 80 208 2.4
62 90 232 2.9
63 0 0 1.3
63 10 13 1
63 20 23 4.2
63 30 65 4.6
63 40 111 3.3
63 50 144 0.6
63 60 150 1.3
63 70 163 4.5
63 80 208 2.4
63 90 232 2.9
64 0 0 1.3
64 10 13 1
64 20 23 4.2
64 30 65 4.6
64 40 111 3.3
64 50 144 0.6
64 60 150 1.3
64 70 163 4.5
64 80 208 2.4
64 90 232 2.9
65 0 0 1.3
65 10 13 1
65 20 23 4.2
65 30 65 4.6
65 40 111 3.3
65 50 144 0.6
65 60 150 1.3
65 70 163 4.5
65 80 208 2.4
65 90 232 2.9
66 0 0 1.3
66 10 13 1
66 20 23 4.2
66 30 65 4.6
66 40 111 3.3
66 50 144 0.6
66 60 150 1.3
66 70 163 4.5
66 80 208 2.4
66 90 232 2.9
67 0 0 1.3
67 10 13 1
67 20 23 4.2
67 30 65 4.6
67 40 111 3.3
67 50 144 0.6
67 60 150 1.3
67 70 163 4.5
67 80 208 2.4
67 90 232 2.9
68 0 0 1.3
68 10 13 1
68 20 23 4.2
68 30 65 4.6
68 40 111 3.3
68 50 144 0.6
68 60 150 1.3
68 70 163 4.5
68 80 208 2.4
68 90 232 2.9
69 0 0 1.3
69 10 13 1
69 20 23 4.2
69 30 65 4.6
69 40 111 3.3
69 50 144 0.6
69 60 150 1.3
69 70 163 4.5
69 80 208 2.4
69 90 232 2.9
70 0 0 1.3
70 10 13 1
70 20 23 4.2
70 30 65 4.6
70 40 111 3.3
70 50 144 0.6
70 60 150 1.3
70 70 163 4.5
70 80 208 2.4
70 90 232 2.9
71 0 0 1.3
71 10 13 1
71 20 23 4.2
71 30 65 4.6
71 40 111 3.3
71 50 144 0.6
71 60 150 1.3
71 70 163 4.5
71 80 208 2.4
71 90 232 2.9
72 0 0 1.3
72 10 13 1
72 20 23 4.2
72 30 65 4.6
72 40 111 3.3
72 50 144 0.6
72 60 150 1.3
72 70 163 4.5
72 80 208 2.4
72 90 232 2.9
73 0 0 1.3
73 10 13 1
73 20 23 4.2
73 30 65 4.6
73 40 111 3.3
73 50 144 0.6
73 60 150 1.3
73 70 163 4.5
73 80 208 2.4
73 90 232 2.9
74 0 0 1.3
74 10 13 1
74 20 23 4.2
74 30 65 4.6
74 40 111 3.3
74 50 144 0.6
74 60 150 1.3
74 70 163 4.5
74 80 208 2.4
74 90 232 2.9
75 0 0 1.3
75 10 13 1
75 20 23 4.2
75 30 65 4.6
75 40 111 3.3
75 50 144 0.6
75 60 150 1.3
75 70 163 4.5
75 80 208 2.4
75 90 232 2.9
76 0 0 1.3
76 10 13 1
76 20 23 4.2
76 30 65 4.6
76 40 111 3.3
76 50 144 0.6
76 60 150 1.3
76 70 163 4.5
76 80 208 2.4
76 90 232 2.9
77 0 0 1.3
77 10 13 1
77 20 23 4.2
77 30 65 4.6
77 40 111 3.3
77 50 144 0.6
77 60 150 1.3
77 70 163 4.5
77 80 208 2.4
77 90 232 2.9
78 0 0 1.3
78 10 13 1
78 20 23 4.2
78 30 65 4.6
78 40 111 3.3
78 50 144 0.6
78 60 150 1.3
78 70 163 4.5
78 80 208 2.4
78 90 232 2.9
79 0 0 1.3
79 10 13 1
79 20 23 4.2
79 30 65 4.6
79 40 111 3.3
79 50 144 0.6
79 60 150 1.3
79 70 163 4.5
79 80 208 2.4
79 90 232 2.9
80 0 0 1.3
80 10 13 1
80 20 23 4.2
80 30 65 4.6
80 40 111 3.3
80 50 144 0.6
80 60 150 1.3
80 70 163 4.5
80 80 208 2.4
80 90 232 2.9
81 0 0 1.3
81 10 13 1
81 20 23 4.2
81 30 65 4.6
81 40 111 3.3
81 50 144 0.6
81 60 150 1.3
81 70 163 4.5
81 80 208 2.4
81 90 232 2.9
82 0 0 1.3
82 10 13 1
82 20 23 4.2
82 30 65 4.6
82 40 111 3.3
82 50 144 0.6
82 60 150 1.3
82 70 163 4.5
82 80 208 2.4
82 90 232 2.9
83 0 0 1.3
83 10 13 1
83 20 23 4.2
83 30 65 4.6
83 40 111 3.3
83 50 144 0.6
83 60 150 1.3
83 70 163 4.5
83 80 208 2.4
83 90 232 2.9
84 0 0 1.3
84 10 13 1
84 20 23 4.2
84 30 65 4.6
84 40 111 3.3
84 50 144 0.6
84 60 150 1.3
84 70 163 4.5
84 80 208 2.4
84 90 232 2.9
85 0 0 1.3
85 10 13 1
85 20 23 4.2
85 30 65 4.6
85 40 111 3.3
85 50 144 0.6
85 60 150 1.3
85 70 163 4.5
85 80 208 2.4
85 90 232 2.9
86 0 0 1.3
86 10 13 1
86 20 23 4.2
86 30 65 4.6
86 40 111 3.3
86 50 144 0.6
86 60 150 1.3
86 70 163 4.5
86 80 208 2.4
86 90 232 2.9
87 0 0 1.3
87 10 13 1
87 20 23 4.2
87 30 65 4.6
87 40 111 3.3
87 50 144 0.6
87 60 150 1.3
87 70 163 4.5
87 80 208 2.4
87 90 232 2.9
88 0 0 1.3
88 10 13 1
88 20 23 4.2
88 30 65 4.6
88 40 111 3.3
88 50 144 0.6
88 60 150 1.3
88 70 163 4.5
88 80 208 2.4
88 90 232 2.9
89 0 0 1.3
89 10 13 1
89 20 23 4.2
89 30 65 4.6
89 40 111 3.3
89 50 144 0.6
89 60 150 1.3
89 70 163 4.5
89 80 208 2.4
89 90 232 2.9
90 0 0 1.3
90 10 13 1
90 20 23 4.2
90 30 65 4.6
90 40 111 3.3
90 50 144 0.6
90 60 150 1.3
90 70 163 4.5
90 80 208 2.4
90 90 232 2.9
91 0 0 1.3
91 10 13 1
91 20 23 4.2
91 30 65 4.6
91 40 111 3.3
91 50 144 0.6
91 60 150 1.3
91 70 163 4.5
91 80 208 2.4
91 90 232 2.9
92 0 0 1.3
92 10 13 1
92 20 23 4.2
92 30 65 4.6
92 40 111 3.3
92 50 144 0.6
92 60 150 1.3
92 70 163 4.5
92 80 208 2.4
92 90 232 2.9
93 0 0 1.3
93 10 13 1
93 20 23 4.2
93 30 65 4.6
93 40 111 3.3
93 50 144 0.6
93 60 150 1.3
93 70 163 4.5
93 80 208 2.4
93 90 232 2.9
94 0 0 1.3
94 10 13 1
94 20 23 4.2
94 30 65 4.6
94 40 111 3.3
94 50 144 0.6
94 60 150 1.3
94 70 163 4.5
94 80 208 2.4
94 90 232 2.9
95 0 0 1.3
95 10 13 1
95 20 23 4.2
95 30 65 4.6
95 40 111 3.3
95 50 144 0.6
95 60 150 1.3
95 70 163 4.5
95 80 208 2.4
95 90 232 2.9
96 0 0 1.3
96 10 13 1
96 20 23 4.2
96 30 65 4.6
96 40 111 3.3
96 50 144 0.6
96 60 150 1.3
96 70 163 4.5
96 80 208 2.4
96 90 232 2.9
97 0 0 1.3
97 10 13 1
97 20 23 4.2
97 30 65 4.6
97 40 111 3.3
97 50 144 0.6
97 60 150 1.3
97 70 163 4.5
97 80 208 2.4
97 90 232 2.9
98 0 0 1.3
98 10 13 1
98 20 23 4.2
98 30 65 4.6
98 40 111 3.3
98 50 144 0.6
98 60 150 1.3
98 70 163 4.5
98 80 208 2.4
98 90 232 2.9
99 0 0 1.3
99 10 13 1
99 20 23 4.2
99 30 65 4.6
99 40 111 3.3
99 50 144 0.6
99 60 150 1.3
99 70 163 4.5
99 80 208 2.4
99 90 232 2.9
