100 10
0 0 0 0.5
0 200 100 4.3
0 400 960 4.9
0 600 1940 1.1
0 800 2160 1.7
0 1000 2500 4.8
0 1200 3460 3.6
0 1400 4180 2.7
0 1600 4720 2.4
0 1800 5200 4.5
1 0 0 0.5
1 200 100 4.3
1 400 960 4.9
1 600 1940 1.1
1 800 2160 1.7
1 1000 2500 4.8
1 1200 3460 3.6
1 1400 4180 2.7
1 1600 4720 2.4
1 1800 5200 4.5
2 0 0 0.5
2 200 100 4.3
2 400 960 4.9
2 600 1940 1.1
2 800 2160 1.7
2 1000 2500 4.8
2 1200 3460 3.6
2 1400 4180 2.7
2 1600 4720 2.4
2 1800 5200 4.5
3 0 0 0.5
3 200 100 4.3
3 400 960 4.9
3 600 1940 1.1
3 800 2160 1.7
3 1000 2500 4.8
3 1200 3460 3.6
3 1400 4180 2.7
3 1600 4720 2.4
3 1800 5200 4.5
4 0 0 0.5
4 200 100 4.3
4 400 960 4.9
4 600 1940 1.1
4 800 2160 1.7
4 1000 2500 4.8
4 1200 3460 3.6
4 1400 4180 2.7
4 1600 4720 2.4
4 1800 5200 4.5
5 0 0 0.5
5 200 100 4.3
5 400 960 4.9
5 600 1940 1.1
5 800 2160 1.7
5 1000 2500 4.8
5 1200 3460 3.6
5 1400 4180 2.7
5 1600 4720 2.4
5 1800 5200 4.5
6 0 0 0.5
6 200 100 4.3
6 400 960 4.9
6 600 1940 1.1
6 800 2160 1.7
6 1000 2500 4.8
6 1200 3460 3.6
6 1400 4180 2.7
6 1600 4720 2.4
6 1800 5200 4.5
7 0 0 0.5
7 200 100 4.3
7 400 960 4.9
7 600 1940 1.1
7 800 2160 1.7
7 1000 2500 4.8
7 1200 3460 3.6
7 1400 4180 2.7
7 1600 4720 2.4
7 1800 5200 4.5
8 0 0 0.5
8 200 100 4.3
8 400 960 4.9
8 600 1940 1.1
8 800 2160 1.7
8 1000 2500 4.8
8 1200 3460 3.6
8 1400 4180 2.7
8 1600 4720 2.4
8 1800 5200 4.5
9 0 0 0.5
9 200 100 4.3
9 400 960 4.9
9 600 1940 1.1
9 800 2160 1.7
9 1000 2500 4.8
9 1200 3460 3.6
9 1400 4180 2.7
9 1600 4720 2.4
9 1800 5200 4.5
10 0 0 0.5
10 200 100 4.3
10 400 960 4.9
10 600 1940 1.1
10 800 2160 1.7
10 1000 2500 4.8
10 1200 3460 3.6
10 1400 4180 2.7
10 1600 4720 2.4
10 1800 5200 4.5
11 0 0 0.5
11 200 100 4.3
11 400 960 4.9
11 600 1940 1.1
11 800 2160 1.7
11 1000 2500 4.8
11 1200 3460 3.6
11 1400 4180 2.7
11 1600 4720 2.4
11 1800 5200 4.5
12 0 0 0.5
12 200 100 4.3
12 400 960 4.9
12 600 1940 1.1
12 800 2160 1.7
12 1000 2500 4.8
12 1200 3460 3.6
12 1400 4180 2.7
12 1600 4720 2.4
12 1800 5200 4.5
13 0 0 0.5
13 200 100 4.3
13 400 960 4.9
13 600 1940 1.1
13 800 2160 1.7
13 1000 2500 4.8
13 1200 3460 3.6
13 1400 4180 2.7
13 1600 4720 2.4
13 1800 5200 4.5
14 0 0 0.5
14 200 100 4.3
14 400 960 4.9
14 600 1940 1.1
14 800 2160 1.7
14 1000 2500 4.8
14 1200 3460 3.6
14 1400 4180 2.7
14 1600 4720 2.4
14 1800 5200 4.5
15 0 0 0.5
15 200 100 4.3
15 400 960 4.9
15 600 1940 1.1
15 800 2160 1.7
15 1000 2500 4.8
15 1200 3460 3.6
15 1400 4180 2.7
15 1600 4720 2.4
15 1800 5200 4.5
16 0 0 0.5
16 200 100 4.3
16 400 960 4.9
16 600 1940 1.1
16 800 2160 1.7
16 1000 2500 4.8
16 1200 3460 3.6
16 1400 4180 2.7
16 1600 4720 2.4
16 1800 5200 4.5
17 0 0 0.5
17 200 100 4.3
17 400 960 4.9
17 600 1940 1.1
17 800 2160 1.7
17 1000 2500 4.8
17 1200 3460 3.6
17 1400 4180 2.7
17 1600 4720 2.4
17 1800 5200 4.5
18 0 0 0.5
18 200 100 4.3
18 400 960 4.9
18 600 1940 1.1
18 800 2160 1.7
18 1000 2500 4.8
18 1200 3460 3.6
18 1400 4180 2.7
18 1600 4720 2.4
18 1800 5200 4.5
19 0 0 0.5
19 200 100 4.3
19 400 960 4.9
19 600 1940 1.1
19 800 2160 1.7
19 1000 2500 4.8
19 1200 3460 3.6
19 1400 4180 2.7
19 1600 4720 2.4
19 1800 5200 4.5
20 0 0 0.5
20 200 100 4.3
20 400 960 4.9
20 600 1940 1.1
20 800 2160 1.7
20 1000 2500 4.8
20 1200 3460 3.6
20 1400 4180 2.7
20 1600 4720 2.4
20 1800 5200 4.5
21 0 0 0.5
21 200 100 4.3
21 400 960 4.9
21 600 1940 1.1
21 800 2160 1.7
21 1000 2500 4.8
21 1200 3460 3.6
21 1400 4180 2.7
21 1600 4720 2.4
21 1800 5200 4.5
22 0 0 0.5
22 200 100 4.3
22 400 960 4.9
22 600 1940 1.1
22 800 2160 1.7
22 1000 2500 4.8
22 1200 3460 3.6
22 1400 4180 2.7
22 1600 4720 2.4
22 1800 5200 4.5
23 0 0 0.5
23 200 100 4.3
23 400 960 4.9
23 600 1940 1.1
23 800 2160 1.7
23 1000 2500 4.8
23 1200 3460 3.6
23 1400 4180 2.7
23 1600 4720 2.4
23 1800 5200 4.5
24 0 0 0.5
24 200 100 4.3
24 400 960 4.9
24 600 1940 1.1
24 800 2160 1.7
24 1000 2500 4.8
24 1200 3460 3.6
24 1400 4180 2.7
24 1600 4720 2.4
24 1800 5200 4.5
25 0 0 0.5
25 200 100 4.3
25 400 960 4.9
25 600 1940 1.1
25 800 2160 1.7
25 1000 2500 4.8
25 1200 3460 3.6
25 1400 4180 2.7
25 1600 4720 2.4
25 1800 5200 4.5
26 0 0 0.5
26 200 100 4.3
26 400 960 4.9
26 600 1940 1.1
26 800 2160 1.7
26 1000 2500 4.8
26 1200 3460 3.6
26 1400 4180 2.7
26 1600 4720 2.4
26 1800 5200 4.5
27 0 0 0.5
27 200 100 4.3
27 400 960 4.9
27 600 1940 1.1
27 800 2160 1.7
27 1000 2500 4.8
27 1200 3460 3.6
27 1400 4180 2.7
27 1600 4720 2.4
27 1800 5200 4.5
28 0 0 0.5
28 200 100 4.3
28 400 960 4.9
28 600 1940 1.1
28 800 2160 1.7
28 1000 2500 4.8
28 1200 3460 3.6
28 1400 4180 2.7
28 1600 4720 2.4
28 1800 5200 4.5
29 0 0 0.5
29 200 100 4.3
29 400 960 4.9
29 600 1940 1.1
29 800 2160 1.7
29 1000 2500 4.8
29 1200 3460 3.6
29 1400 4180 2.7
29 1600 4720 2.4
29 1800 5200 4.5
30 0 0 0.5
30 200 100 4.3
30 400 960 4.9
30 600 1940 1.1
30 800 2160 1.7
30 1000 2500 4.8
30 1200 3460 3.6
30 1400 4180 2.7
30 1600 4720 2.4
30 1800 5200 4.5
31 0 0 0.5
31 200 100 4.3
31 400 960 4.9
31 600 1940 1.1
31 800 2160 1.7
31 1000 2500 4.8
31 1200 3460 3.6
31 1400 4180 2.7
31 1600 4720 2.4
31 1800 5200 4.5
32 0 0 0.5
32 200 100 4.3
32 400 960 4.9
32 600 1940 1.1
32 800 2160 1.7
32 1000 2500 4.8
32 1200 3460 3.6
32 1400 4180 2.7
32 1600 4720 2.4
32 1800 5200 4.5
33 0 0 0.5
33 200 100 4.3
33 400 960 4.9
33 600 1940 1.1
33 800 2160 1.7
33 1000 2500 4.8
33 1200 3460 3.6
33 1400 4180 2.7
33 1600 4720 2.4
33 1800 5200 4.5
34 0 0 0.5
34 200 100 4.3
34 400 960 4.9
34 600 1940 1.1
34 800 2160 1.7
34 1000 2500 4.8
34 1200 3460 3.6
34 1400 4180 2.7
34 1600 4720 2.4
34 1800 5200 4.5
35 0 0 0.5
35 200 100 4.3
35 400 960 4.9
35 600 1940 1.1
35 800 2160 1.7
35 1000 2500 4.8
35 1200 3460 3.6
35 1400 4180 2.7
35 1600 4720 2.4
35 1800 5200 4.5
36 0 0 0.5
36 200 100 4.3
36 400 960 4.9
36 600 1940 1.1
36 800 2160 1.7
36 1000 2500 4.8
36 1200 3460 3.6
36 1400 4180 2.7
36 1600 4720 2.4
36 1800 5200 4.5
37 0 0 0.5
37 200 100 4.3
37 400 960 4.9
37 600 1940 1.1
37 800 2160 1.7
37 1000 2500 4.8
37 1200 3460 3.6
37 1400 4180 2.7
37 1600 4720 2.4
37 1800 5200 4.5
38 0 0 0.5
38 200 100 4.3
38 400 960 4.9
38 600 1940 1.1
38 800 2160 1.7
38 1000 2500 4.8
38 1200 3460 3.6
38 1400 4180 2.7
38 1600 4720 2.4
38 1800 5200 4.5
39 0 0 0.5
39 200 100 4.3
39 400 960 4.9
39 600 1940 1.1
39 800 2160 1.7
39 1000 2500 4.8
39 1200 3460 3.6
39 1400 4180 2.7
39 1600 4720 2.4
39 1800 5200 4.5
40 0 0 0.5
40 200 100 4.3
40 400 960 4.9
40 600 1940 1.1
40 800 2160 1.7
40 1000 2500 4.8
40 1200 3460 3.6
40 1400 4180 2.7
40 1600 4720 2.4
40 1800 5200 4.5
41 0 0 0.5
41 200 100 4.3
41 400 960 4.9
41 600 1940 1.1
41 800 2160 1.7
41 1000 2500 4.8
41 1200 3460 3.6
41 1400 4180 2.7
41 1600 4720 2.4
41 1800 5200 4.5
42 0 0 0.5
42 200 100 4.3
42 400 960 4.9
42 600 1940 1.1
42 800 2160 1.7
42 1000 2500 4.8
42 1200 3460 3.6
42 1400 4180 2.7
42 1600 4720 2.4
42 1800 5200 4.5
43 0 0 0.5
43 200 100 4.3
43 400 960 4.9
43 600 1940 1.1
43 800 2160 1.7
43 1000 2500 4.8
43 1200 3460 3.6
43 1400 4180 2.7
43 1600 4720 2.4
43 1800 5200 4.5
44 0 0 0.5
44 200 100 4.3
44 400 960 4.9
44 600 1940 1.1
44 800 2160 1.7
44 1000 2500 4.8
44 1200 3460 3.6
44 1400 4180 2.7
44 1600 4720 2.4
44 1800 5200 4.5
45 0 0 0.5
45 200 100 4.3
45 400 960 4.9
45 600 1940 1.1
45 800 2160 1.7
45 1000 2500 4.8
45 1200 3460 3.6
45 1400 4180 2.7
45 1600 4720 2.4
45 1800 5200 4.5
46 0 0 0.5
46 200 100 4.3
46 400 960 4.9
46 600 1940 1.1
46 800 2160 1.7
46 1000 2500 4.8
46 1200 3460 3.6
46 1400 4180 2.7
46 1600 4720 2.4
46 1800 5200 4.5
47 0 0 0.5
47 200 100 4.3
47 400 960 4.9
47 600 1940 1.1
47 800 2160 1.7
47 1000 2500 4.8
47 1200 3460 3.6
47 1400 4180 2.7
47 1600 4720 2.4
47 1800 5200 4.5
48 0 0 0.5
48 200 100 4.3
48 400 960 4.9
48 600 1940 1.1
48 800 2160 1.7
48 1000 2500 4.8
48 1200 3460 3.6
48 1400 4180 2.7
48 1600 4720 2.4
48 1800 5200 4.5
49 0 0 0.5
49 200 100 4.3
49 400 960 4.9
49 600 1940 1.1
49 800 2160 1.7
49 1000 2500 4.8
49 1200 3460 3.6
49 1400 4180 2.7
49 1600 4720 2.4
49 1800 5200 4.5
50 0 0 0.5
50 200 100 4.3
50 400 960 4.9
50 600 1940 1.1
50 800 2160 1.7
50 1000 2500 4.8
50 1200 3460 3.6
50 1400 4180 2.7
50 1600 4720 2.4
50 1800 5200 4.5
51 0 0 0.5
51 200 100 4.3
51 400 960 4.9
51 600 1940 1.1
51 800 2160 1.7
51 1000 2500 4.8
51 1200 3460 3.6
51 1400 4180 2.7
51 1600 4720 2.4
51 1800 5200 4.5
52 0 0 0.5
52 200 100 4.3
52 400 960 4.9
52 600 1940 1.1
52 800 2160 1.7
52 1000 2500 4.8
52 1200 3460 3.6
52 1400 4180 2.7
52 1600 4720 2.4
52 1800 5200 4.5
53 0 0 0.5
53 200 100 4.3
53 400 960 4.9
53 600 1940 1.1
53 800 2160 1.7
53 1000 2500 4.8
53 1200 3460 3.6
53 1400 4180 2.7
53 1600 4720 2.4
53 1800 5200 4.5
54 0 0 0.5
54 200 100 4.3
54 400 960 4.9
54 600 1940 1.1
54 800 2160 1.7
54 1000 2500 4.8
54 1200 3460 3.6
54 1400 4180 2.7
54 1600 4720 2.4
54 1800 5200 4.5
55 0 0 0.5
55 200 100 4.3
55 400 960 4.9
55 600 1940 1.1
55 800 2160 1.7
55 1000 2500 4.8
55 1200 3460 3.6
55 1400 4180 2.7
55 1600 4720 2.4
55 1800 5200 4.5
56 0 0 0.5
56 200 100 4.3
56 400 960 4.9
56 600 1940 1.1
56 800 2160 1.7
56 1000 2500 4.8
56 1200 3460 3.6
56 1400 4180 2.7
56 1600 4720 2.4
56 1800 5200 4.5
57 0 0 0.5
57 200 100 4.3
57 400 960 4.9
57 600 1940 1.1
57 800 2160 1.7
57 1000 2500 4.8
57 1200 3460 3.6
57 1400 4180 2.7
57 1600 4720 2.4
57 1800 5200 4.5
58 0 0 0.5
58 200 100 4.3
58 400 960 4.9
58 600 1940 1.1
58 800 2160 1.7
58 1000 2500 4.8
58 1200 3460 3.6
58 1400 4180 2.7
58 1600 4720 2.4
58 1800 5200 4.5
59 0 0 0.5
59 200 100 4.3
59 400 960 4.9
59 600 1940 1.1
59 800 2160 1.7
59 1000 2500 4.8
59 1200 3460 3.6
59 1400 4180 2.7
59 1600 4720 2.4
59 1800 5200 4.5
60 0 0 0.5
60 200 100 4.3
60 400 960 4.9
60 600 1940 1.1
60 800 2160 1.7
60 1000 2500 4.8
60 1200 3460 3.6
60 1400 4180 2.7
60 1600 4720 2.4
60 1800 5200 4.5
61 0 0 0.5
61 200 100 4.3
61 400 960 4.9
61 600 1940 1.1
61 800 2160 1.7
61 1000 2500 4.8
61 1200 3460 3.6
61 1400 4180 2.7
61 1600 4720 2.4
61 1800 5200 4.5
62 0 0 0.5
62 200 100 4.3
62 400 960 4.9
62 600 1940 1.1
62 800 2160 1.7
62 1000 2500 4.8
62 1200 3460 3.6
62 1400 4180 2.7
62 1600 4720 2.4
62 1800 5200 4.5
63 0 0 0.5
63 200 100 4.3
63 400 960 4.9
63 600 1940 1.1
63 800 2160 1.7
63 1000 2500 4.8
63 1200 3460 3.6
63 1400 4180 2.7
63 1600 4720 2.4
63 1800 5200 4.5
64 0 0 0.5
64 200 100 4.3
64 400 960 4.9
64 600 1940 1.1
64 800 2160 1.7
64 1000 2500 4.8
64 1200 3460 3.6
64 1400 4180 2.7
64 1600 4720 2.4
64 1800 5200 4.5
65 0 0 0.5
65 200 100 4.3
65 400 960 4.9
65 600 1940 1.1
65 800 2160 1.7
65 1000 2500 4.8
65 1200 3460 3.6
65 1400 4180 2.7
65 1600 4720 2.4
65 1800 5200 4.5
66 0 0 0.5
66 200 100 4.3
66 400 960 4.9
66 600 1940 1.1
66 800 2160 1.7
66 1000 2500 4.8
66 1200 3460 3.6
66 1400 4180 2.7
66 1600 4720 2.4
66 1800 5200 4.5
67 0 0 0.5
67 200 100 4.3
67 400 960 4.9
67 600 1940 1.1
67 800 2160 1.7
67 1000 2500 4.8
67 1200 3460 3.6
67 1400 4180 2.7
67 1600 4720 2.4
67 1800 5200 4.5
68 0 0 0.5
68 200 100 4.3
68 400 960 4.9
68 600 1940 1.1
68 800 2160 1.7
68 1000 2500 4.8
68 1200 3460 3.6
68 1400 4180 2.7
68 1600 4720 2.4
68 1800 5200 4.5
69 0 0 0.5
69 200 100 4.3
69 400 960 4.9
69 600 1940 1.1
69 800 2160 1.7
69 1000 2500 4.8
69 1200 3460 3.6
69 1400 4180 2.7
69 1600 4720 2.4
69 1800 5200 4.5
70 0 0 0.5
70 200 100 4.3
70 400 960 4.9
70 600 1940 1.1
70 800 2160 1.7
70 1000 2500 4.8
70 1200 3460 3.6
70 1400 4180 2.7
70 1600 4720 2.4
70 1800 5200 4.5
71 0 0 0.5
71 200 100 4.3
71 400 960 4.9
71 600 1940 1.1
71 800 2160 1.7
71 1000 2500 4.8
71 1200 3460 3.6
71 1400 4180 2.7
71 1600 4720 2.4
71 1800 5200 4.5
72 0 0 0.5
72 200 100 4.3
72 400 960 4.9
72 600 1940 1.1
72 800 2160 1.7
72 1000 2500 4.8
72 1200 3460 3.6
72 1400 4180 2.7
72 1600 4720 2.4
72 1800 5200 4.5
73 0 0 0.5
73 200 100 4.3
73 400 960 4.9
73 600 1940 1.1
73 800 2160 1.7
73 1000 2500 4.8
73 1200 3460 3.6
73 1400 4180 2.7
73 1600 4720 2.4
73 1800 5200 4.5
74 0 0 0.5
74 200 100 4.3
74 400 960 4.9
74 600 1940 1.1
74 800 2160 1.7
74 1000 2500 4.8
74 1200 3460 3.6
74 1400 4180 2.7
74 1600 4720 2.4
74 1800 5200 4.5
75 0 0 0.5
75 200 100 4.3
75 400 960 4.9
75 600 1940 1.1
75 800 2160 1.7
75 1000 2500 4.8
75 1200 3460 3.6
75 1400 4180 2.7
75 1600 4720 2.4
75 1800 5200 4.5
76 0 0 0.5
76 200 100 4.3
76 400 960 4.9
76 600 1940 1.1
76 800 2160 1.7
76 1000 2500 4.8
76 1200 3460 3.6
76 1400 4180 2.7
76 1600 4720 2.4
76 1800 5200 4.5
77 0 0 0.5
77 200 100 4.3
77 400 960 4.9
77 600 1940 1.1
77 800 2160 1.7
77 1000 2500 4.8
77 1200 3460 3.6
77 1400 4180 2.7
77 1600 4720 2.4
77 1800 5200 4.5
78 0 0 0.5
78 200 100 4.3
78 400 960 4.9
78 600 1940 1.1
78 800 2160 1.7
78 1000 2500 4.8
78 1200 3460 3.6
78 1400 4180 2.7
78 1600 4720 2.4
78 1800 5200 4.5
79 0 0 0.5
79 200 100 4.3
79 400 960 4.9
79 600 1940 1.1
79 800 2160 1.7
79 1000 2500 4.8
79 1200 3460 3.6
79 1400 4180 2.7
79 1600 4720 2.4
79 1800 5200 4.5
80 0 0 0.5
80 200 100 4.3
80 400 960 4.9
80 600 1940 1.1
80 800 2160 1.7
80 1000 2500 4.8
80 1200 3460 3.6
80 1400 4180 2.7
80 1600 4720 2.4
80 1800 5200 4.5
81 0 0 0.5
81 200 100 4.3
81 400 960 4.9
81 600 1940 1.1
81 800 2160 1.7
81 1000 2500 4.8
81 1200 3460 3.6
81 1400 4180 2.7
81 1600 4720 2.4
81 1800 5200 4.5
82 0 0 0.5
82 200 100 4.3
82 400 960 4.9
82 600 1940 1.1
82 800 2160 1.7
82 1000 2500 4.8
82 1200 3460 3.6
82 1400 4180 2.7
82 1600 4720 2.4
82 1800 5200 4.5
83 0 0 0.5
83 200 100 4.3
83 400 960 4.9
83 600 1940 1.1
83 800 2160 1.7
83 1000 2500 4.8
83 1200 3460 3.6
83 1400 4180 2.7
83 1600 4720 2.4
83 1800 5200 4.5
84 0 0 0.5
84 200 100 4.3
84 400 960 4.9
84 600 1940 1.1
84 800 2160 1.7
84 1000 2500 4.8
84 1200 3460 3.6
84 1400 4180 2.7
84 1600 4720 2.4
84 1800 5200 4.5
85 0 0 0.5
85 200 100 4.3
85 400 960 4.9
85 600 1940 1.1
85 800 2160 1.7
85 1000 2500 4.8
85 1200 3460 3.6
85 1400 4180 2.7
85 1600 4720 2.4
85 1800 5200 4.5
86 0 0 0.5
86 200 100 4.3
86 400 960 4.9
86 600 1940 1.1
86 800 2160 1.7
86 1000 2500 4.8
86 1200 3460 3.6
86 1400 4180 2.7
86 1600 4720 2.4
86 1800 5200 4.5
87 0 0 0.5
87 200 100 4.3
87 400 960 4.9
87 600 1940 1.1
87 800 2160 1.7
87 1000 2500 4.8
87 1200 3460 3.6
87 1400 4180 2.7
87 1600 4720 2.4
87 1800 5200 4.5
88 0 0 0.5
88 200 100 4.3
88 400 960 4.9
88 600 1940 1.1
88 800 2160 1.7
88 1000 2500 4.8
88 1200 3460 3.6
88 1400 4180 2.7
88 1600 4720 2.4
88 1800 5200 4.5
89 0 0 0.5
89 200 100 4.3
89 400 960 4.9
89 600 1940 1.1
89 800 2160 1.7
89 1000 2500 4.8
89 1200 3460 3.6
89 1400 4180 2.7
89 1600 4720 2.4
89 1800 5200 4.5
90 0 0 0.5
90 200 100 4.3
90 400 960 4.9
90 600 1940 1.1
90 800 2160 1.7
90 1000 2500 4.8
90 1200 3460 3.6
90 1400 4180 2.7
90 1600 4720 2.4
90 1800 5200 4.5
91 0 0 0.5
91 200 100 4.3
91 400 960 4.9
91 600 1940 1.1
91 800 2160 1.7
91 1000 2500 4.8
91 1200 3460 3.6
91 1400 4180 2.7
91 1600 4720 2.4
91 1800 5200 4.5
92 0 0 0.5
92 200 100 4.3
92 400 960 4.9
92 600 1940 1.1
92 800 2160 1.7
92 1000 2500 4.8
92 1200 3460 3.6
92 1400 4180 2.7
92 1600 4720 2.4
92 1800 5200 4.5
93 0 0 0.5
93 200 100 4.3
93 400 960 4.9
93 600 1940 1.1
93 800 2160 1.7
93 1000 2500 4.8
93 1200 3460 3.6
93 1400 4180 2.7
93 1600 4720 2.4
93 1800 5200 4.5
94 0 0 0.5
94 200 100 4.3
94 400 960 4.9
94 600 1940 1.1
94 800 2160 1.7
94 1000 2500 4.8
94 1200 3460 3.6
94 1400 4180 2.7
94 1600 4720 2.4
94 1800 5200 4.5
95 0 0 0.5
95 200 100 4.3
95 400 960 4.9
95 600 1940 1.1
95 800 2160 1.7
95 1000 2500 4.8
95 1200 3460 3.6
95 1400 4180 2.7
95 1600 4720 2.4
95 1800 5200 4.5
96 0 0 0.5
96 200 100 4.3
96 400 960 4.9
96 600 1940 1.1
96 800 2160 1.7
96 1000 2500 4.8
96 1200 3460 3.6
96 1400 4180 2.7
96 1600 4720 2.4
96 1800 5200 4.5
97 0 0 0.5
97 200 100 4.3
97 400 960 4.9
97 600 1940 1.1
97 800 2160 1.7
97 1000 2500 4.8
97 1200 3460 3.6
97 1400 4180 2.7
97 1600 4720 2.4
97 1800 5200 4.5
98 0 0 0.5
98 200 100 4.3
98 400 960 4.9
98 600 1940 1.1
98 800 2160 1.7
98 1000 2500 4.8
98 1200 3460 3.6
98 1400 4180 2.7
98 1600 4720 2.4
98 1800 5200 4.5
99 0 0 0.5
99 200 100 4.3
99 400 960 4.9
99 600 1940 1.1
99 800 2160 1.7
99 1000 2500 4.8
99 1200 3460 3.6
99 1400 4180 2.7
99 1600 4720 2.4
99 1800 5200 4.5
