20 10
0 0 0 1.5
0 200 300 1.3
0 400 560 4.9
0 600 1540 2.6
0 800 2060 3
0 1000 2660 4.2
0 1200 3500 4.1
0 1400 4320 3.1
0 1600 4940 4.7
0 1800 5880 0.9
1 0 0 1.5
1 200 300 1.3
1 400 560 4.9
1 600 1540 2.6
1 800 2060 3
1 1000 2660 4.2
1 1200 3500 4.1
1 1400 4320 3.1
1 1600 4940 4.7
1 1800 5880 0.9
2 0 0 1.5
2 200 300 1.3
2 400 560 4.9
2 600 1540 2.6
2 800 2060 3
2 1000 2660 4.2
2 1200 3500 4.1
2 1400 4320 3.1
2 1600 4940 4.7
2 1800 5880 0.9
3 0 0 1.5
3 200 300 1.3
3 400 560 4.9
3 600 1540 2.6
3 800 2060 3
3 1000 2660 4.2
3 1200 3500 4.1
3 1400 4320 3.1
3 1600 4940 4.7
3 1800 5880 0.9
4 0 0 1.5
4 200 300 1.3
4 400 560 4.9
4 600 1540 2.6
4 800 2060 3
4 1000 2660 4.2
4 1200 3500 4.1
4 1400 4320 3.1
4 1600 4940 4.7
4 1800 5880 0.9
5 0 0 1.5
5 200 300 1.3
5 400 560 4.9
5 600 1540 2.6
5 800 2060 3
5 1000 2660 4.2
5 1200 3500 4.1
5 1400 4320 3.1
5 1600 4940 4.7
5 1800 5880 0.9
6 0 0 1.5
6 200 300 1.3
6 400 560 4.9
6 600 1540 2.6
6 800 2060 3
6 1000 2660 4.2
6 1200 3500 4.1
6 1400 4320 3.1
6 1600 4940 4.7
6 1800 5880 0.9
7 0 0 1.5
7 200 300 1.3
7 400 560 4.9
7 600 1540 2.6
7 800 2060 3
7 1000 2660 4.2
7 1200 3500 4.1
7 1400 4320 3.1
7 1600 4940 4.7
7 1800 5880 0.9
8 0 0 1.5
8 200 300 1.3
8 400 560 4.9
8 600 1540 2.6
8 800 2060 3
8 1000 2660 4.2
8 1200 3500 4.1
8 1400 4320 3.1
8 1600 4940 4.7
8 1800 5880 0.9
9 0 0 1.5
9 200 300 1.3
9 400 560 4.9
9 600 1540 2.6
9 800 2060 3
9 1000 2660 4.2
9 1200 3500 4.1
9 1400 4320 3.1
9 1600 4940 4.7
9 1800 5880 0.9
10 0 0 1.5
10 200 300 1.3
10 400 560 4.9
10 600 1540 2.6
10 800 2060 3
10 1000 2660 4.2
10 1200 3500 4.1
10 1400 4320 3.1
10 1600 4940 4.7
10 1800 5880 0.9
11 0 0 1.5
11 200 300 1.3
11 400 560 4.9
11 600 1540 2.6
11 800 2060 3
11 1000 2660 4.2
11 1200 3500 4.1
11 1400 4320 3.1
11 1600 4940 4.7
11 1800 5880 0.9
12 0 0 1.5
12 200 300 1.3
12 400 560 4.9
12 600 1540 2.6
12 800 2060 3
12 1000 2660 4.2
12 1200 3500 4.1
12 1400 4320 3.1
12 1600 4940 4.7
12 1800 5880 0.9
13 0 0 1.5
13 200 300 1.3
13 400 560 4.9
13 600 1540 2.6
13 800 2060 3
13 1000 2660 4.2
13 1200 3500 4.1
13 1400 4320 3.1
13 1600 4940 4.7
13 1800 5880 0.9
14 0 0 1.5
14 200 300 1.3
14 400 560 4.9
14 600 1540 2.6
14 800 2060 3
14 1000 2660 4.2
14 1200 3500 4.1
14 1400 4320 3.1
14 1600 4940 4.7
14 1800 5880 0.9
15 0 0 1.5
15 200 300 1.3
15 400 560 4.9
15 600 1540 2.6
15 800 2060 3
15 1000 2660 4.2
15 1200 3500 4.1
15 1400 4320 3.1
15 1600 4940 4.7
15 1800 5880 0.9
16 0 0 1.5
16 200 300 1.3
16 400 560 4.9
16 600 1540 2.6
16 800 2060 3
16 1000 2660 4.2
16 1200 3500 4.1
16 1400 4320 3.1
16 1600 4940 4.7
16 1800 5880 0.9
17 0 0 1.5
17 200 300 1.3
17 400 560 4.9
17 600 1540 2.6
17 800 2060 3
17 1000 2660 4.2
17 1200 3500 4.1
17 1400 4320 3.1
17 1600 4940 4.7
17 1800 5880 0.9
18 0 0 1.5
18 200 300 1.3
18 400 560 4.9
18 600 1540 2.6
18 800 2060 3
18 1000 2660 4.2
18 1200 3500 4.1
18 1400 4320 3.1
18 1600 4940 4.7
18 1800 5880 0.9
19 0 0 1.5
19 200 300 1.3
19 400 560 4.9
19 600 1540 2.6
19 800 2060 3
19 1000 2660 4.2
19 1200 3500 4.1
19 1400 4320 3.1
19 1600 4940 4.7
19 1800 5880 0.9
