100 10
0 0 0 1.8
0 10 18 3.8
0 20 56 4.8
0 30 104 2.1
0 40 125 2.4
0 50 149 3.2
0 60 181 4.8
0 70 229 4.2
0 80 271 2.1
0 90 292 3.6
1 0 0 1.8
1 10 18 3.8
1 20 56 4.8
1 30 104 2.1
1 40 125 2.4
1 50 149 3.2
1 60 181 4.8
1 70 229 4.2
1 80 271 2.1
1 90 292 3.6
2 0 0 1.8
2 10 18 3.8
2 20 56 4.8
2 30 104 2.1
2 40 125 2.4
2 50 149 3.2
2 60 181 4.8
2 70 229 4.2
2 80 271 2.1
2 90 292 3.6
3 0 0 1.8
3 10 18 3.8
3 20 56 4.8
3 30 104 2.1
3 40 125 2.4
3 50 149 3.2
3 60 181 4.8
3 70 229 4.2
3 80 271 2.1
3 90 292 3.6
4 0 0 1.8
4 10 18 3.8
4 20 56 4.8
4 30 104 2.1
4 40 125 2.4
4 50 149 3.2
4 60 181 4.8
4 70 229 4.2
4 80 271 2.1
4 90 292 3.6
5 0 0 1.8
5 10 18 3.8
5 20 56 4.8
5 30 104 2.1
5 40 125 2.4
5 50 149 3.2
5 60 181 4.8
5 70 229 4.2
5 80 271 2.1
5 90 292 3.6
6 0 0 1.8
6 10 18 3.8
6 20 56 4.8
6 30 104 2.1
6 40 125 2.4
6 50 149 3.2
6 60 181 4.8
6 70 229 4.2
6 80 271 2.1
6 90 292 3.6
7 0 0 1.8
7 10 18 3.8
7 20 56 4.8
7 30 104 2.1
7 40 125 2.4
7 50 149 3.2
7 60 181 4.8
7 70 229 4.2
7 80 271 2.1
7 90 292 3.6
8 0 0 1.8
8 10 18 3.8
8 20 56 4.8
8 30 104 2.1
8 40 125 2.4
8 50 149 3.2
8 60 181 4.8
8 70 229 4.2
8 80 271 2.1
8 90 292 3.6
9 0 0 1.8
9 10 18 3.8
9 20 56 4.8
9 30 104 2.1
9 40 125 2.4
9 50 149 3.2
9 60 181 4.8
9 70 229 4.2
9 80 271 2.1
9 90 292 3.6
10 0 0 1.8
10 10 18 3.8
10 20 56 4.8
10 30 104 2.1
10 40 125 2.4
10 50 149 3.2
10 60 181 4.8
10 70 229 4.2
10 80 271 2.1
10 90 292 3.6
11 0 0 1.8
11 10 18 3.8
11 20 56 4.8
11 30 104 2.1
11 40 125 2.4
11 50 149 3.2
11 60 181 4.8
11 70 229 4.2
11 80 271 2.1
11 90 292 3.6
12 0 0 1.8
12 10 18 3.8
12 20 56 4.8
12 30 104 2.1
12 40 125 2.4
12 50 149 3.2
12 60 181 4.8
12 70 229 4.2
12 80 271 2.1
12 90 292 3.6
13 0 0 1.8
13 10 18 3.8
13 20 56 4.8
13 30 104 2.1
13 40 125 2.4
13 50 149 3.2
13 60 181 4.8
13 70 229 4.2
13 80 271 2.1
13 90 292 3.6
14 0 0 1.8
14 10 18 3.8
14 20 56 4.8
14 30 104 2.1
14 40 125 2.4
14 50 149 3.2
14 60 181 4.8
14 70 229 4.2
14 80 271 2.1
14 90 292 3.6
15 0 0 1.8
15 10 18 3.8
15 20 56 4.8
15 30 104 2.1
15 40 125 2.4
15 50 149 3.2
15 60 181 4.8
15 70 229 4.2
15 80 271 2.1
15 90 292 3.6
16 0 0 1.8
16 10 18 3.8
16 20 56 4.8
16 30 104 2.1
16 40 125 2.4
16 50 149 3.2
16 60 181 4.8
16 70 229 4.2
16 80 271 2.1
16 90 292 3.6
17 0 0 1.8
17 10 18 3.8
17 20 56 4.8
17 30 104 2.1
17 40 125 2.4
17 50 149 3.2
17 60 181 4.8
17 70 229 4.2
17 80 271 2.1
17 90 292 3.6
18 0 0 1.8
18 10 18 3.8
18 20 56 4.8
18 30 104 2.1
18 40 125 2.4
18 50 149 3.2
18 60 181 4.8
18 70 229 4.2
18 80 271 2.1
18 90 292 3.6
19 0 0 1.8
19 10 18 3.8
19 20 56 4.8
19 30 104 2.1
19 40 125 2.4
19 50 149 3.2
19 60 181 4.8
19 70 229 4.2
19 80 271 2.1
19 90 292 3.6
20 0 0 1.8
20 10 18 3.8
20 20 56 4.8
20 30 104 2.1
20 40 125 2.4
20 50 149 3.2
20 60 181 4.8
20 70 229 4.2
20 80 271 2.1
20 90 292 3.6
21 0 0 1.8
21 10 18 3.8
21 20 56 4.8
21 30 104 2.1
21 40 125 2.4
21 50 149 3.2
21 60 181 4.8
21 70 229 4.2
21 80 271 2.1
21 90 292 3.6
22 0 0 1.8
22 10 18 3.8
22 20 56 4.8
22 30 104 2.1
22 40 125 2.4
22 50 149 3.2
22 60 181 4.8
22 70 229 4.2
22 80 271 2.1
22 90 292 3.6
23 0 0 1.8
23 10 18 3.8
23 20 56 4.8
23 30 104 2.1
23 40 125 2.4
23 50 149 3.2
23 60 181 4.8
23 70 229 4.2
23 80 271 2.1
23 90 292 3.6
24 0 0 1.8
24 10 18 3.8
24 20 56 4.8
24 30 104 2.1
24 40 125 2.4
24 50 149 3.2
24 60 181 4.8
24 70 229 4.2
24 80 271 2.1
24 90 292 3.6
25 0 0 1.8
25 10 18 3.8
25 20 56 4.8
25 30 104 2.1
25 40 125 2.4
25 50 149 3.2
25 60 181 4.8
25 70 229 4.2
25 80 271 2.1
25 90 292 3.6
26 0 0 1.8
26 10 18 3.8
26 20 56 4.8
26 30 104 2.1
26 40 125 2.4
26 50 149 3.2
26 60 181 4.8
26 70 229 4.2
26 80 271 2.1
26 90 292 3.6
27 0 0 1.8
27 10 18 3.8
27 20 56 4.8
27 30 104 2.1
27 40 125 2.4
27 50 149 3.2
27 60 181 4.8
27 70 229 4.2
27 80 271 2.1
27 90 292 3.6
28 0 0 1.8
28 10 18 3.8
28 20 56 4.8
28 30 104 2.1
28 40 125 2.4
28 50 149 3.2
28 60 181 4.8
28 70 229 4.2
28 80 271 2.1
28 90 292 3.6
29 0 0 1.8
29 10 18 3.8
29 20 56 4.8
29 30 104 2.1
29 40 125 2.4
29 50 149 3.2
29 60 181 4.8
29 70 229 4.2
29 80 271 2.1
29 90 292 3.6
30 0 0 1.8
30 10 18 3.8
30 20 56 4.8
30 30 104 2.1
30 40 125 2.4
30 50 149 3.2
30 60 181 4.8
30 70 229 4.2
30 80 271 2.1
30 90 292 3.6
31 0 0 1.8
31 10 18 3.8
31 20 56 4.8
31 30 104 2.1
31 40 125 2.4
31 50 149 3.2
31 60 181 4.8
31 70 229 4.2
31 80 271 2.1
31 90 292 3.6
32 0 0 1.8
32 10 18 3.8
32 20 56 4.8
32 30 104 2.1
32 40 125 2.4
32 50 149 3.2
32 60 181 4.8
32 70 229 4.2
32 80 271 2.1
32 90 292 3.6
33 0 0 1.8
33 10 18 3.8
33 20 56 4.8
33 30 104 2.1
33 40 125 2.4
33 50 149 3.2
33 60 181 4.8
33 70 229 4.2
33 80 271 2.1
33 90 292 3.6
34 0 0 1.8
34 10 18 3.8
34 20 56 4.8
34 30 104 2.1
34 40 125 2.4
34 50 149 3.2
34 60 181 4.8
34 70 229 4.2
34 80 271 2.1
34 90 292 3.6
35 0 0 1.8
35 10 18 3.8
35 20 56 4.8
35 30 104 2.1
35 40 125 2.4
35 50 149 3.2
35 60 181 4.8
35 70 229 4.2
35 80 271 2.1
35 90 292 3.6
36 0 0 1.8
36 10 18 3.8
36 20 56 4.8
36 30 104 2.1
36 40 125 2.4
36 50 149 3.2
36 60 181 4.8
36 70 229 4.2
36 80 271 2.1
36 90 292 3.6
37 0 0 1.8
37 10 18 3.8
37 20 56 4.8
37 30 104 2.1
37 40 125 2.4
37 50 149 3.2
37 60 181 4.8
37 70 229 4.2
37 80 271 2.1
37 90 292 3.6
38 0 0 1.8
38 10 18 3.8
38 20 56 4.8
38 30 104 2.1
38 40 125 2.4
38 50 149 3.2
38 60 181 4.8
38 70 229 4.2
38 80 271 2.1
38 90 292 3.6
39 0 0 1.8
39 10 18 3.8
39 20 56 4.8
39 30 104 2.1
39 40 125 2.4
39 50 149 3.2
39 60 181 4.8
39 70 229 4.2
39 80 271 2.1
39 90 292 3.6
40 0 0 1.8
40 10 18 3.8
40 20 56 4.8
40 30 104 2.1
40 40 125 2.4
40 50 149 3.2
40 60 181 4.8
40 70 229 4.2
40 80 271 2.1
40 90 292 3.6
41 0 0 1.8
41 10 18 3.8
41 20 56 4.8
41 30 104 2.1
41 40 125 2.4
41 50 149 3.2
41 60 181 4.8
41 70 229 4.2
41 80 271 2.1
41 90 292 3.6
42 0 0 1.8
42 10 18 3.8
42 20 56 4.8
42 30 104 2.1
42 40 125 2.4
42 50 149 3.2
42 60 181 4.8
42 70 229 4.2
42 80 271 2.1
42 90 292 3.6
43 0 0 1.8
43 10 18 3.8
43 20 56 4.8
43 30 104 2.1
43 40 125 2.4
43 50 149 3.2
43 60 181 4.8
43 70 229 4.2
43 80 271 2.1
43 90 292 3.6
44 0 0 1.8
44 10 18 3.8
44 20 56 4.8
44 30 104 2.1
44 40 125 2.4
44 50 149 3.2
44 60 181 4.8
44 70 229 4.2
44 80 271 2.1
44 90 292 3.6
45 0 0 1.8
45 10 18 3.8
45 20 56 4.8
45 30 104 2.1
45 40 125 2.4
45 50 149 3.2
45 60 181 4.8
45 70 229 4.2
45 80 271 2.1
45 90 292 3.6
46 0 0 1.8
46 10 18 3.8
46 20 56 4.8
46 30 104 2.1
46 40 125 2.4
46 50 149 3.2
46 60 181 4.8
46 70 229 4.2
46 80 271 2.1
46 90 292 3.6
47 0 0 1.8
47 10 18 3.8
47 20 56 4.8
47 30 104 2.1
47 40 125 2.4
47 50 149 3.2
47 60 181 4.8
47 70 229 4.2
47 80 271 2.1
47 90 292 3.6
48 0 0 1.8
48 10 18 3.8
48 20 56 4.8
48 30 104 2.1
48 40 125 2.4
48 50 149 3.2
48 60 181 4.8
48 70 229 4.2
48 80 271 2.1
48 90 292 3.6
49 0 0 1.8
49 10 18 3.8
49 20 56 4.8
49 30 104 2.1
49 40 125 2.4
49 50 149 3.2
49 60 181 4.8
49 70 229 4.2
49 80 271 2.1
49 90 292 3.6
50 0 0 1.8
50 10 18 3.8
50 20 56 4.8
50 30 104 2.1
50 40 125 2.4
50 50 149 3.2
50 60 181 4.8
50 70 229 4.2
50 80 271 2.1
50 90 292 3.6
51 0 0 1.8
51 10 18 3.8
51 20 56 4.8
51 30 104 2.1
51 40 125 2.4
51 50 149 3.2
51 60 181 4.8
51 70 229 4.2
51 80 271 2.1
51 90 292 3.6
52 0 0 1.8
52 10 18 3.8
52 20 56 4.8
52 30 104 2.1
52 40 125 2.4
52 50 149 3.2
52 60 181 4.8
52 70 229 4.2
52 80 271 2.1
52 90 292 3.6
53 0 0 1.8
53 10 18 3.8
53 20 56 4.8
53 30 104 2.1
53 40 125 2.4
53 50 149 3.2
53 60 181 4.8
53 70 229 4.2
53 80 271 2.1
53 90 292 3.6
54 0 0 1.8
54 10 18 3.8
54 20 56 4.8
54 30 104 2.1
54 40 125 2.4
54 50 149 3.2
54 60 181 4.8
54 70 229 4.2
54 80 271 2.1
54 90 292 3.6
55 0 0 1.8
55 10 18 3.8
55 20 56 4.8
55 30 104 2.1
55 40 125 2.4
55 50 149 3.2
55 60 181 4.8
55 70 229 4.2
55 80 271 2.1
55 90 292 3.6
56 0 0 1.8
56 10 18 3.8
56 20 56 4.8
56 30 104 2.1
56 40 125 2.4
56 50 149 3.2
56 60 181 4.8
56 70 229 4.2
56 80 271 2.1
56 90 292 3.6
57 0 0 1.8
57 10 18 3.8
57 20 56 4.8
57 30 104 2.1
57 40 125 2.4
57 50 149 3.2
57 60 181 4.8
57 70 229 4.2
57 80 271 2.1
57 90 292 3.6
58 0 0 1.8
58 10 18 3.8
58 20 56 4.8
58 30 104 2.1
58 40 125 2.4
58 50 149 3.2
58 60 181 4.8
58 70 229 4.2
58 80 271 2.1
58 90 292 3.6
59 0 0 1.8
59 10 18 3.8
59 20 56 4.8
59 30 104 2.1
59 40 125 2.4
59 50 149 3.2
59 60 181 4.8
59 70 229 4.2
59 80 271 2.1
59 90 292 3.6
60 0 0 1.8
60 10 18 3.8
60 20 56 4.8
60 30 104 2.1
60 40 125 2.4
60 50 149 3.2
60 60 181 4.8
60 70 229 4.2
60 80 271 2.1
60 90 292 3.6
61 0 0 1.8
61 10 18 3.8
61 20 56 4.8
61 30 104 2.1
61 40 125 2.4
61 50 149 3.2
61 60 181 4.8
61 70 229 4.2
61 80 271 2.1
61 90 292 3.6
62 0 0 1.8
62 10 18 3.8
62 20 56 4.8
62 30 104 2.1
62 40 125 2.4
62 50 149 3.2
62 60 181 4.8
62 70 229 4.2
62 80 271 2.1
62 90 292 3.6
63 0 0 1.8
63 10 18 3.8
63 20 56 4.8
63 30 104 2.1
63 40 125 2.4
63 50 149 3.2
63 60 181 4.8
63 70 229 4.2
63 80 271 2.1
63 90 292 3.6
64 0 0 1.8
64 10 18 3.8
64 20 56 4.8
64 30 104 2.1
64 40 125 2.4
64 50 149 3.2
64 60 181 4.8
64 70 229 4.2
64 80 271 2.1
64 90 292 3.6
65 0 0 1.8
65 10 18 3.8
65 20 56 4.8
65 30 104 2.1
65 40 125 2.4
65 50 149 3.2
65 60 181 4.8
65 70 229 4.2
65 80 271 2.1
65 90 292 3.6
66 0 0 1.8
66 10 18 3.8
66 20 56 4.8
66 30 104 2.1
66 40 125 2.4
66 50 149 3.2
66 60 181 4.8
66 70 229 4.2
66 80 271 2.1
66 90 292 3.6
67 0 0 1.8
67 10 18 3.8
67 20 56 4.8
67 30 104 2.1
67 40 125 2.4
67 50 149 3.2
67 60 181 4.8
67 70 229 4.2
67 80 271 2.1
67 90 292 3.6
68 0 0 1.8
68 10 18 3.8
68 20 56 4.8
68 30 104 2.1
68 40 125 2.4
68 50 149 3.2
68 60 181 4.8
68 70 229 4.2
68 80 271 2.1
68 90 292 3.6
69 0 0 1.8
69 10 18 3.8
69 20 56 4.8
69 30 104 2.1
69 40 125 2.4
69 50 149 3.2
69 60 181 4.8
69 70 229 4.2
69 80 271 2.1
69 90 292 3.6
70 0 0 1.8
70 10 18 3.8
70 20 56 4.8
70 30 104 2.1
70 40 125 2.4
70 50 149 3.2
70 60 181 4.8
70 70 229 4.2
70 80 271 2.1
70 90 292 3.6
71 0 0 1.8
71 10 18 3.8
71 20 56 4.8
71 30 104 2.1
71 40 125 2.4
71 50 149 3.2
71 60 181 4.8
71 70 229 4.2
71 80 271 2.1
71 90 292 3.6
72 0 0 1.8
72 10 18 3.8
72 20 56 4.8
72 30 104 2.1
72 40 125 2.4
72 50 149 3.2
72 60 181 4.8
72 70 229 4.2
72 80 271 2.1
72 90 292 3.6
73 0 0 1.8
73 10 18 3.8
73 20 56 4.8
73 30 104 2.1
73 40 125 2.4
73 50 149 3.2
73 60 181 4.8
73 70 229 4.2
73 80 271 2.1
73 90 292 3.6
74 0 0 1.8
74 10 18 3.8
74 20 56 4.8
74 30 104 2.1
74 40 125 2.4
74 50 149 3.2
74 60 181 4.8
74 70 229 4.2
74 80 271 2.1
74 90 292 3.6
75 0 0 1.8
75 10 18 3.8
75 20 56 4.8
75 30 104 2.1
75 40 125 2.4
75 50 149 3.2
75 60 181 4.8
75 70 229 4.2
75 80 271 2.1
75 90 292 3.6
76 0 0 1.8
76 10 18 3.8
76 20 56 4.8
76 30 104 2.1
76 40 125 2.4
76 50 149 3.2
76 60 181 4.8
76 70 229 4.2
76 80 271 2.1
76 90 292 3.6
77 0 0 1.8
77 10 18 3.8
77 20 56 4.8
77 30 104 2.1
77 40 125 2.4
77 50 149 3.2
77 60 181 4.8
77 70 229 4.2
77 80 271 2.1
77 90 292 3.6
78 0 0 1.8
78 10 18 3.8
78 20 56 4.8
78 30 104 2.1
78 40 125 2.4
78 50 149 3.2
78 60 181 4.8
78 70 229 4.2
78 80 271 2.1
78 90 292 3.6
79 0 0 1.8
79 10 18 3.8
79 20 56 4.8
79 30 104 2.1
79 40 125 2.4
79 50 149 3.2
79 60 181 4.8
79 70 229 4.2
79 80 271 2.1
79 90 292 3.6
80 0 0 1.8
80 10 18 3.8
80 20 56 4.8
80 30 104 2.1
80 40 125 2.4
80 50 149 3.2
80 60 181 4.8
80 70 229 4.2
80 80 271 2.1
80 90 292 3.6
81 0 0 1.8
81 10 18 3.8
81 20 56 4.8
81 30 104 2.1
81 40 125 2.4
81 50 149 3.2
81 60 181 4.8
81 70 229 4.2
81 80 271 2.1
81 90 292 3.6
82 0 0 1.8
82 10 18 3.8
82 20 56 4.8
82 30 104 2.1
82 40 125 2.4
82 50 149 3.2
82 60 181 4.8
82 70 229 4.2
82 80 271 2.1
82 90 292 3.6
83 0 0 1.8
83 10 18 3.8
83 20 56 4.8
83 30 104 2.1
83 40 125 2.4
83 50 149 3.2
83 60 181 4.8
83 70 229 4.2
83 80 271 2.1
83 90 292 3.6
84 0 0 1.8
84 10 18 3.8
84 20 56 4.8
84 30 104 2.1
84 40 125 2.4
84 50 149 3.2
84 60 181 4.8
84 70 229 4.2
84 80 271 2.1
84 90 292 3.6
85 0 0 1.8
85 10 18 3.8
85 20 56 4.8
85 30 104 2.1
85 40 125 2.4
85 50 149 3.2
85 60 181 4.8
85 70 229 4.2
85 80 271 2.1
85 90 292 3.6
86 0 0 1.8
86 10 18 3.8
86 20 56 4.8
86 30 104 2.1
86 40 125 2.4
86 50 149 3.2
86 60 181 4.8
86 70 229 4.2
86 80 271 2.1
86 90 292 3.6
87 0 0 1.8
87 10 18 3.8
87 20 56 4.8
87 30 104 2.1
87 40 125 2.4
87 50 149 3.2
87 60 181 4.8
87 70 229 4.2
87 80 271 2.1
87 90 292 3.6
88 0 0 1.8
88 10 18 3.8
88 20 56 4.8
88 30 104 2.1
88 40 125 2.4
88 50 149 3.2
88 60 181 4.8
88 70 229 4.2
88 80 271 2.1
88 90 292 3.6
89 0 0 1.8
89 10 18 3.8
89 20 56 4.8
89 30 104 2.1
89 40 125 2.4
89 50 149 3.2
89 60 181 4.8
89 70 229 4.2
89 80 271 2.1
89 90 292 3.6
90 0 0 1.8
90 10 18 3.8
90 20 56 4.8
90 30 104 2.1
90 40 125 2.4
90 50 149 3.2
90 60 181 4.8
90 70 229 4.2
90 80 271 2.1
90 90 292 3.6
91 0 0 1.8
91 10 18 3.8
91 20 56 4.8
91 30 104 2.1
91 40 125 2.4
91 50 149 3.2
91 60 181 4.8
91 70 229 4.2
91 80 271 2.1
91 90 292 3.6
92 0 0 1.8
92 10 18 3.8
92 20 56 4.8
92 30 104 2.1
92 40 125 2.4
92 50 149 3.2
92 60 181 4.8
92 70 229 4.2
92 80 271 2.1
92 90 292 3.6
93 0 0 1.8
93 10 18 3.8
93 20 56 4.8
93 30 104 2.1
93 40 125 2.4
93 50 149 3.2
93 60 181 4.8
93 70 229 4.2
93 80 271 2.1
93 90 292 3.6
94 0 0 1.8
94 10 18 3.8
94 20 56 4.8
94 30 104 2.1
94 40 125 2.4
94 50 149 3.2
94 60 181 4.8
94 70 229 4.2
94 80 271 2.1
94 90 292 3.6
95 0 0 1.8
95 10 18 3.8
95 20 56 4.8
95 30 104 2.1
95 40 125 2.4
95 50 149 3.2
95 60 181 4.8
95 70 229 4.2
95 80 271 2.1
95 90 292 3.6
96 0 0 1.8
96 10 18 3.8
96 20 56 4.8
96 30 104 2.1
96 40 125 2.4
96 50 149 3.2
96 60 181 4.8
96 70 229 4.2
96 80 271 2.1
96 90 292 3.6
97 0 0 1.8
97 10 18 3.8
97 20 56 4.8
97 30 104 2.1
97 40 125 2.4
97 50 149 3.2
97 60 181 4.8
97 70 229 4.2
97 80 271 2.1
97 90 292 3.6
98 0 0 1.8
98 10 18 3.8
98 20 56 4.8
98 30 104 2.1
98 40 125 2.4
98 50 149 3.2
98 60 181 4.8
98 70 229 4.2
98 80 271 2.1
98 90 292 3.6
99 0 0 1.8
99 10 18 3.8
99 20 56 4.8
99 30 104 2.1
99 40 125 2.4
99 50 149 3.2
99 60 181 4.8
99 70 229 4.2
99 80 271 2.1
99 90 292 3.6
