1000 4
0 0 0 3.2
0 25 80 3.1
0 50 157.5 4.1
0 75 260 4.3
1 0 0 3.2
1 25 80 3.1
1 50 157.5 4.1
1 75 260 4.3
2 0 0 3.2
2 25 80 3.1
2 50 157.5 4.1
2 75 260 4.3
3 0 0 3.2
3 25 80 3.1
3 50 157.5 4.1
3 75 260 4.3
4 0 0 3.2
4 25 80 3.1
4 50 157.5 4.1
4 75 260 4.3
5 0 0 3.2
5 25 80 3.1
5 50 157.5 4.1
5 75 260 4.3
6 0 0 3.2
6 25 80 3.1
6 50 157.5 4.1
6 75 260 4.3
7 0 0 3.2
7 25 80 3.1
7 50 157.5 4.1
7 75 260 4.3
8 0 0 3.2
8 25 80 3.1
8 50 157.5 4.1
8 75 260 4.3
9 0 0 3.2
9 25 80 3.1
9 50 157.5 4.1
9 75 260 4.3
10 0 0 3.2
10 25 80 3.1
10 50 157.5 4.1
10 75 260 4.3
11 0 0 3.2
11 25 80 3.1
11 50 157.5 4.1
11 75 260 4.3
12 0 0 3.2
12 25 80 3.1
12 50 157.5 4.1
12 75 260 4.3
13 0 0 3.2
13 25 80 3.1
13 50 157.5 4.1
13 75 260 4.3
14 0 0 3.2
14 25 80 3.1
14 50 157.5 4.1
14 75 260 4.3
15 0 0 3.2
15 25 80 3.1
15 50 157.5 4.1
15 75 260 4.3
16 0 0 3.2
16 25 80 3.1
16 50 157.5 4.1
16 75 260 4.3
17 0 0 3.2
17 25 80 3.1
17 50 157.5 4.1
17 75 260 4.3
18 0 0 3.2
18 25 80 3.1
18 50 157.5 4.1
18 75 260 4.3
19 0 0 3.2
19 25 80 3.1
19 50 157.5 4.1
19 75 260 4.3
20 0 0 3.2
20 25 80 3.1
20 50 157.5 4.1
20 75 260 4.3
21 0 0 3.2
21 25 80 3.1
21 50 157.5 4.1
21 75 260 4.3
22 0 0 3.2
22 25 80 3.1
22 50 157.5 4.1
22 75 260 4.3
23 0 0 3.2
23 25 80 3.1
23 50 157.5 4.1
23 75 260 4.3
24 0 0 3.2
24 25 80 3.1
24 50 157.5 4.1
24 75 260 4.3
25 0 0 3.2
25 25 80 3.1
25 50 157.5 4.1
25 75 260 4.3
26 0 0 3.2
26 25 80 3.1
26 50 157.5 4.1
26 75 260 4.3
27 0 0 3.2
27 25 80 3.1
27 50 157.5 4.1
27 75 260 4.3
28 0 0 3.2
28 25 80 3.1
28 50 157.5 4.1
28 75 260 4.3
29 0 0 3.2
29 25 80 3.1
29 50 157.5 4.1
29 75 260 4.3
30 0 0 3.2
30 25 80 3.1
30 50 157.5 4.1
30 75 260 4.3
31 0 0 3.2
31 25 80 3.1
31 50 157.5 4.1
31 75 260 4.3
32 0 0 3.2
32 25 80 3.1
32 50 157.5 4.1
32 75 260 4.3
33 0 0 3.2
33 25 80 3.1
33 50 157.5 4.1
33 75 260 4.3
34 0 0 3.2
34 25 80 3.1
34 50 157.5 4.1
34 75 260 4.3
35 0 0 3.2
35 25 80 3.1
35 50 157.5 4.1
35 75 260 4.3
36 0 0 3.2
36 25 80 3.1
36 50 157.5 4.1
36 75 260 4.3
37 0 0 3.2
37 25 80 3.1
37 50 157.5 4.1
37 75 260 4.3
38 0 0 3.2
38 25 80 3.1
38 50 157.5 4.1
38 75 260 4.3
39 0 0 3.2
39 25 80 3.1
39 50 157.5 4.1
39 75 260 4.3
40 0 0 3.2
40 25 80 3.1
40 50 157.5 4.1
40 75 260 4.3
41 0 0 3.2
41 25 80 3.1
41 50 157.5 4.1
41 75 260 4.3
42 0 0 3.2
42 25 80 3.1
42 50 157.5 4.1
42 75 260 4.3
43 0 0 3.2
43 25 80 3.1
43 50 157.5 4.1
43 75 260 4.3
44 0 0 3.2
44 25 80 3.1
44 50 157.5 4.1
44 75 260 4.3
45 0 0 3.2
45 25 80 3.1
45 50 157.5 4.1
45 75 260 4.3
46 0 0 3.2
46 25 80 3.1
46 50 157.5 4.1
46 75 260 4.3
47 0 0 3.2
47 25 80 3.1
47 50 157.5 4.1
47 75 260 4.3
48 0 0 3.2
48 25 80 3.1
48 50 157.5 4.1
48 75 260 4.3
49 0 0 3.2
49 25 80 3.1
49 50 157.5 4.1
49 75 260 4.3
50 0 0 3.2
50 25 80 3.1
50 50 157.5 4.1
50 75 260 4.3
51 0 0 3.2
51 25 80 3.1
51 50 157.5 4.1
51 75 260 4.3
52 0 0 3.2
52 25 80 3.1
52 50 157.5 4.1
52 75 260 4.3
53 0 0 3.2
53 25 80 3.1
53 50 157.5 4.1
53 75 260 4.3
54 0 0 3.2
54 25 80 3.1
54 50 157.5 4.1
54 75 260 4.3
55 0 0 3.2
55 25 80 3.1
55 50 157.5 4.1
55 75 260 4.3
56 0 0 3.2
56 25 80 3.1
56 50 157.5 4.1
56 75 260 4.3
57 0 0 3.2
57 25 80 3.1
57 50 157.5 4.1
57 75 260 4.3
58 0 0 3.2
58 25 80 3.1
58 50 157.5 4.1
58 75 260 4.3
59 0 0 3.2
59 25 80 3.1
59 50 157.5 4.1
59 75 260 4.3
60 0 0 3.2
60 25 80 3.1
60 50 157.5 4.1
60 75 260 4.3
61 0 0 3.2
61 25 80 3.1
61 50 157.5 4.1
61 75 260 4.3
62 0 0 3.2
62 25 80 3.1
62 50 157.5 4.1
62 75 260 4.3
63 0 0 3.2
63 25 80 3.1
63 50 157.5 4.1
63 75 260 4.3
64 0 0 3.2
64 25 80 3.1
64 50 157.5 4.1
64 75 260 4.3
65 0 0 3.2
65 25 80 3.1
65 50 157.5 4.1
65 75 260 4.3
66 0 0 3.2
66 25 80 3.1
66 50 157.5 4.1
66 75 260 4.3
67 0 0 3.2
67 25 80 3.1
67 50 157.5 4.1
67 75 260 4.3
68 0 0 3.2
68 25 80 3.1
68 50 157.5 4.1
68 75 260 4.3
69 0 0 3.2
69 25 80 3.1
69 50 157.5 4.1
69 75 260 4.3
70 0 0 3.2
70 25 80 3.1
70 50 157.5 4.1
70 75 260 4.3
71 0 0 3.2
71 25 80 3.1
71 50 157.5 4.1
71 75 260 4.3
72 0 0 3.2
72 25 80 3.1
72 50 157.5 4.1
72 75 260 4.3
73 0 0 3.2
73 25 80 3.1
73 50 157.5 4.1
73 75 260 4.3
74 0 0 3.2
74 25 80 3.1
74 50 157.5 4.1
74 75 260 4.3
75 0 0 3.2
75 25 80 3.1
75 50 157.5 4.1
75 75 260 4.3
76 0 0 3.2
76 25 80 3.1
76 50 157.5 4.1
76 75 260 4.3
77 0 0 3.2
77 25 80 3.1
77 50 157.5 4.1
77 75 260 4.3
78 0 0 3.2
78 25 80 3.1
78 50 157.5 4.1
78 75 260 4.3
79 0 0 3.2
79 25 80 3.1
79 50 157.5 4.1
79 75 260 4.3
80 0 0 3.2
80 25 80 3.1
80 50 157.5 4.1
80 75 260 4.3
81 0 0 3.2
81 25 80 3.1
81 50 157.5 4.1
81 75 260 4.3
82 0 0 3.2
82 25 80 3.1
82 50 157.5 4.1
82 75 260 4.3
83 0 0 3.2
83 25 80 3.1
83 50 157.5 4.1
83 75 260 4.3
84 0 0 3.2
84 25 80 3.1
84 50 157.5 4.1
84 75 260 4.3
85 0 0 3.2
85 25 80 3.1
85 50 157.5 4.1
85 75 260 4.3
86 0 0 3.2
86 25 80 3.1
86 50 157.5 4.1
86 75 260 4.3
87 0 0 3.2
87 25 80 3.1
87 50 157.5 4.1
87 75 260 4.3
88 0 0 3.2
88 25 80 3.1
88 50 157.5 4.1
88 75 260 4.3
89 0 0 3.2
89 25 80 3.1
89 50 157.5 4.1
89 75 260 4.3
90 0 0 3.2
90 25 80 3.1
90 50 157.5 4.1
90 75 260 4.3
91 0 0 3.2
91 25 80 3.1
91 50 157.5 4.1
91 75 260 4.3
92 0 0 3.2
92 25 80 3.1
92 50 157.5 4.1
92 75 260 4.3
93 0 0 3.2
93 25 80 3.1
93 50 157.5 4.1
93 75 260 4.3
94 0 0 3.2
94 25 80 3.1
94 50 157.5 4.1
94 75 260 4.3
95 0 0 3.2
95 25 80 3.1
95 50 157.5 4.1
95 75 260 4.3
96 0 0 3.2
96 25 80 3.1
96 50 157.5 4.1
96 75 260 4.3
97 0 0 3.2
97 25 80 3.1
97 50 157.5 4.1
97 75 260 4.3
98 0 0 3.2
98 25 80 3.1
98 50 157.5 4.1
98 75 260 4.3
99 0 0 3.2
99 25 80 3.1
99 50 157.5 4.1
99 75 260 4.3
100 0 0 3.2
100 25 80 3.1
100 50 157.5 4.1
100 75 260 4.3
101 0 0 3.2
101 25 80 3.1
101 50 157.5 4.1
101 75 260 4.3
102 0 0 3.2
102 25 80 3.1
102 50 157.5 4.1
102 75 260 4.3
103 0 0 3.2
103 25 80 3.1
103 50 157.5 4.1
103 75 260 4.3
104 0 0 3.2
104 25 80 3.1
104 50 157.5 4.1
104 75 260 4.3
105 0 0 3.2
105 25 80 3.1
105 50 157.5 4.1
105 75 260 4.3
106 0 0 3.2
106 25 80 3.1
106 50 157.5 4.1
106 75 260 4.3
107 0 0 3.2
107 25 80 3.1
107 50 157.5 4.1
107 75 260 4.3
108 0 0 3.2
108 25 80 3.1
108 50 157.5 4.1
108 75 260 4.3
109 0 0 3.2
109 25 80 3.1
109 50 157.5 4.1
109 75 260 4.3
110 0 0 3.2
110 25 80 3.1
110 50 157.5 4.1
110 75 260 4.3
111 0 0 3.2
111 25 80 3.1
111 50 157.5 4.1
111 75 260 4.3
112 0 0 3.2
112 25 80 3.1
112 50 157.5 4.1
112 75 260 4.3
113 0 0 3.2
113 25 80 3.1
113 50 157.5 4.1
113 75 260 4.3
114 0 0 3.2
114 25 80 3.1
114 50 157.5 4.1
114 75 260 4.3
115 0 0 3.2
115 25 80 3.1
115 50 157.5 4.1
115 75 260 4.3
116 0 0 3.2
116 25 80 3.1
116 50 157.5 4.1
116 75 260 4.3
117 0 0 3.2
117 25 80 3.1
117 50 157.5 4.1
117 75 260 4.3
118 0 0 3.2
118 25 80 3.1
118 50 157.5 4.1
118 75 260 4.3
119 0 0 3.2
119 25 80 3.1
119 50 157.5 4.1
119 75 260 4.3
120 0 0 3.2
120 25 80 3.1
120 50 157.5 4.1
120 75 260 4.3
121 0 0 3.2
121 25 80 3.1
121 50 157.5 4.1
121 75 260 4.3
122 0 0 3.2
122 25 80 3.1
122 50 157.5 4.1
122 75 260 4.3
123 0 0 3.2
123 25 80 3.1
123 50 157.5 4.1
123 75 260 4.3
124 0 0 3.2
124 25 80 3.1
124 50 157.5 4.1
124 75 260 4.3
125 0 0 3.2
125 25 80 3.1
125 50 157.5 4.1
125 75 260 4.3
126 0 0 3.2
126 25 80 3.1
126 50 157.5 4.1
126 75 260 4.3
127 0 0 3.2
127 25 80 3.1
127 50 157.5 4.1
127 75 260 4.3
128 0 0 3.2
128 25 80 3.1
128 50 157.5 4.1
128 75 260 4.3
129 0 0 3.2
129 25 80 3.1
129 50 157.5 4.1
129 75 260 4.3
130 0 0 3.2
130 25 80 3.1
130 50 157.5 4.1
130 75 260 4.3
131 0 0 3.2
131 25 80 3.1
131 50 157.5 4.1
131 75 260 4.3
132 0 0 3.2
132 25 80 3.1
132 50 157.5 4.1
132 75 260 4.3
133 0 0 3.2
133 25 80 3.1
133 50 157.5 4.1
133 75 260 4.3
134 0 0 3.2
134 25 80 3.1
134 50 157.5 4.1
134 75 260 4.3
135 0 0 3.2
135 25 80 3.1
135 50 157.5 4.1
135 75 260 4.3
136 0 0 3.2
136 25 80 3.1
136 50 157.5 4.1
136 75 260 4.3
137 0 0 3.2
137 25 80 3.1
137 50 157.5 4.1
137 75 260 4.3
138 0 0 3.2
138 25 80 3.1
138 50 157.5 4.1
138 75 260 4.3
139 0 0 3.2
139 25 80 3.1
139 50 157.5 4.1
139 75 260 4.3
140 0 0 3.2
140 25 80 3.1
140 50 157.5 4.1
140 75 260 4.3
141 0 0 3.2
141 25 80 3.1
141 50 157.5 4.1
141 75 260 4.3
142 0 0 3.2
142 25 80 3.1
142 50 157.5 4.1
142 75 260 4.3
143 0 0 3.2
143 25 80 3.1
143 50 157.5 4.1
143 75 260 4.3
144 0 0 3.2
144 25 80 3.1
144 50 157.5 4.1
144 75 260 4.3
145 0 0 3.2
145 25 80 3.1
145 50 157.5 4.1
145 75 260 4.3
146 0 0 3.2
146 25 80 3.1
146 50 157.5 4.1
146 75 260 4.3
147 0 0 3.2
147 25 80 3.1
147 50 157.5 4.1
147 75 260 4.3
148 0 0 3.2
148 25 80 3.1
148 50 157.5 4.1
148 75 260 4.3
149 0 0 3.2
149 25 80 3.1
149 50 157.5 4.1
149 75 260 4.3
150 0 0 3.2
150 25 80 3.1
150 50 157.5 4.1
150 75 260 4.3
151 0 0 3.2
151 25 80 3.1
151 50 157.5 4.1
151 75 260 4.3
152 0 0 3.2
152 25 80 3.1
152 50 157.5 4.1
152 75 260 4.3
153 0 0 3.2
153 25 80 3.1
153 50 157.5 4.1
153 75 260 4.3
154 0 0 3.2
154 25 80 3.1
154 50 157.5 4.1
154 75 260 4.3
155 0 0 3.2
155 25 80 3.1
155 50 157.5 4.1
155 75 260 4.3
156 0 0 3.2
156 25 80 3.1
156 50 157.5 4.1
156 75 260 4.3
157 0 0 3.2
157 25 80 3.1
157 50 157.5 4.1
157 75 260 4.3
158 0 0 3.2
158 25 80 3.1
158 50 157.5 4.1
158 75 260 4.3
159 0 0 3.2
159 25 80 3.1
159 50 157.5 4.1
159 75 260 4.3
160 0 0 3.2
160 25 80 3.1
160 50 157.5 4.1
160 75 260 4.3
161 0 0 3.2
161 25 80 3.1
161 50 157.5 4.1
161 75 260 4.3
162 0 0 3.2
162 25 80 3.1
162 50 157.5 4.1
162 75 260 4.3
163 0 0 3.2
163 25 80 3.1
163 50 157.5 4.1
163 75 260 4.3
164 0 0 3.2
164 25 80 3.1
164 50 157.5 4.1
164 75 260 4.3
165 0 0 3.2
165 25 80 3.1
165 50 157.5 4.1
165 75 260 4.3
166 0 0 3.2
166 25 80 3.1
166 50 157.5 4.1
166 75 260 4.3
167 0 0 3.2
167 25 80 3.1
167 50 157.5 4.1
167 75 260 4.3
168 0 0 3.2
168 25 80 3.1
168 50 157.5 4.1
168 75 260 4.3
169 0 0 3.2
169 25 80 3.1
169 50 157.5 4.1
169 75 260 4.3
170 0 0 3.2
170 25 80 3.1
170 50 157.5 4.1
170 75 260 4.3
171 0 0 3.2
171 25 80 3.1
171 50 157.5 4.1
171 75 260 4.3
172 0 0 3.2
172 25 80 3.1
172 50 157.5 4.1
172 75 260 4.3
173 0 0 3.2
173 25 80 3.1
173 50 157.5 4.1
173 75 260 4.3
174 0 0 3.2
174 25 80 3.1
174 50 157.5 4.1
174 75 260 4.3
175 0 0 3.2
175 25 80 3.1
175 50 157.5 4.1
175 75 260 4.3
176 0 0 3.2
176 25 80 3.1
176 50 157.5 4.1
176 75 260 4.3
177 0 0 3.2
177 25 80 3.1
177 50 157.5 4.1
177 75 260 4.3
178 0 0 3.2
178 25 80 3.1
178 50 157.5 4.1
178 75 260 4.3
179 0 0 3.2
179 25 80 3.1
179 50 157.5 4.1
179 75 260 4.3
180 0 0 3.2
180 25 80 3.1
180 50 157.5 4.1
180 75 260 4.3
181 0 0 3.2
181 25 80 3.1
181 50 157.5 4.1
181 75 260 4.3
182 0 0 3.2
182 25 80 3.1
182 50 157.5 4.1
182 75 260 4.3
183 0 0 3.2
183 25 80 3.1
183 50 157.5 4.1
183 75 260 4.3
184 0 0 3.2
184 25 80 3.1
184 50 157.5 4.1
184 75 260 4.3
185 0 0 3.2
185 25 80 3.1
185 50 157.5 4.1
185 75 260 4.3
186 0 0 3.2
186 25 80 3.1
186 50 157.5 4.1
186 75 260 4.3
187 0 0 3.2
187 25 80 3.1
187 50 157.5 4.1
187 75 260 4.3
188 0 0 3.2
188 25 80 3.1
188 50 157.5 4.1
188 75 260 4.3
189 0 0 3.2
189 25 80 3.1
189 50 157.5 4.1
189 75 260 4.3
190 0 0 3.2
190 25 80 3.1
190 50 157.5 4.1
190 75 260 4.3
191 0 0 3.2
191 25 80 3.1
191 50 157.5 4.1
191 75 260 4.3
192 0 0 3.2
192 25 80 3.1
192 50 157.5 4.1
192 75 260 4.3
193 0 0 3.2
193 25 80 3.1
193 50 157.5 4.1
193 75 260 4.3
194 0 0 3.2
194 25 80 3.1
194 50 157.5 4.1
194 75 260 4.3
195 0 0 3.2
195 25 80 3.1
195 50 157.5 4.1
195 75 260 4.3
196 0 0 3.2
196 25 80 3.1
196 50 157.5 4.1
196 75 260 4.3
197 0 0 3.2
197 25 80 3.1
197 50 157.5 4.1
197 75 260 4.3
198 0 0 3.2
198 25 80 3.1
198 50 157.5 4.1
198 75 260 4.3
199 0 0 3.2
199 25 80 3.1
199 50 157.5 4.1
199 75 260 4.3
200 0 0 3.2
200 25 80 3.1
200 50 157.5 4.1
200 75 260 4.3
201 0 0 3.2
201 25 80 3.1
201 50 157.5 4.1
201 75 260 4.3
202 0 0 3.2
202 25 80 3.1
202 50 157.5 4.1
202 75 260 4.3
203 0 0 3.2
203 25 80 3.1
203 50 157.5 4.1
203 75 260 4.3
204 0 0 3.2
204 25 80 3.1
204 50 157.5 4.1
204 75 260 4.3
205 0 0 3.2
205 25 80 3.1
205 50 157.5 4.1
205 75 260 4.3
206 0 0 3.2
206 25 80 3.1
206 50 157.5 4.1
206 75 260 4.3
207 0 0 3.2
207 25 80 3.1
207 50 157.5 4.1
207 75 260 4.3
208 0 0 3.2
208 25 80 3.1
208 50 157.5 4.1
208 75 260 4.3
209 0 0 3.2
209 25 80 3.1
209 50 157.5 4.1
209 75 260 4.3
210 0 0 3.2
210 25 80 3.1
210 50 157.5 4.1
210 75 260 4.3
211 0 0 3.2
211 25 80 3.1
211 50 157.5 4.1
211 75 260 4.3
212 0 0 3.2
212 25 80 3.1
212 50 157.5 4.1
212 75 260 4.3
213 0 0 3.2
213 25 80 3.1
213 50 157.5 4.1
213 75 260 4.3
214 0 0 3.2
214 25 80 3.1
214 50 157.5 4.1
214 75 260 4.3
215 0 0 3.2
215 25 80 3.1
215 50 157.5 4.1
215 75 260 4.3
216 0 0 3.2
216 25 80 3.1
216 50 157.5 4.1
216 75 260 4.3
217 0 0 3.2
217 25 80 3.1
217 50 157.5 4.1
217 75 260 4.3
218 0 0 3.2
218 25 80 3.1
218 50 157.5 4.1
218 75 260 4.3
219 0 0 3.2
219 25 80 3.1
219 50 157.5 4.1
219 75 260 4.3
220 0 0 3.2
220 25 80 3.1
220 50 157.5 4.1
220 75 260 4.3
221 0 0 3.2
221 25 80 3.1
221 50 157.5 4.1
221 75 260 4.3
222 0 0 3.2
222 25 80 3.1
222 50 157.5 4.1
222 75 260 4.3
223 0 0 3.2
223 25 80 3.1
223 50 157.5 4.1
223 75 260 4.3
224 0 0 3.2
224 25 80 3.1
224 50 157.5 4.1
224 75 260 4.3
225 0 0 3.2
225 25 80 3.1
225 50 157.5 4.1
225 75 260 4.3
226 0 0 3.2
226 25 80 3.1
226 50 157.5 4.1
226 75 260 4.3
227 0 0 3.2
227 25 80 3.1
227 50 157.5 4.1
227 75 260 4.3
228 0 0 3.2
228 25 80 3.1
228 50 157.5 4.1
228 75 260 4.3
229 0 0 3.2
229 25 80 3.1
229 50 157.5 4.1
229 75 260 4.3
230 0 0 3.2
230 25 80 3.1
230 50 157.5 4.1
230 75 260 4.3
231 0 0 3.2
231 25 80 3.1
231 50 157.5 4.1
231 75 260 4.3
232 0 0 3.2
232 25 80 3.1
232 50 157.5 4.1
232 75 260 4.3
233 0 0 3.2
233 25 80 3.1
233 50 157.5 4.1
233 75 260 4.3
234 0 0 3.2
234 25 80 3.1
234 50 157.5 4.1
234 75 260 4.3
235 0 0 3.2
235 25 80 3.1
235 50 157.5 4.1
235 75 260 4.3
236 0 0 3.2
236 25 80 3.1
236 50 157.5 4.1
236 75 260 4.3
237 0 0 3.2
237 25 80 3.1
237 50 157.5 4.1
237 75 260 4.3
238 0 0 3.2
238 25 80 3.1
238 50 157.5 4.1
238 75 260 4.3
239 0 0 3.2
239 25 80 3.1
239 50 157.5 4.1
239 75 260 4.3
240 0 0 3.2
240 25 80 3.1
240 50 157.5 4.1
240 75 260 4.3
241 0 0 3.2
241 25 80 3.1
241 50 157.5 4.1
241 75 260 4.3
242 0 0 3.2
242 25 80 3.1
242 50 157.5 4.1
242 75 260 4.3
243 0 0 3.2
243 25 80 3.1
243 50 157.5 4.1
243 75 260 4.3
244 0 0 3.2
244 25 80 3.1
244 50 157.5 4.1
244 75 260 4.3
245 0 0 3.2
245 25 80 3.1
245 50 157.5 4.1
245 75 260 4.3
246 0 0 3.2
246 25 80 3.1
246 50 157.5 4.1
246 75 260 4.3
247 0 0 3.2
247 25 80 3.1
247 50 157.5 4.1
247 75 260 4.3
248 0 0 3.2
248 25 80 3.1
248 50 157.5 4.1
248 75 260 4.3
249 0 0 3.2
249 25 80 3.1
249 50 157.5 4.1
249 75 260 4.3
250 0 0 3.2
250 25 80 3.1
250 50 157.5 4.1
250 75 260 4.3
251 0 0 3.2
251 25 80 3.1
251 50 157.5 4.1
251 75 260 4.3
252 0 0 3.2
252 25 80 3.1
252 50 157.5 4.1
252 75 260 4.3
253 0 0 3.2
253 25 80 3.1
253 50 157.5 4.1
253 75 260 4.3
254 0 0 3.2
254 25 80 3.1
254 50 157.5 4.1
254 75 260 4.3
255 0 0 3.2
255 25 80 3.1
255 50 157.5 4.1
255 75 260 4.3
256 0 0 3.2
256 25 80 3.1
256 50 157.5 4.1
256 75 260 4.3
257 0 0 3.2
257 25 80 3.1
257 50 157.5 4.1
257 75 260 4.3
258 0 0 3.2
258 25 80 3.1
258 50 157.5 4.1
258 75 260 4.3
259 0 0 3.2
259 25 80 3.1
259 50 157.5 4.1
259 75 260 4.3
260 0 0 3.2
260 25 80 3.1
260 50 157.5 4.1
260 75 260 4.3
261 0 0 3.2
261 25 80 3.1
261 50 157.5 4.1
261 75 260 4.3
262 0 0 3.2
262 25 80 3.1
262 50 157.5 4.1
262 75 260 4.3
263 0 0 3.2
263 25 80 3.1
263 50 157.5 4.1
263 75 260 4.3
264 0 0 3.2
264 25 80 3.1
264 50 157.5 4.1
264 75 260 4.3
265 0 0 3.2
265 25 80 3.1
265 50 157.5 4.1
265 75 260 4.3
266 0 0 3.2
266 25 80 3.1
266 50 157.5 4.1
266 75 260 4.3
267 0 0 3.2
267 25 80 3.1
267 50 157.5 4.1
267 75 260 4.3
268 0 0 3.2
268 25 80 3.1
268 50 157.5 4.1
268 75 260 4.3
269 0 0 3.2
269 25 80 3.1
269 50 157.5 4.1
269 75 260 4.3
270 0 0 3.2
270 25 80 3.1
270 50 157.5 4.1
270 75 260 4.3
271 0 0 3.2
271 25 80 3.1
271 50 157.5 4.1
271 75 260 4.3
272 0 0 3.2
272 25 80 3.1
272 50 157.5 4.1
272 75 260 4.3
273 0 0 3.2
273 25 80 3.1
273 50 157.5 4.1
273 75 260 4.3
274 0 0 3.2
274 25 80 3.1
274 50 157.5 4.1
274 75 260 4.3
275 0 0 3.2
275 25 80 3.1
275 50 157.5 4.1
275 75 260 4.3
276 0 0 3.2
276 25 80 3.1
276 50 157.5 4.1
276 75 260 4.3
277 0 0 3.2
277 25 80 3.1
277 50 157.5 4.1
277 75 260 4.3
278 0 0 3.2
278 25 80 3.1
278 50 157.5 4.1
278 75 260 4.3
279 0 0 3.2
279 25 80 3.1
279 50 157.5 4.1
279 75 260 4.3
280 0 0 3.2
280 25 80 3.1
280 50 157.5 4.1
280 75 260 4.3
281 0 0 3.2
281 25 80 3.1
281 50 157.5 4.1
281 75 260 4.3
282 0 0 3.2
282 25 80 3.1
282 50 157.5 4.1
282 75 260 4.3
283 0 0 3.2
283 25 80 3.1
283 50 157.5 4.1
283 75 260 4.3
284 0 0 3.2
284 25 80 3.1
284 50 157.5 4.1
284 75 260 4.3
285 0 0 3.2
285 25 80 3.1
285 50 157.5 4.1
285 75 260 4.3
286 0 0 3.2
286 25 80 3.1
286 50 157.5 4.1
286 75 260 4.3
287 0 0 3.2
287 25 80 3.1
287 50 157.5 4.1
287 75 260 4.3
288 0 0 3.2
288 25 80 3.1
288 50 157.5 4.1
288 75 260 4.3
289 0 0 3.2
289 25 80 3.1
289 50 157.5 4.1
289 75 260 4.3
290 0 0 3.2
290 25 80 3.1
290 50 157.5 4.1
290 75 260 4.3
291 0 0 3.2
291 25 80 3.1
291 50 157.5 4.1
291 75 260 4.3
292 0 0 3.2
292 25 80 3.1
292 50 157.5 4.1
292 75 260 4.3
293 0 0 3.2
293 25 80 3.1
293 50 157.5 4.1
293 75 260 4.3
294 0 0 3.2
294 25 80 3.1
294 50 157.5 4.1
294 75 260 4.3
295 0 0 3.2
295 25 80 3.1
295 50 157.5 4.1
295 75 260 4.3
296 0 0 3.2
296 25 80 3.1
296 50 157.5 4.1
296 75 260 4.3
297 0 0 3.2
297 25 80 3.1
297 50 157.5 4.1
297 75 260 4.3
298 0 0 3.2
298 25 80 3.1
298 50 157.5 4.1
298 75 260 4.3
299 0 0 3.2
299 25 80 3.1
299 50 157.5 4.1
299 75 260 4.3
300 0 0 3.2
300 25 80 3.1
300 50 157.5 4.1
300 75 260 4.3
301 0 0 3.2
301 25 80 3.1
301 50 157.5 4.1
301 75 260 4.3
302 0 0 3.2
302 25 80 3.1
302 50 157.5 4.1
302 75 260 4.3
303 0 0 3.2
303 25 80 3.1
303 50 157.5 4.1
303 75 260 4.3
304 0 0 3.2
304 25 80 3.1
304 50 157.5 4.1
304 75 260 4.3
305 0 0 3.2
305 25 80 3.1
305 50 157.5 4.1
305 75 260 4.3
306 0 0 3.2
306 25 80 3.1
306 50 157.5 4.1
306 75 260 4.3
307 0 0 3.2
307 25 80 3.1
307 50 157.5 4.1
307 75 260 4.3
308 0 0 3.2
308 25 80 3.1
308 50 157.5 4.1
308 75 260 4.3
309 0 0 3.2
309 25 80 3.1
309 50 157.5 4.1
309 75 260 4.3
310 0 0 3.2
310 25 80 3.1
310 50 157.5 4.1
310 75 260 4.3
311 0 0 3.2
311 25 80 3.1
311 50 157.5 4.1
311 75 260 4.3
312 0 0 3.2
312 25 80 3.1
312 50 157.5 4.1
312 75 260 4.3
313 0 0 3.2
313 25 80 3.1
313 50 157.5 4.1
313 75 260 4.3
314 0 0 3.2
314 25 80 3.1
314 50 157.5 4.1
314 75 260 4.3
315 0 0 3.2
315 25 80 3.1
315 50 157.5 4.1
315 75 260 4.3
316 0 0 3.2
316 25 80 3.1
316 50 157.5 4.1
316 75 260 4.3
317 0 0 3.2
317 25 80 3.1
317 50 157.5 4.1
317 75 260 4.3
318 0 0 3.2
318 25 80 3.1
318 50 157.5 4.1
318 75 260 4.3
319 0 0 3.2
319 25 80 3.1
319 50 157.5 4.1
319 75 260 4.3
320 0 0 3.2
320 25 80 3.1
320 50 157.5 4.1
320 75 260 4.3
321 0 0 3.2
321 25 80 3.1
321 50 157.5 4.1
321 75 260 4.3
322 0 0 3.2
322 25 80 3.1
322 50 157.5 4.1
322 75 260 4.3
323 0 0 3.2
323 25 80 3.1
323 50 157.5 4.1
323 75 260 4.3
324 0 0 3.2
324 25 80 3.1
324 50 157.5 4.1
324 75 260 4.3
325 0 0 3.2
325 25 80 3.1
325 50 157.5 4.1
325 75 260 4.3
326 0 0 3.2
326 25 80 3.1
326 50 157.5 4.1
326 75 260 4.3
327 0 0 3.2
327 25 80 3.1
327 50 157.5 4.1
327 75 260 4.3
328 0 0 3.2
328 25 80 3.1
328 50 157.5 4.1
328 75 260 4.3
329 0 0 3.2
329 25 80 3.1
329 50 157.5 4.1
329 75 260 4.3
330 0 0 3.2
330 25 80 3.1
330 50 157.5 4.1
330 75 260 4.3
331 0 0 3.2
331 25 80 3.1
331 50 157.5 4.1
331 75 260 4.3
332 0 0 3.2
332 25 80 3.1
332 50 157.5 4.1
332 75 260 4.3
333 0 0 3.2
333 25 80 3.1
333 50 157.5 4.1
333 75 260 4.3
334 0 0 3.2
334 25 80 3.1
334 50 157.5 4.1
334 75 260 4.3
335 0 0 3.2
335 25 80 3.1
335 50 157.5 4.1
335 75 260 4.3
336 0 0 3.2
336 25 80 3.1
336 50 157.5 4.1
336 75 260 4.3
337 0 0 3.2
337 25 80 3.1
337 50 157.5 4.1
337 75 260 4.3
338 0 0 3.2
338 25 80 3.1
338 50 157.5 4.1
338 75 260 4.3
339 0 0 3.2
339 25 80 3.1
339 50 157.5 4.1
339 75 260 4.3
340 0 0 3.2
340 25 80 3.1
340 50 157.5 4.1
340 75 260 4.3
341 0 0 3.2
341 25 80 3.1
341 50 157.5 4.1
341 75 260 4.3
342 0 0 3.2
342 25 80 3.1
342 50 157.5 4.1
342 75 260 4.3
343 0 0 3.2
343 25 80 3.1
343 50 157.5 4.1
343 75 260 4.3
344 0 0 3.2
344 25 80 3.1
344 50 157.5 4.1
344 75 260 4.3
345 0 0 3.2
345 25 80 3.1
345 50 157.5 4.1
345 75 260 4.3
346 0 0 3.2
346 25 80 3.1
346 50 157.5 4.1
346 75 260 4.3
347 0 0 3.2
347 25 80 3.1
347 50 157.5 4.1
347 75 260 4.3
348 0 0 3.2
348 25 80 3.1
348 50 157.5 4.1
348 75 260 4.3
349 0 0 3.2
349 25 80 3.1
349 50 157.5 4.1
349 75 260 4.3
350 0 0 3.2
350 25 80 3.1
350 50 157.5 4.1
350 75 260 4.3
351 0 0 3.2
351 25 80 3.1
351 50 157.5 4.1
351 75 260 4.3
352 0 0 3.2
352 25 80 3.1
352 50 157.5 4.1
352 75 260 4.3
353 0 0 3.2
353 25 80 3.1
353 50 157.5 4.1
353 75 260 4.3
354 0 0 3.2
354 25 80 3.1
354 50 157.5 4.1
354 75 260 4.3
355 0 0 3.2
355 25 80 3.1
355 50 157.5 4.1
355 75 260 4.3
356 0 0 3.2
356 25 80 3.1
356 50 157.5 4.1
356 75 260 4.3
357 0 0 3.2
357 25 80 3.1
357 50 157.5 4.1
357 75 260 4.3
358 0 0 3.2
358 25 80 3.1
358 50 157.5 4.1
358 75 260 4.3
359 0 0 3.2
359 25 80 3.1
359 50 157.5 4.1
359 75 260 4.3
360 0 0 3.2
360 25 80 3.1
360 50 157.5 4.1
360 75 260 4.3
361 0 0 3.2
361 25 80 3.1
361 50 157.5 4.1
361 75 260 4.3
362 0 0 3.2
362 25 80 3.1
362 50 157.5 4.1
362 75 260 4.3
363 0 0 3.2
363 25 80 3.1
363 50 157.5 4.1
363 75 260 4.3
364 0 0 3.2
364 25 80 3.1
364 50 157.5 4.1
364 75 260 4.3
365 0 0 3.2
365 25 80 3.1
365 50 157.5 4.1
365 75 260 4.3
366 0 0 3.2
366 25 80 3.1
366 50 157.5 4.1
366 75 260 4.3
367 0 0 3.2
367 25 80 3.1
367 50 157.5 4.1
367 75 260 4.3
368 0 0 3.2
368 25 80 3.1
368 50 157.5 4.1
368 75 260 4.3
369 0 0 3.2
369 25 80 3.1
369 50 157.5 4.1
369 75 260 4.3
370 0 0 3.2
370 25 80 3.1
370 50 157.5 4.1
370 75 260 4.3
371 0 0 3.2
371 25 80 3.1
371 50 157.5 4.1
371 75 260 4.3
372 0 0 3.2
372 25 80 3.1
372 50 157.5 4.1
372 75 260 4.3
373 0 0 3.2
373 25 80 3.1
373 50 157.5 4.1
373 75 260 4.3
374 0 0 3.2
374 25 80 3.1
374 50 157.5 4.1
374 75 260 4.3
375 0 0 3.2
375 25 80 3.1
375 50 157.5 4.1
375 75 260 4.3
376 0 0 3.2
376 25 80 3.1
376 50 157.5 4.1
376 75 260 4.3
377 0 0 3.2
377 25 80 3.1
377 50 157.5 4.1
377 75 260 4.3
378 0 0 3.2
378 25 80 3.1
378 50 157.5 4.1
378 75 260 4.3
379 0 0 3.2
379 25 80 3.1
379 50 157.5 4.1
379 75 260 4.3
380 0 0 3.2
380 25 80 3.1
380 50 157.5 4.1
380 75 260 4.3
381 0 0 3.2
381 25 80 3.1
381 50 157.5 4.1
381 75 260 4.3
382 0 0 3.2
382 25 80 3.1
382 50 157.5 4.1
382 75 260 4.3
383 0 0 3.2
383 25 80 3.1
383 50 157.5 4.1
383 75 260 4.3
384 0 0 3.2
384 25 80 3.1
384 50 157.5 4.1
384 75 260 4.3
385 0 0 3.2
385 25 80 3.1
385 50 157.5 4.1
385 75 260 4.3
386 0 0 3.2
386 25 80 3.1
386 50 157.5 4.1
386 75 260 4.3
387 0 0 3.2
387 25 80 3.1
387 50 157.5 4.1
387 75 260 4.3
388 0 0 3.2
388 25 80 3.1
388 50 157.5 4.1
388 75 260 4.3
389 0 0 3.2
389 25 80 3.1
389 50 157.5 4.1
389 75 260 4.3
390 0 0 3.2
390 25 80 3.1
390 50 157.5 4.1
390 75 260 4.3
391 0 0 3.2
391 25 80 3.1
391 50 157.5 4.1
391 75 260 4.3
392 0 0 3.2
392 25 80 3.1
392 50 157.5 4.1
392 75 260 4.3
393 0 0 3.2
393 25 80 3.1
393 50 157.5 4.1
393 75 260 4.3
394 0 0 3.2
394 25 80 3.1
394 50 157.5 4.1
394 75 260 4.3
395 0 0 3.2
395 25 80 3.1
395 50 157.5 4.1
395 75 260 4.3
396 0 0 3.2
396 25 80 3.1
396 50 157.5 4.1
396 75 260 4.3
397 0 0 3.2
397 25 80 3.1
397 50 157.5 4.1
397 75 260 4.3
398 0 0 3.2
398 25 80 3.1
398 50 157.5 4.1
398 75 260 4.3
399 0 0 3.2
399 25 80 3.1
399 50 157.5 4.1
399 75 260 4.3
400 0 0 3.2
400 25 80 3.1
400 50 157.5 4.1
400 75 260 4.3
401 0 0 3.2
401 25 80 3.1
401 50 157.5 4.1
401 75 260 4.3
402 0 0 3.2
402 25 80 3.1
402 50 157.5 4.1
402 75 260 4.3
403 0 0 3.2
403 25 80 3.1
403 50 157.5 4.1
403 75 260 4.3
404 0 0 3.2
404 25 80 3.1
404 50 157.5 4.1
404 75 260 4.3
405 0 0 3.2
405 25 80 3.1
405 50 157.5 4.1
405 75 260 4.3
406 0 0 3.2
406 25 80 3.1
406 50 157.5 4.1
406 75 260 4.3
407 0 0 3.2
407 25 80 3.1
407 50 157.5 4.1
407 75 260 4.3
408 0 0 3.2
408 25 80 3.1
408 50 157.5 4.1
408 75 260 4.3
409 0 0 3.2
409 25 80 3.1
409 50 157.5 4.1
409 75 260 4.3
410 0 0 3.2
410 25 80 3.1
410 50 157.5 4.1
410 75 260 4.3
411 0 0 3.2
411 25 80 3.1
411 50 157.5 4.1
411 75 260 4.3
412 0 0 3.2
412 25 80 3.1
412 50 157.5 4.1
412 75 260 4.3
413 0 0 3.2
413 25 80 3.1
413 50 157.5 4.1
413 75 260 4.3
414 0 0 3.2
414 25 80 3.1
414 50 157.5 4.1
414 75 260 4.3
415 0 0 3.2
415 25 80 3.1
415 50 157.5 4.1
415 75 260 4.3
416 0 0 3.2
416 25 80 3.1
416 50 157.5 4.1
416 75 260 4.3
417 0 0 3.2
417 25 80 3.1
417 50 157.5 4.1
417 75 260 4.3
418 0 0 3.2
418 25 80 3.1
418 50 157.5 4.1
418 75 260 4.3
419 0 0 3.2
419 25 80 3.1
419 50 157.5 4.1
419 75 260 4.3
420 0 0 3.2
420 25 80 3.1
420 50 157.5 4.1
420 75 260 4.3
421 0 0 3.2
421 25 80 3.1
421 50 157.5 4.1
421 75 260 4.3
422 0 0 3.2
422 25 80 3.1
422 50 157.5 4.1
422 75 260 4.3
423 0 0 3.2
423 25 80 3.1
423 50 157.5 4.1
423 75 260 4.3
424 0 0 3.2
424 25 80 3.1
424 50 157.5 4.1
424 75 260 4.3
425 0 0 3.2
425 25 80 3.1
425 50 157.5 4.1
425 75 260 4.3
426 0 0 3.2
426 25 80 3.1
426 50 157.5 4.1
426 75 260 4.3
427 0 0 3.2
427 25 80 3.1
427 50 157.5 4.1
427 75 260 4.3
428 0 0 3.2
428 25 80 3.1
428 50 157.5 4.1
428 75 260 4.3
429 0 0 3.2
429 25 80 3.1
429 50 157.5 4.1
429 75 260 4.3
430 0 0 3.2
430 25 80 3.1
430 50 157.5 4.1
430 75 260 4.3
431 0 0 3.2
431 25 80 3.1
431 50 157.5 4.1
431 75 260 4.3
432 0 0 3.2
432 25 80 3.1
432 50 157.5 4.1
432 75 260 4.3
433 0 0 3.2
433 25 80 3.1
433 50 157.5 4.1
433 75 260 4.3
434 0 0 3.2
434 25 80 3.1
434 50 157.5 4.1
434 75 260 4.3
435 0 0 3.2
435 25 80 3.1
435 50 157.5 4.1
435 75 260 4.3
436 0 0 3.2
436 25 80 3.1
436 50 157.5 4.1
436 75 260 4.3
437 0 0 3.2
437 25 80 3.1
437 50 157.5 4.1
437 75 260 4.3
438 0 0 3.2
438 25 80 3.1
438 50 157.5 4.1
438 75 260 4.3
439 0 0 3.2
439 25 80 3.1
439 50 157.5 4.1
439 75 260 4.3
440 0 0 3.2
440 25 80 3.1
440 50 157.5 4.1
440 75 260 4.3
441 0 0 3.2
441 25 80 3.1
441 50 157.5 4.1
441 75 260 4.3
442 0 0 3.2
442 25 80 3.1
442 50 157.5 4.1
442 75 260 4.3
443 0 0 3.2
443 25 80 3.1
443 50 157.5 4.1
443 75 260 4.3
444 0 0 3.2
444 25 80 3.1
444 50 157.5 4.1
444 75 260 4.3
445 0 0 3.2
445 25 80 3.1
445 50 157.5 4.1
445 75 260 4.3
446 0 0 3.2
446 25 80 3.1
446 50 157.5 4.1
446 75 260 4.3
447 0 0 3.2
447 25 80 3.1
447 50 157.5 4.1
447 75 260 4.3
448 0 0 3.2
448 25 80 3.1
448 50 157.5 4.1
448 75 260 4.3
449 0 0 3.2
449 25 80 3.1
449 50 157.5 4.1
449 75 260 4.3
450 0 0 3.2
450 25 80 3.1
450 50 157.5 4.1
450 75 260 4.3
451 0 0 3.2
451 25 80 3.1
451 50 157.5 4.1
451 75 260 4.3
452 0 0 3.2
452 25 80 3.1
452 50 157.5 4.1
452 75 260 4.3
453 0 0 3.2
453 25 80 3.1
453 50 157.5 4.1
453 75 260 4.3
454 0 0 3.2
454 25 80 3.1
454 50 157.5 4.1
454 75 260 4.3
455 0 0 3.2
455 25 80 3.1
455 50 157.5 4.1
455 75 260 4.3
456 0 0 3.2
456 25 80 3.1
456 50 157.5 4.1
456 75 260 4.3
457 0 0 3.2
457 25 80 3.1
457 50 157.5 4.1
457 75 260 4.3
458 0 0 3.2
458 25 80 3.1
458 50 157.5 4.1
458 75 260 4.3
459 0 0 3.2
459 25 80 3.1
459 50 157.5 4.1
459 75 260 4.3
460 0 0 3.2
460 25 80 3.1
460 50 157.5 4.1
460 75 260 4.3
461 0 0 3.2
461 25 80 3.1
461 50 157.5 4.1
461 75 260 4.3
462 0 0 3.2
462 25 80 3.1
462 50 157.5 4.1
462 75 260 4.3
463 0 0 3.2
463 25 80 3.1
463 50 157.5 4.1
463 75 260 4.3
464 0 0 3.2
464 25 80 3.1
464 50 157.5 4.1
464 75 260 4.3
465 0 0 3.2
465 25 80 3.1
465 50 157.5 4.1
465 75 260 4.3
466 0 0 3.2
466 25 80 3.1
466 50 157.5 4.1
466 75 260 4.3
467 0 0 3.2
467 25 80 3.1
467 50 157.5 4.1
467 75 260 4.3
468 0 0 3.2
468 25 80 3.1
468 50 157.5 4.1
468 75 260 4.3
469 0 0 3.2
469 25 80 3.1
469 50 157.5 4.1
469 75 260 4.3
470 0 0 3.2
470 25 80 3.1
470 50 157.5 4.1
470 75 260 4.3
471 0 0 3.2
471 25 80 3.1
471 50 157.5 4.1
471 75 260 4.3
472 0 0 3.2
472 25 80 3.1
472 50 157.5 4.1
472 75 260 4.3
473 0 0 3.2
473 25 80 3.1
473 50 157.5 4.1
473 75 260 4.3
474 0 0 3.2
474 25 80 3.1
474 50 157.5 4.1
474 75 260 4.3
475 0 0 3.2
475 25 80 3.1
475 50 157.5 4.1
475 75 260 4.3
476 0 0 3.2
476 25 80 3.1
476 50 157.5 4.1
476 75 260 4.3
477 0 0 3.2
477 25 80 3.1
477 50 157.5 4.1
477 75 260 4.3
478 0 0 3.2
478 25 80 3.1
478 50 157.5 4.1
478 75 260 4.3
479 0 0 3.2
479 25 80 3.1
479 50 157.5 4.1
479 75 260 4.3
480 0 0 3.2
480 25 80 3.1
480 50 157.5 4.1
480 75 260 4.3
481 0 0 3.2
481 25 80 3.1
481 50 157.5 4.1
481 75 260 4.3
482 0 0 3.2
482 25 80 3.1
482 50 157.5 4.1
482 75 260 4.3
483 0 0 3.2
483 25 80 3.1
483 50 157.5 4.1
483 75 260 4.3
484 0 0 3.2
484 25 80 3.1
484 50 157.5 4.1
484 75 260 4.3
485 0 0 3.2
485 25 80 3.1
485 50 157.5 4.1
485 75 260 4.3
486 0 0 3.2
486 25 80 3.1
486 50 157.5 4.1
486 75 260 4.3
487 0 0 3.2
487 25 80 3.1
487 50 157.5 4.1
487 75 260 4.3
488 0 0 3.2
488 25 80 3.1
488 50 157.5 4.1
488 75 260 4.3
489 0 0 3.2
489 25 80 3.1
489 50 157.5 4.1
489 75 260 4.3
490 0 0 3.2
490 25 80 3.1
490 50 157.5 4.1
490 75 260 4.3
491 0 0 3.2
491 25 80 3.1
491 50 157.5 4.1
491 75 260 4.3
492 0 0 3.2
492 25 80 3.1
492 50 157.5 4.1
492 75 260 4.3
493 0 0 3.2
493 25 80 3.1
493 50 157.5 4.1
493 75 260 4.3
494 0 0 3.2
494 25 80 3.1
494 50 157.5 4.1
494 75 260 4.3
495 0 0 3.2
495 25 80 3.1
495 50 157.5 4.1
495 75 260 4.3
496 0 0 3.2
496 25 80 3.1
496 50 157.5 4.1
496 75 260 4.3
497 0 0 3.2
497 25 80 3.1
497 50 157.5 4.1
497 75 260 4.3
498 0 0 3.2
498 25 80 3.1
498 50 157.5 4.1
498 75 260 4.3
499 0 0 3.2
499 25 80 3.1
499 50 157.5 4.1
499 75 260 4.3
500 0 0 3.2
500 25 80 3.1
500 50 157.5 4.1
500 75 260 4.3
501 0 0 3.2
501 25 80 3.1
501 50 157.5 4.1
501 75 260 4.3
502 0 0 3.2
502 25 80 3.1
502 50 157.5 4.1
502 75 260 4.3
503 0 0 3.2
503 25 80 3.1
503 50 157.5 4.1
503 75 260 4.3
504 0 0 3.2
504 25 80 3.1
504 50 157.5 4.1
504 75 260 4.3
505 0 0 3.2
505 25 80 3.1
505 50 157.5 4.1
505 75 260 4.3
506 0 0 3.2
506 25 80 3.1
506 50 157.5 4.1
506 75 260 4.3
507 0 0 3.2
507 25 80 3.1
507 50 157.5 4.1
507 75 260 4.3
508 0 0 3.2
508 25 80 3.1
508 50 157.5 4.1
508 75 260 4.3
509 0 0 3.2
509 25 80 3.1
509 50 157.5 4.1
509 75 260 4.3
510 0 0 3.2
510 25 80 3.1
510 50 157.5 4.1
510 75 260 4.3
511 0 0 3.2
511 25 80 3.1
511 50 157.5 4.1
511 75 260 4.3
512 0 0 3.2
512 25 80 3.1
512 50 157.5 4.1
512 75 260 4.3
513 0 0 3.2
513 25 80 3.1
513 50 157.5 4.1
513 75 260 4.3
514 0 0 3.2
514 25 80 3.1
514 50 157.5 4.1
514 75 260 4.3
515 0 0 3.2
515 25 80 3.1
515 50 157.5 4.1
515 75 260 4.3
516 0 0 3.2
516 25 80 3.1
516 50 157.5 4.1
516 75 260 4.3
517 0 0 3.2
517 25 80 3.1
517 50 157.5 4.1
517 75 260 4.3
518 0 0 3.2
518 25 80 3.1
518 50 157.5 4.1
518 75 260 4.3
519 0 0 3.2
519 25 80 3.1
519 50 157.5 4.1
519 75 260 4.3
520 0 0 3.2
520 25 80 3.1
520 50 157.5 4.1
520 75 260 4.3
521 0 0 3.2
521 25 80 3.1
521 50 157.5 4.1
521 75 260 4.3
522 0 0 3.2
522 25 80 3.1
522 50 157.5 4.1
522 75 260 4.3
523 0 0 3.2
523 25 80 3.1
523 50 157.5 4.1
523 75 260 4.3
524 0 0 3.2
524 25 80 3.1
524 50 157.5 4.1
524 75 260 4.3
525 0 0 3.2
525 25 80 3.1
525 50 157.5 4.1
525 75 260 4.3
526 0 0 3.2
526 25 80 3.1
526 50 157.5 4.1
526 75 260 4.3
527 0 0 3.2
527 25 80 3.1
527 50 157.5 4.1
527 75 260 4.3
528 0 0 3.2
528 25 80 3.1
528 50 157.5 4.1
528 75 260 4.3
529 0 0 3.2
529 25 80 3.1
529 50 157.5 4.1
529 75 260 4.3
530 0 0 3.2
530 25 80 3.1
530 50 157.5 4.1
530 75 260 4.3
531 0 0 3.2
531 25 80 3.1
531 50 157.5 4.1
531 75 260 4.3
532 0 0 3.2
532 25 80 3.1
532 50 157.5 4.1
532 75 260 4.3
533 0 0 3.2
533 25 80 3.1
533 50 157.5 4.1
533 75 260 4.3
534 0 0 3.2
534 25 80 3.1
534 50 157.5 4.1
534 75 260 4.3
535 0 0 3.2
535 25 80 3.1
535 50 157.5 4.1
535 75 260 4.3
536 0 0 3.2
536 25 80 3.1
536 50 157.5 4.1
536 75 260 4.3
537 0 0 3.2
537 25 80 3.1
537 50 157.5 4.1
537 75 260 4.3
538 0 0 3.2
538 25 80 3.1
538 50 157.5 4.1
538 75 260 4.3
539 0 0 3.2
539 25 80 3.1
539 50 157.5 4.1
539 75 260 4.3
540 0 0 3.2
540 25 80 3.1
540 50 157.5 4.1
540 75 260 4.3
541 0 0 3.2
541 25 80 3.1
541 50 157.5 4.1
541 75 260 4.3
542 0 0 3.2
542 25 80 3.1
542 50 157.5 4.1
542 75 260 4.3
543 0 0 3.2
543 25 80 3.1
543 50 157.5 4.1
543 75 260 4.3
544 0 0 3.2
544 25 80 3.1
544 50 157.5 4.1
544 75 260 4.3
545 0 0 3.2
545 25 80 3.1
545 50 157.5 4.1
545 75 260 4.3
546 0 0 3.2
546 25 80 3.1
546 50 157.5 4.1
546 75 260 4.3
547 0 0 3.2
547 25 80 3.1
547 50 157.5 4.1
547 75 260 4.3
548 0 0 3.2
548 25 80 3.1
548 50 157.5 4.1
548 75 260 4.3
549 0 0 3.2
549 25 80 3.1
549 50 157.5 4.1
549 75 260 4.3
550 0 0 3.2
550 25 80 3.1
550 50 157.5 4.1
550 75 260 4.3
551 0 0 3.2
551 25 80 3.1
551 50 157.5 4.1
551 75 260 4.3
552 0 0 3.2
552 25 80 3.1
552 50 157.5 4.1
552 75 260 4.3
553 0 0 3.2
553 25 80 3.1
553 50 157.5 4.1
553 75 260 4.3
554 0 0 3.2
554 25 80 3.1
554 50 157.5 4.1
554 75 260 4.3
555 0 0 3.2
555 25 80 3.1
555 50 157.5 4.1
555 75 260 4.3
556 0 0 3.2
556 25 80 3.1
556 50 157.5 4.1
556 75 260 4.3
557 0 0 3.2
557 25 80 3.1
557 50 157.5 4.1
557 75 260 4.3
558 0 0 3.2
558 25 80 3.1
558 50 157.5 4.1
558 75 260 4.3
559 0 0 3.2
559 25 80 3.1
559 50 157.5 4.1
559 75 260 4.3
560 0 0 3.2
560 25 80 3.1
560 50 157.5 4.1
560 75 260 4.3
561 0 0 3.2
561 25 80 3.1
561 50 157.5 4.1
561 75 260 4.3
562 0 0 3.2
562 25 80 3.1
562 50 157.5 4.1
562 75 260 4.3
563 0 0 3.2
563 25 80 3.1
563 50 157.5 4.1
563 75 260 4.3
564 0 0 3.2
564 25 80 3.1
564 50 157.5 4.1
564 75 260 4.3
565 0 0 3.2
565 25 80 3.1
565 50 157.5 4.1
565 75 260 4.3
566 0 0 3.2
566 25 80 3.1
566 50 157.5 4.1
566 75 260 4.3
567 0 0 3.2
567 25 80 3.1
567 50 157.5 4.1
567 75 260 4.3
568 0 0 3.2
568 25 80 3.1
568 50 157.5 4.1
568 75 260 4.3
569 0 0 3.2
569 25 80 3.1
569 50 157.5 4.1
569 75 260 4.3
570 0 0 3.2
570 25 80 3.1
570 50 157.5 4.1
570 75 260 4.3
571 0 0 3.2
571 25 80 3.1
571 50 157.5 4.1
571 75 260 4.3
572 0 0 3.2
572 25 80 3.1
572 50 157.5 4.1
572 75 260 4.3
573 0 0 3.2
573 25 80 3.1
573 50 157.5 4.1
573 75 260 4.3
574 0 0 3.2
574 25 80 3.1
574 50 157.5 4.1
574 75 260 4.3
575 0 0 3.2
575 25 80 3.1
575 50 157.5 4.1
575 75 260 4.3
576 0 0 3.2
576 25 80 3.1
576 50 157.5 4.1
576 75 260 4.3
577 0 0 3.2
577 25 80 3.1
577 50 157.5 4.1
577 75 260 4.3
578 0 0 3.2
578 25 80 3.1
578 50 157.5 4.1
578 75 260 4.3
579 0 0 3.2
579 25 80 3.1
579 50 157.5 4.1
579 75 260 4.3
580 0 0 3.2
580 25 80 3.1
580 50 157.5 4.1
580 75 260 4.3
581 0 0 3.2
581 25 80 3.1
581 50 157.5 4.1
581 75 260 4.3
582 0 0 3.2
582 25 80 3.1
582 50 157.5 4.1
582 75 260 4.3
583 0 0 3.2
583 25 80 3.1
583 50 157.5 4.1
583 75 260 4.3
584 0 0 3.2
584 25 80 3.1
584 50 157.5 4.1
584 75 260 4.3
585 0 0 3.2
585 25 80 3.1
585 50 157.5 4.1
585 75 260 4.3
586 0 0 3.2
586 25 80 3.1
586 50 157.5 4.1
586 75 260 4.3
587 0 0 3.2
587 25 80 3.1
587 50 157.5 4.1
587 75 260 4.3
588 0 0 3.2
588 25 80 3.1
588 50 157.5 4.1
588 75 260 4.3
589 0 0 3.2
589 25 80 3.1
589 50 157.5 4.1
589 75 260 4.3
590 0 0 3.2
590 25 80 3.1
590 50 157.5 4.1
590 75 260 4.3
591 0 0 3.2
591 25 80 3.1
591 50 157.5 4.1
591 75 260 4.3
592 0 0 3.2
592 25 80 3.1
592 50 157.5 4.1
592 75 260 4.3
593 0 0 3.2
593 25 80 3.1
593 50 157.5 4.1
593 75 260 4.3
594 0 0 3.2
594 25 80 3.1
594 50 157.5 4.1
594 75 260 4.3
595 0 0 3.2
595 25 80 3.1
595 50 157.5 4.1
595 75 260 4.3
596 0 0 3.2
596 25 80 3.1
596 50 157.5 4.1
596 75 260 4.3
597 0 0 3.2
597 25 80 3.1
597 50 157.5 4.1
597 75 260 4.3
598 0 0 3.2
598 25 80 3.1
598 50 157.5 4.1
598 75 260 4.3
599 0 0 3.2
599 25 80 3.1
599 50 157.5 4.1
599 75 260 4.3
600 0 0 3.2
600 25 80 3.1
600 50 157.5 4.1
600 75 260 4.3
601 0 0 3.2
601 25 80 3.1
601 50 157.5 4.1
601 75 260 4.3
602 0 0 3.2
602 25 80 3.1
602 50 157.5 4.1
602 75 260 4.3
603 0 0 3.2
603 25 80 3.1
603 50 157.5 4.1
603 75 260 4.3
604 0 0 3.2
604 25 80 3.1
604 50 157.5 4.1
604 75 260 4.3
605 0 0 3.2
605 25 80 3.1
605 50 157.5 4.1
605 75 260 4.3
606 0 0 3.2
606 25 80 3.1
606 50 157.5 4.1
606 75 260 4.3
607 0 0 3.2
607 25 80 3.1
607 50 157.5 4.1
607 75 260 4.3
608 0 0 3.2
608 25 80 3.1
608 50 157.5 4.1
608 75 260 4.3
609 0 0 3.2
609 25 80 3.1
609 50 157.5 4.1
609 75 260 4.3
610 0 0 3.2
610 25 80 3.1
610 50 157.5 4.1
610 75 260 4.3
611 0 0 3.2
611 25 80 3.1
611 50 157.5 4.1
611 75 260 4.3
612 0 0 3.2
612 25 80 3.1
612 50 157.5 4.1
612 75 260 4.3
613 0 0 3.2
613 25 80 3.1
613 50 157.5 4.1
613 75 260 4.3
614 0 0 3.2
614 25 80 3.1
614 50 157.5 4.1
614 75 260 4.3
615 0 0 3.2
615 25 80 3.1
615 50 157.5 4.1
615 75 260 4.3
616 0 0 3.2
616 25 80 3.1
616 50 157.5 4.1
616 75 260 4.3
617 0 0 3.2
617 25 80 3.1
617 50 157.5 4.1
617 75 260 4.3
618 0 0 3.2
618 25 80 3.1
618 50 157.5 4.1
618 75 260 4.3
619 0 0 3.2
619 25 80 3.1
619 50 157.5 4.1
619 75 260 4.3
620 0 0 3.2
620 25 80 3.1
620 50 157.5 4.1
620 75 260 4.3
621 0 0 3.2
621 25 80 3.1
621 50 157.5 4.1
621 75 260 4.3
622 0 0 3.2
622 25 80 3.1
622 50 157.5 4.1
622 75 260 4.3
623 0 0 3.2
623 25 80 3.1
623 50 157.5 4.1
623 75 260 4.3
624 0 0 3.2
624 25 80 3.1
624 50 157.5 4.1
624 75 260 4.3
625 0 0 3.2
625 25 80 3.1
625 50 157.5 4.1
625 75 260 4.3
626 0 0 3.2
626 25 80 3.1
626 50 157.5 4.1
626 75 260 4.3
627 0 0 3.2
627 25 80 3.1
627 50 157.5 4.1
627 75 260 4.3
628 0 0 3.2
628 25 80 3.1
628 50 157.5 4.1
628 75 260 4.3
629 0 0 3.2
629 25 80 3.1
629 50 157.5 4.1
629 75 260 4.3
630 0 0 3.2
630 25 80 3.1
630 50 157.5 4.1
630 75 260 4.3
631 0 0 3.2
631 25 80 3.1
631 50 157.5 4.1
631 75 260 4.3
632 0 0 3.2
632 25 80 3.1
632 50 157.5 4.1
632 75 260 4.3
633 0 0 3.2
633 25 80 3.1
633 50 157.5 4.1
633 75 260 4.3
634 0 0 3.2
634 25 80 3.1
634 50 157.5 4.1
634 75 260 4.3
635 0 0 3.2
635 25 80 3.1
635 50 157.5 4.1
635 75 260 4.3
636 0 0 3.2
636 25 80 3.1
636 50 157.5 4.1
636 75 260 4.3
637 0 0 3.2
637 25 80 3.1
637 50 157.5 4.1
637 75 260 4.3
638 0 0 3.2
638 25 80 3.1
638 50 157.5 4.1
638 75 260 4.3
639 0 0 3.2
639 25 80 3.1
639 50 157.5 4.1
639 75 260 4.3
640 0 0 3.2
640 25 80 3.1
640 50 157.5 4.1
640 75 260 4.3
641 0 0 3.2
641 25 80 3.1
641 50 157.5 4.1
641 75 260 4.3
642 0 0 3.2
642 25 80 3.1
642 50 157.5 4.1
642 75 260 4.3
643 0 0 3.2
643 25 80 3.1
643 50 157.5 4.1
643 75 260 4.3
644 0 0 3.2
644 25 80 3.1
644 50 157.5 4.1
644 75 260 4.3
645 0 0 3.2
645 25 80 3.1
645 50 157.5 4.1
645 75 260 4.3
646 0 0 3.2
646 25 80 3.1
646 50 157.5 4.1
646 75 260 4.3
647 0 0 3.2
647 25 80 3.1
647 50 157.5 4.1
647 75 260 4.3
648 0 0 3.2
648 25 80 3.1
648 50 157.5 4.1
648 75 260 4.3
649 0 0 3.2
649 25 80 3.1
649 50 157.5 4.1
649 75 260 4.3
650 0 0 3.2
650 25 80 3.1
650 50 157.5 4.1
650 75 260 4.3
651 0 0 3.2
651 25 80 3.1
651 50 157.5 4.1
651 75 260 4.3
652 0 0 3.2
652 25 80 3.1
652 50 157.5 4.1
652 75 260 4.3
653 0 0 3.2
653 25 80 3.1
653 50 157.5 4.1
653 75 260 4.3
654 0 0 3.2
654 25 80 3.1
654 50 157.5 4.1
654 75 260 4.3
655 0 0 3.2
655 25 80 3.1
655 50 157.5 4.1
655 75 260 4.3
656 0 0 3.2
656 25 80 3.1
656 50 157.5 4.1
656 75 260 4.3
657 0 0 3.2
657 25 80 3.1
657 50 157.5 4.1
657 75 260 4.3
658 0 0 3.2
658 25 80 3.1
658 50 157.5 4.1
658 75 260 4.3
659 0 0 3.2
659 25 80 3.1
659 50 157.5 4.1
659 75 260 4.3
660 0 0 3.2
660 25 80 3.1
660 50 157.5 4.1
660 75 260 4.3
661 0 0 3.2
661 25 80 3.1
661 50 157.5 4.1
661 75 260 4.3
662 0 0 3.2
662 25 80 3.1
662 50 157.5 4.1
662 75 260 4.3
663 0 0 3.2
663 25 80 3.1
663 50 157.5 4.1
663 75 260 4.3
664 0 0 3.2
664 25 80 3.1
664 50 157.5 4.1
664 75 260 4.3
665 0 0 3.2
665 25 80 3.1
665 50 157.5 4.1
665 75 260 4.3
666 0 0 3.2
666 25 80 3.1
666 50 157.5 4.1
666 75 260 4.3
667 0 0 3.2
667 25 80 3.1
667 50 157.5 4.1
667 75 260 4.3
668 0 0 3.2
668 25 80 3.1
668 50 157.5 4.1
668 75 260 4.3
669 0 0 3.2
669 25 80 3.1
669 50 157.5 4.1
669 75 260 4.3
670 0 0 3.2
670 25 80 3.1
670 50 157.5 4.1
670 75 260 4.3
671 0 0 3.2
671 25 80 3.1
671 50 157.5 4.1
671 75 260 4.3
672 0 0 3.2
672 25 80 3.1
672 50 157.5 4.1
672 75 260 4.3
673 0 0 3.2
673 25 80 3.1
673 50 157.5 4.1
673 75 260 4.3
674 0 0 3.2
674 25 80 3.1
674 50 157.5 4.1
674 75 260 4.3
675 0 0 3.2
675 25 80 3.1
675 50 157.5 4.1
675 75 260 4.3
676 0 0 3.2
676 25 80 3.1
676 50 157.5 4.1
676 75 260 4.3
677 0 0 3.2
677 25 80 3.1
677 50 157.5 4.1
677 75 260 4.3
678 0 0 3.2
678 25 80 3.1
678 50 157.5 4.1
678 75 260 4.3
679 0 0 3.2
679 25 80 3.1
679 50 157.5 4.1
679 75 260 4.3
680 0 0 3.2
680 25 80 3.1
680 50 157.5 4.1
680 75 260 4.3
681 0 0 3.2
681 25 80 3.1
681 50 157.5 4.1
681 75 260 4.3
682 0 0 3.2
682 25 80 3.1
682 50 157.5 4.1
682 75 260 4.3
683 0 0 3.2
683 25 80 3.1
683 50 157.5 4.1
683 75 260 4.3
684 0 0 3.2
684 25 80 3.1
684 50 157.5 4.1
684 75 260 4.3
685 0 0 3.2
685 25 80 3.1
685 50 157.5 4.1
685 75 260 4.3
686 0 0 3.2
686 25 80 3.1
686 50 157.5 4.1
686 75 260 4.3
687 0 0 3.2
687 25 80 3.1
687 50 157.5 4.1
687 75 260 4.3
688 0 0 3.2
688 25 80 3.1
688 50 157.5 4.1
688 75 260 4.3
689 0 0 3.2
689 25 80 3.1
689 50 157.5 4.1
689 75 260 4.3
690 0 0 3.2
690 25 80 3.1
690 50 157.5 4.1
690 75 260 4.3
691 0 0 3.2
691 25 80 3.1
691 50 157.5 4.1
691 75 260 4.3
692 0 0 3.2
692 25 80 3.1
692 50 157.5 4.1
692 75 260 4.3
693 0 0 3.2
693 25 80 3.1
693 50 157.5 4.1
693 75 260 4.3
694 0 0 3.2
694 25 80 3.1
694 50 157.5 4.1
694 75 260 4.3
695 0 0 3.2
695 25 80 3.1
695 50 157.5 4.1
695 75 260 4.3
696 0 0 3.2
696 25 80 3.1
696 50 157.5 4.1
696 75 260 4.3
697 0 0 3.2
697 25 80 3.1
697 50 157.5 4.1
697 75 260 4.3
698 0 0 3.2
698 25 80 3.1
698 50 157.5 4.1
698 75 260 4.3
699 0 0 3.2
699 25 80 3.1
699 50 157.5 4.1
699 75 260 4.3
700 0 0 3.2
700 25 80 3.1
700 50 157.5 4.1
700 75 260 4.3
701 0 0 3.2
701 25 80 3.1
701 50 157.5 4.1
701 75 260 4.3
702 0 0 3.2
702 25 80 3.1
702 50 157.5 4.1
702 75 260 4.3
703 0 0 3.2
703 25 80 3.1
703 50 157.5 4.1
703 75 260 4.3
704 0 0 3.2
704 25 80 3.1
704 50 157.5 4.1
704 75 260 4.3
705 0 0 3.2
705 25 80 3.1
705 50 157.5 4.1
705 75 260 4.3
706 0 0 3.2
706 25 80 3.1
706 50 157.5 4.1
706 75 260 4.3
707 0 0 3.2
707 25 80 3.1
707 50 157.5 4.1
707 75 260 4.3
708 0 0 3.2
708 25 80 3.1
708 50 157.5 4.1
708 75 260 4.3
709 0 0 3.2
709 25 80 3.1
709 50 157.5 4.1
709 75 260 4.3
710 0 0 3.2
710 25 80 3.1
710 50 157.5 4.1
710 75 260 4.3
711 0 0 3.2
711 25 80 3.1
711 50 157.5 4.1
711 75 260 4.3
712 0 0 3.2
712 25 80 3.1
712 50 157.5 4.1
712 75 260 4.3
713 0 0 3.2
713 25 80 3.1
713 50 157.5 4.1
713 75 260 4.3
714 0 0 3.2
714 25 80 3.1
714 50 157.5 4.1
714 75 260 4.3
715 0 0 3.2
715 25 80 3.1
715 50 157.5 4.1
715 75 260 4.3
716 0 0 3.2
716 25 80 3.1
716 50 157.5 4.1
716 75 260 4.3
717 0 0 3.2
717 25 80 3.1
717 50 157.5 4.1
717 75 260 4.3
718 0 0 3.2
718 25 80 3.1
718 50 157.5 4.1
718 75 260 4.3
719 0 0 3.2
719 25 80 3.1
719 50 157.5 4.1
719 75 260 4.3
720 0 0 3.2
720 25 80 3.1
720 50 157.5 4.1
720 75 260 4.3
721 0 0 3.2
721 25 80 3.1
721 50 157.5 4.1
721 75 260 4.3
722 0 0 3.2
722 25 80 3.1
722 50 157.5 4.1
722 75 260 4.3
723 0 0 3.2
723 25 80 3.1
723 50 157.5 4.1
723 75 260 4.3
724 0 0 3.2
724 25 80 3.1
724 50 157.5 4.1
724 75 260 4.3
725 0 0 3.2
725 25 80 3.1
725 50 157.5 4.1
725 75 260 4.3
726 0 0 3.2
726 25 80 3.1
726 50 157.5 4.1
726 75 260 4.3
727 0 0 3.2
727 25 80 3.1
727 50 157.5 4.1
727 75 260 4.3
728 0 0 3.2
728 25 80 3.1
728 50 157.5 4.1
728 75 260 4.3
729 0 0 3.2
729 25 80 3.1
729 50 157.5 4.1
729 75 260 4.3
730 0 0 3.2
730 25 80 3.1
730 50 157.5 4.1
730 75 260 4.3
731 0 0 3.2
731 25 80 3.1
731 50 157.5 4.1
731 75 260 4.3
732 0 0 3.2
732 25 80 3.1
732 50 157.5 4.1
732 75 260 4.3
733 0 0 3.2
733 25 80 3.1
733 50 157.5 4.1
733 75 260 4.3
734 0 0 3.2
734 25 80 3.1
734 50 157.5 4.1
734 75 260 4.3
735 0 0 3.2
735 25 80 3.1
735 50 157.5 4.1
735 75 260 4.3
736 0 0 3.2
736 25 80 3.1
736 50 157.5 4.1
736 75 260 4.3
737 0 0 3.2
737 25 80 3.1
737 50 157.5 4.1
737 75 260 4.3
738 0 0 3.2
738 25 80 3.1
738 50 157.5 4.1
738 75 260 4.3
739 0 0 3.2
739 25 80 3.1
739 50 157.5 4.1
739 75 260 4.3
740 0 0 3.2
740 25 80 3.1
740 50 157.5 4.1
740 75 260 4.3
741 0 0 3.2
741 25 80 3.1
741 50 157.5 4.1
741 75 260 4.3
742 0 0 3.2
742 25 80 3.1
742 50 157.5 4.1
742 75 260 4.3
743 0 0 3.2
743 25 80 3.1
743 50 157.5 4.1
743 75 260 4.3
744 0 0 3.2
744 25 80 3.1
744 50 157.5 4.1
744 75 260 4.3
745 0 0 3.2
745 25 80 3.1
745 50 157.5 4.1
745 75 260 4.3
746 0 0 3.2
746 25 80 3.1
746 50 157.5 4.1
746 75 260 4.3
747 0 0 3.2
747 25 80 3.1
747 50 157.5 4.1
747 75 260 4.3
748 0 0 3.2
748 25 80 3.1
748 50 157.5 4.1
748 75 260 4.3
749 0 0 3.2
749 25 80 3.1
749 50 157.5 4.1
749 75 260 4.3
750 0 0 3.2
750 25 80 3.1
750 50 157.5 4.1
750 75 260 4.3
751 0 0 3.2
751 25 80 3.1
751 50 157.5 4.1
751 75 260 4.3
752 0 0 3.2
752 25 80 3.1
752 50 157.5 4.1
752 75 260 4.3
753 0 0 3.2
753 25 80 3.1
753 50 157.5 4.1
753 75 260 4.3
754 0 0 3.2
754 25 80 3.1
754 50 157.5 4.1
754 75 260 4.3
755 0 0 3.2
755 25 80 3.1
755 50 157.5 4.1
755 75 260 4.3
756 0 0 3.2
756 25 80 3.1
756 50 157.5 4.1
756 75 260 4.3
757 0 0 3.2
757 25 80 3.1
757 50 157.5 4.1
757 75 260 4.3
758 0 0 3.2
758 25 80 3.1
758 50 157.5 4.1
758 75 260 4.3
759 0 0 3.2
759 25 80 3.1
759 50 157.5 4.1
759 75 260 4.3
760 0 0 3.2
760 25 80 3.1
760 50 157.5 4.1
760 75 260 4.3
761 0 0 3.2
761 25 80 3.1
761 50 157.5 4.1
761 75 260 4.3
762 0 0 3.2
762 25 80 3.1
762 50 157.5 4.1
762 75 260 4.3
763 0 0 3.2
763 25 80 3.1
763 50 157.5 4.1
763 75 260 4.3
764 0 0 3.2
764 25 80 3.1
764 50 157.5 4.1
764 75 260 4.3
765 0 0 3.2
765 25 80 3.1
765 50 157.5 4.1
765 75 260 4.3
766 0 0 3.2
766 25 80 3.1
766 50 157.5 4.1
766 75 260 4.3
767 0 0 3.2
767 25 80 3.1
767 50 157.5 4.1
767 75 260 4.3
768 0 0 3.2
768 25 80 3.1
768 50 157.5 4.1
768 75 260 4.3
769 0 0 3.2
769 25 80 3.1
769 50 157.5 4.1
769 75 260 4.3
770 0 0 3.2
770 25 80 3.1
770 50 157.5 4.1
770 75 260 4.3
771 0 0 3.2
771 25 80 3.1
771 50 157.5 4.1
771 75 260 4.3
772 0 0 3.2
772 25 80 3.1
772 50 157.5 4.1
772 75 260 4.3
773 0 0 3.2
773 25 80 3.1
773 50 157.5 4.1
773 75 260 4.3
774 0 0 3.2
774 25 80 3.1
774 50 157.5 4.1
774 75 260 4.3
775 0 0 3.2
775 25 80 3.1
775 50 157.5 4.1
775 75 260 4.3
776 0 0 3.2
776 25 80 3.1
776 50 157.5 4.1
776 75 260 4.3
777 0 0 3.2
777 25 80 3.1
777 50 157.5 4.1
777 75 260 4.3
778 0 0 3.2
778 25 80 3.1
778 50 157.5 4.1
778 75 260 4.3
779 0 0 3.2
779 25 80 3.1
779 50 157.5 4.1
779 75 260 4.3
780 0 0 3.2
780 25 80 3.1
780 50 157.5 4.1
780 75 260 4.3
781 0 0 3.2
781 25 80 3.1
781 50 157.5 4.1
781 75 260 4.3
782 0 0 3.2
782 25 80 3.1
782 50 157.5 4.1
782 75 260 4.3
783 0 0 3.2
783 25 80 3.1
783 50 157.5 4.1
783 75 260 4.3
784 0 0 3.2
784 25 80 3.1
784 50 157.5 4.1
784 75 260 4.3
785 0 0 3.2
785 25 80 3.1
785 50 157.5 4.1
785 75 260 4.3
786 0 0 3.2
786 25 80 3.1
786 50 157.5 4.1
786 75 260 4.3
787 0 0 3.2
787 25 80 3.1
787 50 157.5 4.1
787 75 260 4.3
788 0 0 3.2
788 25 80 3.1
788 50 157.5 4.1
788 75 260 4.3
789 0 0 3.2
789 25 80 3.1
789 50 157.5 4.1
789 75 260 4.3
790 0 0 3.2
790 25 80 3.1
790 50 157.5 4.1
790 75 260 4.3
791 0 0 3.2
791 25 80 3.1
791 50 157.5 4.1
791 75 260 4.3
792 0 0 3.2
792 25 80 3.1
792 50 157.5 4.1
792 75 260 4.3
793 0 0 3.2
793 25 80 3.1
793 50 157.5 4.1
793 75 260 4.3
794 0 0 3.2
794 25 80 3.1
794 50 157.5 4.1
794 75 260 4.3
795 0 0 3.2
795 25 80 3.1
795 50 157.5 4.1
795 75 260 4.3
796 0 0 3.2
796 25 80 3.1
796 50 157.5 4.1
796 75 260 4.3
797 0 0 3.2
797 25 80 3.1
797 50 157.5 4.1
797 75 260 4.3
798 0 0 3.2
798 25 80 3.1
798 50 157.5 4.1
798 75 260 4.3
799 0 0 3.2
799 25 80 3.1
799 50 157.5 4.1
799 75 260 4.3
800 0 0 3.2
800 25 80 3.1
800 50 157.5 4.1
800 75 260 4.3
801 0 0 3.2
801 25 80 3.1
801 50 157.5 4.1
801 75 260 4.3
802 0 0 3.2
802 25 80 3.1
802 50 157.5 4.1
802 75 260 4.3
803 0 0 3.2
803 25 80 3.1
803 50 157.5 4.1
803 75 260 4.3
804 0 0 3.2
804 25 80 3.1
804 50 157.5 4.1
804 75 260 4.3
805 0 0 3.2
805 25 80 3.1
805 50 157.5 4.1
805 75 260 4.3
806 0 0 3.2
806 25 80 3.1
806 50 157.5 4.1
806 75 260 4.3
807 0 0 3.2
807 25 80 3.1
807 50 157.5 4.1
807 75 260 4.3
808 0 0 3.2
808 25 80 3.1
808 50 157.5 4.1
808 75 260 4.3
809 0 0 3.2
809 25 80 3.1
809 50 157.5 4.1
809 75 260 4.3
810 0 0 3.2
810 25 80 3.1
810 50 157.5 4.1
810 75 260 4.3
811 0 0 3.2
811 25 80 3.1
811 50 157.5 4.1
811 75 260 4.3
812 0 0 3.2
812 25 80 3.1
812 50 157.5 4.1
812 75 260 4.3
813 0 0 3.2
813 25 80 3.1
813 50 157.5 4.1
813 75 260 4.3
814 0 0 3.2
814 25 80 3.1
814 50 157.5 4.1
814 75 260 4.3
815 0 0 3.2
815 25 80 3.1
815 50 157.5 4.1
815 75 260 4.3
816 0 0 3.2
816 25 80 3.1
816 50 157.5 4.1
816 75 260 4.3
817 0 0 3.2
817 25 80 3.1
817 50 157.5 4.1
817 75 260 4.3
818 0 0 3.2
818 25 80 3.1
818 50 157.5 4.1
818 75 260 4.3
819 0 0 3.2
819 25 80 3.1
819 50 157.5 4.1
819 75 260 4.3
820 0 0 3.2
820 25 80 3.1
820 50 157.5 4.1
820 75 260 4.3
821 0 0 3.2
821 25 80 3.1
821 50 157.5 4.1
821 75 260 4.3
822 0 0 3.2
822 25 80 3.1
822 50 157.5 4.1
822 75 260 4.3
823 0 0 3.2
823 25 80 3.1
823 50 157.5 4.1
823 75 260 4.3
824 0 0 3.2
824 25 80 3.1
824 50 157.5 4.1
824 75 260 4.3
825 0 0 3.2
825 25 80 3.1
825 50 157.5 4.1
825 75 260 4.3
826 0 0 3.2
826 25 80 3.1
826 50 157.5 4.1
826 75 260 4.3
827 0 0 3.2
827 25 80 3.1
827 50 157.5 4.1
827 75 260 4.3
828 0 0 3.2
828 25 80 3.1
828 50 157.5 4.1
828 75 260 4.3
829 0 0 3.2
829 25 80 3.1
829 50 157.5 4.1
829 75 260 4.3
830 0 0 3.2
830 25 80 3.1
830 50 157.5 4.1
830 75 260 4.3
831 0 0 3.2
831 25 80 3.1
831 50 157.5 4.1
831 75 260 4.3
832 0 0 3.2
832 25 80 3.1
832 50 157.5 4.1
832 75 260 4.3
833 0 0 3.2
833 25 80 3.1
833 50 157.5 4.1
833 75 260 4.3
834 0 0 3.2
834 25 80 3.1
834 50 157.5 4.1
834 75 260 4.3
835 0 0 3.2
835 25 80 3.1
835 50 157.5 4.1
835 75 260 4.3
836 0 0 3.2
836 25 80 3.1
836 50 157.5 4.1
836 75 260 4.3
837 0 0 3.2
837 25 80 3.1
837 50 157.5 4.1
837 75 260 4.3
838 0 0 3.2
838 25 80 3.1
838 50 157.5 4.1
838 75 260 4.3
839 0 0 3.2
839 25 80 3.1
839 50 157.5 4.1
839 75 260 4.3
840 0 0 3.2
840 25 80 3.1
840 50 157.5 4.1
840 75 260 4.3
841 0 0 3.2
841 25 80 3.1
841 50 157.5 4.1
841 75 260 4.3
842 0 0 3.2
842 25 80 3.1
842 50 157.5 4.1
842 75 260 4.3
843 0 0 3.2
843 25 80 3.1
843 50 157.5 4.1
843 75 260 4.3
844 0 0 3.2
844 25 80 3.1
844 50 157.5 4.1
844 75 260 4.3
845 0 0 3.2
845 25 80 3.1
845 50 157.5 4.1
845 75 260 4.3
846 0 0 3.2
846 25 80 3.1
846 50 157.5 4.1
846 75 260 4.3
847 0 0 3.2
847 25 80 3.1
847 50 157.5 4.1
847 75 260 4.3
848 0 0 3.2
848 25 80 3.1
848 50 157.5 4.1
848 75 260 4.3
849 0 0 3.2
849 25 80 3.1
849 50 157.5 4.1
849 75 260 4.3
850 0 0 3.2
850 25 80 3.1
850 50 157.5 4.1
850 75 260 4.3
851 0 0 3.2
851 25 80 3.1
851 50 157.5 4.1
851 75 260 4.3
852 0 0 3.2
852 25 80 3.1
852 50 157.5 4.1
852 75 260 4.3
853 0 0 3.2
853 25 80 3.1
853 50 157.5 4.1
853 75 260 4.3
854 0 0 3.2
854 25 80 3.1
854 50 157.5 4.1
854 75 260 4.3
855 0 0 3.2
855 25 80 3.1
855 50 157.5 4.1
855 75 260 4.3
856 0 0 3.2
856 25 80 3.1
856 50 157.5 4.1
856 75 260 4.3
857 0 0 3.2
857 25 80 3.1
857 50 157.5 4.1
857 75 260 4.3
858 0 0 3.2
858 25 80 3.1
858 50 157.5 4.1
858 75 260 4.3
859 0 0 3.2
859 25 80 3.1
859 50 157.5 4.1
859 75 260 4.3
860 0 0 3.2
860 25 80 3.1
860 50 157.5 4.1
860 75 260 4.3
861 0 0 3.2
861 25 80 3.1
861 50 157.5 4.1
861 75 260 4.3
862 0 0 3.2
862 25 80 3.1
862 50 157.5 4.1
862 75 260 4.3
863 0 0 3.2
863 25 80 3.1
863 50 157.5 4.1
863 75 260 4.3
864 0 0 3.2
864 25 80 3.1
864 50 157.5 4.1
864 75 260 4.3
865 0 0 3.2
865 25 80 3.1
865 50 157.5 4.1
865 75 260 4.3
866 0 0 3.2
866 25 80 3.1
866 50 157.5 4.1
866 75 260 4.3
867 0 0 3.2
867 25 80 3.1
867 50 157.5 4.1
867 75 260 4.3
868 0 0 3.2
868 25 80 3.1
868 50 157.5 4.1
868 75 260 4.3
869 0 0 3.2
869 25 80 3.1
869 50 157.5 4.1
869 75 260 4.3
870 0 0 3.2
870 25 80 3.1
870 50 157.5 4.1
870 75 260 4.3
871 0 0 3.2
871 25 80 3.1
871 50 157.5 4.1
871 75 260 4.3
872 0 0 3.2
872 25 80 3.1
872 50 157.5 4.1
872 75 260 4.3
873 0 0 3.2
873 25 80 3.1
873 50 157.5 4.1
873 75 260 4.3
874 0 0 3.2
874 25 80 3.1
874 50 157.5 4.1
874 75 260 4.3
875 0 0 3.2
875 25 80 3.1
875 50 157.5 4.1
875 75 260 4.3
876 0 0 3.2
876 25 80 3.1
876 50 157.5 4.1
876 75 260 4.3
877 0 0 3.2
877 25 80 3.1
877 50 157.5 4.1
877 75 260 4.3
878 0 0 3.2
878 25 80 3.1
878 50 157.5 4.1
878 75 260 4.3
879 0 0 3.2
879 25 80 3.1
879 50 157.5 4.1
879 75 260 4.3
880 0 0 3.2
880 25 80 3.1
880 50 157.5 4.1
880 75 260 4.3
881 0 0 3.2
881 25 80 3.1
881 50 157.5 4.1
881 75 260 4.3
882 0 0 3.2
882 25 80 3.1
882 50 157.5 4.1
882 75 260 4.3
883 0 0 3.2
883 25 80 3.1
883 50 157.5 4.1
883 75 260 4.3
884 0 0 3.2
884 25 80 3.1
884 50 157.5 4.1
884 75 260 4.3
885 0 0 3.2
885 25 80 3.1
885 50 157.5 4.1
885 75 260 4.3
886 0 0 3.2
886 25 80 3.1
886 50 157.5 4.1
886 75 260 4.3
887 0 0 3.2
887 25 80 3.1
887 50 157.5 4.1
887 75 260 4.3
888 0 0 3.2
888 25 80 3.1
888 50 157.5 4.1
888 75 260 4.3
889 0 0 3.2
889 25 80 3.1
889 50 157.5 4.1
889 75 260 4.3
890 0 0 3.2
890 25 80 3.1
890 50 157.5 4.1
890 75 260 4.3
891 0 0 3.2
891 25 80 3.1
891 50 157.5 4.1
891 75 260 4.3
892 0 0 3.2
892 25 80 3.1
892 50 157.5 4.1
892 75 260 4.3
893 0 0 3.2
893 25 80 3.1
893 50 157.5 4.1
893 75 260 4.3
894 0 0 3.2
894 25 80 3.1
894 50 157.5 4.1
894 75 260 4.3
895 0 0 3.2
895 25 80 3.1
895 50 157.5 4.1
895 75 260 4.3
896 0 0 3.2
896 25 80 3.1
896 50 157.5 4.1
896 75 260 4.3
897 0 0 3.2
897 25 80 3.1
897 50 157.5 4.1
897 75 260 4.3
898 0 0 3.2
898 25 80 3.1
898 50 157.5 4.1
898 75 260 4.3
899 0 0 3.2
899 25 80 3.1
899 50 157.5 4.1
899 75 260 4.3
900 0 0 3.2
900 25 80 3.1
900 50 157.5 4.1
900 75 260 4.3
901 0 0 3.2
901 25 80 3.1
901 50 157.5 4.1
901 75 260 4.3
902 0 0 3.2
902 25 80 3.1
902 50 157.5 4.1
902 75 260 4.3
903 0 0 3.2
903 25 80 3.1
903 50 157.5 4.1
903 75 260 4.3
904 0 0 3.2
904 25 80 3.1
904 50 157.5 4.1
904 75 260 4.3
905 0 0 3.2
905 25 80 3.1
905 50 157.5 4.1
905 75 260 4.3
906 0 0 3.2
906 25 80 3.1
906 50 157.5 4.1
906 75 260 4.3
907 0 0 3.2
907 25 80 3.1
907 50 157.5 4.1
907 75 260 4.3
908 0 0 3.2
908 25 80 3.1
908 50 157.5 4.1
908 75 260 4.3
909 0 0 3.2
909 25 80 3.1
909 50 157.5 4.1
909 75 260 4.3
910 0 0 3.2
910 25 80 3.1
910 50 157.5 4.1
910 75 260 4.3
911 0 0 3.2
911 25 80 3.1
911 50 157.5 4.1
911 75 260 4.3
912 0 0 3.2
912 25 80 3.1
912 50 157.5 4.1
912 75 260 4.3
913 0 0 3.2
913 25 80 3.1
913 50 157.5 4.1
913 75 260 4.3
914 0 0 3.2
914 25 80 3.1
914 50 157.5 4.1
914 75 260 4.3
915 0 0 3.2
915 25 80 3.1
915 50 157.5 4.1
915 75 260 4.3
916 0 0 3.2
916 25 80 3.1
916 50 157.5 4.1
916 75 260 4.3
917 0 0 3.2
917 25 80 3.1
917 50 157.5 4.1
917 75 260 4.3
918 0 0 3.2
918 25 80 3.1
918 50 157.5 4.1
918 75 260 4.3
919 0 0 3.2
919 25 80 3.1
919 50 157.5 4.1
919 75 260 4.3
920 0 0 3.2
920 25 80 3.1
920 50 157.5 4.1
920 75 260 4.3
921 0 0 3.2
921 25 80 3.1
921 50 157.5 4.1
921 75 260 4.3
922 0 0 3.2
922 25 80 3.1
922 50 157.5 4.1
922 75 260 4.3
923 0 0 3.2
923 25 80 3.1
923 50 157.5 4.1
923 75 260 4.3
924 0 0 3.2
924 25 80 3.1
924 50 157.5 4.1
924 75 260 4.3
925 0 0 3.2
925 25 80 3.1
925 50 157.5 4.1
925 75 260 4.3
926 0 0 3.2
926 25 80 3.1
926 50 157.5 4.1
926 75 260 4.3
927 0 0 3.2
927 25 80 3.1
927 50 157.5 4.1
927 75 260 4.3
928 0 0 3.2
928 25 80 3.1
928 50 157.5 4.1
928 75 260 4.3
929 0 0 3.2
929 25 80 3.1
929 50 157.5 4.1
929 75 260 4.3
930 0 0 3.2
930 25 80 3.1
930 50 157.5 4.1
930 75 260 4.3
931 0 0 3.2
931 25 80 3.1
931 50 157.5 4.1
931 75 260 4.3
932 0 0 3.2
932 25 80 3.1
932 50 157.5 4.1
932 75 260 4.3
933 0 0 3.2
933 25 80 3.1
933 50 157.5 4.1
933 75 260 4.3
934 0 0 3.2
934 25 80 3.1
934 50 157.5 4.1
934 75 260 4.3
935 0 0 3.2
935 25 80 3.1
935 50 157.5 4.1
935 75 260 4.3
936 0 0 3.2
936 25 80 3.1
936 50 157.5 4.1
936 75 260 4.3
937 0 0 3.2
937 25 80 3.1
937 50 157.5 4.1
937 75 260 4.3
938 0 0 3.2
938 25 80 3.1
938 50 157.5 4.1
938 75 260 4.3
939 0 0 3.2
939 25 80 3.1
939 50 157.5 4.1
939 75 260 4.3
940 0 0 3.2
940 25 80 3.1
940 50 157.5 4.1
940 75 260 4.3
941 0 0 3.2
941 25 80 3.1
941 50 157.5 4.1
941 75 260 4.3
942 0 0 3.2
942 25 80 3.1
942 50 157.5 4.1
942 75 260 4.3
943 0 0 3.2
943 25 80 3.1
943 50 157.5 4.1
943 75 260 4.3
944 0 0 3.2
944 25 80 3.1
944 50 157.5 4.1
944 75 260 4.3
945 0 0 3.2
945 25 80 3.1
945 50 157.5 4.1
945 75 260 4.3
946 0 0 3.2
946 25 80 3.1
946 50 157.5 4.1
946 75 260 4.3
947 0 0 3.2
947 25 80 3.1
947 50 157.5 4.1
947 75 260 4.3
948 0 0 3.2
948 25 80 3.1
948 50 157.5 4.1
948 75 260 4.3
949 0 0 3.2
949 25 80 3.1
949 50 157.5 4.1
949 75 260 4.3
950 0 0 3.2
950 25 80 3.1
950 50 157.5 4.1
950 75 260 4.3
951 0 0 3.2
951 25 80 3.1
951 50 157.5 4.1
951 75 260 4.3
952 0 0 3.2
952 25 80 3.1
952 50 157.5 4.1
952 75 260 4.3
953 0 0 3.2
953 25 80 3.1
953 50 157.5 4.1
953 75 260 4.3
954 0 0 3.2
954 25 80 3.1
954 50 157.5 4.1
954 75 260 4.3
955 0 0 3.2
955 25 80 3.1
955 50 157.5 4.1
955 75 260 4.3
956 0 0 3.2
956 25 80 3.1
956 50 157.5 4.1
956 75 260 4.3
957 0 0 3.2
957 25 80 3.1
957 50 157.5 4.1
957 75 260 4.3
958 0 0 3.2
958 25 80 3.1
958 50 157.5 4.1
958 75 260 4.3
959 0 0 3.2
959 25 80 3.1
959 50 157.5 4.1
959 75 260 4.3
960 0 0 3.2
960 25 80 3.1
960 50 157.5 4.1
960 75 260 4.3
961 0 0 3.2
961 25 80 3.1
961 50 157.5 4.1
961 75 260 4.3
962 0 0 3.2
962 25 80 3.1
962 50 157.5 4.1
962 75 260 4.3
963 0 0 3.2
963 25 80 3.1
963 50 157.5 4.1
963 75 260 4.3
964 0 0 3.2
964 25 80 3.1
964 50 157.5 4.1
964 75 260 4.3
965 0 0 3.2
965 25 80 3.1
965 50 157.5 4.1
965 75 260 4.3
966 0 0 3.2
966 25 80 3.1
966 50 157.5 4.1
966 75 260 4.3
967 0 0 3.2
967 25 80 3.1
967 50 157.5 4.1
967 75 260 4.3
968 0 0 3.2
968 25 80 3.1
968 50 157.5 4.1
968 75 260 4.3
969 0 0 3.2
969 25 80 3.1
969 50 157.5 4.1
969 75 260 4.3
970 0 0 3.2
970 25 80 3.1
970 50 157.5 4.1
970 75 260 4.3
971 0 0 3.2
971 25 80 3.1
971 50 157.5 4.1
971 75 260 4.3
972 0 0 3.2
972 25 80 3.1
972 50 157.5 4.1
972 75 260 4.3
973 0 0 3.2
973 25 80 3.1
973 50 157.5 4.1
973 75 260 4.3
974 0 0 3.2
974 25 80 3.1
974 50 157.5 4.1
974 75 260 4.3
975 0 0 3.2
975 25 80 3.1
975 50 157.5 4.1
975 75 260 4.3
976 0 0 3.2
976 25 80 3.1
976 50 157.5 4.1
976 75 260 4.3
977 0 0 3.2
977 25 80 3.1
977 50 157.5 4.1
977 75 260 4.3
978 0 0 3.2
978 25 80 3.1
978 50 157.5 4.1
978 75 260 4.3
979 0 0 3.2
979 25 80 3.1
979 50 157.5 4.1
979 75 260 4.3
980 0 0 3.2
980 25 80 3.1
980 50 157.5 4.1
980 75 260 4.3
981 0 0 3.2
981 25 80 3.1
981 50 157.5 4.1
981 75 260 4.3
982 0 0 3.2
982 25 80 3.1
982 50 157.5 4.1
982 75 260 4.3
983 0 0 3.2
983 25 80 3.1
983 50 157.5 4.1
983 75 260 4.3
984 0 0 3.2
984 25 80 3.1
984 50 157.5 4.1
984 75 260 4.3
985 0 0 3.2
985 25 80 3.1
985 50 157.5 4.1
985 75 260 4.3
986 0 0 3.2
986 25 80 3.1
986 50 157.5 4.1
986 75 260 4.3
987 0 0 3.2
987 25 80 3.1
987 50 157.5 4.1
987 75 260 4.3
988 0 0 3.2
988 25 80 3.1
988 50 157.5 4.1
988 75 260 4.3
989 0 0 3.2
989 25 80 3.1
989 50 157.5 4.1
989 75 260 4.3
990 0 0 3.2
990 25 80 3.1
990 50 157.5 4.1
990 75 260 4.3
991 0 0 3.2
991 25 80 3.1
991 50 157.5 4.1
991 75 260 4.3
992 0 0 3.2
992 25 80 3.1
992 50 157.5 4.1
992 75 260 4.3
993 0 0 3.2
993 25 80 3.1
993 50 157.5 4.1
993 75 260 4.3
994 0 0 3.2
994 25 80 3.1
994 50 157.5 4.1
994 75 260 4.3
995 0 0 3.2
995 25 80 3.1
995 50 157.5 4.1
995 75 260 4.3
996 0 0 3.2
996 25 80 3.1
996 50 157.5 4.1
996 75 260 4.3
997 0 0 3.2
997 25 80 3.1
997 50 157.5 4.1
997 75 260 4.3
998 0 0 3.2
998 25 80 3.1
998 50 157.5 4.1
998 75 260 4.3
999 0 0 3.2
999 25 80 3.1
999 50 157.5 4.1
999 75 260 4.3
