1000 4
0 0 0 3.1
0 500 1550 1.4
0 1000 2250 2.6
0 1500 3550 2.3
1 0 0 3.1
1 500 1550 1.4
1 1000 2250 2.6
1 1500 3550 2.3
2 0 0 3.1
2 500 1550 1.4
2 1000 2250 2.6
2 1500 3550 2.3
3 0 0 3.1
3 500 1550 1.4
3 1000 2250 2.6
3 1500 3550 2.3
4 0 0 3.1
4 500 1550 1.4
4 1000 2250 2.6
4 1500 3550 2.3
5 0 0 3.1
5 500 1550 1.4
5 1000 2250 2.6
5 1500 3550 2.3
6 0 0 3.1
6 500 1550 1.4
6 1000 2250 2.6
6 1500 3550 2.3
7 0 0 3.1
7 500 1550 1.4
7 1000 2250 2.6
7 1500 3550 2.3
8 0 0 3.1
8 500 1550 1.4
8 1000 2250 2.6
8 1500 3550 2.3
9 0 0 3.1
9 500 1550 1.4
9 1000 2250 2.6
9 1500 3550 2.3
10 0 0 3.1
10 500 1550 1.4
10 1000 2250 2.6
10 1500 3550 2.3
11 0 0 3.1
11 500 1550 1.4
11 1000 2250 2.6
11 1500 3550 2.3
12 0 0 3.1
12 500 1550 1.4
12 1000 2250 2.6
12 1500 3550 2.3
13 0 0 3.1
13 500 1550 1.4
13 1000 2250 2.6
13 1500 3550 2.3
14 0 0 3.1
14 500 1550 1.4
14 1000 2250 2.6
14 1500 3550 2.3
15 0 0 3.1
15 500 1550 1.4
15 1000 2250 2.6
15 1500 3550 2.3
16 0 0 3.1
16 500 1550 1.4
16 1000 2250 2.6
16 1500 3550 2.3
17 0 0 3.1
17 500 1550 1.4
17 1000 2250 2.6
17 1500 3550 2.3
18 0 0 3.1
18 500 1550 1.4
18 1000 2250 2.6
18 1500 3550 2.3
19 0 0 3.1
19 500 1550 1.4
19 1000 2250 2.6
19 1500 3550 2.3
20 0 0 3.1
20 500 1550 1.4
20 1000 2250 2.6
20 1500 3550 2.3
21 0 0 3.1
21 500 1550 1.4
21 1000 2250 2.6
21 1500 3550 2.3
22 0 0 3.1
22 500 1550 1.4
22 1000 2250 2.6
22 1500 3550 2.3
23 0 0 3.1
23 500 1550 1.4
23 1000 2250 2.6
23 1500 3550 2.3
24 0 0 3.1
24 500 1550 1.4
24 1000 2250 2.6
24 1500 3550 2.3
25 0 0 3.1
25 500 1550 1.4
25 1000 2250 2.6
25 1500 3550 2.3
26 0 0 3.1
26 500 1550 1.4
26 1000 2250 2.6
26 1500 3550 2.3
27 0 0 3.1
27 500 1550 1.4
27 1000 2250 2.6
27 1500 3550 2.3
28 0 0 3.1
28 500 1550 1.4
28 1000 2250 2.6
28 1500 3550 2.3
29 0 0 3.1
29 500 1550 1.4
29 1000 2250 2.6
29 1500 3550 2.3
30 0 0 3.1
30 500 1550 1.4
30 1000 2250 2.6
30 1500 3550 2.3
31 0 0 3.1
31 500 1550 1.4
31 1000 2250 2.6
31 1500 3550 2.3
32 0 0 3.1
32 500 1550 1.4
32 1000 2250 2.6
32 1500 3550 2.3
33 0 0 3.1
33 500 1550 1.4
33 1000 2250 2.6
33 1500 3550 2.3
34 0 0 3.1
34 500 1550 1.4
34 1000 2250 2.6
34 1500 3550 2.3
35 0 0 3.1
35 500 1550 1.4
35 1000 2250 2.6
35 1500 3550 2.3
36 0 0 3.1
36 500 1550 1.4
36 1000 2250 2.6
36 1500 3550 2.3
37 0 0 3.1
37 500 1550 1.4
37 1000 2250 2.6
37 1500 3550 2.3
38 0 0 3.1
38 500 1550 1.4
38 1000 2250 2.6
38 1500 3550 2.3
39 0 0 3.1
39 500 1550 1.4
39 1000 2250 2.6
39 1500 3550 2.3
40 0 0 3.1
40 500 1550 1.4
40 1000 2250 2.6
40 1500 3550 2.3
41 0 0 3.1
41 500 1550 1.4
41 1000 2250 2.6
41 1500 3550 2.3
42 0 0 3.1
42 500 1550 1.4
42 1000 2250 2.6
42 1500 3550 2.3
43 0 0 3.1
43 500 1550 1.4
43 1000 2250 2.6
43 1500 3550 2.3
44 0 0 3.1
44 500 1550 1.4
44 1000 2250 2.6
44 1500 3550 2.3
45 0 0 3.1
45 500 1550 1.4
45 1000 2250 2.6
45 1500 3550 2.3
46 0 0 3.1
46 500 1550 1.4
46 1000 2250 2.6
46 1500 3550 2.3
47 0 0 3.1
47 500 1550 1.4
47 1000 2250 2.6
47 1500 3550 2.3
48 0 0 3.1
48 500 1550 1.4
48 1000 2250 2.6
48 1500 3550 2.3
49 0 0 3.1
49 500 1550 1.4
49 1000 2250 2.6
49 1500 3550 2.3
50 0 0 3.1
50 500 1550 1.4
50 1000 2250 2.6
50 1500 3550 2.3
51 0 0 3.1
51 500 1550 1.4
51 1000 2250 2.6
51 1500 3550 2.3
52 0 0 3.1
52 500 1550 1.4
52 1000 2250 2.6
52 1500 3550 2.3
53 0 0 3.1
53 500 1550 1.4
53 1000 2250 2.6
53 1500 3550 2.3
54 0 0 3.1
54 500 1550 1.4
54 1000 2250 2.6
54 1500 3550 2.3
55 0 0 3.1
55 500 1550 1.4
55 1000 2250 2.6
55 1500 3550 2.3
56 0 0 3.1
56 500 1550 1.4
56 1000 2250 2.6
56 1500 3550 2.3
57 0 0 3.1
57 500 1550 1.4
57 1000 2250 2.6
57 1500 3550 2.3
58 0 0 3.1
58 500 1550 1.4
58 1000 2250 2.6
58 1500 3550 2.3
59 0 0 3.1
59 500 1550 1.4
59 1000 2250 2.6
59 1500 3550 2.3
60 0 0 3.1
60 500 1550 1.4
60 1000 2250 2.6
60 1500 3550 2.3
61 0 0 3.1
61 500 1550 1.4
61 1000 2250 2.6
61 1500 3550 2.3
62 0 0 3.1
62 500 1550 1.4
62 1000 2250 2.6
62 1500 3550 2.3
63 0 0 3.1
63 500 1550 1.4
63 1000 2250 2.6
63 1500 3550 2.3
64 0 0 3.1
64 500 1550 1.4
64 1000 2250 2.6
64 1500 3550 2.3
65 0 0 3.1
65 500 1550 1.4
65 1000 2250 2.6
65 1500 3550 2.3
66 0 0 3.1
66 500 1550 1.4
66 1000 2250 2.6
66 1500 3550 2.3
67 0 0 3.1
67 500 1550 1.4
67 1000 2250 2.6
67 1500 3550 2.3
68 0 0 3.1
68 500 1550 1.4
68 1000 2250 2.6
68 1500 3550 2.3
69 0 0 3.1
69 500 1550 1.4
69 1000 2250 2.6
69 1500 3550 2.3
70 0 0 3.1
70 500 1550 1.4
70 1000 2250 2.6
70 1500 3550 2.3
71 0 0 3.1
71 500 1550 1.4
71 1000 2250 2.6
71 1500 3550 2.3
72 0 0 3.1
72 500 1550 1.4
72 1000 2250 2.6
72 1500 3550 2.3
73 0 0 3.1
73 500 1550 1.4
73 1000 2250 2.6
73 1500 3550 2.3
74 0 0 3.1
74 500 1550 1.4
74 1000 2250 2.6
74 1500 3550 2.3
75 0 0 3.1
75 500 1550 1.4
75 1000 2250 2.6
75 1500 3550 2.3
76 0 0 3.1
76 500 1550 1.4
76 1000 2250 2.6
76 1500 3550 2.3
77 0 0 3.1
77 500 1550 1.4
77 1000 2250 2.6
77 1500 3550 2.3
78 0 0 3.1
78 500 1550 1.4
78 1000 2250 2.6
78 1500 3550 2.3
79 0 0 3.1
79 500 1550 1.4
79 1000 2250 2.6
79 1500 3550 2.3
80 0 0 3.1
80 500 1550 1.4
80 1000 2250 2.6
80 1500 3550 2.3
81 0 0 3.1
81 500 1550 1.4
81 1000 2250 2.6
81 1500 3550 2.3
82 0 0 3.1
82 500 1550 1.4
82 1000 2250 2.6
82 1500 3550 2.3
83 0 0 3.1
83 500 1550 1.4
83 1000 2250 2.6
83 1500 3550 2.3
84 0 0 3.1
84 500 1550 1.4
84 1000 2250 2.6
84 1500 3550 2.3
85 0 0 3.1
85 500 1550 1.4
85 1000 2250 2.6
85 1500 3550 2.3
86 0 0 3.1
86 500 1550 1.4
86 1000 2250 2.6
86 1500 3550 2.3
87 0 0 3.1
87 500 1550 1.4
87 1000 2250 2.6
87 1500 3550 2.3
88 0 0 3.1
88 500 1550 1.4
88 1000 2250 2.6
88 1500 3550 2.3
89 0 0 3.1
89 500 1550 1.4
89 1000 2250 2.6
89 1500 3550 2.3
90 0 0 3.1
90 500 1550 1.4
90 1000 2250 2.6
90 1500 3550 2.3
91 0 0 3.1
91 500 1550 1.4
91 1000 2250 2.6
91 1500 3550 2.3
92 0 0 3.1
92 500 1550 1.4
92 1000 2250 2.6
92 1500 3550 2.3
93 0 0 3.1
93 500 1550 1.4
93 1000 2250 2.6
93 1500 3550 2.3
94 0 0 3.1
94 500 1550 1.4
94 1000 2250 2.6
94 1500 3550 2.3
95 0 0 3.1
95 500 1550 1.4
95 1000 2250 2.6
95 1500 3550 2.3
96 0 0 3.1
96 500 1550 1.4
96 1000 2250 2.6
96 1500 3550 2.3
97 0 0 3.1
97 500 1550 1.4
97 1000 2250 2.6
97 1500 3550 2.3
98 0 0 3.1
98 500 1550 1.4
98 1000 2250 2.6
98 1500 3550 2.3
99 0 0 3.1
99 500 1550 1.4
99 1000 2250 2.6
99 1500 3550 2.3
100 0 0 3.1
100 500 1550 1.4
100 1000 2250 2.6
100 1500 3550 2.3
101 0 0 3.1
101 500 1550 1.4
101 1000 2250 2.6
101 1500 3550 2.3
102 0 0 3.1
102 500 1550 1.4
102 1000 2250 2.6
102 1500 3550 2.3
103 0 0 3.1
103 500 1550 1.4
103 1000 2250 2.6
103 1500 3550 2.3
104 0 0 3.1
104 500 1550 1.4
104 1000 2250 2.6
104 1500 3550 2.3
105 0 0 3.1
105 500 1550 1.4
105 1000 2250 2.6
105 1500 3550 2.3
106 0 0 3.1
106 500 1550 1.4
106 1000 2250 2.6
106 1500 3550 2.3
107 0 0 3.1
107 500 1550 1.4
107 1000 2250 2.6
107 1500 3550 2.3
108 0 0 3.1
108 500 1550 1.4
108 1000 2250 2.6
108 1500 3550 2.3
109 0 0 3.1
109 500 1550 1.4
109 1000 2250 2.6
109 1500 3550 2.3
110 0 0 3.1
110 500 1550 1.4
110 1000 2250 2.6
110 1500 3550 2.3
111 0 0 3.1
111 500 1550 1.4
111 1000 2250 2.6
111 1500 3550 2.3
112 0 0 3.1
112 500 1550 1.4
112 1000 2250 2.6
112 1500 3550 2.3
113 0 0 3.1
113 500 1550 1.4
113 1000 2250 2.6
113 1500 3550 2.3
114 0 0 3.1
114 500 1550 1.4
114 1000 2250 2.6
114 1500 3550 2.3
115 0 0 3.1
115 500 1550 1.4
115 1000 2250 2.6
115 1500 3550 2.3
116 0 0 3.1
116 500 1550 1.4
116 1000 2250 2.6
116 1500 3550 2.3
117 0 0 3.1
117 500 1550 1.4
117 1000 2250 2.6
117 1500 3550 2.3
118 0 0 3.1
118 500 1550 1.4
118 1000 2250 2.6
118 1500 3550 2.3
119 0 0 3.1
119 500 1550 1.4
119 1000 2250 2.6
119 1500 3550 2.3
120 0 0 3.1
120 500 1550 1.4
120 1000 2250 2.6
120 1500 3550 2.3
121 0 0 3.1
121 500 1550 1.4
121 1000 2250 2.6
121 1500 3550 2.3
122 0 0 3.1
122 500 1550 1.4
122 1000 2250 2.6
122 1500 3550 2.3
123 0 0 3.1
123 500 1550 1.4
123 1000 2250 2.6
123 1500 3550 2.3
124 0 0 3.1
124 500 1550 1.4
124 1000 2250 2.6
124 1500 3550 2.3
125 0 0 3.1
125 500 1550 1.4
125 1000 2250 2.6
125 1500 3550 2.3
126 0 0 3.1
126 500 1550 1.4
126 1000 2250 2.6
126 1500 3550 2.3
127 0 0 3.1
127 500 1550 1.4
127 1000 2250 2.6
127 1500 3550 2.3
128 0 0 3.1
128 500 1550 1.4
128 1000 2250 2.6
128 1500 3550 2.3
129 0 0 3.1
129 500 1550 1.4
129 1000 2250 2.6
129 1500 3550 2.3
130 0 0 3.1
130 500 1550 1.4
130 1000 2250 2.6
130 1500 3550 2.3
131 0 0 3.1
131 500 1550 1.4
131 1000 2250 2.6
131 1500 3550 2.3
132 0 0 3.1
132 500 1550 1.4
132 1000 2250 2.6
132 1500 3550 2.3
133 0 0 3.1
133 500 1550 1.4
133 1000 2250 2.6
133 1500 3550 2.3
134 0 0 3.1
134 500 1550 1.4
134 1000 2250 2.6
134 1500 3550 2.3
135 0 0 3.1
135 500 1550 1.4
135 1000 2250 2.6
135 1500 3550 2.3
136 0 0 3.1
136 500 1550 1.4
136 1000 2250 2.6
136 1500 3550 2.3
137 0 0 3.1
137 500 1550 1.4
137 1000 2250 2.6
137 1500 3550 2.3
138 0 0 3.1
138 500 1550 1.4
138 1000 2250 2.6
138 1500 3550 2.3
139 0 0 3.1
139 500 1550 1.4
139 1000 2250 2.6
139 1500 3550 2.3
140 0 0 3.1
140 500 1550 1.4
140 1000 2250 2.6
140 1500 3550 2.3
141 0 0 3.1
141 500 1550 1.4
141 1000 2250 2.6
141 1500 3550 2.3
142 0 0 3.1
142 500 1550 1.4
142 1000 2250 2.6
142 1500 3550 2.3
143 0 0 3.1
143 500 1550 1.4
143 1000 2250 2.6
143 1500 3550 2.3
144 0 0 3.1
144 500 1550 1.4
144 1000 2250 2.6
144 1500 3550 2.3
145 0 0 3.1
145 500 1550 1.4
145 1000 2250 2.6
145 1500 3550 2.3
146 0 0 3.1
146 500 1550 1.4
146 1000 2250 2.6
146 1500 3550 2.3
147 0 0 3.1
147 500 1550 1.4
147 1000 2250 2.6
147 1500 3550 2.3
148 0 0 3.1
148 500 1550 1.4
148 1000 2250 2.6
148 1500 3550 2.3
149 0 0 3.1
149 500 1550 1.4
149 1000 2250 2.6
149 1500 3550 2.3
150 0 0 3.1
150 500 1550 1.4
150 1000 2250 2.6
150 1500 3550 2.3
151 0 0 3.1
151 500 1550 1.4
151 1000 2250 2.6
151 1500 3550 2.3
152 0 0 3.1
152 500 1550 1.4
152 1000 2250 2.6
152 1500 3550 2.3
153 0 0 3.1
153 500 1550 1.4
153 1000 2250 2.6
153 1500 3550 2.3
154 0 0 3.1
154 500 1550 1.4
154 1000 2250 2.6
154 1500 3550 2.3
155 0 0 3.1
155 500 1550 1.4
155 1000 2250 2.6
155 1500 3550 2.3
156 0 0 3.1
156 500 1550 1.4
156 1000 2250 2.6
156 1500 3550 2.3
157 0 0 3.1
157 500 1550 1.4
157 1000 2250 2.6
157 1500 3550 2.3
158 0 0 3.1
158 500 1550 1.4
158 1000 2250 2.6
158 1500 3550 2.3
159 0 0 3.1
159 500 1550 1.4
159 1000 2250 2.6
159 1500 3550 2.3
160 0 0 3.1
160 500 1550 1.4
160 1000 2250 2.6
160 1500 3550 2.3
161 0 0 3.1
161 500 1550 1.4
161 1000 2250 2.6
161 1500 3550 2.3
162 0 0 3.1
162 500 1550 1.4
162 1000 2250 2.6
162 1500 3550 2.3
163 0 0 3.1
163 500 1550 1.4
163 1000 2250 2.6
163 1500 3550 2.3
164 0 0 3.1
164 500 1550 1.4
164 1000 2250 2.6
164 1500 3550 2.3
165 0 0 3.1
165 500 1550 1.4
165 1000 2250 2.6
165 1500 3550 2.3
166 0 0 3.1
166 500 1550 1.4
166 1000 2250 2.6
166 1500 3550 2.3
167 0 0 3.1
167 500 1550 1.4
167 1000 2250 2.6
167 1500 3550 2.3
168 0 0 3.1
168 500 1550 1.4
168 1000 2250 2.6
168 1500 3550 2.3
169 0 0 3.1
169 500 1550 1.4
169 1000 2250 2.6
169 1500 3550 2.3
170 0 0 3.1
170 500 1550 1.4
170 1000 2250 2.6
170 1500 3550 2.3
171 0 0 3.1
171 500 1550 1.4
171 1000 2250 2.6
171 1500 3550 2.3
172 0 0 3.1
172 500 1550 1.4
172 1000 2250 2.6
172 1500 3550 2.3
173 0 0 3.1
173 500 1550 1.4
173 1000 2250 2.6
173 1500 3550 2.3
174 0 0 3.1
174 500 1550 1.4
174 1000 2250 2.6
174 1500 3550 2.3
175 0 0 3.1
175 500 1550 1.4
175 1000 2250 2.6
175 1500 3550 2.3
176 0 0 3.1
176 500 1550 1.4
176 1000 2250 2.6
176 1500 3550 2.3
177 0 0 3.1
177 500 1550 1.4
177 1000 2250 2.6
177 1500 3550 2.3
178 0 0 3.1
178 500 1550 1.4
178 1000 2250 2.6
178 1500 3550 2.3
179 0 0 3.1
179 500 1550 1.4
179 1000 2250 2.6
179 1500 3550 2.3
180 0 0 3.1
180 500 1550 1.4
180 1000 2250 2.6
180 1500 3550 2.3
181 0 0 3.1
181 500 1550 1.4
181 1000 2250 2.6
181 1500 3550 2.3
182 0 0 3.1
182 500 1550 1.4
182 1000 2250 2.6
182 1500 3550 2.3
183 0 0 3.1
183 500 1550 1.4
183 1000 2250 2.6
183 1500 3550 2.3
184 0 0 3.1
184 500 1550 1.4
184 1000 2250 2.6
184 1500 3550 2.3
185 0 0 3.1
185 500 1550 1.4
185 1000 2250 2.6
185 1500 3550 2.3
186 0 0 3.1
186 500 1550 1.4
186 1000 2250 2.6
186 1500 3550 2.3
187 0 0 3.1
187 500 1550 1.4
187 1000 2250 2.6
187 1500 3550 2.3
188 0 0 3.1
188 500 1550 1.4
188 1000 2250 2.6
188 1500 3550 2.3
189 0 0 3.1
189 500 1550 1.4
189 1000 2250 2.6
189 1500 3550 2.3
190 0 0 3.1
190 500 1550 1.4
190 1000 2250 2.6
190 1500 3550 2.3
191 0 0 3.1
191 500 1550 1.4
191 1000 2250 2.6
191 1500 3550 2.3
192 0 0 3.1
192 500 1550 1.4
192 1000 2250 2.6
192 1500 3550 2.3
193 0 0 3.1
193 500 1550 1.4
193 1000 2250 2.6
193 1500 3550 2.3
194 0 0 3.1
194 500 1550 1.4
194 1000 2250 2.6
194 1500 3550 2.3
195 0 0 3.1
195 500 1550 1.4
195 1000 2250 2.6
195 1500 3550 2.3
196 0 0 3.1
196 500 1550 1.4
196 1000 2250 2.6
196 1500 3550 2.3
197 0 0 3.1
197 500 1550 1.4
197 1000 2250 2.6
197 1500 3550 2.3
198 0 0 3.1
198 500 1550 1.4
198 1000 2250 2.6
198 1500 3550 2.3
199 0 0 3.1
199 500 1550 1.4
199 1000 2250 2.6
199 1500 3550 2.3
200 0 0 3.1
200 500 1550 1.4
200 1000 2250 2.6
200 1500 3550 2.3
201 0 0 3.1
201 500 1550 1.4
201 1000 2250 2.6
201 1500 3550 2.3
202 0 0 3.1
202 500 1550 1.4
202 1000 2250 2.6
202 1500 3550 2.3
203 0 0 3.1
203 500 1550 1.4
203 1000 2250 2.6
203 1500 3550 2.3
204 0 0 3.1
204 500 1550 1.4
204 1000 2250 2.6
204 1500 3550 2.3
205 0 0 3.1
205 500 1550 1.4
205 1000 2250 2.6
205 1500 3550 2.3
206 0 0 3.1
206 500 1550 1.4
206 1000 2250 2.6
206 1500 3550 2.3
207 0 0 3.1
207 500 1550 1.4
207 1000 2250 2.6
207 1500 3550 2.3
208 0 0 3.1
208 500 1550 1.4
208 1000 2250 2.6
208 1500 3550 2.3
209 0 0 3.1
209 500 1550 1.4
209 1000 2250 2.6
209 1500 3550 2.3
210 0 0 3.1
210 500 1550 1.4
210 1000 2250 2.6
210 1500 3550 2.3
211 0 0 3.1
211 500 1550 1.4
211 1000 2250 2.6
211 1500 3550 2.3
212 0 0 3.1
212 500 1550 1.4
212 1000 2250 2.6
212 1500 3550 2.3
213 0 0 3.1
213 500 1550 1.4
213 1000 2250 2.6
213 1500 3550 2.3
214 0 0 3.1
214 500 1550 1.4
214 1000 2250 2.6
214 1500 3550 2.3
215 0 0 3.1
215 500 1550 1.4
215 1000 2250 2.6
215 1500 3550 2.3
216 0 0 3.1
216 500 1550 1.4
216 1000 2250 2.6
216 1500 3550 2.3
217 0 0 3.1
217 500 1550 1.4
217 1000 2250 2.6
217 1500 3550 2.3
218 0 0 3.1
218 500 1550 1.4
218 1000 2250 2.6
218 1500 3550 2.3
219 0 0 3.1
219 500 1550 1.4
219 1000 2250 2.6
219 1500 3550 2.3
220 0 0 3.1
220 500 1550 1.4
220 1000 2250 2.6
220 1500 3550 2.3
221 0 0 3.1
221 500 1550 1.4
221 1000 2250 2.6
221 1500 3550 2.3
222 0 0 3.1
222 500 1550 1.4
222 1000 2250 2.6
222 1500 3550 2.3
223 0 0 3.1
223 500 1550 1.4
223 1000 2250 2.6
223 1500 3550 2.3
224 0 0 3.1
224 500 1550 1.4
224 1000 2250 2.6
224 1500 3550 2.3
225 0 0 3.1
225 500 1550 1.4
225 1000 2250 2.6
225 1500 3550 2.3
226 0 0 3.1
226 500 1550 1.4
226 1000 2250 2.6
226 1500 3550 2.3
227 0 0 3.1
227 500 1550 1.4
227 1000 2250 2.6
227 1500 3550 2.3
228 0 0 3.1
228 500 1550 1.4
228 1000 2250 2.6
228 1500 3550 2.3
229 0 0 3.1
229 500 1550 1.4
229 1000 2250 2.6
229 1500 3550 2.3
230 0 0 3.1
230 500 1550 1.4
230 1000 2250 2.6
230 1500 3550 2.3
231 0 0 3.1
231 500 1550 1.4
231 1000 2250 2.6
231 1500 3550 2.3
232 0 0 3.1
232 500 1550 1.4
232 1000 2250 2.6
232 1500 3550 2.3
233 0 0 3.1
233 500 1550 1.4
233 1000 2250 2.6
233 1500 3550 2.3
234 0 0 3.1
234 500 1550 1.4
234 1000 2250 2.6
234 1500 3550 2.3
235 0 0 3.1
235 500 1550 1.4
235 1000 2250 2.6
235 1500 3550 2.3
236 0 0 3.1
236 500 1550 1.4
236 1000 2250 2.6
236 1500 3550 2.3
237 0 0 3.1
237 500 1550 1.4
237 1000 2250 2.6
237 1500 3550 2.3
238 0 0 3.1
238 500 1550 1.4
238 1000 2250 2.6
238 1500 3550 2.3
239 0 0 3.1
239 500 1550 1.4
239 1000 2250 2.6
239 1500 3550 2.3
240 0 0 3.1
240 500 1550 1.4
240 1000 2250 2.6
240 1500 3550 2.3
241 0 0 3.1
241 500 1550 1.4
241 1000 2250 2.6
241 1500 3550 2.3
242 0 0 3.1
242 500 1550 1.4
242 1000 2250 2.6
242 1500 3550 2.3
243 0 0 3.1
243 500 1550 1.4
243 1000 2250 2.6
243 1500 3550 2.3
244 0 0 3.1
244 500 1550 1.4
244 1000 2250 2.6
244 1500 3550 2.3
245 0 0 3.1
245 500 1550 1.4
245 1000 2250 2.6
245 1500 3550 2.3
246 0 0 3.1
246 500 1550 1.4
246 1000 2250 2.6
246 1500 3550 2.3
247 0 0 3.1
247 500 1550 1.4
247 1000 2250 2.6
247 1500 3550 2.3
248 0 0 3.1
248 500 1550 1.4
248 1000 2250 2.6
248 1500 3550 2.3
249 0 0 3.1
249 500 1550 1.4
249 1000 2250 2.6
249 1500 3550 2.3
250 0 0 3.1
250 500 1550 1.4
250 1000 2250 2.6
250 1500 3550 2.3
251 0 0 3.1
251 500 1550 1.4
251 1000 2250 2.6
251 1500 3550 2.3
252 0 0 3.1
252 500 1550 1.4
252 1000 2250 2.6
252 1500 3550 2.3
253 0 0 3.1
253 500 1550 1.4
253 1000 2250 2.6
253 1500 3550 2.3
254 0 0 3.1
254 500 1550 1.4
254 1000 2250 2.6
254 1500 3550 2.3
255 0 0 3.1
255 500 1550 1.4
255 1000 2250 2.6
255 1500 3550 2.3
256 0 0 3.1
256 500 1550 1.4
256 1000 2250 2.6
256 1500 3550 2.3
257 0 0 3.1
257 500 1550 1.4
257 1000 2250 2.6
257 1500 3550 2.3
258 0 0 3.1
258 500 1550 1.4
258 1000 2250 2.6
258 1500 3550 2.3
259 0 0 3.1
259 500 1550 1.4
259 1000 2250 2.6
259 1500 3550 2.3
260 0 0 3.1
260 500 1550 1.4
260 1000 2250 2.6
260 1500 3550 2.3
261 0 0 3.1
261 500 1550 1.4
261 1000 2250 2.6
261 1500 3550 2.3
262 0 0 3.1
262 500 1550 1.4
262 1000 2250 2.6
262 1500 3550 2.3
263 0 0 3.1
263 500 1550 1.4
263 1000 2250 2.6
263 1500 3550 2.3
264 0 0 3.1
264 500 1550 1.4
264 1000 2250 2.6
264 1500 3550 2.3
265 0 0 3.1
265 500 1550 1.4
265 1000 2250 2.6
265 1500 3550 2.3
266 0 0 3.1
266 500 1550 1.4
266 1000 2250 2.6
266 1500 3550 2.3
267 0 0 3.1
267 500 1550 1.4
267 1000 2250 2.6
267 1500 3550 2.3
268 0 0 3.1
268 500 1550 1.4
268 1000 2250 2.6
268 1500 3550 2.3
269 0 0 3.1
269 500 1550 1.4
269 1000 2250 2.6
269 1500 3550 2.3
270 0 0 3.1
270 500 1550 1.4
270 1000 2250 2.6
270 1500 3550 2.3
271 0 0 3.1
271 500 1550 1.4
271 1000 2250 2.6
271 1500 3550 2.3
272 0 0 3.1
272 500 1550 1.4
272 1000 2250 2.6
272 1500 3550 2.3
273 0 0 3.1
273 500 1550 1.4
273 1000 2250 2.6
273 1500 3550 2.3
274 0 0 3.1
274 500 1550 1.4
274 1000 2250 2.6
274 1500 3550 2.3
275 0 0 3.1
275 500 1550 1.4
275 1000 2250 2.6
275 1500 3550 2.3
276 0 0 3.1
276 500 1550 1.4
276 1000 2250 2.6
276 1500 3550 2.3
277 0 0 3.1
277 500 1550 1.4
277 1000 2250 2.6
277 1500 3550 2.3
278 0 0 3.1
278 500 1550 1.4
278 1000 2250 2.6
278 1500 3550 2.3
279 0 0 3.1
279 500 1550 1.4
279 1000 2250 2.6
279 1500 3550 2.3
280 0 0 3.1
280 500 1550 1.4
280 1000 2250 2.6
280 1500 3550 2.3
281 0 0 3.1
281 500 1550 1.4
281 1000 2250 2.6
281 1500 3550 2.3
282 0 0 3.1
282 500 1550 1.4
282 1000 2250 2.6
282 1500 3550 2.3
283 0 0 3.1
283 500 1550 1.4
283 1000 2250 2.6
283 1500 3550 2.3
284 0 0 3.1
284 500 1550 1.4
284 1000 2250 2.6
284 1500 3550 2.3
285 0 0 3.1
285 500 1550 1.4
285 1000 2250 2.6
285 1500 3550 2.3
286 0 0 3.1
286 500 1550 1.4
286 1000 2250 2.6
286 1500 3550 2.3
287 0 0 3.1
287 500 1550 1.4
287 1000 2250 2.6
287 1500 3550 2.3
288 0 0 3.1
288 500 1550 1.4
288 1000 2250 2.6
288 1500 3550 2.3
289 0 0 3.1
289 500 1550 1.4
289 1000 2250 2.6
289 1500 3550 2.3
290 0 0 3.1
290 500 1550 1.4
290 1000 2250 2.6
290 1500 3550 2.3
291 0 0 3.1
291 500 1550 1.4
291 1000 2250 2.6
291 1500 3550 2.3
292 0 0 3.1
292 500 1550 1.4
292 1000 2250 2.6
292 1500 3550 2.3
293 0 0 3.1
293 500 1550 1.4
293 1000 2250 2.6
293 1500 3550 2.3
294 0 0 3.1
294 500 1550 1.4
294 1000 2250 2.6
294 1500 3550 2.3
295 0 0 3.1
295 500 1550 1.4
295 1000 2250 2.6
295 1500 3550 2.3
296 0 0 3.1
296 500 1550 1.4
296 1000 2250 2.6
296 1500 3550 2.3
297 0 0 3.1
297 500 1550 1.4
297 1000 2250 2.6
297 1500 3550 2.3
298 0 0 3.1
298 500 1550 1.4
298 1000 2250 2.6
298 1500 3550 2.3
299 0 0 3.1
299 500 1550 1.4
299 1000 2250 2.6
299 1500 3550 2.3
300 0 0 3.1
300 500 1550 1.4
300 1000 2250 2.6
300 1500 3550 2.3
301 0 0 3.1
301 500 1550 1.4
301 1000 2250 2.6
301 1500 3550 2.3
302 0 0 3.1
302 500 1550 1.4
302 1000 2250 2.6
302 1500 3550 2.3
303 0 0 3.1
303 500 1550 1.4
303 1000 2250 2.6
303 1500 3550 2.3
304 0 0 3.1
304 500 1550 1.4
304 1000 2250 2.6
304 1500 3550 2.3
305 0 0 3.1
305 500 1550 1.4
305 1000 2250 2.6
305 1500 3550 2.3
306 0 0 3.1
306 500 1550 1.4
306 1000 2250 2.6
306 1500 3550 2.3
307 0 0 3.1
307 500 1550 1.4
307 1000 2250 2.6
307 1500 3550 2.3
308 0 0 3.1
308 500 1550 1.4
308 1000 2250 2.6
308 1500 3550 2.3
309 0 0 3.1
309 500 1550 1.4
309 1000 2250 2.6
309 1500 3550 2.3
310 0 0 3.1
310 500 1550 1.4
310 1000 2250 2.6
310 1500 3550 2.3
311 0 0 3.1
311 500 1550 1.4
311 1000 2250 2.6
311 1500 3550 2.3
312 0 0 3.1
312 500 1550 1.4
312 1000 2250 2.6
312 1500 3550 2.3
313 0 0 3.1
313 500 1550 1.4
313 1000 2250 2.6
313 1500 3550 2.3
314 0 0 3.1
314 500 1550 1.4
314 1000 2250 2.6
314 1500 3550 2.3
315 0 0 3.1
315 500 1550 1.4
315 1000 2250 2.6
315 1500 3550 2.3
316 0 0 3.1
316 500 1550 1.4
316 1000 2250 2.6
316 1500 3550 2.3
317 0 0 3.1
317 500 1550 1.4
317 1000 2250 2.6
317 1500 3550 2.3
318 0 0 3.1
318 500 1550 1.4
318 1000 2250 2.6
318 1500 3550 2.3
319 0 0 3.1
319 500 1550 1.4
319 1000 2250 2.6
319 1500 3550 2.3
320 0 0 3.1
320 500 1550 1.4
320 1000 2250 2.6
320 1500 3550 2.3
321 0 0 3.1
321 500 1550 1.4
321 1000 2250 2.6
321 1500 3550 2.3
322 0 0 3.1
322 500 1550 1.4
322 1000 2250 2.6
322 1500 3550 2.3
323 0 0 3.1
323 500 1550 1.4
323 1000 2250 2.6
323 1500 3550 2.3
324 0 0 3.1
324 500 1550 1.4
324 1000 2250 2.6
324 1500 3550 2.3
325 0 0 3.1
325 500 1550 1.4
325 1000 2250 2.6
325 1500 3550 2.3
326 0 0 3.1
326 500 1550 1.4
326 1000 2250 2.6
326 1500 3550 2.3
327 0 0 3.1
327 500 1550 1.4
327 1000 2250 2.6
327 1500 3550 2.3
328 0 0 3.1
328 500 1550 1.4
328 1000 2250 2.6
328 1500 3550 2.3
329 0 0 3.1
329 500 1550 1.4
329 1000 2250 2.6
329 1500 3550 2.3
330 0 0 3.1
330 500 1550 1.4
330 1000 2250 2.6
330 1500 3550 2.3
331 0 0 3.1
331 500 1550 1.4
331 1000 2250 2.6
331 1500 3550 2.3
332 0 0 3.1
332 500 1550 1.4
332 1000 2250 2.6
332 1500 3550 2.3
333 0 0 3.1
333 500 1550 1.4
333 1000 2250 2.6
333 1500 3550 2.3
334 0 0 3.1
334 500 1550 1.4
334 1000 2250 2.6
334 1500 3550 2.3
335 0 0 3.1
335 500 1550 1.4
335 1000 2250 2.6
335 1500 3550 2.3
336 0 0 3.1
336 500 1550 1.4
336 1000 2250 2.6
336 1500 3550 2.3
337 0 0 3.1
337 500 1550 1.4
337 1000 2250 2.6
337 1500 3550 2.3
338 0 0 3.1
338 500 1550 1.4
338 1000 2250 2.6
338 1500 3550 2.3
339 0 0 3.1
339 500 1550 1.4
339 1000 2250 2.6
339 1500 3550 2.3
340 0 0 3.1
340 500 1550 1.4
340 1000 2250 2.6
340 1500 3550 2.3
341 0 0 3.1
341 500 1550 1.4
341 1000 2250 2.6
341 1500 3550 2.3
342 0 0 3.1
342 500 1550 1.4
342 1000 2250 2.6
342 1500 3550 2.3
343 0 0 3.1
343 500 1550 1.4
343 1000 2250 2.6
343 1500 3550 2.3
344 0 0 3.1
344 500 1550 1.4
344 1000 2250 2.6
344 1500 3550 2.3
345 0 0 3.1
345 500 1550 1.4
345 1000 2250 2.6
345 1500 3550 2.3
346 0 0 3.1
346 500 1550 1.4
346 1000 2250 2.6
346 1500 3550 2.3
347 0 0 3.1
347 500 1550 1.4
347 1000 2250 2.6
347 1500 3550 2.3
348 0 0 3.1
348 500 1550 1.4
348 1000 2250 2.6
348 1500 3550 2.3
349 0 0 3.1
349 500 1550 1.4
349 1000 2250 2.6
349 1500 3550 2.3
350 0 0 3.1
350 500 1550 1.4
350 1000 2250 2.6
350 1500 3550 2.3
351 0 0 3.1
351 500 1550 1.4
351 1000 2250 2.6
351 1500 3550 2.3
352 0 0 3.1
352 500 1550 1.4
352 1000 2250 2.6
352 1500 3550 2.3
353 0 0 3.1
353 500 1550 1.4
353 1000 2250 2.6
353 1500 3550 2.3
354 0 0 3.1
354 500 1550 1.4
354 1000 2250 2.6
354 1500 3550 2.3
355 0 0 3.1
355 500 1550 1.4
355 1000 2250 2.6
355 1500 3550 2.3
356 0 0 3.1
356 500 1550 1.4
356 1000 2250 2.6
356 1500 3550 2.3
357 0 0 3.1
357 500 1550 1.4
357 1000 2250 2.6
357 1500 3550 2.3
358 0 0 3.1
358 500 1550 1.4
358 1000 2250 2.6
358 1500 3550 2.3
359 0 0 3.1
359 500 1550 1.4
359 1000 2250 2.6
359 1500 3550 2.3
360 0 0 3.1
360 500 1550 1.4
360 1000 2250 2.6
360 1500 3550 2.3
361 0 0 3.1
361 500 1550 1.4
361 1000 2250 2.6
361 1500 3550 2.3
362 0 0 3.1
362 500 1550 1.4
362 1000 2250 2.6
362 1500 3550 2.3
363 0 0 3.1
363 500 1550 1.4
363 1000 2250 2.6
363 1500 3550 2.3
364 0 0 3.1
364 500 1550 1.4
364 1000 2250 2.6
364 1500 3550 2.3
365 0 0 3.1
365 500 1550 1.4
365 1000 2250 2.6
365 1500 3550 2.3
366 0 0 3.1
366 500 1550 1.4
366 1000 2250 2.6
366 1500 3550 2.3
367 0 0 3.1
367 500 1550 1.4
367 1000 2250 2.6
367 1500 3550 2.3
368 0 0 3.1
368 500 1550 1.4
368 1000 2250 2.6
368 1500 3550 2.3
369 0 0 3.1
369 500 1550 1.4
369 1000 2250 2.6
369 1500 3550 2.3
370 0 0 3.1
370 500 1550 1.4
370 1000 2250 2.6
370 1500 3550 2.3
371 0 0 3.1
371 500 1550 1.4
371 1000 2250 2.6
371 1500 3550 2.3
372 0 0 3.1
372 500 1550 1.4
372 1000 2250 2.6
372 1500 3550 2.3
373 0 0 3.1
373 500 1550 1.4
373 1000 2250 2.6
373 1500 3550 2.3
374 0 0 3.1
374 500 1550 1.4
374 1000 2250 2.6
374 1500 3550 2.3
375 0 0 3.1
375 500 1550 1.4
375 1000 2250 2.6
375 1500 3550 2.3
376 0 0 3.1
376 500 1550 1.4
376 1000 2250 2.6
376 1500 3550 2.3
377 0 0 3.1
377 500 1550 1.4
377 1000 2250 2.6
377 1500 3550 2.3
378 0 0 3.1
378 500 1550 1.4
378 1000 2250 2.6
378 1500 3550 2.3
379 0 0 3.1
379 500 1550 1.4
379 1000 2250 2.6
379 1500 3550 2.3
380 0 0 3.1
380 500 1550 1.4
380 1000 2250 2.6
380 1500 3550 2.3
381 0 0 3.1
381 500 1550 1.4
381 1000 2250 2.6
381 1500 3550 2.3
382 0 0 3.1
382 500 1550 1.4
382 1000 2250 2.6
382 1500 3550 2.3
383 0 0 3.1
383 500 1550 1.4
383 1000 2250 2.6
383 1500 3550 2.3
384 0 0 3.1
384 500 1550 1.4
384 1000 2250 2.6
384 1500 3550 2.3
385 0 0 3.1
385 500 1550 1.4
385 1000 2250 2.6
385 1500 3550 2.3
386 0 0 3.1
386 500 1550 1.4
386 1000 2250 2.6
386 1500 3550 2.3
387 0 0 3.1
387 500 1550 1.4
387 1000 2250 2.6
387 1500 3550 2.3
388 0 0 3.1
388 500 1550 1.4
388 1000 2250 2.6
388 1500 3550 2.3
389 0 0 3.1
389 500 1550 1.4
389 1000 2250 2.6
389 1500 3550 2.3
390 0 0 3.1
390 500 1550 1.4
390 1000 2250 2.6
390 1500 3550 2.3
391 0 0 3.1
391 500 1550 1.4
391 1000 2250 2.6
391 1500 3550 2.3
392 0 0 3.1
392 500 1550 1.4
392 1000 2250 2.6
392 1500 3550 2.3
393 0 0 3.1
393 500 1550 1.4
393 1000 2250 2.6
393 1500 3550 2.3
394 0 0 3.1
394 500 1550 1.4
394 1000 2250 2.6
394 1500 3550 2.3
395 0 0 3.1
395 500 1550 1.4
395 1000 2250 2.6
395 1500 3550 2.3
396 0 0 3.1
396 500 1550 1.4
396 1000 2250 2.6
396 1500 3550 2.3
397 0 0 3.1
397 500 1550 1.4
397 1000 2250 2.6
397 1500 3550 2.3
398 0 0 3.1
398 500 1550 1.4
398 1000 2250 2.6
398 1500 3550 2.3
399 0 0 3.1
399 500 1550 1.4
399 1000 2250 2.6
399 1500 3550 2.3
400 0 0 3.1
400 500 1550 1.4
400 1000 2250 2.6
400 1500 3550 2.3
401 0 0 3.1
401 500 1550 1.4
401 1000 2250 2.6
401 1500 3550 2.3
402 0 0 3.1
402 500 1550 1.4
402 1000 2250 2.6
402 1500 3550 2.3
403 0 0 3.1
403 500 1550 1.4
403 1000 2250 2.6
403 1500 3550 2.3
404 0 0 3.1
404 500 1550 1.4
404 1000 2250 2.6
404 1500 3550 2.3
405 0 0 3.1
405 500 1550 1.4
405 1000 2250 2.6
405 1500 3550 2.3
406 0 0 3.1
406 500 1550 1.4
406 1000 2250 2.6
406 1500 3550 2.3
407 0 0 3.1
407 500 1550 1.4
407 1000 2250 2.6
407 1500 3550 2.3
408 0 0 3.1
408 500 1550 1.4
408 1000 2250 2.6
408 1500 3550 2.3
409 0 0 3.1
409 500 1550 1.4
409 1000 2250 2.6
409 1500 3550 2.3
410 0 0 3.1
410 500 1550 1.4
410 1000 2250 2.6
410 1500 3550 2.3
411 0 0 3.1
411 500 1550 1.4
411 1000 2250 2.6
411 1500 3550 2.3
412 0 0 3.1
412 500 1550 1.4
412 1000 2250 2.6
412 1500 3550 2.3
413 0 0 3.1
413 500 1550 1.4
413 1000 2250 2.6
413 1500 3550 2.3
414 0 0 3.1
414 500 1550 1.4
414 1000 2250 2.6
414 1500 3550 2.3
415 0 0 3.1
415 500 1550 1.4
415 1000 2250 2.6
415 1500 3550 2.3
416 0 0 3.1
416 500 1550 1.4
416 1000 2250 2.6
416 1500 3550 2.3
417 0 0 3.1
417 500 1550 1.4
417 1000 2250 2.6
417 1500 3550 2.3
418 0 0 3.1
418 500 1550 1.4
418 1000 2250 2.6
418 1500 3550 2.3
419 0 0 3.1
419 500 1550 1.4
419 1000 2250 2.6
419 1500 3550 2.3
420 0 0 3.1
420 500 1550 1.4
420 1000 2250 2.6
420 1500 3550 2.3
421 0 0 3.1
421 500 1550 1.4
421 1000 2250 2.6
421 1500 3550 2.3
422 0 0 3.1
422 500 1550 1.4
422 1000 2250 2.6
422 1500 3550 2.3
423 0 0 3.1
423 500 1550 1.4
423 1000 2250 2.6
423 1500 3550 2.3
424 0 0 3.1
424 500 1550 1.4
424 1000 2250 2.6
424 1500 3550 2.3
425 0 0 3.1
425 500 1550 1.4
425 1000 2250 2.6
425 1500 3550 2.3
426 0 0 3.1
426 500 1550 1.4
426 1000 2250 2.6
426 1500 3550 2.3
427 0 0 3.1
427 500 1550 1.4
427 1000 2250 2.6
427 1500 3550 2.3
428 0 0 3.1
428 500 1550 1.4
428 1000 2250 2.6
428 1500 3550 2.3
429 0 0 3.1
429 500 1550 1.4
429 1000 2250 2.6
429 1500 3550 2.3
430 0 0 3.1
430 500 1550 1.4
430 1000 2250 2.6
430 1500 3550 2.3
431 0 0 3.1
431 500 1550 1.4
431 1000 2250 2.6
431 1500 3550 2.3
432 0 0 3.1
432 500 1550 1.4
432 1000 2250 2.6
432 1500 3550 2.3
433 0 0 3.1
433 500 1550 1.4
433 1000 2250 2.6
433 1500 3550 2.3
434 0 0 3.1
434 500 1550 1.4
434 1000 2250 2.6
434 1500 3550 2.3
435 0 0 3.1
435 500 1550 1.4
435 1000 2250 2.6
435 1500 3550 2.3
436 0 0 3.1
436 500 1550 1.4
436 1000 2250 2.6
436 1500 3550 2.3
437 0 0 3.1
437 500 1550 1.4
437 1000 2250 2.6
437 1500 3550 2.3
438 0 0 3.1
438 500 1550 1.4
438 1000 2250 2.6
438 1500 3550 2.3
439 0 0 3.1
439 500 1550 1.4
439 1000 2250 2.6
439 1500 3550 2.3
440 0 0 3.1
440 500 1550 1.4
440 1000 2250 2.6
440 1500 3550 2.3
441 0 0 3.1
441 500 1550 1.4
441 1000 2250 2.6
441 1500 3550 2.3
442 0 0 3.1
442 500 1550 1.4
442 1000 2250 2.6
442 1500 3550 2.3
443 0 0 3.1
443 500 1550 1.4
443 1000 2250 2.6
443 1500 3550 2.3
444 0 0 3.1
444 500 1550 1.4
444 1000 2250 2.6
444 1500 3550 2.3
445 0 0 3.1
445 500 1550 1.4
445 1000 2250 2.6
445 1500 3550 2.3
446 0 0 3.1
446 500 1550 1.4
446 1000 2250 2.6
446 1500 3550 2.3
447 0 0 3.1
447 500 1550 1.4
447 1000 2250 2.6
447 1500 3550 2.3
448 0 0 3.1
448 500 1550 1.4
448 1000 2250 2.6
448 1500 3550 2.3
449 0 0 3.1
449 500 1550 1.4
449 1000 2250 2.6
449 1500 3550 2.3
450 0 0 3.1
450 500 1550 1.4
450 1000 2250 2.6
450 1500 3550 2.3
451 0 0 3.1
451 500 1550 1.4
451 1000 2250 2.6
451 1500 3550 2.3
452 0 0 3.1
452 500 1550 1.4
452 1000 2250 2.6
452 1500 3550 2.3
453 0 0 3.1
453 500 1550 1.4
453 1000 2250 2.6
453 1500 3550 2.3
454 0 0 3.1
454 500 1550 1.4
454 1000 2250 2.6
454 1500 3550 2.3
455 0 0 3.1
455 500 1550 1.4
455 1000 2250 2.6
455 1500 3550 2.3
456 0 0 3.1
456 500 1550 1.4
456 1000 2250 2.6
456 1500 3550 2.3
457 0 0 3.1
457 500 1550 1.4
457 1000 2250 2.6
457 1500 3550 2.3
458 0 0 3.1
458 500 1550 1.4
458 1000 2250 2.6
458 1500 3550 2.3
459 0 0 3.1
459 500 1550 1.4
459 1000 2250 2.6
459 1500 3550 2.3
460 0 0 3.1
460 500 1550 1.4
460 1000 2250 2.6
460 1500 3550 2.3
461 0 0 3.1
461 500 1550 1.4
461 1000 2250 2.6
461 1500 3550 2.3
462 0 0 3.1
462 500 1550 1.4
462 1000 2250 2.6
462 1500 3550 2.3
463 0 0 3.1
463 500 1550 1.4
463 1000 2250 2.6
463 1500 3550 2.3
464 0 0 3.1
464 500 1550 1.4
464 1000 2250 2.6
464 1500 3550 2.3
465 0 0 3.1
465 500 1550 1.4
465 1000 2250 2.6
465 1500 3550 2.3
466 0 0 3.1
466 500 1550 1.4
466 1000 2250 2.6
466 1500 3550 2.3
467 0 0 3.1
467 500 1550 1.4
467 1000 2250 2.6
467 1500 3550 2.3
468 0 0 3.1
468 500 1550 1.4
468 1000 2250 2.6
468 1500 3550 2.3
469 0 0 3.1
469 500 1550 1.4
469 1000 2250 2.6
469 1500 3550 2.3
470 0 0 3.1
470 500 1550 1.4
470 1000 2250 2.6
470 1500 3550 2.3
471 0 0 3.1
471 500 1550 1.4
471 1000 2250 2.6
471 1500 3550 2.3
472 0 0 3.1
472 500 1550 1.4
472 1000 2250 2.6
472 1500 3550 2.3
473 0 0 3.1
473 500 1550 1.4
473 1000 2250 2.6
473 1500 3550 2.3
474 0 0 3.1
474 500 1550 1.4
474 1000 2250 2.6
474 1500 3550 2.3
475 0 0 3.1
475 500 1550 1.4
475 1000 2250 2.6
475 1500 3550 2.3
476 0 0 3.1
476 500 1550 1.4
476 1000 2250 2.6
476 1500 3550 2.3
477 0 0 3.1
477 500 1550 1.4
477 1000 2250 2.6
477 1500 3550 2.3
478 0 0 3.1
478 500 1550 1.4
478 1000 2250 2.6
478 1500 3550 2.3
479 0 0 3.1
479 500 1550 1.4
479 1000 2250 2.6
479 1500 3550 2.3
480 0 0 3.1
480 500 1550 1.4
480 1000 2250 2.6
480 1500 3550 2.3
481 0 0 3.1
481 500 1550 1.4
481 1000 2250 2.6
481 1500 3550 2.3
482 0 0 3.1
482 500 1550 1.4
482 1000 2250 2.6
482 1500 3550 2.3
483 0 0 3.1
483 500 1550 1.4
483 1000 2250 2.6
483 1500 3550 2.3
484 0 0 3.1
484 500 1550 1.4
484 1000 2250 2.6
484 1500 3550 2.3
485 0 0 3.1
485 500 1550 1.4
485 1000 2250 2.6
485 1500 3550 2.3
486 0 0 3.1
486 500 1550 1.4
486 1000 2250 2.6
486 1500 3550 2.3
487 0 0 3.1
487 500 1550 1.4
487 1000 2250 2.6
487 1500 3550 2.3
488 0 0 3.1
488 500 1550 1.4
488 1000 2250 2.6
488 1500 3550 2.3
489 0 0 3.1
489 500 1550 1.4
489 1000 2250 2.6
489 1500 3550 2.3
490 0 0 3.1
490 500 1550 1.4
490 1000 2250 2.6
490 1500 3550 2.3
491 0 0 3.1
491 500 1550 1.4
491 1000 2250 2.6
491 1500 3550 2.3
492 0 0 3.1
492 500 1550 1.4
492 1000 2250 2.6
492 1500 3550 2.3
493 0 0 3.1
493 500 1550 1.4
493 1000 2250 2.6
493 1500 3550 2.3
494 0 0 3.1
494 500 1550 1.4
494 1000 2250 2.6
494 1500 3550 2.3
495 0 0 3.1
495 500 1550 1.4
495 1000 2250 2.6
495 1500 3550 2.3
496 0 0 3.1
496 500 1550 1.4
496 1000 2250 2.6
496 1500 3550 2.3
497 0 0 3.1
497 500 1550 1.4
497 1000 2250 2.6
497 1500 3550 2.3
498 0 0 3.1
498 500 1550 1.4
498 1000 2250 2.6
498 1500 3550 2.3
499 0 0 3.1
499 500 1550 1.4
499 1000 2250 2.6
499 1500 3550 2.3
500 0 0 3.1
500 500 1550 1.4
500 1000 2250 2.6
500 1500 3550 2.3
501 0 0 3.1
501 500 1550 1.4
501 1000 2250 2.6
501 1500 3550 2.3
502 0 0 3.1
502 500 1550 1.4
502 1000 2250 2.6
502 1500 3550 2.3
503 0 0 3.1
503 500 1550 1.4
503 1000 2250 2.6
503 1500 3550 2.3
504 0 0 3.1
504 500 1550 1.4
504 1000 2250 2.6
504 1500 3550 2.3
505 0 0 3.1
505 500 1550 1.4
505 1000 2250 2.6
505 1500 3550 2.3
506 0 0 3.1
506 500 1550 1.4
506 1000 2250 2.6
506 1500 3550 2.3
507 0 0 3.1
507 500 1550 1.4
507 1000 2250 2.6
507 1500 3550 2.3
508 0 0 3.1
508 500 1550 1.4
508 1000 2250 2.6
508 1500 3550 2.3
509 0 0 3.1
509 500 1550 1.4
509 1000 2250 2.6
509 1500 3550 2.3
510 0 0 3.1
510 500 1550 1.4
510 1000 2250 2.6
510 1500 3550 2.3
511 0 0 3.1
511 500 1550 1.4
511 1000 2250 2.6
511 1500 3550 2.3
512 0 0 3.1
512 500 1550 1.4
512 1000 2250 2.6
512 1500 3550 2.3
513 0 0 3.1
513 500 1550 1.4
513 1000 2250 2.6
513 1500 3550 2.3
514 0 0 3.1
514 500 1550 1.4
514 1000 2250 2.6
514 1500 3550 2.3
515 0 0 3.1
515 500 1550 1.4
515 1000 2250 2.6
515 1500 3550 2.3
516 0 0 3.1
516 500 1550 1.4
516 1000 2250 2.6
516 1500 3550 2.3
517 0 0 3.1
517 500 1550 1.4
517 1000 2250 2.6
517 1500 3550 2.3
518 0 0 3.1
518 500 1550 1.4
518 1000 2250 2.6
518 1500 3550 2.3
519 0 0 3.1
519 500 1550 1.4
519 1000 2250 2.6
519 1500 3550 2.3
520 0 0 3.1
520 500 1550 1.4
520 1000 2250 2.6
520 1500 3550 2.3
521 0 0 3.1
521 500 1550 1.4
521 1000 2250 2.6
521 1500 3550 2.3
522 0 0 3.1
522 500 1550 1.4
522 1000 2250 2.6
522 1500 3550 2.3
523 0 0 3.1
523 500 1550 1.4
523 1000 2250 2.6
523 1500 3550 2.3
524 0 0 3.1
524 500 1550 1.4
524 1000 2250 2.6
524 1500 3550 2.3
525 0 0 3.1
525 500 1550 1.4
525 1000 2250 2.6
525 1500 3550 2.3
526 0 0 3.1
526 500 1550 1.4
526 1000 2250 2.6
526 1500 3550 2.3
527 0 0 3.1
527 500 1550 1.4
527 1000 2250 2.6
527 1500 3550 2.3
528 0 0 3.1
528 500 1550 1.4
528 1000 2250 2.6
528 1500 3550 2.3
529 0 0 3.1
529 500 1550 1.4
529 1000 2250 2.6
529 1500 3550 2.3
530 0 0 3.1
530 500 1550 1.4
530 1000 2250 2.6
530 1500 3550 2.3
531 0 0 3.1
531 500 1550 1.4
531 1000 2250 2.6
531 1500 3550 2.3
532 0 0 3.1
532 500 1550 1.4
532 1000 2250 2.6
532 1500 3550 2.3
533 0 0 3.1
533 500 1550 1.4
533 1000 2250 2.6
533 1500 3550 2.3
534 0 0 3.1
534 500 1550 1.4
534 1000 2250 2.6
534 1500 3550 2.3
535 0 0 3.1
535 500 1550 1.4
535 1000 2250 2.6
535 1500 3550 2.3
536 0 0 3.1
536 500 1550 1.4
536 1000 2250 2.6
536 1500 3550 2.3
537 0 0 3.1
537 500 1550 1.4
537 1000 2250 2.6
537 1500 3550 2.3
538 0 0 3.1
538 500 1550 1.4
538 1000 2250 2.6
538 1500 3550 2.3
539 0 0 3.1
539 500 1550 1.4
539 1000 2250 2.6
539 1500 3550 2.3
540 0 0 3.1
540 500 1550 1.4
540 1000 2250 2.6
540 1500 3550 2.3
541 0 0 3.1
541 500 1550 1.4
541 1000 2250 2.6
541 1500 3550 2.3
542 0 0 3.1
542 500 1550 1.4
542 1000 2250 2.6
542 1500 3550 2.3
543 0 0 3.1
543 500 1550 1.4
543 1000 2250 2.6
543 1500 3550 2.3
544 0 0 3.1
544 500 1550 1.4
544 1000 2250 2.6
544 1500 3550 2.3
545 0 0 3.1
545 500 1550 1.4
545 1000 2250 2.6
545 1500 3550 2.3
546 0 0 3.1
546 500 1550 1.4
546 1000 2250 2.6
546 1500 3550 2.3
547 0 0 3.1
547 500 1550 1.4
547 1000 2250 2.6
547 1500 3550 2.3
548 0 0 3.1
548 500 1550 1.4
548 1000 2250 2.6
548 1500 3550 2.3
549 0 0 3.1
549 500 1550 1.4
549 1000 2250 2.6
549 1500 3550 2.3
550 0 0 3.1
550 500 1550 1.4
550 1000 2250 2.6
550 1500 3550 2.3
551 0 0 3.1
551 500 1550 1.4
551 1000 2250 2.6
551 1500 3550 2.3
552 0 0 3.1
552 500 1550 1.4
552 1000 2250 2.6
552 1500 3550 2.3
553 0 0 3.1
553 500 1550 1.4
553 1000 2250 2.6
553 1500 3550 2.3
554 0 0 3.1
554 500 1550 1.4
554 1000 2250 2.6
554 1500 3550 2.3
555 0 0 3.1
555 500 1550 1.4
555 1000 2250 2.6
555 1500 3550 2.3
556 0 0 3.1
556 500 1550 1.4
556 1000 2250 2.6
556 1500 3550 2.3
557 0 0 3.1
557 500 1550 1.4
557 1000 2250 2.6
557 1500 3550 2.3
558 0 0 3.1
558 500 1550 1.4
558 1000 2250 2.6
558 1500 3550 2.3
559 0 0 3.1
559 500 1550 1.4
559 1000 2250 2.6
559 1500 3550 2.3
560 0 0 3.1
560 500 1550 1.4
560 1000 2250 2.6
560 1500 3550 2.3
561 0 0 3.1
561 500 1550 1.4
561 1000 2250 2.6
561 1500 3550 2.3
562 0 0 3.1
562 500 1550 1.4
562 1000 2250 2.6
562 1500 3550 2.3
563 0 0 3.1
563 500 1550 1.4
563 1000 2250 2.6
563 1500 3550 2.3
564 0 0 3.1
564 500 1550 1.4
564 1000 2250 2.6
564 1500 3550 2.3
565 0 0 3.1
565 500 1550 1.4
565 1000 2250 2.6
565 1500 3550 2.3
566 0 0 3.1
566 500 1550 1.4
566 1000 2250 2.6
566 1500 3550 2.3
567 0 0 3.1
567 500 1550 1.4
567 1000 2250 2.6
567 1500 3550 2.3
568 0 0 3.1
568 500 1550 1.4
568 1000 2250 2.6
568 1500 3550 2.3
569 0 0 3.1
569 500 1550 1.4
569 1000 2250 2.6
569 1500 3550 2.3
570 0 0 3.1
570 500 1550 1.4
570 1000 2250 2.6
570 1500 3550 2.3
571 0 0 3.1
571 500 1550 1.4
571 1000 2250 2.6
571 1500 3550 2.3
572 0 0 3.1
572 500 1550 1.4
572 1000 2250 2.6
572 1500 3550 2.3
573 0 0 3.1
573 500 1550 1.4
573 1000 2250 2.6
573 1500 3550 2.3
574 0 0 3.1
574 500 1550 1.4
574 1000 2250 2.6
574 1500 3550 2.3
575 0 0 3.1
575 500 1550 1.4
575 1000 2250 2.6
575 1500 3550 2.3
576 0 0 3.1
576 500 1550 1.4
576 1000 2250 2.6
576 1500 3550 2.3
577 0 0 3.1
577 500 1550 1.4
577 1000 2250 2.6
577 1500 3550 2.3
578 0 0 3.1
578 500 1550 1.4
578 1000 2250 2.6
578 1500 3550 2.3
579 0 0 3.1
579 500 1550 1.4
579 1000 2250 2.6
579 1500 3550 2.3
580 0 0 3.1
580 500 1550 1.4
580 1000 2250 2.6
580 1500 3550 2.3
581 0 0 3.1
581 500 1550 1.4
581 1000 2250 2.6
581 1500 3550 2.3
582 0 0 3.1
582 500 1550 1.4
582 1000 2250 2.6
582 1500 3550 2.3
583 0 0 3.1
583 500 1550 1.4
583 1000 2250 2.6
583 1500 3550 2.3
584 0 0 3.1
584 500 1550 1.4
584 1000 2250 2.6
584 1500 3550 2.3
585 0 0 3.1
585 500 1550 1.4
585 1000 2250 2.6
585 1500 3550 2.3
586 0 0 3.1
586 500 1550 1.4
586 1000 2250 2.6
586 1500 3550 2.3
587 0 0 3.1
587 500 1550 1.4
587 1000 2250 2.6
587 1500 3550 2.3
588 0 0 3.1
588 500 1550 1.4
588 1000 2250 2.6
588 1500 3550 2.3
589 0 0 3.1
589 500 1550 1.4
589 1000 2250 2.6
589 1500 3550 2.3
590 0 0 3.1
590 500 1550 1.4
590 1000 2250 2.6
590 1500 3550 2.3
591 0 0 3.1
591 500 1550 1.4
591 1000 2250 2.6
591 1500 3550 2.3
592 0 0 3.1
592 500 1550 1.4
592 1000 2250 2.6
592 1500 3550 2.3
593 0 0 3.1
593 500 1550 1.4
593 1000 2250 2.6
593 1500 3550 2.3
594 0 0 3.1
594 500 1550 1.4
594 1000 2250 2.6
594 1500 3550 2.3
595 0 0 3.1
595 500 1550 1.4
595 1000 2250 2.6
595 1500 3550 2.3
596 0 0 3.1
596 500 1550 1.4
596 1000 2250 2.6
596 1500 3550 2.3
597 0 0 3.1
597 500 1550 1.4
597 1000 2250 2.6
597 1500 3550 2.3
598 0 0 3.1
598 500 1550 1.4
598 1000 2250 2.6
598 1500 3550 2.3
599 0 0 3.1
599 500 1550 1.4
599 1000 2250 2.6
599 1500 3550 2.3
600 0 0 3.1
600 500 1550 1.4
600 1000 2250 2.6
600 1500 3550 2.3
601 0 0 3.1
601 500 1550 1.4
601 1000 2250 2.6
601 1500 3550 2.3
602 0 0 3.1
602 500 1550 1.4
602 1000 2250 2.6
602 1500 3550 2.3
603 0 0 3.1
603 500 1550 1.4
603 1000 2250 2.6
603 1500 3550 2.3
604 0 0 3.1
604 500 1550 1.4
604 1000 2250 2.6
604 1500 3550 2.3
605 0 0 3.1
605 500 1550 1.4
605 1000 2250 2.6
605 1500 3550 2.3
606 0 0 3.1
606 500 1550 1.4
606 1000 2250 2.6
606 1500 3550 2.3
607 0 0 3.1
607 500 1550 1.4
607 1000 2250 2.6
607 1500 3550 2.3
608 0 0 3.1
608 500 1550 1.4
608 1000 2250 2.6
608 1500 3550 2.3
609 0 0 3.1
609 500 1550 1.4
609 1000 2250 2.6
609 1500 3550 2.3
610 0 0 3.1
610 500 1550 1.4
610 1000 2250 2.6
610 1500 3550 2.3
611 0 0 3.1
611 500 1550 1.4
611 1000 2250 2.6
611 1500 3550 2.3
612 0 0 3.1
612 500 1550 1.4
612 1000 2250 2.6
612 1500 3550 2.3
613 0 0 3.1
613 500 1550 1.4
613 1000 2250 2.6
613 1500 3550 2.3
614 0 0 3.1
614 500 1550 1.4
614 1000 2250 2.6
614 1500 3550 2.3
615 0 0 3.1
615 500 1550 1.4
615 1000 2250 2.6
615 1500 3550 2.3
616 0 0 3.1
616 500 1550 1.4
616 1000 2250 2.6
616 1500 3550 2.3
617 0 0 3.1
617 500 1550 1.4
617 1000 2250 2.6
617 1500 3550 2.3
618 0 0 3.1
618 500 1550 1.4
618 1000 2250 2.6
618 1500 3550 2.3
619 0 0 3.1
619 500 1550 1.4
619 1000 2250 2.6
619 1500 3550 2.3
620 0 0 3.1
620 500 1550 1.4
620 1000 2250 2.6
620 1500 3550 2.3
621 0 0 3.1
621 500 1550 1.4
621 1000 2250 2.6
621 1500 3550 2.3
622 0 0 3.1
622 500 1550 1.4
622 1000 2250 2.6
622 1500 3550 2.3
623 0 0 3.1
623 500 1550 1.4
623 1000 2250 2.6
623 1500 3550 2.3
624 0 0 3.1
624 500 1550 1.4
624 1000 2250 2.6
624 1500 3550 2.3
625 0 0 3.1
625 500 1550 1.4
625 1000 2250 2.6
625 1500 3550 2.3
626 0 0 3.1
626 500 1550 1.4
626 1000 2250 2.6
626 1500 3550 2.3
627 0 0 3.1
627 500 1550 1.4
627 1000 2250 2.6
627 1500 3550 2.3
628 0 0 3.1
628 500 1550 1.4
628 1000 2250 2.6
628 1500 3550 2.3
629 0 0 3.1
629 500 1550 1.4
629 1000 2250 2.6
629 1500 3550 2.3
630 0 0 3.1
630 500 1550 1.4
630 1000 2250 2.6
630 1500 3550 2.3
631 0 0 3.1
631 500 1550 1.4
631 1000 2250 2.6
631 1500 3550 2.3
632 0 0 3.1
632 500 1550 1.4
632 1000 2250 2.6
632 1500 3550 2.3
633 0 0 3.1
633 500 1550 1.4
633 1000 2250 2.6
633 1500 3550 2.3
634 0 0 3.1
634 500 1550 1.4
634 1000 2250 2.6
634 1500 3550 2.3
635 0 0 3.1
635 500 1550 1.4
635 1000 2250 2.6
635 1500 3550 2.3
636 0 0 3.1
636 500 1550 1.4
636 1000 2250 2.6
636 1500 3550 2.3
637 0 0 3.1
637 500 1550 1.4
637 1000 2250 2.6
637 1500 3550 2.3
638 0 0 3.1
638 500 1550 1.4
638 1000 2250 2.6
638 1500 3550 2.3
639 0 0 3.1
639 500 1550 1.4
639 1000 2250 2.6
639 1500 3550 2.3
640 0 0 3.1
640 500 1550 1.4
640 1000 2250 2.6
640 1500 3550 2.3
641 0 0 3.1
641 500 1550 1.4
641 1000 2250 2.6
641 1500 3550 2.3
642 0 0 3.1
642 500 1550 1.4
642 1000 2250 2.6
642 1500 3550 2.3
643 0 0 3.1
643 500 1550 1.4
643 1000 2250 2.6
643 1500 3550 2.3
644 0 0 3.1
644 500 1550 1.4
644 1000 2250 2.6
644 1500 3550 2.3
645 0 0 3.1
645 500 1550 1.4
645 1000 2250 2.6
645 1500 3550 2.3
646 0 0 3.1
646 500 1550 1.4
646 1000 2250 2.6
646 1500 3550 2.3
647 0 0 3.1
647 500 1550 1.4
647 1000 2250 2.6
647 1500 3550 2.3
648 0 0 3.1
648 500 1550 1.4
648 1000 2250 2.6
648 1500 3550 2.3
649 0 0 3.1
649 500 1550 1.4
649 1000 2250 2.6
649 1500 3550 2.3
650 0 0 3.1
650 500 1550 1.4
650 1000 2250 2.6
650 1500 3550 2.3
651 0 0 3.1
651 500 1550 1.4
651 1000 2250 2.6
651 1500 3550 2.3
652 0 0 3.1
652 500 1550 1.4
652 1000 2250 2.6
652 1500 3550 2.3
653 0 0 3.1
653 500 1550 1.4
653 1000 2250 2.6
653 1500 3550 2.3
654 0 0 3.1
654 500 1550 1.4
654 1000 2250 2.6
654 1500 3550 2.3
655 0 0 3.1
655 500 1550 1.4
655 1000 2250 2.6
655 1500 3550 2.3
656 0 0 3.1
656 500 1550 1.4
656 1000 2250 2.6
656 1500 3550 2.3
657 0 0 3.1
657 500 1550 1.4
657 1000 2250 2.6
657 1500 3550 2.3
658 0 0 3.1
658 500 1550 1.4
658 1000 2250 2.6
658 1500 3550 2.3
659 0 0 3.1
659 500 1550 1.4
659 1000 2250 2.6
659 1500 3550 2.3
660 0 0 3.1
660 500 1550 1.4
660 1000 2250 2.6
660 1500 3550 2.3
661 0 0 3.1
661 500 1550 1.4
661 1000 2250 2.6
661 1500 3550 2.3
662 0 0 3.1
662 500 1550 1.4
662 1000 2250 2.6
662 1500 3550 2.3
663 0 0 3.1
663 500 1550 1.4
663 1000 2250 2.6
663 1500 3550 2.3
664 0 0 3.1
664 500 1550 1.4
664 1000 2250 2.6
664 1500 3550 2.3
665 0 0 3.1
665 500 1550 1.4
665 1000 2250 2.6
665 1500 3550 2.3
666 0 0 3.1
666 500 1550 1.4
666 1000 2250 2.6
666 1500 3550 2.3
667 0 0 3.1
667 500 1550 1.4
667 1000 2250 2.6
667 1500 3550 2.3
668 0 0 3.1
668 500 1550 1.4
668 1000 2250 2.6
668 1500 3550 2.3
669 0 0 3.1
669 500 1550 1.4
669 1000 2250 2.6
669 1500 3550 2.3
670 0 0 3.1
670 500 1550 1.4
670 1000 2250 2.6
670 1500 3550 2.3
671 0 0 3.1
671 500 1550 1.4
671 1000 2250 2.6
671 1500 3550 2.3
672 0 0 3.1
672 500 1550 1.4
672 1000 2250 2.6
672 1500 3550 2.3
673 0 0 3.1
673 500 1550 1.4
673 1000 2250 2.6
673 1500 3550 2.3
674 0 0 3.1
674 500 1550 1.4
674 1000 2250 2.6
674 1500 3550 2.3
675 0 0 3.1
675 500 1550 1.4
675 1000 2250 2.6
675 1500 3550 2.3
676 0 0 3.1
676 500 1550 1.4
676 1000 2250 2.6
676 1500 3550 2.3
677 0 0 3.1
677 500 1550 1.4
677 1000 2250 2.6
677 1500 3550 2.3
678 0 0 3.1
678 500 1550 1.4
678 1000 2250 2.6
678 1500 3550 2.3
679 0 0 3.1
679 500 1550 1.4
679 1000 2250 2.6
679 1500 3550 2.3
680 0 0 3.1
680 500 1550 1.4
680 1000 2250 2.6
680 1500 3550 2.3
681 0 0 3.1
681 500 1550 1.4
681 1000 2250 2.6
681 1500 3550 2.3
682 0 0 3.1
682 500 1550 1.4
682 1000 2250 2.6
682 1500 3550 2.3
683 0 0 3.1
683 500 1550 1.4
683 1000 2250 2.6
683 1500 3550 2.3
684 0 0 3.1
684 500 1550 1.4
684 1000 2250 2.6
684 1500 3550 2.3
685 0 0 3.1
685 500 1550 1.4
685 1000 2250 2.6
685 1500 3550 2.3
686 0 0 3.1
686 500 1550 1.4
686 1000 2250 2.6
686 1500 3550 2.3
687 0 0 3.1
687 500 1550 1.4
687 1000 2250 2.6
687 1500 3550 2.3
688 0 0 3.1
688 500 1550 1.4
688 1000 2250 2.6
688 1500 3550 2.3
689 0 0 3.1
689 500 1550 1.4
689 1000 2250 2.6
689 1500 3550 2.3
690 0 0 3.1
690 500 1550 1.4
690 1000 2250 2.6
690 1500 3550 2.3
691 0 0 3.1
691 500 1550 1.4
691 1000 2250 2.6
691 1500 3550 2.3
692 0 0 3.1
692 500 1550 1.4
692 1000 2250 2.6
692 1500 3550 2.3
693 0 0 3.1
693 500 1550 1.4
693 1000 2250 2.6
693 1500 3550 2.3
694 0 0 3.1
694 500 1550 1.4
694 1000 2250 2.6
694 1500 3550 2.3
695 0 0 3.1
695 500 1550 1.4
695 1000 2250 2.6
695 1500 3550 2.3
696 0 0 3.1
696 500 1550 1.4
696 1000 2250 2.6
696 1500 3550 2.3
697 0 0 3.1
697 500 1550 1.4
697 1000 2250 2.6
697 1500 3550 2.3
698 0 0 3.1
698 500 1550 1.4
698 1000 2250 2.6
698 1500 3550 2.3
699 0 0 3.1
699 500 1550 1.4
699 1000 2250 2.6
699 1500 3550 2.3
700 0 0 3.1
700 500 1550 1.4
700 1000 2250 2.6
700 1500 3550 2.3
701 0 0 3.1
701 500 1550 1.4
701 1000 2250 2.6
701 1500 3550 2.3
702 0 0 3.1
702 500 1550 1.4
702 1000 2250 2.6
702 1500 3550 2.3
703 0 0 3.1
703 500 1550 1.4
703 1000 2250 2.6
703 1500 3550 2.3
704 0 0 3.1
704 500 1550 1.4
704 1000 2250 2.6
704 1500 3550 2.3
705 0 0 3.1
705 500 1550 1.4
705 1000 2250 2.6
705 1500 3550 2.3
706 0 0 3.1
706 500 1550 1.4
706 1000 2250 2.6
706 1500 3550 2.3
707 0 0 3.1
707 500 1550 1.4
707 1000 2250 2.6
707 1500 3550 2.3
708 0 0 3.1
708 500 1550 1.4
708 1000 2250 2.6
708 1500 3550 2.3
709 0 0 3.1
709 500 1550 1.4
709 1000 2250 2.6
709 1500 3550 2.3
710 0 0 3.1
710 500 1550 1.4
710 1000 2250 2.6
710 1500 3550 2.3
711 0 0 3.1
711 500 1550 1.4
711 1000 2250 2.6
711 1500 3550 2.3
712 0 0 3.1
712 500 1550 1.4
712 1000 2250 2.6
712 1500 3550 2.3
713 0 0 3.1
713 500 1550 1.4
713 1000 2250 2.6
713 1500 3550 2.3
714 0 0 3.1
714 500 1550 1.4
714 1000 2250 2.6
714 1500 3550 2.3
715 0 0 3.1
715 500 1550 1.4
715 1000 2250 2.6
715 1500 3550 2.3
716 0 0 3.1
716 500 1550 1.4
716 1000 2250 2.6
716 1500 3550 2.3
717 0 0 3.1
717 500 1550 1.4
717 1000 2250 2.6
717 1500 3550 2.3
718 0 0 3.1
718 500 1550 1.4
718 1000 2250 2.6
718 1500 3550 2.3
719 0 0 3.1
719 500 1550 1.4
719 1000 2250 2.6
719 1500 3550 2.3
720 0 0 3.1
720 500 1550 1.4
720 1000 2250 2.6
720 1500 3550 2.3
721 0 0 3.1
721 500 1550 1.4
721 1000 2250 2.6
721 1500 3550 2.3
722 0 0 3.1
722 500 1550 1.4
722 1000 2250 2.6
722 1500 3550 2.3
723 0 0 3.1
723 500 1550 1.4
723 1000 2250 2.6
723 1500 3550 2.3
724 0 0 3.1
724 500 1550 1.4
724 1000 2250 2.6
724 1500 3550 2.3
725 0 0 3.1
725 500 1550 1.4
725 1000 2250 2.6
725 1500 3550 2.3
726 0 0 3.1
726 500 1550 1.4
726 1000 2250 2.6
726 1500 3550 2.3
727 0 0 3.1
727 500 1550 1.4
727 1000 2250 2.6
727 1500 3550 2.3
728 0 0 3.1
728 500 1550 1.4
728 1000 2250 2.6
728 1500 3550 2.3
729 0 0 3.1
729 500 1550 1.4
729 1000 2250 2.6
729 1500 3550 2.3
730 0 0 3.1
730 500 1550 1.4
730 1000 2250 2.6
730 1500 3550 2.3
731 0 0 3.1
731 500 1550 1.4
731 1000 2250 2.6
731 1500 3550 2.3
732 0 0 3.1
732 500 1550 1.4
732 1000 2250 2.6
732 1500 3550 2.3
733 0 0 3.1
733 500 1550 1.4
733 1000 2250 2.6
733 1500 3550 2.3
734 0 0 3.1
734 500 1550 1.4
734 1000 2250 2.6
734 1500 3550 2.3
735 0 0 3.1
735 500 1550 1.4
735 1000 2250 2.6
735 1500 3550 2.3
736 0 0 3.1
736 500 1550 1.4
736 1000 2250 2.6
736 1500 3550 2.3
737 0 0 3.1
737 500 1550 1.4
737 1000 2250 2.6
737 1500 3550 2.3
738 0 0 3.1
738 500 1550 1.4
738 1000 2250 2.6
738 1500 3550 2.3
739 0 0 3.1
739 500 1550 1.4
739 1000 2250 2.6
739 1500 3550 2.3
740 0 0 3.1
740 500 1550 1.4
740 1000 2250 2.6
740 1500 3550 2.3
741 0 0 3.1
741 500 1550 1.4
741 1000 2250 2.6
741 1500 3550 2.3
742 0 0 3.1
742 500 1550 1.4
742 1000 2250 2.6
742 1500 3550 2.3
743 0 0 3.1
743 500 1550 1.4
743 1000 2250 2.6
743 1500 3550 2.3
744 0 0 3.1
744 500 1550 1.4
744 1000 2250 2.6
744 1500 3550 2.3
745 0 0 3.1
745 500 1550 1.4
745 1000 2250 2.6
745 1500 3550 2.3
746 0 0 3.1
746 500 1550 1.4
746 1000 2250 2.6
746 1500 3550 2.3
747 0 0 3.1
747 500 1550 1.4
747 1000 2250 2.6
747 1500 3550 2.3
748 0 0 3.1
748 500 1550 1.4
748 1000 2250 2.6
748 1500 3550 2.3
749 0 0 3.1
749 500 1550 1.4
749 1000 2250 2.6
749 1500 3550 2.3
750 0 0 3.1
750 500 1550 1.4
750 1000 2250 2.6
750 1500 3550 2.3
751 0 0 3.1
751 500 1550 1.4
751 1000 2250 2.6
751 1500 3550 2.3
752 0 0 3.1
752 500 1550 1.4
752 1000 2250 2.6
752 1500 3550 2.3
753 0 0 3.1
753 500 1550 1.4
753 1000 2250 2.6
753 1500 3550 2.3
754 0 0 3.1
754 500 1550 1.4
754 1000 2250 2.6
754 1500 3550 2.3
755 0 0 3.1
755 500 1550 1.4
755 1000 2250 2.6
755 1500 3550 2.3
756 0 0 3.1
756 500 1550 1.4
756 1000 2250 2.6
756 1500 3550 2.3
757 0 0 3.1
757 500 1550 1.4
757 1000 2250 2.6
757 1500 3550 2.3
758 0 0 3.1
758 500 1550 1.4
758 1000 2250 2.6
758 1500 3550 2.3
759 0 0 3.1
759 500 1550 1.4
759 1000 2250 2.6
759 1500 3550 2.3
760 0 0 3.1
760 500 1550 1.4
760 1000 2250 2.6
760 1500 3550 2.3
761 0 0 3.1
761 500 1550 1.4
761 1000 2250 2.6
761 1500 3550 2.3
762 0 0 3.1
762 500 1550 1.4
762 1000 2250 2.6
762 1500 3550 2.3
763 0 0 3.1
763 500 1550 1.4
763 1000 2250 2.6
763 1500 3550 2.3
764 0 0 3.1
764 500 1550 1.4
764 1000 2250 2.6
764 1500 3550 2.3
765 0 0 3.1
765 500 1550 1.4
765 1000 2250 2.6
765 1500 3550 2.3
766 0 0 3.1
766 500 1550 1.4
766 1000 2250 2.6
766 1500 3550 2.3
767 0 0 3.1
767 500 1550 1.4
767 1000 2250 2.6
767 1500 3550 2.3
768 0 0 3.1
768 500 1550 1.4
768 1000 2250 2.6
768 1500 3550 2.3
769 0 0 3.1
769 500 1550 1.4
769 1000 2250 2.6
769 1500 3550 2.3
770 0 0 3.1
770 500 1550 1.4
770 1000 2250 2.6
770 1500 3550 2.3
771 0 0 3.1
771 500 1550 1.4
771 1000 2250 2.6
771 1500 3550 2.3
772 0 0 3.1
772 500 1550 1.4
772 1000 2250 2.6
772 1500 3550 2.3
773 0 0 3.1
773 500 1550 1.4
773 1000 2250 2.6
773 1500 3550 2.3
774 0 0 3.1
774 500 1550 1.4
774 1000 2250 2.6
774 1500 3550 2.3
775 0 0 3.1
775 500 1550 1.4
775 1000 2250 2.6
775 1500 3550 2.3
776 0 0 3.1
776 500 1550 1.4
776 1000 2250 2.6
776 1500 3550 2.3
777 0 0 3.1
777 500 1550 1.4
777 1000 2250 2.6
777 1500 3550 2.3
778 0 0 3.1
778 500 1550 1.4
778 1000 2250 2.6
778 1500 3550 2.3
779 0 0 3.1
779 500 1550 1.4
779 1000 2250 2.6
779 1500 3550 2.3
780 0 0 3.1
780 500 1550 1.4
780 1000 2250 2.6
780 1500 3550 2.3
781 0 0 3.1
781 500 1550 1.4
781 1000 2250 2.6
781 1500 3550 2.3
782 0 0 3.1
782 500 1550 1.4
782 1000 2250 2.6
782 1500 3550 2.3
783 0 0 3.1
783 500 1550 1.4
783 1000 2250 2.6
783 1500 3550 2.3
784 0 0 3.1
784 500 1550 1.4
784 1000 2250 2.6
784 1500 3550 2.3
785 0 0 3.1
785 500 1550 1.4
785 1000 2250 2.6
785 1500 3550 2.3
786 0 0 3.1
786 500 1550 1.4
786 1000 2250 2.6
786 1500 3550 2.3
787 0 0 3.1
787 500 1550 1.4
787 1000 2250 2.6
787 1500 3550 2.3
788 0 0 3.1
788 500 1550 1.4
788 1000 2250 2.6
788 1500 3550 2.3
789 0 0 3.1
789 500 1550 1.4
789 1000 2250 2.6
789 1500 3550 2.3
790 0 0 3.1
790 500 1550 1.4
790 1000 2250 2.6
790 1500 3550 2.3
791 0 0 3.1
791 500 1550 1.4
791 1000 2250 2.6
791 1500 3550 2.3
792 0 0 3.1
792 500 1550 1.4
792 1000 2250 2.6
792 1500 3550 2.3
793 0 0 3.1
793 500 1550 1.4
793 1000 2250 2.6
793 1500 3550 2.3
794 0 0 3.1
794 500 1550 1.4
794 1000 2250 2.6
794 1500 3550 2.3
795 0 0 3.1
795 500 1550 1.4
795 1000 2250 2.6
795 1500 3550 2.3
796 0 0 3.1
796 500 1550 1.4
796 1000 2250 2.6
796 1500 3550 2.3
797 0 0 3.1
797 500 1550 1.4
797 1000 2250 2.6
797 1500 3550 2.3
798 0 0 3.1
798 500 1550 1.4
798 1000 2250 2.6
798 1500 3550 2.3
799 0 0 3.1
799 500 1550 1.4
799 1000 2250 2.6
799 1500 3550 2.3
800 0 0 3.1
800 500 1550 1.4
800 1000 2250 2.6
800 1500 3550 2.3
801 0 0 3.1
801 500 1550 1.4
801 1000 2250 2.6
801 1500 3550 2.3
802 0 0 3.1
802 500 1550 1.4
802 1000 2250 2.6
802 1500 3550 2.3
803 0 0 3.1
803 500 1550 1.4
803 1000 2250 2.6
803 1500 3550 2.3
804 0 0 3.1
804 500 1550 1.4
804 1000 2250 2.6
804 1500 3550 2.3
805 0 0 3.1
805 500 1550 1.4
805 1000 2250 2.6
805 1500 3550 2.3
806 0 0 3.1
806 500 1550 1.4
806 1000 2250 2.6
806 1500 3550 2.3
807 0 0 3.1
807 500 1550 1.4
807 1000 2250 2.6
807 1500 3550 2.3
808 0 0 3.1
808 500 1550 1.4
808 1000 2250 2.6
808 1500 3550 2.3
809 0 0 3.1
809 500 1550 1.4
809 1000 2250 2.6
809 1500 3550 2.3
810 0 0 3.1
810 500 1550 1.4
810 1000 2250 2.6
810 1500 3550 2.3
811 0 0 3.1
811 500 1550 1.4
811 1000 2250 2.6
811 1500 3550 2.3
812 0 0 3.1
812 500 1550 1.4
812 1000 2250 2.6
812 1500 3550 2.3
813 0 0 3.1
813 500 1550 1.4
813 1000 2250 2.6
813 1500 3550 2.3
814 0 0 3.1
814 500 1550 1.4
814 1000 2250 2.6
814 1500 3550 2.3
815 0 0 3.1
815 500 1550 1.4
815 1000 2250 2.6
815 1500 3550 2.3
816 0 0 3.1
816 500 1550 1.4
816 1000 2250 2.6
816 1500 3550 2.3
817 0 0 3.1
817 500 1550 1.4
817 1000 2250 2.6
817 1500 3550 2.3
818 0 0 3.1
818 500 1550 1.4
818 1000 2250 2.6
818 1500 3550 2.3
819 0 0 3.1
819 500 1550 1.4
819 1000 2250 2.6
819 1500 3550 2.3
820 0 0 3.1
820 500 1550 1.4
820 1000 2250 2.6
820 1500 3550 2.3
821 0 0 3.1
821 500 1550 1.4
821 1000 2250 2.6
821 1500 3550 2.3
822 0 0 3.1
822 500 1550 1.4
822 1000 2250 2.6
822 1500 3550 2.3
823 0 0 3.1
823 500 1550 1.4
823 1000 2250 2.6
823 1500 3550 2.3
824 0 0 3.1
824 500 1550 1.4
824 1000 2250 2.6
824 1500 3550 2.3
825 0 0 3.1
825 500 1550 1.4
825 1000 2250 2.6
825 1500 3550 2.3
826 0 0 3.1
826 500 1550 1.4
826 1000 2250 2.6
826 1500 3550 2.3
827 0 0 3.1
827 500 1550 1.4
827 1000 2250 2.6
827 1500 3550 2.3
828 0 0 3.1
828 500 1550 1.4
828 1000 2250 2.6
828 1500 3550 2.3
829 0 0 3.1
829 500 1550 1.4
829 1000 2250 2.6
829 1500 3550 2.3
830 0 0 3.1
830 500 1550 1.4
830 1000 2250 2.6
830 1500 3550 2.3
831 0 0 3.1
831 500 1550 1.4
831 1000 2250 2.6
831 1500 3550 2.3
832 0 0 3.1
832 500 1550 1.4
832 1000 2250 2.6
832 1500 3550 2.3
833 0 0 3.1
833 500 1550 1.4
833 1000 2250 2.6
833 1500 3550 2.3
834 0 0 3.1
834 500 1550 1.4
834 1000 2250 2.6
834 1500 3550 2.3
835 0 0 3.1
835 500 1550 1.4
835 1000 2250 2.6
835 1500 3550 2.3
836 0 0 3.1
836 500 1550 1.4
836 1000 2250 2.6
836 1500 3550 2.3
837 0 0 3.1
837 500 1550 1.4
837 1000 2250 2.6
837 1500 3550 2.3
838 0 0 3.1
838 500 1550 1.4
838 1000 2250 2.6
838 1500 3550 2.3
839 0 0 3.1
839 500 1550 1.4
839 1000 2250 2.6
839 1500 3550 2.3
840 0 0 3.1
840 500 1550 1.4
840 1000 2250 2.6
840 1500 3550 2.3
841 0 0 3.1
841 500 1550 1.4
841 1000 2250 2.6
841 1500 3550 2.3
842 0 0 3.1
842 500 1550 1.4
842 1000 2250 2.6
842 1500 3550 2.3
843 0 0 3.1
843 500 1550 1.4
843 1000 2250 2.6
843 1500 3550 2.3
844 0 0 3.1
844 500 1550 1.4
844 1000 2250 2.6
844 1500 3550 2.3
845 0 0 3.1
845 500 1550 1.4
845 1000 2250 2.6
845 1500 3550 2.3
846 0 0 3.1
846 500 1550 1.4
846 1000 2250 2.6
846 1500 3550 2.3
847 0 0 3.1
847 500 1550 1.4
847 1000 2250 2.6
847 1500 3550 2.3
848 0 0 3.1
848 500 1550 1.4
848 1000 2250 2.6
848 1500 3550 2.3
849 0 0 3.1
849 500 1550 1.4
849 1000 2250 2.6
849 1500 3550 2.3
850 0 0 3.1
850 500 1550 1.4
850 1000 2250 2.6
850 1500 3550 2.3
851 0 0 3.1
851 500 1550 1.4
851 1000 2250 2.6
851 1500 3550 2.3
852 0 0 3.1
852 500 1550 1.4
852 1000 2250 2.6
852 1500 3550 2.3
853 0 0 3.1
853 500 1550 1.4
853 1000 2250 2.6
853 1500 3550 2.3
854 0 0 3.1
854 500 1550 1.4
854 1000 2250 2.6
854 1500 3550 2.3
855 0 0 3.1
855 500 1550 1.4
855 1000 2250 2.6
855 1500 3550 2.3
856 0 0 3.1
856 500 1550 1.4
856 1000 2250 2.6
856 1500 3550 2.3
857 0 0 3.1
857 500 1550 1.4
857 1000 2250 2.6
857 1500 3550 2.3
858 0 0 3.1
858 500 1550 1.4
858 1000 2250 2.6
858 1500 3550 2.3
859 0 0 3.1
859 500 1550 1.4
859 1000 2250 2.6
859 1500 3550 2.3
860 0 0 3.1
860 500 1550 1.4
860 1000 2250 2.6
860 1500 3550 2.3
861 0 0 3.1
861 500 1550 1.4
861 1000 2250 2.6
861 1500 3550 2.3
862 0 0 3.1
862 500 1550 1.4
862 1000 2250 2.6
862 1500 3550 2.3
863 0 0 3.1
863 500 1550 1.4
863 1000 2250 2.6
863 1500 3550 2.3
864 0 0 3.1
864 500 1550 1.4
864 1000 2250 2.6
864 1500 3550 2.3
865 0 0 3.1
865 500 1550 1.4
865 1000 2250 2.6
865 1500 3550 2.3
866 0 0 3.1
866 500 1550 1.4
866 1000 2250 2.6
866 1500 3550 2.3
867 0 0 3.1
867 500 1550 1.4
867 1000 2250 2.6
867 1500 3550 2.3
868 0 0 3.1
868 500 1550 1.4
868 1000 2250 2.6
868 1500 3550 2.3
869 0 0 3.1
869 500 1550 1.4
869 1000 2250 2.6
869 1500 3550 2.3
870 0 0 3.1
870 500 1550 1.4
870 1000 2250 2.6
870 1500 3550 2.3
871 0 0 3.1
871 500 1550 1.4
871 1000 2250 2.6
871 1500 3550 2.3
872 0 0 3.1
872 500 1550 1.4
872 1000 2250 2.6
872 1500 3550 2.3
873 0 0 3.1
873 500 1550 1.4
873 1000 2250 2.6
873 1500 3550 2.3
874 0 0 3.1
874 500 1550 1.4
874 1000 2250 2.6
874 1500 3550 2.3
875 0 0 3.1
875 500 1550 1.4
875 1000 2250 2.6
875 1500 3550 2.3
876 0 0 3.1
876 500 1550 1.4
876 1000 2250 2.6
876 1500 3550 2.3
877 0 0 3.1
877 500 1550 1.4
877 1000 2250 2.6
877 1500 3550 2.3
878 0 0 3.1
878 500 1550 1.4
878 1000 2250 2.6
878 1500 3550 2.3
879 0 0 3.1
879 500 1550 1.4
879 1000 2250 2.6
879 1500 3550 2.3
880 0 0 3.1
880 500 1550 1.4
880 1000 2250 2.6
880 1500 3550 2.3
881 0 0 3.1
881 500 1550 1.4
881 1000 2250 2.6
881 1500 3550 2.3
882 0 0 3.1
882 500 1550 1.4
882 1000 2250 2.6
882 1500 3550 2.3
883 0 0 3.1
883 500 1550 1.4
883 1000 2250 2.6
883 1500 3550 2.3
884 0 0 3.1
884 500 1550 1.4
884 1000 2250 2.6
884 1500 3550 2.3
885 0 0 3.1
885 500 1550 1.4
885 1000 2250 2.6
885 1500 3550 2.3
886 0 0 3.1
886 500 1550 1.4
886 1000 2250 2.6
886 1500 3550 2.3
887 0 0 3.1
887 500 1550 1.4
887 1000 2250 2.6
887 1500 3550 2.3
888 0 0 3.1
888 500 1550 1.4
888 1000 2250 2.6
888 1500 3550 2.3
889 0 0 3.1
889 500 1550 1.4
889 1000 2250 2.6
889 1500 3550 2.3
890 0 0 3.1
890 500 1550 1.4
890 1000 2250 2.6
890 1500 3550 2.3
891 0 0 3.1
891 500 1550 1.4
891 1000 2250 2.6
891 1500 3550 2.3
892 0 0 3.1
892 500 1550 1.4
892 1000 2250 2.6
892 1500 3550 2.3
893 0 0 3.1
893 500 1550 1.4
893 1000 2250 2.6
893 1500 3550 2.3
894 0 0 3.1
894 500 1550 1.4
894 1000 2250 2.6
894 1500 3550 2.3
895 0 0 3.1
895 500 1550 1.4
895 1000 2250 2.6
895 1500 3550 2.3
896 0 0 3.1
896 500 1550 1.4
896 1000 2250 2.6
896 1500 3550 2.3
897 0 0 3.1
897 500 1550 1.4
897 1000 2250 2.6
897 1500 3550 2.3
898 0 0 3.1
898 500 1550 1.4
898 1000 2250 2.6
898 1500 3550 2.3
899 0 0 3.1
899 500 1550 1.4
899 1000 2250 2.6
899 1500 3550 2.3
900 0 0 3.1
900 500 1550 1.4
900 1000 2250 2.6
900 1500 3550 2.3
901 0 0 3.1
901 500 1550 1.4
901 1000 2250 2.6
901 1500 3550 2.3
902 0 0 3.1
902 500 1550 1.4
902 1000 2250 2.6
902 1500 3550 2.3
903 0 0 3.1
903 500 1550 1.4
903 1000 2250 2.6
903 1500 3550 2.3
904 0 0 3.1
904 500 1550 1.4
904 1000 2250 2.6
904 1500 3550 2.3
905 0 0 3.1
905 500 1550 1.4
905 1000 2250 2.6
905 1500 3550 2.3
906 0 0 3.1
906 500 1550 1.4
906 1000 2250 2.6
906 1500 3550 2.3
907 0 0 3.1
907 500 1550 1.4
907 1000 2250 2.6
907 1500 3550 2.3
908 0 0 3.1
908 500 1550 1.4
908 1000 2250 2.6
908 1500 3550 2.3
909 0 0 3.1
909 500 1550 1.4
909 1000 2250 2.6
909 1500 3550 2.3
910 0 0 3.1
910 500 1550 1.4
910 1000 2250 2.6
910 1500 3550 2.3
911 0 0 3.1
911 500 1550 1.4
911 1000 2250 2.6
911 1500 3550 2.3
912 0 0 3.1
912 500 1550 1.4
912 1000 2250 2.6
912 1500 3550 2.3
913 0 0 3.1
913 500 1550 1.4
913 1000 2250 2.6
913 1500 3550 2.3
914 0 0 3.1
914 500 1550 1.4
914 1000 2250 2.6
914 1500 3550 2.3
915 0 0 3.1
915 500 1550 1.4
915 1000 2250 2.6
915 1500 3550 2.3
916 0 0 3.1
916 500 1550 1.4
916 1000 2250 2.6
916 1500 3550 2.3
917 0 0 3.1
917 500 1550 1.4
917 1000 2250 2.6
917 1500 3550 2.3
918 0 0 3.1
918 500 1550 1.4
918 1000 2250 2.6
918 1500 3550 2.3
919 0 0 3.1
919 500 1550 1.4
919 1000 2250 2.6
919 1500 3550 2.3
920 0 0 3.1
920 500 1550 1.4
920 1000 2250 2.6
920 1500 3550 2.3
921 0 0 3.1
921 500 1550 1.4
921 1000 2250 2.6
921 1500 3550 2.3
922 0 0 3.1
922 500 1550 1.4
922 1000 2250 2.6
922 1500 3550 2.3
923 0 0 3.1
923 500 1550 1.4
923 1000 2250 2.6
923 1500 3550 2.3
924 0 0 3.1
924 500 1550 1.4
924 1000 2250 2.6
924 1500 3550 2.3
925 0 0 3.1
925 500 1550 1.4
925 1000 2250 2.6
925 1500 3550 2.3
926 0 0 3.1
926 500 1550 1.4
926 1000 2250 2.6
926 1500 3550 2.3
927 0 0 3.1
927 500 1550 1.4
927 1000 2250 2.6
927 1500 3550 2.3
928 0 0 3.1
928 500 1550 1.4
928 1000 2250 2.6
928 1500 3550 2.3
929 0 0 3.1
929 500 1550 1.4
929 1000 2250 2.6
929 1500 3550 2.3
930 0 0 3.1
930 500 1550 1.4
930 1000 2250 2.6
930 1500 3550 2.3
931 0 0 3.1
931 500 1550 1.4
931 1000 2250 2.6
931 1500 3550 2.3
932 0 0 3.1
932 500 1550 1.4
932 1000 2250 2.6
932 1500 3550 2.3
933 0 0 3.1
933 500 1550 1.4
933 1000 2250 2.6
933 1500 3550 2.3
934 0 0 3.1
934 500 1550 1.4
934 1000 2250 2.6
934 1500 3550 2.3
935 0 0 3.1
935 500 1550 1.4
935 1000 2250 2.6
935 1500 3550 2.3
936 0 0 3.1
936 500 1550 1.4
936 1000 2250 2.6
936 1500 3550 2.3
937 0 0 3.1
937 500 1550 1.4
937 1000 2250 2.6
937 1500 3550 2.3
938 0 0 3.1
938 500 1550 1.4
938 1000 2250 2.6
938 1500 3550 2.3
939 0 0 3.1
939 500 1550 1.4
939 1000 2250 2.6
939 1500 3550 2.3
940 0 0 3.1
940 500 1550 1.4
940 1000 2250 2.6
940 1500 3550 2.3
941 0 0 3.1
941 500 1550 1.4
941 1000 2250 2.6
941 1500 3550 2.3
942 0 0 3.1
942 500 1550 1.4
942 1000 2250 2.6
942 1500 3550 2.3
943 0 0 3.1
943 500 1550 1.4
943 1000 2250 2.6
943 1500 3550 2.3
944 0 0 3.1
944 500 1550 1.4
944 1000 2250 2.6
944 1500 3550 2.3
945 0 0 3.1
945 500 1550 1.4
945 1000 2250 2.6
945 1500 3550 2.3
946 0 0 3.1
946 500 1550 1.4
946 1000 2250 2.6
946 1500 3550 2.3
947 0 0 3.1
947 500 1550 1.4
947 1000 2250 2.6
947 1500 3550 2.3
948 0 0 3.1
948 500 1550 1.4
948 1000 2250 2.6
948 1500 3550 2.3
949 0 0 3.1
949 500 1550 1.4
949 1000 2250 2.6
949 1500 3550 2.3
950 0 0 3.1
950 500 1550 1.4
950 1000 2250 2.6
950 1500 3550 2.3
951 0 0 3.1
951 500 1550 1.4
951 1000 2250 2.6
951 1500 3550 2.3
952 0 0 3.1
952 500 1550 1.4
952 1000 2250 2.6
952 1500 3550 2.3
953 0 0 3.1
953 500 1550 1.4
953 1000 2250 2.6
953 1500 3550 2.3
954 0 0 3.1
954 500 1550 1.4
954 1000 2250 2.6
954 1500 3550 2.3
955 0 0 3.1
955 500 1550 1.4
955 1000 2250 2.6
955 1500 3550 2.3
956 0 0 3.1
956 500 1550 1.4
956 1000 2250 2.6
956 1500 3550 2.3
957 0 0 3.1
957 500 1550 1.4
957 1000 2250 2.6
957 1500 3550 2.3
958 0 0 3.1
958 500 1550 1.4
958 1000 2250 2.6
958 1500 3550 2.3
959 0 0 3.1
959 500 1550 1.4
959 1000 2250 2.6
959 1500 3550 2.3
960 0 0 3.1
960 500 1550 1.4
960 1000 2250 2.6
960 1500 3550 2.3
961 0 0 3.1
961 500 1550 1.4
961 1000 2250 2.6
961 1500 3550 2.3
962 0 0 3.1
962 500 1550 1.4
962 1000 2250 2.6
962 1500 3550 2.3
963 0 0 3.1
963 500 1550 1.4
963 1000 2250 2.6
963 1500 3550 2.3
964 0 0 3.1
964 500 1550 1.4
964 1000 2250 2.6
964 1500 3550 2.3
965 0 0 3.1
965 500 1550 1.4
965 1000 2250 2.6
965 1500 3550 2.3
966 0 0 3.1
966 500 1550 1.4
966 1000 2250 2.6
966 1500 3550 2.3
967 0 0 3.1
967 500 1550 1.4
967 1000 2250 2.6
967 1500 3550 2.3
968 0 0 3.1
968 500 1550 1.4
968 1000 2250 2.6
968 1500 3550 2.3
969 0 0 3.1
969 500 1550 1.4
969 1000 2250 2.6
969 1500 3550 2.3
970 0 0 3.1
970 500 1550 1.4
970 1000 2250 2.6
970 1500 3550 2.3
971 0 0 3.1
971 500 1550 1.4
971 1000 2250 2.6
971 1500 3550 2.3
972 0 0 3.1
972 500 1550 1.4
972 1000 2250 2.6
972 1500 3550 2.3
973 0 0 3.1
973 500 1550 1.4
973 1000 2250 2.6
973 1500 3550 2.3
974 0 0 3.1
974 500 1550 1.4
974 1000 2250 2.6
974 1500 3550 2.3
975 0 0 3.1
975 500 1550 1.4
975 1000 2250 2.6
975 1500 3550 2.3
976 0 0 3.1
976 500 1550 1.4
976 1000 2250 2.6
976 1500 3550 2.3
977 0 0 3.1
977 500 1550 1.4
977 1000 2250 2.6
977 1500 3550 2.3
978 0 0 3.1
978 500 1550 1.4
978 1000 2250 2.6
978 1500 3550 2.3
979 0 0 3.1
979 500 1550 1.4
979 1000 2250 2.6
979 1500 3550 2.3
980 0 0 3.1
980 500 1550 1.4
980 1000 2250 2.6
980 1500 3550 2.3
981 0 0 3.1
981 500 1550 1.4
981 1000 2250 2.6
981 1500 3550 2.3
982 0 0 3.1
982 500 1550 1.4
982 1000 2250 2.6
982 1500 3550 2.3
983 0 0 3.1
983 500 1550 1.4
983 1000 2250 2.6
983 1500 3550 2.3
984 0 0 3.1
984 500 1550 1.4
984 1000 2250 2.6
984 1500 3550 2.3
985 0 0 3.1
985 500 1550 1.4
985 1000 2250 2.6
985 1500 3550 2.3
986 0 0 3.1
986 500 1550 1.4
986 1000 2250 2.6
986 1500 3550 2.3
987 0 0 3.1
987 500 1550 1.4
987 1000 2250 2.6
987 1500 3550 2.3
988 0 0 3.1
988 500 1550 1.4
988 1000 2250 2.6
988 1500 3550 2.3
989 0 0 3.1
989 500 1550 1.4
989 1000 2250 2.6
989 1500 3550 2.3
990 0 0 3.1
990 500 1550 1.4
990 1000 2250 2.6
990 1500 3550 2.3
991 0 0 3.1
991 500 1550 1.4
991 1000 2250 2.6
991 1500 3550 2.3
992 0 0 3.1
992 500 1550 1.4
992 1000 2250 2.6
992 1500 3550 2.3
993 0 0 3.1
993 500 1550 1.4
993 1000 2250 2.6
993 1500 3550 2.3
994 0 0 3.1
994 500 1550 1.4
994 1000 2250 2.6
994 1500 3550 2.3
995 0 0 3.1
995 500 1550 1.4
995 1000 2250 2.6
995 1500 3550 2.3
996 0 0 3.1
996 500 1550 1.4
996 1000 2250 2.6
996 1500 3550 2.3
997 0 0 3.1
997 500 1550 1.4
997 1000 2250 2.6
997 1500 3550 2.3
998 0 0 3.1
998 500 1550 1.4
998 1000 2250 2.6
998 1500 3550 2.3
999 0 0 3.1
999 500 1550 1.4
999 1000 2250 2.6
999 1500 3550 2.3
