20 4
0 0 0 1
0 500 500 2.1
0 1000 1550 4.8
0 1500 3950 4.2
1 0 0 1
1 500 500 2.1
1 1000 1550 4.8
1 1500 3950 4.2
2 0 0 1
2 500 500 2.1
2 1000 1550 4.8
2 1500 3950 4.2
3 0 0 1
3 500 500 2.1
3 1000 1550 4.8
3 1500 3950 4.2
4 0 0 1
4 500 500 2.1
4 1000 1550 4.8
4 1500 3950 4.2
5 0 0 1
5 500 500 2.1
5 1000 1550 4.8
5 1500 3950 4.2
6 0 0 1
6 500 500 2.1
6 1000 1550 4.8
6 1500 3950 4.2
7 0 0 1
7 500 500 2.1
7 1000 1550 4.8
7 1500 3950 4.2
8 0 0 1
8 500 500 2.1
8 1000 1550 4.8
8 1500 3950 4.2
9 0 0 1
9 500 500 2.1
9 1000 1550 4.8
9 1500 3950 4.2
10 0 0 1
10 500 500 2.1
10 1000 1550 4.8
10 1500 3950 4.2
11 0 0 1
11 500 500 2.1
11 1000 1550 4.8
11 1500 3950 4.2
12 0 0 1
12 500 500 2.1
12 1000 1550 4.8
12 1500 3950 4.2
13 0 0 1
13 500 500 2.1
13 1000 1550 4.8
13 1500 3950 4.2
14 0 0 1
14 500 500 2.1
14 1000 1550 4.8
14 1500 3950 4.2
15 0 0 1
15 500 500 2.1
15 1000 1550 4.8
15 1500 3950 4.2
16 0 0 1
16 500 500 2.1
16 1000 1550 4.8
16 1500 3950 4.2
17 0 0 1
17 500 500 2.1
17 1000 1550 4.8
17 1500 3950 4.2
18 0 0 1
18 500 500 2.1
18 1000 1550 4.8
18 1500 3950 4.2
19 0 0 1
19 500 500 2.1
19 1000 1550 4.8
19 1500 3950 4.2
