100 4
0 0 0 0.7
0 25 17.5 4.3
0 50 125 0.5
0 75 137.5 0.8
1 0 0 0.7
1 25 17.5 4.3
1 50 125 0.5
1 75 137.5 0.8
2 0 0 0.7
2 25 17.5 4.3
2 50 125 0.5
2 75 137.5 0.8
3 0 0 0.7
3 25 17.5 4.3
3 50 125 0.5
3 75 137.5 0.8
4 0 0 0.7
4 25 17.5 4.3
4 50 125 0.5
4 75 137.5 0.8
5 0 0 0.7
5 25 17.5 4.3
5 50 125 0.5
5 75 137.5 0.8
6 0 0 0.7
6 25 17.5 4.3
6 50 125 0.5
6 75 137.5 0.8
7 0 0 0.7
7 25 17.5 4.3
7 50 125 0.5
7 75 137.5 0.8
8 0 0 0.7
8 25 17.5 4.3
8 50 125 0.5
8 75 137.5 0.8
9 0 0 0.7
9 25 17.5 4.3
9 50 125 0.5
9 75 137.5 0.8
10 0 0 0.7
10 25 17.5 4.3
10 50 125 0.5
10 75 137.5 0.8
11 0 0 0.7
11 25 17.5 4.3
11 50 125 0.5
11 75 137.5 0.8
12 0 0 0.7
12 25 17.5 4.3
12 50 125 0.5
12 75 137.5 0.8
13 0 0 0.7
13 25 17.5 4.3
13 50 125 0.5
13 75 137.5 0.8
14 0 0 0.7
14 25 17.5 4.3
14 50 125 0.5
14 75 137.5 0.8
15 0 0 0.7
15 25 17.5 4.3
15 50 125 0.5
15 75 137.5 0.8
16 0 0 0.7
16 25 17.5 4.3
16 50 125 0.5
16 75 137.5 0.8
17 0 0 0.7
17 25 17.5 4.3
17 50 125 0.5
17 75 137.5 0.8
18 0 0 0.7
18 25 17.5 4.3
18 50 125 0.5
18 75 137.5 0.8
19 0 0 0.7
19 25 17.5 4.3
19 50 125 0.5
19 75 137.5 0.8
20 0 0 0.7
20 25 17.5 4.3
20 50 125 0.5
20 75 137.5 0.8
21 0 0 0.7
21 25 17.5 4.3
21 50 125 0.5
21 75 137.5 0.8
22 0 0 0.7
22 25 17.5 4.3
22 50 125 0.5
22 75 137.5 0.8
23 0 0 0.7
23 25 17.5 4.3
23 50 125 0.5
23 75 137.5 0.8
24 0 0 0.7
24 25 17.5 4.3
24 50 125 0.5
24 75 137.5 0.8
25 0 0 0.7
25 25 17.5 4.3
25 50 125 0.5
25 75 137.5 0.8
26 0 0 0.7
26 25 17.5 4.3
26 50 125 0.5
26 75 137.5 0.8
27 0 0 0.7
27 25 17.5 4.3
27 50 125 0.5
27 75 137.5 0.8
28 0 0 0.7
28 25 17.5 4.3
28 50 125 0.5
28 75 137.5 0.8
29 0 0 0.7
29 25 17.5 4.3
29 50 125 0.5
29 75 137.5 0.8
30 0 0 0.7
30 25 17.5 4.3
30 50 125 0.5
30 75 137.5 0.8
31 0 0 0.7
31 25 17.5 4.3
31 50 125 0.5
31 75 137.5 0.8
32 0 0 0.7
32 25 17.5 4.3
32 50 125 0.5
32 75 137.5 0.8
33 0 0 0.7
33 25 17.5 4.3
33 50 125 0.5
33 75 137.5 0.8
34 0 0 0.7
34 25 17.5 4.3
34 50 125 0.5
34 75 137.5 0.8
35 0 0 0.7
35 25 17.5 4.3
35 50 125 0.5
35 75 137.5 0.8
36 0 0 0.7
36 25 17.5 4.3
36 50 125 0.5
36 75 137.5 0.8
37 0 0 0.7
37 25 17.5 4.3
37 50 125 0.5
37 75 137.5 0.8
38 0 0 0.7
38 25 17.5 4.3
38 50 125 0.5
38 75 137.5 0.8
39 0 0 0.7
39 25 17.5 4.3
39 50 125 0.5
39 75 137.5 0.8
40 0 0 0.7
40 25 17.5 4.3
40 50 125 0.5
40 75 137.5 0.8
41 0 0 0.7
41 25 17.5 4.3
41 50 125 0.5
41 75 137.5 0.8
42 0 0 0.7
42 25 17.5 4.3
42 50 125 0.5
42 75 137.5 0.8
43 0 0 0.7
43 25 17.5 4.3
43 50 125 0.5
43 75 137.5 0.8
44 0 0 0.7
44 25 17.5 4.3
44 50 125 0.5
44 75 137.5 0.8
45 0 0 0.7
45 25 17.5 4.3
45 50 125 0.5
45 75 137.5 0.8
46 0 0 0.7
46 25 17.5 4.3
46 50 125 0.5
46 75 137.5 0.8
47 0 0 0.7
47 25 17.5 4.3
47 50 125 0.5
47 75 137.5 0.8
48 0 0 0.7
48 25 17.5 4.3
48 50 125 0.5
48 75 137.5 0.8
49 0 0 0.7
49 25 17.5 4.3
49 50 125 0.5
49 75 137.5 0.8
50 0 0 0.7
50 25 17.5 4.3
50 50 125 0.5
50 75 137.5 0.8
51 0 0 0.7
51 25 17.5 4.3
51 50 125 0.5
51 75 137.5 0.8
52 0 0 0.7
52 25 17.5 4.3
52 50 125 0.5
52 75 137.5 0.8
53 0 0 0.7
53 25 17.5 4.3
53 50 125 0.5
53 75 137.5 0.8
54 0 0 0.7
54 25 17.5 4.3
54 50 125 0.5
54 75 137.5 0.8
55 0 0 0.7
55 25 17.5 4.3
55 50 125 0.5
55 75 137.5 0.8
56 0 0 0.7
56 25 17.5 4.3
56 50 125 0.5
56 75 137.5 0.8
57 0 0 0.7
57 25 17.5 4.3
57 50 125 0.5
57 75 137.5 0.8
58 0 0 0.7
58 25 17.5 4.3
58 50 125 0.5
58 75 137.5 0.8
59 0 0 0.7
59 25 17.5 4.3
59 50 125 0.5
59 75 137.5 0.8
60 0 0 0.7
60 25 17.5 4.3
60 50 125 0.5
60 75 137.5 0.8
61 0 0 0.7
61 25 17.5 4.3
61 50 125 0.5
61 75 137.5 0.8
62 0 0 0.7
62 25 17.5 4.3
62 50 125 0.5
62 75 137.5 0.8
63 0 0 0.7
63 25 17.5 4.3
63 50 125 0.5
63 75 137.5 0.8
64 0 0 0.7
64 25 17.5 4.3
64 50 125 0.5
64 75 137.5 0.8
65 0 0 0.7
65 25 17.5 4.3
65 50 125 0.5
65 75 137.5 0.8
66 0 0 0.7
66 25 17.5 4.3
66 50 125 0.5
66 75 137.5 0.8
67 0 0 0.7
67 25 17.5 4.3
67 50 125 0.5
67 75 137.5 0.8
68 0 0 0.7
68 25 17.5 4.3
68 50 125 0.5
68 75 137.5 0.8
69 0 0 0.7
69 25 17.5 4.3
69 50 125 0.5
69 75 137.5 0.8
70 0 0 0.7
70 25 17.5 4.3
70 50 125 0.5
70 75 137.5 0.8
71 0 0 0.7
71 25 17.5 4.3
71 50 125 0.5
71 75 137.5 0.8
72 0 0 0.7
72 25 17.5 4.3
72 50 125 0.5
72 75 137.5 0.8
73 0 0 0.7
73 25 17.5 4.3
73 50 125 0.5
73 75 137.5 0.8
74 0 0 0.7
74 25 17.5 4.3
74 50 125 0.5
74 75 137.5 0.8
75 0 0 0.7
75 25 17.5 4.3
75 50 125 0.5
75 75 137.5 0.8
76 0 0 0.7
76 25 17.5 4.3
76 50 125 0.5
76 75 137.5 0.8
77 0 0 0.7
77 25 17.5 4.3
77 50 125 0.5
77 75 137.5 0.8
78 0 0 0.7
78 25 17.5 4.3
78 50 125 0.5
78 75 137.5 0.8
79 0 0 0.7
79 25 17.5 4.3
79 50 125 0.5
79 75 137.5 0.8
80 0 0 0.7
80 25 17.5 4.3
80 50 125 0.5
80 75 137.5 0.8
81 0 0 0.7
81 25 17.5 4.3
81 50 125 0.5
81 75 137.5 0.8
82 0 0 0.7
82 25 17.5 4.3
82 50 125 0.5
82 75 137.5 0.8
83 0 0 0.7
83 25 17.5 4.3
83 50 125 0.5
83 75 137.5 0.8
84 0 0 0.7
84 25 17.5 4.3
84 50 125 0.5
84 75 137.5 0.8
85 0 0 0.7
85 25 17.5 4.3
85 50 125 0.5
85 75 137.5 0.8
86 0 0 0.7
86 25 17.5 4.3
86 50 125 0.5
86 75 137.5 0.8
87 0 0 0.7
87 25 17.5 4.3
87 50 125 0.5
87 75 137.5 0.8
88 0 0 0.7
88 25 17.5 4.3
88 50 125 0.5
88 75 137.5 0.8
89 0 0 0.7
89 25 17.5 4.3
89 50 125 0.5
89 75 137.5 0.8
90 0 0 0.7
90 25 17.5 4.3
90 50 125 0.5
90 75 137.5 0.8
91 0 0 0.7
91 25 17.5 4.3
91 50 125 0.5
91 75 137.5 0.8
92 0 0 0.7
92 25 17.5 4.3
92 50 125 0.5
92 75 137.5 0.8
93 0 0 0.7
93 25 17.5 4.3
93 50 125 0.5
93 75 137.5 0.8
94 0 0 0.7
94 25 17.5 4.3
94 50 125 0.5
94 75 137.5 0.8
95 0 0 0.7
95 25 17.5 4.3
95 50 125 0.5
95 75 137.5 0.8
96 0 0 0.7
96 25 17.5 4.3
96 50 125 0.5
96 75 137.5 0.8
97 0 0 0.7
97 25 17.5 4.3
97 50 125 0.5
97 75 137.5 0.8
98 0 0 0.7
98 25 17.5 4.3
98 50 125 0.5
98 75 137.5 0.8
99 0 0 0.7
99 25 17.5 4.3
99 50 125 0.5
99 75 137.5 0.8
