500 4
0 0 0 1.5
0 500 750 4.5
0 1000 3000 4.6
0 1500 5300 4.4
1 0 0 1.5
1 500 750 4.5
1 1000 3000 4.6
1 1500 5300 4.4
2 0 0 1.5
2 500 750 4.5
2 1000 3000 4.6
2 1500 5300 4.4
3 0 0 1.5
3 500 750 4.5
3 1000 3000 4.6
3 1500 5300 4.4
4 0 0 1.5
4 500 750 4.5
4 1000 3000 4.6
4 1500 5300 4.4
5 0 0 1.5
5 500 750 4.5
5 1000 3000 4.6
5 1500 5300 4.4
6 0 0 1.5
6 500 750 4.5
6 1000 3000 4.6
6 1500 5300 4.4
7 0 0 1.5
7 500 750 4.5
7 1000 3000 4.6
7 1500 5300 4.4
8 0 0 1.5
8 500 750 4.5
8 1000 3000 4.6
8 1500 5300 4.4
9 0 0 1.5
9 500 750 4.5
9 1000 3000 4.6
9 1500 5300 4.4
10 0 0 1.5
10 500 750 4.5
10 1000 3000 4.6
10 1500 5300 4.4
11 0 0 1.5
11 500 750 4.5
11 1000 3000 4.6
11 1500 5300 4.4
12 0 0 1.5
12 500 750 4.5
12 1000 3000 4.6
12 1500 5300 4.4
13 0 0 1.5
13 500 750 4.5
13 1000 3000 4.6
13 1500 5300 4.4
14 0 0 1.5
14 500 750 4.5
14 1000 3000 4.6
14 1500 5300 4.4
15 0 0 1.5
15 500 750 4.5
15 1000 3000 4.6
15 1500 5300 4.4
16 0 0 1.5
16 500 750 4.5
16 1000 3000 4.6
16 1500 5300 4.4
17 0 0 1.5
17 500 750 4.5
17 1000 3000 4.6
17 1500 5300 4.4
18 0 0 1.5
18 500 750 4.5
18 1000 3000 4.6
18 1500 5300 4.4
19 0 0 1.5
19 500 750 4.5
19 1000 3000 4.6
19 1500 5300 4.4
20 0 0 1.5
20 500 750 4.5
20 1000 3000 4.6
20 1500 5300 4.4
21 0 0 1.5
21 500 750 4.5
21 1000 3000 4.6
21 1500 5300 4.4
22 0 0 1.5
22 500 750 4.5
22 1000 3000 4.6
22 1500 5300 4.4
23 0 0 1.5
23 500 750 4.5
23 1000 3000 4.6
23 1500 5300 4.4
24 0 0 1.5
24 500 750 4.5
24 1000 3000 4.6
24 1500 5300 4.4
25 0 0 1.5
25 500 750 4.5
25 1000 3000 4.6
25 1500 5300 4.4
26 0 0 1.5
26 500 750 4.5
26 1000 3000 4.6
26 1500 5300 4.4
27 0 0 1.5
27 500 750 4.5
27 1000 3000 4.6
27 1500 5300 4.4
28 0 0 1.5
28 500 750 4.5
28 1000 3000 4.6
28 1500 5300 4.4
29 0 0 1.5
29 500 750 4.5
29 1000 3000 4.6
29 1500 5300 4.4
30 0 0 1.5
30 500 750 4.5
30 1000 3000 4.6
30 1500 5300 4.4
31 0 0 1.5
31 500 750 4.5
31 1000 3000 4.6
31 1500 5300 4.4
32 0 0 1.5
32 500 750 4.5
32 1000 3000 4.6
32 1500 5300 4.4
33 0 0 1.5
33 500 750 4.5
33 1000 3000 4.6
33 1500 5300 4.4
34 0 0 1.5
34 500 750 4.5
34 1000 3000 4.6
34 1500 5300 4.4
35 0 0 1.5
35 500 750 4.5
35 1000 3000 4.6
35 1500 5300 4.4
36 0 0 1.5
36 500 750 4.5
36 1000 3000 4.6
36 1500 5300 4.4
37 0 0 1.5
37 500 750 4.5
37 1000 3000 4.6
37 1500 5300 4.4
38 0 0 1.5
38 500 750 4.5
38 1000 3000 4.6
38 1500 5300 4.4
39 0 0 1.5
39 500 750 4.5
39 1000 3000 4.6
39 1500 5300 4.4
40 0 0 1.5
40 500 750 4.5
40 1000 3000 4.6
40 1500 5300 4.4
41 0 0 1.5
41 500 750 4.5
41 1000 3000 4.6
41 1500 5300 4.4
42 0 0 1.5
42 500 750 4.5
42 1000 3000 4.6
42 1500 5300 4.4
43 0 0 1.5
43 500 750 4.5
43 1000 3000 4.6
43 1500 5300 4.4
44 0 0 1.5
44 500 750 4.5
44 1000 3000 4.6
44 1500 5300 4.4
45 0 0 1.5
45 500 750 4.5
45 1000 3000 4.6
45 1500 5300 4.4
46 0 0 1.5
46 500 750 4.5
46 1000 3000 4.6
46 1500 5300 4.4
47 0 0 1.5
47 500 750 4.5
47 1000 3000 4.6
47 1500 5300 4.4
48 0 0 1.5
48 500 750 4.5
48 1000 3000 4.6
48 1500 5300 4.4
49 0 0 1.5
49 500 750 4.5
49 1000 3000 4.6
49 1500 5300 4.4
50 0 0 1.5
50 500 750 4.5
50 1000 3000 4.6
50 1500 5300 4.4
51 0 0 1.5
51 500 750 4.5
51 1000 3000 4.6
51 1500 5300 4.4
52 0 0 1.5
52 500 750 4.5
52 1000 3000 4.6
52 1500 5300 4.4
53 0 0 1.5
53 500 750 4.5
53 1000 3000 4.6
53 1500 5300 4.4
54 0 0 1.5
54 500 750 4.5
54 1000 3000 4.6
54 1500 5300 4.4
55 0 0 1.5
55 500 750 4.5
55 1000 3000 4.6
55 1500 5300 4.4
56 0 0 1.5
56 500 750 4.5
56 1000 3000 4.6
56 1500 5300 4.4
57 0 0 1.5
57 500 750 4.5
57 1000 3000 4.6
57 1500 5300 4.4
58 0 0 1.5
58 500 750 4.5
58 1000 3000 4.6
58 1500 5300 4.4
59 0 0 1.5
59 500 750 4.5
59 1000 3000 4.6
59 1500 5300 4.4
60 0 0 1.5
60 500 750 4.5
60 1000 3000 4.6
60 1500 5300 4.4
61 0 0 1.5
61 500 750 4.5
61 1000 3000 4.6
61 1500 5300 4.4
62 0 0 1.5
62 500 750 4.5
62 1000 3000 4.6
62 1500 5300 4.4
63 0 0 1.5
63 500 750 4.5
63 1000 3000 4.6
63 1500 5300 4.4
64 0 0 1.5
64 500 750 4.5
64 1000 3000 4.6
64 1500 5300 4.4
65 0 0 1.5
65 500 750 4.5
65 1000 3000 4.6
65 1500 5300 4.4
66 0 0 1.5
66 500 750 4.5
66 1000 3000 4.6
66 1500 5300 4.4
67 0 0 1.5
67 500 750 4.5
67 1000 3000 4.6
67 1500 5300 4.4
68 0 0 1.5
68 500 750 4.5
68 1000 3000 4.6
68 1500 5300 4.4
69 0 0 1.5
69 500 750 4.5
69 1000 3000 4.6
69 1500 5300 4.4
70 0 0 1.5
70 500 750 4.5
70 1000 3000 4.6
70 1500 5300 4.4
71 0 0 1.5
71 500 750 4.5
71 1000 3000 4.6
71 1500 5300 4.4
72 0 0 1.5
72 500 750 4.5
72 1000 3000 4.6
72 1500 5300 4.4
73 0 0 1.5
73 500 750 4.5
73 1000 3000 4.6
73 1500 5300 4.4
74 0 0 1.5
74 500 750 4.5
74 1000 3000 4.6
74 1500 5300 4.4
75 0 0 1.5
75 500 750 4.5
75 1000 3000 4.6
75 1500 5300 4.4
76 0 0 1.5
76 500 750 4.5
76 1000 3000 4.6
76 1500 5300 4.4
77 0 0 1.5
77 500 750 4.5
77 1000 3000 4.6
77 1500 5300 4.4
78 0 0 1.5
78 500 750 4.5
78 1000 3000 4.6
78 1500 5300 4.4
79 0 0 1.5
79 500 750 4.5
79 1000 3000 4.6
79 1500 5300 4.4
80 0 0 1.5
80 500 750 4.5
80 1000 3000 4.6
80 1500 5300 4.4
81 0 0 1.5
81 500 750 4.5
81 1000 3000 4.6
81 1500 5300 4.4
82 0 0 1.5
82 500 750 4.5
82 1000 3000 4.6
82 1500 5300 4.4
83 0 0 1.5
83 500 750 4.5
83 1000 3000 4.6
83 1500 5300 4.4
84 0 0 1.5
84 500 750 4.5
84 1000 3000 4.6
84 1500 5300 4.4
85 0 0 1.5
85 500 750 4.5
85 1000 3000 4.6
85 1500 5300 4.4
86 0 0 1.5
86 500 750 4.5
86 1000 3000 4.6
86 1500 5300 4.4
87 0 0 1.5
87 500 750 4.5
87 1000 3000 4.6
87 1500 5300 4.4
88 0 0 1.5
88 500 750 4.5
88 1000 3000 4.6
88 1500 5300 4.4
89 0 0 1.5
89 500 750 4.5
89 1000 3000 4.6
89 1500 5300 4.4
90 0 0 1.5
90 500 750 4.5
90 1000 3000 4.6
90 1500 5300 4.4
91 0 0 1.5
91 500 750 4.5
91 1000 3000 4.6
91 1500 5300 4.4
92 0 0 1.5
92 500 750 4.5
92 1000 3000 4.6
92 1500 5300 4.4
93 0 0 1.5
93 500 750 4.5
93 1000 3000 4.6
93 1500 5300 4.4
94 0 0 1.5
94 500 750 4.5
94 1000 3000 4.6
94 1500 5300 4.4
95 0 0 1.5
95 500 750 4.5
95 1000 3000 4.6
95 1500 5300 4.4
96 0 0 1.5
96 500 750 4.5
96 1000 3000 4.6
96 1500 5300 4.4
97 0 0 1.5
97 500 750 4.5
97 1000 3000 4.6
97 1500 5300 4.4
98 0 0 1.5
98 500 750 4.5
98 1000 3000 4.6
98 1500 5300 4.4
99 0 0 1.5
99 500 750 4.5
99 1000 3000 4.6
99 1500 5300 4.4
100 0 0 1.5
100 500 750 4.5
100 1000 3000 4.6
100 1500 5300 4.4
101 0 0 1.5
101 500 750 4.5
101 1000 3000 4.6
101 1500 5300 4.4
102 0 0 1.5
102 500 750 4.5
102 1000 3000 4.6
102 1500 5300 4.4
103 0 0 1.5
103 500 750 4.5
103 1000 3000 4.6
103 1500 5300 4.4
104 0 0 1.5
104 500 750 4.5
104 1000 3000 4.6
104 1500 5300 4.4
105 0 0 1.5
105 500 750 4.5
105 1000 3000 4.6
105 1500 5300 4.4
106 0 0 1.5
106 500 750 4.5
106 1000 3000 4.6
106 1500 5300 4.4
107 0 0 1.5
107 500 750 4.5
107 1000 3000 4.6
107 1500 5300 4.4
108 0 0 1.5
108 500 750 4.5
108 1000 3000 4.6
108 1500 5300 4.4
109 0 0 1.5
109 500 750 4.5
109 1000 3000 4.6
109 1500 5300 4.4
110 0 0 1.5
110 500 750 4.5
110 1000 3000 4.6
110 1500 5300 4.4
111 0 0 1.5
111 500 750 4.5
111 1000 3000 4.6
111 1500 5300 4.4
112 0 0 1.5
112 500 750 4.5
112 1000 3000 4.6
112 1500 5300 4.4
113 0 0 1.5
113 500 750 4.5
113 1000 3000 4.6
113 1500 5300 4.4
114 0 0 1.5
114 500 750 4.5
114 1000 3000 4.6
114 1500 5300 4.4
115 0 0 1.5
115 500 750 4.5
115 1000 3000 4.6
115 1500 5300 4.4
116 0 0 1.5
116 500 750 4.5
116 1000 3000 4.6
116 1500 5300 4.4
117 0 0 1.5
117 500 750 4.5
117 1000 3000 4.6
117 1500 5300 4.4
118 0 0 1.5
118 500 750 4.5
118 1000 3000 4.6
118 1500 5300 4.4
119 0 0 1.5
119 500 750 4.5
119 1000 3000 4.6
119 1500 5300 4.4
120 0 0 1.5
120 500 750 4.5
120 1000 3000 4.6
120 1500 5300 4.4
121 0 0 1.5
121 500 750 4.5
121 1000 3000 4.6
121 1500 5300 4.4
122 0 0 1.5
122 500 750 4.5
122 1000 3000 4.6
122 1500 5300 4.4
123 0 0 1.5
123 500 750 4.5
123 1000 3000 4.6
123 1500 5300 4.4
124 0 0 1.5
124 500 750 4.5
124 1000 3000 4.6
124 1500 5300 4.4
125 0 0 1.5
125 500 750 4.5
125 1000 3000 4.6
125 1500 5300 4.4
126 0 0 1.5
126 500 750 4.5
126 1000 3000 4.6
126 1500 5300 4.4
127 0 0 1.5
127 500 750 4.5
127 1000 3000 4.6
127 1500 5300 4.4
128 0 0 1.5
128 500 750 4.5
128 1000 3000 4.6
128 1500 5300 4.4
129 0 0 1.5
129 500 750 4.5
129 1000 3000 4.6
129 1500 5300 4.4
130 0 0 1.5
130 500 750 4.5
130 1000 3000 4.6
130 1500 5300 4.4
131 0 0 1.5
131 500 750 4.5
131 1000 3000 4.6
131 1500 5300 4.4
132 0 0 1.5
132 500 750 4.5
132 1000 3000 4.6
132 1500 5300 4.4
133 0 0 1.5
133 500 750 4.5
133 1000 3000 4.6
133 1500 5300 4.4
134 0 0 1.5
134 500 750 4.5
134 1000 3000 4.6
134 1500 5300 4.4
135 0 0 1.5
135 500 750 4.5
135 1000 3000 4.6
135 1500 5300 4.4
136 0 0 1.5
136 500 750 4.5
136 1000 3000 4.6
136 1500 5300 4.4
137 0 0 1.5
137 500 750 4.5
137 1000 3000 4.6
137 1500 5300 4.4
138 0 0 1.5
138 500 750 4.5
138 1000 3000 4.6
138 1500 5300 4.4
139 0 0 1.5
139 500 750 4.5
139 1000 3000 4.6
139 1500 5300 4.4
140 0 0 1.5
140 500 750 4.5
140 1000 3000 4.6
140 1500 5300 4.4
141 0 0 1.5
141 500 750 4.5
141 1000 3000 4.6
141 1500 5300 4.4
142 0 0 1.5
142 500 750 4.5
142 1000 3000 4.6
142 1500 5300 4.4
143 0 0 1.5
143 500 750 4.5
143 1000 3000 4.6
143 1500 5300 4.4
144 0 0 1.5
144 500 750 4.5
144 1000 3000 4.6
144 1500 5300 4.4
145 0 0 1.5
145 500 750 4.5
145 1000 3000 4.6
145 1500 5300 4.4
146 0 0 1.5
146 500 750 4.5
146 1000 3000 4.6
146 1500 5300 4.4
147 0 0 1.5
147 500 750 4.5
147 1000 3000 4.6
147 1500 5300 4.4
148 0 0 1.5
148 500 750 4.5
148 1000 3000 4.6
148 1500 5300 4.4
149 0 0 1.5
149 500 750 4.5
149 1000 3000 4.6
149 1500 5300 4.4
150 0 0 1.5
150 500 750 4.5
150 1000 3000 4.6
150 1500 5300 4.4
151 0 0 1.5
151 500 750 4.5
151 1000 3000 4.6
151 1500 5300 4.4
152 0 0 1.5
152 500 750 4.5
152 1000 3000 4.6
152 1500 5300 4.4
153 0 0 1.5
153 500 750 4.5
153 1000 3000 4.6
153 1500 5300 4.4
154 0 0 1.5
154 500 750 4.5
154 1000 3000 4.6
154 1500 5300 4.4
155 0 0 1.5
155 500 750 4.5
155 1000 3000 4.6
155 1500 5300 4.4
156 0 0 1.5
156 500 750 4.5
156 1000 3000 4.6
156 1500 5300 4.4
157 0 0 1.5
157 500 750 4.5
157 1000 3000 4.6
157 1500 5300 4.4
158 0 0 1.5
158 500 750 4.5
158 1000 3000 4.6
158 1500 5300 4.4
159 0 0 1.5
159 500 750 4.5
159 1000 3000 4.6
159 1500 5300 4.4
160 0 0 1.5
160 500 750 4.5
160 1000 3000 4.6
160 1500 5300 4.4
161 0 0 1.5
161 500 750 4.5
161 1000 3000 4.6
161 1500 5300 4.4
162 0 0 1.5
162 500 750 4.5
162 1000 3000 4.6
162 1500 5300 4.4
163 0 0 1.5
163 500 750 4.5
163 1000 3000 4.6
163 1500 5300 4.4
164 0 0 1.5
164 500 750 4.5
164 1000 3000 4.6
164 1500 5300 4.4
165 0 0 1.5
165 500 750 4.5
165 1000 3000 4.6
165 1500 5300 4.4
166 0 0 1.5
166 500 750 4.5
166 1000 3000 4.6
166 1500 5300 4.4
167 0 0 1.5
167 500 750 4.5
167 1000 3000 4.6
167 1500 5300 4.4
168 0 0 1.5
168 500 750 4.5
168 1000 3000 4.6
168 1500 5300 4.4
169 0 0 1.5
169 500 750 4.5
169 1000 3000 4.6
169 1500 5300 4.4
170 0 0 1.5
170 500 750 4.5
170 1000 3000 4.6
170 1500 5300 4.4
171 0 0 1.5
171 500 750 4.5
171 1000 3000 4.6
171 1500 5300 4.4
172 0 0 1.5
172 500 750 4.5
172 1000 3000 4.6
172 1500 5300 4.4
173 0 0 1.5
173 500 750 4.5
173 1000 3000 4.6
173 1500 5300 4.4
174 0 0 1.5
174 500 750 4.5
174 1000 3000 4.6
174 1500 5300 4.4
175 0 0 1.5
175 500 750 4.5
175 1000 3000 4.6
175 1500 5300 4.4
176 0 0 1.5
176 500 750 4.5
176 1000 3000 4.6
176 1500 5300 4.4
177 0 0 1.5
177 500 750 4.5
177 1000 3000 4.6
177 1500 5300 4.4
178 0 0 1.5
178 500 750 4.5
178 1000 3000 4.6
178 1500 5300 4.4
179 0 0 1.5
179 500 750 4.5
179 1000 3000 4.6
179 1500 5300 4.4
180 0 0 1.5
180 500 750 4.5
180 1000 3000 4.6
180 1500 5300 4.4
181 0 0 1.5
181 500 750 4.5
181 1000 3000 4.6
181 1500 5300 4.4
182 0 0 1.5
182 500 750 4.5
182 1000 3000 4.6
182 1500 5300 4.4
183 0 0 1.5
183 500 750 4.5
183 1000 3000 4.6
183 1500 5300 4.4
184 0 0 1.5
184 500 750 4.5
184 1000 3000 4.6
184 1500 5300 4.4
185 0 0 1.5
185 500 750 4.5
185 1000 3000 4.6
185 1500 5300 4.4
186 0 0 1.5
186 500 750 4.5
186 1000 3000 4.6
186 1500 5300 4.4
187 0 0 1.5
187 500 750 4.5
187 1000 3000 4.6
187 1500 5300 4.4
188 0 0 1.5
188 500 750 4.5
188 1000 3000 4.6
188 1500 5300 4.4
189 0 0 1.5
189 500 750 4.5
189 1000 3000 4.6
189 1500 5300 4.4
190 0 0 1.5
190 500 750 4.5
190 1000 3000 4.6
190 1500 5300 4.4
191 0 0 1.5
191 500 750 4.5
191 1000 3000 4.6
191 1500 5300 4.4
192 0 0 1.5
192 500 750 4.5
192 1000 3000 4.6
192 1500 5300 4.4
193 0 0 1.5
193 500 750 4.5
193 1000 3000 4.6
193 1500 5300 4.4
194 0 0 1.5
194 500 750 4.5
194 1000 3000 4.6
194 1500 5300 4.4
195 0 0 1.5
195 500 750 4.5
195 1000 3000 4.6
195 1500 5300 4.4
196 0 0 1.5
196 500 750 4.5
196 1000 3000 4.6
196 1500 5300 4.4
197 0 0 1.5
197 500 750 4.5
197 1000 3000 4.6
197 1500 5300 4.4
198 0 0 1.5
198 500 750 4.5
198 1000 3000 4.6
198 1500 5300 4.4
199 0 0 1.5
199 500 750 4.5
199 1000 3000 4.6
199 1500 5300 4.4
200 0 0 1.5
200 500 750 4.5
200 1000 3000 4.6
200 1500 5300 4.4
201 0 0 1.5
201 500 750 4.5
201 1000 3000 4.6
201 1500 5300 4.4
202 0 0 1.5
202 500 750 4.5
202 1000 3000 4.6
202 1500 5300 4.4
203 0 0 1.5
203 500 750 4.5
203 1000 3000 4.6
203 1500 5300 4.4
204 0 0 1.5
204 500 750 4.5
204 1000 3000 4.6
204 1500 5300 4.4
205 0 0 1.5
205 500 750 4.5
205 1000 3000 4.6
205 1500 5300 4.4
206 0 0 1.5
206 500 750 4.5
206 1000 3000 4.6
206 1500 5300 4.4
207 0 0 1.5
207 500 750 4.5
207 1000 3000 4.6
207 1500 5300 4.4
208 0 0 1.5
208 500 750 4.5
208 1000 3000 4.6
208 1500 5300 4.4
209 0 0 1.5
209 500 750 4.5
209 1000 3000 4.6
209 1500 5300 4.4
210 0 0 1.5
210 500 750 4.5
210 1000 3000 4.6
210 1500 5300 4.4
211 0 0 1.5
211 500 750 4.5
211 1000 3000 4.6
211 1500 5300 4.4
212 0 0 1.5
212 500 750 4.5
212 1000 3000 4.6
212 1500 5300 4.4
213 0 0 1.5
213 500 750 4.5
213 1000 3000 4.6
213 1500 5300 4.4
214 0 0 1.5
214 500 750 4.5
214 1000 3000 4.6
214 1500 5300 4.4
215 0 0 1.5
215 500 750 4.5
215 1000 3000 4.6
215 1500 5300 4.4
216 0 0 1.5
216 500 750 4.5
216 1000 3000 4.6
216 1500 5300 4.4
217 0 0 1.5
217 500 750 4.5
217 1000 3000 4.6
217 1500 5300 4.4
218 0 0 1.5
218 500 750 4.5
218 1000 3000 4.6
218 1500 5300 4.4
219 0 0 1.5
219 500 750 4.5
219 1000 3000 4.6
219 1500 5300 4.4
220 0 0 1.5
220 500 750 4.5
220 1000 3000 4.6
220 1500 5300 4.4
221 0 0 1.5
221 500 750 4.5
221 1000 3000 4.6
221 1500 5300 4.4
222 0 0 1.5
222 500 750 4.5
222 1000 3000 4.6
222 1500 5300 4.4
223 0 0 1.5
223 500 750 4.5
223 1000 3000 4.6
223 1500 5300 4.4
224 0 0 1.5
224 500 750 4.5
224 1000 3000 4.6
224 1500 5300 4.4
225 0 0 1.5
225 500 750 4.5
225 1000 3000 4.6
225 1500 5300 4.4
226 0 0 1.5
226 500 750 4.5
226 1000 3000 4.6
226 1500 5300 4.4
227 0 0 1.5
227 500 750 4.5
227 1000 3000 4.6
227 1500 5300 4.4
228 0 0 1.5
228 500 750 4.5
228 1000 3000 4.6
228 1500 5300 4.4
229 0 0 1.5
229 500 750 4.5
229 1000 3000 4.6
229 1500 5300 4.4
230 0 0 1.5
230 500 750 4.5
230 1000 3000 4.6
230 1500 5300 4.4
231 0 0 1.5
231 500 750 4.5
231 1000 3000 4.6
231 1500 5300 4.4
232 0 0 1.5
232 500 750 4.5
232 1000 3000 4.6
232 1500 5300 4.4
233 0 0 1.5
233 500 750 4.5
233 1000 3000 4.6
233 1500 5300 4.4
234 0 0 1.5
234 500 750 4.5
234 1000 3000 4.6
234 1500 5300 4.4
235 0 0 1.5
235 500 750 4.5
235 1000 3000 4.6
235 1500 5300 4.4
236 0 0 1.5
236 500 750 4.5
236 1000 3000 4.6
236 1500 5300 4.4
237 0 0 1.5
237 500 750 4.5
237 1000 3000 4.6
237 1500 5300 4.4
238 0 0 1.5
238 500 750 4.5
238 1000 3000 4.6
238 1500 5300 4.4
239 0 0 1.5
239 500 750 4.5
239 1000 3000 4.6
239 1500 5300 4.4
240 0 0 1.5
240 500 750 4.5
240 1000 3000 4.6
240 1500 5300 4.4
241 0 0 1.5
241 500 750 4.5
241 1000 3000 4.6
241 1500 5300 4.4
242 0 0 1.5
242 500 750 4.5
242 1000 3000 4.6
242 1500 5300 4.4
243 0 0 1.5
243 500 750 4.5
243 1000 3000 4.6
243 1500 5300 4.4
244 0 0 1.5
244 500 750 4.5
244 1000 3000 4.6
244 1500 5300 4.4
245 0 0 1.5
245 500 750 4.5
245 1000 3000 4.6
245 1500 5300 4.4
246 0 0 1.5
246 500 750 4.5
246 1000 3000 4.6
246 1500 5300 4.4
247 0 0 1.5
247 500 750 4.5
247 1000 3000 4.6
247 1500 5300 4.4
248 0 0 1.5
248 500 750 4.5
248 1000 3000 4.6
248 1500 5300 4.4
249 0 0 1.5
249 500 750 4.5
249 1000 3000 4.6
249 1500 5300 4.4
250 0 0 1.5
250 500 750 4.5
250 1000 3000 4.6
250 1500 5300 4.4
251 0 0 1.5
251 500 750 4.5
251 1000 3000 4.6
251 1500 5300 4.4
252 0 0 1.5
252 500 750 4.5
252 1000 3000 4.6
252 1500 5300 4.4
253 0 0 1.5
253 500 750 4.5
253 1000 3000 4.6
253 1500 5300 4.4
254 0 0 1.5
254 500 750 4.5
254 1000 3000 4.6
254 1500 5300 4.4
255 0 0 1.5
255 500 750 4.5
255 1000 3000 4.6
255 1500 5300 4.4
256 0 0 1.5
256 500 750 4.5
256 1000 3000 4.6
256 1500 5300 4.4
257 0 0 1.5
257 500 750 4.5
257 1000 3000 4.6
257 1500 5300 4.4
258 0 0 1.5
258 500 750 4.5
258 1000 3000 4.6
258 1500 5300 4.4
259 0 0 1.5
259 500 750 4.5
259 1000 3000 4.6
259 1500 5300 4.4
260 0 0 1.5
260 500 750 4.5
260 1000 3000 4.6
260 1500 5300 4.4
261 0 0 1.5
261 500 750 4.5
261 1000 3000 4.6
261 1500 5300 4.4
262 0 0 1.5
262 500 750 4.5
262 1000 3000 4.6
262 1500 5300 4.4
263 0 0 1.5
263 500 750 4.5
263 1000 3000 4.6
263 1500 5300 4.4
264 0 0 1.5
264 500 750 4.5
264 1000 3000 4.6
264 1500 5300 4.4
265 0 0 1.5
265 500 750 4.5
265 1000 3000 4.6
265 1500 5300 4.4
266 0 0 1.5
266 500 750 4.5
266 1000 3000 4.6
266 1500 5300 4.4
267 0 0 1.5
267 500 750 4.5
267 1000 3000 4.6
267 1500 5300 4.4
268 0 0 1.5
268 500 750 4.5
268 1000 3000 4.6
268 1500 5300 4.4
269 0 0 1.5
269 500 750 4.5
269 1000 3000 4.6
269 1500 5300 4.4
270 0 0 1.5
270 500 750 4.5
270 1000 3000 4.6
270 1500 5300 4.4
271 0 0 1.5
271 500 750 4.5
271 1000 3000 4.6
271 1500 5300 4.4
272 0 0 1.5
272 500 750 4.5
272 1000 3000 4.6
272 1500 5300 4.4
273 0 0 1.5
273 500 750 4.5
273 1000 3000 4.6
273 1500 5300 4.4
274 0 0 1.5
274 500 750 4.5
274 1000 3000 4.6
274 1500 5300 4.4
275 0 0 1.5
275 500 750 4.5
275 1000 3000 4.6
275 1500 5300 4.4
276 0 0 1.5
276 500 750 4.5
276 1000 3000 4.6
276 1500 5300 4.4
277 0 0 1.5
277 500 750 4.5
277 1000 3000 4.6
277 1500 5300 4.4
278 0 0 1.5
278 500 750 4.5
278 1000 3000 4.6
278 1500 5300 4.4
279 0 0 1.5
279 500 750 4.5
279 1000 3000 4.6
279 1500 5300 4.4
280 0 0 1.5
280 500 750 4.5
280 1000 3000 4.6
280 1500 5300 4.4
281 0 0 1.5
281 500 750 4.5
281 1000 3000 4.6
281 1500 5300 4.4
282 0 0 1.5
282 500 750 4.5
282 1000 3000 4.6
282 1500 5300 4.4
283 0 0 1.5
283 500 750 4.5
283 1000 3000 4.6
283 1500 5300 4.4
284 0 0 1.5
284 500 750 4.5
284 1000 3000 4.6
284 1500 5300 4.4
285 0 0 1.5
285 500 750 4.5
285 1000 3000 4.6
285 1500 5300 4.4
286 0 0 1.5
286 500 750 4.5
286 1000 3000 4.6
286 1500 5300 4.4
287 0 0 1.5
287 500 750 4.5
287 1000 3000 4.6
287 1500 5300 4.4
288 0 0 1.5
288 500 750 4.5
288 1000 3000 4.6
288 1500 5300 4.4
289 0 0 1.5
289 500 750 4.5
289 1000 3000 4.6
289 1500 5300 4.4
290 0 0 1.5
290 500 750 4.5
290 1000 3000 4.6
290 1500 5300 4.4
291 0 0 1.5
291 500 750 4.5
291 1000 3000 4.6
291 1500 5300 4.4
292 0 0 1.5
292 500 750 4.5
292 1000 3000 4.6
292 1500 5300 4.4
293 0 0 1.5
293 500 750 4.5
293 1000 3000 4.6
293 1500 5300 4.4
294 0 0 1.5
294 500 750 4.5
294 1000 3000 4.6
294 1500 5300 4.4
295 0 0 1.5
295 500 750 4.5
295 1000 3000 4.6
295 1500 5300 4.4
296 0 0 1.5
296 500 750 4.5
296 1000 3000 4.6
296 1500 5300 4.4
297 0 0 1.5
297 500 750 4.5
297 1000 3000 4.6
297 1500 5300 4.4
298 0 0 1.5
298 500 750 4.5
298 1000 3000 4.6
298 1500 5300 4.4
299 0 0 1.5
299 500 750 4.5
299 1000 3000 4.6
299 1500 5300 4.4
300 0 0 1.5
300 500 750 4.5
300 1000 3000 4.6
300 1500 5300 4.4
301 0 0 1.5
301 500 750 4.5
301 1000 3000 4.6
301 1500 5300 4.4
302 0 0 1.5
302 500 750 4.5
302 1000 3000 4.6
302 1500 5300 4.4
303 0 0 1.5
303 500 750 4.5
303 1000 3000 4.6
303 1500 5300 4.4
304 0 0 1.5
304 500 750 4.5
304 1000 3000 4.6
304 1500 5300 4.4
305 0 0 1.5
305 500 750 4.5
305 1000 3000 4.6
305 1500 5300 4.4
306 0 0 1.5
306 500 750 4.5
306 1000 3000 4.6
306 1500 5300 4.4
307 0 0 1.5
307 500 750 4.5
307 1000 3000 4.6
307 1500 5300 4.4
308 0 0 1.5
308 500 750 4.5
308 1000 3000 4.6
308 1500 5300 4.4
309 0 0 1.5
309 500 750 4.5
309 1000 3000 4.6
309 1500 5300 4.4
310 0 0 1.5
310 500 750 4.5
310 1000 3000 4.6
310 1500 5300 4.4
311 0 0 1.5
311 500 750 4.5
311 1000 3000 4.6
311 1500 5300 4.4
312 0 0 1.5
312 500 750 4.5
312 1000 3000 4.6
312 1500 5300 4.4
313 0 0 1.5
313 500 750 4.5
313 1000 3000 4.6
313 1500 5300 4.4
314 0 0 1.5
314 500 750 4.5
314 1000 3000 4.6
314 1500 5300 4.4
315 0 0 1.5
315 500 750 4.5
315 1000 3000 4.6
315 1500 5300 4.4
316 0 0 1.5
316 500 750 4.5
316 1000 3000 4.6
316 1500 5300 4.4
317 0 0 1.5
317 500 750 4.5
317 1000 3000 4.6
317 1500 5300 4.4
318 0 0 1.5
318 500 750 4.5
318 1000 3000 4.6
318 1500 5300 4.4
319 0 0 1.5
319 500 750 4.5
319 1000 3000 4.6
319 1500 5300 4.4
320 0 0 1.5
320 500 750 4.5
320 1000 3000 4.6
320 1500 5300 4.4
321 0 0 1.5
321 500 750 4.5
321 1000 3000 4.6
321 1500 5300 4.4
322 0 0 1.5
322 500 750 4.5
322 1000 3000 4.6
322 1500 5300 4.4
323 0 0 1.5
323 500 750 4.5
323 1000 3000 4.6
323 1500 5300 4.4
324 0 0 1.5
324 500 750 4.5
324 1000 3000 4.6
324 1500 5300 4.4
325 0 0 1.5
325 500 750 4.5
325 1000 3000 4.6
325 1500 5300 4.4
326 0 0 1.5
326 500 750 4.5
326 1000 3000 4.6
326 1500 5300 4.4
327 0 0 1.5
327 500 750 4.5
327 1000 3000 4.6
327 1500 5300 4.4
328 0 0 1.5
328 500 750 4.5
328 1000 3000 4.6
328 1500 5300 4.4
329 0 0 1.5
329 500 750 4.5
329 1000 3000 4.6
329 1500 5300 4.4
330 0 0 1.5
330 500 750 4.5
330 1000 3000 4.6
330 1500 5300 4.4
331 0 0 1.5
331 500 750 4.5
331 1000 3000 4.6
331 1500 5300 4.4
332 0 0 1.5
332 500 750 4.5
332 1000 3000 4.6
332 1500 5300 4.4
333 0 0 1.5
333 500 750 4.5
333 1000 3000 4.6
333 1500 5300 4.4
334 0 0 1.5
334 500 750 4.5
334 1000 3000 4.6
334 1500 5300 4.4
335 0 0 1.5
335 500 750 4.5
335 1000 3000 4.6
335 1500 5300 4.4
336 0 0 1.5
336 500 750 4.5
336 1000 3000 4.6
336 1500 5300 4.4
337 0 0 1.5
337 500 750 4.5
337 1000 3000 4.6
337 1500 5300 4.4
338 0 0 1.5
338 500 750 4.5
338 1000 3000 4.6
338 1500 5300 4.4
339 0 0 1.5
339 500 750 4.5
339 1000 3000 4.6
339 1500 5300 4.4
340 0 0 1.5
340 500 750 4.5
340 1000 3000 4.6
340 1500 5300 4.4
341 0 0 1.5
341 500 750 4.5
341 1000 3000 4.6
341 1500 5300 4.4
342 0 0 1.5
342 500 750 4.5
342 1000 3000 4.6
342 1500 5300 4.4
343 0 0 1.5
343 500 750 4.5
343 1000 3000 4.6
343 1500 5300 4.4
344 0 0 1.5
344 500 750 4.5
344 1000 3000 4.6
344 1500 5300 4.4
345 0 0 1.5
345 500 750 4.5
345 1000 3000 4.6
345 1500 5300 4.4
346 0 0 1.5
346 500 750 4.5
346 1000 3000 4.6
346 1500 5300 4.4
347 0 0 1.5
347 500 750 4.5
347 1000 3000 4.6
347 1500 5300 4.4
348 0 0 1.5
348 500 750 4.5
348 1000 3000 4.6
348 1500 5300 4.4
349 0 0 1.5
349 500 750 4.5
349 1000 3000 4.6
349 1500 5300 4.4
350 0 0 1.5
350 500 750 4.5
350 1000 3000 4.6
350 1500 5300 4.4
351 0 0 1.5
351 500 750 4.5
351 1000 3000 4.6
351 1500 5300 4.4
352 0 0 1.5
352 500 750 4.5
352 1000 3000 4.6
352 1500 5300 4.4
353 0 0 1.5
353 500 750 4.5
353 1000 3000 4.6
353 1500 5300 4.4
354 0 0 1.5
354 500 750 4.5
354 1000 3000 4.6
354 1500 5300 4.4
355 0 0 1.5
355 500 750 4.5
355 1000 3000 4.6
355 1500 5300 4.4
356 0 0 1.5
356 500 750 4.5
356 1000 3000 4.6
356 1500 5300 4.4
357 0 0 1.5
357 500 750 4.5
357 1000 3000 4.6
357 1500 5300 4.4
358 0 0 1.5
358 500 750 4.5
358 1000 3000 4.6
358 1500 5300 4.4
359 0 0 1.5
359 500 750 4.5
359 1000 3000 4.6
359 1500 5300 4.4
360 0 0 1.5
360 500 750 4.5
360 1000 3000 4.6
360 1500 5300 4.4
361 0 0 1.5
361 500 750 4.5
361 1000 3000 4.6
361 1500 5300 4.4
362 0 0 1.5
362 500 750 4.5
362 1000 3000 4.6
362 1500 5300 4.4
363 0 0 1.5
363 500 750 4.5
363 1000 3000 4.6
363 1500 5300 4.4
364 0 0 1.5
364 500 750 4.5
364 1000 3000 4.6
364 1500 5300 4.4
365 0 0 1.5
365 500 750 4.5
365 1000 3000 4.6
365 1500 5300 4.4
366 0 0 1.5
366 500 750 4.5
366 1000 3000 4.6
366 1500 5300 4.4
367 0 0 1.5
367 500 750 4.5
367 1000 3000 4.6
367 1500 5300 4.4
368 0 0 1.5
368 500 750 4.5
368 1000 3000 4.6
368 1500 5300 4.4
369 0 0 1.5
369 500 750 4.5
369 1000 3000 4.6
369 1500 5300 4.4
370 0 0 1.5
370 500 750 4.5
370 1000 3000 4.6
370 1500 5300 4.4
371 0 0 1.5
371 500 750 4.5
371 1000 3000 4.6
371 1500 5300 4.4
372 0 0 1.5
372 500 750 4.5
372 1000 3000 4.6
372 1500 5300 4.4
373 0 0 1.5
373 500 750 4.5
373 1000 3000 4.6
373 1500 5300 4.4
374 0 0 1.5
374 500 750 4.5
374 1000 3000 4.6
374 1500 5300 4.4
375 0 0 1.5
375 500 750 4.5
375 1000 3000 4.6
375 1500 5300 4.4
376 0 0 1.5
376 500 750 4.5
376 1000 3000 4.6
376 1500 5300 4.4
377 0 0 1.5
377 500 750 4.5
377 1000 3000 4.6
377 1500 5300 4.4
378 0 0 1.5
378 500 750 4.5
378 1000 3000 4.6
378 1500 5300 4.4
379 0 0 1.5
379 500 750 4.5
379 1000 3000 4.6
379 1500 5300 4.4
380 0 0 1.5
380 500 750 4.5
380 1000 3000 4.6
380 1500 5300 4.4
381 0 0 1.5
381 500 750 4.5
381 1000 3000 4.6
381 1500 5300 4.4
382 0 0 1.5
382 500 750 4.5
382 1000 3000 4.6
382 1500 5300 4.4
383 0 0 1.5
383 500 750 4.5
383 1000 3000 4.6
383 1500 5300 4.4
384 0 0 1.5
384 500 750 4.5
384 1000 3000 4.6
384 1500 5300 4.4
385 0 0 1.5
385 500 750 4.5
385 1000 3000 4.6
385 1500 5300 4.4
386 0 0 1.5
386 500 750 4.5
386 1000 3000 4.6
386 1500 5300 4.4
387 0 0 1.5
387 500 750 4.5
387 1000 3000 4.6
387 1500 5300 4.4
388 0 0 1.5
388 500 750 4.5
388 1000 3000 4.6
388 1500 5300 4.4
389 0 0 1.5
389 500 750 4.5
389 1000 3000 4.6
389 1500 5300 4.4
390 0 0 1.5
390 500 750 4.5
390 1000 3000 4.6
390 1500 5300 4.4
391 0 0 1.5
391 500 750 4.5
391 1000 3000 4.6
391 1500 5300 4.4
392 0 0 1.5
392 500 750 4.5
392 1000 3000 4.6
392 1500 5300 4.4
393 0 0 1.5
393 500 750 4.5
393 1000 3000 4.6
393 1500 5300 4.4
394 0 0 1.5
394 500 750 4.5
394 1000 3000 4.6
394 1500 5300 4.4
395 0 0 1.5
395 500 750 4.5
395 1000 3000 4.6
395 1500 5300 4.4
396 0 0 1.5
396 500 750 4.5
396 1000 3000 4.6
396 1500 5300 4.4
397 0 0 1.5
397 500 750 4.5
397 1000 3000 4.6
397 1500 5300 4.4
398 0 0 1.5
398 500 750 4.5
398 1000 3000 4.6
398 1500 5300 4.4
399 0 0 1.5
399 500 750 4.5
399 1000 3000 4.6
399 1500 5300 4.4
400 0 0 1.5
400 500 750 4.5
400 1000 3000 4.6
400 1500 5300 4.4
401 0 0 1.5
401 500 750 4.5
401 1000 3000 4.6
401 1500 5300 4.4
402 0 0 1.5
402 500 750 4.5
402 1000 3000 4.6
402 1500 5300 4.4
403 0 0 1.5
403 500 750 4.5
403 1000 3000 4.6
403 1500 5300 4.4
404 0 0 1.5
404 500 750 4.5
404 1000 3000 4.6
404 1500 5300 4.4
405 0 0 1.5
405 500 750 4.5
405 1000 3000 4.6
405 1500 5300 4.4
406 0 0 1.5
406 500 750 4.5
406 1000 3000 4.6
406 1500 5300 4.4
407 0 0 1.5
407 500 750 4.5
407 1000 3000 4.6
407 1500 5300 4.4
408 0 0 1.5
408 500 750 4.5
408 1000 3000 4.6
408 1500 5300 4.4
409 0 0 1.5
409 500 750 4.5
409 1000 3000 4.6
409 1500 5300 4.4
410 0 0 1.5
410 500 750 4.5
410 1000 3000 4.6
410 1500 5300 4.4
411 0 0 1.5
411 500 750 4.5
411 1000 3000 4.6
411 1500 5300 4.4
412 0 0 1.5
412 500 750 4.5
412 1000 3000 4.6
412 1500 5300 4.4
413 0 0 1.5
413 500 750 4.5
413 1000 3000 4.6
413 1500 5300 4.4
414 0 0 1.5
414 500 750 4.5
414 1000 3000 4.6
414 1500 5300 4.4
415 0 0 1.5
415 500 750 4.5
415 1000 3000 4.6
415 1500 5300 4.4
416 0 0 1.5
416 500 750 4.5
416 1000 3000 4.6
416 1500 5300 4.4
417 0 0 1.5
417 500 750 4.5
417 1000 3000 4.6
417 1500 5300 4.4
418 0 0 1.5
418 500 750 4.5
418 1000 3000 4.6
418 1500 5300 4.4
419 0 0 1.5
419 500 750 4.5
419 1000 3000 4.6
419 1500 5300 4.4
420 0 0 1.5
420 500 750 4.5
420 1000 3000 4.6
420 1500 5300 4.4
421 0 0 1.5
421 500 750 4.5
421 1000 3000 4.6
421 1500 5300 4.4
422 0 0 1.5
422 500 750 4.5
422 1000 3000 4.6
422 1500 5300 4.4
423 0 0 1.5
423 500 750 4.5
423 1000 3000 4.6
423 1500 5300 4.4
424 0 0 1.5
424 500 750 4.5
424 1000 3000 4.6
424 1500 5300 4.4
425 0 0 1.5
425 500 750 4.5
425 1000 3000 4.6
425 1500 5300 4.4
426 0 0 1.5
426 500 750 4.5
426 1000 3000 4.6
426 1500 5300 4.4
427 0 0 1.5
427 500 750 4.5
427 1000 3000 4.6
427 1500 5300 4.4
428 0 0 1.5
428 500 750 4.5
428 1000 3000 4.6
428 1500 5300 4.4
429 0 0 1.5
429 500 750 4.5
429 1000 3000 4.6
429 1500 5300 4.4
430 0 0 1.5
430 500 750 4.5
430 1000 3000 4.6
430 1500 5300 4.4
431 0 0 1.5
431 500 750 4.5
431 1000 3000 4.6
431 1500 5300 4.4
432 0 0 1.5
432 500 750 4.5
432 1000 3000 4.6
432 1500 5300 4.4
433 0 0 1.5
433 500 750 4.5
433 1000 3000 4.6
433 1500 5300 4.4
434 0 0 1.5
434 500 750 4.5
434 1000 3000 4.6
434 1500 5300 4.4
435 0 0 1.5
435 500 750 4.5
435 1000 3000 4.6
435 1500 5300 4.4
436 0 0 1.5
436 500 750 4.5
436 1000 3000 4.6
436 1500 5300 4.4
437 0 0 1.5
437 500 750 4.5
437 1000 3000 4.6
437 1500 5300 4.4
438 0 0 1.5
438 500 750 4.5
438 1000 3000 4.6
438 1500 5300 4.4
439 0 0 1.5
439 500 750 4.5
439 1000 3000 4.6
439 1500 5300 4.4
440 0 0 1.5
440 500 750 4.5
440 1000 3000 4.6
440 1500 5300 4.4
441 0 0 1.5
441 500 750 4.5
441 1000 3000 4.6
441 1500 5300 4.4
442 0 0 1.5
442 500 750 4.5
442 1000 3000 4.6
442 1500 5300 4.4
443 0 0 1.5
443 500 750 4.5
443 1000 3000 4.6
443 1500 5300 4.4
444 0 0 1.5
444 500 750 4.5
444 1000 3000 4.6
444 1500 5300 4.4
445 0 0 1.5
445 500 750 4.5
445 1000 3000 4.6
445 1500 5300 4.4
446 0 0 1.5
446 500 750 4.5
446 1000 3000 4.6
446 1500 5300 4.4
447 0 0 1.5
447 500 750 4.5
447 1000 3000 4.6
447 1500 5300 4.4
448 0 0 1.5
448 500 750 4.5
448 1000 3000 4.6
448 1500 5300 4.4
449 0 0 1.5
449 500 750 4.5
449 1000 3000 4.6
449 1500 5300 4.4
450 0 0 1.5
450 500 750 4.5
450 1000 3000 4.6
450 1500 5300 4.4
451 0 0 1.5
451 500 750 4.5
451 1000 3000 4.6
451 1500 5300 4.4
452 0 0 1.5
452 500 750 4.5
452 1000 3000 4.6
452 1500 5300 4.4
453 0 0 1.5
453 500 750 4.5
453 1000 3000 4.6
453 1500 5300 4.4
454 0 0 1.5
454 500 750 4.5
454 1000 3000 4.6
454 1500 5300 4.4
455 0 0 1.5
455 500 750 4.5
455 1000 3000 4.6
455 1500 5300 4.4
456 0 0 1.5
456 500 750 4.5
456 1000 3000 4.6
456 1500 5300 4.4
457 0 0 1.5
457 500 750 4.5
457 1000 3000 4.6
457 1500 5300 4.4
458 0 0 1.5
458 500 750 4.5
458 1000 3000 4.6
458 1500 5300 4.4
459 0 0 1.5
459 500 750 4.5
459 1000 3000 4.6
459 1500 5300 4.4
460 0 0 1.5
460 500 750 4.5
460 1000 3000 4.6
460 1500 5300 4.4
461 0 0 1.5
461 500 750 4.5
461 1000 3000 4.6
461 1500 5300 4.4
462 0 0 1.5
462 500 750 4.5
462 1000 3000 4.6
462 1500 5300 4.4
463 0 0 1.5
463 500 750 4.5
463 1000 3000 4.6
463 1500 5300 4.4
464 0 0 1.5
464 500 750 4.5
464 1000 3000 4.6
464 1500 5300 4.4
465 0 0 1.5
465 500 750 4.5
465 1000 3000 4.6
465 1500 5300 4.4
466 0 0 1.5
466 500 750 4.5
466 1000 3000 4.6
466 1500 5300 4.4
467 0 0 1.5
467 500 750 4.5
467 1000 3000 4.6
467 1500 5300 4.4
468 0 0 1.5
468 500 750 4.5
468 1000 3000 4.6
468 1500 5300 4.4
469 0 0 1.5
469 500 750 4.5
469 1000 3000 4.6
469 1500 5300 4.4
470 0 0 1.5
470 500 750 4.5
470 1000 3000 4.6
470 1500 5300 4.4
471 0 0 1.5
471 500 750 4.5
471 1000 3000 4.6
471 1500 5300 4.4
472 0 0 1.5
472 500 750 4.5
472 1000 3000 4.6
472 1500 5300 4.4
473 0 0 1.5
473 500 750 4.5
473 1000 3000 4.6
473 1500 5300 4.4
474 0 0 1.5
474 500 750 4.5
474 1000 3000 4.6
474 1500 5300 4.4
475 0 0 1.5
475 500 750 4.5
475 1000 3000 4.6
475 1500 5300 4.4
476 0 0 1.5
476 500 750 4.5
476 1000 3000 4.6
476 1500 5300 4.4
477 0 0 1.5
477 500 750 4.5
477 1000 3000 4.6
477 1500 5300 4.4
478 0 0 1.5
478 500 750 4.5
478 1000 3000 4.6
478 1500 5300 4.4
479 0 0 1.5
479 500 750 4.5
479 1000 3000 4.6
479 1500 5300 4.4
480 0 0 1.5
480 500 750 4.5
480 1000 3000 4.6
480 1500 5300 4.4
481 0 0 1.5
481 500 750 4.5
481 1000 3000 4.6
481 1500 5300 4.4
482 0 0 1.5
482 500 750 4.5
482 1000 3000 4.6
482 1500 5300 4.4
483 0 0 1.5
483 500 750 4.5
483 1000 3000 4.6
483 1500 5300 4.4
484 0 0 1.5
484 500 750 4.5
484 1000 3000 4.6
484 1500 5300 4.4
485 0 0 1.5
485 500 750 4.5
485 1000 3000 4.6
485 1500 5300 4.4
486 0 0 1.5
486 500 750 4.5
486 1000 3000 4.6
486 1500 5300 4.4
487 0 0 1.5
487 500 750 4.5
487 1000 3000 4.6
487 1500 5300 4.4
488 0 0 1.5
488 500 750 4.5
488 1000 3000 4.6
488 1500 5300 4.4
489 0 0 1.5
489 500 750 4.5
489 1000 3000 4.6
489 1500 5300 4.4
490 0 0 1.5
490 500 750 4.5
490 1000 3000 4.6
490 1500 5300 4.4
491 0 0 1.5
491 500 750 4.5
491 1000 3000 4.6
491 1500 5300 4.4
492 0 0 1.5
492 500 750 4.5
492 1000 3000 4.6
492 1500 5300 4.4
493 0 0 1.5
493 500 750 4.5
493 1000 3000 4.6
493 1500 5300 4.4
494 0 0 1.5
494 500 750 4.5
494 1000 3000 4.6
494 1500 5300 4.4
495 0 0 1.5
495 500 750 4.5
495 1000 3000 4.6
495 1500 5300 4.4
496 0 0 1.5
496 500 750 4.5
496 1000 3000 4.6
496 1500 5300 4.4
497 0 0 1.5
497 500 750 4.5
497 1000 3000 4.6
497 1500 5300 4.4
498 0 0 1.5
498 500 750 4.5
498 1000 3000 4.6
498 1500 5300 4.4
499 0 0 1.5
499 500 750 4.5
499 1000 3000 4.6
499 1500 5300 4.4
