500 4
0 0 0 1.2
0 25 30 2.4
0 50 90 1.2
0 75 120 4.2
1 0 0 1.2
1 25 30 2.4
1 50 90 1.2
1 75 120 4.2
2 0 0 1.2
2 25 30 2.4
2 50 90 1.2
2 75 120 4.2
3 0 0 1.2
3 25 30 2.4
3 50 90 1.2
3 75 120 4.2
4 0 0 1.2
4 25 30 2.4
4 50 90 1.2
4 75 120 4.2
5 0 0 1.2
5 25 30 2.4
5 50 90 1.2
5 75 120 4.2
6 0 0 1.2
6 25 30 2.4
6 50 90 1.2
6 75 120 4.2
7 0 0 1.2
7 25 30 2.4
7 50 90 1.2
7 75 120 4.2
8 0 0 1.2
8 25 30 2.4
8 50 90 1.2
8 75 120 4.2
9 0 0 1.2
9 25 30 2.4
9 50 90 1.2
9 75 120 4.2
10 0 0 1.2
10 25 30 2.4
10 50 90 1.2
10 75 120 4.2
11 0 0 1.2
11 25 30 2.4
11 50 90 1.2
11 75 120 4.2
12 0 0 1.2
12 25 30 2.4
12 50 90 1.2
12 75 120 4.2
13 0 0 1.2
13 25 30 2.4
13 50 90 1.2
13 75 120 4.2
14 0 0 1.2
14 25 30 2.4
14 50 90 1.2
14 75 120 4.2
15 0 0 1.2
15 25 30 2.4
15 50 90 1.2
15 75 120 4.2
16 0 0 1.2
16 25 30 2.4
16 50 90 1.2
16 75 120 4.2
17 0 0 1.2
17 25 30 2.4
17 50 90 1.2
17 75 120 4.2
18 0 0 1.2
18 25 30 2.4
18 50 90 1.2
18 75 120 4.2
19 0 0 1.2
19 25 30 2.4
19 50 90 1.2
19 75 120 4.2
20 0 0 1.2
20 25 30 2.4
20 50 90 1.2
20 75 120 4.2
21 0 0 1.2
21 25 30 2.4
21 50 90 1.2
21 75 120 4.2
22 0 0 1.2
22 25 30 2.4
22 50 90 1.2
22 75 120 4.2
23 0 0 1.2
23 25 30 2.4
23 50 90 1.2
23 75 120 4.2
24 0 0 1.2
24 25 30 2.4
24 50 90 1.2
24 75 120 4.2
25 0 0 1.2
25 25 30 2.4
25 50 90 1.2
25 75 120 4.2
26 0 0 1.2
26 25 30 2.4
26 50 90 1.2
26 75 120 4.2
27 0 0 1.2
27 25 30 2.4
27 50 90 1.2
27 75 120 4.2
28 0 0 1.2
28 25 30 2.4
28 50 90 1.2
28 75 120 4.2
29 0 0 1.2
29 25 30 2.4
29 50 90 1.2
29 75 120 4.2
30 0 0 1.2
30 25 30 2.4
30 50 90 1.2
30 75 120 4.2
31 0 0 1.2
31 25 30 2.4
31 50 90 1.2
31 75 120 4.2
32 0 0 1.2
32 25 30 2.4
32 50 90 1.2
32 75 120 4.2
33 0 0 1.2
33 25 30 2.4
33 50 90 1.2
33 75 120 4.2
34 0 0 1.2
34 25 30 2.4
34 50 90 1.2
34 75 120 4.2
35 0 0 1.2
35 25 30 2.4
35 50 90 1.2
35 75 120 4.2
36 0 0 1.2
36 25 30 2.4
36 50 90 1.2
36 75 120 4.2
37 0 0 1.2
37 25 30 2.4
37 50 90 1.2
37 75 120 4.2
38 0 0 1.2
38 25 30 2.4
38 50 90 1.2
38 75 120 4.2
39 0 0 1.2
39 25 30 2.4
39 50 90 1.2
39 75 120 4.2
40 0 0 1.2
40 25 30 2.4
40 50 90 1.2
40 75 120 4.2
41 0 0 1.2
41 25 30 2.4
41 50 90 1.2
41 75 120 4.2
42 0 0 1.2
42 25 30 2.4
42 50 90 1.2
42 75 120 4.2
43 0 0 1.2
43 25 30 2.4
43 50 90 1.2
43 75 120 4.2
44 0 0 1.2
44 25 30 2.4
44 50 90 1.2
44 75 120 4.2
45 0 0 1.2
45 25 30 2.4
45 50 90 1.2
45 75 120 4.2
46 0 0 1.2
46 25 30 2.4
46 50 90 1.2
46 75 120 4.2
47 0 0 1.2
47 25 30 2.4
47 50 90 1.2
47 75 120 4.2
48 0 0 1.2
48 25 30 2.4
48 50 90 1.2
48 75 120 4.2
49 0 0 1.2
49 25 30 2.4
49 50 90 1.2
49 75 120 4.2
50 0 0 1.2
50 25 30 2.4
50 50 90 1.2
50 75 120 4.2
51 0 0 1.2
51 25 30 2.4
51 50 90 1.2
51 75 120 4.2
52 0 0 1.2
52 25 30 2.4
52 50 90 1.2
52 75 120 4.2
53 0 0 1.2
53 25 30 2.4
53 50 90 1.2
53 75 120 4.2
54 0 0 1.2
54 25 30 2.4
54 50 90 1.2
54 75 120 4.2
55 0 0 1.2
55 25 30 2.4
55 50 90 1.2
55 75 120 4.2
56 0 0 1.2
56 25 30 2.4
56 50 90 1.2
56 75 120 4.2
57 0 0 1.2
57 25 30 2.4
57 50 90 1.2
57 75 120 4.2
58 0 0 1.2
58 25 30 2.4
58 50 90 1.2
58 75 120 4.2
59 0 0 1.2
59 25 30 2.4
59 50 90 1.2
59 75 120 4.2
60 0 0 1.2
60 25 30 2.4
60 50 90 1.2
60 75 120 4.2
61 0 0 1.2
61 25 30 2.4
61 50 90 1.2
61 75 120 4.2
62 0 0 1.2
62 25 30 2.4
62 50 90 1.2
62 75 120 4.2
63 0 0 1.2
63 25 30 2.4
63 50 90 1.2
63 75 120 4.2
64 0 0 1.2
64 25 30 2.4
64 50 90 1.2
64 75 120 4.2
65 0 0 1.2
65 25 30 2.4
65 50 90 1.2
65 75 120 4.2
66 0 0 1.2
66 25 30 2.4
66 50 90 1.2
66 75 120 4.2
67 0 0 1.2
67 25 30 2.4
67 50 90 1.2
67 75 120 4.2
68 0 0 1.2
68 25 30 2.4
68 50 90 1.2
68 75 120 4.2
69 0 0 1.2
69 25 30 2.4
69 50 90 1.2
69 75 120 4.2
70 0 0 1.2
70 25 30 2.4
70 50 90 1.2
70 75 120 4.2
71 0 0 1.2
71 25 30 2.4
71 50 90 1.2
71 75 120 4.2
72 0 0 1.2
72 25 30 2.4
72 50 90 1.2
72 75 120 4.2
73 0 0 1.2
73 25 30 2.4
73 50 90 1.2
73 75 120 4.2
74 0 0 1.2
74 25 30 2.4
74 50 90 1.2
74 75 120 4.2
75 0 0 1.2
75 25 30 2.4
75 50 90 1.2
75 75 120 4.2
76 0 0 1.2
76 25 30 2.4
76 50 90 1.2
76 75 120 4.2
77 0 0 1.2
77 25 30 2.4
77 50 90 1.2
77 75 120 4.2
78 0 0 1.2
78 25 30 2.4
78 50 90 1.2
78 75 120 4.2
79 0 0 1.2
79 25 30 2.4
79 50 90 1.2
79 75 120 4.2
80 0 0 1.2
80 25 30 2.4
80 50 90 1.2
80 75 120 4.2
81 0 0 1.2
81 25 30 2.4
81 50 90 1.2
81 75 120 4.2
82 0 0 1.2
82 25 30 2.4
82 50 90 1.2
82 75 120 4.2
83 0 0 1.2
83 25 30 2.4
83 50 90 1.2
83 75 120 4.2
84 0 0 1.2
84 25 30 2.4
84 50 90 1.2
84 75 120 4.2
85 0 0 1.2
85 25 30 2.4
85 50 90 1.2
85 75 120 4.2
86 0 0 1.2
86 25 30 2.4
86 50 90 1.2
86 75 120 4.2
87 0 0 1.2
87 25 30 2.4
87 50 90 1.2
87 75 120 4.2
88 0 0 1.2
88 25 30 2.4
88 50 90 1.2
88 75 120 4.2
89 0 0 1.2
89 25 30 2.4
89 50 90 1.2
89 75 120 4.2
90 0 0 1.2
90 25 30 2.4
90 50 90 1.2
90 75 120 4.2
91 0 0 1.2
91 25 30 2.4
91 50 90 1.2
91 75 120 4.2
92 0 0 1.2
92 25 30 2.4
92 50 90 1.2
92 75 120 4.2
93 0 0 1.2
93 25 30 2.4
93 50 90 1.2
93 75 120 4.2
94 0 0 1.2
94 25 30 2.4
94 50 90 1.2
94 75 120 4.2
95 0 0 1.2
95 25 30 2.4
95 50 90 1.2
95 75 120 4.2
96 0 0 1.2
96 25 30 2.4
96 50 90 1.2
96 75 120 4.2
97 0 0 1.2
97 25 30 2.4
97 50 90 1.2
97 75 120 4.2
98 0 0 1.2
98 25 30 2.4
98 50 90 1.2
98 75 120 4.2
99 0 0 1.2
99 25 30 2.4
99 50 90 1.2
99 75 120 4.2
100 0 0 1.2
100 25 30 2.4
100 50 90 1.2
100 75 120 4.2
101 0 0 1.2
101 25 30 2.4
101 50 90 1.2
101 75 120 4.2
102 0 0 1.2
102 25 30 2.4
102 50 90 1.2
102 75 120 4.2
103 0 0 1.2
103 25 30 2.4
103 50 90 1.2
103 75 120 4.2
104 0 0 1.2
104 25 30 2.4
104 50 90 1.2
104 75 120 4.2
105 0 0 1.2
105 25 30 2.4
105 50 90 1.2
105 75 120 4.2
106 0 0 1.2
106 25 30 2.4
106 50 90 1.2
106 75 120 4.2
107 0 0 1.2
107 25 30 2.4
107 50 90 1.2
107 75 120 4.2
108 0 0 1.2
108 25 30 2.4
108 50 90 1.2
108 75 120 4.2
109 0 0 1.2
109 25 30 2.4
109 50 90 1.2
109 75 120 4.2
110 0 0 1.2
110 25 30 2.4
110 50 90 1.2
110 75 120 4.2
111 0 0 1.2
111 25 30 2.4
111 50 90 1.2
111 75 120 4.2
112 0 0 1.2
112 25 30 2.4
112 50 90 1.2
112 75 120 4.2
113 0 0 1.2
113 25 30 2.4
113 50 90 1.2
113 75 120 4.2
114 0 0 1.2
114 25 30 2.4
114 50 90 1.2
114 75 120 4.2
115 0 0 1.2
115 25 30 2.4
115 50 90 1.2
115 75 120 4.2
116 0 0 1.2
116 25 30 2.4
116 50 90 1.2
116 75 120 4.2
117 0 0 1.2
117 25 30 2.4
117 50 90 1.2
117 75 120 4.2
118 0 0 1.2
118 25 30 2.4
118 50 90 1.2
118 75 120 4.2
119 0 0 1.2
119 25 30 2.4
119 50 90 1.2
119 75 120 4.2
120 0 0 1.2
120 25 30 2.4
120 50 90 1.2
120 75 120 4.2
121 0 0 1.2
121 25 30 2.4
121 50 90 1.2
121 75 120 4.2
122 0 0 1.2
122 25 30 2.4
122 50 90 1.2
122 75 120 4.2
123 0 0 1.2
123 25 30 2.4
123 50 90 1.2
123 75 120 4.2
124 0 0 1.2
124 25 30 2.4
124 50 90 1.2
124 75 120 4.2
125 0 0 1.2
125 25 30 2.4
125 50 90 1.2
125 75 120 4.2
126 0 0 1.2
126 25 30 2.4
126 50 90 1.2
126 75 120 4.2
127 0 0 1.2
127 25 30 2.4
127 50 90 1.2
127 75 120 4.2
128 0 0 1.2
128 25 30 2.4
128 50 90 1.2
128 75 120 4.2
129 0 0 1.2
129 25 30 2.4
129 50 90 1.2
129 75 120 4.2
130 0 0 1.2
130 25 30 2.4
130 50 90 1.2
130 75 120 4.2
131 0 0 1.2
131 25 30 2.4
131 50 90 1.2
131 75 120 4.2
132 0 0 1.2
132 25 30 2.4
132 50 90 1.2
132 75 120 4.2
133 0 0 1.2
133 25 30 2.4
133 50 90 1.2
133 75 120 4.2
134 0 0 1.2
134 25 30 2.4
134 50 90 1.2
134 75 120 4.2
135 0 0 1.2
135 25 30 2.4
135 50 90 1.2
135 75 120 4.2
136 0 0 1.2
136 25 30 2.4
136 50 90 1.2
136 75 120 4.2
137 0 0 1.2
137 25 30 2.4
137 50 90 1.2
137 75 120 4.2
138 0 0 1.2
138 25 30 2.4
138 50 90 1.2
138 75 120 4.2
139 0 0 1.2
139 25 30 2.4
139 50 90 1.2
139 75 120 4.2
140 0 0 1.2
140 25 30 2.4
140 50 90 1.2
140 75 120 4.2
141 0 0 1.2
141 25 30 2.4
141 50 90 1.2
141 75 120 4.2
142 0 0 1.2
142 25 30 2.4
142 50 90 1.2
142 75 120 4.2
143 0 0 1.2
143 25 30 2.4
143 50 90 1.2
143 75 120 4.2
144 0 0 1.2
144 25 30 2.4
144 50 90 1.2
144 75 120 4.2
145 0 0 1.2
145 25 30 2.4
145 50 90 1.2
145 75 120 4.2
146 0 0 1.2
146 25 30 2.4
146 50 90 1.2
146 75 120 4.2
147 0 0 1.2
147 25 30 2.4
147 50 90 1.2
147 75 120 4.2
148 0 0 1.2
148 25 30 2.4
148 50 90 1.2
148 75 120 4.2
149 0 0 1.2
149 25 30 2.4
149 50 90 1.2
149 75 120 4.2
150 0 0 1.2
150 25 30 2.4
150 50 90 1.2
150 75 120 4.2
151 0 0 1.2
151 25 30 2.4
151 50 90 1.2
151 75 120 4.2
152 0 0 1.2
152 25 30 2.4
152 50 90 1.2
152 75 120 4.2
153 0 0 1.2
153 25 30 2.4
153 50 90 1.2
153 75 120 4.2
154 0 0 1.2
154 25 30 2.4
154 50 90 1.2
154 75 120 4.2
155 0 0 1.2
155 25 30 2.4
155 50 90 1.2
155 75 120 4.2
156 0 0 1.2
156 25 30 2.4
156 50 90 1.2
156 75 120 4.2
157 0 0 1.2
157 25 30 2.4
157 50 90 1.2
157 75 120 4.2
158 0 0 1.2
158 25 30 2.4
158 50 90 1.2
158 75 120 4.2
159 0 0 1.2
159 25 30 2.4
159 50 90 1.2
159 75 120 4.2
160 0 0 1.2
160 25 30 2.4
160 50 90 1.2
160 75 120 4.2
161 0 0 1.2
161 25 30 2.4
161 50 90 1.2
161 75 120 4.2
162 0 0 1.2
162 25 30 2.4
162 50 90 1.2
162 75 120 4.2
163 0 0 1.2
163 25 30 2.4
163 50 90 1.2
163 75 120 4.2
164 0 0 1.2
164 25 30 2.4
164 50 90 1.2
164 75 120 4.2
165 0 0 1.2
165 25 30 2.4
165 50 90 1.2
165 75 120 4.2
166 0 0 1.2
166 25 30 2.4
166 50 90 1.2
166 75 120 4.2
167 0 0 1.2
167 25 30 2.4
167 50 90 1.2
167 75 120 4.2
168 0 0 1.2
168 25 30 2.4
168 50 90 1.2
168 75 120 4.2
169 0 0 1.2
169 25 30 2.4
169 50 90 1.2
169 75 120 4.2
170 0 0 1.2
170 25 30 2.4
170 50 90 1.2
170 75 120 4.2
171 0 0 1.2
171 25 30 2.4
171 50 90 1.2
171 75 120 4.2
172 0 0 1.2
172 25 30 2.4
172 50 90 1.2
172 75 120 4.2
173 0 0 1.2
173 25 30 2.4
173 50 90 1.2
173 75 120 4.2
174 0 0 1.2
174 25 30 2.4
174 50 90 1.2
174 75 120 4.2
175 0 0 1.2
175 25 30 2.4
175 50 90 1.2
175 75 120 4.2
176 0 0 1.2
176 25 30 2.4
176 50 90 1.2
176 75 120 4.2
177 0 0 1.2
177 25 30 2.4
177 50 90 1.2
177 75 120 4.2
178 0 0 1.2
178 25 30 2.4
178 50 90 1.2
178 75 120 4.2
179 0 0 1.2
179 25 30 2.4
179 50 90 1.2
179 75 120 4.2
180 0 0 1.2
180 25 30 2.4
180 50 90 1.2
180 75 120 4.2
181 0 0 1.2
181 25 30 2.4
181 50 90 1.2
181 75 120 4.2
182 0 0 1.2
182 25 30 2.4
182 50 90 1.2
182 75 120 4.2
183 0 0 1.2
183 25 30 2.4
183 50 90 1.2
183 75 120 4.2
184 0 0 1.2
184 25 30 2.4
184 50 90 1.2
184 75 120 4.2
185 0 0 1.2
185 25 30 2.4
185 50 90 1.2
185 75 120 4.2
186 0 0 1.2
186 25 30 2.4
186 50 90 1.2
186 75 120 4.2
187 0 0 1.2
187 25 30 2.4
187 50 90 1.2
187 75 120 4.2
188 0 0 1.2
188 25 30 2.4
188 50 90 1.2
188 75 120 4.2
189 0 0 1.2
189 25 30 2.4
189 50 90 1.2
189 75 120 4.2
190 0 0 1.2
190 25 30 2.4
190 50 90 1.2
190 75 120 4.2
191 0 0 1.2
191 25 30 2.4
191 50 90 1.2
191 75 120 4.2
192 0 0 1.2
192 25 30 2.4
192 50 90 1.2
192 75 120 4.2
193 0 0 1.2
193 25 30 2.4
193 50 90 1.2
193 75 120 4.2
194 0 0 1.2
194 25 30 2.4
194 50 90 1.2
194 75 120 4.2
195 0 0 1.2
195 25 30 2.4
195 50 90 1.2
195 75 120 4.2
196 0 0 1.2
196 25 30 2.4
196 50 90 1.2
196 75 120 4.2
197 0 0 1.2
197 25 30 2.4
197 50 90 1.2
197 75 120 4.2
198 0 0 1.2
198 25 30 2.4
198 50 90 1.2
198 75 120 4.2
199 0 0 1.2
199 25 30 2.4
199 50 90 1.2
199 75 120 4.2
200 0 0 1.2
200 25 30 2.4
200 50 90 1.2
200 75 120 4.2
201 0 0 1.2
201 25 30 2.4
201 50 90 1.2
201 75 120 4.2
202 0 0 1.2
202 25 30 2.4
202 50 90 1.2
202 75 120 4.2
203 0 0 1.2
203 25 30 2.4
203 50 90 1.2
203 75 120 4.2
204 0 0 1.2
204 25 30 2.4
204 50 90 1.2
204 75 120 4.2
205 0 0 1.2
205 25 30 2.4
205 50 90 1.2
205 75 120 4.2
206 0 0 1.2
206 25 30 2.4
206 50 90 1.2
206 75 120 4.2
207 0 0 1.2
207 25 30 2.4
207 50 90 1.2
207 75 120 4.2
208 0 0 1.2
208 25 30 2.4
208 50 90 1.2
208 75 120 4.2
209 0 0 1.2
209 25 30 2.4
209 50 90 1.2
209 75 120 4.2
210 0 0 1.2
210 25 30 2.4
210 50 90 1.2
210 75 120 4.2
211 0 0 1.2
211 25 30 2.4
211 50 90 1.2
211 75 120 4.2
212 0 0 1.2
212 25 30 2.4
212 50 90 1.2
212 75 120 4.2
213 0 0 1.2
213 25 30 2.4
213 50 90 1.2
213 75 120 4.2
214 0 0 1.2
214 25 30 2.4
214 50 90 1.2
214 75 120 4.2
215 0 0 1.2
215 25 30 2.4
215 50 90 1.2
215 75 120 4.2
216 0 0 1.2
216 25 30 2.4
216 50 90 1.2
216 75 120 4.2
217 0 0 1.2
217 25 30 2.4
217 50 90 1.2
217 75 120 4.2
218 0 0 1.2
218 25 30 2.4
218 50 90 1.2
218 75 120 4.2
219 0 0 1.2
219 25 30 2.4
219 50 90 1.2
219 75 120 4.2
220 0 0 1.2
220 25 30 2.4
220 50 90 1.2
220 75 120 4.2
221 0 0 1.2
221 25 30 2.4
221 50 90 1.2
221 75 120 4.2
222 0 0 1.2
222 25 30 2.4
222 50 90 1.2
222 75 120 4.2
223 0 0 1.2
223 25 30 2.4
223 50 90 1.2
223 75 120 4.2
224 0 0 1.2
224 25 30 2.4
224 50 90 1.2
224 75 120 4.2
225 0 0 1.2
225 25 30 2.4
225 50 90 1.2
225 75 120 4.2
226 0 0 1.2
226 25 30 2.4
226 50 90 1.2
226 75 120 4.2
227 0 0 1.2
227 25 30 2.4
227 50 90 1.2
227 75 120 4.2
228 0 0 1.2
228 25 30 2.4
228 50 90 1.2
228 75 120 4.2
229 0 0 1.2
229 25 30 2.4
229 50 90 1.2
229 75 120 4.2
230 0 0 1.2
230 25 30 2.4
230 50 90 1.2
230 75 120 4.2
231 0 0 1.2
231 25 30 2.4
231 50 90 1.2
231 75 120 4.2
232 0 0 1.2
232 25 30 2.4
232 50 90 1.2
232 75 120 4.2
233 0 0 1.2
233 25 30 2.4
233 50 90 1.2
233 75 120 4.2
234 0 0 1.2
234 25 30 2.4
234 50 90 1.2
234 75 120 4.2
235 0 0 1.2
235 25 30 2.4
235 50 90 1.2
235 75 120 4.2
236 0 0 1.2
236 25 30 2.4
236 50 90 1.2
236 75 120 4.2
237 0 0 1.2
237 25 30 2.4
237 50 90 1.2
237 75 120 4.2
238 0 0 1.2
238 25 30 2.4
238 50 90 1.2
238 75 120 4.2
239 0 0 1.2
239 25 30 2.4
239 50 90 1.2
239 75 120 4.2
240 0 0 1.2
240 25 30 2.4
240 50 90 1.2
240 75 120 4.2
241 0 0 1.2
241 25 30 2.4
241 50 90 1.2
241 75 120 4.2
242 0 0 1.2
242 25 30 2.4
242 50 90 1.2
242 75 120 4.2
243 0 0 1.2
243 25 30 2.4
243 50 90 1.2
243 75 120 4.2
244 0 0 1.2
244 25 30 2.4
244 50 90 1.2
244 75 120 4.2
245 0 0 1.2
245 25 30 2.4
245 50 90 1.2
245 75 120 4.2
246 0 0 1.2
246 25 30 2.4
246 50 90 1.2
246 75 120 4.2
247 0 0 1.2
247 25 30 2.4
247 50 90 1.2
247 75 120 4.2
248 0 0 1.2
248 25 30 2.4
248 50 90 1.2
248 75 120 4.2
249 0 0 1.2
249 25 30 2.4
249 50 90 1.2
249 75 120 4.2
250 0 0 1.2
250 25 30 2.4
250 50 90 1.2
250 75 120 4.2
251 0 0 1.2
251 25 30 2.4
251 50 90 1.2
251 75 120 4.2
252 0 0 1.2
252 25 30 2.4
252 50 90 1.2
252 75 120 4.2
253 0 0 1.2
253 25 30 2.4
253 50 90 1.2
253 75 120 4.2
254 0 0 1.2
254 25 30 2.4
254 50 90 1.2
254 75 120 4.2
255 0 0 1.2
255 25 30 2.4
255 50 90 1.2
255 75 120 4.2
256 0 0 1.2
256 25 30 2.4
256 50 90 1.2
256 75 120 4.2
257 0 0 1.2
257 25 30 2.4
257 50 90 1.2
257 75 120 4.2
258 0 0 1.2
258 25 30 2.4
258 50 90 1.2
258 75 120 4.2
259 0 0 1.2
259 25 30 2.4
259 50 90 1.2
259 75 120 4.2
260 0 0 1.2
260 25 30 2.4
260 50 90 1.2
260 75 120 4.2
261 0 0 1.2
261 25 30 2.4
261 50 90 1.2
261 75 120 4.2
262 0 0 1.2
262 25 30 2.4
262 50 90 1.2
262 75 120 4.2
263 0 0 1.2
263 25 30 2.4
263 50 90 1.2
263 75 120 4.2
264 0 0 1.2
264 25 30 2.4
264 50 90 1.2
264 75 120 4.2
265 0 0 1.2
265 25 30 2.4
265 50 90 1.2
265 75 120 4.2
266 0 0 1.2
266 25 30 2.4
266 50 90 1.2
266 75 120 4.2
267 0 0 1.2
267 25 30 2.4
267 50 90 1.2
267 75 120 4.2
268 0 0 1.2
268 25 30 2.4
268 50 90 1.2
268 75 120 4.2
269 0 0 1.2
269 25 30 2.4
269 50 90 1.2
269 75 120 4.2
270 0 0 1.2
270 25 30 2.4
270 50 90 1.2
270 75 120 4.2
271 0 0 1.2
271 25 30 2.4
271 50 90 1.2
271 75 120 4.2
272 0 0 1.2
272 25 30 2.4
272 50 90 1.2
272 75 120 4.2
273 0 0 1.2
273 25 30 2.4
273 50 90 1.2
273 75 120 4.2
274 0 0 1.2
274 25 30 2.4
274 50 90 1.2
274 75 120 4.2
275 0 0 1.2
275 25 30 2.4
275 50 90 1.2
275 75 120 4.2
276 0 0 1.2
276 25 30 2.4
276 50 90 1.2
276 75 120 4.2
277 0 0 1.2
277 25 30 2.4
277 50 90 1.2
277 75 120 4.2
278 0 0 1.2
278 25 30 2.4
278 50 90 1.2
278 75 120 4.2
279 0 0 1.2
279 25 30 2.4
279 50 90 1.2
279 75 120 4.2
280 0 0 1.2
280 25 30 2.4
280 50 90 1.2
280 75 120 4.2
281 0 0 1.2
281 25 30 2.4
281 50 90 1.2
281 75 120 4.2
282 0 0 1.2
282 25 30 2.4
282 50 90 1.2
282 75 120 4.2
283 0 0 1.2
283 25 30 2.4
283 50 90 1.2
283 75 120 4.2
284 0 0 1.2
284 25 30 2.4
284 50 90 1.2
284 75 120 4.2
285 0 0 1.2
285 25 30 2.4
285 50 90 1.2
285 75 120 4.2
286 0 0 1.2
286 25 30 2.4
286 50 90 1.2
286 75 120 4.2
287 0 0 1.2
287 25 30 2.4
287 50 90 1.2
287 75 120 4.2
288 0 0 1.2
288 25 30 2.4
288 50 90 1.2
288 75 120 4.2
289 0 0 1.2
289 25 30 2.4
289 50 90 1.2
289 75 120 4.2
290 0 0 1.2
290 25 30 2.4
290 50 90 1.2
290 75 120 4.2
291 0 0 1.2
291 25 30 2.4
291 50 90 1.2
291 75 120 4.2
292 0 0 1.2
292 25 30 2.4
292 50 90 1.2
292 75 120 4.2
293 0 0 1.2
293 25 30 2.4
293 50 90 1.2
293 75 120 4.2
294 0 0 1.2
294 25 30 2.4
294 50 90 1.2
294 75 120 4.2
295 0 0 1.2
295 25 30 2.4
295 50 90 1.2
295 75 120 4.2
296 0 0 1.2
296 25 30 2.4
296 50 90 1.2
296 75 120 4.2
297 0 0 1.2
297 25 30 2.4
297 50 90 1.2
297 75 120 4.2
298 0 0 1.2
298 25 30 2.4
298 50 90 1.2
298 75 120 4.2
299 0 0 1.2
299 25 30 2.4
299 50 90 1.2
299 75 120 4.2
300 0 0 1.2
300 25 30 2.4
300 50 90 1.2
300 75 120 4.2
301 0 0 1.2
301 25 30 2.4
301 50 90 1.2
301 75 120 4.2
302 0 0 1.2
302 25 30 2.4
302 50 90 1.2
302 75 120 4.2
303 0 0 1.2
303 25 30 2.4
303 50 90 1.2
303 75 120 4.2
304 0 0 1.2
304 25 30 2.4
304 50 90 1.2
304 75 120 4.2
305 0 0 1.2
305 25 30 2.4
305 50 90 1.2
305 75 120 4.2
306 0 0 1.2
306 25 30 2.4
306 50 90 1.2
306 75 120 4.2
307 0 0 1.2
307 25 30 2.4
307 50 90 1.2
307 75 120 4.2
308 0 0 1.2
308 25 30 2.4
308 50 90 1.2
308 75 120 4.2
309 0 0 1.2
309 25 30 2.4
309 50 90 1.2
309 75 120 4.2
310 0 0 1.2
310 25 30 2.4
310 50 90 1.2
310 75 120 4.2
311 0 0 1.2
311 25 30 2.4
311 50 90 1.2
311 75 120 4.2
312 0 0 1.2
312 25 30 2.4
312 50 90 1.2
312 75 120 4.2
313 0 0 1.2
313 25 30 2.4
313 50 90 1.2
313 75 120 4.2
314 0 0 1.2
314 25 30 2.4
314 50 90 1.2
314 75 120 4.2
315 0 0 1.2
315 25 30 2.4
315 50 90 1.2
315 75 120 4.2
316 0 0 1.2
316 25 30 2.4
316 50 90 1.2
316 75 120 4.2
317 0 0 1.2
317 25 30 2.4
317 50 90 1.2
317 75 120 4.2
318 0 0 1.2
318 25 30 2.4
318 50 90 1.2
318 75 120 4.2
319 0 0 1.2
319 25 30 2.4
319 50 90 1.2
319 75 120 4.2
320 0 0 1.2
320 25 30 2.4
320 50 90 1.2
320 75 120 4.2
321 0 0 1.2
321 25 30 2.4
321 50 90 1.2
321 75 120 4.2
322 0 0 1.2
322 25 30 2.4
322 50 90 1.2
322 75 120 4.2
323 0 0 1.2
323 25 30 2.4
323 50 90 1.2
323 75 120 4.2
324 0 0 1.2
324 25 30 2.4
324 50 90 1.2
324 75 120 4.2
325 0 0 1.2
325 25 30 2.4
325 50 90 1.2
325 75 120 4.2
326 0 0 1.2
326 25 30 2.4
326 50 90 1.2
326 75 120 4.2
327 0 0 1.2
327 25 30 2.4
327 50 90 1.2
327 75 120 4.2
328 0 0 1.2
328 25 30 2.4
328 50 90 1.2
328 75 120 4.2
329 0 0 1.2
329 25 30 2.4
329 50 90 1.2
329 75 120 4.2
330 0 0 1.2
330 25 30 2.4
330 50 90 1.2
330 75 120 4.2
331 0 0 1.2
331 25 30 2.4
331 50 90 1.2
331 75 120 4.2
332 0 0 1.2
332 25 30 2.4
332 50 90 1.2
332 75 120 4.2
333 0 0 1.2
333 25 30 2.4
333 50 90 1.2
333 75 120 4.2
334 0 0 1.2
334 25 30 2.4
334 50 90 1.2
334 75 120 4.2
335 0 0 1.2
335 25 30 2.4
335 50 90 1.2
335 75 120 4.2
336 0 0 1.2
336 25 30 2.4
336 50 90 1.2
336 75 120 4.2
337 0 0 1.2
337 25 30 2.4
337 50 90 1.2
337 75 120 4.2
338 0 0 1.2
338 25 30 2.4
338 50 90 1.2
338 75 120 4.2
339 0 0 1.2
339 25 30 2.4
339 50 90 1.2
339 75 120 4.2
340 0 0 1.2
340 25 30 2.4
340 50 90 1.2
340 75 120 4.2
341 0 0 1.2
341 25 30 2.4
341 50 90 1.2
341 75 120 4.2
342 0 0 1.2
342 25 30 2.4
342 50 90 1.2
342 75 120 4.2
343 0 0 1.2
343 25 30 2.4
343 50 90 1.2
343 75 120 4.2
344 0 0 1.2
344 25 30 2.4
344 50 90 1.2
344 75 120 4.2
345 0 0 1.2
345 25 30 2.4
345 50 90 1.2
345 75 120 4.2
346 0 0 1.2
346 25 30 2.4
346 50 90 1.2
346 75 120 4.2
347 0 0 1.2
347 25 30 2.4
347 50 90 1.2
347 75 120 4.2
348 0 0 1.2
348 25 30 2.4
348 50 90 1.2
348 75 120 4.2
349 0 0 1.2
349 25 30 2.4
349 50 90 1.2
349 75 120 4.2
350 0 0 1.2
350 25 30 2.4
350 50 90 1.2
350 75 120 4.2
351 0 0 1.2
351 25 30 2.4
351 50 90 1.2
351 75 120 4.2
352 0 0 1.2
352 25 30 2.4
352 50 90 1.2
352 75 120 4.2
353 0 0 1.2
353 25 30 2.4
353 50 90 1.2
353 75 120 4.2
354 0 0 1.2
354 25 30 2.4
354 50 90 1.2
354 75 120 4.2
355 0 0 1.2
355 25 30 2.4
355 50 90 1.2
355 75 120 4.2
356 0 0 1.2
356 25 30 2.4
356 50 90 1.2
356 75 120 4.2
357 0 0 1.2
357 25 30 2.4
357 50 90 1.2
357 75 120 4.2
358 0 0 1.2
358 25 30 2.4
358 50 90 1.2
358 75 120 4.2
359 0 0 1.2
359 25 30 2.4
359 50 90 1.2
359 75 120 4.2
360 0 0 1.2
360 25 30 2.4
360 50 90 1.2
360 75 120 4.2
361 0 0 1.2
361 25 30 2.4
361 50 90 1.2
361 75 120 4.2
362 0 0 1.2
362 25 30 2.4
362 50 90 1.2
362 75 120 4.2
363 0 0 1.2
363 25 30 2.4
363 50 90 1.2
363 75 120 4.2
364 0 0 1.2
364 25 30 2.4
364 50 90 1.2
364 75 120 4.2
365 0 0 1.2
365 25 30 2.4
365 50 90 1.2
365 75 120 4.2
366 0 0 1.2
366 25 30 2.4
366 50 90 1.2
366 75 120 4.2
367 0 0 1.2
367 25 30 2.4
367 50 90 1.2
367 75 120 4.2
368 0 0 1.2
368 25 30 2.4
368 50 90 1.2
368 75 120 4.2
369 0 0 1.2
369 25 30 2.4
369 50 90 1.2
369 75 120 4.2
370 0 0 1.2
370 25 30 2.4
370 50 90 1.2
370 75 120 4.2
371 0 0 1.2
371 25 30 2.4
371 50 90 1.2
371 75 120 4.2
372 0 0 1.2
372 25 30 2.4
372 50 90 1.2
372 75 120 4.2
373 0 0 1.2
373 25 30 2.4
373 50 90 1.2
373 75 120 4.2
374 0 0 1.2
374 25 30 2.4
374 50 90 1.2
374 75 120 4.2
375 0 0 1.2
375 25 30 2.4
375 50 90 1.2
375 75 120 4.2
376 0 0 1.2
376 25 30 2.4
376 50 90 1.2
376 75 120 4.2
377 0 0 1.2
377 25 30 2.4
377 50 90 1.2
377 75 120 4.2
378 0 0 1.2
378 25 30 2.4
378 50 90 1.2
378 75 120 4.2
379 0 0 1.2
379 25 30 2.4
379 50 90 1.2
379 75 120 4.2
380 0 0 1.2
380 25 30 2.4
380 50 90 1.2
380 75 120 4.2
381 0 0 1.2
381 25 30 2.4
381 50 90 1.2
381 75 120 4.2
382 0 0 1.2
382 25 30 2.4
382 50 90 1.2
382 75 120 4.2
383 0 0 1.2
383 25 30 2.4
383 50 90 1.2
383 75 120 4.2
384 0 0 1.2
384 25 30 2.4
384 50 90 1.2
384 75 120 4.2
385 0 0 1.2
385 25 30 2.4
385 50 90 1.2
385 75 120 4.2
386 0 0 1.2
386 25 30 2.4
386 50 90 1.2
386 75 120 4.2
387 0 0 1.2
387 25 30 2.4
387 50 90 1.2
387 75 120 4.2
388 0 0 1.2
388 25 30 2.4
388 50 90 1.2
388 75 120 4.2
389 0 0 1.2
389 25 30 2.4
389 50 90 1.2
389 75 120 4.2
390 0 0 1.2
390 25 30 2.4
390 50 90 1.2
390 75 120 4.2
391 0 0 1.2
391 25 30 2.4
391 50 90 1.2
391 75 120 4.2
392 0 0 1.2
392 25 30 2.4
392 50 90 1.2
392 75 120 4.2
393 0 0 1.2
393 25 30 2.4
393 50 90 1.2
393 75 120 4.2
394 0 0 1.2
394 25 30 2.4
394 50 90 1.2
394 75 120 4.2
395 0 0 1.2
395 25 30 2.4
395 50 90 1.2
395 75 120 4.2
396 0 0 1.2
396 25 30 2.4
396 50 90 1.2
396 75 120 4.2
397 0 0 1.2
397 25 30 2.4
397 50 90 1.2
397 75 120 4.2
398 0 0 1.2
398 25 30 2.4
398 50 90 1.2
398 75 120 4.2
399 0 0 1.2
399 25 30 2.4
399 50 90 1.2
399 75 120 4.2
400 0 0 1.2
400 25 30 2.4
400 50 90 1.2
400 75 120 4.2
401 0 0 1.2
401 25 30 2.4
401 50 90 1.2
401 75 120 4.2
402 0 0 1.2
402 25 30 2.4
402 50 90 1.2
402 75 120 4.2
403 0 0 1.2
403 25 30 2.4
403 50 90 1.2
403 75 120 4.2
404 0 0 1.2
404 25 30 2.4
404 50 90 1.2
404 75 120 4.2
405 0 0 1.2
405 25 30 2.4
405 50 90 1.2
405 75 120 4.2
406 0 0 1.2
406 25 30 2.4
406 50 90 1.2
406 75 120 4.2
407 0 0 1.2
407 25 30 2.4
407 50 90 1.2
407 75 120 4.2
408 0 0 1.2
408 25 30 2.4
408 50 90 1.2
408 75 120 4.2
409 0 0 1.2
409 25 30 2.4
409 50 90 1.2
409 75 120 4.2
410 0 0 1.2
410 25 30 2.4
410 50 90 1.2
410 75 120 4.2
411 0 0 1.2
411 25 30 2.4
411 50 90 1.2
411 75 120 4.2
412 0 0 1.2
412 25 30 2.4
412 50 90 1.2
412 75 120 4.2
413 0 0 1.2
413 25 30 2.4
413 50 90 1.2
413 75 120 4.2
414 0 0 1.2
414 25 30 2.4
414 50 90 1.2
414 75 120 4.2
415 0 0 1.2
415 25 30 2.4
415 50 90 1.2
415 75 120 4.2
416 0 0 1.2
416 25 30 2.4
416 50 90 1.2
416 75 120 4.2
417 0 0 1.2
417 25 30 2.4
417 50 90 1.2
417 75 120 4.2
418 0 0 1.2
418 25 30 2.4
418 50 90 1.2
418 75 120 4.2
419 0 0 1.2
419 25 30 2.4
419 50 90 1.2
419 75 120 4.2
420 0 0 1.2
420 25 30 2.4
420 50 90 1.2
420 75 120 4.2
421 0 0 1.2
421 25 30 2.4
421 50 90 1.2
421 75 120 4.2
422 0 0 1.2
422 25 30 2.4
422 50 90 1.2
422 75 120 4.2
423 0 0 1.2
423 25 30 2.4
423 50 90 1.2
423 75 120 4.2
424 0 0 1.2
424 25 30 2.4
424 50 90 1.2
424 75 120 4.2
425 0 0 1.2
425 25 30 2.4
425 50 90 1.2
425 75 120 4.2
426 0 0 1.2
426 25 30 2.4
426 50 90 1.2
426 75 120 4.2
427 0 0 1.2
427 25 30 2.4
427 50 90 1.2
427 75 120 4.2
428 0 0 1.2
428 25 30 2.4
428 50 90 1.2
428 75 120 4.2
429 0 0 1.2
429 25 30 2.4
429 50 90 1.2
429 75 120 4.2
430 0 0 1.2
430 25 30 2.4
430 50 90 1.2
430 75 120 4.2
431 0 0 1.2
431 25 30 2.4
431 50 90 1.2
431 75 120 4.2
432 0 0 1.2
432 25 30 2.4
432 50 90 1.2
432 75 120 4.2
433 0 0 1.2
433 25 30 2.4
433 50 90 1.2
433 75 120 4.2
434 0 0 1.2
434 25 30 2.4
434 50 90 1.2
434 75 120 4.2
435 0 0 1.2
435 25 30 2.4
435 50 90 1.2
435 75 120 4.2
436 0 0 1.2
436 25 30 2.4
436 50 90 1.2
436 75 120 4.2
437 0 0 1.2
437 25 30 2.4
437 50 90 1.2
437 75 120 4.2
438 0 0 1.2
438 25 30 2.4
438 50 90 1.2
438 75 120 4.2
439 0 0 1.2
439 25 30 2.4
439 50 90 1.2
439 75 120 4.2
440 0 0 1.2
440 25 30 2.4
440 50 90 1.2
440 75 120 4.2
441 0 0 1.2
441 25 30 2.4
441 50 90 1.2
441 75 120 4.2
442 0 0 1.2
442 25 30 2.4
442 50 90 1.2
442 75 120 4.2
443 0 0 1.2
443 25 30 2.4
443 50 90 1.2
443 75 120 4.2
444 0 0 1.2
444 25 30 2.4
444 50 90 1.2
444 75 120 4.2
445 0 0 1.2
445 25 30 2.4
445 50 90 1.2
445 75 120 4.2
446 0 0 1.2
446 25 30 2.4
446 50 90 1.2
446 75 120 4.2
447 0 0 1.2
447 25 30 2.4
447 50 90 1.2
447 75 120 4.2
448 0 0 1.2
448 25 30 2.4
448 50 90 1.2
448 75 120 4.2
449 0 0 1.2
449 25 30 2.4
449 50 90 1.2
449 75 120 4.2
450 0 0 1.2
450 25 30 2.4
450 50 90 1.2
450 75 120 4.2
451 0 0 1.2
451 25 30 2.4
451 50 90 1.2
451 75 120 4.2
452 0 0 1.2
452 25 30 2.4
452 50 90 1.2
452 75 120 4.2
453 0 0 1.2
453 25 30 2.4
453 50 90 1.2
453 75 120 4.2
454 0 0 1.2
454 25 30 2.4
454 50 90 1.2
454 75 120 4.2
455 0 0 1.2
455 25 30 2.4
455 50 90 1.2
455 75 120 4.2
456 0 0 1.2
456 25 30 2.4
456 50 90 1.2
456 75 120 4.2
457 0 0 1.2
457 25 30 2.4
457 50 90 1.2
457 75 120 4.2
458 0 0 1.2
458 25 30 2.4
458 50 90 1.2
458 75 120 4.2
459 0 0 1.2
459 25 30 2.4
459 50 90 1.2
459 75 120 4.2
460 0 0 1.2
460 25 30 2.4
460 50 90 1.2
460 75 120 4.2
461 0 0 1.2
461 25 30 2.4
461 50 90 1.2
461 75 120 4.2
462 0 0 1.2
462 25 30 2.4
462 50 90 1.2
462 75 120 4.2
463 0 0 1.2
463 25 30 2.4
463 50 90 1.2
463 75 120 4.2
464 0 0 1.2
464 25 30 2.4
464 50 90 1.2
464 75 120 4.2
465 0 0 1.2
465 25 30 2.4
465 50 90 1.2
465 75 120 4.2
466 0 0 1.2
466 25 30 2.4
466 50 90 1.2
466 75 120 4.2
467 0 0 1.2
467 25 30 2.4
467 50 90 1.2
467 75 120 4.2
468 0 0 1.2
468 25 30 2.4
468 50 90 1.2
468 75 120 4.2
469 0 0 1.2
469 25 30 2.4
469 50 90 1.2
469 75 120 4.2
470 0 0 1.2
470 25 30 2.4
470 50 90 1.2
470 75 120 4.2
471 0 0 1.2
471 25 30 2.4
471 50 90 1.2
471 75 120 4.2
472 0 0 1.2
472 25 30 2.4
472 50 90 1.2
472 75 120 4.2
473 0 0 1.2
473 25 30 2.4
473 50 90 1.2
473 75 120 4.2
474 0 0 1.2
474 25 30 2.4
474 50 90 1.2
474 75 120 4.2
475 0 0 1.2
475 25 30 2.4
475 50 90 1.2
475 75 120 4.2
476 0 0 1.2
476 25 30 2.4
476 50 90 1.2
476 75 120 4.2
477 0 0 1.2
477 25 30 2.4
477 50 90 1.2
477 75 120 4.2
478 0 0 1.2
478 25 30 2.4
478 50 90 1.2
478 75 120 4.2
479 0 0 1.2
479 25 30 2.4
479 50 90 1.2
479 75 120 4.2
480 0 0 1.2
480 25 30 2.4
480 50 90 1.2
480 75 120 4.2
481 0 0 1.2
481 25 30 2.4
481 50 90 1.2
481 75 120 4.2
482 0 0 1.2
482 25 30 2.4
482 50 90 1.2
482 75 120 4.2
483 0 0 1.2
483 25 30 2.4
483 50 90 1.2
483 75 120 4.2
484 0 0 1.2
484 25 30 2.4
484 50 90 1.2
484 75 120 4.2
485 0 0 1.2
485 25 30 2.4
485 50 90 1.2
485 75 120 4.2
486 0 0 1.2
486 25 30 2.4
486 50 90 1.2
486 75 120 4.2
487 0 0 1.2
487 25 30 2.4
487 50 90 1.2
487 75 120 4.2
488 0 0 1.2
488 25 30 2.4
488 50 90 1.2
488 75 120 4.2
489 0 0 1.2
489 25 30 2.4
489 50 90 1.2
489 75 120 4.2
490 0 0 1.2
490 25 30 2.4
490 50 90 1.2
490 75 120 4.2
491 0 0 1.2
491 25 30 2.4
491 50 90 1.2
491 75 120 4.2
492 0 0 1.2
492 25 30 2.4
492 50 90 1.2
492 75 120 4.2
493 0 0 1.2
493 25 30 2.4
493 50 90 1.2
493 75 120 4.2
494 0 0 1.2
494 25 30 2.4
494 50 90 1.2
494 75 120 4.2
495 0 0 1.2
495 25 30 2.4
495 50 90 1.2
495 75 120 4.2
496 0 0 1.2
496 25 30 2.4
496 50 90 1.2
496 75 120 4.2
497 0 0 1.2
497 25 30 2.4
497 50 90 1.2
497 75 120 4.2
498 0 0 1.2
498 25 30 2.4
498 50 90 1.2
498 75 120 4.2
499 0 0 1.2
499 25 30 2.4
499 50 90 1.2
499 75 120 4.2
