1000 4
0 0 0 1.7
0 500 850 1.6
0 1000 1650 3.7
0 1500 3500 3.4
1 0 0 1.7
1 500 850 1.6
1 1000 1650 3.7
1 1500 3500 3.4
2 0 0 1.7
2 500 850 1.6
2 1000 1650 3.7
2 1500 3500 3.4
3 0 0 1.7
3 500 850 1.6
3 1000 1650 3.7
3 1500 3500 3.4
4 0 0 1.7
4 500 850 1.6
4 1000 1650 3.7
4 1500 3500 3.4
5 0 0 1.7
5 500 850 1.6
5 1000 1650 3.7
5 1500 3500 3.4
6 0 0 1.7
6 500 850 1.6
6 1000 1650 3.7
6 1500 3500 3.4
7 0 0 1.7
7 500 850 1.6
7 1000 1650 3.7
7 1500 3500 3.4
8 0 0 1.7
8 500 850 1.6
8 1000 1650 3.7
8 1500 3500 3.4
9 0 0 1.7
9 500 850 1.6
9 1000 1650 3.7
9 1500 3500 3.4
10 0 0 1.7
10 500 850 1.6
10 1000 1650 3.7
10 1500 3500 3.4
11 0 0 1.7
11 500 850 1.6
11 1000 1650 3.7
11 1500 3500 3.4
12 0 0 1.7
12 500 850 1.6
12 1000 1650 3.7
12 1500 3500 3.4
13 0 0 1.7
13 500 850 1.6
13 1000 1650 3.7
13 1500 3500 3.4
14 0 0 1.7
14 500 850 1.6
14 1000 1650 3.7
14 1500 3500 3.4
15 0 0 1.7
15 500 850 1.6
15 1000 1650 3.7
15 1500 3500 3.4
16 0 0 1.7
16 500 850 1.6
16 1000 1650 3.7
16 1500 3500 3.4
17 0 0 1.7
17 500 850 1.6
17 1000 1650 3.7
17 1500 3500 3.4
18 0 0 1.7
18 500 850 1.6
18 1000 1650 3.7
18 1500 3500 3.4
19 0 0 1.7
19 500 850 1.6
19 1000 1650 3.7
19 1500 3500 3.4
20 0 0 1.7
20 500 850 1.6
20 1000 1650 3.7
20 1500 3500 3.4
21 0 0 1.7
21 500 850 1.6
21 1000 1650 3.7
21 1500 3500 3.4
22 0 0 1.7
22 500 850 1.6
22 1000 1650 3.7
22 1500 3500 3.4
23 0 0 1.7
23 500 850 1.6
23 1000 1650 3.7
23 1500 3500 3.4
24 0 0 1.7
24 500 850 1.6
24 1000 1650 3.7
24 1500 3500 3.4
25 0 0 1.7
25 500 850 1.6
25 1000 1650 3.7
25 1500 3500 3.4
26 0 0 1.7
26 500 850 1.6
26 1000 1650 3.7
26 1500 3500 3.4
27 0 0 1.7
27 500 850 1.6
27 1000 1650 3.7
27 1500 3500 3.4
28 0 0 1.7
28 500 850 1.6
28 1000 1650 3.7
28 1500 3500 3.4
29 0 0 1.7
29 500 850 1.6
29 1000 1650 3.7
29 1500 3500 3.4
30 0 0 1.7
30 500 850 1.6
30 1000 1650 3.7
30 1500 3500 3.4
31 0 0 1.7
31 500 850 1.6
31 1000 1650 3.7
31 1500 3500 3.4
32 0 0 1.7
32 500 850 1.6
32 1000 1650 3.7
32 1500 3500 3.4
33 0 0 1.7
33 500 850 1.6
33 1000 1650 3.7
33 1500 3500 3.4
34 0 0 1.7
34 500 850 1.6
34 1000 1650 3.7
34 1500 3500 3.4
35 0 0 1.7
35 500 850 1.6
35 1000 1650 3.7
35 1500 3500 3.4
36 0 0 1.7
36 500 850 1.6
36 1000 1650 3.7
36 1500 3500 3.4
37 0 0 1.7
37 500 850 1.6
37 1000 1650 3.7
37 1500 3500 3.4
38 0 0 1.7
38 500 850 1.6
38 1000 1650 3.7
38 1500 3500 3.4
39 0 0 1.7
39 500 850 1.6
39 1000 1650 3.7
39 1500 3500 3.4
40 0 0 1.7
40 500 850 1.6
40 1000 1650 3.7
40 1500 3500 3.4
41 0 0 1.7
41 500 850 1.6
41 1000 1650 3.7
41 1500 3500 3.4
42 0 0 1.7
42 500 850 1.6
42 1000 1650 3.7
42 1500 3500 3.4
43 0 0 1.7
43 500 850 1.6
43 1000 1650 3.7
43 1500 3500 3.4
44 0 0 1.7
44 500 850 1.6
44 1000 1650 3.7
44 1500 3500 3.4
45 0 0 1.7
45 500 850 1.6
45 1000 1650 3.7
45 1500 3500 3.4
46 0 0 1.7
46 500 850 1.6
46 1000 1650 3.7
46 1500 3500 3.4
47 0 0 1.7
47 500 850 1.6
47 1000 1650 3.7
47 1500 3500 3.4
48 0 0 1.7
48 500 850 1.6
48 1000 1650 3.7
48 1500 3500 3.4
49 0 0 1.7
49 500 850 1.6
49 1000 1650 3.7
49 1500 3500 3.4
50 0 0 1.7
50 500 850 1.6
50 1000 1650 3.7
50 1500 3500 3.4
51 0 0 1.7
51 500 850 1.6
51 1000 1650 3.7
51 1500 3500 3.4
52 0 0 1.7
52 500 850 1.6
52 1000 1650 3.7
52 1500 3500 3.4
53 0 0 1.7
53 500 850 1.6
53 1000 1650 3.7
53 1500 3500 3.4
54 0 0 1.7
54 500 850 1.6
54 1000 1650 3.7
54 1500 3500 3.4
55 0 0 1.7
55 500 850 1.6
55 1000 1650 3.7
55 1500 3500 3.4
56 0 0 1.7
56 500 850 1.6
56 1000 1650 3.7
56 1500 3500 3.4
57 0 0 1.7
57 500 850 1.6
57 1000 1650 3.7
57 1500 3500 3.4
58 0 0 1.7
58 500 850 1.6
58 1000 1650 3.7
58 1500 3500 3.4
59 0 0 1.7
59 500 850 1.6
59 1000 1650 3.7
59 1500 3500 3.4
60 0 0 1.7
60 500 850 1.6
60 1000 1650 3.7
60 1500 3500 3.4
61 0 0 1.7
61 500 850 1.6
61 1000 1650 3.7
61 1500 3500 3.4
62 0 0 1.7
62 500 850 1.6
62 1000 1650 3.7
62 1500 3500 3.4
63 0 0 1.7
63 500 850 1.6
63 1000 1650 3.7
63 1500 3500 3.4
64 0 0 1.7
64 500 850 1.6
64 1000 1650 3.7
64 1500 3500 3.4
65 0 0 1.7
65 500 850 1.6
65 1000 1650 3.7
65 1500 3500 3.4
66 0 0 1.7
66 500 850 1.6
66 1000 1650 3.7
66 1500 3500 3.4
67 0 0 1.7
67 500 850 1.6
67 1000 1650 3.7
67 1500 3500 3.4
68 0 0 1.7
68 500 850 1.6
68 1000 1650 3.7
68 1500 3500 3.4
69 0 0 1.7
69 500 850 1.6
69 1000 1650 3.7
69 1500 3500 3.4
70 0 0 1.7
70 500 850 1.6
70 1000 1650 3.7
70 1500 3500 3.4
71 0 0 1.7
71 500 850 1.6
71 1000 1650 3.7
71 1500 3500 3.4
72 0 0 1.7
72 500 850 1.6
72 1000 1650 3.7
72 1500 3500 3.4
73 0 0 1.7
73 500 850 1.6
73 1000 1650 3.7
73 1500 3500 3.4
74 0 0 1.7
74 500 850 1.6
74 1000 1650 3.7
74 1500 3500 3.4
75 0 0 1.7
75 500 850 1.6
75 1000 1650 3.7
75 1500 3500 3.4
76 0 0 1.7
76 500 850 1.6
76 1000 1650 3.7
76 1500 3500 3.4
77 0 0 1.7
77 500 850 1.6
77 1000 1650 3.7
77 1500 3500 3.4
78 0 0 1.7
78 500 850 1.6
78 1000 1650 3.7
78 1500 3500 3.4
79 0 0 1.7
79 500 850 1.6
79 1000 1650 3.7
79 1500 3500 3.4
80 0 0 1.7
80 500 850 1.6
80 1000 1650 3.7
80 1500 3500 3.4
81 0 0 1.7
81 500 850 1.6
81 1000 1650 3.7
81 1500 3500 3.4
82 0 0 1.7
82 500 850 1.6
82 1000 1650 3.7
82 1500 3500 3.4
83 0 0 1.7
83 500 850 1.6
83 1000 1650 3.7
83 1500 3500 3.4
84 0 0 1.7
84 500 850 1.6
84 1000 1650 3.7
84 1500 3500 3.4
85 0 0 1.7
85 500 850 1.6
85 1000 1650 3.7
85 1500 3500 3.4
86 0 0 1.7
86 500 850 1.6
86 1000 1650 3.7
86 1500 3500 3.4
87 0 0 1.7
87 500 850 1.6
87 1000 1650 3.7
87 1500 3500 3.4
88 0 0 1.7
88 500 850 1.6
88 1000 1650 3.7
88 1500 3500 3.4
89 0 0 1.7
89 500 850 1.6
89 1000 1650 3.7
89 1500 3500 3.4
90 0 0 1.7
90 500 850 1.6
90 1000 1650 3.7
90 1500 3500 3.4
91 0 0 1.7
91 500 850 1.6
91 1000 1650 3.7
91 1500 3500 3.4
92 0 0 1.7
92 500 850 1.6
92 1000 1650 3.7
92 1500 3500 3.4
93 0 0 1.7
93 500 850 1.6
93 1000 1650 3.7
93 1500 3500 3.4
94 0 0 1.7
94 500 850 1.6
94 1000 1650 3.7
94 1500 3500 3.4
95 0 0 1.7
95 500 850 1.6
95 1000 1650 3.7
95 1500 3500 3.4
96 0 0 1.7
96 500 850 1.6
96 1000 1650 3.7
96 1500 3500 3.4
97 0 0 1.7
97 500 850 1.6
97 1000 1650 3.7
97 1500 3500 3.4
98 0 0 1.7
98 500 850 1.6
98 1000 1650 3.7
98 1500 3500 3.4
99 0 0 1.7
99 500 850 1.6
99 1000 1650 3.7
99 1500 3500 3.4
100 0 0 1.7
100 500 850 1.6
100 1000 1650 3.7
100 1500 3500 3.4
101 0 0 1.7
101 500 850 1.6
101 1000 1650 3.7
101 1500 3500 3.4
102 0 0 1.7
102 500 850 1.6
102 1000 1650 3.7
102 1500 3500 3.4
103 0 0 1.7
103 500 850 1.6
103 1000 1650 3.7
103 1500 3500 3.4
104 0 0 1.7
104 500 850 1.6
104 1000 1650 3.7
104 1500 3500 3.4
105 0 0 1.7
105 500 850 1.6
105 1000 1650 3.7
105 1500 3500 3.4
106 0 0 1.7
106 500 850 1.6
106 1000 1650 3.7
106 1500 3500 3.4
107 0 0 1.7
107 500 850 1.6
107 1000 1650 3.7
107 1500 3500 3.4
108 0 0 1.7
108 500 850 1.6
108 1000 1650 3.7
108 1500 3500 3.4
109 0 0 1.7
109 500 850 1.6
109 1000 1650 3.7
109 1500 3500 3.4
110 0 0 1.7
110 500 850 1.6
110 1000 1650 3.7
110 1500 3500 3.4
111 0 0 1.7
111 500 850 1.6
111 1000 1650 3.7
111 1500 3500 3.4
112 0 0 1.7
112 500 850 1.6
112 1000 1650 3.7
112 1500 3500 3.4
113 0 0 1.7
113 500 850 1.6
113 1000 1650 3.7
113 1500 3500 3.4
114 0 0 1.7
114 500 850 1.6
114 1000 1650 3.7
114 1500 3500 3.4
115 0 0 1.7
115 500 850 1.6
115 1000 1650 3.7
115 1500 3500 3.4
116 0 0 1.7
116 500 850 1.6
116 1000 1650 3.7
116 1500 3500 3.4
117 0 0 1.7
117 500 850 1.6
117 1000 1650 3.7
117 1500 3500 3.4
118 0 0 1.7
118 500 850 1.6
118 1000 1650 3.7
118 1500 3500 3.4
119 0 0 1.7
119 500 850 1.6
119 1000 1650 3.7
119 1500 3500 3.4
120 0 0 1.7
120 500 850 1.6
120 1000 1650 3.7
120 1500 3500 3.4
121 0 0 1.7
121 500 850 1.6
121 1000 1650 3.7
121 1500 3500 3.4
122 0 0 1.7
122 500 850 1.6
122 1000 1650 3.7
122 1500 3500 3.4
123 0 0 1.7
123 500 850 1.6
123 1000 1650 3.7
123 1500 3500 3.4
124 0 0 1.7
124 500 850 1.6
124 1000 1650 3.7
124 1500 3500 3.4
125 0 0 1.7
125 500 850 1.6
125 1000 1650 3.7
125 1500 3500 3.4
126 0 0 1.7
126 500 850 1.6
126 1000 1650 3.7
126 1500 3500 3.4
127 0 0 1.7
127 500 850 1.6
127 1000 1650 3.7
127 1500 3500 3.4
128 0 0 1.7
128 500 850 1.6
128 1000 1650 3.7
128 1500 3500 3.4
129 0 0 1.7
129 500 850 1.6
129 1000 1650 3.7
129 1500 3500 3.4
130 0 0 1.7
130 500 850 1.6
130 1000 1650 3.7
130 1500 3500 3.4
131 0 0 1.7
131 500 850 1.6
131 1000 1650 3.7
131 1500 3500 3.4
132 0 0 1.7
132 500 850 1.6
132 1000 1650 3.7
132 1500 3500 3.4
133 0 0 1.7
133 500 850 1.6
133 1000 1650 3.7
133 1500 3500 3.4
134 0 0 1.7
134 500 850 1.6
134 1000 1650 3.7
134 1500 3500 3.4
135 0 0 1.7
135 500 850 1.6
135 1000 1650 3.7
135 1500 3500 3.4
136 0 0 1.7
136 500 850 1.6
136 1000 1650 3.7
136 1500 3500 3.4
137 0 0 1.7
137 500 850 1.6
137 1000 1650 3.7
137 1500 3500 3.4
138 0 0 1.7
138 500 850 1.6
138 1000 1650 3.7
138 1500 3500 3.4
139 0 0 1.7
139 500 850 1.6
139 1000 1650 3.7
139 1500 3500 3.4
140 0 0 1.7
140 500 850 1.6
140 1000 1650 3.7
140 1500 3500 3.4
141 0 0 1.7
141 500 850 1.6
141 1000 1650 3.7
141 1500 3500 3.4
142 0 0 1.7
142 500 850 1.6
142 1000 1650 3.7
142 1500 3500 3.4
143 0 0 1.7
143 500 850 1.6
143 1000 1650 3.7
143 1500 3500 3.4
144 0 0 1.7
144 500 850 1.6
144 1000 1650 3.7
144 1500 3500 3.4
145 0 0 1.7
145 500 850 1.6
145 1000 1650 3.7
145 1500 3500 3.4
146 0 0 1.7
146 500 850 1.6
146 1000 1650 3.7
146 1500 3500 3.4
147 0 0 1.7
147 500 850 1.6
147 1000 1650 3.7
147 1500 3500 3.4
148 0 0 1.7
148 500 850 1.6
148 1000 1650 3.7
148 1500 3500 3.4
149 0 0 1.7
149 500 850 1.6
149 1000 1650 3.7
149 1500 3500 3.4
150 0 0 1.7
150 500 850 1.6
150 1000 1650 3.7
150 1500 3500 3.4
151 0 0 1.7
151 500 850 1.6
151 1000 1650 3.7
151 1500 3500 3.4
152 0 0 1.7
152 500 850 1.6
152 1000 1650 3.7
152 1500 3500 3.4
153 0 0 1.7
153 500 850 1.6
153 1000 1650 3.7
153 1500 3500 3.4
154 0 0 1.7
154 500 850 1.6
154 1000 1650 3.7
154 1500 3500 3.4
155 0 0 1.7
155 500 850 1.6
155 1000 1650 3.7
155 1500 3500 3.4
156 0 0 1.7
156 500 850 1.6
156 1000 1650 3.7
156 1500 3500 3.4
157 0 0 1.7
157 500 850 1.6
157 1000 1650 3.7
157 1500 3500 3.4
158 0 0 1.7
158 500 850 1.6
158 1000 1650 3.7
158 1500 3500 3.4
159 0 0 1.7
159 500 850 1.6
159 1000 1650 3.7
159 1500 3500 3.4
160 0 0 1.7
160 500 850 1.6
160 1000 1650 3.7
160 1500 3500 3.4
161 0 0 1.7
161 500 850 1.6
161 1000 1650 3.7
161 1500 3500 3.4
162 0 0 1.7
162 500 850 1.6
162 1000 1650 3.7
162 1500 3500 3.4
163 0 0 1.7
163 500 850 1.6
163 1000 1650 3.7
163 1500 3500 3.4
164 0 0 1.7
164 500 850 1.6
164 1000 1650 3.7
164 1500 3500 3.4
165 0 0 1.7
165 500 850 1.6
165 1000 1650 3.7
165 1500 3500 3.4
166 0 0 1.7
166 500 850 1.6
166 1000 1650 3.7
166 1500 3500 3.4
167 0 0 1.7
167 500 850 1.6
167 1000 1650 3.7
167 1500 3500 3.4
168 0 0 1.7
168 500 850 1.6
168 1000 1650 3.7
168 1500 3500 3.4
169 0 0 1.7
169 500 850 1.6
169 1000 1650 3.7
169 1500 3500 3.4
170 0 0 1.7
170 500 850 1.6
170 1000 1650 3.7
170 1500 3500 3.4
171 0 0 1.7
171 500 850 1.6
171 1000 1650 3.7
171 1500 3500 3.4
172 0 0 1.7
172 500 850 1.6
172 1000 1650 3.7
172 1500 3500 3.4
173 0 0 1.7
173 500 850 1.6
173 1000 1650 3.7
173 1500 3500 3.4
174 0 0 1.7
174 500 850 1.6
174 1000 1650 3.7
174 1500 3500 3.4
175 0 0 1.7
175 500 850 1.6
175 1000 1650 3.7
175 1500 3500 3.4
176 0 0 1.7
176 500 850 1.6
176 1000 1650 3.7
176 1500 3500 3.4
177 0 0 1.7
177 500 850 1.6
177 1000 1650 3.7
177 1500 3500 3.4
178 0 0 1.7
178 500 850 1.6
178 1000 1650 3.7
178 1500 3500 3.4
179 0 0 1.7
179 500 850 1.6
179 1000 1650 3.7
179 1500 3500 3.4
180 0 0 1.7
180 500 850 1.6
180 1000 1650 3.7
180 1500 3500 3.4
181 0 0 1.7
181 500 850 1.6
181 1000 1650 3.7
181 1500 3500 3.4
182 0 0 1.7
182 500 850 1.6
182 1000 1650 3.7
182 1500 3500 3.4
183 0 0 1.7
183 500 850 1.6
183 1000 1650 3.7
183 1500 3500 3.4
184 0 0 1.7
184 500 850 1.6
184 1000 1650 3.7
184 1500 3500 3.4
185 0 0 1.7
185 500 850 1.6
185 1000 1650 3.7
185 1500 3500 3.4
186 0 0 1.7
186 500 850 1.6
186 1000 1650 3.7
186 1500 3500 3.4
187 0 0 1.7
187 500 850 1.6
187 1000 1650 3.7
187 1500 3500 3.4
188 0 0 1.7
188 500 850 1.6
188 1000 1650 3.7
188 1500 3500 3.4
189 0 0 1.7
189 500 850 1.6
189 1000 1650 3.7
189 1500 3500 3.4
190 0 0 1.7
190 500 850 1.6
190 1000 1650 3.7
190 1500 3500 3.4
191 0 0 1.7
191 500 850 1.6
191 1000 1650 3.7
191 1500 3500 3.4
192 0 0 1.7
192 500 850 1.6
192 1000 1650 3.7
192 1500 3500 3.4
193 0 0 1.7
193 500 850 1.6
193 1000 1650 3.7
193 1500 3500 3.4
194 0 0 1.7
194 500 850 1.6
194 1000 1650 3.7
194 1500 3500 3.4
195 0 0 1.7
195 500 850 1.6
195 1000 1650 3.7
195 1500 3500 3.4
196 0 0 1.7
196 500 850 1.6
196 1000 1650 3.7
196 1500 3500 3.4
197 0 0 1.7
197 500 850 1.6
197 1000 1650 3.7
197 1500 3500 3.4
198 0 0 1.7
198 500 850 1.6
198 1000 1650 3.7
198 1500 3500 3.4
199 0 0 1.7
199 500 850 1.6
199 1000 1650 3.7
199 1500 3500 3.4
200 0 0 1.7
200 500 850 1.6
200 1000 1650 3.7
200 1500 3500 3.4
201 0 0 1.7
201 500 850 1.6
201 1000 1650 3.7
201 1500 3500 3.4
202 0 0 1.7
202 500 850 1.6
202 1000 1650 3.7
202 1500 3500 3.4
203 0 0 1.7
203 500 850 1.6
203 1000 1650 3.7
203 1500 3500 3.4
204 0 0 1.7
204 500 850 1.6
204 1000 1650 3.7
204 1500 3500 3.4
205 0 0 1.7
205 500 850 1.6
205 1000 1650 3.7
205 1500 3500 3.4
206 0 0 1.7
206 500 850 1.6
206 1000 1650 3.7
206 1500 3500 3.4
207 0 0 1.7
207 500 850 1.6
207 1000 1650 3.7
207 1500 3500 3.4
208 0 0 1.7
208 500 850 1.6
208 1000 1650 3.7
208 1500 3500 3.4
209 0 0 1.7
209 500 850 1.6
209 1000 1650 3.7
209 1500 3500 3.4
210 0 0 1.7
210 500 850 1.6
210 1000 1650 3.7
210 1500 3500 3.4
211 0 0 1.7
211 500 850 1.6
211 1000 1650 3.7
211 1500 3500 3.4
212 0 0 1.7
212 500 850 1.6
212 1000 1650 3.7
212 1500 3500 3.4
213 0 0 1.7
213 500 850 1.6
213 1000 1650 3.7
213 1500 3500 3.4
214 0 0 1.7
214 500 850 1.6
214 1000 1650 3.7
214 1500 3500 3.4
215 0 0 1.7
215 500 850 1.6
215 1000 1650 3.7
215 1500 3500 3.4
216 0 0 1.7
216 500 850 1.6
216 1000 1650 3.7
216 1500 3500 3.4
217 0 0 1.7
217 500 850 1.6
217 1000 1650 3.7
217 1500 3500 3.4
218 0 0 1.7
218 500 850 1.6
218 1000 1650 3.7
218 1500 3500 3.4
219 0 0 1.7
219 500 850 1.6
219 1000 1650 3.7
219 1500 3500 3.4
220 0 0 1.7
220 500 850 1.6
220 1000 1650 3.7
220 1500 3500 3.4
221 0 0 1.7
221 500 850 1.6
221 1000 1650 3.7
221 1500 3500 3.4
222 0 0 1.7
222 500 850 1.6
222 1000 1650 3.7
222 1500 3500 3.4
223 0 0 1.7
223 500 850 1.6
223 1000 1650 3.7
223 1500 3500 3.4
224 0 0 1.7
224 500 850 1.6
224 1000 1650 3.7
224 1500 3500 3.4
225 0 0 1.7
225 500 850 1.6
225 1000 1650 3.7
225 1500 3500 3.4
226 0 0 1.7
226 500 850 1.6
226 1000 1650 3.7
226 1500 3500 3.4
227 0 0 1.7
227 500 850 1.6
227 1000 1650 3.7
227 1500 3500 3.4
228 0 0 1.7
228 500 850 1.6
228 1000 1650 3.7
228 1500 3500 3.4
229 0 0 1.7
229 500 850 1.6
229 1000 1650 3.7
229 1500 3500 3.4
230 0 0 1.7
230 500 850 1.6
230 1000 1650 3.7
230 1500 3500 3.4
231 0 0 1.7
231 500 850 1.6
231 1000 1650 3.7
231 1500 3500 3.4
232 0 0 1.7
232 500 850 1.6
232 1000 1650 3.7
232 1500 3500 3.4
233 0 0 1.7
233 500 850 1.6
233 1000 1650 3.7
233 1500 3500 3.4
234 0 0 1.7
234 500 850 1.6
234 1000 1650 3.7
234 1500 3500 3.4
235 0 0 1.7
235 500 850 1.6
235 1000 1650 3.7
235 1500 3500 3.4
236 0 0 1.7
236 500 850 1.6
236 1000 1650 3.7
236 1500 3500 3.4
237 0 0 1.7
237 500 850 1.6
237 1000 1650 3.7
237 1500 3500 3.4
238 0 0 1.7
238 500 850 1.6
238 1000 1650 3.7
238 1500 3500 3.4
239 0 0 1.7
239 500 850 1.6
239 1000 1650 3.7
239 1500 3500 3.4
240 0 0 1.7
240 500 850 1.6
240 1000 1650 3.7
240 1500 3500 3.4
241 0 0 1.7
241 500 850 1.6
241 1000 1650 3.7
241 1500 3500 3.4
242 0 0 1.7
242 500 850 1.6
242 1000 1650 3.7
242 1500 3500 3.4
243 0 0 1.7
243 500 850 1.6
243 1000 1650 3.7
243 1500 3500 3.4
244 0 0 1.7
244 500 850 1.6
244 1000 1650 3.7
244 1500 3500 3.4
245 0 0 1.7
245 500 850 1.6
245 1000 1650 3.7
245 1500 3500 3.4
246 0 0 1.7
246 500 850 1.6
246 1000 1650 3.7
246 1500 3500 3.4
247 0 0 1.7
247 500 850 1.6
247 1000 1650 3.7
247 1500 3500 3.4
248 0 0 1.7
248 500 850 1.6
248 1000 1650 3.7
248 1500 3500 3.4
249 0 0 1.7
249 500 850 1.6
249 1000 1650 3.7
249 1500 3500 3.4
250 0 0 1.7
250 500 850 1.6
250 1000 1650 3.7
250 1500 3500 3.4
251 0 0 1.7
251 500 850 1.6
251 1000 1650 3.7
251 1500 3500 3.4
252 0 0 1.7
252 500 850 1.6
252 1000 1650 3.7
252 1500 3500 3.4
253 0 0 1.7
253 500 850 1.6
253 1000 1650 3.7
253 1500 3500 3.4
254 0 0 1.7
254 500 850 1.6
254 1000 1650 3.7
254 1500 3500 3.4
255 0 0 1.7
255 500 850 1.6
255 1000 1650 3.7
255 1500 3500 3.4
256 0 0 1.7
256 500 850 1.6
256 1000 1650 3.7
256 1500 3500 3.4
257 0 0 1.7
257 500 850 1.6
257 1000 1650 3.7
257 1500 3500 3.4
258 0 0 1.7
258 500 850 1.6
258 1000 1650 3.7
258 1500 3500 3.4
259 0 0 1.7
259 500 850 1.6
259 1000 1650 3.7
259 1500 3500 3.4
260 0 0 1.7
260 500 850 1.6
260 1000 1650 3.7
260 1500 3500 3.4
261 0 0 1.7
261 500 850 1.6
261 1000 1650 3.7
261 1500 3500 3.4
262 0 0 1.7
262 500 850 1.6
262 1000 1650 3.7
262 1500 3500 3.4
263 0 0 1.7
263 500 850 1.6
263 1000 1650 3.7
263 1500 3500 3.4
264 0 0 1.7
264 500 850 1.6
264 1000 1650 3.7
264 1500 3500 3.4
265 0 0 1.7
265 500 850 1.6
265 1000 1650 3.7
265 1500 3500 3.4
266 0 0 1.7
266 500 850 1.6
266 1000 1650 3.7
266 1500 3500 3.4
267 0 0 1.7
267 500 850 1.6
267 1000 1650 3.7
267 1500 3500 3.4
268 0 0 1.7
268 500 850 1.6
268 1000 1650 3.7
268 1500 3500 3.4
269 0 0 1.7
269 500 850 1.6
269 1000 1650 3.7
269 1500 3500 3.4
270 0 0 1.7
270 500 850 1.6
270 1000 1650 3.7
270 1500 3500 3.4
271 0 0 1.7
271 500 850 1.6
271 1000 1650 3.7
271 1500 3500 3.4
272 0 0 1.7
272 500 850 1.6
272 1000 1650 3.7
272 1500 3500 3.4
273 0 0 1.7
273 500 850 1.6
273 1000 1650 3.7
273 1500 3500 3.4
274 0 0 1.7
274 500 850 1.6
274 1000 1650 3.7
274 1500 3500 3.4
275 0 0 1.7
275 500 850 1.6
275 1000 1650 3.7
275 1500 3500 3.4
276 0 0 1.7
276 500 850 1.6
276 1000 1650 3.7
276 1500 3500 3.4
277 0 0 1.7
277 500 850 1.6
277 1000 1650 3.7
277 1500 3500 3.4
278 0 0 1.7
278 500 850 1.6
278 1000 1650 3.7
278 1500 3500 3.4
279 0 0 1.7
279 500 850 1.6
279 1000 1650 3.7
279 1500 3500 3.4
280 0 0 1.7
280 500 850 1.6
280 1000 1650 3.7
280 1500 3500 3.4
281 0 0 1.7
281 500 850 1.6
281 1000 1650 3.7
281 1500 3500 3.4
282 0 0 1.7
282 500 850 1.6
282 1000 1650 3.7
282 1500 3500 3.4
283 0 0 1.7
283 500 850 1.6
283 1000 1650 3.7
283 1500 3500 3.4
284 0 0 1.7
284 500 850 1.6
284 1000 1650 3.7
284 1500 3500 3.4
285 0 0 1.7
285 500 850 1.6
285 1000 1650 3.7
285 1500 3500 3.4
286 0 0 1.7
286 500 850 1.6
286 1000 1650 3.7
286 1500 3500 3.4
287 0 0 1.7
287 500 850 1.6
287 1000 1650 3.7
287 1500 3500 3.4
288 0 0 1.7
288 500 850 1.6
288 1000 1650 3.7
288 1500 3500 3.4
289 0 0 1.7
289 500 850 1.6
289 1000 1650 3.7
289 1500 3500 3.4
290 0 0 1.7
290 500 850 1.6
290 1000 1650 3.7
290 1500 3500 3.4
291 0 0 1.7
291 500 850 1.6
291 1000 1650 3.7
291 1500 3500 3.4
292 0 0 1.7
292 500 850 1.6
292 1000 1650 3.7
292 1500 3500 3.4
293 0 0 1.7
293 500 850 1.6
293 1000 1650 3.7
293 1500 3500 3.4
294 0 0 1.7
294 500 850 1.6
294 1000 1650 3.7
294 1500 3500 3.4
295 0 0 1.7
295 500 850 1.6
295 1000 1650 3.7
295 1500 3500 3.4
296 0 0 1.7
296 500 850 1.6
296 1000 1650 3.7
296 1500 3500 3.4
297 0 0 1.7
297 500 850 1.6
297 1000 1650 3.7
297 1500 3500 3.4
298 0 0 1.7
298 500 850 1.6
298 1000 1650 3.7
298 1500 3500 3.4
299 0 0 1.7
299 500 850 1.6
299 1000 1650 3.7
299 1500 3500 3.4
300 0 0 1.7
300 500 850 1.6
300 1000 1650 3.7
300 1500 3500 3.4
301 0 0 1.7
301 500 850 1.6
301 1000 1650 3.7
301 1500 3500 3.4
302 0 0 1.7
302 500 850 1.6
302 1000 1650 3.7
302 1500 3500 3.4
303 0 0 1.7
303 500 850 1.6
303 1000 1650 3.7
303 1500 3500 3.4
304 0 0 1.7
304 500 850 1.6
304 1000 1650 3.7
304 1500 3500 3.4
305 0 0 1.7
305 500 850 1.6
305 1000 1650 3.7
305 1500 3500 3.4
306 0 0 1.7
306 500 850 1.6
306 1000 1650 3.7
306 1500 3500 3.4
307 0 0 1.7
307 500 850 1.6
307 1000 1650 3.7
307 1500 3500 3.4
308 0 0 1.7
308 500 850 1.6
308 1000 1650 3.7
308 1500 3500 3.4
309 0 0 1.7
309 500 850 1.6
309 1000 1650 3.7
309 1500 3500 3.4
310 0 0 1.7
310 500 850 1.6
310 1000 1650 3.7
310 1500 3500 3.4
311 0 0 1.7
311 500 850 1.6
311 1000 1650 3.7
311 1500 3500 3.4
312 0 0 1.7
312 500 850 1.6
312 1000 1650 3.7
312 1500 3500 3.4
313 0 0 1.7
313 500 850 1.6
313 1000 1650 3.7
313 1500 3500 3.4
314 0 0 1.7
314 500 850 1.6
314 1000 1650 3.7
314 1500 3500 3.4
315 0 0 1.7
315 500 850 1.6
315 1000 1650 3.7
315 1500 3500 3.4
316 0 0 1.7
316 500 850 1.6
316 1000 1650 3.7
316 1500 3500 3.4
317 0 0 1.7
317 500 850 1.6
317 1000 1650 3.7
317 1500 3500 3.4
318 0 0 1.7
318 500 850 1.6
318 1000 1650 3.7
318 1500 3500 3.4
319 0 0 1.7
319 500 850 1.6
319 1000 1650 3.7
319 1500 3500 3.4
320 0 0 1.7
320 500 850 1.6
320 1000 1650 3.7
320 1500 3500 3.4
321 0 0 1.7
321 500 850 1.6
321 1000 1650 3.7
321 1500 3500 3.4
322 0 0 1.7
322 500 850 1.6
322 1000 1650 3.7
322 1500 3500 3.4
323 0 0 1.7
323 500 850 1.6
323 1000 1650 3.7
323 1500 3500 3.4
324 0 0 1.7
324 500 850 1.6
324 1000 1650 3.7
324 1500 3500 3.4
325 0 0 1.7
325 500 850 1.6
325 1000 1650 3.7
325 1500 3500 3.4
326 0 0 1.7
326 500 850 1.6
326 1000 1650 3.7
326 1500 3500 3.4
327 0 0 1.7
327 500 850 1.6
327 1000 1650 3.7
327 1500 3500 3.4
328 0 0 1.7
328 500 850 1.6
328 1000 1650 3.7
328 1500 3500 3.4
329 0 0 1.7
329 500 850 1.6
329 1000 1650 3.7
329 1500 3500 3.4
330 0 0 1.7
330 500 850 1.6
330 1000 1650 3.7
330 1500 3500 3.4
331 0 0 1.7
331 500 850 1.6
331 1000 1650 3.7
331 1500 3500 3.4
332 0 0 1.7
332 500 850 1.6
332 1000 1650 3.7
332 1500 3500 3.4
333 0 0 1.7
333 500 850 1.6
333 1000 1650 3.7
333 1500 3500 3.4
334 0 0 1.7
334 500 850 1.6
334 1000 1650 3.7
334 1500 3500 3.4
335 0 0 1.7
335 500 850 1.6
335 1000 1650 3.7
335 1500 3500 3.4
336 0 0 1.7
336 500 850 1.6
336 1000 1650 3.7
336 1500 3500 3.4
337 0 0 1.7
337 500 850 1.6
337 1000 1650 3.7
337 1500 3500 3.4
338 0 0 1.7
338 500 850 1.6
338 1000 1650 3.7
338 1500 3500 3.4
339 0 0 1.7
339 500 850 1.6
339 1000 1650 3.7
339 1500 3500 3.4
340 0 0 1.7
340 500 850 1.6
340 1000 1650 3.7
340 1500 3500 3.4
341 0 0 1.7
341 500 850 1.6
341 1000 1650 3.7
341 1500 3500 3.4
342 0 0 1.7
342 500 850 1.6
342 1000 1650 3.7
342 1500 3500 3.4
343 0 0 1.7
343 500 850 1.6
343 1000 1650 3.7
343 1500 3500 3.4
344 0 0 1.7
344 500 850 1.6
344 1000 1650 3.7
344 1500 3500 3.4
345 0 0 1.7
345 500 850 1.6
345 1000 1650 3.7
345 1500 3500 3.4
346 0 0 1.7
346 500 850 1.6
346 1000 1650 3.7
346 1500 3500 3.4
347 0 0 1.7
347 500 850 1.6
347 1000 1650 3.7
347 1500 3500 3.4
348 0 0 1.7
348 500 850 1.6
348 1000 1650 3.7
348 1500 3500 3.4
349 0 0 1.7
349 500 850 1.6
349 1000 1650 3.7
349 1500 3500 3.4
350 0 0 1.7
350 500 850 1.6
350 1000 1650 3.7
350 1500 3500 3.4
351 0 0 1.7
351 500 850 1.6
351 1000 1650 3.7
351 1500 3500 3.4
352 0 0 1.7
352 500 850 1.6
352 1000 1650 3.7
352 1500 3500 3.4
353 0 0 1.7
353 500 850 1.6
353 1000 1650 3.7
353 1500 3500 3.4
354 0 0 1.7
354 500 850 1.6
354 1000 1650 3.7
354 1500 3500 3.4
355 0 0 1.7
355 500 850 1.6
355 1000 1650 3.7
355 1500 3500 3.4
356 0 0 1.7
356 500 850 1.6
356 1000 1650 3.7
356 1500 3500 3.4
357 0 0 1.7
357 500 850 1.6
357 1000 1650 3.7
357 1500 3500 3.4
358 0 0 1.7
358 500 850 1.6
358 1000 1650 3.7
358 1500 3500 3.4
359 0 0 1.7
359 500 850 1.6
359 1000 1650 3.7
359 1500 3500 3.4
360 0 0 1.7
360 500 850 1.6
360 1000 1650 3.7
360 1500 3500 3.4
361 0 0 1.7
361 500 850 1.6
361 1000 1650 3.7
361 1500 3500 3.4
362 0 0 1.7
362 500 850 1.6
362 1000 1650 3.7
362 1500 3500 3.4
363 0 0 1.7
363 500 850 1.6
363 1000 1650 3.7
363 1500 3500 3.4
364 0 0 1.7
364 500 850 1.6
364 1000 1650 3.7
364 1500 3500 3.4
365 0 0 1.7
365 500 850 1.6
365 1000 1650 3.7
365 1500 3500 3.4
366 0 0 1.7
366 500 850 1.6
366 1000 1650 3.7
366 1500 3500 3.4
367 0 0 1.7
367 500 850 1.6
367 1000 1650 3.7
367 1500 3500 3.4
368 0 0 1.7
368 500 850 1.6
368 1000 1650 3.7
368 1500 3500 3.4
369 0 0 1.7
369 500 850 1.6
369 1000 1650 3.7
369 1500 3500 3.4
370 0 0 1.7
370 500 850 1.6
370 1000 1650 3.7
370 1500 3500 3.4
371 0 0 1.7
371 500 850 1.6
371 1000 1650 3.7
371 1500 3500 3.4
372 0 0 1.7
372 500 850 1.6
372 1000 1650 3.7
372 1500 3500 3.4
373 0 0 1.7
373 500 850 1.6
373 1000 1650 3.7
373 1500 3500 3.4
374 0 0 1.7
374 500 850 1.6
374 1000 1650 3.7
374 1500 3500 3.4
375 0 0 1.7
375 500 850 1.6
375 1000 1650 3.7
375 1500 3500 3.4
376 0 0 1.7
376 500 850 1.6
376 1000 1650 3.7
376 1500 3500 3.4
377 0 0 1.7
377 500 850 1.6
377 1000 1650 3.7
377 1500 3500 3.4
378 0 0 1.7
378 500 850 1.6
378 1000 1650 3.7
378 1500 3500 3.4
379 0 0 1.7
379 500 850 1.6
379 1000 1650 3.7
379 1500 3500 3.4
380 0 0 1.7
380 500 850 1.6
380 1000 1650 3.7
380 1500 3500 3.4
381 0 0 1.7
381 500 850 1.6
381 1000 1650 3.7
381 1500 3500 3.4
382 0 0 1.7
382 500 850 1.6
382 1000 1650 3.7
382 1500 3500 3.4
383 0 0 1.7
383 500 850 1.6
383 1000 1650 3.7
383 1500 3500 3.4
384 0 0 1.7
384 500 850 1.6
384 1000 1650 3.7
384 1500 3500 3.4
385 0 0 1.7
385 500 850 1.6
385 1000 1650 3.7
385 1500 3500 3.4
386 0 0 1.7
386 500 850 1.6
386 1000 1650 3.7
386 1500 3500 3.4
387 0 0 1.7
387 500 850 1.6
387 1000 1650 3.7
387 1500 3500 3.4
388 0 0 1.7
388 500 850 1.6
388 1000 1650 3.7
388 1500 3500 3.4
389 0 0 1.7
389 500 850 1.6
389 1000 1650 3.7
389 1500 3500 3.4
390 0 0 1.7
390 500 850 1.6
390 1000 1650 3.7
390 1500 3500 3.4
391 0 0 1.7
391 500 850 1.6
391 1000 1650 3.7
391 1500 3500 3.4
392 0 0 1.7
392 500 850 1.6
392 1000 1650 3.7
392 1500 3500 3.4
393 0 0 1.7
393 500 850 1.6
393 1000 1650 3.7
393 1500 3500 3.4
394 0 0 1.7
394 500 850 1.6
394 1000 1650 3.7
394 1500 3500 3.4
395 0 0 1.7
395 500 850 1.6
395 1000 1650 3.7
395 1500 3500 3.4
396 0 0 1.7
396 500 850 1.6
396 1000 1650 3.7
396 1500 3500 3.4
397 0 0 1.7
397 500 850 1.6
397 1000 1650 3.7
397 1500 3500 3.4
398 0 0 1.7
398 500 850 1.6
398 1000 1650 3.7
398 1500 3500 3.4
399 0 0 1.7
399 500 850 1.6
399 1000 1650 3.7
399 1500 3500 3.4
400 0 0 1.7
400 500 850 1.6
400 1000 1650 3.7
400 1500 3500 3.4
401 0 0 1.7
401 500 850 1.6
401 1000 1650 3.7
401 1500 3500 3.4
402 0 0 1.7
402 500 850 1.6
402 1000 1650 3.7
402 1500 3500 3.4
403 0 0 1.7
403 500 850 1.6
403 1000 1650 3.7
403 1500 3500 3.4
404 0 0 1.7
404 500 850 1.6
404 1000 1650 3.7
404 1500 3500 3.4
405 0 0 1.7
405 500 850 1.6
405 1000 1650 3.7
405 1500 3500 3.4
406 0 0 1.7
406 500 850 1.6
406 1000 1650 3.7
406 1500 3500 3.4
407 0 0 1.7
407 500 850 1.6
407 1000 1650 3.7
407 1500 3500 3.4
408 0 0 1.7
408 500 850 1.6
408 1000 1650 3.7
408 1500 3500 3.4
409 0 0 1.7
409 500 850 1.6
409 1000 1650 3.7
409 1500 3500 3.4
410 0 0 1.7
410 500 850 1.6
410 1000 1650 3.7
410 1500 3500 3.4
411 0 0 1.7
411 500 850 1.6
411 1000 1650 3.7
411 1500 3500 3.4
412 0 0 1.7
412 500 850 1.6
412 1000 1650 3.7
412 1500 3500 3.4
413 0 0 1.7
413 500 850 1.6
413 1000 1650 3.7
413 1500 3500 3.4
414 0 0 1.7
414 500 850 1.6
414 1000 1650 3.7
414 1500 3500 3.4
415 0 0 1.7
415 500 850 1.6
415 1000 1650 3.7
415 1500 3500 3.4
416 0 0 1.7
416 500 850 1.6
416 1000 1650 3.7
416 1500 3500 3.4
417 0 0 1.7
417 500 850 1.6
417 1000 1650 3.7
417 1500 3500 3.4
418 0 0 1.7
418 500 850 1.6
418 1000 1650 3.7
418 1500 3500 3.4
419 0 0 1.7
419 500 850 1.6
419 1000 1650 3.7
419 1500 3500 3.4
420 0 0 1.7
420 500 850 1.6
420 1000 1650 3.7
420 1500 3500 3.4
421 0 0 1.7
421 500 850 1.6
421 1000 1650 3.7
421 1500 3500 3.4
422 0 0 1.7
422 500 850 1.6
422 1000 1650 3.7
422 1500 3500 3.4
423 0 0 1.7
423 500 850 1.6
423 1000 1650 3.7
423 1500 3500 3.4
424 0 0 1.7
424 500 850 1.6
424 1000 1650 3.7
424 1500 3500 3.4
425 0 0 1.7
425 500 850 1.6
425 1000 1650 3.7
425 1500 3500 3.4
426 0 0 1.7
426 500 850 1.6
426 1000 1650 3.7
426 1500 3500 3.4
427 0 0 1.7
427 500 850 1.6
427 1000 1650 3.7
427 1500 3500 3.4
428 0 0 1.7
428 500 850 1.6
428 1000 1650 3.7
428 1500 3500 3.4
429 0 0 1.7
429 500 850 1.6
429 1000 1650 3.7
429 1500 3500 3.4
430 0 0 1.7
430 500 850 1.6
430 1000 1650 3.7
430 1500 3500 3.4
431 0 0 1.7
431 500 850 1.6
431 1000 1650 3.7
431 1500 3500 3.4
432 0 0 1.7
432 500 850 1.6
432 1000 1650 3.7
432 1500 3500 3.4
433 0 0 1.7
433 500 850 1.6
433 1000 1650 3.7
433 1500 3500 3.4
434 0 0 1.7
434 500 850 1.6
434 1000 1650 3.7
434 1500 3500 3.4
435 0 0 1.7
435 500 850 1.6
435 1000 1650 3.7
435 1500 3500 3.4
436 0 0 1.7
436 500 850 1.6
436 1000 1650 3.7
436 1500 3500 3.4
437 0 0 1.7
437 500 850 1.6
437 1000 1650 3.7
437 1500 3500 3.4
438 0 0 1.7
438 500 850 1.6
438 1000 1650 3.7
438 1500 3500 3.4
439 0 0 1.7
439 500 850 1.6
439 1000 1650 3.7
439 1500 3500 3.4
440 0 0 1.7
440 500 850 1.6
440 1000 1650 3.7
440 1500 3500 3.4
441 0 0 1.7
441 500 850 1.6
441 1000 1650 3.7
441 1500 3500 3.4
442 0 0 1.7
442 500 850 1.6
442 1000 1650 3.7
442 1500 3500 3.4
443 0 0 1.7
443 500 850 1.6
443 1000 1650 3.7
443 1500 3500 3.4
444 0 0 1.7
444 500 850 1.6
444 1000 1650 3.7
444 1500 3500 3.4
445 0 0 1.7
445 500 850 1.6
445 1000 1650 3.7
445 1500 3500 3.4
446 0 0 1.7
446 500 850 1.6
446 1000 1650 3.7
446 1500 3500 3.4
447 0 0 1.7
447 500 850 1.6
447 1000 1650 3.7
447 1500 3500 3.4
448 0 0 1.7
448 500 850 1.6
448 1000 1650 3.7
448 1500 3500 3.4
449 0 0 1.7
449 500 850 1.6
449 1000 1650 3.7
449 1500 3500 3.4
450 0 0 1.7
450 500 850 1.6
450 1000 1650 3.7
450 1500 3500 3.4
451 0 0 1.7
451 500 850 1.6
451 1000 1650 3.7
451 1500 3500 3.4
452 0 0 1.7
452 500 850 1.6
452 1000 1650 3.7
452 1500 3500 3.4
453 0 0 1.7
453 500 850 1.6
453 1000 1650 3.7
453 1500 3500 3.4
454 0 0 1.7
454 500 850 1.6
454 1000 1650 3.7
454 1500 3500 3.4
455 0 0 1.7
455 500 850 1.6
455 1000 1650 3.7
455 1500 3500 3.4
456 0 0 1.7
456 500 850 1.6
456 1000 1650 3.7
456 1500 3500 3.4
457 0 0 1.7
457 500 850 1.6
457 1000 1650 3.7
457 1500 3500 3.4
458 0 0 1.7
458 500 850 1.6
458 1000 1650 3.7
458 1500 3500 3.4
459 0 0 1.7
459 500 850 1.6
459 1000 1650 3.7
459 1500 3500 3.4
460 0 0 1.7
460 500 850 1.6
460 1000 1650 3.7
460 1500 3500 3.4
461 0 0 1.7
461 500 850 1.6
461 1000 1650 3.7
461 1500 3500 3.4
462 0 0 1.7
462 500 850 1.6
462 1000 1650 3.7
462 1500 3500 3.4
463 0 0 1.7
463 500 850 1.6
463 1000 1650 3.7
463 1500 3500 3.4
464 0 0 1.7
464 500 850 1.6
464 1000 1650 3.7
464 1500 3500 3.4
465 0 0 1.7
465 500 850 1.6
465 1000 1650 3.7
465 1500 3500 3.4
466 0 0 1.7
466 500 850 1.6
466 1000 1650 3.7
466 1500 3500 3.4
467 0 0 1.7
467 500 850 1.6
467 1000 1650 3.7
467 1500 3500 3.4
468 0 0 1.7
468 500 850 1.6
468 1000 1650 3.7
468 1500 3500 3.4
469 0 0 1.7
469 500 850 1.6
469 1000 1650 3.7
469 1500 3500 3.4
470 0 0 1.7
470 500 850 1.6
470 1000 1650 3.7
470 1500 3500 3.4
471 0 0 1.7
471 500 850 1.6
471 1000 1650 3.7
471 1500 3500 3.4
472 0 0 1.7
472 500 850 1.6
472 1000 1650 3.7
472 1500 3500 3.4
473 0 0 1.7
473 500 850 1.6
473 1000 1650 3.7
473 1500 3500 3.4
474 0 0 1.7
474 500 850 1.6
474 1000 1650 3.7
474 1500 3500 3.4
475 0 0 1.7
475 500 850 1.6
475 1000 1650 3.7
475 1500 3500 3.4
476 0 0 1.7
476 500 850 1.6
476 1000 1650 3.7
476 1500 3500 3.4
477 0 0 1.7
477 500 850 1.6
477 1000 1650 3.7
477 1500 3500 3.4
478 0 0 1.7
478 500 850 1.6
478 1000 1650 3.7
478 1500 3500 3.4
479 0 0 1.7
479 500 850 1.6
479 1000 1650 3.7
479 1500 3500 3.4
480 0 0 1.7
480 500 850 1.6
480 1000 1650 3.7
480 1500 3500 3.4
481 0 0 1.7
481 500 850 1.6
481 1000 1650 3.7
481 1500 3500 3.4
482 0 0 1.7
482 500 850 1.6
482 1000 1650 3.7
482 1500 3500 3.4
483 0 0 1.7
483 500 850 1.6
483 1000 1650 3.7
483 1500 3500 3.4
484 0 0 1.7
484 500 850 1.6
484 1000 1650 3.7
484 1500 3500 3.4
485 0 0 1.7
485 500 850 1.6
485 1000 1650 3.7
485 1500 3500 3.4
486 0 0 1.7
486 500 850 1.6
486 1000 1650 3.7
486 1500 3500 3.4
487 0 0 1.7
487 500 850 1.6
487 1000 1650 3.7
487 1500 3500 3.4
488 0 0 1.7
488 500 850 1.6
488 1000 1650 3.7
488 1500 3500 3.4
489 0 0 1.7
489 500 850 1.6
489 1000 1650 3.7
489 1500 3500 3.4
490 0 0 1.7
490 500 850 1.6
490 1000 1650 3.7
490 1500 3500 3.4
491 0 0 1.7
491 500 850 1.6
491 1000 1650 3.7
491 1500 3500 3.4
492 0 0 1.7
492 500 850 1.6
492 1000 1650 3.7
492 1500 3500 3.4
493 0 0 1.7
493 500 850 1.6
493 1000 1650 3.7
493 1500 3500 3.4
494 0 0 1.7
494 500 850 1.6
494 1000 1650 3.7
494 1500 3500 3.4
495 0 0 1.7
495 500 850 1.6
495 1000 1650 3.7
495 1500 3500 3.4
496 0 0 1.7
496 500 850 1.6
496 1000 1650 3.7
496 1500 3500 3.4
497 0 0 1.7
497 500 850 1.6
497 1000 1650 3.7
497 1500 3500 3.4
498 0 0 1.7
498 500 850 1.6
498 1000 1650 3.7
498 1500 3500 3.4
499 0 0 1.7
499 500 850 1.6
499 1000 1650 3.7
499 1500 3500 3.4
500 0 0 1.7
500 500 850 1.6
500 1000 1650 3.7
500 1500 3500 3.4
501 0 0 1.7
501 500 850 1.6
501 1000 1650 3.7
501 1500 3500 3.4
502 0 0 1.7
502 500 850 1.6
502 1000 1650 3.7
502 1500 3500 3.4
503 0 0 1.7
503 500 850 1.6
503 1000 1650 3.7
503 1500 3500 3.4
504 0 0 1.7
504 500 850 1.6
504 1000 1650 3.7
504 1500 3500 3.4
505 0 0 1.7
505 500 850 1.6
505 1000 1650 3.7
505 1500 3500 3.4
506 0 0 1.7
506 500 850 1.6
506 1000 1650 3.7
506 1500 3500 3.4
507 0 0 1.7
507 500 850 1.6
507 1000 1650 3.7
507 1500 3500 3.4
508 0 0 1.7
508 500 850 1.6
508 1000 1650 3.7
508 1500 3500 3.4
509 0 0 1.7
509 500 850 1.6
509 1000 1650 3.7
509 1500 3500 3.4
510 0 0 1.7
510 500 850 1.6
510 1000 1650 3.7
510 1500 3500 3.4
511 0 0 1.7
511 500 850 1.6
511 1000 1650 3.7
511 1500 3500 3.4
512 0 0 1.7
512 500 850 1.6
512 1000 1650 3.7
512 1500 3500 3.4
513 0 0 1.7
513 500 850 1.6
513 1000 1650 3.7
513 1500 3500 3.4
514 0 0 1.7
514 500 850 1.6
514 1000 1650 3.7
514 1500 3500 3.4
515 0 0 1.7
515 500 850 1.6
515 1000 1650 3.7
515 1500 3500 3.4
516 0 0 1.7
516 500 850 1.6
516 1000 1650 3.7
516 1500 3500 3.4
517 0 0 1.7
517 500 850 1.6
517 1000 1650 3.7
517 1500 3500 3.4
518 0 0 1.7
518 500 850 1.6
518 1000 1650 3.7
518 1500 3500 3.4
519 0 0 1.7
519 500 850 1.6
519 1000 1650 3.7
519 1500 3500 3.4
520 0 0 1.7
520 500 850 1.6
520 1000 1650 3.7
520 1500 3500 3.4
521 0 0 1.7
521 500 850 1.6
521 1000 1650 3.7
521 1500 3500 3.4
522 0 0 1.7
522 500 850 1.6
522 1000 1650 3.7
522 1500 3500 3.4
523 0 0 1.7
523 500 850 1.6
523 1000 1650 3.7
523 1500 3500 3.4
524 0 0 1.7
524 500 850 1.6
524 1000 1650 3.7
524 1500 3500 3.4
525 0 0 1.7
525 500 850 1.6
525 1000 1650 3.7
525 1500 3500 3.4
526 0 0 1.7
526 500 850 1.6
526 1000 1650 3.7
526 1500 3500 3.4
527 0 0 1.7
527 500 850 1.6
527 1000 1650 3.7
527 1500 3500 3.4
528 0 0 1.7
528 500 850 1.6
528 1000 1650 3.7
528 1500 3500 3.4
529 0 0 1.7
529 500 850 1.6
529 1000 1650 3.7
529 1500 3500 3.4
530 0 0 1.7
530 500 850 1.6
530 1000 1650 3.7
530 1500 3500 3.4
531 0 0 1.7
531 500 850 1.6
531 1000 1650 3.7
531 1500 3500 3.4
532 0 0 1.7
532 500 850 1.6
532 1000 1650 3.7
532 1500 3500 3.4
533 0 0 1.7
533 500 850 1.6
533 1000 1650 3.7
533 1500 3500 3.4
534 0 0 1.7
534 500 850 1.6
534 1000 1650 3.7
534 1500 3500 3.4
535 0 0 1.7
535 500 850 1.6
535 1000 1650 3.7
535 1500 3500 3.4
536 0 0 1.7
536 500 850 1.6
536 1000 1650 3.7
536 1500 3500 3.4
537 0 0 1.7
537 500 850 1.6
537 1000 1650 3.7
537 1500 3500 3.4
538 0 0 1.7
538 500 850 1.6
538 1000 1650 3.7
538 1500 3500 3.4
539 0 0 1.7
539 500 850 1.6
539 1000 1650 3.7
539 1500 3500 3.4
540 0 0 1.7
540 500 850 1.6
540 1000 1650 3.7
540 1500 3500 3.4
541 0 0 1.7
541 500 850 1.6
541 1000 1650 3.7
541 1500 3500 3.4
542 0 0 1.7
542 500 850 1.6
542 1000 1650 3.7
542 1500 3500 3.4
543 0 0 1.7
543 500 850 1.6
543 1000 1650 3.7
543 1500 3500 3.4
544 0 0 1.7
544 500 850 1.6
544 1000 1650 3.7
544 1500 3500 3.4
545 0 0 1.7
545 500 850 1.6
545 1000 1650 3.7
545 1500 3500 3.4
546 0 0 1.7
546 500 850 1.6
546 1000 1650 3.7
546 1500 3500 3.4
547 0 0 1.7
547 500 850 1.6
547 1000 1650 3.7
547 1500 3500 3.4
548 0 0 1.7
548 500 850 1.6
548 1000 1650 3.7
548 1500 3500 3.4
549 0 0 1.7
549 500 850 1.6
549 1000 1650 3.7
549 1500 3500 3.4
550 0 0 1.7
550 500 850 1.6
550 1000 1650 3.7
550 1500 3500 3.4
551 0 0 1.7
551 500 850 1.6
551 1000 1650 3.7
551 1500 3500 3.4
552 0 0 1.7
552 500 850 1.6
552 1000 1650 3.7
552 1500 3500 3.4
553 0 0 1.7
553 500 850 1.6
553 1000 1650 3.7
553 1500 3500 3.4
554 0 0 1.7
554 500 850 1.6
554 1000 1650 3.7
554 1500 3500 3.4
555 0 0 1.7
555 500 850 1.6
555 1000 1650 3.7
555 1500 3500 3.4
556 0 0 1.7
556 500 850 1.6
556 1000 1650 3.7
556 1500 3500 3.4
557 0 0 1.7
557 500 850 1.6
557 1000 1650 3.7
557 1500 3500 3.4
558 0 0 1.7
558 500 850 1.6
558 1000 1650 3.7
558 1500 3500 3.4
559 0 0 1.7
559 500 850 1.6
559 1000 1650 3.7
559 1500 3500 3.4
560 0 0 1.7
560 500 850 1.6
560 1000 1650 3.7
560 1500 3500 3.4
561 0 0 1.7
561 500 850 1.6
561 1000 1650 3.7
561 1500 3500 3.4
562 0 0 1.7
562 500 850 1.6
562 1000 1650 3.7
562 1500 3500 3.4
563 0 0 1.7
563 500 850 1.6
563 1000 1650 3.7
563 1500 3500 3.4
564 0 0 1.7
564 500 850 1.6
564 1000 1650 3.7
564 1500 3500 3.4
565 0 0 1.7
565 500 850 1.6
565 1000 1650 3.7
565 1500 3500 3.4
566 0 0 1.7
566 500 850 1.6
566 1000 1650 3.7
566 1500 3500 3.4
567 0 0 1.7
567 500 850 1.6
567 1000 1650 3.7
567 1500 3500 3.4
568 0 0 1.7
568 500 850 1.6
568 1000 1650 3.7
568 1500 3500 3.4
569 0 0 1.7
569 500 850 1.6
569 1000 1650 3.7
569 1500 3500 3.4
570 0 0 1.7
570 500 850 1.6
570 1000 1650 3.7
570 1500 3500 3.4
571 0 0 1.7
571 500 850 1.6
571 1000 1650 3.7
571 1500 3500 3.4
572 0 0 1.7
572 500 850 1.6
572 1000 1650 3.7
572 1500 3500 3.4
573 0 0 1.7
573 500 850 1.6
573 1000 1650 3.7
573 1500 3500 3.4
574 0 0 1.7
574 500 850 1.6
574 1000 1650 3.7
574 1500 3500 3.4
575 0 0 1.7
575 500 850 1.6
575 1000 1650 3.7
575 1500 3500 3.4
576 0 0 1.7
576 500 850 1.6
576 1000 1650 3.7
576 1500 3500 3.4
577 0 0 1.7
577 500 850 1.6
577 1000 1650 3.7
577 1500 3500 3.4
578 0 0 1.7
578 500 850 1.6
578 1000 1650 3.7
578 1500 3500 3.4
579 0 0 1.7
579 500 850 1.6
579 1000 1650 3.7
579 1500 3500 3.4
580 0 0 1.7
580 500 850 1.6
580 1000 1650 3.7
580 1500 3500 3.4
581 0 0 1.7
581 500 850 1.6
581 1000 1650 3.7
581 1500 3500 3.4
582 0 0 1.7
582 500 850 1.6
582 1000 1650 3.7
582 1500 3500 3.4
583 0 0 1.7
583 500 850 1.6
583 1000 1650 3.7
583 1500 3500 3.4
584 0 0 1.7
584 500 850 1.6
584 1000 1650 3.7
584 1500 3500 3.4
585 0 0 1.7
585 500 850 1.6
585 1000 1650 3.7
585 1500 3500 3.4
586 0 0 1.7
586 500 850 1.6
586 1000 1650 3.7
586 1500 3500 3.4
587 0 0 1.7
587 500 850 1.6
587 1000 1650 3.7
587 1500 3500 3.4
588 0 0 1.7
588 500 850 1.6
588 1000 1650 3.7
588 1500 3500 3.4
589 0 0 1.7
589 500 850 1.6
589 1000 1650 3.7
589 1500 3500 3.4
590 0 0 1.7
590 500 850 1.6
590 1000 1650 3.7
590 1500 3500 3.4
591 0 0 1.7
591 500 850 1.6
591 1000 1650 3.7
591 1500 3500 3.4
592 0 0 1.7
592 500 850 1.6
592 1000 1650 3.7
592 1500 3500 3.4
593 0 0 1.7
593 500 850 1.6
593 1000 1650 3.7
593 1500 3500 3.4
594 0 0 1.7
594 500 850 1.6
594 1000 1650 3.7
594 1500 3500 3.4
595 0 0 1.7
595 500 850 1.6
595 1000 1650 3.7
595 1500 3500 3.4
596 0 0 1.7
596 500 850 1.6
596 1000 1650 3.7
596 1500 3500 3.4
597 0 0 1.7
597 500 850 1.6
597 1000 1650 3.7
597 1500 3500 3.4
598 0 0 1.7
598 500 850 1.6
598 1000 1650 3.7
598 1500 3500 3.4
599 0 0 1.7
599 500 850 1.6
599 1000 1650 3.7
599 1500 3500 3.4
600 0 0 1.7
600 500 850 1.6
600 1000 1650 3.7
600 1500 3500 3.4
601 0 0 1.7
601 500 850 1.6
601 1000 1650 3.7
601 1500 3500 3.4
602 0 0 1.7
602 500 850 1.6
602 1000 1650 3.7
602 1500 3500 3.4
603 0 0 1.7
603 500 850 1.6
603 1000 1650 3.7
603 1500 3500 3.4
604 0 0 1.7
604 500 850 1.6
604 1000 1650 3.7
604 1500 3500 3.4
605 0 0 1.7
605 500 850 1.6
605 1000 1650 3.7
605 1500 3500 3.4
606 0 0 1.7
606 500 850 1.6
606 1000 1650 3.7
606 1500 3500 3.4
607 0 0 1.7
607 500 850 1.6
607 1000 1650 3.7
607 1500 3500 3.4
608 0 0 1.7
608 500 850 1.6
608 1000 1650 3.7
608 1500 3500 3.4
609 0 0 1.7
609 500 850 1.6
609 1000 1650 3.7
609 1500 3500 3.4
610 0 0 1.7
610 500 850 1.6
610 1000 1650 3.7
610 1500 3500 3.4
611 0 0 1.7
611 500 850 1.6
611 1000 1650 3.7
611 1500 3500 3.4
612 0 0 1.7
612 500 850 1.6
612 1000 1650 3.7
612 1500 3500 3.4
613 0 0 1.7
613 500 850 1.6
613 1000 1650 3.7
613 1500 3500 3.4
614 0 0 1.7
614 500 850 1.6
614 1000 1650 3.7
614 1500 3500 3.4
615 0 0 1.7
615 500 850 1.6
615 1000 1650 3.7
615 1500 3500 3.4
616 0 0 1.7
616 500 850 1.6
616 1000 1650 3.7
616 1500 3500 3.4
617 0 0 1.7
617 500 850 1.6
617 1000 1650 3.7
617 1500 3500 3.4
618 0 0 1.7
618 500 850 1.6
618 1000 1650 3.7
618 1500 3500 3.4
619 0 0 1.7
619 500 850 1.6
619 1000 1650 3.7
619 1500 3500 3.4
620 0 0 1.7
620 500 850 1.6
620 1000 1650 3.7
620 1500 3500 3.4
621 0 0 1.7
621 500 850 1.6
621 1000 1650 3.7
621 1500 3500 3.4
622 0 0 1.7
622 500 850 1.6
622 1000 1650 3.7
622 1500 3500 3.4
623 0 0 1.7
623 500 850 1.6
623 1000 1650 3.7
623 1500 3500 3.4
624 0 0 1.7
624 500 850 1.6
624 1000 1650 3.7
624 1500 3500 3.4
625 0 0 1.7
625 500 850 1.6
625 1000 1650 3.7
625 1500 3500 3.4
626 0 0 1.7
626 500 850 1.6
626 1000 1650 3.7
626 1500 3500 3.4
627 0 0 1.7
627 500 850 1.6
627 1000 1650 3.7
627 1500 3500 3.4
628 0 0 1.7
628 500 850 1.6
628 1000 1650 3.7
628 1500 3500 3.4
629 0 0 1.7
629 500 850 1.6
629 1000 1650 3.7
629 1500 3500 3.4
630 0 0 1.7
630 500 850 1.6
630 1000 1650 3.7
630 1500 3500 3.4
631 0 0 1.7
631 500 850 1.6
631 1000 1650 3.7
631 1500 3500 3.4
632 0 0 1.7
632 500 850 1.6
632 1000 1650 3.7
632 1500 3500 3.4
633 0 0 1.7
633 500 850 1.6
633 1000 1650 3.7
633 1500 3500 3.4
634 0 0 1.7
634 500 850 1.6
634 1000 1650 3.7
634 1500 3500 3.4
635 0 0 1.7
635 500 850 1.6
635 1000 1650 3.7
635 1500 3500 3.4
636 0 0 1.7
636 500 850 1.6
636 1000 1650 3.7
636 1500 3500 3.4
637 0 0 1.7
637 500 850 1.6
637 1000 1650 3.7
637 1500 3500 3.4
638 0 0 1.7
638 500 850 1.6
638 1000 1650 3.7
638 1500 3500 3.4
639 0 0 1.7
639 500 850 1.6
639 1000 1650 3.7
639 1500 3500 3.4
640 0 0 1.7
640 500 850 1.6
640 1000 1650 3.7
640 1500 3500 3.4
641 0 0 1.7
641 500 850 1.6
641 1000 1650 3.7
641 1500 3500 3.4
642 0 0 1.7
642 500 850 1.6
642 1000 1650 3.7
642 1500 3500 3.4
643 0 0 1.7
643 500 850 1.6
643 1000 1650 3.7
643 1500 3500 3.4
644 0 0 1.7
644 500 850 1.6
644 1000 1650 3.7
644 1500 3500 3.4
645 0 0 1.7
645 500 850 1.6
645 1000 1650 3.7
645 1500 3500 3.4
646 0 0 1.7
646 500 850 1.6
646 1000 1650 3.7
646 1500 3500 3.4
647 0 0 1.7
647 500 850 1.6
647 1000 1650 3.7
647 1500 3500 3.4
648 0 0 1.7
648 500 850 1.6
648 1000 1650 3.7
648 1500 3500 3.4
649 0 0 1.7
649 500 850 1.6
649 1000 1650 3.7
649 1500 3500 3.4
650 0 0 1.7
650 500 850 1.6
650 1000 1650 3.7
650 1500 3500 3.4
651 0 0 1.7
651 500 850 1.6
651 1000 1650 3.7
651 1500 3500 3.4
652 0 0 1.7
652 500 850 1.6
652 1000 1650 3.7
652 1500 3500 3.4
653 0 0 1.7
653 500 850 1.6
653 1000 1650 3.7
653 1500 3500 3.4
654 0 0 1.7
654 500 850 1.6
654 1000 1650 3.7
654 1500 3500 3.4
655 0 0 1.7
655 500 850 1.6
655 1000 1650 3.7
655 1500 3500 3.4
656 0 0 1.7
656 500 850 1.6
656 1000 1650 3.7
656 1500 3500 3.4
657 0 0 1.7
657 500 850 1.6
657 1000 1650 3.7
657 1500 3500 3.4
658 0 0 1.7
658 500 850 1.6
658 1000 1650 3.7
658 1500 3500 3.4
659 0 0 1.7
659 500 850 1.6
659 1000 1650 3.7
659 1500 3500 3.4
660 0 0 1.7
660 500 850 1.6
660 1000 1650 3.7
660 1500 3500 3.4
661 0 0 1.7
661 500 850 1.6
661 1000 1650 3.7
661 1500 3500 3.4
662 0 0 1.7
662 500 850 1.6
662 1000 1650 3.7
662 1500 3500 3.4
663 0 0 1.7
663 500 850 1.6
663 1000 1650 3.7
663 1500 3500 3.4
664 0 0 1.7
664 500 850 1.6
664 1000 1650 3.7
664 1500 3500 3.4
665 0 0 1.7
665 500 850 1.6
665 1000 1650 3.7
665 1500 3500 3.4
666 0 0 1.7
666 500 850 1.6
666 1000 1650 3.7
666 1500 3500 3.4
667 0 0 1.7
667 500 850 1.6
667 1000 1650 3.7
667 1500 3500 3.4
668 0 0 1.7
668 500 850 1.6
668 1000 1650 3.7
668 1500 3500 3.4
669 0 0 1.7
669 500 850 1.6
669 1000 1650 3.7
669 1500 3500 3.4
670 0 0 1.7
670 500 850 1.6
670 1000 1650 3.7
670 1500 3500 3.4
671 0 0 1.7
671 500 850 1.6
671 1000 1650 3.7
671 1500 3500 3.4
672 0 0 1.7
672 500 850 1.6
672 1000 1650 3.7
672 1500 3500 3.4
673 0 0 1.7
673 500 850 1.6
673 1000 1650 3.7
673 1500 3500 3.4
674 0 0 1.7
674 500 850 1.6
674 1000 1650 3.7
674 1500 3500 3.4
675 0 0 1.7
675 500 850 1.6
675 1000 1650 3.7
675 1500 3500 3.4
676 0 0 1.7
676 500 850 1.6
676 1000 1650 3.7
676 1500 3500 3.4
677 0 0 1.7
677 500 850 1.6
677 1000 1650 3.7
677 1500 3500 3.4
678 0 0 1.7
678 500 850 1.6
678 1000 1650 3.7
678 1500 3500 3.4
679 0 0 1.7
679 500 850 1.6
679 1000 1650 3.7
679 1500 3500 3.4
680 0 0 1.7
680 500 850 1.6
680 1000 1650 3.7
680 1500 3500 3.4
681 0 0 1.7
681 500 850 1.6
681 1000 1650 3.7
681 1500 3500 3.4
682 0 0 1.7
682 500 850 1.6
682 1000 1650 3.7
682 1500 3500 3.4
683 0 0 1.7
683 500 850 1.6
683 1000 1650 3.7
683 1500 3500 3.4
684 0 0 1.7
684 500 850 1.6
684 1000 1650 3.7
684 1500 3500 3.4
685 0 0 1.7
685 500 850 1.6
685 1000 1650 3.7
685 1500 3500 3.4
686 0 0 1.7
686 500 850 1.6
686 1000 1650 3.7
686 1500 3500 3.4
687 0 0 1.7
687 500 850 1.6
687 1000 1650 3.7
687 1500 3500 3.4
688 0 0 1.7
688 500 850 1.6
688 1000 1650 3.7
688 1500 3500 3.4
689 0 0 1.7
689 500 850 1.6
689 1000 1650 3.7
689 1500 3500 3.4
690 0 0 1.7
690 500 850 1.6
690 1000 1650 3.7
690 1500 3500 3.4
691 0 0 1.7
691 500 850 1.6
691 1000 1650 3.7
691 1500 3500 3.4
692 0 0 1.7
692 500 850 1.6
692 1000 1650 3.7
692 1500 3500 3.4
693 0 0 1.7
693 500 850 1.6
693 1000 1650 3.7
693 1500 3500 3.4
694 0 0 1.7
694 500 850 1.6
694 1000 1650 3.7
694 1500 3500 3.4
695 0 0 1.7
695 500 850 1.6
695 1000 1650 3.7
695 1500 3500 3.4
696 0 0 1.7
696 500 850 1.6
696 1000 1650 3.7
696 1500 3500 3.4
697 0 0 1.7
697 500 850 1.6
697 1000 1650 3.7
697 1500 3500 3.4
698 0 0 1.7
698 500 850 1.6
698 1000 1650 3.7
698 1500 3500 3.4
699 0 0 1.7
699 500 850 1.6
699 1000 1650 3.7
699 1500 3500 3.4
700 0 0 1.7
700 500 850 1.6
700 1000 1650 3.7
700 1500 3500 3.4
701 0 0 1.7
701 500 850 1.6
701 1000 1650 3.7
701 1500 3500 3.4
702 0 0 1.7
702 500 850 1.6
702 1000 1650 3.7
702 1500 3500 3.4
703 0 0 1.7
703 500 850 1.6
703 1000 1650 3.7
703 1500 3500 3.4
704 0 0 1.7
704 500 850 1.6
704 1000 1650 3.7
704 1500 3500 3.4
705 0 0 1.7
705 500 850 1.6
705 1000 1650 3.7
705 1500 3500 3.4
706 0 0 1.7
706 500 850 1.6
706 1000 1650 3.7
706 1500 3500 3.4
707 0 0 1.7
707 500 850 1.6
707 1000 1650 3.7
707 1500 3500 3.4
708 0 0 1.7
708 500 850 1.6
708 1000 1650 3.7
708 1500 3500 3.4
709 0 0 1.7
709 500 850 1.6
709 1000 1650 3.7
709 1500 3500 3.4
710 0 0 1.7
710 500 850 1.6
710 1000 1650 3.7
710 1500 3500 3.4
711 0 0 1.7
711 500 850 1.6
711 1000 1650 3.7
711 1500 3500 3.4
712 0 0 1.7
712 500 850 1.6
712 1000 1650 3.7
712 1500 3500 3.4
713 0 0 1.7
713 500 850 1.6
713 1000 1650 3.7
713 1500 3500 3.4
714 0 0 1.7
714 500 850 1.6
714 1000 1650 3.7
714 1500 3500 3.4
715 0 0 1.7
715 500 850 1.6
715 1000 1650 3.7
715 1500 3500 3.4
716 0 0 1.7
716 500 850 1.6
716 1000 1650 3.7
716 1500 3500 3.4
717 0 0 1.7
717 500 850 1.6
717 1000 1650 3.7
717 1500 3500 3.4
718 0 0 1.7
718 500 850 1.6
718 1000 1650 3.7
718 1500 3500 3.4
719 0 0 1.7
719 500 850 1.6
719 1000 1650 3.7
719 1500 3500 3.4
720 0 0 1.7
720 500 850 1.6
720 1000 1650 3.7
720 1500 3500 3.4
721 0 0 1.7
721 500 850 1.6
721 1000 1650 3.7
721 1500 3500 3.4
722 0 0 1.7
722 500 850 1.6
722 1000 1650 3.7
722 1500 3500 3.4
723 0 0 1.7
723 500 850 1.6
723 1000 1650 3.7
723 1500 3500 3.4
724 0 0 1.7
724 500 850 1.6
724 1000 1650 3.7
724 1500 3500 3.4
725 0 0 1.7
725 500 850 1.6
725 1000 1650 3.7
725 1500 3500 3.4
726 0 0 1.7
726 500 850 1.6
726 1000 1650 3.7
726 1500 3500 3.4
727 0 0 1.7
727 500 850 1.6
727 1000 1650 3.7
727 1500 3500 3.4
728 0 0 1.7
728 500 850 1.6
728 1000 1650 3.7
728 1500 3500 3.4
729 0 0 1.7
729 500 850 1.6
729 1000 1650 3.7
729 1500 3500 3.4
730 0 0 1.7
730 500 850 1.6
730 1000 1650 3.7
730 1500 3500 3.4
731 0 0 1.7
731 500 850 1.6
731 1000 1650 3.7
731 1500 3500 3.4
732 0 0 1.7
732 500 850 1.6
732 1000 1650 3.7
732 1500 3500 3.4
733 0 0 1.7
733 500 850 1.6
733 1000 1650 3.7
733 1500 3500 3.4
734 0 0 1.7
734 500 850 1.6
734 1000 1650 3.7
734 1500 3500 3.4
735 0 0 1.7
735 500 850 1.6
735 1000 1650 3.7
735 1500 3500 3.4
736 0 0 1.7
736 500 850 1.6
736 1000 1650 3.7
736 1500 3500 3.4
737 0 0 1.7
737 500 850 1.6
737 1000 1650 3.7
737 1500 3500 3.4
738 0 0 1.7
738 500 850 1.6
738 1000 1650 3.7
738 1500 3500 3.4
739 0 0 1.7
739 500 850 1.6
739 1000 1650 3.7
739 1500 3500 3.4
740 0 0 1.7
740 500 850 1.6
740 1000 1650 3.7
740 1500 3500 3.4
741 0 0 1.7
741 500 850 1.6
741 1000 1650 3.7
741 1500 3500 3.4
742 0 0 1.7
742 500 850 1.6
742 1000 1650 3.7
742 1500 3500 3.4
743 0 0 1.7
743 500 850 1.6
743 1000 1650 3.7
743 1500 3500 3.4
744 0 0 1.7
744 500 850 1.6
744 1000 1650 3.7
744 1500 3500 3.4
745 0 0 1.7
745 500 850 1.6
745 1000 1650 3.7
745 1500 3500 3.4
746 0 0 1.7
746 500 850 1.6
746 1000 1650 3.7
746 1500 3500 3.4
747 0 0 1.7
747 500 850 1.6
747 1000 1650 3.7
747 1500 3500 3.4
748 0 0 1.7
748 500 850 1.6
748 1000 1650 3.7
748 1500 3500 3.4
749 0 0 1.7
749 500 850 1.6
749 1000 1650 3.7
749 1500 3500 3.4
750 0 0 1.7
750 500 850 1.6
750 1000 1650 3.7
750 1500 3500 3.4
751 0 0 1.7
751 500 850 1.6
751 1000 1650 3.7
751 1500 3500 3.4
752 0 0 1.7
752 500 850 1.6
752 1000 1650 3.7
752 1500 3500 3.4
753 0 0 1.7
753 500 850 1.6
753 1000 1650 3.7
753 1500 3500 3.4
754 0 0 1.7
754 500 850 1.6
754 1000 1650 3.7
754 1500 3500 3.4
755 0 0 1.7
755 500 850 1.6
755 1000 1650 3.7
755 1500 3500 3.4
756 0 0 1.7
756 500 850 1.6
756 1000 1650 3.7
756 1500 3500 3.4
757 0 0 1.7
757 500 850 1.6
757 1000 1650 3.7
757 1500 3500 3.4
758 0 0 1.7
758 500 850 1.6
758 1000 1650 3.7
758 1500 3500 3.4
759 0 0 1.7
759 500 850 1.6
759 1000 1650 3.7
759 1500 3500 3.4
760 0 0 1.7
760 500 850 1.6
760 1000 1650 3.7
760 1500 3500 3.4
761 0 0 1.7
761 500 850 1.6
761 1000 1650 3.7
761 1500 3500 3.4
762 0 0 1.7
762 500 850 1.6
762 1000 1650 3.7
762 1500 3500 3.4
763 0 0 1.7
763 500 850 1.6
763 1000 1650 3.7
763 1500 3500 3.4
764 0 0 1.7
764 500 850 1.6
764 1000 1650 3.7
764 1500 3500 3.4
765 0 0 1.7
765 500 850 1.6
765 1000 1650 3.7
765 1500 3500 3.4
766 0 0 1.7
766 500 850 1.6
766 1000 1650 3.7
766 1500 3500 3.4
767 0 0 1.7
767 500 850 1.6
767 1000 1650 3.7
767 1500 3500 3.4
768 0 0 1.7
768 500 850 1.6
768 1000 1650 3.7
768 1500 3500 3.4
769 0 0 1.7
769 500 850 1.6
769 1000 1650 3.7
769 1500 3500 3.4
770 0 0 1.7
770 500 850 1.6
770 1000 1650 3.7
770 1500 3500 3.4
771 0 0 1.7
771 500 850 1.6
771 1000 1650 3.7
771 1500 3500 3.4
772 0 0 1.7
772 500 850 1.6
772 1000 1650 3.7
772 1500 3500 3.4
773 0 0 1.7
773 500 850 1.6
773 1000 1650 3.7
773 1500 3500 3.4
774 0 0 1.7
774 500 850 1.6
774 1000 1650 3.7
774 1500 3500 3.4
775 0 0 1.7
775 500 850 1.6
775 1000 1650 3.7
775 1500 3500 3.4
776 0 0 1.7
776 500 850 1.6
776 1000 1650 3.7
776 1500 3500 3.4
777 0 0 1.7
777 500 850 1.6
777 1000 1650 3.7
777 1500 3500 3.4
778 0 0 1.7
778 500 850 1.6
778 1000 1650 3.7
778 1500 3500 3.4
779 0 0 1.7
779 500 850 1.6
779 1000 1650 3.7
779 1500 3500 3.4
780 0 0 1.7
780 500 850 1.6
780 1000 1650 3.7
780 1500 3500 3.4
781 0 0 1.7
781 500 850 1.6
781 1000 1650 3.7
781 1500 3500 3.4
782 0 0 1.7
782 500 850 1.6
782 1000 1650 3.7
782 1500 3500 3.4
783 0 0 1.7
783 500 850 1.6
783 1000 1650 3.7
783 1500 3500 3.4
784 0 0 1.7
784 500 850 1.6
784 1000 1650 3.7
784 1500 3500 3.4
785 0 0 1.7
785 500 850 1.6
785 1000 1650 3.7
785 1500 3500 3.4
786 0 0 1.7
786 500 850 1.6
786 1000 1650 3.7
786 1500 3500 3.4
787 0 0 1.7
787 500 850 1.6
787 1000 1650 3.7
787 1500 3500 3.4
788 0 0 1.7
788 500 850 1.6
788 1000 1650 3.7
788 1500 3500 3.4
789 0 0 1.7
789 500 850 1.6
789 1000 1650 3.7
789 1500 3500 3.4
790 0 0 1.7
790 500 850 1.6
790 1000 1650 3.7
790 1500 3500 3.4
791 0 0 1.7
791 500 850 1.6
791 1000 1650 3.7
791 1500 3500 3.4
792 0 0 1.7
792 500 850 1.6
792 1000 1650 3.7
792 1500 3500 3.4
793 0 0 1.7
793 500 850 1.6
793 1000 1650 3.7
793 1500 3500 3.4
794 0 0 1.7
794 500 850 1.6
794 1000 1650 3.7
794 1500 3500 3.4
795 0 0 1.7
795 500 850 1.6
795 1000 1650 3.7
795 1500 3500 3.4
796 0 0 1.7
796 500 850 1.6
796 1000 1650 3.7
796 1500 3500 3.4
797 0 0 1.7
797 500 850 1.6
797 1000 1650 3.7
797 1500 3500 3.4
798 0 0 1.7
798 500 850 1.6
798 1000 1650 3.7
798 1500 3500 3.4
799 0 0 1.7
799 500 850 1.6
799 1000 1650 3.7
799 1500 3500 3.4
800 0 0 1.7
800 500 850 1.6
800 1000 1650 3.7
800 1500 3500 3.4
801 0 0 1.7
801 500 850 1.6
801 1000 1650 3.7
801 1500 3500 3.4
802 0 0 1.7
802 500 850 1.6
802 1000 1650 3.7
802 1500 3500 3.4
803 0 0 1.7
803 500 850 1.6
803 1000 1650 3.7
803 1500 3500 3.4
804 0 0 1.7
804 500 850 1.6
804 1000 1650 3.7
804 1500 3500 3.4
805 0 0 1.7
805 500 850 1.6
805 1000 1650 3.7
805 1500 3500 3.4
806 0 0 1.7
806 500 850 1.6
806 1000 1650 3.7
806 1500 3500 3.4
807 0 0 1.7
807 500 850 1.6
807 1000 1650 3.7
807 1500 3500 3.4
808 0 0 1.7
808 500 850 1.6
808 1000 1650 3.7
808 1500 3500 3.4
809 0 0 1.7
809 500 850 1.6
809 1000 1650 3.7
809 1500 3500 3.4
810 0 0 1.7
810 500 850 1.6
810 1000 1650 3.7
810 1500 3500 3.4
811 0 0 1.7
811 500 850 1.6
811 1000 1650 3.7
811 1500 3500 3.4
812 0 0 1.7
812 500 850 1.6
812 1000 1650 3.7
812 1500 3500 3.4
813 0 0 1.7
813 500 850 1.6
813 1000 1650 3.7
813 1500 3500 3.4
814 0 0 1.7
814 500 850 1.6
814 1000 1650 3.7
814 1500 3500 3.4
815 0 0 1.7
815 500 850 1.6
815 1000 1650 3.7
815 1500 3500 3.4
816 0 0 1.7
816 500 850 1.6
816 1000 1650 3.7
816 1500 3500 3.4
817 0 0 1.7
817 500 850 1.6
817 1000 1650 3.7
817 1500 3500 3.4
818 0 0 1.7
818 500 850 1.6
818 1000 1650 3.7
818 1500 3500 3.4
819 0 0 1.7
819 500 850 1.6
819 1000 1650 3.7
819 1500 3500 3.4
820 0 0 1.7
820 500 850 1.6
820 1000 1650 3.7
820 1500 3500 3.4
821 0 0 1.7
821 500 850 1.6
821 1000 1650 3.7
821 1500 3500 3.4
822 0 0 1.7
822 500 850 1.6
822 1000 1650 3.7
822 1500 3500 3.4
823 0 0 1.7
823 500 850 1.6
823 1000 1650 3.7
823 1500 3500 3.4
824 0 0 1.7
824 500 850 1.6
824 1000 1650 3.7
824 1500 3500 3.4
825 0 0 1.7
825 500 850 1.6
825 1000 1650 3.7
825 1500 3500 3.4
826 0 0 1.7
826 500 850 1.6
826 1000 1650 3.7
826 1500 3500 3.4
827 0 0 1.7
827 500 850 1.6
827 1000 1650 3.7
827 1500 3500 3.4
828 0 0 1.7
828 500 850 1.6
828 1000 1650 3.7
828 1500 3500 3.4
829 0 0 1.7
829 500 850 1.6
829 1000 1650 3.7
829 1500 3500 3.4
830 0 0 1.7
830 500 850 1.6
830 1000 1650 3.7
830 1500 3500 3.4
831 0 0 1.7
831 500 850 1.6
831 1000 1650 3.7
831 1500 3500 3.4
832 0 0 1.7
832 500 850 1.6
832 1000 1650 3.7
832 1500 3500 3.4
833 0 0 1.7
833 500 850 1.6
833 1000 1650 3.7
833 1500 3500 3.4
834 0 0 1.7
834 500 850 1.6
834 1000 1650 3.7
834 1500 3500 3.4
835 0 0 1.7
835 500 850 1.6
835 1000 1650 3.7
835 1500 3500 3.4
836 0 0 1.7
836 500 850 1.6
836 1000 1650 3.7
836 1500 3500 3.4
837 0 0 1.7
837 500 850 1.6
837 1000 1650 3.7
837 1500 3500 3.4
838 0 0 1.7
838 500 850 1.6
838 1000 1650 3.7
838 1500 3500 3.4
839 0 0 1.7
839 500 850 1.6
839 1000 1650 3.7
839 1500 3500 3.4
840 0 0 1.7
840 500 850 1.6
840 1000 1650 3.7
840 1500 3500 3.4
841 0 0 1.7
841 500 850 1.6
841 1000 1650 3.7
841 1500 3500 3.4
842 0 0 1.7
842 500 850 1.6
842 1000 1650 3.7
842 1500 3500 3.4
843 0 0 1.7
843 500 850 1.6
843 1000 1650 3.7
843 1500 3500 3.4
844 0 0 1.7
844 500 850 1.6
844 1000 1650 3.7
844 1500 3500 3.4
845 0 0 1.7
845 500 850 1.6
845 1000 1650 3.7
845 1500 3500 3.4
846 0 0 1.7
846 500 850 1.6
846 1000 1650 3.7
846 1500 3500 3.4
847 0 0 1.7
847 500 850 1.6
847 1000 1650 3.7
847 1500 3500 3.4
848 0 0 1.7
848 500 850 1.6
848 1000 1650 3.7
848 1500 3500 3.4
849 0 0 1.7
849 500 850 1.6
849 1000 1650 3.7
849 1500 3500 3.4
850 0 0 1.7
850 500 850 1.6
850 1000 1650 3.7
850 1500 3500 3.4
851 0 0 1.7
851 500 850 1.6
851 1000 1650 3.7
851 1500 3500 3.4
852 0 0 1.7
852 500 850 1.6
852 1000 1650 3.7
852 1500 3500 3.4
853 0 0 1.7
853 500 850 1.6
853 1000 1650 3.7
853 1500 3500 3.4
854 0 0 1.7
854 500 850 1.6
854 1000 1650 3.7
854 1500 3500 3.4
855 0 0 1.7
855 500 850 1.6
855 1000 1650 3.7
855 1500 3500 3.4
856 0 0 1.7
856 500 850 1.6
856 1000 1650 3.7
856 1500 3500 3.4
857 0 0 1.7
857 500 850 1.6
857 1000 1650 3.7
857 1500 3500 3.4
858 0 0 1.7
858 500 850 1.6
858 1000 1650 3.7
858 1500 3500 3.4
859 0 0 1.7
859 500 850 1.6
859 1000 1650 3.7
859 1500 3500 3.4
860 0 0 1.7
860 500 850 1.6
860 1000 1650 3.7
860 1500 3500 3.4
861 0 0 1.7
861 500 850 1.6
861 1000 1650 3.7
861 1500 3500 3.4
862 0 0 1.7
862 500 850 1.6
862 1000 1650 3.7
862 1500 3500 3.4
863 0 0 1.7
863 500 850 1.6
863 1000 1650 3.7
863 1500 3500 3.4
864 0 0 1.7
864 500 850 1.6
864 1000 1650 3.7
864 1500 3500 3.4
865 0 0 1.7
865 500 850 1.6
865 1000 1650 3.7
865 1500 3500 3.4
866 0 0 1.7
866 500 850 1.6
866 1000 1650 3.7
866 1500 3500 3.4
867 0 0 1.7
867 500 850 1.6
867 1000 1650 3.7
867 1500 3500 3.4
868 0 0 1.7
868 500 850 1.6
868 1000 1650 3.7
868 1500 3500 3.4
869 0 0 1.7
869 500 850 1.6
869 1000 1650 3.7
869 1500 3500 3.4
870 0 0 1.7
870 500 850 1.6
870 1000 1650 3.7
870 1500 3500 3.4
871 0 0 1.7
871 500 850 1.6
871 1000 1650 3.7
871 1500 3500 3.4
872 0 0 1.7
872 500 850 1.6
872 1000 1650 3.7
872 1500 3500 3.4
873 0 0 1.7
873 500 850 1.6
873 1000 1650 3.7
873 1500 3500 3.4
874 0 0 1.7
874 500 850 1.6
874 1000 1650 3.7
874 1500 3500 3.4
875 0 0 1.7
875 500 850 1.6
875 1000 1650 3.7
875 1500 3500 3.4
876 0 0 1.7
876 500 850 1.6
876 1000 1650 3.7
876 1500 3500 3.4
877 0 0 1.7
877 500 850 1.6
877 1000 1650 3.7
877 1500 3500 3.4
878 0 0 1.7
878 500 850 1.6
878 1000 1650 3.7
878 1500 3500 3.4
879 0 0 1.7
879 500 850 1.6
879 1000 1650 3.7
879 1500 3500 3.4
880 0 0 1.7
880 500 850 1.6
880 1000 1650 3.7
880 1500 3500 3.4
881 0 0 1.7
881 500 850 1.6
881 1000 1650 3.7
881 1500 3500 3.4
882 0 0 1.7
882 500 850 1.6
882 1000 1650 3.7
882 1500 3500 3.4
883 0 0 1.7
883 500 850 1.6
883 1000 1650 3.7
883 1500 3500 3.4
884 0 0 1.7
884 500 850 1.6
884 1000 1650 3.7
884 1500 3500 3.4
885 0 0 1.7
885 500 850 1.6
885 1000 1650 3.7
885 1500 3500 3.4
886 0 0 1.7
886 500 850 1.6
886 1000 1650 3.7
886 1500 3500 3.4
887 0 0 1.7
887 500 850 1.6
887 1000 1650 3.7
887 1500 3500 3.4
888 0 0 1.7
888 500 850 1.6
888 1000 1650 3.7
888 1500 3500 3.4
889 0 0 1.7
889 500 850 1.6
889 1000 1650 3.7
889 1500 3500 3.4
890 0 0 1.7
890 500 850 1.6
890 1000 1650 3.7
890 1500 3500 3.4
891 0 0 1.7
891 500 850 1.6
891 1000 1650 3.7
891 1500 3500 3.4
892 0 0 1.7
892 500 850 1.6
892 1000 1650 3.7
892 1500 3500 3.4
893 0 0 1.7
893 500 850 1.6
893 1000 1650 3.7
893 1500 3500 3.4
894 0 0 1.7
894 500 850 1.6
894 1000 1650 3.7
894 1500 3500 3.4
895 0 0 1.7
895 500 850 1.6
895 1000 1650 3.7
895 1500 3500 3.4
896 0 0 1.7
896 500 850 1.6
896 1000 1650 3.7
896 1500 3500 3.4
897 0 0 1.7
897 500 850 1.6
897 1000 1650 3.7
897 1500 3500 3.4
898 0 0 1.7
898 500 850 1.6
898 1000 1650 3.7
898 1500 3500 3.4
899 0 0 1.7
899 500 850 1.6
899 1000 1650 3.7
899 1500 3500 3.4
900 0 0 1.7
900 500 850 1.6
900 1000 1650 3.7
900 1500 3500 3.4
901 0 0 1.7
901 500 850 1.6
901 1000 1650 3.7
901 1500 3500 3.4
902 0 0 1.7
902 500 850 1.6
902 1000 1650 3.7
902 1500 3500 3.4
903 0 0 1.7
903 500 850 1.6
903 1000 1650 3.7
903 1500 3500 3.4
904 0 0 1.7
904 500 850 1.6
904 1000 1650 3.7
904 1500 3500 3.4
905 0 0 1.7
905 500 850 1.6
905 1000 1650 3.7
905 1500 3500 3.4
906 0 0 1.7
906 500 850 1.6
906 1000 1650 3.7
906 1500 3500 3.4
907 0 0 1.7
907 500 850 1.6
907 1000 1650 3.7
907 1500 3500 3.4
908 0 0 1.7
908 500 850 1.6
908 1000 1650 3.7
908 1500 3500 3.4
909 0 0 1.7
909 500 850 1.6
909 1000 1650 3.7
909 1500 3500 3.4
910 0 0 1.7
910 500 850 1.6
910 1000 1650 3.7
910 1500 3500 3.4
911 0 0 1.7
911 500 850 1.6
911 1000 1650 3.7
911 1500 3500 3.4
912 0 0 1.7
912 500 850 1.6
912 1000 1650 3.7
912 1500 3500 3.4
913 0 0 1.7
913 500 850 1.6
913 1000 1650 3.7
913 1500 3500 3.4
914 0 0 1.7
914 500 850 1.6
914 1000 1650 3.7
914 1500 3500 3.4
915 0 0 1.7
915 500 850 1.6
915 1000 1650 3.7
915 1500 3500 3.4
916 0 0 1.7
916 500 850 1.6
916 1000 1650 3.7
916 1500 3500 3.4
917 0 0 1.7
917 500 850 1.6
917 1000 1650 3.7
917 1500 3500 3.4
918 0 0 1.7
918 500 850 1.6
918 1000 1650 3.7
918 1500 3500 3.4
919 0 0 1.7
919 500 850 1.6
919 1000 1650 3.7
919 1500 3500 3.4
920 0 0 1.7
920 500 850 1.6
920 1000 1650 3.7
920 1500 3500 3.4
921 0 0 1.7
921 500 850 1.6
921 1000 1650 3.7
921 1500 3500 3.4
922 0 0 1.7
922 500 850 1.6
922 1000 1650 3.7
922 1500 3500 3.4
923 0 0 1.7
923 500 850 1.6
923 1000 1650 3.7
923 1500 3500 3.4
924 0 0 1.7
924 500 850 1.6
924 1000 1650 3.7
924 1500 3500 3.4
925 0 0 1.7
925 500 850 1.6
925 1000 1650 3.7
925 1500 3500 3.4
926 0 0 1.7
926 500 850 1.6
926 1000 1650 3.7
926 1500 3500 3.4
927 0 0 1.7
927 500 850 1.6
927 1000 1650 3.7
927 1500 3500 3.4
928 0 0 1.7
928 500 850 1.6
928 1000 1650 3.7
928 1500 3500 3.4
929 0 0 1.7
929 500 850 1.6
929 1000 1650 3.7
929 1500 3500 3.4
930 0 0 1.7
930 500 850 1.6
930 1000 1650 3.7
930 1500 3500 3.4
931 0 0 1.7
931 500 850 1.6
931 1000 1650 3.7
931 1500 3500 3.4
932 0 0 1.7
932 500 850 1.6
932 1000 1650 3.7
932 1500 3500 3.4
933 0 0 1.7
933 500 850 1.6
933 1000 1650 3.7
933 1500 3500 3.4
934 0 0 1.7
934 500 850 1.6
934 1000 1650 3.7
934 1500 3500 3.4
935 0 0 1.7
935 500 850 1.6
935 1000 1650 3.7
935 1500 3500 3.4
936 0 0 1.7
936 500 850 1.6
936 1000 1650 3.7
936 1500 3500 3.4
937 0 0 1.7
937 500 850 1.6
937 1000 1650 3.7
937 1500 3500 3.4
938 0 0 1.7
938 500 850 1.6
938 1000 1650 3.7
938 1500 3500 3.4
939 0 0 1.7
939 500 850 1.6
939 1000 1650 3.7
939 1500 3500 3.4
940 0 0 1.7
940 500 850 1.6
940 1000 1650 3.7
940 1500 3500 3.4
941 0 0 1.7
941 500 850 1.6
941 1000 1650 3.7
941 1500 3500 3.4
942 0 0 1.7
942 500 850 1.6
942 1000 1650 3.7
942 1500 3500 3.4
943 0 0 1.7
943 500 850 1.6
943 1000 1650 3.7
943 1500 3500 3.4
944 0 0 1.7
944 500 850 1.6
944 1000 1650 3.7
944 1500 3500 3.4
945 0 0 1.7
945 500 850 1.6
945 1000 1650 3.7
945 1500 3500 3.4
946 0 0 1.7
946 500 850 1.6
946 1000 1650 3.7
946 1500 3500 3.4
947 0 0 1.7
947 500 850 1.6
947 1000 1650 3.7
947 1500 3500 3.4
948 0 0 1.7
948 500 850 1.6
948 1000 1650 3.7
948 1500 3500 3.4
949 0 0 1.7
949 500 850 1.6
949 1000 1650 3.7
949 1500 3500 3.4
950 0 0 1.7
950 500 850 1.6
950 1000 1650 3.7
950 1500 3500 3.4
951 0 0 1.7
951 500 850 1.6
951 1000 1650 3.7
951 1500 3500 3.4
952 0 0 1.7
952 500 850 1.6
952 1000 1650 3.7
952 1500 3500 3.4
953 0 0 1.7
953 500 850 1.6
953 1000 1650 3.7
953 1500 3500 3.4
954 0 0 1.7
954 500 850 1.6
954 1000 1650 3.7
954 1500 3500 3.4
955 0 0 1.7
955 500 850 1.6
955 1000 1650 3.7
955 1500 3500 3.4
956 0 0 1.7
956 500 850 1.6
956 1000 1650 3.7
956 1500 3500 3.4
957 0 0 1.7
957 500 850 1.6
957 1000 1650 3.7
957 1500 3500 3.4
958 0 0 1.7
958 500 850 1.6
958 1000 1650 3.7
958 1500 3500 3.4
959 0 0 1.7
959 500 850 1.6
959 1000 1650 3.7
959 1500 3500 3.4
960 0 0 1.7
960 500 850 1.6
960 1000 1650 3.7
960 1500 3500 3.4
961 0 0 1.7
961 500 850 1.6
961 1000 1650 3.7
961 1500 3500 3.4
962 0 0 1.7
962 500 850 1.6
962 1000 1650 3.7
962 1500 3500 3.4
963 0 0 1.7
963 500 850 1.6
963 1000 1650 3.7
963 1500 3500 3.4
964 0 0 1.7
964 500 850 1.6
964 1000 1650 3.7
964 1500 3500 3.4
965 0 0 1.7
965 500 850 1.6
965 1000 1650 3.7
965 1500 3500 3.4
966 0 0 1.7
966 500 850 1.6
966 1000 1650 3.7
966 1500 3500 3.4
967 0 0 1.7
967 500 850 1.6
967 1000 1650 3.7
967 1500 3500 3.4
968 0 0 1.7
968 500 850 1.6
968 1000 1650 3.7
968 1500 3500 3.4
969 0 0 1.7
969 500 850 1.6
969 1000 1650 3.7
969 1500 3500 3.4
970 0 0 1.7
970 500 850 1.6
970 1000 1650 3.7
970 1500 3500 3.4
971 0 0 1.7
971 500 850 1.6
971 1000 1650 3.7
971 1500 3500 3.4
972 0 0 1.7
972 500 850 1.6
972 1000 1650 3.7
972 1500 3500 3.4
973 0 0 1.7
973 500 850 1.6
973 1000 1650 3.7
973 1500 3500 3.4
974 0 0 1.7
974 500 850 1.6
974 1000 1650 3.7
974 1500 3500 3.4
975 0 0 1.7
975 500 850 1.6
975 1000 1650 3.7
975 1500 3500 3.4
976 0 0 1.7
976 500 850 1.6
976 1000 1650 3.7
976 1500 3500 3.4
977 0 0 1.7
977 500 850 1.6
977 1000 1650 3.7
977 1500 3500 3.4
978 0 0 1.7
978 500 850 1.6
978 1000 1650 3.7
978 1500 3500 3.4
979 0 0 1.7
979 500 850 1.6
979 1000 1650 3.7
979 1500 3500 3.4
980 0 0 1.7
980 500 850 1.6
980 1000 1650 3.7
980 1500 3500 3.4
981 0 0 1.7
981 500 850 1.6
981 1000 1650 3.7
981 1500 3500 3.4
982 0 0 1.7
982 500 850 1.6
982 1000 1650 3.7
982 1500 3500 3.4
983 0 0 1.7
983 500 850 1.6
983 1000 1650 3.7
983 1500 3500 3.4
984 0 0 1.7
984 500 850 1.6
984 1000 1650 3.7
984 1500 3500 3.4
985 0 0 1.7
985 500 850 1.6
985 1000 1650 3.7
985 1500 3500 3.4
986 0 0 1.7
986 500 850 1.6
986 1000 1650 3.7
986 1500 3500 3.4
987 0 0 1.7
987 500 850 1.6
987 1000 1650 3.7
987 1500 3500 3.4
988 0 0 1.7
988 500 850 1.6
988 1000 1650 3.7
988 1500 3500 3.4
989 0 0 1.7
989 500 850 1.6
989 1000 1650 3.7
989 1500 3500 3.4
990 0 0 1.7
990 500 850 1.6
990 1000 1650 3.7
990 1500 3500 3.4
991 0 0 1.7
991 500 850 1.6
991 1000 1650 3.7
991 1500 3500 3.4
992 0 0 1.7
992 500 850 1.6
992 1000 1650 3.7
992 1500 3500 3.4
993 0 0 1.7
993 500 850 1.6
993 1000 1650 3.7
993 1500 3500 3.4
994 0 0 1.7
994 500 850 1.6
994 1000 1650 3.7
994 1500 3500 3.4
995 0 0 1.7
995 500 850 1.6
995 1000 1650 3.7
995 1500 3500 3.4
996 0 0 1.7
996 500 850 1.6
996 1000 1650 3.7
996 1500 3500 3.4
997 0 0 1.7
997 500 850 1.6
997 1000 1650 3.7
997 1500 3500 3.4
998 0 0 1.7
998 500 850 1.6
998 1000 1650 3.7
998 1500 3500 3.4
999 0 0 1.7
999 500 850 1.6
999 1000 1650 3.7
999 1500 3500 3.4
