500 10
0 0 0 2.5
0 10 25 3.2
0 20 57 1.2
0 30 69 1
0 40 79 4.1
0 50 120 3.4
0 60 154 1.6
0 70 170 4.1
0 80 211 2.2
0 90 233 1.7
1 0 0 2.5
1 10 25 3.2
1 20 57 1.2
1 30 69 1
1 40 79 4.1
1 50 120 3.4
1 60 154 1.6
1 70 170 4.1
1 80 211 2.2
1 90 233 1.7
2 0 0 2.5
2 10 25 3.2
2 20 57 1.2
2 30 69 1
2 40 79 4.1
2 50 120 3.4
2 60 154 1.6
2 70 170 4.1
2 80 211 2.2
2 90 233 1.7
3 0 0 2.5
3 10 25 3.2
3 20 57 1.2
3 30 69 1
3 40 79 4.1
3 50 120 3.4
3 60 154 1.6
3 70 170 4.1
3 80 211 2.2
3 90 233 1.7
4 0 0 2.5
4 10 25 3.2
4 20 57 1.2
4 30 69 1
4 40 79 4.1
4 50 120 3.4
4 60 154 1.6
4 70 170 4.1
4 80 211 2.2
4 90 233 1.7
5 0 0 2.5
5 10 25 3.2
5 20 57 1.2
5 30 69 1
5 40 79 4.1
5 50 120 3.4
5 60 154 1.6
5 70 170 4.1
5 80 211 2.2
5 90 233 1.7
6 0 0 2.5
6 10 25 3.2
6 20 57 1.2
6 30 69 1
6 40 79 4.1
6 50 120 3.4
6 60 154 1.6
6 70 170 4.1
6 80 211 2.2
6 90 233 1.7
7 0 0 2.5
7 10 25 3.2
7 20 57 1.2
7 30 69 1
7 40 79 4.1
7 50 120 3.4
7 60 154 1.6
7 70 170 4.1
7 80 211 2.2
7 90 233 1.7
8 0 0 2.5
8 10 25 3.2
8 20 57 1.2
8 30 69 1
8 40 79 4.1
8 50 120 3.4
8 60 154 1.6
8 70 170 4.1
8 80 211 2.2
8 90 233 1.7
9 0 0 2.5
9 10 25 3.2
9 20 57 1.2
9 30 69 1
9 40 79 4.1
9 50 120 3.4
9 60 154 1.6
9 70 170 4.1
9 80 211 2.2
9 90 233 1.7
10 0 0 2.5
10 10 25 3.2
10 20 57 1.2
10 30 69 1
10 40 79 4.1
10 50 120 3.4
10 60 154 1.6
10 70 170 4.1
10 80 211 2.2
10 90 233 1.7
11 0 0 2.5
11 10 25 3.2
11 20 57 1.2
11 30 69 1
11 40 79 4.1
11 50 120 3.4
11 60 154 1.6
11 70 170 4.1
11 80 211 2.2
11 90 233 1.7
12 0 0 2.5
12 10 25 3.2
12 20 57 1.2
12 30 69 1
12 40 79 4.1
12 50 120 3.4
12 60 154 1.6
12 70 170 4.1
12 80 211 2.2
12 90 233 1.7
13 0 0 2.5
13 10 25 3.2
13 20 57 1.2
13 30 69 1
13 40 79 4.1
13 50 120 3.4
13 60 154 1.6
13 70 170 4.1
13 80 211 2.2
13 90 233 1.7
14 0 0 2.5
14 10 25 3.2
14 20 57 1.2
14 30 69 1
14 40 79 4.1
14 50 120 3.4
14 60 154 1.6
14 70 170 4.1
14 80 211 2.2
14 90 233 1.7
15 0 0 2.5
15 10 25 3.2
15 20 57 1.2
15 30 69 1
15 40 79 4.1
15 50 120 3.4
15 60 154 1.6
15 70 170 4.1
15 80 211 2.2
15 90 233 1.7
16 0 0 2.5
16 10 25 3.2
16 20 57 1.2
16 30 69 1
16 40 79 4.1
16 50 120 3.4
16 60 154 1.6
16 70 170 4.1
16 80 211 2.2
16 90 233 1.7
17 0 0 2.5
17 10 25 3.2
17 20 57 1.2
17 30 69 1
17 40 79 4.1
17 50 120 3.4
17 60 154 1.6
17 70 170 4.1
17 80 211 2.2
17 90 233 1.7
18 0 0 2.5
18 10 25 3.2
18 20 57 1.2
18 30 69 1
18 40 79 4.1
18 50 120 3.4
18 60 154 1.6
18 70 170 4.1
18 80 211 2.2
18 90 233 1.7
19 0 0 2.5
19 10 25 3.2
19 20 57 1.2
19 30 69 1
19 40 79 4.1
19 50 120 3.4
19 60 154 1.6
19 70 170 4.1
19 80 211 2.2
19 90 233 1.7
20 0 0 2.5
20 10 25 3.2
20 20 57 1.2
20 30 69 1
20 40 79 4.1
20 50 120 3.4
20 60 154 1.6
20 70 170 4.1
20 80 211 2.2
20 90 233 1.7
21 0 0 2.5
21 10 25 3.2
21 20 57 1.2
21 30 69 1
21 40 79 4.1
21 50 120 3.4
21 60 154 1.6
21 70 170 4.1
21 80 211 2.2
21 90 233 1.7
22 0 0 2.5
22 10 25 3.2
22 20 57 1.2
22 30 69 1
22 40 79 4.1
22 50 120 3.4
22 60 154 1.6
22 70 170 4.1
22 80 211 2.2
22 90 233 1.7
23 0 0 2.5
23 10 25 3.2
23 20 57 1.2
23 30 69 1
23 40 79 4.1
23 50 120 3.4
23 60 154 1.6
23 70 170 4.1
23 80 211 2.2
23 90 233 1.7
24 0 0 2.5
24 10 25 3.2
24 20 57 1.2
24 30 69 1
24 40 79 4.1
24 50 120 3.4
24 60 154 1.6
24 70 170 4.1
24 80 211 2.2
24 90 233 1.7
25 0 0 2.5
25 10 25 3.2
25 20 57 1.2
25 30 69 1
25 40 79 4.1
25 50 120 3.4
25 60 154 1.6
25 70 170 4.1
25 80 211 2.2
25 90 233 1.7
26 0 0 2.5
26 10 25 3.2
26 20 57 1.2
26 30 69 1
26 40 79 4.1
26 50 120 3.4
26 60 154 1.6
26 70 170 4.1
26 80 211 2.2
26 90 233 1.7
27 0 0 2.5
27 10 25 3.2
27 20 57 1.2
27 30 69 1
27 40 79 4.1
27 50 120 3.4
27 60 154 1.6
27 70 170 4.1
27 80 211 2.2
27 90 233 1.7
28 0 0 2.5
28 10 25 3.2
28 20 57 1.2
28 30 69 1
28 40 79 4.1
28 50 120 3.4
28 60 154 1.6
28 70 170 4.1
28 80 211 2.2
28 90 233 1.7
29 0 0 2.5
29 10 25 3.2
29 20 57 1.2
29 30 69 1
29 40 79 4.1
29 50 120 3.4
29 60 154 1.6
29 70 170 4.1
29 80 211 2.2
29 90 233 1.7
30 0 0 2.5
30 10 25 3.2
30 20 57 1.2
30 30 69 1
30 40 79 4.1
30 50 120 3.4
30 60 154 1.6
30 70 170 4.1
30 80 211 2.2
30 90 233 1.7
31 0 0 2.5
31 10 25 3.2
31 20 57 1.2
31 30 69 1
31 40 79 4.1
31 50 120 3.4
31 60 154 1.6
31 70 170 4.1
31 80 211 2.2
31 90 233 1.7
32 0 0 2.5
32 10 25 3.2
32 20 57 1.2
32 30 69 1
32 40 79 4.1
32 50 120 3.4
32 60 154 1.6
32 70 170 4.1
32 80 211 2.2
32 90 233 1.7
33 0 0 2.5
33 10 25 3.2
33 20 57 1.2
33 30 69 1
33 40 79 4.1
33 50 120 3.4
33 60 154 1.6
33 70 170 4.1
33 80 211 2.2
33 90 233 1.7
34 0 0 2.5
34 10 25 3.2
34 20 57 1.2
34 30 69 1
34 40 79 4.1
34 50 120 3.4
34 60 154 1.6
34 70 170 4.1
34 80 211 2.2
34 90 233 1.7
35 0 0 2.5
35 10 25 3.2
35 20 57 1.2
35 30 69 1
35 40 79 4.1
35 50 120 3.4
35 60 154 1.6
35 70 170 4.1
35 80 211 2.2
35 90 233 1.7
36 0 0 2.5
36 10 25 3.2
36 20 57 1.2
36 30 69 1
36 40 79 4.1
36 50 120 3.4
36 60 154 1.6
36 70 170 4.1
36 80 211 2.2
36 90 233 1.7
37 0 0 2.5
37 10 25 3.2
37 20 57 1.2
37 30 69 1
37 40 79 4.1
37 50 120 3.4
37 60 154 1.6
37 70 170 4.1
37 80 211 2.2
37 90 233 1.7
38 0 0 2.5
38 10 25 3.2
38 20 57 1.2
38 30 69 1
38 40 79 4.1
38 50 120 3.4
38 60 154 1.6
38 70 170 4.1
38 80 211 2.2
38 90 233 1.7
39 0 0 2.5
39 10 25 3.2
39 20 57 1.2
39 30 69 1
39 40 79 4.1
39 50 120 3.4
39 60 154 1.6
39 70 170 4.1
39 80 211 2.2
39 90 233 1.7
40 0 0 2.5
40 10 25 3.2
40 20 57 1.2
40 30 69 1
40 40 79 4.1
40 50 120 3.4
40 60 154 1.6
40 70 170 4.1
40 80 211 2.2
40 90 233 1.7
41 0 0 2.5
41 10 25 3.2
41 20 57 1.2
41 30 69 1
41 40 79 4.1
41 50 120 3.4
41 60 154 1.6
41 70 170 4.1
41 80 211 2.2
41 90 233 1.7
42 0 0 2.5
42 10 25 3.2
42 20 57 1.2
42 30 69 1
42 40 79 4.1
42 50 120 3.4
42 60 154 1.6
42 70 170 4.1
42 80 211 2.2
42 90 233 1.7
43 0 0 2.5
43 10 25 3.2
43 20 57 1.2
43 30 69 1
43 40 79 4.1
43 50 120 3.4
43 60 154 1.6
43 70 170 4.1
43 80 211 2.2
43 90 233 1.7
44 0 0 2.5
44 10 25 3.2
44 20 57 1.2
44 30 69 1
44 40 79 4.1
44 50 120 3.4
44 60 154 1.6
44 70 170 4.1
44 80 211 2.2
44 90 233 1.7
45 0 0 2.5
45 10 25 3.2
45 20 57 1.2
45 30 69 1
45 40 79 4.1
45 50 120 3.4
45 60 154 1.6
45 70 170 4.1
45 80 211 2.2
45 90 233 1.7
46 0 0 2.5
46 10 25 3.2
46 20 57 1.2
46 30 69 1
46 40 79 4.1
46 50 120 3.4
46 60 154 1.6
46 70 170 4.1
46 80 211 2.2
46 90 233 1.7
47 0 0 2.5
47 10 25 3.2
47 20 57 1.2
47 30 69 1
47 40 79 4.1
47 50 120 3.4
47 60 154 1.6
47 70 170 4.1
47 80 211 2.2
47 90 233 1.7
48 0 0 2.5
48 10 25 3.2
48 20 57 1.2
48 30 69 1
48 40 79 4.1
48 50 120 3.4
48 60 154 1.6
48 70 170 4.1
48 80 211 2.2
48 90 233 1.7
49 0 0 2.5
49 10 25 3.2
49 20 57 1.2
49 30 69 1
49 40 79 4.1
49 50 120 3.4
49 60 154 1.6
49 70 170 4.1
49 80 211 2.2
49 90 233 1.7
50 0 0 2.5
50 10 25 3.2
50 20 57 1.2
50 30 69 1
50 40 79 4.1
50 50 120 3.4
50 60 154 1.6
50 70 170 4.1
50 80 211 2.2
50 90 233 1.7
51 0 0 2.5
51 10 25 3.2
51 20 57 1.2
51 30 69 1
51 40 79 4.1
51 50 120 3.4
51 60 154 1.6
51 70 170 4.1
51 80 211 2.2
51 90 233 1.7
52 0 0 2.5
52 10 25 3.2
52 20 57 1.2
52 30 69 1
52 40 79 4.1
52 50 120 3.4
52 60 154 1.6
52 70 170 4.1
52 80 211 2.2
52 90 233 1.7
53 0 0 2.5
53 10 25 3.2
53 20 57 1.2
53 30 69 1
53 40 79 4.1
53 50 120 3.4
53 60 154 1.6
53 70 170 4.1
53 80 211 2.2
53 90 233 1.7
54 0 0 2.5
54 10 25 3.2
54 20 57 1.2
54 30 69 1
54 40 79 4.1
54 50 120 3.4
54 60 154 1.6
54 70 170 4.1
54 80 211 2.2
54 90 233 1.7
55 0 0 2.5
55 10 25 3.2
55 20 57 1.2
55 30 69 1
55 40 79 4.1
55 50 120 3.4
55 60 154 1.6
55 70 170 4.1
55 80 211 2.2
55 90 233 1.7
56 0 0 2.5
56 10 25 3.2
56 20 57 1.2
56 30 69 1
56 40 79 4.1
56 50 120 3.4
56 60 154 1.6
56 70 170 4.1
56 80 211 2.2
56 90 233 1.7
57 0 0 2.5
57 10 25 3.2
57 20 57 1.2
57 30 69 1
57 40 79 4.1
57 50 120 3.4
57 60 154 1.6
57 70 170 4.1
57 80 211 2.2
57 90 233 1.7
58 0 0 2.5
58 10 25 3.2
58 20 57 1.2
58 30 69 1
58 40 79 4.1
58 50 120 3.4
58 60 154 1.6
58 70 170 4.1
58 80 211 2.2
58 90 233 1.7
59 0 0 2.5
59 10 25 3.2
59 20 57 1.2
59 30 69 1
59 40 79 4.1
59 50 120 3.4
59 60 154 1.6
59 70 170 4.1
59 80 211 2.2
59 90 233 1.7
60 0 0 2.5
60 10 25 3.2
60 20 57 1.2
60 30 69 1
60 40 79 4.1
60 50 120 3.4
60 60 154 1.6
60 70 170 4.1
60 80 211 2.2
60 90 233 1.7
61 0 0 2.5
61 10 25 3.2
61 20 57 1.2
61 30 69 1
61 40 79 4.1
61 50 120 3.4
61 60 154 1.6
61 70 170 4.1
61 80 211 2.2
61 90 233 1.7
62 0 0 2.5
62 10 25 3.2
62 20 57 1.2
62 30 69 1
62 40 79 4.1
62 50 120 3.4
62 60 154 1.6
62 70 170 4.1
62 80 211 2.2
62 90 233 1.7
63 0 0 2.5
63 10 25 3.2
63 20 57 1.2
63 30 69 1
63 40 79 4.1
63 50 120 3.4
63 60 154 1.6
63 70 170 4.1
63 80 211 2.2
63 90 233 1.7
64 0 0 2.5
64 10 25 3.2
64 20 57 1.2
64 30 69 1
64 40 79 4.1
64 50 120 3.4
64 60 154 1.6
64 70 170 4.1
64 80 211 2.2
64 90 233 1.7
65 0 0 2.5
65 10 25 3.2
65 20 57 1.2
65 30 69 1
65 40 79 4.1
65 50 120 3.4
65 60 154 1.6
65 70 170 4.1
65 80 211 2.2
65 90 233 1.7
66 0 0 2.5
66 10 25 3.2
66 20 57 1.2
66 30 69 1
66 40 79 4.1
66 50 120 3.4
66 60 154 1.6
66 70 170 4.1
66 80 211 2.2
66 90 233 1.7
67 0 0 2.5
67 10 25 3.2
67 20 57 1.2
67 30 69 1
67 40 79 4.1
67 50 120 3.4
67 60 154 1.6
67 70 170 4.1
67 80 211 2.2
67 90 233 1.7
68 0 0 2.5
68 10 25 3.2
68 20 57 1.2
68 30 69 1
68 40 79 4.1
68 50 120 3.4
68 60 154 1.6
68 70 170 4.1
68 80 211 2.2
68 90 233 1.7
69 0 0 2.5
69 10 25 3.2
69 20 57 1.2
69 30 69 1
69 40 79 4.1
69 50 120 3.4
69 60 154 1.6
69 70 170 4.1
69 80 211 2.2
69 90 233 1.7
70 0 0 2.5
70 10 25 3.2
70 20 57 1.2
70 30 69 1
70 40 79 4.1
70 50 120 3.4
70 60 154 1.6
70 70 170 4.1
70 80 211 2.2
70 90 233 1.7
71 0 0 2.5
71 10 25 3.2
71 20 57 1.2
71 30 69 1
71 40 79 4.1
71 50 120 3.4
71 60 154 1.6
71 70 170 4.1
71 80 211 2.2
71 90 233 1.7
72 0 0 2.5
72 10 25 3.2
72 20 57 1.2
72 30 69 1
72 40 79 4.1
72 50 120 3.4
72 60 154 1.6
72 70 170 4.1
72 80 211 2.2
72 90 233 1.7
73 0 0 2.5
73 10 25 3.2
73 20 57 1.2
73 30 69 1
73 40 79 4.1
73 50 120 3.4
73 60 154 1.6
73 70 170 4.1
73 80 211 2.2
73 90 233 1.7
74 0 0 2.5
74 10 25 3.2
74 20 57 1.2
74 30 69 1
74 40 79 4.1
74 50 120 3.4
74 60 154 1.6
74 70 170 4.1
74 80 211 2.2
74 90 233 1.7
75 0 0 2.5
75 10 25 3.2
75 20 57 1.2
75 30 69 1
75 40 79 4.1
75 50 120 3.4
75 60 154 1.6
75 70 170 4.1
75 80 211 2.2
75 90 233 1.7
76 0 0 2.5
76 10 25 3.2
76 20 57 1.2
76 30 69 1
76 40 79 4.1
76 50 120 3.4
76 60 154 1.6
76 70 170 4.1
76 80 211 2.2
76 90 233 1.7
77 0 0 2.5
77 10 25 3.2
77 20 57 1.2
77 30 69 1
77 40 79 4.1
77 50 120 3.4
77 60 154 1.6
77 70 170 4.1
77 80 211 2.2
77 90 233 1.7
78 0 0 2.5
78 10 25 3.2
78 20 57 1.2
78 30 69 1
78 40 79 4.1
78 50 120 3.4
78 60 154 1.6
78 70 170 4.1
78 80 211 2.2
78 90 233 1.7
79 0 0 2.5
79 10 25 3.2
79 20 57 1.2
79 30 69 1
79 40 79 4.1
79 50 120 3.4
79 60 154 1.6
79 70 170 4.1
79 80 211 2.2
79 90 233 1.7
80 0 0 2.5
80 10 25 3.2
80 20 57 1.2
80 30 69 1
80 40 79 4.1
80 50 120 3.4
80 60 154 1.6
80 70 170 4.1
80 80 211 2.2
80 90 233 1.7
81 0 0 2.5
81 10 25 3.2
81 20 57 1.2
81 30 69 1
81 40 79 4.1
81 50 120 3.4
81 60 154 1.6
81 70 170 4.1
81 80 211 2.2
81 90 233 1.7
82 0 0 2.5
82 10 25 3.2
82 20 57 1.2
82 30 69 1
82 40 79 4.1
82 50 120 3.4
82 60 154 1.6
82 70 170 4.1
82 80 211 2.2
82 90 233 1.7
83 0 0 2.5
83 10 25 3.2
83 20 57 1.2
83 30 69 1
83 40 79 4.1
83 50 120 3.4
83 60 154 1.6
83 70 170 4.1
83 80 211 2.2
83 90 233 1.7
84 0 0 2.5
84 10 25 3.2
84 20 57 1.2
84 30 69 1
84 40 79 4.1
84 50 120 3.4
84 60 154 1.6
84 70 170 4.1
84 80 211 2.2
84 90 233 1.7
85 0 0 2.5
85 10 25 3.2
85 20 57 1.2
85 30 69 1
85 40 79 4.1
85 50 120 3.4
85 60 154 1.6
85 70 170 4.1
85 80 211 2.2
85 90 233 1.7
86 0 0 2.5
86 10 25 3.2
86 20 57 1.2
86 30 69 1
86 40 79 4.1
86 50 120 3.4
86 60 154 1.6
86 70 170 4.1
86 80 211 2.2
86 90 233 1.7
87 0 0 2.5
87 10 25 3.2
87 20 57 1.2
87 30 69 1
87 40 79 4.1
87 50 120 3.4
87 60 154 1.6
87 70 170 4.1
87 80 211 2.2
87 90 233 1.7
88 0 0 2.5
88 10 25 3.2
88 20 57 1.2
88 30 69 1
88 40 79 4.1
88 50 120 3.4
88 60 154 1.6
88 70 170 4.1
88 80 211 2.2
88 90 233 1.7
89 0 0 2.5
89 10 25 3.2
89 20 57 1.2
89 30 69 1
89 40 79 4.1
89 50 120 3.4
89 60 154 1.6
89 70 170 4.1
89 80 211 2.2
89 90 233 1.7
90 0 0 2.5
90 10 25 3.2
90 20 57 1.2
90 30 69 1
90 40 79 4.1
90 50 120 3.4
90 60 154 1.6
90 70 170 4.1
90 80 211 2.2
90 90 233 1.7
91 0 0 2.5
91 10 25 3.2
91 20 57 1.2
91 30 69 1
91 40 79 4.1
91 50 120 3.4
91 60 154 1.6
91 70 170 4.1
91 80 211 2.2
91 90 233 1.7
92 0 0 2.5
92 10 25 3.2
92 20 57 1.2
92 30 69 1
92 40 79 4.1
92 50 120 3.4
92 60 154 1.6
92 70 170 4.1
92 80 211 2.2
92 90 233 1.7
93 0 0 2.5
93 10 25 3.2
93 20 57 1.2
93 30 69 1
93 40 79 4.1
93 50 120 3.4
93 60 154 1.6
93 70 170 4.1
93 80 211 2.2
93 90 233 1.7
94 0 0 2.5
94 10 25 3.2
94 20 57 1.2
94 30 69 1
94 40 79 4.1
94 50 120 3.4
94 60 154 1.6
94 70 170 4.1
94 80 211 2.2
94 90 233 1.7
95 0 0 2.5
95 10 25 3.2
95 20 57 1.2
95 30 69 1
95 40 79 4.1
95 50 120 3.4
95 60 154 1.6
95 70 170 4.1
95 80 211 2.2
95 90 233 1.7
96 0 0 2.5
96 10 25 3.2
96 20 57 1.2
96 30 69 1
96 40 79 4.1
96 50 120 3.4
96 60 154 1.6
96 70 170 4.1
96 80 211 2.2
96 90 233 1.7
97 0 0 2.5
97 10 25 3.2
97 20 57 1.2
97 30 69 1
97 40 79 4.1
97 50 120 3.4
97 60 154 1.6
97 70 170 4.1
97 80 211 2.2
97 90 233 1.7
98 0 0 2.5
98 10 25 3.2
98 20 57 1.2
98 30 69 1
98 40 79 4.1
98 50 120 3.4
98 60 154 1.6
98 70 170 4.1
98 80 211 2.2
98 90 233 1.7
99 0 0 2.5
99 10 25 3.2
99 20 57 1.2
99 30 69 1
99 40 79 4.1
99 50 120 3.4
99 60 154 1.6
99 70 170 4.1
99 80 211 2.2
99 90 233 1.7
100 0 0 2.5
100 10 25 3.2
100 20 57 1.2
100 30 69 1
100 40 79 4.1
100 50 120 3.4
100 60 154 1.6
100 70 170 4.1
100 80 211 2.2
100 90 233 1.7
101 0 0 2.5
101 10 25 3.2
101 20 57 1.2
101 30 69 1
101 40 79 4.1
101 50 120 3.4
101 60 154 1.6
101 70 170 4.1
101 80 211 2.2
101 90 233 1.7
102 0 0 2.5
102 10 25 3.2
102 20 57 1.2
102 30 69 1
102 40 79 4.1
102 50 120 3.4
102 60 154 1.6
102 70 170 4.1
102 80 211 2.2
102 90 233 1.7
103 0 0 2.5
103 10 25 3.2
103 20 57 1.2
103 30 69 1
103 40 79 4.1
103 50 120 3.4
103 60 154 1.6
103 70 170 4.1
103 80 211 2.2
103 90 233 1.7
104 0 0 2.5
104 10 25 3.2
104 20 57 1.2
104 30 69 1
104 40 79 4.1
104 50 120 3.4
104 60 154 1.6
104 70 170 4.1
104 80 211 2.2
104 90 233 1.7
105 0 0 2.5
105 10 25 3.2
105 20 57 1.2
105 30 69 1
105 40 79 4.1
105 50 120 3.4
105 60 154 1.6
105 70 170 4.1
105 80 211 2.2
105 90 233 1.7
106 0 0 2.5
106 10 25 3.2
106 20 57 1.2
106 30 69 1
106 40 79 4.1
106 50 120 3.4
106 60 154 1.6
106 70 170 4.1
106 80 211 2.2
106 90 233 1.7
107 0 0 2.5
107 10 25 3.2
107 20 57 1.2
107 30 69 1
107 40 79 4.1
107 50 120 3.4
107 60 154 1.6
107 70 170 4.1
107 80 211 2.2
107 90 233 1.7
108 0 0 2.5
108 10 25 3.2
108 20 57 1.2
108 30 69 1
108 40 79 4.1
108 50 120 3.4
108 60 154 1.6
108 70 170 4.1
108 80 211 2.2
108 90 233 1.7
109 0 0 2.5
109 10 25 3.2
109 20 57 1.2
109 30 69 1
109 40 79 4.1
109 50 120 3.4
109 60 154 1.6
109 70 170 4.1
109 80 211 2.2
109 90 233 1.7
110 0 0 2.5
110 10 25 3.2
110 20 57 1.2
110 30 69 1
110 40 79 4.1
110 50 120 3.4
110 60 154 1.6
110 70 170 4.1
110 80 211 2.2
110 90 233 1.7
111 0 0 2.5
111 10 25 3.2
111 20 57 1.2
111 30 69 1
111 40 79 4.1
111 50 120 3.4
111 60 154 1.6
111 70 170 4.1
111 80 211 2.2
111 90 233 1.7
112 0 0 2.5
112 10 25 3.2
112 20 57 1.2
112 30 69 1
112 40 79 4.1
112 50 120 3.4
112 60 154 1.6
112 70 170 4.1
112 80 211 2.2
112 90 233 1.7
113 0 0 2.5
113 10 25 3.2
113 20 57 1.2
113 30 69 1
113 40 79 4.1
113 50 120 3.4
113 60 154 1.6
113 70 170 4.1
113 80 211 2.2
113 90 233 1.7
114 0 0 2.5
114 10 25 3.2
114 20 57 1.2
114 30 69 1
114 40 79 4.1
114 50 120 3.4
114 60 154 1.6
114 70 170 4.1
114 80 211 2.2
114 90 233 1.7
115 0 0 2.5
115 10 25 3.2
115 20 57 1.2
115 30 69 1
115 40 79 4.1
115 50 120 3.4
115 60 154 1.6
115 70 170 4.1
115 80 211 2.2
115 90 233 1.7
116 0 0 2.5
116 10 25 3.2
116 20 57 1.2
116 30 69 1
116 40 79 4.1
116 50 120 3.4
116 60 154 1.6
116 70 170 4.1
116 80 211 2.2
116 90 233 1.7
117 0 0 2.5
117 10 25 3.2
117 20 57 1.2
117 30 69 1
117 40 79 4.1
117 50 120 3.4
117 60 154 1.6
117 70 170 4.1
117 80 211 2.2
117 90 233 1.7
118 0 0 2.5
118 10 25 3.2
118 20 57 1.2
118 30 69 1
118 40 79 4.1
118 50 120 3.4
118 60 154 1.6
118 70 170 4.1
118 80 211 2.2
118 90 233 1.7
119 0 0 2.5
119 10 25 3.2
119 20 57 1.2
119 30 69 1
119 40 79 4.1
119 50 120 3.4
119 60 154 1.6
119 70 170 4.1
119 80 211 2.2
119 90 233 1.7
120 0 0 2.5
120 10 25 3.2
120 20 57 1.2
120 30 69 1
120 40 79 4.1
120 50 120 3.4
120 60 154 1.6
120 70 170 4.1
120 80 211 2.2
120 90 233 1.7
121 0 0 2.5
121 10 25 3.2
121 20 57 1.2
121 30 69 1
121 40 79 4.1
121 50 120 3.4
121 60 154 1.6
121 70 170 4.1
121 80 211 2.2
121 90 233 1.7
122 0 0 2.5
122 10 25 3.2
122 20 57 1.2
122 30 69 1
122 40 79 4.1
122 50 120 3.4
122 60 154 1.6
122 70 170 4.1
122 80 211 2.2
122 90 233 1.7
123 0 0 2.5
123 10 25 3.2
123 20 57 1.2
123 30 69 1
123 40 79 4.1
123 50 120 3.4
123 60 154 1.6
123 70 170 4.1
123 80 211 2.2
123 90 233 1.7
124 0 0 2.5
124 10 25 3.2
124 20 57 1.2
124 30 69 1
124 40 79 4.1
124 50 120 3.4
124 60 154 1.6
124 70 170 4.1
124 80 211 2.2
124 90 233 1.7
125 0 0 2.5
125 10 25 3.2
125 20 57 1.2
125 30 69 1
125 40 79 4.1
125 50 120 3.4
125 60 154 1.6
125 70 170 4.1
125 80 211 2.2
125 90 233 1.7
126 0 0 2.5
126 10 25 3.2
126 20 57 1.2
126 30 69 1
126 40 79 4.1
126 50 120 3.4
126 60 154 1.6
126 70 170 4.1
126 80 211 2.2
126 90 233 1.7
127 0 0 2.5
127 10 25 3.2
127 20 57 1.2
127 30 69 1
127 40 79 4.1
127 50 120 3.4
127 60 154 1.6
127 70 170 4.1
127 80 211 2.2
127 90 233 1.7
128 0 0 2.5
128 10 25 3.2
128 20 57 1.2
128 30 69 1
128 40 79 4.1
128 50 120 3.4
128 60 154 1.6
128 70 170 4.1
128 80 211 2.2
128 90 233 1.7
129 0 0 2.5
129 10 25 3.2
129 20 57 1.2
129 30 69 1
129 40 79 4.1
129 50 120 3.4
129 60 154 1.6
129 70 170 4.1
129 80 211 2.2
129 90 233 1.7
130 0 0 2.5
130 10 25 3.2
130 20 57 1.2
130 30 69 1
130 40 79 4.1
130 50 120 3.4
130 60 154 1.6
130 70 170 4.1
130 80 211 2.2
130 90 233 1.7
131 0 0 2.5
131 10 25 3.2
131 20 57 1.2
131 30 69 1
131 40 79 4.1
131 50 120 3.4
131 60 154 1.6
131 70 170 4.1
131 80 211 2.2
131 90 233 1.7
132 0 0 2.5
132 10 25 3.2
132 20 57 1.2
132 30 69 1
132 40 79 4.1
132 50 120 3.4
132 60 154 1.6
132 70 170 4.1
132 80 211 2.2
132 90 233 1.7
133 0 0 2.5
133 10 25 3.2
133 20 57 1.2
133 30 69 1
133 40 79 4.1
133 50 120 3.4
133 60 154 1.6
133 70 170 4.1
133 80 211 2.2
133 90 233 1.7
134 0 0 2.5
134 10 25 3.2
134 20 57 1.2
134 30 69 1
134 40 79 4.1
134 50 120 3.4
134 60 154 1.6
134 70 170 4.1
134 80 211 2.2
134 90 233 1.7
135 0 0 2.5
135 10 25 3.2
135 20 57 1.2
135 30 69 1
135 40 79 4.1
135 50 120 3.4
135 60 154 1.6
135 70 170 4.1
135 80 211 2.2
135 90 233 1.7
136 0 0 2.5
136 10 25 3.2
136 20 57 1.2
136 30 69 1
136 40 79 4.1
136 50 120 3.4
136 60 154 1.6
136 70 170 4.1
136 80 211 2.2
136 90 233 1.7
137 0 0 2.5
137 10 25 3.2
137 20 57 1.2
137 30 69 1
137 40 79 4.1
137 50 120 3.4
137 60 154 1.6
137 70 170 4.1
137 80 211 2.2
137 90 233 1.7
138 0 0 2.5
138 10 25 3.2
138 20 57 1.2
138 30 69 1
138 40 79 4.1
138 50 120 3.4
138 60 154 1.6
138 70 170 4.1
138 80 211 2.2
138 90 233 1.7
139 0 0 2.5
139 10 25 3.2
139 20 57 1.2
139 30 69 1
139 40 79 4.1
139 50 120 3.4
139 60 154 1.6
139 70 170 4.1
139 80 211 2.2
139 90 233 1.7
140 0 0 2.5
140 10 25 3.2
140 20 57 1.2
140 30 69 1
140 40 79 4.1
140 50 120 3.4
140 60 154 1.6
140 70 170 4.1
140 80 211 2.2
140 90 233 1.7
141 0 0 2.5
141 10 25 3.2
141 20 57 1.2
141 30 69 1
141 40 79 4.1
141 50 120 3.4
141 60 154 1.6
141 70 170 4.1
141 80 211 2.2
141 90 233 1.7
142 0 0 2.5
142 10 25 3.2
142 20 57 1.2
142 30 69 1
142 40 79 4.1
142 50 120 3.4
142 60 154 1.6
142 70 170 4.1
142 80 211 2.2
142 90 233 1.7
143 0 0 2.5
143 10 25 3.2
143 20 57 1.2
143 30 69 1
143 40 79 4.1
143 50 120 3.4
143 60 154 1.6
143 70 170 4.1
143 80 211 2.2
143 90 233 1.7
144 0 0 2.5
144 10 25 3.2
144 20 57 1.2
144 30 69 1
144 40 79 4.1
144 50 120 3.4
144 60 154 1.6
144 70 170 4.1
144 80 211 2.2
144 90 233 1.7
145 0 0 2.5
145 10 25 3.2
145 20 57 1.2
145 30 69 1
145 40 79 4.1
145 50 120 3.4
145 60 154 1.6
145 70 170 4.1
145 80 211 2.2
145 90 233 1.7
146 0 0 2.5
146 10 25 3.2
146 20 57 1.2
146 30 69 1
146 40 79 4.1
146 50 120 3.4
146 60 154 1.6
146 70 170 4.1
146 80 211 2.2
146 90 233 1.7
147 0 0 2.5
147 10 25 3.2
147 20 57 1.2
147 30 69 1
147 40 79 4.1
147 50 120 3.4
147 60 154 1.6
147 70 170 4.1
147 80 211 2.2
147 90 233 1.7
148 0 0 2.5
148 10 25 3.2
148 20 57 1.2
148 30 69 1
148 40 79 4.1
148 50 120 3.4
148 60 154 1.6
148 70 170 4.1
148 80 211 2.2
148 90 233 1.7
149 0 0 2.5
149 10 25 3.2
149 20 57 1.2
149 30 69 1
149 40 79 4.1
149 50 120 3.4
149 60 154 1.6
149 70 170 4.1
149 80 211 2.2
149 90 233 1.7
150 0 0 2.5
150 10 25 3.2
150 20 57 1.2
150 30 69 1
150 40 79 4.1
150 50 120 3.4
150 60 154 1.6
150 70 170 4.1
150 80 211 2.2
150 90 233 1.7
151 0 0 2.5
151 10 25 3.2
151 20 57 1.2
151 30 69 1
151 40 79 4.1
151 50 120 3.4
151 60 154 1.6
151 70 170 4.1
151 80 211 2.2
151 90 233 1.7
152 0 0 2.5
152 10 25 3.2
152 20 57 1.2
152 30 69 1
152 40 79 4.1
152 50 120 3.4
152 60 154 1.6
152 70 170 4.1
152 80 211 2.2
152 90 233 1.7
153 0 0 2.5
153 10 25 3.2
153 20 57 1.2
153 30 69 1
153 40 79 4.1
153 50 120 3.4
153 60 154 1.6
153 70 170 4.1
153 80 211 2.2
153 90 233 1.7
154 0 0 2.5
154 10 25 3.2
154 20 57 1.2
154 30 69 1
154 40 79 4.1
154 50 120 3.4
154 60 154 1.6
154 70 170 4.1
154 80 211 2.2
154 90 233 1.7
155 0 0 2.5
155 10 25 3.2
155 20 57 1.2
155 30 69 1
155 40 79 4.1
155 50 120 3.4
155 60 154 1.6
155 70 170 4.1
155 80 211 2.2
155 90 233 1.7
156 0 0 2.5
156 10 25 3.2
156 20 57 1.2
156 30 69 1
156 40 79 4.1
156 50 120 3.4
156 60 154 1.6
156 70 170 4.1
156 80 211 2.2
156 90 233 1.7
157 0 0 2.5
157 10 25 3.2
157 20 57 1.2
157 30 69 1
157 40 79 4.1
157 50 120 3.4
157 60 154 1.6
157 70 170 4.1
157 80 211 2.2
157 90 233 1.7
158 0 0 2.5
158 10 25 3.2
158 20 57 1.2
158 30 69 1
158 40 79 4.1
158 50 120 3.4
158 60 154 1.6
158 70 170 4.1
158 80 211 2.2
158 90 233 1.7
159 0 0 2.5
159 10 25 3.2
159 20 57 1.2
159 30 69 1
159 40 79 4.1
159 50 120 3.4
159 60 154 1.6
159 70 170 4.1
159 80 211 2.2
159 90 233 1.7
160 0 0 2.5
160 10 25 3.2
160 20 57 1.2
160 30 69 1
160 40 79 4.1
160 50 120 3.4
160 60 154 1.6
160 70 170 4.1
160 80 211 2.2
160 90 233 1.7
161 0 0 2.5
161 10 25 3.2
161 20 57 1.2
161 30 69 1
161 40 79 4.1
161 50 120 3.4
161 60 154 1.6
161 70 170 4.1
161 80 211 2.2
161 90 233 1.7
162 0 0 2.5
162 10 25 3.2
162 20 57 1.2
162 30 69 1
162 40 79 4.1
162 50 120 3.4
162 60 154 1.6
162 70 170 4.1
162 80 211 2.2
162 90 233 1.7
163 0 0 2.5
163 10 25 3.2
163 20 57 1.2
163 30 69 1
163 40 79 4.1
163 50 120 3.4
163 60 154 1.6
163 70 170 4.1
163 80 211 2.2
163 90 233 1.7
164 0 0 2.5
164 10 25 3.2
164 20 57 1.2
164 30 69 1
164 40 79 4.1
164 50 120 3.4
164 60 154 1.6
164 70 170 4.1
164 80 211 2.2
164 90 233 1.7
165 0 0 2.5
165 10 25 3.2
165 20 57 1.2
165 30 69 1
165 40 79 4.1
165 50 120 3.4
165 60 154 1.6
165 70 170 4.1
165 80 211 2.2
165 90 233 1.7
166 0 0 2.5
166 10 25 3.2
166 20 57 1.2
166 30 69 1
166 40 79 4.1
166 50 120 3.4
166 60 154 1.6
166 70 170 4.1
166 80 211 2.2
166 90 233 1.7
167 0 0 2.5
167 10 25 3.2
167 20 57 1.2
167 30 69 1
167 40 79 4.1
167 50 120 3.4
167 60 154 1.6
167 70 170 4.1
167 80 211 2.2
167 90 233 1.7
168 0 0 2.5
168 10 25 3.2
168 20 57 1.2
168 30 69 1
168 40 79 4.1
168 50 120 3.4
168 60 154 1.6
168 70 170 4.1
168 80 211 2.2
168 90 233 1.7
169 0 0 2.5
169 10 25 3.2
169 20 57 1.2
169 30 69 1
169 40 79 4.1
169 50 120 3.4
169 60 154 1.6
169 70 170 4.1
169 80 211 2.2
169 90 233 1.7
170 0 0 2.5
170 10 25 3.2
170 20 57 1.2
170 30 69 1
170 40 79 4.1
170 50 120 3.4
170 60 154 1.6
170 70 170 4.1
170 80 211 2.2
170 90 233 1.7
171 0 0 2.5
171 10 25 3.2
171 20 57 1.2
171 30 69 1
171 40 79 4.1
171 50 120 3.4
171 60 154 1.6
171 70 170 4.1
171 80 211 2.2
171 90 233 1.7
172 0 0 2.5
172 10 25 3.2
172 20 57 1.2
172 30 69 1
172 40 79 4.1
172 50 120 3.4
172 60 154 1.6
172 70 170 4.1
172 80 211 2.2
172 90 233 1.7
173 0 0 2.5
173 10 25 3.2
173 20 57 1.2
173 30 69 1
173 40 79 4.1
173 50 120 3.4
173 60 154 1.6
173 70 170 4.1
173 80 211 2.2
173 90 233 1.7
174 0 0 2.5
174 10 25 3.2
174 20 57 1.2
174 30 69 1
174 40 79 4.1
174 50 120 3.4
174 60 154 1.6
174 70 170 4.1
174 80 211 2.2
174 90 233 1.7
175 0 0 2.5
175 10 25 3.2
175 20 57 1.2
175 30 69 1
175 40 79 4.1
175 50 120 3.4
175 60 154 1.6
175 70 170 4.1
175 80 211 2.2
175 90 233 1.7
176 0 0 2.5
176 10 25 3.2
176 20 57 1.2
176 30 69 1
176 40 79 4.1
176 50 120 3.4
176 60 154 1.6
176 70 170 4.1
176 80 211 2.2
176 90 233 1.7
177 0 0 2.5
177 10 25 3.2
177 20 57 1.2
177 30 69 1
177 40 79 4.1
177 50 120 3.4
177 60 154 1.6
177 70 170 4.1
177 80 211 2.2
177 90 233 1.7
178 0 0 2.5
178 10 25 3.2
178 20 57 1.2
178 30 69 1
178 40 79 4.1
178 50 120 3.4
178 60 154 1.6
178 70 170 4.1
178 80 211 2.2
178 90 233 1.7
179 0 0 2.5
179 10 25 3.2
179 20 57 1.2
179 30 69 1
179 40 79 4.1
179 50 120 3.4
179 60 154 1.6
179 70 170 4.1
179 80 211 2.2
179 90 233 1.7
180 0 0 2.5
180 10 25 3.2
180 20 57 1.2
180 30 69 1
180 40 79 4.1
180 50 120 3.4
180 60 154 1.6
180 70 170 4.1
180 80 211 2.2
180 90 233 1.7
181 0 0 2.5
181 10 25 3.2
181 20 57 1.2
181 30 69 1
181 40 79 4.1
181 50 120 3.4
181 60 154 1.6
181 70 170 4.1
181 80 211 2.2
181 90 233 1.7
182 0 0 2.5
182 10 25 3.2
182 20 57 1.2
182 30 69 1
182 40 79 4.1
182 50 120 3.4
182 60 154 1.6
182 70 170 4.1
182 80 211 2.2
182 90 233 1.7
183 0 0 2.5
183 10 25 3.2
183 20 57 1.2
183 30 69 1
183 40 79 4.1
183 50 120 3.4
183 60 154 1.6
183 70 170 4.1
183 80 211 2.2
183 90 233 1.7
184 0 0 2.5
184 10 25 3.2
184 20 57 1.2
184 30 69 1
184 40 79 4.1
184 50 120 3.4
184 60 154 1.6
184 70 170 4.1
184 80 211 2.2
184 90 233 1.7
185 0 0 2.5
185 10 25 3.2
185 20 57 1.2
185 30 69 1
185 40 79 4.1
185 50 120 3.4
185 60 154 1.6
185 70 170 4.1
185 80 211 2.2
185 90 233 1.7
186 0 0 2.5
186 10 25 3.2
186 20 57 1.2
186 30 69 1
186 40 79 4.1
186 50 120 3.4
186 60 154 1.6
186 70 170 4.1
186 80 211 2.2
186 90 233 1.7
187 0 0 2.5
187 10 25 3.2
187 20 57 1.2
187 30 69 1
187 40 79 4.1
187 50 120 3.4
187 60 154 1.6
187 70 170 4.1
187 80 211 2.2
187 90 233 1.7
188 0 0 2.5
188 10 25 3.2
188 20 57 1.2
188 30 69 1
188 40 79 4.1
188 50 120 3.4
188 60 154 1.6
188 70 170 4.1
188 80 211 2.2
188 90 233 1.7
189 0 0 2.5
189 10 25 3.2
189 20 57 1.2
189 30 69 1
189 40 79 4.1
189 50 120 3.4
189 60 154 1.6
189 70 170 4.1
189 80 211 2.2
189 90 233 1.7
190 0 0 2.5
190 10 25 3.2
190 20 57 1.2
190 30 69 1
190 40 79 4.1
190 50 120 3.4
190 60 154 1.6
190 70 170 4.1
190 80 211 2.2
190 90 233 1.7
191 0 0 2.5
191 10 25 3.2
191 20 57 1.2
191 30 69 1
191 40 79 4.1
191 50 120 3.4
191 60 154 1.6
191 70 170 4.1
191 80 211 2.2
191 90 233 1.7
192 0 0 2.5
192 10 25 3.2
192 20 57 1.2
192 30 69 1
192 40 79 4.1
192 50 120 3.4
192 60 154 1.6
192 70 170 4.1
192 80 211 2.2
192 90 233 1.7
193 0 0 2.5
193 10 25 3.2
193 20 57 1.2
193 30 69 1
193 40 79 4.1
193 50 120 3.4
193 60 154 1.6
193 70 170 4.1
193 80 211 2.2
193 90 233 1.7
194 0 0 2.5
194 10 25 3.2
194 20 57 1.2
194 30 69 1
194 40 79 4.1
194 50 120 3.4
194 60 154 1.6
194 70 170 4.1
194 80 211 2.2
194 90 233 1.7
195 0 0 2.5
195 10 25 3.2
195 20 57 1.2
195 30 69 1
195 40 79 4.1
195 50 120 3.4
195 60 154 1.6
195 70 170 4.1
195 80 211 2.2
195 90 233 1.7
196 0 0 2.5
196 10 25 3.2
196 20 57 1.2
196 30 69 1
196 40 79 4.1
196 50 120 3.4
196 60 154 1.6
196 70 170 4.1
196 80 211 2.2
196 90 233 1.7
197 0 0 2.5
197 10 25 3.2
197 20 57 1.2
197 30 69 1
197 40 79 4.1
197 50 120 3.4
197 60 154 1.6
197 70 170 4.1
197 80 211 2.2
197 90 233 1.7
198 0 0 2.5
198 10 25 3.2
198 20 57 1.2
198 30 69 1
198 40 79 4.1
198 50 120 3.4
198 60 154 1.6
198 70 170 4.1
198 80 211 2.2
198 90 233 1.7
199 0 0 2.5
199 10 25 3.2
199 20 57 1.2
199 30 69 1
199 40 79 4.1
199 50 120 3.4
199 60 154 1.6
199 70 170 4.1
199 80 211 2.2
199 90 233 1.7
200 0 0 2.5
200 10 25 3.2
200 20 57 1.2
200 30 69 1
200 40 79 4.1
200 50 120 3.4
200 60 154 1.6
200 70 170 4.1
200 80 211 2.2
200 90 233 1.7
201 0 0 2.5
201 10 25 3.2
201 20 57 1.2
201 30 69 1
201 40 79 4.1
201 50 120 3.4
201 60 154 1.6
201 70 170 4.1
201 80 211 2.2
201 90 233 1.7
202 0 0 2.5
202 10 25 3.2
202 20 57 1.2
202 30 69 1
202 40 79 4.1
202 50 120 3.4
202 60 154 1.6
202 70 170 4.1
202 80 211 2.2
202 90 233 1.7
203 0 0 2.5
203 10 25 3.2
203 20 57 1.2
203 30 69 1
203 40 79 4.1
203 50 120 3.4
203 60 154 1.6
203 70 170 4.1
203 80 211 2.2
203 90 233 1.7
204 0 0 2.5
204 10 25 3.2
204 20 57 1.2
204 30 69 1
204 40 79 4.1
204 50 120 3.4
204 60 154 1.6
204 70 170 4.1
204 80 211 2.2
204 90 233 1.7
205 0 0 2.5
205 10 25 3.2
205 20 57 1.2
205 30 69 1
205 40 79 4.1
205 50 120 3.4
205 60 154 1.6
205 70 170 4.1
205 80 211 2.2
205 90 233 1.7
206 0 0 2.5
206 10 25 3.2
206 20 57 1.2
206 30 69 1
206 40 79 4.1
206 50 120 3.4
206 60 154 1.6
206 70 170 4.1
206 80 211 2.2
206 90 233 1.7
207 0 0 2.5
207 10 25 3.2
207 20 57 1.2
207 30 69 1
207 40 79 4.1
207 50 120 3.4
207 60 154 1.6
207 70 170 4.1
207 80 211 2.2
207 90 233 1.7
208 0 0 2.5
208 10 25 3.2
208 20 57 1.2
208 30 69 1
208 40 79 4.1
208 50 120 3.4
208 60 154 1.6
208 70 170 4.1
208 80 211 2.2
208 90 233 1.7
209 0 0 2.5
209 10 25 3.2
209 20 57 1.2
209 30 69 1
209 40 79 4.1
209 50 120 3.4
209 60 154 1.6
209 70 170 4.1
209 80 211 2.2
209 90 233 1.7
210 0 0 2.5
210 10 25 3.2
210 20 57 1.2
210 30 69 1
210 40 79 4.1
210 50 120 3.4
210 60 154 1.6
210 70 170 4.1
210 80 211 2.2
210 90 233 1.7
211 0 0 2.5
211 10 25 3.2
211 20 57 1.2
211 30 69 1
211 40 79 4.1
211 50 120 3.4
211 60 154 1.6
211 70 170 4.1
211 80 211 2.2
211 90 233 1.7
212 0 0 2.5
212 10 25 3.2
212 20 57 1.2
212 30 69 1
212 40 79 4.1
212 50 120 3.4
212 60 154 1.6
212 70 170 4.1
212 80 211 2.2
212 90 233 1.7
213 0 0 2.5
213 10 25 3.2
213 20 57 1.2
213 30 69 1
213 40 79 4.1
213 50 120 3.4
213 60 154 1.6
213 70 170 4.1
213 80 211 2.2
213 90 233 1.7
214 0 0 2.5
214 10 25 3.2
214 20 57 1.2
214 30 69 1
214 40 79 4.1
214 50 120 3.4
214 60 154 1.6
214 70 170 4.1
214 80 211 2.2
214 90 233 1.7
215 0 0 2.5
215 10 25 3.2
215 20 57 1.2
215 30 69 1
215 40 79 4.1
215 50 120 3.4
215 60 154 1.6
215 70 170 4.1
215 80 211 2.2
215 90 233 1.7
216 0 0 2.5
216 10 25 3.2
216 20 57 1.2
216 30 69 1
216 40 79 4.1
216 50 120 3.4
216 60 154 1.6
216 70 170 4.1
216 80 211 2.2
216 90 233 1.7
217 0 0 2.5
217 10 25 3.2
217 20 57 1.2
217 30 69 1
217 40 79 4.1
217 50 120 3.4
217 60 154 1.6
217 70 170 4.1
217 80 211 2.2
217 90 233 1.7
218 0 0 2.5
218 10 25 3.2
218 20 57 1.2
218 30 69 1
218 40 79 4.1
218 50 120 3.4
218 60 154 1.6
218 70 170 4.1
218 80 211 2.2
218 90 233 1.7
219 0 0 2.5
219 10 25 3.2
219 20 57 1.2
219 30 69 1
219 40 79 4.1
219 50 120 3.4
219 60 154 1.6
219 70 170 4.1
219 80 211 2.2
219 90 233 1.7
220 0 0 2.5
220 10 25 3.2
220 20 57 1.2
220 30 69 1
220 40 79 4.1
220 50 120 3.4
220 60 154 1.6
220 70 170 4.1
220 80 211 2.2
220 90 233 1.7
221 0 0 2.5
221 10 25 3.2
221 20 57 1.2
221 30 69 1
221 40 79 4.1
221 50 120 3.4
221 60 154 1.6
221 70 170 4.1
221 80 211 2.2
221 90 233 1.7
222 0 0 2.5
222 10 25 3.2
222 20 57 1.2
222 30 69 1
222 40 79 4.1
222 50 120 3.4
222 60 154 1.6
222 70 170 4.1
222 80 211 2.2
222 90 233 1.7
223 0 0 2.5
223 10 25 3.2
223 20 57 1.2
223 30 69 1
223 40 79 4.1
223 50 120 3.4
223 60 154 1.6
223 70 170 4.1
223 80 211 2.2
223 90 233 1.7
224 0 0 2.5
224 10 25 3.2
224 20 57 1.2
224 30 69 1
224 40 79 4.1
224 50 120 3.4
224 60 154 1.6
224 70 170 4.1
224 80 211 2.2
224 90 233 1.7
225 0 0 2.5
225 10 25 3.2
225 20 57 1.2
225 30 69 1
225 40 79 4.1
225 50 120 3.4
225 60 154 1.6
225 70 170 4.1
225 80 211 2.2
225 90 233 1.7
226 0 0 2.5
226 10 25 3.2
226 20 57 1.2
226 30 69 1
226 40 79 4.1
226 50 120 3.4
226 60 154 1.6
226 70 170 4.1
226 80 211 2.2
226 90 233 1.7
227 0 0 2.5
227 10 25 3.2
227 20 57 1.2
227 30 69 1
227 40 79 4.1
227 50 120 3.4
227 60 154 1.6
227 70 170 4.1
227 80 211 2.2
227 90 233 1.7
228 0 0 2.5
228 10 25 3.2
228 20 57 1.2
228 30 69 1
228 40 79 4.1
228 50 120 3.4
228 60 154 1.6
228 70 170 4.1
228 80 211 2.2
228 90 233 1.7
229 0 0 2.5
229 10 25 3.2
229 20 57 1.2
229 30 69 1
229 40 79 4.1
229 50 120 3.4
229 60 154 1.6
229 70 170 4.1
229 80 211 2.2
229 90 233 1.7
230 0 0 2.5
230 10 25 3.2
230 20 57 1.2
230 30 69 1
230 40 79 4.1
230 50 120 3.4
230 60 154 1.6
230 70 170 4.1
230 80 211 2.2
230 90 233 1.7
231 0 0 2.5
231 10 25 3.2
231 20 57 1.2
231 30 69 1
231 40 79 4.1
231 50 120 3.4
231 60 154 1.6
231 70 170 4.1
231 80 211 2.2
231 90 233 1.7
232 0 0 2.5
232 10 25 3.2
232 20 57 1.2
232 30 69 1
232 40 79 4.1
232 50 120 3.4
232 60 154 1.6
232 70 170 4.1
232 80 211 2.2
232 90 233 1.7
233 0 0 2.5
233 10 25 3.2
233 20 57 1.2
233 30 69 1
233 40 79 4.1
233 50 120 3.4
233 60 154 1.6
233 70 170 4.1
233 80 211 2.2
233 90 233 1.7
234 0 0 2.5
234 10 25 3.2
234 20 57 1.2
234 30 69 1
234 40 79 4.1
234 50 120 3.4
234 60 154 1.6
234 70 170 4.1
234 80 211 2.2
234 90 233 1.7
235 0 0 2.5
235 10 25 3.2
235 20 57 1.2
235 30 69 1
235 40 79 4.1
235 50 120 3.4
235 60 154 1.6
235 70 170 4.1
235 80 211 2.2
235 90 233 1.7
236 0 0 2.5
236 10 25 3.2
236 20 57 1.2
236 30 69 1
236 40 79 4.1
236 50 120 3.4
236 60 154 1.6
236 70 170 4.1
236 80 211 2.2
236 90 233 1.7
237 0 0 2.5
237 10 25 3.2
237 20 57 1.2
237 30 69 1
237 40 79 4.1
237 50 120 3.4
237 60 154 1.6
237 70 170 4.1
237 80 211 2.2
237 90 233 1.7
238 0 0 2.5
238 10 25 3.2
238 20 57 1.2
238 30 69 1
238 40 79 4.1
238 50 120 3.4
238 60 154 1.6
238 70 170 4.1
238 80 211 2.2
238 90 233 1.7
239 0 0 2.5
239 10 25 3.2
239 20 57 1.2
239 30 69 1
239 40 79 4.1
239 50 120 3.4
239 60 154 1.6
239 70 170 4.1
239 80 211 2.2
239 90 233 1.7
240 0 0 2.5
240 10 25 3.2
240 20 57 1.2
240 30 69 1
240 40 79 4.1
240 50 120 3.4
240 60 154 1.6
240 70 170 4.1
240 80 211 2.2
240 90 233 1.7
241 0 0 2.5
241 10 25 3.2
241 20 57 1.2
241 30 69 1
241 40 79 4.1
241 50 120 3.4
241 60 154 1.6
241 70 170 4.1
241 80 211 2.2
241 90 233 1.7
242 0 0 2.5
242 10 25 3.2
242 20 57 1.2
242 30 69 1
242 40 79 4.1
242 50 120 3.4
242 60 154 1.6
242 70 170 4.1
242 80 211 2.2
242 90 233 1.7
243 0 0 2.5
243 10 25 3.2
243 20 57 1.2
243 30 69 1
243 40 79 4.1
243 50 120 3.4
243 60 154 1.6
243 70 170 4.1
243 80 211 2.2
243 90 233 1.7
244 0 0 2.5
244 10 25 3.2
244 20 57 1.2
244 30 69 1
244 40 79 4.1
244 50 120 3.4
244 60 154 1.6
244 70 170 4.1
244 80 211 2.2
244 90 233 1.7
245 0 0 2.5
245 10 25 3.2
245 20 57 1.2
245 30 69 1
245 40 79 4.1
245 50 120 3.4
245 60 154 1.6
245 70 170 4.1
245 80 211 2.2
245 90 233 1.7
246 0 0 2.5
246 10 25 3.2
246 20 57 1.2
246 30 69 1
246 40 79 4.1
246 50 120 3.4
246 60 154 1.6
246 70 170 4.1
246 80 211 2.2
246 90 233 1.7
247 0 0 2.5
247 10 25 3.2
247 20 57 1.2
247 30 69 1
247 40 79 4.1
247 50 120 3.4
247 60 154 1.6
247 70 170 4.1
247 80 211 2.2
247 90 233 1.7
248 0 0 2.5
248 10 25 3.2
248 20 57 1.2
248 30 69 1
248 40 79 4.1
248 50 120 3.4
248 60 154 1.6
248 70 170 4.1
248 80 211 2.2
248 90 233 1.7
249 0 0 2.5
249 10 25 3.2
249 20 57 1.2
249 30 69 1
249 40 79 4.1
249 50 120 3.4
249 60 154 1.6
249 70 170 4.1
249 80 211 2.2
249 90 233 1.7
250 0 0 2.5
250 10 25 3.2
250 20 57 1.2
250 30 69 1
250 40 79 4.1
250 50 120 3.4
250 60 154 1.6
250 70 170 4.1
250 80 211 2.2
250 90 233 1.7
251 0 0 2.5
251 10 25 3.2
251 20 57 1.2
251 30 69 1
251 40 79 4.1
251 50 120 3.4
251 60 154 1.6
251 70 170 4.1
251 80 211 2.2
251 90 233 1.7
252 0 0 2.5
252 10 25 3.2
252 20 57 1.2
252 30 69 1
252 40 79 4.1
252 50 120 3.4
252 60 154 1.6
252 70 170 4.1
252 80 211 2.2
252 90 233 1.7
253 0 0 2.5
253 10 25 3.2
253 20 57 1.2
253 30 69 1
253 40 79 4.1
253 50 120 3.4
253 60 154 1.6
253 70 170 4.1
253 80 211 2.2
253 90 233 1.7
254 0 0 2.5
254 10 25 3.2
254 20 57 1.2
254 30 69 1
254 40 79 4.1
254 50 120 3.4
254 60 154 1.6
254 70 170 4.1
254 80 211 2.2
254 90 233 1.7
255 0 0 2.5
255 10 25 3.2
255 20 57 1.2
255 30 69 1
255 40 79 4.1
255 50 120 3.4
255 60 154 1.6
255 70 170 4.1
255 80 211 2.2
255 90 233 1.7
256 0 0 2.5
256 10 25 3.2
256 20 57 1.2
256 30 69 1
256 40 79 4.1
256 50 120 3.4
256 60 154 1.6
256 70 170 4.1
256 80 211 2.2
256 90 233 1.7
257 0 0 2.5
257 10 25 3.2
257 20 57 1.2
257 30 69 1
257 40 79 4.1
257 50 120 3.4
257 60 154 1.6
257 70 170 4.1
257 80 211 2.2
257 90 233 1.7
258 0 0 2.5
258 10 25 3.2
258 20 57 1.2
258 30 69 1
258 40 79 4.1
258 50 120 3.4
258 60 154 1.6
258 70 170 4.1
258 80 211 2.2
258 90 233 1.7
259 0 0 2.5
259 10 25 3.2
259 20 57 1.2
259 30 69 1
259 40 79 4.1
259 50 120 3.4
259 60 154 1.6
259 70 170 4.1
259 80 211 2.2
259 90 233 1.7
260 0 0 2.5
260 10 25 3.2
260 20 57 1.2
260 30 69 1
260 40 79 4.1
260 50 120 3.4
260 60 154 1.6
260 70 170 4.1
260 80 211 2.2
260 90 233 1.7
261 0 0 2.5
261 10 25 3.2
261 20 57 1.2
261 30 69 1
261 40 79 4.1
261 50 120 3.4
261 60 154 1.6
261 70 170 4.1
261 80 211 2.2
261 90 233 1.7
262 0 0 2.5
262 10 25 3.2
262 20 57 1.2
262 30 69 1
262 40 79 4.1
262 50 120 3.4
262 60 154 1.6
262 70 170 4.1
262 80 211 2.2
262 90 233 1.7
263 0 0 2.5
263 10 25 3.2
263 20 57 1.2
263 30 69 1
263 40 79 4.1
263 50 120 3.4
263 60 154 1.6
263 70 170 4.1
263 80 211 2.2
263 90 233 1.7
264 0 0 2.5
264 10 25 3.2
264 20 57 1.2
264 30 69 1
264 40 79 4.1
264 50 120 3.4
264 60 154 1.6
264 70 170 4.1
264 80 211 2.2
264 90 233 1.7
265 0 0 2.5
265 10 25 3.2
265 20 57 1.2
265 30 69 1
265 40 79 4.1
265 50 120 3.4
265 60 154 1.6
265 70 170 4.1
265 80 211 2.2
265 90 233 1.7
266 0 0 2.5
266 10 25 3.2
266 20 57 1.2
266 30 69 1
266 40 79 4.1
266 50 120 3.4
266 60 154 1.6
266 70 170 4.1
266 80 211 2.2
266 90 233 1.7
267 0 0 2.5
267 10 25 3.2
267 20 57 1.2
267 30 69 1
267 40 79 4.1
267 50 120 3.4
267 60 154 1.6
267 70 170 4.1
267 80 211 2.2
267 90 233 1.7
268 0 0 2.5
268 10 25 3.2
268 20 57 1.2
268 30 69 1
268 40 79 4.1
268 50 120 3.4
268 60 154 1.6
268 70 170 4.1
268 80 211 2.2
268 90 233 1.7
269 0 0 2.5
269 10 25 3.2
269 20 57 1.2
269 30 69 1
269 40 79 4.1
269 50 120 3.4
269 60 154 1.6
269 70 170 4.1
269 80 211 2.2
269 90 233 1.7
270 0 0 2.5
270 10 25 3.2
270 20 57 1.2
270 30 69 1
270 40 79 4.1
270 50 120 3.4
270 60 154 1.6
270 70 170 4.1
270 80 211 2.2
270 90 233 1.7
271 0 0 2.5
271 10 25 3.2
271 20 57 1.2
271 30 69 1
271 40 79 4.1
271 50 120 3.4
271 60 154 1.6
271 70 170 4.1
271 80 211 2.2
271 90 233 1.7
272 0 0 2.5
272 10 25 3.2
272 20 57 1.2
272 30 69 1
272 40 79 4.1
272 50 120 3.4
272 60 154 1.6
272 70 170 4.1
272 80 211 2.2
272 90 233 1.7
273 0 0 2.5
273 10 25 3.2
273 20 57 1.2
273 30 69 1
273 40 79 4.1
273 50 120 3.4
273 60 154 1.6
273 70 170 4.1
273 80 211 2.2
273 90 233 1.7
274 0 0 2.5
274 10 25 3.2
274 20 57 1.2
274 30 69 1
274 40 79 4.1
274 50 120 3.4
274 60 154 1.6
274 70 170 4.1
274 80 211 2.2
274 90 233 1.7
275 0 0 2.5
275 10 25 3.2
275 20 57 1.2
275 30 69 1
275 40 79 4.1
275 50 120 3.4
275 60 154 1.6
275 70 170 4.1
275 80 211 2.2
275 90 233 1.7
276 0 0 2.5
276 10 25 3.2
276 20 57 1.2
276 30 69 1
276 40 79 4.1
276 50 120 3.4
276 60 154 1.6
276 70 170 4.1
276 80 211 2.2
276 90 233 1.7
277 0 0 2.5
277 10 25 3.2
277 20 57 1.2
277 30 69 1
277 40 79 4.1
277 50 120 3.4
277 60 154 1.6
277 70 170 4.1
277 80 211 2.2
277 90 233 1.7
278 0 0 2.5
278 10 25 3.2
278 20 57 1.2
278 30 69 1
278 40 79 4.1
278 50 120 3.4
278 60 154 1.6
278 70 170 4.1
278 80 211 2.2
278 90 233 1.7
279 0 0 2.5
279 10 25 3.2
279 20 57 1.2
279 30 69 1
279 40 79 4.1
279 50 120 3.4
279 60 154 1.6
279 70 170 4.1
279 80 211 2.2
279 90 233 1.7
280 0 0 2.5
280 10 25 3.2
280 20 57 1.2
280 30 69 1
280 40 79 4.1
280 50 120 3.4
280 60 154 1.6
280 70 170 4.1
280 80 211 2.2
280 90 233 1.7
281 0 0 2.5
281 10 25 3.2
281 20 57 1.2
281 30 69 1
281 40 79 4.1
281 50 120 3.4
281 60 154 1.6
281 70 170 4.1
281 80 211 2.2
281 90 233 1.7
282 0 0 2.5
282 10 25 3.2
282 20 57 1.2
282 30 69 1
282 40 79 4.1
282 50 120 3.4
282 60 154 1.6
282 70 170 4.1
282 80 211 2.2
282 90 233 1.7
283 0 0 2.5
283 10 25 3.2
283 20 57 1.2
283 30 69 1
283 40 79 4.1
283 50 120 3.4
283 60 154 1.6
283 70 170 4.1
283 80 211 2.2
283 90 233 1.7
284 0 0 2.5
284 10 25 3.2
284 20 57 1.2
284 30 69 1
284 40 79 4.1
284 50 120 3.4
284 60 154 1.6
284 70 170 4.1
284 80 211 2.2
284 90 233 1.7
285 0 0 2.5
285 10 25 3.2
285 20 57 1.2
285 30 69 1
285 40 79 4.1
285 50 120 3.4
285 60 154 1.6
285 70 170 4.1
285 80 211 2.2
285 90 233 1.7
286 0 0 2.5
286 10 25 3.2
286 20 57 1.2
286 30 69 1
286 40 79 4.1
286 50 120 3.4
286 60 154 1.6
286 70 170 4.1
286 80 211 2.2
286 90 233 1.7
287 0 0 2.5
287 10 25 3.2
287 20 57 1.2
287 30 69 1
287 40 79 4.1
287 50 120 3.4
287 60 154 1.6
287 70 170 4.1
287 80 211 2.2
287 90 233 1.7
288 0 0 2.5
288 10 25 3.2
288 20 57 1.2
288 30 69 1
288 40 79 4.1
288 50 120 3.4
288 60 154 1.6
288 70 170 4.1
288 80 211 2.2
288 90 233 1.7
289 0 0 2.5
289 10 25 3.2
289 20 57 1.2
289 30 69 1
289 40 79 4.1
289 50 120 3.4
289 60 154 1.6
289 70 170 4.1
289 80 211 2.2
289 90 233 1.7
290 0 0 2.5
290 10 25 3.2
290 20 57 1.2
290 30 69 1
290 40 79 4.1
290 50 120 3.4
290 60 154 1.6
290 70 170 4.1
290 80 211 2.2
290 90 233 1.7
291 0 0 2.5
291 10 25 3.2
291 20 57 1.2
291 30 69 1
291 40 79 4.1
291 50 120 3.4
291 60 154 1.6
291 70 170 4.1
291 80 211 2.2
291 90 233 1.7
292 0 0 2.5
292 10 25 3.2
292 20 57 1.2
292 30 69 1
292 40 79 4.1
292 50 120 3.4
292 60 154 1.6
292 70 170 4.1
292 80 211 2.2
292 90 233 1.7
293 0 0 2.5
293 10 25 3.2
293 20 57 1.2
293 30 69 1
293 40 79 4.1
293 50 120 3.4
293 60 154 1.6
293 70 170 4.1
293 80 211 2.2
293 90 233 1.7
294 0 0 2.5
294 10 25 3.2
294 20 57 1.2
294 30 69 1
294 40 79 4.1
294 50 120 3.4
294 60 154 1.6
294 70 170 4.1
294 80 211 2.2
294 90 233 1.7
295 0 0 2.5
295 10 25 3.2
295 20 57 1.2
295 30 69 1
295 40 79 4.1
295 50 120 3.4
295 60 154 1.6
295 70 170 4.1
295 80 211 2.2
295 90 233 1.7
296 0 0 2.5
296 10 25 3.2
296 20 57 1.2
296 30 69 1
296 40 79 4.1
296 50 120 3.4
296 60 154 1.6
296 70 170 4.1
296 80 211 2.2
296 90 233 1.7
297 0 0 2.5
297 10 25 3.2
297 20 57 1.2
297 30 69 1
297 40 79 4.1
297 50 120 3.4
297 60 154 1.6
297 70 170 4.1
297 80 211 2.2
297 90 233 1.7
298 0 0 2.5
298 10 25 3.2
298 20 57 1.2
298 30 69 1
298 40 79 4.1
298 50 120 3.4
298 60 154 1.6
298 70 170 4.1
298 80 211 2.2
298 90 233 1.7
299 0 0 2.5
299 10 25 3.2
299 20 57 1.2
299 30 69 1
299 40 79 4.1
299 50 120 3.4
299 60 154 1.6
299 70 170 4.1
299 80 211 2.2
299 90 233 1.7
300 0 0 2.5
300 10 25 3.2
300 20 57 1.2
300 30 69 1
300 40 79 4.1
300 50 120 3.4
300 60 154 1.6
300 70 170 4.1
300 80 211 2.2
300 90 233 1.7
301 0 0 2.5
301 10 25 3.2
301 20 57 1.2
301 30 69 1
301 40 79 4.1
301 50 120 3.4
301 60 154 1.6
301 70 170 4.1
301 80 211 2.2
301 90 233 1.7
302 0 0 2.5
302 10 25 3.2
302 20 57 1.2
302 30 69 1
302 40 79 4.1
302 50 120 3.4
302 60 154 1.6
302 70 170 4.1
302 80 211 2.2
302 90 233 1.7
303 0 0 2.5
303 10 25 3.2
303 20 57 1.2
303 30 69 1
303 40 79 4.1
303 50 120 3.4
303 60 154 1.6
303 70 170 4.1
303 80 211 2.2
303 90 233 1.7
304 0 0 2.5
304 10 25 3.2
304 20 57 1.2
304 30 69 1
304 40 79 4.1
304 50 120 3.4
304 60 154 1.6
304 70 170 4.1
304 80 211 2.2
304 90 233 1.7
305 0 0 2.5
305 10 25 3.2
305 20 57 1.2
305 30 69 1
305 40 79 4.1
305 50 120 3.4
305 60 154 1.6
305 70 170 4.1
305 80 211 2.2
305 90 233 1.7
306 0 0 2.5
306 10 25 3.2
306 20 57 1.2
306 30 69 1
306 40 79 4.1
306 50 120 3.4
306 60 154 1.6
306 70 170 4.1
306 80 211 2.2
306 90 233 1.7
307 0 0 2.5
307 10 25 3.2
307 20 57 1.2
307 30 69 1
307 40 79 4.1
307 50 120 3.4
307 60 154 1.6
307 70 170 4.1
307 80 211 2.2
307 90 233 1.7
308 0 0 2.5
308 10 25 3.2
308 20 57 1.2
308 30 69 1
308 40 79 4.1
308 50 120 3.4
308 60 154 1.6
308 70 170 4.1
308 80 211 2.2
308 90 233 1.7
309 0 0 2.5
309 10 25 3.2
309 20 57 1.2
309 30 69 1
309 40 79 4.1
309 50 120 3.4
309 60 154 1.6
309 70 170 4.1
309 80 211 2.2
309 90 233 1.7
310 0 0 2.5
310 10 25 3.2
310 20 57 1.2
310 30 69 1
310 40 79 4.1
310 50 120 3.4
310 60 154 1.6
310 70 170 4.1
310 80 211 2.2
310 90 233 1.7
311 0 0 2.5
311 10 25 3.2
311 20 57 1.2
311 30 69 1
311 40 79 4.1
311 50 120 3.4
311 60 154 1.6
311 70 170 4.1
311 80 211 2.2
311 90 233 1.7
312 0 0 2.5
312 10 25 3.2
312 20 57 1.2
312 30 69 1
312 40 79 4.1
312 50 120 3.4
312 60 154 1.6
312 70 170 4.1
312 80 211 2.2
312 90 233 1.7
313 0 0 2.5
313 10 25 3.2
313 20 57 1.2
313 30 69 1
313 40 79 4.1
313 50 120 3.4
313 60 154 1.6
313 70 170 4.1
313 80 211 2.2
313 90 233 1.7
314 0 0 2.5
314 10 25 3.2
314 20 57 1.2
314 30 69 1
314 40 79 4.1
314 50 120 3.4
314 60 154 1.6
314 70 170 4.1
314 80 211 2.2
314 90 233 1.7
315 0 0 2.5
315 10 25 3.2
315 20 57 1.2
315 30 69 1
315 40 79 4.1
315 50 120 3.4
315 60 154 1.6
315 70 170 4.1
315 80 211 2.2
315 90 233 1.7
316 0 0 2.5
316 10 25 3.2
316 20 57 1.2
316 30 69 1
316 40 79 4.1
316 50 120 3.4
316 60 154 1.6
316 70 170 4.1
316 80 211 2.2
316 90 233 1.7
317 0 0 2.5
317 10 25 3.2
317 20 57 1.2
317 30 69 1
317 40 79 4.1
317 50 120 3.4
317 60 154 1.6
317 70 170 4.1
317 80 211 2.2
317 90 233 1.7
318 0 0 2.5
318 10 25 3.2
318 20 57 1.2
318 30 69 1
318 40 79 4.1
318 50 120 3.4
318 60 154 1.6
318 70 170 4.1
318 80 211 2.2
318 90 233 1.7
319 0 0 2.5
319 10 25 3.2
319 20 57 1.2
319 30 69 1
319 40 79 4.1
319 50 120 3.4
319 60 154 1.6
319 70 170 4.1
319 80 211 2.2
319 90 233 1.7
320 0 0 2.5
320 10 25 3.2
320 20 57 1.2
320 30 69 1
320 40 79 4.1
320 50 120 3.4
320 60 154 1.6
320 70 170 4.1
320 80 211 2.2
320 90 233 1.7
321 0 0 2.5
321 10 25 3.2
321 20 57 1.2
321 30 69 1
321 40 79 4.1
321 50 120 3.4
321 60 154 1.6
321 70 170 4.1
321 80 211 2.2
321 90 233 1.7
322 0 0 2.5
322 10 25 3.2
322 20 57 1.2
322 30 69 1
322 40 79 4.1
322 50 120 3.4
322 60 154 1.6
322 70 170 4.1
322 80 211 2.2
322 90 233 1.7
323 0 0 2.5
323 10 25 3.2
323 20 57 1.2
323 30 69 1
323 40 79 4.1
323 50 120 3.4
323 60 154 1.6
323 70 170 4.1
323 80 211 2.2
323 90 233 1.7
324 0 0 2.5
324 10 25 3.2
324 20 57 1.2
324 30 69 1
324 40 79 4.1
324 50 120 3.4
324 60 154 1.6
324 70 170 4.1
324 80 211 2.2
324 90 233 1.7
325 0 0 2.5
325 10 25 3.2
325 20 57 1.2
325 30 69 1
325 40 79 4.1
325 50 120 3.4
325 60 154 1.6
325 70 170 4.1
325 80 211 2.2
325 90 233 1.7
326 0 0 2.5
326 10 25 3.2
326 20 57 1.2
326 30 69 1
326 40 79 4.1
326 50 120 3.4
326 60 154 1.6
326 70 170 4.1
326 80 211 2.2
326 90 233 1.7
327 0 0 2.5
327 10 25 3.2
327 20 57 1.2
327 30 69 1
327 40 79 4.1
327 50 120 3.4
327 60 154 1.6
327 70 170 4.1
327 80 211 2.2
327 90 233 1.7
328 0 0 2.5
328 10 25 3.2
328 20 57 1.2
328 30 69 1
328 40 79 4.1
328 50 120 3.4
328 60 154 1.6
328 70 170 4.1
328 80 211 2.2
328 90 233 1.7
329 0 0 2.5
329 10 25 3.2
329 20 57 1.2
329 30 69 1
329 40 79 4.1
329 50 120 3.4
329 60 154 1.6
329 70 170 4.1
329 80 211 2.2
329 90 233 1.7
330 0 0 2.5
330 10 25 3.2
330 20 57 1.2
330 30 69 1
330 40 79 4.1
330 50 120 3.4
330 60 154 1.6
330 70 170 4.1
330 80 211 2.2
330 90 233 1.7
331 0 0 2.5
331 10 25 3.2
331 20 57 1.2
331 30 69 1
331 40 79 4.1
331 50 120 3.4
331 60 154 1.6
331 70 170 4.1
331 80 211 2.2
331 90 233 1.7
332 0 0 2.5
332 10 25 3.2
332 20 57 1.2
332 30 69 1
332 40 79 4.1
332 50 120 3.4
332 60 154 1.6
332 70 170 4.1
332 80 211 2.2
332 90 233 1.7
333 0 0 2.5
333 10 25 3.2
333 20 57 1.2
333 30 69 1
333 40 79 4.1
333 50 120 3.4
333 60 154 1.6
333 70 170 4.1
333 80 211 2.2
333 90 233 1.7
334 0 0 2.5
334 10 25 3.2
334 20 57 1.2
334 30 69 1
334 40 79 4.1
334 50 120 3.4
334 60 154 1.6
334 70 170 4.1
334 80 211 2.2
334 90 233 1.7
335 0 0 2.5
335 10 25 3.2
335 20 57 1.2
335 30 69 1
335 40 79 4.1
335 50 120 3.4
335 60 154 1.6
335 70 170 4.1
335 80 211 2.2
335 90 233 1.7
336 0 0 2.5
336 10 25 3.2
336 20 57 1.2
336 30 69 1
336 40 79 4.1
336 50 120 3.4
336 60 154 1.6
336 70 170 4.1
336 80 211 2.2
336 90 233 1.7
337 0 0 2.5
337 10 25 3.2
337 20 57 1.2
337 30 69 1
337 40 79 4.1
337 50 120 3.4
337 60 154 1.6
337 70 170 4.1
337 80 211 2.2
337 90 233 1.7
338 0 0 2.5
338 10 25 3.2
338 20 57 1.2
338 30 69 1
338 40 79 4.1
338 50 120 3.4
338 60 154 1.6
338 70 170 4.1
338 80 211 2.2
338 90 233 1.7
339 0 0 2.5
339 10 25 3.2
339 20 57 1.2
339 30 69 1
339 40 79 4.1
339 50 120 3.4
339 60 154 1.6
339 70 170 4.1
339 80 211 2.2
339 90 233 1.7
340 0 0 2.5
340 10 25 3.2
340 20 57 1.2
340 30 69 1
340 40 79 4.1
340 50 120 3.4
340 60 154 1.6
340 70 170 4.1
340 80 211 2.2
340 90 233 1.7
341 0 0 2.5
341 10 25 3.2
341 20 57 1.2
341 30 69 1
341 40 79 4.1
341 50 120 3.4
341 60 154 1.6
341 70 170 4.1
341 80 211 2.2
341 90 233 1.7
342 0 0 2.5
342 10 25 3.2
342 20 57 1.2
342 30 69 1
342 40 79 4.1
342 50 120 3.4
342 60 154 1.6
342 70 170 4.1
342 80 211 2.2
342 90 233 1.7
343 0 0 2.5
343 10 25 3.2
343 20 57 1.2
343 30 69 1
343 40 79 4.1
343 50 120 3.4
343 60 154 1.6
343 70 170 4.1
343 80 211 2.2
343 90 233 1.7
344 0 0 2.5
344 10 25 3.2
344 20 57 1.2
344 30 69 1
344 40 79 4.1
344 50 120 3.4
344 60 154 1.6
344 70 170 4.1
344 80 211 2.2
344 90 233 1.7
345 0 0 2.5
345 10 25 3.2
345 20 57 1.2
345 30 69 1
345 40 79 4.1
345 50 120 3.4
345 60 154 1.6
345 70 170 4.1
345 80 211 2.2
345 90 233 1.7
346 0 0 2.5
346 10 25 3.2
346 20 57 1.2
346 30 69 1
346 40 79 4.1
346 50 120 3.4
346 60 154 1.6
346 70 170 4.1
346 80 211 2.2
346 90 233 1.7
347 0 0 2.5
347 10 25 3.2
347 20 57 1.2
347 30 69 1
347 40 79 4.1
347 50 120 3.4
347 60 154 1.6
347 70 170 4.1
347 80 211 2.2
347 90 233 1.7
348 0 0 2.5
348 10 25 3.2
348 20 57 1.2
348 30 69 1
348 40 79 4.1
348 50 120 3.4
348 60 154 1.6
348 70 170 4.1
348 80 211 2.2
348 90 233 1.7
349 0 0 2.5
349 10 25 3.2
349 20 57 1.2
349 30 69 1
349 40 79 4.1
349 50 120 3.4
349 60 154 1.6
349 70 170 4.1
349 80 211 2.2
349 90 233 1.7
350 0 0 2.5
350 10 25 3.2
350 20 57 1.2
350 30 69 1
350 40 79 4.1
350 50 120 3.4
350 60 154 1.6
350 70 170 4.1
350 80 211 2.2
350 90 233 1.7
351 0 0 2.5
351 10 25 3.2
351 20 57 1.2
351 30 69 1
351 40 79 4.1
351 50 120 3.4
351 60 154 1.6
351 70 170 4.1
351 80 211 2.2
351 90 233 1.7
352 0 0 2.5
352 10 25 3.2
352 20 57 1.2
352 30 69 1
352 40 79 4.1
352 50 120 3.4
352 60 154 1.6
352 70 170 4.1
352 80 211 2.2
352 90 233 1.7
353 0 0 2.5
353 10 25 3.2
353 20 57 1.2
353 30 69 1
353 40 79 4.1
353 50 120 3.4
353 60 154 1.6
353 70 170 4.1
353 80 211 2.2
353 90 233 1.7
354 0 0 2.5
354 10 25 3.2
354 20 57 1.2
354 30 69 1
354 40 79 4.1
354 50 120 3.4
354 60 154 1.6
354 70 170 4.1
354 80 211 2.2
354 90 233 1.7
355 0 0 2.5
355 10 25 3.2
355 20 57 1.2
355 30 69 1
355 40 79 4.1
355 50 120 3.4
355 60 154 1.6
355 70 170 4.1
355 80 211 2.2
355 90 233 1.7
356 0 0 2.5
356 10 25 3.2
356 20 57 1.2
356 30 69 1
356 40 79 4.1
356 50 120 3.4
356 60 154 1.6
356 70 170 4.1
356 80 211 2.2
356 90 233 1.7
357 0 0 2.5
357 10 25 3.2
357 20 57 1.2
357 30 69 1
357 40 79 4.1
357 50 120 3.4
357 60 154 1.6
357 70 170 4.1
357 80 211 2.2
357 90 233 1.7
358 0 0 2.5
358 10 25 3.2
358 20 57 1.2
358 30 69 1
358 40 79 4.1
358 50 120 3.4
358 60 154 1.6
358 70 170 4.1
358 80 211 2.2
358 90 233 1.7
359 0 0 2.5
359 10 25 3.2
359 20 57 1.2
359 30 69 1
359 40 79 4.1
359 50 120 3.4
359 60 154 1.6
359 70 170 4.1
359 80 211 2.2
359 90 233 1.7
360 0 0 2.5
360 10 25 3.2
360 20 57 1.2
360 30 69 1
360 40 79 4.1
360 50 120 3.4
360 60 154 1.6
360 70 170 4.1
360 80 211 2.2
360 90 233 1.7
361 0 0 2.5
361 10 25 3.2
361 20 57 1.2
361 30 69 1
361 40 79 4.1
361 50 120 3.4
361 60 154 1.6
361 70 170 4.1
361 80 211 2.2
361 90 233 1.7
362 0 0 2.5
362 10 25 3.2
362 20 57 1.2
362 30 69 1
362 40 79 4.1
362 50 120 3.4
362 60 154 1.6
362 70 170 4.1
362 80 211 2.2
362 90 233 1.7
363 0 0 2.5
363 10 25 3.2
363 20 57 1.2
363 30 69 1
363 40 79 4.1
363 50 120 3.4
363 60 154 1.6
363 70 170 4.1
363 80 211 2.2
363 90 233 1.7
364 0 0 2.5
364 10 25 3.2
364 20 57 1.2
364 30 69 1
364 40 79 4.1
364 50 120 3.4
364 60 154 1.6
364 70 170 4.1
364 80 211 2.2
364 90 233 1.7
365 0 0 2.5
365 10 25 3.2
365 20 57 1.2
365 30 69 1
365 40 79 4.1
365 50 120 3.4
365 60 154 1.6
365 70 170 4.1
365 80 211 2.2
365 90 233 1.7
366 0 0 2.5
366 10 25 3.2
366 20 57 1.2
366 30 69 1
366 40 79 4.1
366 50 120 3.4
366 60 154 1.6
366 70 170 4.1
366 80 211 2.2
366 90 233 1.7
367 0 0 2.5
367 10 25 3.2
367 20 57 1.2
367 30 69 1
367 40 79 4.1
367 50 120 3.4
367 60 154 1.6
367 70 170 4.1
367 80 211 2.2
367 90 233 1.7
368 0 0 2.5
368 10 25 3.2
368 20 57 1.2
368 30 69 1
368 40 79 4.1
368 50 120 3.4
368 60 154 1.6
368 70 170 4.1
368 80 211 2.2
368 90 233 1.7
369 0 0 2.5
369 10 25 3.2
369 20 57 1.2
369 30 69 1
369 40 79 4.1
369 50 120 3.4
369 60 154 1.6
369 70 170 4.1
369 80 211 2.2
369 90 233 1.7
370 0 0 2.5
370 10 25 3.2
370 20 57 1.2
370 30 69 1
370 40 79 4.1
370 50 120 3.4
370 60 154 1.6
370 70 170 4.1
370 80 211 2.2
370 90 233 1.7
371 0 0 2.5
371 10 25 3.2
371 20 57 1.2
371 30 69 1
371 40 79 4.1
371 50 120 3.4
371 60 154 1.6
371 70 170 4.1
371 80 211 2.2
371 90 233 1.7
372 0 0 2.5
372 10 25 3.2
372 20 57 1.2
372 30 69 1
372 40 79 4.1
372 50 120 3.4
372 60 154 1.6
372 70 170 4.1
372 80 211 2.2
372 90 233 1.7
373 0 0 2.5
373 10 25 3.2
373 20 57 1.2
373 30 69 1
373 40 79 4.1
373 50 120 3.4
373 60 154 1.6
373 70 170 4.1
373 80 211 2.2
373 90 233 1.7
374 0 0 2.5
374 10 25 3.2
374 20 57 1.2
374 30 69 1
374 40 79 4.1
374 50 120 3.4
374 60 154 1.6
374 70 170 4.1
374 80 211 2.2
374 90 233 1.7
375 0 0 2.5
375 10 25 3.2
375 20 57 1.2
375 30 69 1
375 40 79 4.1
375 50 120 3.4
375 60 154 1.6
375 70 170 4.1
375 80 211 2.2
375 90 233 1.7
376 0 0 2.5
376 10 25 3.2
376 20 57 1.2
376 30 69 1
376 40 79 4.1
376 50 120 3.4
376 60 154 1.6
376 70 170 4.1
376 80 211 2.2
376 90 233 1.7
377 0 0 2.5
377 10 25 3.2
377 20 57 1.2
377 30 69 1
377 40 79 4.1
377 50 120 3.4
377 60 154 1.6
377 70 170 4.1
377 80 211 2.2
377 90 233 1.7
378 0 0 2.5
378 10 25 3.2
378 20 57 1.2
378 30 69 1
378 40 79 4.1
378 50 120 3.4
378 60 154 1.6
378 70 170 4.1
378 80 211 2.2
378 90 233 1.7
379 0 0 2.5
379 10 25 3.2
379 20 57 1.2
379 30 69 1
379 40 79 4.1
379 50 120 3.4
379 60 154 1.6
379 70 170 4.1
379 80 211 2.2
379 90 233 1.7
380 0 0 2.5
380 10 25 3.2
380 20 57 1.2
380 30 69 1
380 40 79 4.1
380 50 120 3.4
380 60 154 1.6
380 70 170 4.1
380 80 211 2.2
380 90 233 1.7
381 0 0 2.5
381 10 25 3.2
381 20 57 1.2
381 30 69 1
381 40 79 4.1
381 50 120 3.4
381 60 154 1.6
381 70 170 4.1
381 80 211 2.2
381 90 233 1.7
382 0 0 2.5
382 10 25 3.2
382 20 57 1.2
382 30 69 1
382 40 79 4.1
382 50 120 3.4
382 60 154 1.6
382 70 170 4.1
382 80 211 2.2
382 90 233 1.7
383 0 0 2.5
383 10 25 3.2
383 20 57 1.2
383 30 69 1
383 40 79 4.1
383 50 120 3.4
383 60 154 1.6
383 70 170 4.1
383 80 211 2.2
383 90 233 1.7
384 0 0 2.5
384 10 25 3.2
384 20 57 1.2
384 30 69 1
384 40 79 4.1
384 50 120 3.4
384 60 154 1.6
384 70 170 4.1
384 80 211 2.2
384 90 233 1.7
385 0 0 2.5
385 10 25 3.2
385 20 57 1.2
385 30 69 1
385 40 79 4.1
385 50 120 3.4
385 60 154 1.6
385 70 170 4.1
385 80 211 2.2
385 90 233 1.7
386 0 0 2.5
386 10 25 3.2
386 20 57 1.2
386 30 69 1
386 40 79 4.1
386 50 120 3.4
386 60 154 1.6
386 70 170 4.1
386 80 211 2.2
386 90 233 1.7
387 0 0 2.5
387 10 25 3.2
387 20 57 1.2
387 30 69 1
387 40 79 4.1
387 50 120 3.4
387 60 154 1.6
387 70 170 4.1
387 80 211 2.2
387 90 233 1.7
388 0 0 2.5
388 10 25 3.2
388 20 57 1.2
388 30 69 1
388 40 79 4.1
388 50 120 3.4
388 60 154 1.6
388 70 170 4.1
388 80 211 2.2
388 90 233 1.7
389 0 0 2.5
389 10 25 3.2
389 20 57 1.2
389 30 69 1
389 40 79 4.1
389 50 120 3.4
389 60 154 1.6
389 70 170 4.1
389 80 211 2.2
389 90 233 1.7
390 0 0 2.5
390 10 25 3.2
390 20 57 1.2
390 30 69 1
390 40 79 4.1
390 50 120 3.4
390 60 154 1.6
390 70 170 4.1
390 80 211 2.2
390 90 233 1.7
391 0 0 2.5
391 10 25 3.2
391 20 57 1.2
391 30 69 1
391 40 79 4.1
391 50 120 3.4
391 60 154 1.6
391 70 170 4.1
391 80 211 2.2
391 90 233 1.7
392 0 0 2.5
392 10 25 3.2
392 20 57 1.2
392 30 69 1
392 40 79 4.1
392 50 120 3.4
392 60 154 1.6
392 70 170 4.1
392 80 211 2.2
392 90 233 1.7
393 0 0 2.5
393 10 25 3.2
393 20 57 1.2
393 30 69 1
393 40 79 4.1
393 50 120 3.4
393 60 154 1.6
393 70 170 4.1
393 80 211 2.2
393 90 233 1.7
394 0 0 2.5
394 10 25 3.2
394 20 57 1.2
394 30 69 1
394 40 79 4.1
394 50 120 3.4
394 60 154 1.6
394 70 170 4.1
394 80 211 2.2
394 90 233 1.7
395 0 0 2.5
395 10 25 3.2
395 20 57 1.2
395 30 69 1
395 40 79 4.1
395 50 120 3.4
395 60 154 1.6
395 70 170 4.1
395 80 211 2.2
395 90 233 1.7
396 0 0 2.5
396 10 25 3.2
396 20 57 1.2
396 30 69 1
396 40 79 4.1
396 50 120 3.4
396 60 154 1.6
396 70 170 4.1
396 80 211 2.2
396 90 233 1.7
397 0 0 2.5
397 10 25 3.2
397 20 57 1.2
397 30 69 1
397 40 79 4.1
397 50 120 3.4
397 60 154 1.6
397 70 170 4.1
397 80 211 2.2
397 90 233 1.7
398 0 0 2.5
398 10 25 3.2
398 20 57 1.2
398 30 69 1
398 40 79 4.1
398 50 120 3.4
398 60 154 1.6
398 70 170 4.1
398 80 211 2.2
398 90 233 1.7
399 0 0 2.5
399 10 25 3.2
399 20 57 1.2
399 30 69 1
399 40 79 4.1
399 50 120 3.4
399 60 154 1.6
399 70 170 4.1
399 80 211 2.2
399 90 233 1.7
400 0 0 2.5
400 10 25 3.2
400 20 57 1.2
400 30 69 1
400 40 79 4.1
400 50 120 3.4
400 60 154 1.6
400 70 170 4.1
400 80 211 2.2
400 90 233 1.7
401 0 0 2.5
401 10 25 3.2
401 20 57 1.2
401 30 69 1
401 40 79 4.1
401 50 120 3.4
401 60 154 1.6
401 70 170 4.1
401 80 211 2.2
401 90 233 1.7
402 0 0 2.5
402 10 25 3.2
402 20 57 1.2
402 30 69 1
402 40 79 4.1
402 50 120 3.4
402 60 154 1.6
402 70 170 4.1
402 80 211 2.2
402 90 233 1.7
403 0 0 2.5
403 10 25 3.2
403 20 57 1.2
403 30 69 1
403 40 79 4.1
403 50 120 3.4
403 60 154 1.6
403 70 170 4.1
403 80 211 2.2
403 90 233 1.7
404 0 0 2.5
404 10 25 3.2
404 20 57 1.2
404 30 69 1
404 40 79 4.1
404 50 120 3.4
404 60 154 1.6
404 70 170 4.1
404 80 211 2.2
404 90 233 1.7
405 0 0 2.5
405 10 25 3.2
405 20 57 1.2
405 30 69 1
405 40 79 4.1
405 50 120 3.4
405 60 154 1.6
405 70 170 4.1
405 80 211 2.2
405 90 233 1.7
406 0 0 2.5
406 10 25 3.2
406 20 57 1.2
406 30 69 1
406 40 79 4.1
406 50 120 3.4
406 60 154 1.6
406 70 170 4.1
406 80 211 2.2
406 90 233 1.7
407 0 0 2.5
407 10 25 3.2
407 20 57 1.2
407 30 69 1
407 40 79 4.1
407 50 120 3.4
407 60 154 1.6
407 70 170 4.1
407 80 211 2.2
407 90 233 1.7
408 0 0 2.5
408 10 25 3.2
408 20 57 1.2
408 30 69 1
408 40 79 4.1
408 50 120 3.4
408 60 154 1.6
408 70 170 4.1
408 80 211 2.2
408 90 233 1.7
409 0 0 2.5
409 10 25 3.2
409 20 57 1.2
409 30 69 1
409 40 79 4.1
409 50 120 3.4
409 60 154 1.6
409 70 170 4.1
409 80 211 2.2
409 90 233 1.7
410 0 0 2.5
410 10 25 3.2
410 20 57 1.2
410 30 69 1
410 40 79 4.1
410 50 120 3.4
410 60 154 1.6
410 70 170 4.1
410 80 211 2.2
410 90 233 1.7
411 0 0 2.5
411 10 25 3.2
411 20 57 1.2
411 30 69 1
411 40 79 4.1
411 50 120 3.4
411 60 154 1.6
411 70 170 4.1
411 80 211 2.2
411 90 233 1.7
412 0 0 2.5
412 10 25 3.2
412 20 57 1.2
412 30 69 1
412 40 79 4.1
412 50 120 3.4
412 60 154 1.6
412 70 170 4.1
412 80 211 2.2
412 90 233 1.7
413 0 0 2.5
413 10 25 3.2
413 20 57 1.2
413 30 69 1
413 40 79 4.1
413 50 120 3.4
413 60 154 1.6
413 70 170 4.1
413 80 211 2.2
413 90 233 1.7
414 0 0 2.5
414 10 25 3.2
414 20 57 1.2
414 30 69 1
414 40 79 4.1
414 50 120 3.4
414 60 154 1.6
414 70 170 4.1
414 80 211 2.2
414 90 233 1.7
415 0 0 2.5
415 10 25 3.2
415 20 57 1.2
415 30 69 1
415 40 79 4.1
415 50 120 3.4
415 60 154 1.6
415 70 170 4.1
415 80 211 2.2
415 90 233 1.7
416 0 0 2.5
416 10 25 3.2
416 20 57 1.2
416 30 69 1
416 40 79 4.1
416 50 120 3.4
416 60 154 1.6
416 70 170 4.1
416 80 211 2.2
416 90 233 1.7
417 0 0 2.5
417 10 25 3.2
417 20 57 1.2
417 30 69 1
417 40 79 4.1
417 50 120 3.4
417 60 154 1.6
417 70 170 4.1
417 80 211 2.2
417 90 233 1.7
418 0 0 2.5
418 10 25 3.2
418 20 57 1.2
418 30 69 1
418 40 79 4.1
418 50 120 3.4
418 60 154 1.6
418 70 170 4.1
418 80 211 2.2
418 90 233 1.7
419 0 0 2.5
419 10 25 3.2
419 20 57 1.2
419 30 69 1
419 40 79 4.1
419 50 120 3.4
419 60 154 1.6
419 70 170 4.1
419 80 211 2.2
419 90 233 1.7
420 0 0 2.5
420 10 25 3.2
420 20 57 1.2
420 30 69 1
420 40 79 4.1
420 50 120 3.4
420 60 154 1.6
420 70 170 4.1
420 80 211 2.2
420 90 233 1.7
421 0 0 2.5
421 10 25 3.2
421 20 57 1.2
421 30 69 1
421 40 79 4.1
421 50 120 3.4
421 60 154 1.6
421 70 170 4.1
421 80 211 2.2
421 90 233 1.7
422 0 0 2.5
422 10 25 3.2
422 20 57 1.2
422 30 69 1
422 40 79 4.1
422 50 120 3.4
422 60 154 1.6
422 70 170 4.1
422 80 211 2.2
422 90 233 1.7
423 0 0 2.5
423 10 25 3.2
423 20 57 1.2
423 30 69 1
423 40 79 4.1
423 50 120 3.4
423 60 154 1.6
423 70 170 4.1
423 80 211 2.2
423 90 233 1.7
424 0 0 2.5
424 10 25 3.2
424 20 57 1.2
424 30 69 1
424 40 79 4.1
424 50 120 3.4
424 60 154 1.6
424 70 170 4.1
424 80 211 2.2
424 90 233 1.7
425 0 0 2.5
425 10 25 3.2
425 20 57 1.2
425 30 69 1
425 40 79 4.1
425 50 120 3.4
425 60 154 1.6
425 70 170 4.1
425 80 211 2.2
425 90 233 1.7
426 0 0 2.5
426 10 25 3.2
426 20 57 1.2
426 30 69 1
426 40 79 4.1
426 50 120 3.4
426 60 154 1.6
426 70 170 4.1
426 80 211 2.2
426 90 233 1.7
427 0 0 2.5
427 10 25 3.2
427 20 57 1.2
427 30 69 1
427 40 79 4.1
427 50 120 3.4
427 60 154 1.6
427 70 170 4.1
427 80 211 2.2
427 90 233 1.7
428 0 0 2.5
428 10 25 3.2
428 20 57 1.2
428 30 69 1
428 40 79 4.1
428 50 120 3.4
428 60 154 1.6
428 70 170 4.1
428 80 211 2.2
428 90 233 1.7
429 0 0 2.5
429 10 25 3.2
429 20 57 1.2
429 30 69 1
429 40 79 4.1
429 50 120 3.4
429 60 154 1.6
429 70 170 4.1
429 80 211 2.2
429 90 233 1.7
430 0 0 2.5
430 10 25 3.2
430 20 57 1.2
430 30 69 1
430 40 79 4.1
430 50 120 3.4
430 60 154 1.6
430 70 170 4.1
430 80 211 2.2
430 90 233 1.7
431 0 0 2.5
431 10 25 3.2
431 20 57 1.2
431 30 69 1
431 40 79 4.1
431 50 120 3.4
431 60 154 1.6
431 70 170 4.1
431 80 211 2.2
431 90 233 1.7
432 0 0 2.5
432 10 25 3.2
432 20 57 1.2
432 30 69 1
432 40 79 4.1
432 50 120 3.4
432 60 154 1.6
432 70 170 4.1
432 80 211 2.2
432 90 233 1.7
433 0 0 2.5
433 10 25 3.2
433 20 57 1.2
433 30 69 1
433 40 79 4.1
433 50 120 3.4
433 60 154 1.6
433 70 170 4.1
433 80 211 2.2
433 90 233 1.7
434 0 0 2.5
434 10 25 3.2
434 20 57 1.2
434 30 69 1
434 40 79 4.1
434 50 120 3.4
434 60 154 1.6
434 70 170 4.1
434 80 211 2.2
434 90 233 1.7
435 0 0 2.5
435 10 25 3.2
435 20 57 1.2
435 30 69 1
435 40 79 4.1
435 50 120 3.4
435 60 154 1.6
435 70 170 4.1
435 80 211 2.2
435 90 233 1.7
436 0 0 2.5
436 10 25 3.2
436 20 57 1.2
436 30 69 1
436 40 79 4.1
436 50 120 3.4
436 60 154 1.6
436 70 170 4.1
436 80 211 2.2
436 90 233 1.7
437 0 0 2.5
437 10 25 3.2
437 20 57 1.2
437 30 69 1
437 40 79 4.1
437 50 120 3.4
437 60 154 1.6
437 70 170 4.1
437 80 211 2.2
437 90 233 1.7
438 0 0 2.5
438 10 25 3.2
438 20 57 1.2
438 30 69 1
438 40 79 4.1
438 50 120 3.4
438 60 154 1.6
438 70 170 4.1
438 80 211 2.2
438 90 233 1.7
439 0 0 2.5
439 10 25 3.2
439 20 57 1.2
439 30 69 1
439 40 79 4.1
439 50 120 3.4
439 60 154 1.6
439 70 170 4.1
439 80 211 2.2
439 90 233 1.7
440 0 0 2.5
440 10 25 3.2
440 20 57 1.2
440 30 69 1
440 40 79 4.1
440 50 120 3.4
440 60 154 1.6
440 70 170 4.1
440 80 211 2.2
440 90 233 1.7
441 0 0 2.5
441 10 25 3.2
441 20 57 1.2
441 30 69 1
441 40 79 4.1
441 50 120 3.4
441 60 154 1.6
441 70 170 4.1
441 80 211 2.2
441 90 233 1.7
442 0 0 2.5
442 10 25 3.2
442 20 57 1.2
442 30 69 1
442 40 79 4.1
442 50 120 3.4
442 60 154 1.6
442 70 170 4.1
442 80 211 2.2
442 90 233 1.7
443 0 0 2.5
443 10 25 3.2
443 20 57 1.2
443 30 69 1
443 40 79 4.1
443 50 120 3.4
443 60 154 1.6
443 70 170 4.1
443 80 211 2.2
443 90 233 1.7
444 0 0 2.5
444 10 25 3.2
444 20 57 1.2
444 30 69 1
444 40 79 4.1
444 50 120 3.4
444 60 154 1.6
444 70 170 4.1
444 80 211 2.2
444 90 233 1.7
445 0 0 2.5
445 10 25 3.2
445 20 57 1.2
445 30 69 1
445 40 79 4.1
445 50 120 3.4
445 60 154 1.6
445 70 170 4.1
445 80 211 2.2
445 90 233 1.7
446 0 0 2.5
446 10 25 3.2
446 20 57 1.2
446 30 69 1
446 40 79 4.1
446 50 120 3.4
446 60 154 1.6
446 70 170 4.1
446 80 211 2.2
446 90 233 1.7
447 0 0 2.5
447 10 25 3.2
447 20 57 1.2
447 30 69 1
447 40 79 4.1
447 50 120 3.4
447 60 154 1.6
447 70 170 4.1
447 80 211 2.2
447 90 233 1.7
448 0 0 2.5
448 10 25 3.2
448 20 57 1.2
448 30 69 1
448 40 79 4.1
448 50 120 3.4
448 60 154 1.6
448 70 170 4.1
448 80 211 2.2
448 90 233 1.7
449 0 0 2.5
449 10 25 3.2
449 20 57 1.2
449 30 69 1
449 40 79 4.1
449 50 120 3.4
449 60 154 1.6
449 70 170 4.1
449 80 211 2.2
449 90 233 1.7
450 0 0 2.5
450 10 25 3.2
450 20 57 1.2
450 30 69 1
450 40 79 4.1
450 50 120 3.4
450 60 154 1.6
450 70 170 4.1
450 80 211 2.2
450 90 233 1.7
451 0 0 2.5
451 10 25 3.2
451 20 57 1.2
451 30 69 1
451 40 79 4.1
451 50 120 3.4
451 60 154 1.6
451 70 170 4.1
451 80 211 2.2
451 90 233 1.7
452 0 0 2.5
452 10 25 3.2
452 20 57 1.2
452 30 69 1
452 40 79 4.1
452 50 120 3.4
452 60 154 1.6
452 70 170 4.1
452 80 211 2.2
452 90 233 1.7
453 0 0 2.5
453 10 25 3.2
453 20 57 1.2
453 30 69 1
453 40 79 4.1
453 50 120 3.4
453 60 154 1.6
453 70 170 4.1
453 80 211 2.2
453 90 233 1.7
454 0 0 2.5
454 10 25 3.2
454 20 57 1.2
454 30 69 1
454 40 79 4.1
454 50 120 3.4
454 60 154 1.6
454 70 170 4.1
454 80 211 2.2
454 90 233 1.7
455 0 0 2.5
455 10 25 3.2
455 20 57 1.2
455 30 69 1
455 40 79 4.1
455 50 120 3.4
455 60 154 1.6
455 70 170 4.1
455 80 211 2.2
455 90 233 1.7
456 0 0 2.5
456 10 25 3.2
456 20 57 1.2
456 30 69 1
456 40 79 4.1
456 50 120 3.4
456 60 154 1.6
456 70 170 4.1
456 80 211 2.2
456 90 233 1.7
457 0 0 2.5
457 10 25 3.2
457 20 57 1.2
457 30 69 1
457 40 79 4.1
457 50 120 3.4
457 60 154 1.6
457 70 170 4.1
457 80 211 2.2
457 90 233 1.7
458 0 0 2.5
458 10 25 3.2
458 20 57 1.2
458 30 69 1
458 40 79 4.1
458 50 120 3.4
458 60 154 1.6
458 70 170 4.1
458 80 211 2.2
458 90 233 1.7
459 0 0 2.5
459 10 25 3.2
459 20 57 1.2
459 30 69 1
459 40 79 4.1
459 50 120 3.4
459 60 154 1.6
459 70 170 4.1
459 80 211 2.2
459 90 233 1.7
460 0 0 2.5
460 10 25 3.2
460 20 57 1.2
460 30 69 1
460 40 79 4.1
460 50 120 3.4
460 60 154 1.6
460 70 170 4.1
460 80 211 2.2
460 90 233 1.7
461 0 0 2.5
461 10 25 3.2
461 20 57 1.2
461 30 69 1
461 40 79 4.1
461 50 120 3.4
461 60 154 1.6
461 70 170 4.1
461 80 211 2.2
461 90 233 1.7
462 0 0 2.5
462 10 25 3.2
462 20 57 1.2
462 30 69 1
462 40 79 4.1
462 50 120 3.4
462 60 154 1.6
462 70 170 4.1
462 80 211 2.2
462 90 233 1.7
463 0 0 2.5
463 10 25 3.2
463 20 57 1.2
463 30 69 1
463 40 79 4.1
463 50 120 3.4
463 60 154 1.6
463 70 170 4.1
463 80 211 2.2
463 90 233 1.7
464 0 0 2.5
464 10 25 3.2
464 20 57 1.2
464 30 69 1
464 40 79 4.1
464 50 120 3.4
464 60 154 1.6
464 70 170 4.1
464 80 211 2.2
464 90 233 1.7
465 0 0 2.5
465 10 25 3.2
465 20 57 1.2
465 30 69 1
465 40 79 4.1
465 50 120 3.4
465 60 154 1.6
465 70 170 4.1
465 80 211 2.2
465 90 233 1.7
466 0 0 2.5
466 10 25 3.2
466 20 57 1.2
466 30 69 1
466 40 79 4.1
466 50 120 3.4
466 60 154 1.6
466 70 170 4.1
466 80 211 2.2
466 90 233 1.7
467 0 0 2.5
467 10 25 3.2
467 20 57 1.2
467 30 69 1
467 40 79 4.1
467 50 120 3.4
467 60 154 1.6
467 70 170 4.1
467 80 211 2.2
467 90 233 1.7
468 0 0 2.5
468 10 25 3.2
468 20 57 1.2
468 30 69 1
468 40 79 4.1
468 50 120 3.4
468 60 154 1.6
468 70 170 4.1
468 80 211 2.2
468 90 233 1.7
469 0 0 2.5
469 10 25 3.2
469 20 57 1.2
469 30 69 1
469 40 79 4.1
469 50 120 3.4
469 60 154 1.6
469 70 170 4.1
469 80 211 2.2
469 90 233 1.7
470 0 0 2.5
470 10 25 3.2
470 20 57 1.2
470 30 69 1
470 40 79 4.1
470 50 120 3.4
470 60 154 1.6
470 70 170 4.1
470 80 211 2.2
470 90 233 1.7
471 0 0 2.5
471 10 25 3.2
471 20 57 1.2
471 30 69 1
471 40 79 4.1
471 50 120 3.4
471 60 154 1.6
471 70 170 4.1
471 80 211 2.2
471 90 233 1.7
472 0 0 2.5
472 10 25 3.2
472 20 57 1.2
472 30 69 1
472 40 79 4.1
472 50 120 3.4
472 60 154 1.6
472 70 170 4.1
472 80 211 2.2
472 90 233 1.7
473 0 0 2.5
473 10 25 3.2
473 20 57 1.2
473 30 69 1
473 40 79 4.1
473 50 120 3.4
473 60 154 1.6
473 70 170 4.1
473 80 211 2.2
473 90 233 1.7
474 0 0 2.5
474 10 25 3.2
474 20 57 1.2
474 30 69 1
474 40 79 4.1
474 50 120 3.4
474 60 154 1.6
474 70 170 4.1
474 80 211 2.2
474 90 233 1.7
475 0 0 2.5
475 10 25 3.2
475 20 57 1.2
475 30 69 1
475 40 79 4.1
475 50 120 3.4
475 60 154 1.6
475 70 170 4.1
475 80 211 2.2
475 90 233 1.7
476 0 0 2.5
476 10 25 3.2
476 20 57 1.2
476 30 69 1
476 40 79 4.1
476 50 120 3.4
476 60 154 1.6
476 70 170 4.1
476 80 211 2.2
476 90 233 1.7
477 0 0 2.5
477 10 25 3.2
477 20 57 1.2
477 30 69 1
477 40 79 4.1
477 50 120 3.4
477 60 154 1.6
477 70 170 4.1
477 80 211 2.2
477 90 233 1.7
478 0 0 2.5
478 10 25 3.2
478 20 57 1.2
478 30 69 1
478 40 79 4.1
478 50 120 3.4
478 60 154 1.6
478 70 170 4.1
478 80 211 2.2
478 90 233 1.7
479 0 0 2.5
479 10 25 3.2
479 20 57 1.2
479 30 69 1
479 40 79 4.1
479 50 120 3.4
479 60 154 1.6
479 70 170 4.1
479 80 211 2.2
479 90 233 1.7
480 0 0 2.5
480 10 25 3.2
480 20 57 1.2
480 30 69 1
480 40 79 4.1
480 50 120 3.4
480 60 154 1.6
480 70 170 4.1
480 80 211 2.2
480 90 233 1.7
481 0 0 2.5
481 10 25 3.2
481 20 57 1.2
481 30 69 1
481 40 79 4.1
481 50 120 3.4
481 60 154 1.6
481 70 170 4.1
481 80 211 2.2
481 90 233 1.7
482 0 0 2.5
482 10 25 3.2
482 20 57 1.2
482 30 69 1
482 40 79 4.1
482 50 120 3.4
482 60 154 1.6
482 70 170 4.1
482 80 211 2.2
482 90 233 1.7
483 0 0 2.5
483 10 25 3.2
483 20 57 1.2
483 30 69 1
483 40 79 4.1
483 50 120 3.4
483 60 154 1.6
483 70 170 4.1
483 80 211 2.2
483 90 233 1.7
484 0 0 2.5
484 10 25 3.2
484 20 57 1.2
484 30 69 1
484 40 79 4.1
484 50 120 3.4
484 60 154 1.6
484 70 170 4.1
484 80 211 2.2
484 90 233 1.7
485 0 0 2.5
485 10 25 3.2
485 20 57 1.2
485 30 69 1
485 40 79 4.1
485 50 120 3.4
485 60 154 1.6
485 70 170 4.1
485 80 211 2.2
485 90 233 1.7
486 0 0 2.5
486 10 25 3.2
486 20 57 1.2
486 30 69 1
486 40 79 4.1
486 50 120 3.4
486 60 154 1.6
486 70 170 4.1
486 80 211 2.2
486 90 233 1.7
487 0 0 2.5
487 10 25 3.2
487 20 57 1.2
487 30 69 1
487 40 79 4.1
487 50 120 3.4
487 60 154 1.6
487 70 170 4.1
487 80 211 2.2
487 90 233 1.7
488 0 0 2.5
488 10 25 3.2
488 20 57 1.2
488 30 69 1
488 40 79 4.1
488 50 120 3.4
488 60 154 1.6
488 70 170 4.1
488 80 211 2.2
488 90 233 1.7
489 0 0 2.5
489 10 25 3.2
489 20 57 1.2
489 30 69 1
489 40 79 4.1
489 50 120 3.4
489 60 154 1.6
489 70 170 4.1
489 80 211 2.2
489 90 233 1.7
490 0 0 2.5
490 10 25 3.2
490 20 57 1.2
490 30 69 1
490 40 79 4.1
490 50 120 3.4
490 60 154 1.6
490 70 170 4.1
490 80 211 2.2
490 90 233 1.7
491 0 0 2.5
491 10 25 3.2
491 20 57 1.2
491 30 69 1
491 40 79 4.1
491 50 120 3.4
491 60 154 1.6
491 70 170 4.1
491 80 211 2.2
491 90 233 1.7
492 0 0 2.5
492 10 25 3.2
492 20 57 1.2
492 30 69 1
492 40 79 4.1
492 50 120 3.4
492 60 154 1.6
492 70 170 4.1
492 80 211 2.2
492 90 233 1.7
493 0 0 2.5
493 10 25 3.2
493 20 57 1.2
493 30 69 1
493 40 79 4.1
493 50 120 3.4
493 60 154 1.6
493 70 170 4.1
493 80 211 2.2
493 90 233 1.7
494 0 0 2.5
494 10 25 3.2
494 20 57 1.2
494 30 69 1
494 40 79 4.1
494 50 120 3.4
494 60 154 1.6
494 70 170 4.1
494 80 211 2.2
494 90 233 1.7
495 0 0 2.5
495 10 25 3.2
495 20 57 1.2
495 30 69 1
495 40 79 4.1
495 50 120 3.4
495 60 154 1.6
495 70 170 4.1
495 80 211 2.2
495 90 233 1.7
496 0 0 2.5
496 10 25 3.2
496 20 57 1.2
496 30 69 1
496 40 79 4.1
496 50 120 3.4
496 60 154 1.6
496 70 170 4.1
496 80 211 2.2
496 90 233 1.7
497 0 0 2.5
497 10 25 3.2
497 20 57 1.2
497 30 69 1
497 40 79 4.1
497 50 120 3.4
497 60 154 1.6
497 70 170 4.1
497 80 211 2.2
497 90 233 1.7
498 0 0 2.5
498 10 25 3.2
498 20 57 1.2
498 30 69 1
498 40 79 4.1
498 50 120 3.4
498 60 154 1.6
498 70 170 4.1
498 80 211 2.2
498 90 233 1.7
499 0 0 2.5
499 10 25 3.2
499 20 57 1.2
499 30 69 1
499 40 79 4.1
499 50 120 3.4
499 60 154 1.6
499 70 170 4.1
499 80 211 2.2
499 90 233 1.7
