100 4
0 0 0 3.5
0 25 87.5 1.7
0 50 130 1
0 75 155 1.3
1 0 0 3.5
1 25 87.5 1.7
1 50 130 1
1 75 155 1.3
2 0 0 3.5
2 25 87.5 1.7
2 50 130 1
2 75 155 1.3
3 0 0 3.5
3 25 87.5 1.7
3 50 130 1
3 75 155 1.3
4 0 0 3.5
4 25 87.5 1.7
4 50 130 1
4 75 155 1.3
5 0 0 3.5
5 25 87.5 1.7
5 50 130 1
5 75 155 1.3
6 0 0 3.5
6 25 87.5 1.7
6 50 130 1
6 75 155 1.3
7 0 0 3.5
7 25 87.5 1.7
7 50 130 1
7 75 155 1.3
8 0 0 3.5
8 25 87.5 1.7
8 50 130 1
8 75 155 1.3
9 0 0 3.5
9 25 87.5 1.7
9 50 130 1
9 75 155 1.3
10 0 0 3.5
10 25 87.5 1.7
10 50 130 1
10 75 155 1.3
11 0 0 3.5
11 25 87.5 1.7
11 50 130 1
11 75 155 1.3
12 0 0 3.5
12 25 87.5 1.7
12 50 130 1
12 75 155 1.3
13 0 0 3.5
13 25 87.5 1.7
13 50 130 1
13 75 155 1.3
14 0 0 3.5
14 25 87.5 1.7
14 50 130 1
14 75 155 1.3
15 0 0 3.5
15 25 87.5 1.7
15 50 130 1
15 75 155 1.3
16 0 0 3.5
16 25 87.5 1.7
16 50 130 1
16 75 155 1.3
17 0 0 3.5
17 25 87.5 1.7
17 50 130 1
17 75 155 1.3
18 0 0 3.5
18 25 87.5 1.7
18 50 130 1
18 75 155 1.3
19 0 0 3.5
19 25 87.5 1.7
19 50 130 1
19 75 155 1.3
20 0 0 3.5
20 25 87.5 1.7
20 50 130 1
20 75 155 1.3
21 0 0 3.5
21 25 87.5 1.7
21 50 130 1
21 75 155 1.3
22 0 0 3.5
22 25 87.5 1.7
22 50 130 1
22 75 155 1.3
23 0 0 3.5
23 25 87.5 1.7
23 50 130 1
23 75 155 1.3
24 0 0 3.5
24 25 87.5 1.7
24 50 130 1
24 75 155 1.3
25 0 0 3.5
25 25 87.5 1.7
25 50 130 1
25 75 155 1.3
26 0 0 3.5
26 25 87.5 1.7
26 50 130 1
26 75 155 1.3
27 0 0 3.5
27 25 87.5 1.7
27 50 130 1
27 75 155 1.3
28 0 0 3.5
28 25 87.5 1.7
28 50 130 1
28 75 155 1.3
29 0 0 3.5
29 25 87.5 1.7
29 50 130 1
29 75 155 1.3
30 0 0 3.5
30 25 87.5 1.7
30 50 130 1
30 75 155 1.3
31 0 0 3.5
31 25 87.5 1.7
31 50 130 1
31 75 155 1.3
32 0 0 3.5
32 25 87.5 1.7
32 50 130 1
32 75 155 1.3
33 0 0 3.5
33 25 87.5 1.7
33 50 130 1
33 75 155 1.3
34 0 0 3.5
34 25 87.5 1.7
34 50 130 1
34 75 155 1.3
35 0 0 3.5
35 25 87.5 1.7
35 50 130 1
35 75 155 1.3
36 0 0 3.5
36 25 87.5 1.7
36 50 130 1
36 75 155 1.3
37 0 0 3.5
37 25 87.5 1.7
37 50 130 1
37 75 155 1.3
38 0 0 3.5
38 25 87.5 1.7
38 50 130 1
38 75 155 1.3
39 0 0 3.5
39 25 87.5 1.7
39 50 130 1
39 75 155 1.3
40 0 0 3.5
40 25 87.5 1.7
40 50 130 1
40 75 155 1.3
41 0 0 3.5
41 25 87.5 1.7
41 50 130 1
41 75 155 1.3
42 0 0 3.5
42 25 87.5 1.7
42 50 130 1
42 75 155 1.3
43 0 0 3.5
43 25 87.5 1.7
43 50 130 1
43 75 155 1.3
44 0 0 3.5
44 25 87.5 1.7
44 50 130 1
44 75 155 1.3
45 0 0 3.5
45 25 87.5 1.7
45 50 130 1
45 75 155 1.3
46 0 0 3.5
46 25 87.5 1.7
46 50 130 1
46 75 155 1.3
47 0 0 3.5
47 25 87.5 1.7
47 50 130 1
47 75 155 1.3
48 0 0 3.5
48 25 87.5 1.7
48 50 130 1
48 75 155 1.3
49 0 0 3.5
49 25 87.5 1.7
49 50 130 1
49 75 155 1.3
50 0 0 3.5
50 25 87.5 1.7
50 50 130 1
50 75 155 1.3
51 0 0 3.5
51 25 87.5 1.7
51 50 130 1
51 75 155 1.3
52 0 0 3.5
52 25 87.5 1.7
52 50 130 1
52 75 155 1.3
53 0 0 3.5
53 25 87.5 1.7
53 50 130 1
53 75 155 1.3
54 0 0 3.5
54 25 87.5 1.7
54 50 130 1
54 75 155 1.3
55 0 0 3.5
55 25 87.5 1.7
55 50 130 1
55 75 155 1.3
56 0 0 3.5
56 25 87.5 1.7
56 50 130 1
56 75 155 1.3
57 0 0 3.5
57 25 87.5 1.7
57 50 130 1
57 75 155 1.3
58 0 0 3.5
58 25 87.5 1.7
58 50 130 1
58 75 155 1.3
59 0 0 3.5
59 25 87.5 1.7
59 50 130 1
59 75 155 1.3
60 0 0 3.5
60 25 87.5 1.7
60 50 130 1
60 75 155 1.3
61 0 0 3.5
61 25 87.5 1.7
61 50 130 1
61 75 155 1.3
62 0 0 3.5
62 25 87.5 1.7
62 50 130 1
62 75 155 1.3
63 0 0 3.5
63 25 87.5 1.7
63 50 130 1
63 75 155 1.3
64 0 0 3.5
64 25 87.5 1.7
64 50 130 1
64 75 155 1.3
65 0 0 3.5
65 25 87.5 1.7
65 50 130 1
65 75 155 1.3
66 0 0 3.5
66 25 87.5 1.7
66 50 130 1
66 75 155 1.3
67 0 0 3.5
67 25 87.5 1.7
67 50 130 1
67 75 155 1.3
68 0 0 3.5
68 25 87.5 1.7
68 50 130 1
68 75 155 1.3
69 0 0 3.5
69 25 87.5 1.7
69 50 130 1
69 75 155 1.3
70 0 0 3.5
70 25 87.5 1.7
70 50 130 1
70 75 155 1.3
71 0 0 3.5
71 25 87.5 1.7
71 50 130 1
71 75 155 1.3
72 0 0 3.5
72 25 87.5 1.7
72 50 130 1
72 75 155 1.3
73 0 0 3.5
73 25 87.5 1.7
73 50 130 1
73 75 155 1.3
74 0 0 3.5
74 25 87.5 1.7
74 50 130 1
74 75 155 1.3
75 0 0 3.5
75 25 87.5 1.7
75 50 130 1
75 75 155 1.3
76 0 0 3.5
76 25 87.5 1.7
76 50 130 1
76 75 155 1.3
77 0 0 3.5
77 25 87.5 1.7
77 50 130 1
77 75 155 1.3
78 0 0 3.5
78 25 87.5 1.7
78 50 130 1
78 75 155 1.3
79 0 0 3.5
79 25 87.5 1.7
79 50 130 1
79 75 155 1.3
80 0 0 3.5
80 25 87.5 1.7
80 50 130 1
80 75 155 1.3
81 0 0 3.5
81 25 87.5 1.7
81 50 130 1
81 75 155 1.3
82 0 0 3.5
82 25 87.5 1.7
82 50 130 1
82 75 155 1.3
83 0 0 3.5
83 25 87.5 1.7
83 50 130 1
83 75 155 1.3
84 0 0 3.5
84 25 87.5 1.7
84 50 130 1
84 75 155 1.3
85 0 0 3.5
85 25 87.5 1.7
85 50 130 1
85 75 155 1.3
86 0 0 3.5
86 25 87.5 1.7
86 50 130 1
86 75 155 1.3
87 0 0 3.5
87 25 87.5 1.7
87 50 130 1
87 75 155 1.3
88 0 0 3.5
88 25 87.5 1.7
88 50 130 1
88 75 155 1.3
89 0 0 3.5
89 25 87.5 1.7
89 50 130 1
89 75 155 1.3
90 0 0 3.5
90 25 87.5 1.7
90 50 130 1
90 75 155 1.3
91 0 0 3.5
91 25 87.5 1.7
91 50 130 1
91 75 155 1.3
92 0 0 3.5
92 25 87.5 1.7
92 50 130 1
92 75 155 1.3
93 0 0 3.5
93 25 87.5 1.7
93 50 130 1
93 75 155 1.3
94 0 0 3.5
94 25 87.5 1.7
94 50 130 1
94 75 155 1.3
95 0 0 3.5
95 25 87.5 1.7
95 50 130 1
95 75 155 1.3
96 0 0 3.5
96 25 87.5 1.7
96 50 130 1
96 75 155 1.3
97 0 0 3.5
97 25 87.5 1.7
97 50 130 1
97 75 155 1.3
98 0 0 3.5
98 25 87.5 1.7
98 50 130 1
98 75 155 1.3
99 0 0 3.5
99 25 87.5 1.7
99 50 130 1
99 75 155 1.3
