20 4
0 0 0 1
0 25 25 4.8
0 50 145 1.1
0 75 172.5 1.3
1 0 0 1
1 25 25 4.8
1 50 145 1.1
1 75 172.5 1.3
2 0 0 1
2 25 25 4.8
2 50 145 1.1
2 75 172.5 1.3
3 0 0 1
3 25 25 4.8
3 50 145 1.1
3 75 172.5 1.3
4 0 0 1
4 25 25 4.8
4 50 145 1.1
4 75 172.5 1.3
5 0 0 1
5 25 25 4.8
5 50 145 1.1
5 75 172.5 1.3
6 0 0 1
6 25 25 4.8
6 50 145 1.1
6 75 172.5 1.3
7 0 0 1
7 25 25 4.8
7 50 145 1.1
7 75 172.5 1.3
8 0 0 1
8 25 25 4.8
8 50 145 1.1
8 75 172.5 1.3
9 0 0 1
9 25 25 4.8
9 50 145 1.1
9 75 172.5 1.3
10 0 0 1
10 25 25 4.8
10 50 145 1.1
10 75 172.5 1.3
11 0 0 1
11 25 25 4.8
11 50 145 1.1
11 75 172.5 1.3
12 0 0 1
12 25 25 4.8
12 50 145 1.1
12 75 172.5 1.3
13 0 0 1
13 25 25 4.8
13 50 145 1.1
13 75 172.5 1.3
14 0 0 1
14 25 25 4.8
14 50 145 1.1
14 75 172.5 1.3
15 0 0 1
15 25 25 4.8
15 50 145 1.1
15 75 172.5 1.3
16 0 0 1
16 25 25 4.8
16 50 145 1.1
16 75 172.5 1.3
17 0 0 1
17 25 25 4.8
17 50 145 1.1
17 75 172.5 1.3
18 0 0 1
18 25 25 4.8
18 50 145 1.1
18 75 172.5 1.3
19 0 0 1
19 25 25 4.8
19 50 145 1.1
19 75 172.5 1.3
