20 10
0 0 0 4.4
0 10 44 2.9
0 20 73 2.8
0 30 101 2.1
0 40 122 3.7
0 50 159 3.3
0 60 192 3.5
0 70 227 4.9
0 80 276 2
0 90 296 3.4
1 0 0 4.4
1 10 44 2.9
1 20 73 2.8
1 30 101 2.1
1 40 122 3.7
1 50 159 3.3
1 60 192 3.5
1 70 227 4.9
1 80 276 2
1 90 296 3.4
2 0 0 4.4
2 10 44 2.9
2 20 73 2.8
2 30 101 2.1
2 40 122 3.7
2 50 159 3.3
2 60 192 3.5
2 70 227 4.9
2 80 276 2
2 90 296 3.4
3 0 0 4.4
3 10 44 2.9
3 20 73 2.8
3 30 101 2.1
3 40 122 3.7
3 50 159 3.3
3 60 192 3.5
3 70 227 4.9
3 80 276 2
3 90 296 3.4
4 0 0 4.4
4 10 44 2.9
4 20 73 2.8
4 30 101 2.1
4 40 122 3.7
4 50 159 3.3
4 60 192 3.5
4 70 227 4.9
4 80 276 2
4 90 296 3.4
5 0 0 4.4
5 10 44 2.9
5 20 73 2.8
5 30 101 2.1
5 40 122 3.7
5 50 159 3.3
5 60 192 3.5
5 70 227 4.9
5 80 276 2
5 90 296 3.4
6 0 0 4.4
6 10 44 2.9
6 20 73 2.8
6 30 101 2.1
6 40 122 3.7
6 50 159 3.3
6 60 192 3.5
6 70 227 4.9
6 80 276 2
6 90 296 3.4
7 0 0 4.4
7 10 44 2.9
7 20 73 2.8
7 30 101 2.1
7 40 122 3.7
7 50 159 3.3
7 60 192 3.5
7 70 227 4.9
7 80 276 2
7 90 296 3.4
8 0 0 4.4
8 10 44 2.9
8 20 73 2.8
8 30 101 2.1
8 40 122 3.7
8 50 159 3.3
8 60 192 3.5
8 70 227 4.9
8 80 276 2
8 90 296 3.4
9 0 0 4.4
9 10 44 2.9
9 20 73 2.8
9 30 101 2.1
9 40 122 3.7
9 50 159 3.3
9 60 192 3.5
9 70 227 4.9
9 80 276 2
9 90 296 3.4
10 0 0 4.4
10 10 44 2.9
10 20 73 2.8
10 30 101 2.1
10 40 122 3.7
10 50 159 3.3
10 60 192 3.5
10 70 227 4.9
10 80 276 2
10 90 296 3.4
11 0 0 4.4
11 10 44 2.9
11 20 73 2.8
11 30 101 2.1
11 40 122 3.7
11 50 159 3.3
11 60 192 3.5
11 70 227 4.9
11 80 276 2
11 90 296 3.4
12 0 0 4.4
12 10 44 2.9
12 20 73 2.8
12 30 101 2.1
12 40 122 3.7
12 50 159 3.3
12 60 192 3.5
12 70 227 4.9
12 80 276 2
12 90 296 3.4
13 0 0 4.4
13 10 44 2.9
13 20 73 2.8
13 30 101 2.1
13 40 122 3.7
13 50 159 3.3
13 60 192 3.5
13 70 227 4.9
13 80 276 2
13 90 296 3.4
14 0 0 4.4
14 10 44 2.9
14 20 73 2.8
14 30 101 2.1
14 40 122 3.7
14 50 159 3.3
14 60 192 3.5
14 70 227 4.9
14 80 276 2
14 90 296 3.4
15 0 0 4.4
15 10 44 2.9
15 20 73 2.8
15 30 101 2.1
15 40 122 3.7
15 50 159 3.3
15 60 192 3.5
15 70 227 4.9
15 80 276 2
15 90 296 3.4
16 0 0 4.4
16 10 44 2.9
16 20 73 2.8
16 30 101 2.1
16 40 122 3.7
16 50 159 3.3
16 60 192 3.5
16 70 227 4.9
16 80 276 2
16 90 296 3.4
17 0 0 4.4
17 10 44 2.9
17 20 73 2.8
17 30 101 2.1
17 40 122 3.7
17 50 159 3.3
17 60 192 3.5
17 70 227 4.9
17 80 276 2
17 90 296 3.4
18 0 0 4.4
18 10 44 2.9
18 20 73 2.8
18 30 101 2.1
18 40 122 3.7
18 50 159 3.3
18 60 192 3.5
18 70 227 4.9
18 80 276 2
18 90 296 3.4
19 0 0 4.4
19 10 44 2.9
19 20 73 2.8
19 30 101 2.1
19 40 122 3.7
19 50 159 3.3
19 60 192 3.5
19 70 227 4.9
19 80 276 2
19 90 296 3.4
