500 4
0 0 0 0.9
0 500 450 1.4
0 1000 1150 2.3
0 1500 2300 3.8
1 0 0 0.9
1 500 450 1.4
1 1000 1150 2.3
1 1500 2300 3.8
2 0 0 0.9
2 500 450 1.4
2 1000 1150 2.3
2 1500 2300 3.8
3 0 0 0.9
3 500 450 1.4
3 1000 1150 2.3
3 1500 2300 3.8
4 0 0 0.9
4 500 450 1.4
4 1000 1150 2.3
4 1500 2300 3.8
5 0 0 0.9
5 500 450 1.4
5 1000 1150 2.3
5 1500 2300 3.8
6 0 0 0.9
6 500 450 1.4
6 1000 1150 2.3
6 1500 2300 3.8
7 0 0 0.9
7 500 450 1.4
7 1000 1150 2.3
7 1500 2300 3.8
8 0 0 0.9
8 500 450 1.4
8 1000 1150 2.3
8 1500 2300 3.8
9 0 0 0.9
9 500 450 1.4
9 1000 1150 2.3
9 1500 2300 3.8
10 0 0 0.9
10 500 450 1.4
10 1000 1150 2.3
10 1500 2300 3.8
11 0 0 0.9
11 500 450 1.4
11 1000 1150 2.3
11 1500 2300 3.8
12 0 0 0.9
12 500 450 1.4
12 1000 1150 2.3
12 1500 2300 3.8
13 0 0 0.9
13 500 450 1.4
13 1000 1150 2.3
13 1500 2300 3.8
14 0 0 0.9
14 500 450 1.4
14 1000 1150 2.3
14 1500 2300 3.8
15 0 0 0.9
15 500 450 1.4
15 1000 1150 2.3
15 1500 2300 3.8
16 0 0 0.9
16 500 450 1.4
16 1000 1150 2.3
16 1500 2300 3.8
17 0 0 0.9
17 500 450 1.4
17 1000 1150 2.3
17 1500 2300 3.8
18 0 0 0.9
18 500 450 1.4
18 1000 1150 2.3
18 1500 2300 3.8
19 0 0 0.9
19 500 450 1.4
19 1000 1150 2.3
19 1500 2300 3.8
20 0 0 0.9
20 500 450 1.4
20 1000 1150 2.3
20 1500 2300 3.8
21 0 0 0.9
21 500 450 1.4
21 1000 1150 2.3
21 1500 2300 3.8
22 0 0 0.9
22 500 450 1.4
22 1000 1150 2.3
22 1500 2300 3.8
23 0 0 0.9
23 500 450 1.4
23 1000 1150 2.3
23 1500 2300 3.8
24 0 0 0.9
24 500 450 1.4
24 1000 1150 2.3
24 1500 2300 3.8
25 0 0 0.9
25 500 450 1.4
25 1000 1150 2.3
25 1500 2300 3.8
26 0 0 0.9
26 500 450 1.4
26 1000 1150 2.3
26 1500 2300 3.8
27 0 0 0.9
27 500 450 1.4
27 1000 1150 2.3
27 1500 2300 3.8
28 0 0 0.9
28 500 450 1.4
28 1000 1150 2.3
28 1500 2300 3.8
29 0 0 0.9
29 500 450 1.4
29 1000 1150 2.3
29 1500 2300 3.8
30 0 0 0.9
30 500 450 1.4
30 1000 1150 2.3
30 1500 2300 3.8
31 0 0 0.9
31 500 450 1.4
31 1000 1150 2.3
31 1500 2300 3.8
32 0 0 0.9
32 500 450 1.4
32 1000 1150 2.3
32 1500 2300 3.8
33 0 0 0.9
33 500 450 1.4
33 1000 1150 2.3
33 1500 2300 3.8
34 0 0 0.9
34 500 450 1.4
34 1000 1150 2.3
34 1500 2300 3.8
35 0 0 0.9
35 500 450 1.4
35 1000 1150 2.3
35 1500 2300 3.8
36 0 0 0.9
36 500 450 1.4
36 1000 1150 2.3
36 1500 2300 3.8
37 0 0 0.9
37 500 450 1.4
37 1000 1150 2.3
37 1500 2300 3.8
38 0 0 0.9
38 500 450 1.4
38 1000 1150 2.3
38 1500 2300 3.8
39 0 0 0.9
39 500 450 1.4
39 1000 1150 2.3
39 1500 2300 3.8
40 0 0 0.9
40 500 450 1.4
40 1000 1150 2.3
40 1500 2300 3.8
41 0 0 0.9
41 500 450 1.4
41 1000 1150 2.3
41 1500 2300 3.8
42 0 0 0.9
42 500 450 1.4
42 1000 1150 2.3
42 1500 2300 3.8
43 0 0 0.9
43 500 450 1.4
43 1000 1150 2.3
43 1500 2300 3.8
44 0 0 0.9
44 500 450 1.4
44 1000 1150 2.3
44 1500 2300 3.8
45 0 0 0.9
45 500 450 1.4
45 1000 1150 2.3
45 1500 2300 3.8
46 0 0 0.9
46 500 450 1.4
46 1000 1150 2.3
46 1500 2300 3.8
47 0 0 0.9
47 500 450 1.4
47 1000 1150 2.3
47 1500 2300 3.8
48 0 0 0.9
48 500 450 1.4
48 1000 1150 2.3
48 1500 2300 3.8
49 0 0 0.9
49 500 450 1.4
49 1000 1150 2.3
49 1500 2300 3.8
50 0 0 0.9
50 500 450 1.4
50 1000 1150 2.3
50 1500 2300 3.8
51 0 0 0.9
51 500 450 1.4
51 1000 1150 2.3
51 1500 2300 3.8
52 0 0 0.9
52 500 450 1.4
52 1000 1150 2.3
52 1500 2300 3.8
53 0 0 0.9
53 500 450 1.4
53 1000 1150 2.3
53 1500 2300 3.8
54 0 0 0.9
54 500 450 1.4
54 1000 1150 2.3
54 1500 2300 3.8
55 0 0 0.9
55 500 450 1.4
55 1000 1150 2.3
55 1500 2300 3.8
56 0 0 0.9
56 500 450 1.4
56 1000 1150 2.3
56 1500 2300 3.8
57 0 0 0.9
57 500 450 1.4
57 1000 1150 2.3
57 1500 2300 3.8
58 0 0 0.9
58 500 450 1.4
58 1000 1150 2.3
58 1500 2300 3.8
59 0 0 0.9
59 500 450 1.4
59 1000 1150 2.3
59 1500 2300 3.8
60 0 0 0.9
60 500 450 1.4
60 1000 1150 2.3
60 1500 2300 3.8
61 0 0 0.9
61 500 450 1.4
61 1000 1150 2.3
61 1500 2300 3.8
62 0 0 0.9
62 500 450 1.4
62 1000 1150 2.3
62 1500 2300 3.8
63 0 0 0.9
63 500 450 1.4
63 1000 1150 2.3
63 1500 2300 3.8
64 0 0 0.9
64 500 450 1.4
64 1000 1150 2.3
64 1500 2300 3.8
65 0 0 0.9
65 500 450 1.4
65 1000 1150 2.3
65 1500 2300 3.8
66 0 0 0.9
66 500 450 1.4
66 1000 1150 2.3
66 1500 2300 3.8
67 0 0 0.9
67 500 450 1.4
67 1000 1150 2.3
67 1500 2300 3.8
68 0 0 0.9
68 500 450 1.4
68 1000 1150 2.3
68 1500 2300 3.8
69 0 0 0.9
69 500 450 1.4
69 1000 1150 2.3
69 1500 2300 3.8
70 0 0 0.9
70 500 450 1.4
70 1000 1150 2.3
70 1500 2300 3.8
71 0 0 0.9
71 500 450 1.4
71 1000 1150 2.3
71 1500 2300 3.8
72 0 0 0.9
72 500 450 1.4
72 1000 1150 2.3
72 1500 2300 3.8
73 0 0 0.9
73 500 450 1.4
73 1000 1150 2.3
73 1500 2300 3.8
74 0 0 0.9
74 500 450 1.4
74 1000 1150 2.3
74 1500 2300 3.8
75 0 0 0.9
75 500 450 1.4
75 1000 1150 2.3
75 1500 2300 3.8
76 0 0 0.9
76 500 450 1.4
76 1000 1150 2.3
76 1500 2300 3.8
77 0 0 0.9
77 500 450 1.4
77 1000 1150 2.3
77 1500 2300 3.8
78 0 0 0.9
78 500 450 1.4
78 1000 1150 2.3
78 1500 2300 3.8
79 0 0 0.9
79 500 450 1.4
79 1000 1150 2.3
79 1500 2300 3.8
80 0 0 0.9
80 500 450 1.4
80 1000 1150 2.3
80 1500 2300 3.8
81 0 0 0.9
81 500 450 1.4
81 1000 1150 2.3
81 1500 2300 3.8
82 0 0 0.9
82 500 450 1.4
82 1000 1150 2.3
82 1500 2300 3.8
83 0 0 0.9
83 500 450 1.4
83 1000 1150 2.3
83 1500 2300 3.8
84 0 0 0.9
84 500 450 1.4
84 1000 1150 2.3
84 1500 2300 3.8
85 0 0 0.9
85 500 450 1.4
85 1000 1150 2.3
85 1500 2300 3.8
86 0 0 0.9
86 500 450 1.4
86 1000 1150 2.3
86 1500 2300 3.8
87 0 0 0.9
87 500 450 1.4
87 1000 1150 2.3
87 1500 2300 3.8
88 0 0 0.9
88 500 450 1.4
88 1000 1150 2.3
88 1500 2300 3.8
89 0 0 0.9
89 500 450 1.4
89 1000 1150 2.3
89 1500 2300 3.8
90 0 0 0.9
90 500 450 1.4
90 1000 1150 2.3
90 1500 2300 3.8
91 0 0 0.9
91 500 450 1.4
91 1000 1150 2.3
91 1500 2300 3.8
92 0 0 0.9
92 500 450 1.4
92 1000 1150 2.3
92 1500 2300 3.8
93 0 0 0.9
93 500 450 1.4
93 1000 1150 2.3
93 1500 2300 3.8
94 0 0 0.9
94 500 450 1.4
94 1000 1150 2.3
94 1500 2300 3.8
95 0 0 0.9
95 500 450 1.4
95 1000 1150 2.3
95 1500 2300 3.8
96 0 0 0.9
96 500 450 1.4
96 1000 1150 2.3
96 1500 2300 3.8
97 0 0 0.9
97 500 450 1.4
97 1000 1150 2.3
97 1500 2300 3.8
98 0 0 0.9
98 500 450 1.4
98 1000 1150 2.3
98 1500 2300 3.8
99 0 0 0.9
99 500 450 1.4
99 1000 1150 2.3
99 1500 2300 3.8
100 0 0 0.9
100 500 450 1.4
100 1000 1150 2.3
100 1500 2300 3.8
101 0 0 0.9
101 500 450 1.4
101 1000 1150 2.3
101 1500 2300 3.8
102 0 0 0.9
102 500 450 1.4
102 1000 1150 2.3
102 1500 2300 3.8
103 0 0 0.9
103 500 450 1.4
103 1000 1150 2.3
103 1500 2300 3.8
104 0 0 0.9
104 500 450 1.4
104 1000 1150 2.3
104 1500 2300 3.8
105 0 0 0.9
105 500 450 1.4
105 1000 1150 2.3
105 1500 2300 3.8
106 0 0 0.9
106 500 450 1.4
106 1000 1150 2.3
106 1500 2300 3.8
107 0 0 0.9
107 500 450 1.4
107 1000 1150 2.3
107 1500 2300 3.8
108 0 0 0.9
108 500 450 1.4
108 1000 1150 2.3
108 1500 2300 3.8
109 0 0 0.9
109 500 450 1.4
109 1000 1150 2.3
109 1500 2300 3.8
110 0 0 0.9
110 500 450 1.4
110 1000 1150 2.3
110 1500 2300 3.8
111 0 0 0.9
111 500 450 1.4
111 1000 1150 2.3
111 1500 2300 3.8
112 0 0 0.9
112 500 450 1.4
112 1000 1150 2.3
112 1500 2300 3.8
113 0 0 0.9
113 500 450 1.4
113 1000 1150 2.3
113 1500 2300 3.8
114 0 0 0.9
114 500 450 1.4
114 1000 1150 2.3
114 1500 2300 3.8
115 0 0 0.9
115 500 450 1.4
115 1000 1150 2.3
115 1500 2300 3.8
116 0 0 0.9
116 500 450 1.4
116 1000 1150 2.3
116 1500 2300 3.8
117 0 0 0.9
117 500 450 1.4
117 1000 1150 2.3
117 1500 2300 3.8
118 0 0 0.9
118 500 450 1.4
118 1000 1150 2.3
118 1500 2300 3.8
119 0 0 0.9
119 500 450 1.4
119 1000 1150 2.3
119 1500 2300 3.8
120 0 0 0.9
120 500 450 1.4
120 1000 1150 2.3
120 1500 2300 3.8
121 0 0 0.9
121 500 450 1.4
121 1000 1150 2.3
121 1500 2300 3.8
122 0 0 0.9
122 500 450 1.4
122 1000 1150 2.3
122 1500 2300 3.8
123 0 0 0.9
123 500 450 1.4
123 1000 1150 2.3
123 1500 2300 3.8
124 0 0 0.9
124 500 450 1.4
124 1000 1150 2.3
124 1500 2300 3.8
125 0 0 0.9
125 500 450 1.4
125 1000 1150 2.3
125 1500 2300 3.8
126 0 0 0.9
126 500 450 1.4
126 1000 1150 2.3
126 1500 2300 3.8
127 0 0 0.9
127 500 450 1.4
127 1000 1150 2.3
127 1500 2300 3.8
128 0 0 0.9
128 500 450 1.4
128 1000 1150 2.3
128 1500 2300 3.8
129 0 0 0.9
129 500 450 1.4
129 1000 1150 2.3
129 1500 2300 3.8
130 0 0 0.9
130 500 450 1.4
130 1000 1150 2.3
130 1500 2300 3.8
131 0 0 0.9
131 500 450 1.4
131 1000 1150 2.3
131 1500 2300 3.8
132 0 0 0.9
132 500 450 1.4
132 1000 1150 2.3
132 1500 2300 3.8
133 0 0 0.9
133 500 450 1.4
133 1000 1150 2.3
133 1500 2300 3.8
134 0 0 0.9
134 500 450 1.4
134 1000 1150 2.3
134 1500 2300 3.8
135 0 0 0.9
135 500 450 1.4
135 1000 1150 2.3
135 1500 2300 3.8
136 0 0 0.9
136 500 450 1.4
136 1000 1150 2.3
136 1500 2300 3.8
137 0 0 0.9
137 500 450 1.4
137 1000 1150 2.3
137 1500 2300 3.8
138 0 0 0.9
138 500 450 1.4
138 1000 1150 2.3
138 1500 2300 3.8
139 0 0 0.9
139 500 450 1.4
139 1000 1150 2.3
139 1500 2300 3.8
140 0 0 0.9
140 500 450 1.4
140 1000 1150 2.3
140 1500 2300 3.8
141 0 0 0.9
141 500 450 1.4
141 1000 1150 2.3
141 1500 2300 3.8
142 0 0 0.9
142 500 450 1.4
142 1000 1150 2.3
142 1500 2300 3.8
143 0 0 0.9
143 500 450 1.4
143 1000 1150 2.3
143 1500 2300 3.8
144 0 0 0.9
144 500 450 1.4
144 1000 1150 2.3
144 1500 2300 3.8
145 0 0 0.9
145 500 450 1.4
145 1000 1150 2.3
145 1500 2300 3.8
146 0 0 0.9
146 500 450 1.4
146 1000 1150 2.3
146 1500 2300 3.8
147 0 0 0.9
147 500 450 1.4
147 1000 1150 2.3
147 1500 2300 3.8
148 0 0 0.9
148 500 450 1.4
148 1000 1150 2.3
148 1500 2300 3.8
149 0 0 0.9
149 500 450 1.4
149 1000 1150 2.3
149 1500 2300 3.8
150 0 0 0.9
150 500 450 1.4
150 1000 1150 2.3
150 1500 2300 3.8
151 0 0 0.9
151 500 450 1.4
151 1000 1150 2.3
151 1500 2300 3.8
152 0 0 0.9
152 500 450 1.4
152 1000 1150 2.3
152 1500 2300 3.8
153 0 0 0.9
153 500 450 1.4
153 1000 1150 2.3
153 1500 2300 3.8
154 0 0 0.9
154 500 450 1.4
154 1000 1150 2.3
154 1500 2300 3.8
155 0 0 0.9
155 500 450 1.4
155 1000 1150 2.3
155 1500 2300 3.8
156 0 0 0.9
156 500 450 1.4
156 1000 1150 2.3
156 1500 2300 3.8
157 0 0 0.9
157 500 450 1.4
157 1000 1150 2.3
157 1500 2300 3.8
158 0 0 0.9
158 500 450 1.4
158 1000 1150 2.3
158 1500 2300 3.8
159 0 0 0.9
159 500 450 1.4
159 1000 1150 2.3
159 1500 2300 3.8
160 0 0 0.9
160 500 450 1.4
160 1000 1150 2.3
160 1500 2300 3.8
161 0 0 0.9
161 500 450 1.4
161 1000 1150 2.3
161 1500 2300 3.8
162 0 0 0.9
162 500 450 1.4
162 1000 1150 2.3
162 1500 2300 3.8
163 0 0 0.9
163 500 450 1.4
163 1000 1150 2.3
163 1500 2300 3.8
164 0 0 0.9
164 500 450 1.4
164 1000 1150 2.3
164 1500 2300 3.8
165 0 0 0.9
165 500 450 1.4
165 1000 1150 2.3
165 1500 2300 3.8
166 0 0 0.9
166 500 450 1.4
166 1000 1150 2.3
166 1500 2300 3.8
167 0 0 0.9
167 500 450 1.4
167 1000 1150 2.3
167 1500 2300 3.8
168 0 0 0.9
168 500 450 1.4
168 1000 1150 2.3
168 1500 2300 3.8
169 0 0 0.9
169 500 450 1.4
169 1000 1150 2.3
169 1500 2300 3.8
170 0 0 0.9
170 500 450 1.4
170 1000 1150 2.3
170 1500 2300 3.8
171 0 0 0.9
171 500 450 1.4
171 1000 1150 2.3
171 1500 2300 3.8
172 0 0 0.9
172 500 450 1.4
172 1000 1150 2.3
172 1500 2300 3.8
173 0 0 0.9
173 500 450 1.4
173 1000 1150 2.3
173 1500 2300 3.8
174 0 0 0.9
174 500 450 1.4
174 1000 1150 2.3
174 1500 2300 3.8
175 0 0 0.9
175 500 450 1.4
175 1000 1150 2.3
175 1500 2300 3.8
176 0 0 0.9
176 500 450 1.4
176 1000 1150 2.3
176 1500 2300 3.8
177 0 0 0.9
177 500 450 1.4
177 1000 1150 2.3
177 1500 2300 3.8
178 0 0 0.9
178 500 450 1.4
178 1000 1150 2.3
178 1500 2300 3.8
179 0 0 0.9
179 500 450 1.4
179 1000 1150 2.3
179 1500 2300 3.8
180 0 0 0.9
180 500 450 1.4
180 1000 1150 2.3
180 1500 2300 3.8
181 0 0 0.9
181 500 450 1.4
181 1000 1150 2.3
181 1500 2300 3.8
182 0 0 0.9
182 500 450 1.4
182 1000 1150 2.3
182 1500 2300 3.8
183 0 0 0.9
183 500 450 1.4
183 1000 1150 2.3
183 1500 2300 3.8
184 0 0 0.9
184 500 450 1.4
184 1000 1150 2.3
184 1500 2300 3.8
185 0 0 0.9
185 500 450 1.4
185 1000 1150 2.3
185 1500 2300 3.8
186 0 0 0.9
186 500 450 1.4
186 1000 1150 2.3
186 1500 2300 3.8
187 0 0 0.9
187 500 450 1.4
187 1000 1150 2.3
187 1500 2300 3.8
188 0 0 0.9
188 500 450 1.4
188 1000 1150 2.3
188 1500 2300 3.8
189 0 0 0.9
189 500 450 1.4
189 1000 1150 2.3
189 1500 2300 3.8
190 0 0 0.9
190 500 450 1.4
190 1000 1150 2.3
190 1500 2300 3.8
191 0 0 0.9
191 500 450 1.4
191 1000 1150 2.3
191 1500 2300 3.8
192 0 0 0.9
192 500 450 1.4
192 1000 1150 2.3
192 1500 2300 3.8
193 0 0 0.9
193 500 450 1.4
193 1000 1150 2.3
193 1500 2300 3.8
194 0 0 0.9
194 500 450 1.4
194 1000 1150 2.3
194 1500 2300 3.8
195 0 0 0.9
195 500 450 1.4
195 1000 1150 2.3
195 1500 2300 3.8
196 0 0 0.9
196 500 450 1.4
196 1000 1150 2.3
196 1500 2300 3.8
197 0 0 0.9
197 500 450 1.4
197 1000 1150 2.3
197 1500 2300 3.8
198 0 0 0.9
198 500 450 1.4
198 1000 1150 2.3
198 1500 2300 3.8
199 0 0 0.9
199 500 450 1.4
199 1000 1150 2.3
199 1500 2300 3.8
200 0 0 0.9
200 500 450 1.4
200 1000 1150 2.3
200 1500 2300 3.8
201 0 0 0.9
201 500 450 1.4
201 1000 1150 2.3
201 1500 2300 3.8
202 0 0 0.9
202 500 450 1.4
202 1000 1150 2.3
202 1500 2300 3.8
203 0 0 0.9
203 500 450 1.4
203 1000 1150 2.3
203 1500 2300 3.8
204 0 0 0.9
204 500 450 1.4
204 1000 1150 2.3
204 1500 2300 3.8
205 0 0 0.9
205 500 450 1.4
205 1000 1150 2.3
205 1500 2300 3.8
206 0 0 0.9
206 500 450 1.4
206 1000 1150 2.3
206 1500 2300 3.8
207 0 0 0.9
207 500 450 1.4
207 1000 1150 2.3
207 1500 2300 3.8
208 0 0 0.9
208 500 450 1.4
208 1000 1150 2.3
208 1500 2300 3.8
209 0 0 0.9
209 500 450 1.4
209 1000 1150 2.3
209 1500 2300 3.8
210 0 0 0.9
210 500 450 1.4
210 1000 1150 2.3
210 1500 2300 3.8
211 0 0 0.9
211 500 450 1.4
211 1000 1150 2.3
211 1500 2300 3.8
212 0 0 0.9
212 500 450 1.4
212 1000 1150 2.3
212 1500 2300 3.8
213 0 0 0.9
213 500 450 1.4
213 1000 1150 2.3
213 1500 2300 3.8
214 0 0 0.9
214 500 450 1.4
214 1000 1150 2.3
214 1500 2300 3.8
215 0 0 0.9
215 500 450 1.4
215 1000 1150 2.3
215 1500 2300 3.8
216 0 0 0.9
216 500 450 1.4
216 1000 1150 2.3
216 1500 2300 3.8
217 0 0 0.9
217 500 450 1.4
217 1000 1150 2.3
217 1500 2300 3.8
218 0 0 0.9
218 500 450 1.4
218 1000 1150 2.3
218 1500 2300 3.8
219 0 0 0.9
219 500 450 1.4
219 1000 1150 2.3
219 1500 2300 3.8
220 0 0 0.9
220 500 450 1.4
220 1000 1150 2.3
220 1500 2300 3.8
221 0 0 0.9
221 500 450 1.4
221 1000 1150 2.3
221 1500 2300 3.8
222 0 0 0.9
222 500 450 1.4
222 1000 1150 2.3
222 1500 2300 3.8
223 0 0 0.9
223 500 450 1.4
223 1000 1150 2.3
223 1500 2300 3.8
224 0 0 0.9
224 500 450 1.4
224 1000 1150 2.3
224 1500 2300 3.8
225 0 0 0.9
225 500 450 1.4
225 1000 1150 2.3
225 1500 2300 3.8
226 0 0 0.9
226 500 450 1.4
226 1000 1150 2.3
226 1500 2300 3.8
227 0 0 0.9
227 500 450 1.4
227 1000 1150 2.3
227 1500 2300 3.8
228 0 0 0.9
228 500 450 1.4
228 1000 1150 2.3
228 1500 2300 3.8
229 0 0 0.9
229 500 450 1.4
229 1000 1150 2.3
229 1500 2300 3.8
230 0 0 0.9
230 500 450 1.4
230 1000 1150 2.3
230 1500 2300 3.8
231 0 0 0.9
231 500 450 1.4
231 1000 1150 2.3
231 1500 2300 3.8
232 0 0 0.9
232 500 450 1.4
232 1000 1150 2.3
232 1500 2300 3.8
233 0 0 0.9
233 500 450 1.4
233 1000 1150 2.3
233 1500 2300 3.8
234 0 0 0.9
234 500 450 1.4
234 1000 1150 2.3
234 1500 2300 3.8
235 0 0 0.9
235 500 450 1.4
235 1000 1150 2.3
235 1500 2300 3.8
236 0 0 0.9
236 500 450 1.4
236 1000 1150 2.3
236 1500 2300 3.8
237 0 0 0.9
237 500 450 1.4
237 1000 1150 2.3
237 1500 2300 3.8
238 0 0 0.9
238 500 450 1.4
238 1000 1150 2.3
238 1500 2300 3.8
239 0 0 0.9
239 500 450 1.4
239 1000 1150 2.3
239 1500 2300 3.8
240 0 0 0.9
240 500 450 1.4
240 1000 1150 2.3
240 1500 2300 3.8
241 0 0 0.9
241 500 450 1.4
241 1000 1150 2.3
241 1500 2300 3.8
242 0 0 0.9
242 500 450 1.4
242 1000 1150 2.3
242 1500 2300 3.8
243 0 0 0.9
243 500 450 1.4
243 1000 1150 2.3
243 1500 2300 3.8
244 0 0 0.9
244 500 450 1.4
244 1000 1150 2.3
244 1500 2300 3.8
245 0 0 0.9
245 500 450 1.4
245 1000 1150 2.3
245 1500 2300 3.8
246 0 0 0.9
246 500 450 1.4
246 1000 1150 2.3
246 1500 2300 3.8
247 0 0 0.9
247 500 450 1.4
247 1000 1150 2.3
247 1500 2300 3.8
248 0 0 0.9
248 500 450 1.4
248 1000 1150 2.3
248 1500 2300 3.8
249 0 0 0.9
249 500 450 1.4
249 1000 1150 2.3
249 1500 2300 3.8
250 0 0 0.9
250 500 450 1.4
250 1000 1150 2.3
250 1500 2300 3.8
251 0 0 0.9
251 500 450 1.4
251 1000 1150 2.3
251 1500 2300 3.8
252 0 0 0.9
252 500 450 1.4
252 1000 1150 2.3
252 1500 2300 3.8
253 0 0 0.9
253 500 450 1.4
253 1000 1150 2.3
253 1500 2300 3.8
254 0 0 0.9
254 500 450 1.4
254 1000 1150 2.3
254 1500 2300 3.8
255 0 0 0.9
255 500 450 1.4
255 1000 1150 2.3
255 1500 2300 3.8
256 0 0 0.9
256 500 450 1.4
256 1000 1150 2.3
256 1500 2300 3.8
257 0 0 0.9
257 500 450 1.4
257 1000 1150 2.3
257 1500 2300 3.8
258 0 0 0.9
258 500 450 1.4
258 1000 1150 2.3
258 1500 2300 3.8
259 0 0 0.9
259 500 450 1.4
259 1000 1150 2.3
259 1500 2300 3.8
260 0 0 0.9
260 500 450 1.4
260 1000 1150 2.3
260 1500 2300 3.8
261 0 0 0.9
261 500 450 1.4
261 1000 1150 2.3
261 1500 2300 3.8
262 0 0 0.9
262 500 450 1.4
262 1000 1150 2.3
262 1500 2300 3.8
263 0 0 0.9
263 500 450 1.4
263 1000 1150 2.3
263 1500 2300 3.8
264 0 0 0.9
264 500 450 1.4
264 1000 1150 2.3
264 1500 2300 3.8
265 0 0 0.9
265 500 450 1.4
265 1000 1150 2.3
265 1500 2300 3.8
266 0 0 0.9
266 500 450 1.4
266 1000 1150 2.3
266 1500 2300 3.8
267 0 0 0.9
267 500 450 1.4
267 1000 1150 2.3
267 1500 2300 3.8
268 0 0 0.9
268 500 450 1.4
268 1000 1150 2.3
268 1500 2300 3.8
269 0 0 0.9
269 500 450 1.4
269 1000 1150 2.3
269 1500 2300 3.8
270 0 0 0.9
270 500 450 1.4
270 1000 1150 2.3
270 1500 2300 3.8
271 0 0 0.9
271 500 450 1.4
271 1000 1150 2.3
271 1500 2300 3.8
272 0 0 0.9
272 500 450 1.4
272 1000 1150 2.3
272 1500 2300 3.8
273 0 0 0.9
273 500 450 1.4
273 1000 1150 2.3
273 1500 2300 3.8
274 0 0 0.9
274 500 450 1.4
274 1000 1150 2.3
274 1500 2300 3.8
275 0 0 0.9
275 500 450 1.4
275 1000 1150 2.3
275 1500 2300 3.8
276 0 0 0.9
276 500 450 1.4
276 1000 1150 2.3
276 1500 2300 3.8
277 0 0 0.9
277 500 450 1.4
277 1000 1150 2.3
277 1500 2300 3.8
278 0 0 0.9
278 500 450 1.4
278 1000 1150 2.3
278 1500 2300 3.8
279 0 0 0.9
279 500 450 1.4
279 1000 1150 2.3
279 1500 2300 3.8
280 0 0 0.9
280 500 450 1.4
280 1000 1150 2.3
280 1500 2300 3.8
281 0 0 0.9
281 500 450 1.4
281 1000 1150 2.3
281 1500 2300 3.8
282 0 0 0.9
282 500 450 1.4
282 1000 1150 2.3
282 1500 2300 3.8
283 0 0 0.9
283 500 450 1.4
283 1000 1150 2.3
283 1500 2300 3.8
284 0 0 0.9
284 500 450 1.4
284 1000 1150 2.3
284 1500 2300 3.8
285 0 0 0.9
285 500 450 1.4
285 1000 1150 2.3
285 1500 2300 3.8
286 0 0 0.9
286 500 450 1.4
286 1000 1150 2.3
286 1500 2300 3.8
287 0 0 0.9
287 500 450 1.4
287 1000 1150 2.3
287 1500 2300 3.8
288 0 0 0.9
288 500 450 1.4
288 1000 1150 2.3
288 1500 2300 3.8
289 0 0 0.9
289 500 450 1.4
289 1000 1150 2.3
289 1500 2300 3.8
290 0 0 0.9
290 500 450 1.4
290 1000 1150 2.3
290 1500 2300 3.8
291 0 0 0.9
291 500 450 1.4
291 1000 1150 2.3
291 1500 2300 3.8
292 0 0 0.9
292 500 450 1.4
292 1000 1150 2.3
292 1500 2300 3.8
293 0 0 0.9
293 500 450 1.4
293 1000 1150 2.3
293 1500 2300 3.8
294 0 0 0.9
294 500 450 1.4
294 1000 1150 2.3
294 1500 2300 3.8
295 0 0 0.9
295 500 450 1.4
295 1000 1150 2.3
295 1500 2300 3.8
296 0 0 0.9
296 500 450 1.4
296 1000 1150 2.3
296 1500 2300 3.8
297 0 0 0.9
297 500 450 1.4
297 1000 1150 2.3
297 1500 2300 3.8
298 0 0 0.9
298 500 450 1.4
298 1000 1150 2.3
298 1500 2300 3.8
299 0 0 0.9
299 500 450 1.4
299 1000 1150 2.3
299 1500 2300 3.8
300 0 0 0.9
300 500 450 1.4
300 1000 1150 2.3
300 1500 2300 3.8
301 0 0 0.9
301 500 450 1.4
301 1000 1150 2.3
301 1500 2300 3.8
302 0 0 0.9
302 500 450 1.4
302 1000 1150 2.3
302 1500 2300 3.8
303 0 0 0.9
303 500 450 1.4
303 1000 1150 2.3
303 1500 2300 3.8
304 0 0 0.9
304 500 450 1.4
304 1000 1150 2.3
304 1500 2300 3.8
305 0 0 0.9
305 500 450 1.4
305 1000 1150 2.3
305 1500 2300 3.8
306 0 0 0.9
306 500 450 1.4
306 1000 1150 2.3
306 1500 2300 3.8
307 0 0 0.9
307 500 450 1.4
307 1000 1150 2.3
307 1500 2300 3.8
308 0 0 0.9
308 500 450 1.4
308 1000 1150 2.3
308 1500 2300 3.8
309 0 0 0.9
309 500 450 1.4
309 1000 1150 2.3
309 1500 2300 3.8
310 0 0 0.9
310 500 450 1.4
310 1000 1150 2.3
310 1500 2300 3.8
311 0 0 0.9
311 500 450 1.4
311 1000 1150 2.3
311 1500 2300 3.8
312 0 0 0.9
312 500 450 1.4
312 1000 1150 2.3
312 1500 2300 3.8
313 0 0 0.9
313 500 450 1.4
313 1000 1150 2.3
313 1500 2300 3.8
314 0 0 0.9
314 500 450 1.4
314 1000 1150 2.3
314 1500 2300 3.8
315 0 0 0.9
315 500 450 1.4
315 1000 1150 2.3
315 1500 2300 3.8
316 0 0 0.9
316 500 450 1.4
316 1000 1150 2.3
316 1500 2300 3.8
317 0 0 0.9
317 500 450 1.4
317 1000 1150 2.3
317 1500 2300 3.8
318 0 0 0.9
318 500 450 1.4
318 1000 1150 2.3
318 1500 2300 3.8
319 0 0 0.9
319 500 450 1.4
319 1000 1150 2.3
319 1500 2300 3.8
320 0 0 0.9
320 500 450 1.4
320 1000 1150 2.3
320 1500 2300 3.8
321 0 0 0.9
321 500 450 1.4
321 1000 1150 2.3
321 1500 2300 3.8
322 0 0 0.9
322 500 450 1.4
322 1000 1150 2.3
322 1500 2300 3.8
323 0 0 0.9
323 500 450 1.4
323 1000 1150 2.3
323 1500 2300 3.8
324 0 0 0.9
324 500 450 1.4
324 1000 1150 2.3
324 1500 2300 3.8
325 0 0 0.9
325 500 450 1.4
325 1000 1150 2.3
325 1500 2300 3.8
326 0 0 0.9
326 500 450 1.4
326 1000 1150 2.3
326 1500 2300 3.8
327 0 0 0.9
327 500 450 1.4
327 1000 1150 2.3
327 1500 2300 3.8
328 0 0 0.9
328 500 450 1.4
328 1000 1150 2.3
328 1500 2300 3.8
329 0 0 0.9
329 500 450 1.4
329 1000 1150 2.3
329 1500 2300 3.8
330 0 0 0.9
330 500 450 1.4
330 1000 1150 2.3
330 1500 2300 3.8
331 0 0 0.9
331 500 450 1.4
331 1000 1150 2.3
331 1500 2300 3.8
332 0 0 0.9
332 500 450 1.4
332 1000 1150 2.3
332 1500 2300 3.8
333 0 0 0.9
333 500 450 1.4
333 1000 1150 2.3
333 1500 2300 3.8
334 0 0 0.9
334 500 450 1.4
334 1000 1150 2.3
334 1500 2300 3.8
335 0 0 0.9
335 500 450 1.4
335 1000 1150 2.3
335 1500 2300 3.8
336 0 0 0.9
336 500 450 1.4
336 1000 1150 2.3
336 1500 2300 3.8
337 0 0 0.9
337 500 450 1.4
337 1000 1150 2.3
337 1500 2300 3.8
338 0 0 0.9
338 500 450 1.4
338 1000 1150 2.3
338 1500 2300 3.8
339 0 0 0.9
339 500 450 1.4
339 1000 1150 2.3
339 1500 2300 3.8
340 0 0 0.9
340 500 450 1.4
340 1000 1150 2.3
340 1500 2300 3.8
341 0 0 0.9
341 500 450 1.4
341 1000 1150 2.3
341 1500 2300 3.8
342 0 0 0.9
342 500 450 1.4
342 1000 1150 2.3
342 1500 2300 3.8
343 0 0 0.9
343 500 450 1.4
343 1000 1150 2.3
343 1500 2300 3.8
344 0 0 0.9
344 500 450 1.4
344 1000 1150 2.3
344 1500 2300 3.8
345 0 0 0.9
345 500 450 1.4
345 1000 1150 2.3
345 1500 2300 3.8
346 0 0 0.9
346 500 450 1.4
346 1000 1150 2.3
346 1500 2300 3.8
347 0 0 0.9
347 500 450 1.4
347 1000 1150 2.3
347 1500 2300 3.8
348 0 0 0.9
348 500 450 1.4
348 1000 1150 2.3
348 1500 2300 3.8
349 0 0 0.9
349 500 450 1.4
349 1000 1150 2.3
349 1500 2300 3.8
350 0 0 0.9
350 500 450 1.4
350 1000 1150 2.3
350 1500 2300 3.8
351 0 0 0.9
351 500 450 1.4
351 1000 1150 2.3
351 1500 2300 3.8
352 0 0 0.9
352 500 450 1.4
352 1000 1150 2.3
352 1500 2300 3.8
353 0 0 0.9
353 500 450 1.4
353 1000 1150 2.3
353 1500 2300 3.8
354 0 0 0.9
354 500 450 1.4
354 1000 1150 2.3
354 1500 2300 3.8
355 0 0 0.9
355 500 450 1.4
355 1000 1150 2.3
355 1500 2300 3.8
356 0 0 0.9
356 500 450 1.4
356 1000 1150 2.3
356 1500 2300 3.8
357 0 0 0.9
357 500 450 1.4
357 1000 1150 2.3
357 1500 2300 3.8
358 0 0 0.9
358 500 450 1.4
358 1000 1150 2.3
358 1500 2300 3.8
359 0 0 0.9
359 500 450 1.4
359 1000 1150 2.3
359 1500 2300 3.8
360 0 0 0.9
360 500 450 1.4
360 1000 1150 2.3
360 1500 2300 3.8
361 0 0 0.9
361 500 450 1.4
361 1000 1150 2.3
361 1500 2300 3.8
362 0 0 0.9
362 500 450 1.4
362 1000 1150 2.3
362 1500 2300 3.8
363 0 0 0.9
363 500 450 1.4
363 1000 1150 2.3
363 1500 2300 3.8
364 0 0 0.9
364 500 450 1.4
364 1000 1150 2.3
364 1500 2300 3.8
365 0 0 0.9
365 500 450 1.4
365 1000 1150 2.3
365 1500 2300 3.8
366 0 0 0.9
366 500 450 1.4
366 1000 1150 2.3
366 1500 2300 3.8
367 0 0 0.9
367 500 450 1.4
367 1000 1150 2.3
367 1500 2300 3.8
368 0 0 0.9
368 500 450 1.4
368 1000 1150 2.3
368 1500 2300 3.8
369 0 0 0.9
369 500 450 1.4
369 1000 1150 2.3
369 1500 2300 3.8
370 0 0 0.9
370 500 450 1.4
370 1000 1150 2.3
370 1500 2300 3.8
371 0 0 0.9
371 500 450 1.4
371 1000 1150 2.3
371 1500 2300 3.8
372 0 0 0.9
372 500 450 1.4
372 1000 1150 2.3
372 1500 2300 3.8
373 0 0 0.9
373 500 450 1.4
373 1000 1150 2.3
373 1500 2300 3.8
374 0 0 0.9
374 500 450 1.4
374 1000 1150 2.3
374 1500 2300 3.8
375 0 0 0.9
375 500 450 1.4
375 1000 1150 2.3
375 1500 2300 3.8
376 0 0 0.9
376 500 450 1.4
376 1000 1150 2.3
376 1500 2300 3.8
377 0 0 0.9
377 500 450 1.4
377 1000 1150 2.3
377 1500 2300 3.8
378 0 0 0.9
378 500 450 1.4
378 1000 1150 2.3
378 1500 2300 3.8
379 0 0 0.9
379 500 450 1.4
379 1000 1150 2.3
379 1500 2300 3.8
380 0 0 0.9
380 500 450 1.4
380 1000 1150 2.3
380 1500 2300 3.8
381 0 0 0.9
381 500 450 1.4
381 1000 1150 2.3
381 1500 2300 3.8
382 0 0 0.9
382 500 450 1.4
382 1000 1150 2.3
382 1500 2300 3.8
383 0 0 0.9
383 500 450 1.4
383 1000 1150 2.3
383 1500 2300 3.8
384 0 0 0.9
384 500 450 1.4
384 1000 1150 2.3
384 1500 2300 3.8
385 0 0 0.9
385 500 450 1.4
385 1000 1150 2.3
385 1500 2300 3.8
386 0 0 0.9
386 500 450 1.4
386 1000 1150 2.3
386 1500 2300 3.8
387 0 0 0.9
387 500 450 1.4
387 1000 1150 2.3
387 1500 2300 3.8
388 0 0 0.9
388 500 450 1.4
388 1000 1150 2.3
388 1500 2300 3.8
389 0 0 0.9
389 500 450 1.4
389 1000 1150 2.3
389 1500 2300 3.8
390 0 0 0.9
390 500 450 1.4
390 1000 1150 2.3
390 1500 2300 3.8
391 0 0 0.9
391 500 450 1.4
391 1000 1150 2.3
391 1500 2300 3.8
392 0 0 0.9
392 500 450 1.4
392 1000 1150 2.3
392 1500 2300 3.8
393 0 0 0.9
393 500 450 1.4
393 1000 1150 2.3
393 1500 2300 3.8
394 0 0 0.9
394 500 450 1.4
394 1000 1150 2.3
394 1500 2300 3.8
395 0 0 0.9
395 500 450 1.4
395 1000 1150 2.3
395 1500 2300 3.8
396 0 0 0.9
396 500 450 1.4
396 1000 1150 2.3
396 1500 2300 3.8
397 0 0 0.9
397 500 450 1.4
397 1000 1150 2.3
397 1500 2300 3.8
398 0 0 0.9
398 500 450 1.4
398 1000 1150 2.3
398 1500 2300 3.8
399 0 0 0.9
399 500 450 1.4
399 1000 1150 2.3
399 1500 2300 3.8
400 0 0 0.9
400 500 450 1.4
400 1000 1150 2.3
400 1500 2300 3.8
401 0 0 0.9
401 500 450 1.4
401 1000 1150 2.3
401 1500 2300 3.8
402 0 0 0.9
402 500 450 1.4
402 1000 1150 2.3
402 1500 2300 3.8
403 0 0 0.9
403 500 450 1.4
403 1000 1150 2.3
403 1500 2300 3.8
404 0 0 0.9
404 500 450 1.4
404 1000 1150 2.3
404 1500 2300 3.8
405 0 0 0.9
405 500 450 1.4
405 1000 1150 2.3
405 1500 2300 3.8
406 0 0 0.9
406 500 450 1.4
406 1000 1150 2.3
406 1500 2300 3.8
407 0 0 0.9
407 500 450 1.4
407 1000 1150 2.3
407 1500 2300 3.8
408 0 0 0.9
408 500 450 1.4
408 1000 1150 2.3
408 1500 2300 3.8
409 0 0 0.9
409 500 450 1.4
409 1000 1150 2.3
409 1500 2300 3.8
410 0 0 0.9
410 500 450 1.4
410 1000 1150 2.3
410 1500 2300 3.8
411 0 0 0.9
411 500 450 1.4
411 1000 1150 2.3
411 1500 2300 3.8
412 0 0 0.9
412 500 450 1.4
412 1000 1150 2.3
412 1500 2300 3.8
413 0 0 0.9
413 500 450 1.4
413 1000 1150 2.3
413 1500 2300 3.8
414 0 0 0.9
414 500 450 1.4
414 1000 1150 2.3
414 1500 2300 3.8
415 0 0 0.9
415 500 450 1.4
415 1000 1150 2.3
415 1500 2300 3.8
416 0 0 0.9
416 500 450 1.4
416 1000 1150 2.3
416 1500 2300 3.8
417 0 0 0.9
417 500 450 1.4
417 1000 1150 2.3
417 1500 2300 3.8
418 0 0 0.9
418 500 450 1.4
418 1000 1150 2.3
418 1500 2300 3.8
419 0 0 0.9
419 500 450 1.4
419 1000 1150 2.3
419 1500 2300 3.8
420 0 0 0.9
420 500 450 1.4
420 1000 1150 2.3
420 1500 2300 3.8
421 0 0 0.9
421 500 450 1.4
421 1000 1150 2.3
421 1500 2300 3.8
422 0 0 0.9
422 500 450 1.4
422 1000 1150 2.3
422 1500 2300 3.8
423 0 0 0.9
423 500 450 1.4
423 1000 1150 2.3
423 1500 2300 3.8
424 0 0 0.9
424 500 450 1.4
424 1000 1150 2.3
424 1500 2300 3.8
425 0 0 0.9
425 500 450 1.4
425 1000 1150 2.3
425 1500 2300 3.8
426 0 0 0.9
426 500 450 1.4
426 1000 1150 2.3
426 1500 2300 3.8
427 0 0 0.9
427 500 450 1.4
427 1000 1150 2.3
427 1500 2300 3.8
428 0 0 0.9
428 500 450 1.4
428 1000 1150 2.3
428 1500 2300 3.8
429 0 0 0.9
429 500 450 1.4
429 1000 1150 2.3
429 1500 2300 3.8
430 0 0 0.9
430 500 450 1.4
430 1000 1150 2.3
430 1500 2300 3.8
431 0 0 0.9
431 500 450 1.4
431 1000 1150 2.3
431 1500 2300 3.8
432 0 0 0.9
432 500 450 1.4
432 1000 1150 2.3
432 1500 2300 3.8
433 0 0 0.9
433 500 450 1.4
433 1000 1150 2.3
433 1500 2300 3.8
434 0 0 0.9
434 500 450 1.4
434 1000 1150 2.3
434 1500 2300 3.8
435 0 0 0.9
435 500 450 1.4
435 1000 1150 2.3
435 1500 2300 3.8
436 0 0 0.9
436 500 450 1.4
436 1000 1150 2.3
436 1500 2300 3.8
437 0 0 0.9
437 500 450 1.4
437 1000 1150 2.3
437 1500 2300 3.8
438 0 0 0.9
438 500 450 1.4
438 1000 1150 2.3
438 1500 2300 3.8
439 0 0 0.9
439 500 450 1.4
439 1000 1150 2.3
439 1500 2300 3.8
440 0 0 0.9
440 500 450 1.4
440 1000 1150 2.3
440 1500 2300 3.8
441 0 0 0.9
441 500 450 1.4
441 1000 1150 2.3
441 1500 2300 3.8
442 0 0 0.9
442 500 450 1.4
442 1000 1150 2.3
442 1500 2300 3.8
443 0 0 0.9
443 500 450 1.4
443 1000 1150 2.3
443 1500 2300 3.8
444 0 0 0.9
444 500 450 1.4
444 1000 1150 2.3
444 1500 2300 3.8
445 0 0 0.9
445 500 450 1.4
445 1000 1150 2.3
445 1500 2300 3.8
446 0 0 0.9
446 500 450 1.4
446 1000 1150 2.3
446 1500 2300 3.8
447 0 0 0.9
447 500 450 1.4
447 1000 1150 2.3
447 1500 2300 3.8
448 0 0 0.9
448 500 450 1.4
448 1000 1150 2.3
448 1500 2300 3.8
449 0 0 0.9
449 500 450 1.4
449 1000 1150 2.3
449 1500 2300 3.8
450 0 0 0.9
450 500 450 1.4
450 1000 1150 2.3
450 1500 2300 3.8
451 0 0 0.9
451 500 450 1.4
451 1000 1150 2.3
451 1500 2300 3.8
452 0 0 0.9
452 500 450 1.4
452 1000 1150 2.3
452 1500 2300 3.8
453 0 0 0.9
453 500 450 1.4
453 1000 1150 2.3
453 1500 2300 3.8
454 0 0 0.9
454 500 450 1.4
454 1000 1150 2.3
454 1500 2300 3.8
455 0 0 0.9
455 500 450 1.4
455 1000 1150 2.3
455 1500 2300 3.8
456 0 0 0.9
456 500 450 1.4
456 1000 1150 2.3
456 1500 2300 3.8
457 0 0 0.9
457 500 450 1.4
457 1000 1150 2.3
457 1500 2300 3.8
458 0 0 0.9
458 500 450 1.4
458 1000 1150 2.3
458 1500 2300 3.8
459 0 0 0.9
459 500 450 1.4
459 1000 1150 2.3
459 1500 2300 3.8
460 0 0 0.9
460 500 450 1.4
460 1000 1150 2.3
460 1500 2300 3.8
461 0 0 0.9
461 500 450 1.4
461 1000 1150 2.3
461 1500 2300 3.8
462 0 0 0.9
462 500 450 1.4
462 1000 1150 2.3
462 1500 2300 3.8
463 0 0 0.9
463 500 450 1.4
463 1000 1150 2.3
463 1500 2300 3.8
464 0 0 0.9
464 500 450 1.4
464 1000 1150 2.3
464 1500 2300 3.8
465 0 0 0.9
465 500 450 1.4
465 1000 1150 2.3
465 1500 2300 3.8
466 0 0 0.9
466 500 450 1.4
466 1000 1150 2.3
466 1500 2300 3.8
467 0 0 0.9
467 500 450 1.4
467 1000 1150 2.3
467 1500 2300 3.8
468 0 0 0.9
468 500 450 1.4
468 1000 1150 2.3
468 1500 2300 3.8
469 0 0 0.9
469 500 450 1.4
469 1000 1150 2.3
469 1500 2300 3.8
470 0 0 0.9
470 500 450 1.4
470 1000 1150 2.3
470 1500 2300 3.8
471 0 0 0.9
471 500 450 1.4
471 1000 1150 2.3
471 1500 2300 3.8
472 0 0 0.9
472 500 450 1.4
472 1000 1150 2.3
472 1500 2300 3.8
473 0 0 0.9
473 500 450 1.4
473 1000 1150 2.3
473 1500 2300 3.8
474 0 0 0.9
474 500 450 1.4
474 1000 1150 2.3
474 1500 2300 3.8
475 0 0 0.9
475 500 450 1.4
475 1000 1150 2.3
475 1500 2300 3.8
476 0 0 0.9
476 500 450 1.4
476 1000 1150 2.3
476 1500 2300 3.8
477 0 0 0.9
477 500 450 1.4
477 1000 1150 2.3
477 1500 2300 3.8
478 0 0 0.9
478 500 450 1.4
478 1000 1150 2.3
478 1500 2300 3.8
479 0 0 0.9
479 500 450 1.4
479 1000 1150 2.3
479 1500 2300 3.8
480 0 0 0.9
480 500 450 1.4
480 1000 1150 2.3
480 1500 2300 3.8
481 0 0 0.9
481 500 450 1.4
481 1000 1150 2.3
481 1500 2300 3.8
482 0 0 0.9
482 500 450 1.4
482 1000 1150 2.3
482 1500 2300 3.8
483 0 0 0.9
483 500 450 1.4
483 1000 1150 2.3
483 1500 2300 3.8
484 0 0 0.9
484 500 450 1.4
484 1000 1150 2.3
484 1500 2300 3.8
485 0 0 0.9
485 500 450 1.4
485 1000 1150 2.3
485 1500 2300 3.8
486 0 0 0.9
486 500 450 1.4
486 1000 1150 2.3
486 1500 2300 3.8
487 0 0 0.9
487 500 450 1.4
487 1000 1150 2.3
487 1500 2300 3.8
488 0 0 0.9
488 500 450 1.4
488 1000 1150 2.3
488 1500 2300 3.8
489 0 0 0.9
489 500 450 1.4
489 1000 1150 2.3
489 1500 2300 3.8
490 0 0 0.9
490 500 450 1.4
490 1000 1150 2.3
490 1500 2300 3.8
491 0 0 0.9
491 500 450 1.4
491 1000 1150 2.3
491 1500 2300 3.8
492 0 0 0.9
492 500 450 1.4
492 1000 1150 2.3
492 1500 2300 3.8
493 0 0 0.9
493 500 450 1.4
493 1000 1150 2.3
493 1500 2300 3.8
494 0 0 0.9
494 500 450 1.4
494 1000 1150 2.3
494 1500 2300 3.8
495 0 0 0.9
495 500 450 1.4
495 1000 1150 2.3
495 1500 2300 3.8
496 0 0 0.9
496 500 450 1.4
496 1000 1150 2.3
496 1500 2300 3.8
497 0 0 0.9
497 500 450 1.4
497 1000 1150 2.3
497 1500 2300 3.8
498 0 0 0.9
498 500 450 1.4
498 1000 1150 2.3
498 1500 2300 3.8
499 0 0 0.9
499 500 450 1.4
499 1000 1150 2.3
499 1500 2300 3.8
