500 10
0 0 0 1.1
0 10 11 0.8
0 20 19 3.6
0 30 55 4.2
0 40 97 3.6
0 50 133 4
0 60 173 4.2
0 70 215 3.6
0 80 251 4.6
0 90 297 0.6
1 0 0 1.1
1 10 11 0.8
1 20 19 3.6
1 30 55 4.2
1 40 97 3.6
1 50 133 4
1 60 173 4.2
1 70 215 3.6
1 80 251 4.6
1 90 297 0.6
2 0 0 1.1
2 10 11 0.8
2 20 19 3.6
2 30 55 4.2
2 40 97 3.6
2 50 133 4
2 60 173 4.2
2 70 215 3.6
2 80 251 4.6
2 90 297 0.6
3 0 0 1.1
3 10 11 0.8
3 20 19 3.6
3 30 55 4.2
3 40 97 3.6
3 50 133 4
3 60 173 4.2
3 70 215 3.6
3 80 251 4.6
3 90 297 0.6
4 0 0 1.1
4 10 11 0.8
4 20 19 3.6
4 30 55 4.2
4 40 97 3.6
4 50 133 4
4 60 173 4.2
4 70 215 3.6
4 80 251 4.6
4 90 297 0.6
5 0 0 1.1
5 10 11 0.8
5 20 19 3.6
5 30 55 4.2
5 40 97 3.6
5 50 133 4
5 60 173 4.2
5 70 215 3.6
5 80 251 4.6
5 90 297 0.6
6 0 0 1.1
6 10 11 0.8
6 20 19 3.6
6 30 55 4.2
6 40 97 3.6
6 50 133 4
6 60 173 4.2
6 70 215 3.6
6 80 251 4.6
6 90 297 0.6
7 0 0 1.1
7 10 11 0.8
7 20 19 3.6
7 30 55 4.2
7 40 97 3.6
7 50 133 4
7 60 173 4.2
7 70 215 3.6
7 80 251 4.6
7 90 297 0.6
8 0 0 1.1
8 10 11 0.8
8 20 19 3.6
8 30 55 4.2
8 40 97 3.6
8 50 133 4
8 60 173 4.2
8 70 215 3.6
8 80 251 4.6
8 90 297 0.6
9 0 0 1.1
9 10 11 0.8
9 20 19 3.6
9 30 55 4.2
9 40 97 3.6
9 50 133 4
9 60 173 4.2
9 70 215 3.6
9 80 251 4.6
9 90 297 0.6
10 0 0 1.1
10 10 11 0.8
10 20 19 3.6
10 30 55 4.2
10 40 97 3.6
10 50 133 4
10 60 173 4.2
10 70 215 3.6
10 80 251 4.6
10 90 297 0.6
11 0 0 1.1
11 10 11 0.8
11 20 19 3.6
11 30 55 4.2
11 40 97 3.6
11 50 133 4
11 60 173 4.2
11 70 215 3.6
11 80 251 4.6
11 90 297 0.6
12 0 0 1.1
12 10 11 0.8
12 20 19 3.6
12 30 55 4.2
12 40 97 3.6
12 50 133 4
12 60 173 4.2
12 70 215 3.6
12 80 251 4.6
12 90 297 0.6
13 0 0 1.1
13 10 11 0.8
13 20 19 3.6
13 30 55 4.2
13 40 97 3.6
13 50 133 4
13 60 173 4.2
13 70 215 3.6
13 80 251 4.6
13 90 297 0.6
14 0 0 1.1
14 10 11 0.8
14 20 19 3.6
14 30 55 4.2
14 40 97 3.6
14 50 133 4
14 60 173 4.2
14 70 215 3.6
14 80 251 4.6
14 90 297 0.6
15 0 0 1.1
15 10 11 0.8
15 20 19 3.6
15 30 55 4.2
15 40 97 3.6
15 50 133 4
15 60 173 4.2
15 70 215 3.6
15 80 251 4.6
15 90 297 0.6
16 0 0 1.1
16 10 11 0.8
16 20 19 3.6
16 30 55 4.2
16 40 97 3.6
16 50 133 4
16 60 173 4.2
16 70 215 3.6
16 80 251 4.6
16 90 297 0.6
17 0 0 1.1
17 10 11 0.8
17 20 19 3.6
17 30 55 4.2
17 40 97 3.6
17 50 133 4
17 60 173 4.2
17 70 215 3.6
17 80 251 4.6
17 90 297 0.6
18 0 0 1.1
18 10 11 0.8
18 20 19 3.6
18 30 55 4.2
18 40 97 3.6
18 50 133 4
18 60 173 4.2
18 70 215 3.6
18 80 251 4.6
18 90 297 0.6
19 0 0 1.1
19 10 11 0.8
19 20 19 3.6
19 30 55 4.2
19 40 97 3.6
19 50 133 4
19 60 173 4.2
19 70 215 3.6
19 80 251 4.6
19 90 297 0.6
20 0 0 1.1
20 10 11 0.8
20 20 19 3.6
20 30 55 4.2
20 40 97 3.6
20 50 133 4
20 60 173 4.2
20 70 215 3.6
20 80 251 4.6
20 90 297 0.6
21 0 0 1.1
21 10 11 0.8
21 20 19 3.6
21 30 55 4.2
21 40 97 3.6
21 50 133 4
21 60 173 4.2
21 70 215 3.6
21 80 251 4.6
21 90 297 0.6
22 0 0 1.1
22 10 11 0.8
22 20 19 3.6
22 30 55 4.2
22 40 97 3.6
22 50 133 4
22 60 173 4.2
22 70 215 3.6
22 80 251 4.6
22 90 297 0.6
23 0 0 1.1
23 10 11 0.8
23 20 19 3.6
23 30 55 4.2
23 40 97 3.6
23 50 133 4
23 60 173 4.2
23 70 215 3.6
23 80 251 4.6
23 90 297 0.6
24 0 0 1.1
24 10 11 0.8
24 20 19 3.6
24 30 55 4.2
24 40 97 3.6
24 50 133 4
24 60 173 4.2
24 70 215 3.6
24 80 251 4.6
24 90 297 0.6
25 0 0 1.1
25 10 11 0.8
25 20 19 3.6
25 30 55 4.2
25 40 97 3.6
25 50 133 4
25 60 173 4.2
25 70 215 3.6
25 80 251 4.6
25 90 297 0.6
26 0 0 1.1
26 10 11 0.8
26 20 19 3.6
26 30 55 4.2
26 40 97 3.6
26 50 133 4
26 60 173 4.2
26 70 215 3.6
26 80 251 4.6
26 90 297 0.6
27 0 0 1.1
27 10 11 0.8
27 20 19 3.6
27 30 55 4.2
27 40 97 3.6
27 50 133 4
27 60 173 4.2
27 70 215 3.6
27 80 251 4.6
27 90 297 0.6
28 0 0 1.1
28 10 11 0.8
28 20 19 3.6
28 30 55 4.2
28 40 97 3.6
28 50 133 4
28 60 173 4.2
28 70 215 3.6
28 80 251 4.6
28 90 297 0.6
29 0 0 1.1
29 10 11 0.8
29 20 19 3.6
29 30 55 4.2
29 40 97 3.6
29 50 133 4
29 60 173 4.2
29 70 215 3.6
29 80 251 4.6
29 90 297 0.6
30 0 0 1.1
30 10 11 0.8
30 20 19 3.6
30 30 55 4.2
30 40 97 3.6
30 50 133 4
30 60 173 4.2
30 70 215 3.6
30 80 251 4.6
30 90 297 0.6
31 0 0 1.1
31 10 11 0.8
31 20 19 3.6
31 30 55 4.2
31 40 97 3.6
31 50 133 4
31 60 173 4.2
31 70 215 3.6
31 80 251 4.6
31 90 297 0.6
32 0 0 1.1
32 10 11 0.8
32 20 19 3.6
32 30 55 4.2
32 40 97 3.6
32 50 133 4
32 60 173 4.2
32 70 215 3.6
32 80 251 4.6
32 90 297 0.6
33 0 0 1.1
33 10 11 0.8
33 20 19 3.6
33 30 55 4.2
33 40 97 3.6
33 50 133 4
33 60 173 4.2
33 70 215 3.6
33 80 251 4.6
33 90 297 0.6
34 0 0 1.1
34 10 11 0.8
34 20 19 3.6
34 30 55 4.2
34 40 97 3.6
34 50 133 4
34 60 173 4.2
34 70 215 3.6
34 80 251 4.6
34 90 297 0.6
35 0 0 1.1
35 10 11 0.8
35 20 19 3.6
35 30 55 4.2
35 40 97 3.6
35 50 133 4
35 60 173 4.2
35 70 215 3.6
35 80 251 4.6
35 90 297 0.6
36 0 0 1.1
36 10 11 0.8
36 20 19 3.6
36 30 55 4.2
36 40 97 3.6
36 50 133 4
36 60 173 4.2
36 70 215 3.6
36 80 251 4.6
36 90 297 0.6
37 0 0 1.1
37 10 11 0.8
37 20 19 3.6
37 30 55 4.2
37 40 97 3.6
37 50 133 4
37 60 173 4.2
37 70 215 3.6
37 80 251 4.6
37 90 297 0.6
38 0 0 1.1
38 10 11 0.8
38 20 19 3.6
38 30 55 4.2
38 40 97 3.6
38 50 133 4
38 60 173 4.2
38 70 215 3.6
38 80 251 4.6
38 90 297 0.6
39 0 0 1.1
39 10 11 0.8
39 20 19 3.6
39 30 55 4.2
39 40 97 3.6
39 50 133 4
39 60 173 4.2
39 70 215 3.6
39 80 251 4.6
39 90 297 0.6
40 0 0 1.1
40 10 11 0.8
40 20 19 3.6
40 30 55 4.2
40 40 97 3.6
40 50 133 4
40 60 173 4.2
40 70 215 3.6
40 80 251 4.6
40 90 297 0.6
41 0 0 1.1
41 10 11 0.8
41 20 19 3.6
41 30 55 4.2
41 40 97 3.6
41 50 133 4
41 60 173 4.2
41 70 215 3.6
41 80 251 4.6
41 90 297 0.6
42 0 0 1.1
42 10 11 0.8
42 20 19 3.6
42 30 55 4.2
42 40 97 3.6
42 50 133 4
42 60 173 4.2
42 70 215 3.6
42 80 251 4.6
42 90 297 0.6
43 0 0 1.1
43 10 11 0.8
43 20 19 3.6
43 30 55 4.2
43 40 97 3.6
43 50 133 4
43 60 173 4.2
43 70 215 3.6
43 80 251 4.6
43 90 297 0.6
44 0 0 1.1
44 10 11 0.8
44 20 19 3.6
44 30 55 4.2
44 40 97 3.6
44 50 133 4
44 60 173 4.2
44 70 215 3.6
44 80 251 4.6
44 90 297 0.6
45 0 0 1.1
45 10 11 0.8
45 20 19 3.6
45 30 55 4.2
45 40 97 3.6
45 50 133 4
45 60 173 4.2
45 70 215 3.6
45 80 251 4.6
45 90 297 0.6
46 0 0 1.1
46 10 11 0.8
46 20 19 3.6
46 30 55 4.2
46 40 97 3.6
46 50 133 4
46 60 173 4.2
46 70 215 3.6
46 80 251 4.6
46 90 297 0.6
47 0 0 1.1
47 10 11 0.8
47 20 19 3.6
47 30 55 4.2
47 40 97 3.6
47 50 133 4
47 60 173 4.2
47 70 215 3.6
47 80 251 4.6
47 90 297 0.6
48 0 0 1.1
48 10 11 0.8
48 20 19 3.6
48 30 55 4.2
48 40 97 3.6
48 50 133 4
48 60 173 4.2
48 70 215 3.6
48 80 251 4.6
48 90 297 0.6
49 0 0 1.1
49 10 11 0.8
49 20 19 3.6
49 30 55 4.2
49 40 97 3.6
49 50 133 4
49 60 173 4.2
49 70 215 3.6
49 80 251 4.6
49 90 297 0.6
50 0 0 1.1
50 10 11 0.8
50 20 19 3.6
50 30 55 4.2
50 40 97 3.6
50 50 133 4
50 60 173 4.2
50 70 215 3.6
50 80 251 4.6
50 90 297 0.6
51 0 0 1.1
51 10 11 0.8
51 20 19 3.6
51 30 55 4.2
51 40 97 3.6
51 50 133 4
51 60 173 4.2
51 70 215 3.6
51 80 251 4.6
51 90 297 0.6
52 0 0 1.1
52 10 11 0.8
52 20 19 3.6
52 30 55 4.2
52 40 97 3.6
52 50 133 4
52 60 173 4.2
52 70 215 3.6
52 80 251 4.6
52 90 297 0.6
53 0 0 1.1
53 10 11 0.8
53 20 19 3.6
53 30 55 4.2
53 40 97 3.6
53 50 133 4
53 60 173 4.2
53 70 215 3.6
53 80 251 4.6
53 90 297 0.6
54 0 0 1.1
54 10 11 0.8
54 20 19 3.6
54 30 55 4.2
54 40 97 3.6
54 50 133 4
54 60 173 4.2
54 70 215 3.6
54 80 251 4.6
54 90 297 0.6
55 0 0 1.1
55 10 11 0.8
55 20 19 3.6
55 30 55 4.2
55 40 97 3.6
55 50 133 4
55 60 173 4.2
55 70 215 3.6
55 80 251 4.6
55 90 297 0.6
56 0 0 1.1
56 10 11 0.8
56 20 19 3.6
56 30 55 4.2
56 40 97 3.6
56 50 133 4
56 60 173 4.2
56 70 215 3.6
56 80 251 4.6
56 90 297 0.6
57 0 0 1.1
57 10 11 0.8
57 20 19 3.6
57 30 55 4.2
57 40 97 3.6
57 50 133 4
57 60 173 4.2
57 70 215 3.6
57 80 251 4.6
57 90 297 0.6
58 0 0 1.1
58 10 11 0.8
58 20 19 3.6
58 30 55 4.2
58 40 97 3.6
58 50 133 4
58 60 173 4.2
58 70 215 3.6
58 80 251 4.6
58 90 297 0.6
59 0 0 1.1
59 10 11 0.8
59 20 19 3.6
59 30 55 4.2
59 40 97 3.6
59 50 133 4
59 60 173 4.2
59 70 215 3.6
59 80 251 4.6
59 90 297 0.6
60 0 0 1.1
60 10 11 0.8
60 20 19 3.6
60 30 55 4.2
60 40 97 3.6
60 50 133 4
60 60 173 4.2
60 70 215 3.6
60 80 251 4.6
60 90 297 0.6
61 0 0 1.1
61 10 11 0.8
61 20 19 3.6
61 30 55 4.2
61 40 97 3.6
61 50 133 4
61 60 173 4.2
61 70 215 3.6
61 80 251 4.6
61 90 297 0.6
62 0 0 1.1
62 10 11 0.8
62 20 19 3.6
62 30 55 4.2
62 40 97 3.6
62 50 133 4
62 60 173 4.2
62 70 215 3.6
62 80 251 4.6
62 90 297 0.6
63 0 0 1.1
63 10 11 0.8
63 20 19 3.6
63 30 55 4.2
63 40 97 3.6
63 50 133 4
63 60 173 4.2
63 70 215 3.6
63 80 251 4.6
63 90 297 0.6
64 0 0 1.1
64 10 11 0.8
64 20 19 3.6
64 30 55 4.2
64 40 97 3.6
64 50 133 4
64 60 173 4.2
64 70 215 3.6
64 80 251 4.6
64 90 297 0.6
65 0 0 1.1
65 10 11 0.8
65 20 19 3.6
65 30 55 4.2
65 40 97 3.6
65 50 133 4
65 60 173 4.2
65 70 215 3.6
65 80 251 4.6
65 90 297 0.6
66 0 0 1.1
66 10 11 0.8
66 20 19 3.6
66 30 55 4.2
66 40 97 3.6
66 50 133 4
66 60 173 4.2
66 70 215 3.6
66 80 251 4.6
66 90 297 0.6
67 0 0 1.1
67 10 11 0.8
67 20 19 3.6
67 30 55 4.2
67 40 97 3.6
67 50 133 4
67 60 173 4.2
67 70 215 3.6
67 80 251 4.6
67 90 297 0.6
68 0 0 1.1
68 10 11 0.8
68 20 19 3.6
68 30 55 4.2
68 40 97 3.6
68 50 133 4
68 60 173 4.2
68 70 215 3.6
68 80 251 4.6
68 90 297 0.6
69 0 0 1.1
69 10 11 0.8
69 20 19 3.6
69 30 55 4.2
69 40 97 3.6
69 50 133 4
69 60 173 4.2
69 70 215 3.6
69 80 251 4.6
69 90 297 0.6
70 0 0 1.1
70 10 11 0.8
70 20 19 3.6
70 30 55 4.2
70 40 97 3.6
70 50 133 4
70 60 173 4.2
70 70 215 3.6
70 80 251 4.6
70 90 297 0.6
71 0 0 1.1
71 10 11 0.8
71 20 19 3.6
71 30 55 4.2
71 40 97 3.6
71 50 133 4
71 60 173 4.2
71 70 215 3.6
71 80 251 4.6
71 90 297 0.6
72 0 0 1.1
72 10 11 0.8
72 20 19 3.6
72 30 55 4.2
72 40 97 3.6
72 50 133 4
72 60 173 4.2
72 70 215 3.6
72 80 251 4.6
72 90 297 0.6
73 0 0 1.1
73 10 11 0.8
73 20 19 3.6
73 30 55 4.2
73 40 97 3.6
73 50 133 4
73 60 173 4.2
73 70 215 3.6
73 80 251 4.6
73 90 297 0.6
74 0 0 1.1
74 10 11 0.8
74 20 19 3.6
74 30 55 4.2
74 40 97 3.6
74 50 133 4
74 60 173 4.2
74 70 215 3.6
74 80 251 4.6
74 90 297 0.6
75 0 0 1.1
75 10 11 0.8
75 20 19 3.6
75 30 55 4.2
75 40 97 3.6
75 50 133 4
75 60 173 4.2
75 70 215 3.6
75 80 251 4.6
75 90 297 0.6
76 0 0 1.1
76 10 11 0.8
76 20 19 3.6
76 30 55 4.2
76 40 97 3.6
76 50 133 4
76 60 173 4.2
76 70 215 3.6
76 80 251 4.6
76 90 297 0.6
77 0 0 1.1
77 10 11 0.8
77 20 19 3.6
77 30 55 4.2
77 40 97 3.6
77 50 133 4
77 60 173 4.2
77 70 215 3.6
77 80 251 4.6
77 90 297 0.6
78 0 0 1.1
78 10 11 0.8
78 20 19 3.6
78 30 55 4.2
78 40 97 3.6
78 50 133 4
78 60 173 4.2
78 70 215 3.6
78 80 251 4.6
78 90 297 0.6
79 0 0 1.1
79 10 11 0.8
79 20 19 3.6
79 30 55 4.2
79 40 97 3.6
79 50 133 4
79 60 173 4.2
79 70 215 3.6
79 80 251 4.6
79 90 297 0.6
80 0 0 1.1
80 10 11 0.8
80 20 19 3.6
80 30 55 4.2
80 40 97 3.6
80 50 133 4
80 60 173 4.2
80 70 215 3.6
80 80 251 4.6
80 90 297 0.6
81 0 0 1.1
81 10 11 0.8
81 20 19 3.6
81 30 55 4.2
81 40 97 3.6
81 50 133 4
81 60 173 4.2
81 70 215 3.6
81 80 251 4.6
81 90 297 0.6
82 0 0 1.1
82 10 11 0.8
82 20 19 3.6
82 30 55 4.2
82 40 97 3.6
82 50 133 4
82 60 173 4.2
82 70 215 3.6
82 80 251 4.6
82 90 297 0.6
83 0 0 1.1
83 10 11 0.8
83 20 19 3.6
83 30 55 4.2
83 40 97 3.6
83 50 133 4
83 60 173 4.2
83 70 215 3.6
83 80 251 4.6
83 90 297 0.6
84 0 0 1.1
84 10 11 0.8
84 20 19 3.6
84 30 55 4.2
84 40 97 3.6
84 50 133 4
84 60 173 4.2
84 70 215 3.6
84 80 251 4.6
84 90 297 0.6
85 0 0 1.1
85 10 11 0.8
85 20 19 3.6
85 30 55 4.2
85 40 97 3.6
85 50 133 4
85 60 173 4.2
85 70 215 3.6
85 80 251 4.6
85 90 297 0.6
86 0 0 1.1
86 10 11 0.8
86 20 19 3.6
86 30 55 4.2
86 40 97 3.6
86 50 133 4
86 60 173 4.2
86 70 215 3.6
86 80 251 4.6
86 90 297 0.6
87 0 0 1.1
87 10 11 0.8
87 20 19 3.6
87 30 55 4.2
87 40 97 3.6
87 50 133 4
87 60 173 4.2
87 70 215 3.6
87 80 251 4.6
87 90 297 0.6
88 0 0 1.1
88 10 11 0.8
88 20 19 3.6
88 30 55 4.2
88 40 97 3.6
88 50 133 4
88 60 173 4.2
88 70 215 3.6
88 80 251 4.6
88 90 297 0.6
89 0 0 1.1
89 10 11 0.8
89 20 19 3.6
89 30 55 4.2
89 40 97 3.6
89 50 133 4
89 60 173 4.2
89 70 215 3.6
89 80 251 4.6
89 90 297 0.6
90 0 0 1.1
90 10 11 0.8
90 20 19 3.6
90 30 55 4.2
90 40 97 3.6
90 50 133 4
90 60 173 4.2
90 70 215 3.6
90 80 251 4.6
90 90 297 0.6
91 0 0 1.1
91 10 11 0.8
91 20 19 3.6
91 30 55 4.2
91 40 97 3.6
91 50 133 4
91 60 173 4.2
91 70 215 3.6
91 80 251 4.6
91 90 297 0.6
92 0 0 1.1
92 10 11 0.8
92 20 19 3.6
92 30 55 4.2
92 40 97 3.6
92 50 133 4
92 60 173 4.2
92 70 215 3.6
92 80 251 4.6
92 90 297 0.6
93 0 0 1.1
93 10 11 0.8
93 20 19 3.6
93 30 55 4.2
93 40 97 3.6
93 50 133 4
93 60 173 4.2
93 70 215 3.6
93 80 251 4.6
93 90 297 0.6
94 0 0 1.1
94 10 11 0.8
94 20 19 3.6
94 30 55 4.2
94 40 97 3.6
94 50 133 4
94 60 173 4.2
94 70 215 3.6
94 80 251 4.6
94 90 297 0.6
95 0 0 1.1
95 10 11 0.8
95 20 19 3.6
95 30 55 4.2
95 40 97 3.6
95 50 133 4
95 60 173 4.2
95 70 215 3.6
95 80 251 4.6
95 90 297 0.6
96 0 0 1.1
96 10 11 0.8
96 20 19 3.6
96 30 55 4.2
96 40 97 3.6
96 50 133 4
96 60 173 4.2
96 70 215 3.6
96 80 251 4.6
96 90 297 0.6
97 0 0 1.1
97 10 11 0.8
97 20 19 3.6
97 30 55 4.2
97 40 97 3.6
97 50 133 4
97 60 173 4.2
97 70 215 3.6
97 80 251 4.6
97 90 297 0.6
98 0 0 1.1
98 10 11 0.8
98 20 19 3.6
98 30 55 4.2
98 40 97 3.6
98 50 133 4
98 60 173 4.2
98 70 215 3.6
98 80 251 4.6
98 90 297 0.6
99 0 0 1.1
99 10 11 0.8
99 20 19 3.6
99 30 55 4.2
99 40 97 3.6
99 50 133 4
99 60 173 4.2
99 70 215 3.6
99 80 251 4.6
99 90 297 0.6
100 0 0 1.1
100 10 11 0.8
100 20 19 3.6
100 30 55 4.2
100 40 97 3.6
100 50 133 4
100 60 173 4.2
100 70 215 3.6
100 80 251 4.6
100 90 297 0.6
101 0 0 1.1
101 10 11 0.8
101 20 19 3.6
101 30 55 4.2
101 40 97 3.6
101 50 133 4
101 60 173 4.2
101 70 215 3.6
101 80 251 4.6
101 90 297 0.6
102 0 0 1.1
102 10 11 0.8
102 20 19 3.6
102 30 55 4.2
102 40 97 3.6
102 50 133 4
102 60 173 4.2
102 70 215 3.6
102 80 251 4.6
102 90 297 0.6
103 0 0 1.1
103 10 11 0.8
103 20 19 3.6
103 30 55 4.2
103 40 97 3.6
103 50 133 4
103 60 173 4.2
103 70 215 3.6
103 80 251 4.6
103 90 297 0.6
104 0 0 1.1
104 10 11 0.8
104 20 19 3.6
104 30 55 4.2
104 40 97 3.6
104 50 133 4
104 60 173 4.2
104 70 215 3.6
104 80 251 4.6
104 90 297 0.6
105 0 0 1.1
105 10 11 0.8
105 20 19 3.6
105 30 55 4.2
105 40 97 3.6
105 50 133 4
105 60 173 4.2
105 70 215 3.6
105 80 251 4.6
105 90 297 0.6
106 0 0 1.1
106 10 11 0.8
106 20 19 3.6
106 30 55 4.2
106 40 97 3.6
106 50 133 4
106 60 173 4.2
106 70 215 3.6
106 80 251 4.6
106 90 297 0.6
107 0 0 1.1
107 10 11 0.8
107 20 19 3.6
107 30 55 4.2
107 40 97 3.6
107 50 133 4
107 60 173 4.2
107 70 215 3.6
107 80 251 4.6
107 90 297 0.6
108 0 0 1.1
108 10 11 0.8
108 20 19 3.6
108 30 55 4.2
108 40 97 3.6
108 50 133 4
108 60 173 4.2
108 70 215 3.6
108 80 251 4.6
108 90 297 0.6
109 0 0 1.1
109 10 11 0.8
109 20 19 3.6
109 30 55 4.2
109 40 97 3.6
109 50 133 4
109 60 173 4.2
109 70 215 3.6
109 80 251 4.6
109 90 297 0.6
110 0 0 1.1
110 10 11 0.8
110 20 19 3.6
110 30 55 4.2
110 40 97 3.6
110 50 133 4
110 60 173 4.2
110 70 215 3.6
110 80 251 4.6
110 90 297 0.6
111 0 0 1.1
111 10 11 0.8
111 20 19 3.6
111 30 55 4.2
111 40 97 3.6
111 50 133 4
111 60 173 4.2
111 70 215 3.6
111 80 251 4.6
111 90 297 0.6
112 0 0 1.1
112 10 11 0.8
112 20 19 3.6
112 30 55 4.2
112 40 97 3.6
112 50 133 4
112 60 173 4.2
112 70 215 3.6
112 80 251 4.6
112 90 297 0.6
113 0 0 1.1
113 10 11 0.8
113 20 19 3.6
113 30 55 4.2
113 40 97 3.6
113 50 133 4
113 60 173 4.2
113 70 215 3.6
113 80 251 4.6
113 90 297 0.6
114 0 0 1.1
114 10 11 0.8
114 20 19 3.6
114 30 55 4.2
114 40 97 3.6
114 50 133 4
114 60 173 4.2
114 70 215 3.6
114 80 251 4.6
114 90 297 0.6
115 0 0 1.1
115 10 11 0.8
115 20 19 3.6
115 30 55 4.2
115 40 97 3.6
115 50 133 4
115 60 173 4.2
115 70 215 3.6
115 80 251 4.6
115 90 297 0.6
116 0 0 1.1
116 10 11 0.8
116 20 19 3.6
116 30 55 4.2
116 40 97 3.6
116 50 133 4
116 60 173 4.2
116 70 215 3.6
116 80 251 4.6
116 90 297 0.6
117 0 0 1.1
117 10 11 0.8
117 20 19 3.6
117 30 55 4.2
117 40 97 3.6
117 50 133 4
117 60 173 4.2
117 70 215 3.6
117 80 251 4.6
117 90 297 0.6
118 0 0 1.1
118 10 11 0.8
118 20 19 3.6
118 30 55 4.2
118 40 97 3.6
118 50 133 4
118 60 173 4.2
118 70 215 3.6
118 80 251 4.6
118 90 297 0.6
119 0 0 1.1
119 10 11 0.8
119 20 19 3.6
119 30 55 4.2
119 40 97 3.6
119 50 133 4
119 60 173 4.2
119 70 215 3.6
119 80 251 4.6
119 90 297 0.6
120 0 0 1.1
120 10 11 0.8
120 20 19 3.6
120 30 55 4.2
120 40 97 3.6
120 50 133 4
120 60 173 4.2
120 70 215 3.6
120 80 251 4.6
120 90 297 0.6
121 0 0 1.1
121 10 11 0.8
121 20 19 3.6
121 30 55 4.2
121 40 97 3.6
121 50 133 4
121 60 173 4.2
121 70 215 3.6
121 80 251 4.6
121 90 297 0.6
122 0 0 1.1
122 10 11 0.8
122 20 19 3.6
122 30 55 4.2
122 40 97 3.6
122 50 133 4
122 60 173 4.2
122 70 215 3.6
122 80 251 4.6
122 90 297 0.6
123 0 0 1.1
123 10 11 0.8
123 20 19 3.6
123 30 55 4.2
123 40 97 3.6
123 50 133 4
123 60 173 4.2
123 70 215 3.6
123 80 251 4.6
123 90 297 0.6
124 0 0 1.1
124 10 11 0.8
124 20 19 3.6
124 30 55 4.2
124 40 97 3.6
124 50 133 4
124 60 173 4.2
124 70 215 3.6
124 80 251 4.6
124 90 297 0.6
125 0 0 1.1
125 10 11 0.8
125 20 19 3.6
125 30 55 4.2
125 40 97 3.6
125 50 133 4
125 60 173 4.2
125 70 215 3.6
125 80 251 4.6
125 90 297 0.6
126 0 0 1.1
126 10 11 0.8
126 20 19 3.6
126 30 55 4.2
126 40 97 3.6
126 50 133 4
126 60 173 4.2
126 70 215 3.6
126 80 251 4.6
126 90 297 0.6
127 0 0 1.1
127 10 11 0.8
127 20 19 3.6
127 30 55 4.2
127 40 97 3.6
127 50 133 4
127 60 173 4.2
127 70 215 3.6
127 80 251 4.6
127 90 297 0.6
128 0 0 1.1
128 10 11 0.8
128 20 19 3.6
128 30 55 4.2
128 40 97 3.6
128 50 133 4
128 60 173 4.2
128 70 215 3.6
128 80 251 4.6
128 90 297 0.6
129 0 0 1.1
129 10 11 0.8
129 20 19 3.6
129 30 55 4.2
129 40 97 3.6
129 50 133 4
129 60 173 4.2
129 70 215 3.6
129 80 251 4.6
129 90 297 0.6
130 0 0 1.1
130 10 11 0.8
130 20 19 3.6
130 30 55 4.2
130 40 97 3.6
130 50 133 4
130 60 173 4.2
130 70 215 3.6
130 80 251 4.6
130 90 297 0.6
131 0 0 1.1
131 10 11 0.8
131 20 19 3.6
131 30 55 4.2
131 40 97 3.6
131 50 133 4
131 60 173 4.2
131 70 215 3.6
131 80 251 4.6
131 90 297 0.6
132 0 0 1.1
132 10 11 0.8
132 20 19 3.6
132 30 55 4.2
132 40 97 3.6
132 50 133 4
132 60 173 4.2
132 70 215 3.6
132 80 251 4.6
132 90 297 0.6
133 0 0 1.1
133 10 11 0.8
133 20 19 3.6
133 30 55 4.2
133 40 97 3.6
133 50 133 4
133 60 173 4.2
133 70 215 3.6
133 80 251 4.6
133 90 297 0.6
134 0 0 1.1
134 10 11 0.8
134 20 19 3.6
134 30 55 4.2
134 40 97 3.6
134 50 133 4
134 60 173 4.2
134 70 215 3.6
134 80 251 4.6
134 90 297 0.6
135 0 0 1.1
135 10 11 0.8
135 20 19 3.6
135 30 55 4.2
135 40 97 3.6
135 50 133 4
135 60 173 4.2
135 70 215 3.6
135 80 251 4.6
135 90 297 0.6
136 0 0 1.1
136 10 11 0.8
136 20 19 3.6
136 30 55 4.2
136 40 97 3.6
136 50 133 4
136 60 173 4.2
136 70 215 3.6
136 80 251 4.6
136 90 297 0.6
137 0 0 1.1
137 10 11 0.8
137 20 19 3.6
137 30 55 4.2
137 40 97 3.6
137 50 133 4
137 60 173 4.2
137 70 215 3.6
137 80 251 4.6
137 90 297 0.6
138 0 0 1.1
138 10 11 0.8
138 20 19 3.6
138 30 55 4.2
138 40 97 3.6
138 50 133 4
138 60 173 4.2
138 70 215 3.6
138 80 251 4.6
138 90 297 0.6
139 0 0 1.1
139 10 11 0.8
139 20 19 3.6
139 30 55 4.2
139 40 97 3.6
139 50 133 4
139 60 173 4.2
139 70 215 3.6
139 80 251 4.6
139 90 297 0.6
140 0 0 1.1
140 10 11 0.8
140 20 19 3.6
140 30 55 4.2
140 40 97 3.6
140 50 133 4
140 60 173 4.2
140 70 215 3.6
140 80 251 4.6
140 90 297 0.6
141 0 0 1.1
141 10 11 0.8
141 20 19 3.6
141 30 55 4.2
141 40 97 3.6
141 50 133 4
141 60 173 4.2
141 70 215 3.6
141 80 251 4.6
141 90 297 0.6
142 0 0 1.1
142 10 11 0.8
142 20 19 3.6
142 30 55 4.2
142 40 97 3.6
142 50 133 4
142 60 173 4.2
142 70 215 3.6
142 80 251 4.6
142 90 297 0.6
143 0 0 1.1
143 10 11 0.8
143 20 19 3.6
143 30 55 4.2
143 40 97 3.6
143 50 133 4
143 60 173 4.2
143 70 215 3.6
143 80 251 4.6
143 90 297 0.6
144 0 0 1.1
144 10 11 0.8
144 20 19 3.6
144 30 55 4.2
144 40 97 3.6
144 50 133 4
144 60 173 4.2
144 70 215 3.6
144 80 251 4.6
144 90 297 0.6
145 0 0 1.1
145 10 11 0.8
145 20 19 3.6
145 30 55 4.2
145 40 97 3.6
145 50 133 4
145 60 173 4.2
145 70 215 3.6
145 80 251 4.6
145 90 297 0.6
146 0 0 1.1
146 10 11 0.8
146 20 19 3.6
146 30 55 4.2
146 40 97 3.6
146 50 133 4
146 60 173 4.2
146 70 215 3.6
146 80 251 4.6
146 90 297 0.6
147 0 0 1.1
147 10 11 0.8
147 20 19 3.6
147 30 55 4.2
147 40 97 3.6
147 50 133 4
147 60 173 4.2
147 70 215 3.6
147 80 251 4.6
147 90 297 0.6
148 0 0 1.1
148 10 11 0.8
148 20 19 3.6
148 30 55 4.2
148 40 97 3.6
148 50 133 4
148 60 173 4.2
148 70 215 3.6
148 80 251 4.6
148 90 297 0.6
149 0 0 1.1
149 10 11 0.8
149 20 19 3.6
149 30 55 4.2
149 40 97 3.6
149 50 133 4
149 60 173 4.2
149 70 215 3.6
149 80 251 4.6
149 90 297 0.6
150 0 0 1.1
150 10 11 0.8
150 20 19 3.6
150 30 55 4.2
150 40 97 3.6
150 50 133 4
150 60 173 4.2
150 70 215 3.6
150 80 251 4.6
150 90 297 0.6
151 0 0 1.1
151 10 11 0.8
151 20 19 3.6
151 30 55 4.2
151 40 97 3.6
151 50 133 4
151 60 173 4.2
151 70 215 3.6
151 80 251 4.6
151 90 297 0.6
152 0 0 1.1
152 10 11 0.8
152 20 19 3.6
152 30 55 4.2
152 40 97 3.6
152 50 133 4
152 60 173 4.2
152 70 215 3.6
152 80 251 4.6
152 90 297 0.6
153 0 0 1.1
153 10 11 0.8
153 20 19 3.6
153 30 55 4.2
153 40 97 3.6
153 50 133 4
153 60 173 4.2
153 70 215 3.6
153 80 251 4.6
153 90 297 0.6
154 0 0 1.1
154 10 11 0.8
154 20 19 3.6
154 30 55 4.2
154 40 97 3.6
154 50 133 4
154 60 173 4.2
154 70 215 3.6
154 80 251 4.6
154 90 297 0.6
155 0 0 1.1
155 10 11 0.8
155 20 19 3.6
155 30 55 4.2
155 40 97 3.6
155 50 133 4
155 60 173 4.2
155 70 215 3.6
155 80 251 4.6
155 90 297 0.6
156 0 0 1.1
156 10 11 0.8
156 20 19 3.6
156 30 55 4.2
156 40 97 3.6
156 50 133 4
156 60 173 4.2
156 70 215 3.6
156 80 251 4.6
156 90 297 0.6
157 0 0 1.1
157 10 11 0.8
157 20 19 3.6
157 30 55 4.2
157 40 97 3.6
157 50 133 4
157 60 173 4.2
157 70 215 3.6
157 80 251 4.6
157 90 297 0.6
158 0 0 1.1
158 10 11 0.8
158 20 19 3.6
158 30 55 4.2
158 40 97 3.6
158 50 133 4
158 60 173 4.2
158 70 215 3.6
158 80 251 4.6
158 90 297 0.6
159 0 0 1.1
159 10 11 0.8
159 20 19 3.6
159 30 55 4.2
159 40 97 3.6
159 50 133 4
159 60 173 4.2
159 70 215 3.6
159 80 251 4.6
159 90 297 0.6
160 0 0 1.1
160 10 11 0.8
160 20 19 3.6
160 30 55 4.2
160 40 97 3.6
160 50 133 4
160 60 173 4.2
160 70 215 3.6
160 80 251 4.6
160 90 297 0.6
161 0 0 1.1
161 10 11 0.8
161 20 19 3.6
161 30 55 4.2
161 40 97 3.6
161 50 133 4
161 60 173 4.2
161 70 215 3.6
161 80 251 4.6
161 90 297 0.6
162 0 0 1.1
162 10 11 0.8
162 20 19 3.6
162 30 55 4.2
162 40 97 3.6
162 50 133 4
162 60 173 4.2
162 70 215 3.6
162 80 251 4.6
162 90 297 0.6
163 0 0 1.1
163 10 11 0.8
163 20 19 3.6
163 30 55 4.2
163 40 97 3.6
163 50 133 4
163 60 173 4.2
163 70 215 3.6
163 80 251 4.6
163 90 297 0.6
164 0 0 1.1
164 10 11 0.8
164 20 19 3.6
164 30 55 4.2
164 40 97 3.6
164 50 133 4
164 60 173 4.2
164 70 215 3.6
164 80 251 4.6
164 90 297 0.6
165 0 0 1.1
165 10 11 0.8
165 20 19 3.6
165 30 55 4.2
165 40 97 3.6
165 50 133 4
165 60 173 4.2
165 70 215 3.6
165 80 251 4.6
165 90 297 0.6
166 0 0 1.1
166 10 11 0.8
166 20 19 3.6
166 30 55 4.2
166 40 97 3.6
166 50 133 4
166 60 173 4.2
166 70 215 3.6
166 80 251 4.6
166 90 297 0.6
167 0 0 1.1
167 10 11 0.8
167 20 19 3.6
167 30 55 4.2
167 40 97 3.6
167 50 133 4
167 60 173 4.2
167 70 215 3.6
167 80 251 4.6
167 90 297 0.6
168 0 0 1.1
168 10 11 0.8
168 20 19 3.6
168 30 55 4.2
168 40 97 3.6
168 50 133 4
168 60 173 4.2
168 70 215 3.6
168 80 251 4.6
168 90 297 0.6
169 0 0 1.1
169 10 11 0.8
169 20 19 3.6
169 30 55 4.2
169 40 97 3.6
169 50 133 4
169 60 173 4.2
169 70 215 3.6
169 80 251 4.6
169 90 297 0.6
170 0 0 1.1
170 10 11 0.8
170 20 19 3.6
170 30 55 4.2
170 40 97 3.6
170 50 133 4
170 60 173 4.2
170 70 215 3.6
170 80 251 4.6
170 90 297 0.6
171 0 0 1.1
171 10 11 0.8
171 20 19 3.6
171 30 55 4.2
171 40 97 3.6
171 50 133 4
171 60 173 4.2
171 70 215 3.6
171 80 251 4.6
171 90 297 0.6
172 0 0 1.1
172 10 11 0.8
172 20 19 3.6
172 30 55 4.2
172 40 97 3.6
172 50 133 4
172 60 173 4.2
172 70 215 3.6
172 80 251 4.6
172 90 297 0.6
173 0 0 1.1
173 10 11 0.8
173 20 19 3.6
173 30 55 4.2
173 40 97 3.6
173 50 133 4
173 60 173 4.2
173 70 215 3.6
173 80 251 4.6
173 90 297 0.6
174 0 0 1.1
174 10 11 0.8
174 20 19 3.6
174 30 55 4.2
174 40 97 3.6
174 50 133 4
174 60 173 4.2
174 70 215 3.6
174 80 251 4.6
174 90 297 0.6
175 0 0 1.1
175 10 11 0.8
175 20 19 3.6
175 30 55 4.2
175 40 97 3.6
175 50 133 4
175 60 173 4.2
175 70 215 3.6
175 80 251 4.6
175 90 297 0.6
176 0 0 1.1
176 10 11 0.8
176 20 19 3.6
176 30 55 4.2
176 40 97 3.6
176 50 133 4
176 60 173 4.2
176 70 215 3.6
176 80 251 4.6
176 90 297 0.6
177 0 0 1.1
177 10 11 0.8
177 20 19 3.6
177 30 55 4.2
177 40 97 3.6
177 50 133 4
177 60 173 4.2
177 70 215 3.6
177 80 251 4.6
177 90 297 0.6
178 0 0 1.1
178 10 11 0.8
178 20 19 3.6
178 30 55 4.2
178 40 97 3.6
178 50 133 4
178 60 173 4.2
178 70 215 3.6
178 80 251 4.6
178 90 297 0.6
179 0 0 1.1
179 10 11 0.8
179 20 19 3.6
179 30 55 4.2
179 40 97 3.6
179 50 133 4
179 60 173 4.2
179 70 215 3.6
179 80 251 4.6
179 90 297 0.6
180 0 0 1.1
180 10 11 0.8
180 20 19 3.6
180 30 55 4.2
180 40 97 3.6
180 50 133 4
180 60 173 4.2
180 70 215 3.6
180 80 251 4.6
180 90 297 0.6
181 0 0 1.1
181 10 11 0.8
181 20 19 3.6
181 30 55 4.2
181 40 97 3.6
181 50 133 4
181 60 173 4.2
181 70 215 3.6
181 80 251 4.6
181 90 297 0.6
182 0 0 1.1
182 10 11 0.8
182 20 19 3.6
182 30 55 4.2
182 40 97 3.6
182 50 133 4
182 60 173 4.2
182 70 215 3.6
182 80 251 4.6
182 90 297 0.6
183 0 0 1.1
183 10 11 0.8
183 20 19 3.6
183 30 55 4.2
183 40 97 3.6
183 50 133 4
183 60 173 4.2
183 70 215 3.6
183 80 251 4.6
183 90 297 0.6
184 0 0 1.1
184 10 11 0.8
184 20 19 3.6
184 30 55 4.2
184 40 97 3.6
184 50 133 4
184 60 173 4.2
184 70 215 3.6
184 80 251 4.6
184 90 297 0.6
185 0 0 1.1
185 10 11 0.8
185 20 19 3.6
185 30 55 4.2
185 40 97 3.6
185 50 133 4
185 60 173 4.2
185 70 215 3.6
185 80 251 4.6
185 90 297 0.6
186 0 0 1.1
186 10 11 0.8
186 20 19 3.6
186 30 55 4.2
186 40 97 3.6
186 50 133 4
186 60 173 4.2
186 70 215 3.6
186 80 251 4.6
186 90 297 0.6
187 0 0 1.1
187 10 11 0.8
187 20 19 3.6
187 30 55 4.2
187 40 97 3.6
187 50 133 4
187 60 173 4.2
187 70 215 3.6
187 80 251 4.6
187 90 297 0.6
188 0 0 1.1
188 10 11 0.8
188 20 19 3.6
188 30 55 4.2
188 40 97 3.6
188 50 133 4
188 60 173 4.2
188 70 215 3.6
188 80 251 4.6
188 90 297 0.6
189 0 0 1.1
189 10 11 0.8
189 20 19 3.6
189 30 55 4.2
189 40 97 3.6
189 50 133 4
189 60 173 4.2
189 70 215 3.6
189 80 251 4.6
189 90 297 0.6
190 0 0 1.1
190 10 11 0.8
190 20 19 3.6
190 30 55 4.2
190 40 97 3.6
190 50 133 4
190 60 173 4.2
190 70 215 3.6
190 80 251 4.6
190 90 297 0.6
191 0 0 1.1
191 10 11 0.8
191 20 19 3.6
191 30 55 4.2
191 40 97 3.6
191 50 133 4
191 60 173 4.2
191 70 215 3.6
191 80 251 4.6
191 90 297 0.6
192 0 0 1.1
192 10 11 0.8
192 20 19 3.6
192 30 55 4.2
192 40 97 3.6
192 50 133 4
192 60 173 4.2
192 70 215 3.6
192 80 251 4.6
192 90 297 0.6
193 0 0 1.1
193 10 11 0.8
193 20 19 3.6
193 30 55 4.2
193 40 97 3.6
193 50 133 4
193 60 173 4.2
193 70 215 3.6
193 80 251 4.6
193 90 297 0.6
194 0 0 1.1
194 10 11 0.8
194 20 19 3.6
194 30 55 4.2
194 40 97 3.6
194 50 133 4
194 60 173 4.2
194 70 215 3.6
194 80 251 4.6
194 90 297 0.6
195 0 0 1.1
195 10 11 0.8
195 20 19 3.6
195 30 55 4.2
195 40 97 3.6
195 50 133 4
195 60 173 4.2
195 70 215 3.6
195 80 251 4.6
195 90 297 0.6
196 0 0 1.1
196 10 11 0.8
196 20 19 3.6
196 30 55 4.2
196 40 97 3.6
196 50 133 4
196 60 173 4.2
196 70 215 3.6
196 80 251 4.6
196 90 297 0.6
197 0 0 1.1
197 10 11 0.8
197 20 19 3.6
197 30 55 4.2
197 40 97 3.6
197 50 133 4
197 60 173 4.2
197 70 215 3.6
197 80 251 4.6
197 90 297 0.6
198 0 0 1.1
198 10 11 0.8
198 20 19 3.6
198 30 55 4.2
198 40 97 3.6
198 50 133 4
198 60 173 4.2
198 70 215 3.6
198 80 251 4.6
198 90 297 0.6
199 0 0 1.1
199 10 11 0.8
199 20 19 3.6
199 30 55 4.2
199 40 97 3.6
199 50 133 4
199 60 173 4.2
199 70 215 3.6
199 80 251 4.6
199 90 297 0.6
200 0 0 1.1
200 10 11 0.8
200 20 19 3.6
200 30 55 4.2
200 40 97 3.6
200 50 133 4
200 60 173 4.2
200 70 215 3.6
200 80 251 4.6
200 90 297 0.6
201 0 0 1.1
201 10 11 0.8
201 20 19 3.6
201 30 55 4.2
201 40 97 3.6
201 50 133 4
201 60 173 4.2
201 70 215 3.6
201 80 251 4.6
201 90 297 0.6
202 0 0 1.1
202 10 11 0.8
202 20 19 3.6
202 30 55 4.2
202 40 97 3.6
202 50 133 4
202 60 173 4.2
202 70 215 3.6
202 80 251 4.6
202 90 297 0.6
203 0 0 1.1
203 10 11 0.8
203 20 19 3.6
203 30 55 4.2
203 40 97 3.6
203 50 133 4
203 60 173 4.2
203 70 215 3.6
203 80 251 4.6
203 90 297 0.6
204 0 0 1.1
204 10 11 0.8
204 20 19 3.6
204 30 55 4.2
204 40 97 3.6
204 50 133 4
204 60 173 4.2
204 70 215 3.6
204 80 251 4.6
204 90 297 0.6
205 0 0 1.1
205 10 11 0.8
205 20 19 3.6
205 30 55 4.2
205 40 97 3.6
205 50 133 4
205 60 173 4.2
205 70 215 3.6
205 80 251 4.6
205 90 297 0.6
206 0 0 1.1
206 10 11 0.8
206 20 19 3.6
206 30 55 4.2
206 40 97 3.6
206 50 133 4
206 60 173 4.2
206 70 215 3.6
206 80 251 4.6
206 90 297 0.6
207 0 0 1.1
207 10 11 0.8
207 20 19 3.6
207 30 55 4.2
207 40 97 3.6
207 50 133 4
207 60 173 4.2
207 70 215 3.6
207 80 251 4.6
207 90 297 0.6
208 0 0 1.1
208 10 11 0.8
208 20 19 3.6
208 30 55 4.2
208 40 97 3.6
208 50 133 4
208 60 173 4.2
208 70 215 3.6
208 80 251 4.6
208 90 297 0.6
209 0 0 1.1
209 10 11 0.8
209 20 19 3.6
209 30 55 4.2
209 40 97 3.6
209 50 133 4
209 60 173 4.2
209 70 215 3.6
209 80 251 4.6
209 90 297 0.6
210 0 0 1.1
210 10 11 0.8
210 20 19 3.6
210 30 55 4.2
210 40 97 3.6
210 50 133 4
210 60 173 4.2
210 70 215 3.6
210 80 251 4.6
210 90 297 0.6
211 0 0 1.1
211 10 11 0.8
211 20 19 3.6
211 30 55 4.2
211 40 97 3.6
211 50 133 4
211 60 173 4.2
211 70 215 3.6
211 80 251 4.6
211 90 297 0.6
212 0 0 1.1
212 10 11 0.8
212 20 19 3.6
212 30 55 4.2
212 40 97 3.6
212 50 133 4
212 60 173 4.2
212 70 215 3.6
212 80 251 4.6
212 90 297 0.6
213 0 0 1.1
213 10 11 0.8
213 20 19 3.6
213 30 55 4.2
213 40 97 3.6
213 50 133 4
213 60 173 4.2
213 70 215 3.6
213 80 251 4.6
213 90 297 0.6
214 0 0 1.1
214 10 11 0.8
214 20 19 3.6
214 30 55 4.2
214 40 97 3.6
214 50 133 4
214 60 173 4.2
214 70 215 3.6
214 80 251 4.6
214 90 297 0.6
215 0 0 1.1
215 10 11 0.8
215 20 19 3.6
215 30 55 4.2
215 40 97 3.6
215 50 133 4
215 60 173 4.2
215 70 215 3.6
215 80 251 4.6
215 90 297 0.6
216 0 0 1.1
216 10 11 0.8
216 20 19 3.6
216 30 55 4.2
216 40 97 3.6
216 50 133 4
216 60 173 4.2
216 70 215 3.6
216 80 251 4.6
216 90 297 0.6
217 0 0 1.1
217 10 11 0.8
217 20 19 3.6
217 30 55 4.2
217 40 97 3.6
217 50 133 4
217 60 173 4.2
217 70 215 3.6
217 80 251 4.6
217 90 297 0.6
218 0 0 1.1
218 10 11 0.8
218 20 19 3.6
218 30 55 4.2
218 40 97 3.6
218 50 133 4
218 60 173 4.2
218 70 215 3.6
218 80 251 4.6
218 90 297 0.6
219 0 0 1.1
219 10 11 0.8
219 20 19 3.6
219 30 55 4.2
219 40 97 3.6
219 50 133 4
219 60 173 4.2
219 70 215 3.6
219 80 251 4.6
219 90 297 0.6
220 0 0 1.1
220 10 11 0.8
220 20 19 3.6
220 30 55 4.2
220 40 97 3.6
220 50 133 4
220 60 173 4.2
220 70 215 3.6
220 80 251 4.6
220 90 297 0.6
221 0 0 1.1
221 10 11 0.8
221 20 19 3.6
221 30 55 4.2
221 40 97 3.6
221 50 133 4
221 60 173 4.2
221 70 215 3.6
221 80 251 4.6
221 90 297 0.6
222 0 0 1.1
222 10 11 0.8
222 20 19 3.6
222 30 55 4.2
222 40 97 3.6
222 50 133 4
222 60 173 4.2
222 70 215 3.6
222 80 251 4.6
222 90 297 0.6
223 0 0 1.1
223 10 11 0.8
223 20 19 3.6
223 30 55 4.2
223 40 97 3.6
223 50 133 4
223 60 173 4.2
223 70 215 3.6
223 80 251 4.6
223 90 297 0.6
224 0 0 1.1
224 10 11 0.8
224 20 19 3.6
224 30 55 4.2
224 40 97 3.6
224 50 133 4
224 60 173 4.2
224 70 215 3.6
224 80 251 4.6
224 90 297 0.6
225 0 0 1.1
225 10 11 0.8
225 20 19 3.6
225 30 55 4.2
225 40 97 3.6
225 50 133 4
225 60 173 4.2
225 70 215 3.6
225 80 251 4.6
225 90 297 0.6
226 0 0 1.1
226 10 11 0.8
226 20 19 3.6
226 30 55 4.2
226 40 97 3.6
226 50 133 4
226 60 173 4.2
226 70 215 3.6
226 80 251 4.6
226 90 297 0.6
227 0 0 1.1
227 10 11 0.8
227 20 19 3.6
227 30 55 4.2
227 40 97 3.6
227 50 133 4
227 60 173 4.2
227 70 215 3.6
227 80 251 4.6
227 90 297 0.6
228 0 0 1.1
228 10 11 0.8
228 20 19 3.6
228 30 55 4.2
228 40 97 3.6
228 50 133 4
228 60 173 4.2
228 70 215 3.6
228 80 251 4.6
228 90 297 0.6
229 0 0 1.1
229 10 11 0.8
229 20 19 3.6
229 30 55 4.2
229 40 97 3.6
229 50 133 4
229 60 173 4.2
229 70 215 3.6
229 80 251 4.6
229 90 297 0.6
230 0 0 1.1
230 10 11 0.8
230 20 19 3.6
230 30 55 4.2
230 40 97 3.6
230 50 133 4
230 60 173 4.2
230 70 215 3.6
230 80 251 4.6
230 90 297 0.6
231 0 0 1.1
231 10 11 0.8
231 20 19 3.6
231 30 55 4.2
231 40 97 3.6
231 50 133 4
231 60 173 4.2
231 70 215 3.6
231 80 251 4.6
231 90 297 0.6
232 0 0 1.1
232 10 11 0.8
232 20 19 3.6
232 30 55 4.2
232 40 97 3.6
232 50 133 4
232 60 173 4.2
232 70 215 3.6
232 80 251 4.6
232 90 297 0.6
233 0 0 1.1
233 10 11 0.8
233 20 19 3.6
233 30 55 4.2
233 40 97 3.6
233 50 133 4
233 60 173 4.2
233 70 215 3.6
233 80 251 4.6
233 90 297 0.6
234 0 0 1.1
234 10 11 0.8
234 20 19 3.6
234 30 55 4.2
234 40 97 3.6
234 50 133 4
234 60 173 4.2
234 70 215 3.6
234 80 251 4.6
234 90 297 0.6
235 0 0 1.1
235 10 11 0.8
235 20 19 3.6
235 30 55 4.2
235 40 97 3.6
235 50 133 4
235 60 173 4.2
235 70 215 3.6
235 80 251 4.6
235 90 297 0.6
236 0 0 1.1
236 10 11 0.8
236 20 19 3.6
236 30 55 4.2
236 40 97 3.6
236 50 133 4
236 60 173 4.2
236 70 215 3.6
236 80 251 4.6
236 90 297 0.6
237 0 0 1.1
237 10 11 0.8
237 20 19 3.6
237 30 55 4.2
237 40 97 3.6
237 50 133 4
237 60 173 4.2
237 70 215 3.6
237 80 251 4.6
237 90 297 0.6
238 0 0 1.1
238 10 11 0.8
238 20 19 3.6
238 30 55 4.2
238 40 97 3.6
238 50 133 4
238 60 173 4.2
238 70 215 3.6
238 80 251 4.6
238 90 297 0.6
239 0 0 1.1
239 10 11 0.8
239 20 19 3.6
239 30 55 4.2
239 40 97 3.6
239 50 133 4
239 60 173 4.2
239 70 215 3.6
239 80 251 4.6
239 90 297 0.6
240 0 0 1.1
240 10 11 0.8
240 20 19 3.6
240 30 55 4.2
240 40 97 3.6
240 50 133 4
240 60 173 4.2
240 70 215 3.6
240 80 251 4.6
240 90 297 0.6
241 0 0 1.1
241 10 11 0.8
241 20 19 3.6
241 30 55 4.2
241 40 97 3.6
241 50 133 4
241 60 173 4.2
241 70 215 3.6
241 80 251 4.6
241 90 297 0.6
242 0 0 1.1
242 10 11 0.8
242 20 19 3.6
242 30 55 4.2
242 40 97 3.6
242 50 133 4
242 60 173 4.2
242 70 215 3.6
242 80 251 4.6
242 90 297 0.6
243 0 0 1.1
243 10 11 0.8
243 20 19 3.6
243 30 55 4.2
243 40 97 3.6
243 50 133 4
243 60 173 4.2
243 70 215 3.6
243 80 251 4.6
243 90 297 0.6
244 0 0 1.1
244 10 11 0.8
244 20 19 3.6
244 30 55 4.2
244 40 97 3.6
244 50 133 4
244 60 173 4.2
244 70 215 3.6
244 80 251 4.6
244 90 297 0.6
245 0 0 1.1
245 10 11 0.8
245 20 19 3.6
245 30 55 4.2
245 40 97 3.6
245 50 133 4
245 60 173 4.2
245 70 215 3.6
245 80 251 4.6
245 90 297 0.6
246 0 0 1.1
246 10 11 0.8
246 20 19 3.6
246 30 55 4.2
246 40 97 3.6
246 50 133 4
246 60 173 4.2
246 70 215 3.6
246 80 251 4.6
246 90 297 0.6
247 0 0 1.1
247 10 11 0.8
247 20 19 3.6
247 30 55 4.2
247 40 97 3.6
247 50 133 4
247 60 173 4.2
247 70 215 3.6
247 80 251 4.6
247 90 297 0.6
248 0 0 1.1
248 10 11 0.8
248 20 19 3.6
248 30 55 4.2
248 40 97 3.6
248 50 133 4
248 60 173 4.2
248 70 215 3.6
248 80 251 4.6
248 90 297 0.6
249 0 0 1.1
249 10 11 0.8
249 20 19 3.6
249 30 55 4.2
249 40 97 3.6
249 50 133 4
249 60 173 4.2
249 70 215 3.6
249 80 251 4.6
249 90 297 0.6
250 0 0 1.1
250 10 11 0.8
250 20 19 3.6
250 30 55 4.2
250 40 97 3.6
250 50 133 4
250 60 173 4.2
250 70 215 3.6
250 80 251 4.6
250 90 297 0.6
251 0 0 1.1
251 10 11 0.8
251 20 19 3.6
251 30 55 4.2
251 40 97 3.6
251 50 133 4
251 60 173 4.2
251 70 215 3.6
251 80 251 4.6
251 90 297 0.6
252 0 0 1.1
252 10 11 0.8
252 20 19 3.6
252 30 55 4.2
252 40 97 3.6
252 50 133 4
252 60 173 4.2
252 70 215 3.6
252 80 251 4.6
252 90 297 0.6
253 0 0 1.1
253 10 11 0.8
253 20 19 3.6
253 30 55 4.2
253 40 97 3.6
253 50 133 4
253 60 173 4.2
253 70 215 3.6
253 80 251 4.6
253 90 297 0.6
254 0 0 1.1
254 10 11 0.8
254 20 19 3.6
254 30 55 4.2
254 40 97 3.6
254 50 133 4
254 60 173 4.2
254 70 215 3.6
254 80 251 4.6
254 90 297 0.6
255 0 0 1.1
255 10 11 0.8
255 20 19 3.6
255 30 55 4.2
255 40 97 3.6
255 50 133 4
255 60 173 4.2
255 70 215 3.6
255 80 251 4.6
255 90 297 0.6
256 0 0 1.1
256 10 11 0.8
256 20 19 3.6
256 30 55 4.2
256 40 97 3.6
256 50 133 4
256 60 173 4.2
256 70 215 3.6
256 80 251 4.6
256 90 297 0.6
257 0 0 1.1
257 10 11 0.8
257 20 19 3.6
257 30 55 4.2
257 40 97 3.6
257 50 133 4
257 60 173 4.2
257 70 215 3.6
257 80 251 4.6
257 90 297 0.6
258 0 0 1.1
258 10 11 0.8
258 20 19 3.6
258 30 55 4.2
258 40 97 3.6
258 50 133 4
258 60 173 4.2
258 70 215 3.6
258 80 251 4.6
258 90 297 0.6
259 0 0 1.1
259 10 11 0.8
259 20 19 3.6
259 30 55 4.2
259 40 97 3.6
259 50 133 4
259 60 173 4.2
259 70 215 3.6
259 80 251 4.6
259 90 297 0.6
260 0 0 1.1
260 10 11 0.8
260 20 19 3.6
260 30 55 4.2
260 40 97 3.6
260 50 133 4
260 60 173 4.2
260 70 215 3.6
260 80 251 4.6
260 90 297 0.6
261 0 0 1.1
261 10 11 0.8
261 20 19 3.6
261 30 55 4.2
261 40 97 3.6
261 50 133 4
261 60 173 4.2
261 70 215 3.6
261 80 251 4.6
261 90 297 0.6
262 0 0 1.1
262 10 11 0.8
262 20 19 3.6
262 30 55 4.2
262 40 97 3.6
262 50 133 4
262 60 173 4.2
262 70 215 3.6
262 80 251 4.6
262 90 297 0.6
263 0 0 1.1
263 10 11 0.8
263 20 19 3.6
263 30 55 4.2
263 40 97 3.6
263 50 133 4
263 60 173 4.2
263 70 215 3.6
263 80 251 4.6
263 90 297 0.6
264 0 0 1.1
264 10 11 0.8
264 20 19 3.6
264 30 55 4.2
264 40 97 3.6
264 50 133 4
264 60 173 4.2
264 70 215 3.6
264 80 251 4.6
264 90 297 0.6
265 0 0 1.1
265 10 11 0.8
265 20 19 3.6
265 30 55 4.2
265 40 97 3.6
265 50 133 4
265 60 173 4.2
265 70 215 3.6
265 80 251 4.6
265 90 297 0.6
266 0 0 1.1
266 10 11 0.8
266 20 19 3.6
266 30 55 4.2
266 40 97 3.6
266 50 133 4
266 60 173 4.2
266 70 215 3.6
266 80 251 4.6
266 90 297 0.6
267 0 0 1.1
267 10 11 0.8
267 20 19 3.6
267 30 55 4.2
267 40 97 3.6
267 50 133 4
267 60 173 4.2
267 70 215 3.6
267 80 251 4.6
267 90 297 0.6
268 0 0 1.1
268 10 11 0.8
268 20 19 3.6
268 30 55 4.2
268 40 97 3.6
268 50 133 4
268 60 173 4.2
268 70 215 3.6
268 80 251 4.6
268 90 297 0.6
269 0 0 1.1
269 10 11 0.8
269 20 19 3.6
269 30 55 4.2
269 40 97 3.6
269 50 133 4
269 60 173 4.2
269 70 215 3.6
269 80 251 4.6
269 90 297 0.6
270 0 0 1.1
270 10 11 0.8
270 20 19 3.6
270 30 55 4.2
270 40 97 3.6
270 50 133 4
270 60 173 4.2
270 70 215 3.6
270 80 251 4.6
270 90 297 0.6
271 0 0 1.1
271 10 11 0.8
271 20 19 3.6
271 30 55 4.2
271 40 97 3.6
271 50 133 4
271 60 173 4.2
271 70 215 3.6
271 80 251 4.6
271 90 297 0.6
272 0 0 1.1
272 10 11 0.8
272 20 19 3.6
272 30 55 4.2
272 40 97 3.6
272 50 133 4
272 60 173 4.2
272 70 215 3.6
272 80 251 4.6
272 90 297 0.6
273 0 0 1.1
273 10 11 0.8
273 20 19 3.6
273 30 55 4.2
273 40 97 3.6
273 50 133 4
273 60 173 4.2
273 70 215 3.6
273 80 251 4.6
273 90 297 0.6
274 0 0 1.1
274 10 11 0.8
274 20 19 3.6
274 30 55 4.2
274 40 97 3.6
274 50 133 4
274 60 173 4.2
274 70 215 3.6
274 80 251 4.6
274 90 297 0.6
275 0 0 1.1
275 10 11 0.8
275 20 19 3.6
275 30 55 4.2
275 40 97 3.6
275 50 133 4
275 60 173 4.2
275 70 215 3.6
275 80 251 4.6
275 90 297 0.6
276 0 0 1.1
276 10 11 0.8
276 20 19 3.6
276 30 55 4.2
276 40 97 3.6
276 50 133 4
276 60 173 4.2
276 70 215 3.6
276 80 251 4.6
276 90 297 0.6
277 0 0 1.1
277 10 11 0.8
277 20 19 3.6
277 30 55 4.2
277 40 97 3.6
277 50 133 4
277 60 173 4.2
277 70 215 3.6
277 80 251 4.6
277 90 297 0.6
278 0 0 1.1
278 10 11 0.8
278 20 19 3.6
278 30 55 4.2
278 40 97 3.6
278 50 133 4
278 60 173 4.2
278 70 215 3.6
278 80 251 4.6
278 90 297 0.6
279 0 0 1.1
279 10 11 0.8
279 20 19 3.6
279 30 55 4.2
279 40 97 3.6
279 50 133 4
279 60 173 4.2
279 70 215 3.6
279 80 251 4.6
279 90 297 0.6
280 0 0 1.1
280 10 11 0.8
280 20 19 3.6
280 30 55 4.2
280 40 97 3.6
280 50 133 4
280 60 173 4.2
280 70 215 3.6
280 80 251 4.6
280 90 297 0.6
281 0 0 1.1
281 10 11 0.8
281 20 19 3.6
281 30 55 4.2
281 40 97 3.6
281 50 133 4
281 60 173 4.2
281 70 215 3.6
281 80 251 4.6
281 90 297 0.6
282 0 0 1.1
282 10 11 0.8
282 20 19 3.6
282 30 55 4.2
282 40 97 3.6
282 50 133 4
282 60 173 4.2
282 70 215 3.6
282 80 251 4.6
282 90 297 0.6
283 0 0 1.1
283 10 11 0.8
283 20 19 3.6
283 30 55 4.2
283 40 97 3.6
283 50 133 4
283 60 173 4.2
283 70 215 3.6
283 80 251 4.6
283 90 297 0.6
284 0 0 1.1
284 10 11 0.8
284 20 19 3.6
284 30 55 4.2
284 40 97 3.6
284 50 133 4
284 60 173 4.2
284 70 215 3.6
284 80 251 4.6
284 90 297 0.6
285 0 0 1.1
285 10 11 0.8
285 20 19 3.6
285 30 55 4.2
285 40 97 3.6
285 50 133 4
285 60 173 4.2
285 70 215 3.6
285 80 251 4.6
285 90 297 0.6
286 0 0 1.1
286 10 11 0.8
286 20 19 3.6
286 30 55 4.2
286 40 97 3.6
286 50 133 4
286 60 173 4.2
286 70 215 3.6
286 80 251 4.6
286 90 297 0.6
287 0 0 1.1
287 10 11 0.8
287 20 19 3.6
287 30 55 4.2
287 40 97 3.6
287 50 133 4
287 60 173 4.2
287 70 215 3.6
287 80 251 4.6
287 90 297 0.6
288 0 0 1.1
288 10 11 0.8
288 20 19 3.6
288 30 55 4.2
288 40 97 3.6
288 50 133 4
288 60 173 4.2
288 70 215 3.6
288 80 251 4.6
288 90 297 0.6
289 0 0 1.1
289 10 11 0.8
289 20 19 3.6
289 30 55 4.2
289 40 97 3.6
289 50 133 4
289 60 173 4.2
289 70 215 3.6
289 80 251 4.6
289 90 297 0.6
290 0 0 1.1
290 10 11 0.8
290 20 19 3.6
290 30 55 4.2
290 40 97 3.6
290 50 133 4
290 60 173 4.2
290 70 215 3.6
290 80 251 4.6
290 90 297 0.6
291 0 0 1.1
291 10 11 0.8
291 20 19 3.6
291 30 55 4.2
291 40 97 3.6
291 50 133 4
291 60 173 4.2
291 70 215 3.6
291 80 251 4.6
291 90 297 0.6
292 0 0 1.1
292 10 11 0.8
292 20 19 3.6
292 30 55 4.2
292 40 97 3.6
292 50 133 4
292 60 173 4.2
292 70 215 3.6
292 80 251 4.6
292 90 297 0.6
293 0 0 1.1
293 10 11 0.8
293 20 19 3.6
293 30 55 4.2
293 40 97 3.6
293 50 133 4
293 60 173 4.2
293 70 215 3.6
293 80 251 4.6
293 90 297 0.6
294 0 0 1.1
294 10 11 0.8
294 20 19 3.6
294 30 55 4.2
294 40 97 3.6
294 50 133 4
294 60 173 4.2
294 70 215 3.6
294 80 251 4.6
294 90 297 0.6
295 0 0 1.1
295 10 11 0.8
295 20 19 3.6
295 30 55 4.2
295 40 97 3.6
295 50 133 4
295 60 173 4.2
295 70 215 3.6
295 80 251 4.6
295 90 297 0.6
296 0 0 1.1
296 10 11 0.8
296 20 19 3.6
296 30 55 4.2
296 40 97 3.6
296 50 133 4
296 60 173 4.2
296 70 215 3.6
296 80 251 4.6
296 90 297 0.6
297 0 0 1.1
297 10 11 0.8
297 20 19 3.6
297 30 55 4.2
297 40 97 3.6
297 50 133 4
297 60 173 4.2
297 70 215 3.6
297 80 251 4.6
297 90 297 0.6
298 0 0 1.1
298 10 11 0.8
298 20 19 3.6
298 30 55 4.2
298 40 97 3.6
298 50 133 4
298 60 173 4.2
298 70 215 3.6
298 80 251 4.6
298 90 297 0.6
299 0 0 1.1
299 10 11 0.8
299 20 19 3.6
299 30 55 4.2
299 40 97 3.6
299 50 133 4
299 60 173 4.2
299 70 215 3.6
299 80 251 4.6
299 90 297 0.6
300 0 0 1.1
300 10 11 0.8
300 20 19 3.6
300 30 55 4.2
300 40 97 3.6
300 50 133 4
300 60 173 4.2
300 70 215 3.6
300 80 251 4.6
300 90 297 0.6
301 0 0 1.1
301 10 11 0.8
301 20 19 3.6
301 30 55 4.2
301 40 97 3.6
301 50 133 4
301 60 173 4.2
301 70 215 3.6
301 80 251 4.6
301 90 297 0.6
302 0 0 1.1
302 10 11 0.8
302 20 19 3.6
302 30 55 4.2
302 40 97 3.6
302 50 133 4
302 60 173 4.2
302 70 215 3.6
302 80 251 4.6
302 90 297 0.6
303 0 0 1.1
303 10 11 0.8
303 20 19 3.6
303 30 55 4.2
303 40 97 3.6
303 50 133 4
303 60 173 4.2
303 70 215 3.6
303 80 251 4.6
303 90 297 0.6
304 0 0 1.1
304 10 11 0.8
304 20 19 3.6
304 30 55 4.2
304 40 97 3.6
304 50 133 4
304 60 173 4.2
304 70 215 3.6
304 80 251 4.6
304 90 297 0.6
305 0 0 1.1
305 10 11 0.8
305 20 19 3.6
305 30 55 4.2
305 40 97 3.6
305 50 133 4
305 60 173 4.2
305 70 215 3.6
305 80 251 4.6
305 90 297 0.6
306 0 0 1.1
306 10 11 0.8
306 20 19 3.6
306 30 55 4.2
306 40 97 3.6
306 50 133 4
306 60 173 4.2
306 70 215 3.6
306 80 251 4.6
306 90 297 0.6
307 0 0 1.1
307 10 11 0.8
307 20 19 3.6
307 30 55 4.2
307 40 97 3.6
307 50 133 4
307 60 173 4.2
307 70 215 3.6
307 80 251 4.6
307 90 297 0.6
308 0 0 1.1
308 10 11 0.8
308 20 19 3.6
308 30 55 4.2
308 40 97 3.6
308 50 133 4
308 60 173 4.2
308 70 215 3.6
308 80 251 4.6
308 90 297 0.6
309 0 0 1.1
309 10 11 0.8
309 20 19 3.6
309 30 55 4.2
309 40 97 3.6
309 50 133 4
309 60 173 4.2
309 70 215 3.6
309 80 251 4.6
309 90 297 0.6
310 0 0 1.1
310 10 11 0.8
310 20 19 3.6
310 30 55 4.2
310 40 97 3.6
310 50 133 4
310 60 173 4.2
310 70 215 3.6
310 80 251 4.6
310 90 297 0.6
311 0 0 1.1
311 10 11 0.8
311 20 19 3.6
311 30 55 4.2
311 40 97 3.6
311 50 133 4
311 60 173 4.2
311 70 215 3.6
311 80 251 4.6
311 90 297 0.6
312 0 0 1.1
312 10 11 0.8
312 20 19 3.6
312 30 55 4.2
312 40 97 3.6
312 50 133 4
312 60 173 4.2
312 70 215 3.6
312 80 251 4.6
312 90 297 0.6
313 0 0 1.1
313 10 11 0.8
313 20 19 3.6
313 30 55 4.2
313 40 97 3.6
313 50 133 4
313 60 173 4.2
313 70 215 3.6
313 80 251 4.6
313 90 297 0.6
314 0 0 1.1
314 10 11 0.8
314 20 19 3.6
314 30 55 4.2
314 40 97 3.6
314 50 133 4
314 60 173 4.2
314 70 215 3.6
314 80 251 4.6
314 90 297 0.6
315 0 0 1.1
315 10 11 0.8
315 20 19 3.6
315 30 55 4.2
315 40 97 3.6
315 50 133 4
315 60 173 4.2
315 70 215 3.6
315 80 251 4.6
315 90 297 0.6
316 0 0 1.1
316 10 11 0.8
316 20 19 3.6
316 30 55 4.2
316 40 97 3.6
316 50 133 4
316 60 173 4.2
316 70 215 3.6
316 80 251 4.6
316 90 297 0.6
317 0 0 1.1
317 10 11 0.8
317 20 19 3.6
317 30 55 4.2
317 40 97 3.6
317 50 133 4
317 60 173 4.2
317 70 215 3.6
317 80 251 4.6
317 90 297 0.6
318 0 0 1.1
318 10 11 0.8
318 20 19 3.6
318 30 55 4.2
318 40 97 3.6
318 50 133 4
318 60 173 4.2
318 70 215 3.6
318 80 251 4.6
318 90 297 0.6
319 0 0 1.1
319 10 11 0.8
319 20 19 3.6
319 30 55 4.2
319 40 97 3.6
319 50 133 4
319 60 173 4.2
319 70 215 3.6
319 80 251 4.6
319 90 297 0.6
320 0 0 1.1
320 10 11 0.8
320 20 19 3.6
320 30 55 4.2
320 40 97 3.6
320 50 133 4
320 60 173 4.2
320 70 215 3.6
320 80 251 4.6
320 90 297 0.6
321 0 0 1.1
321 10 11 0.8
321 20 19 3.6
321 30 55 4.2
321 40 97 3.6
321 50 133 4
321 60 173 4.2
321 70 215 3.6
321 80 251 4.6
321 90 297 0.6
322 0 0 1.1
322 10 11 0.8
322 20 19 3.6
322 30 55 4.2
322 40 97 3.6
322 50 133 4
322 60 173 4.2
322 70 215 3.6
322 80 251 4.6
322 90 297 0.6
323 0 0 1.1
323 10 11 0.8
323 20 19 3.6
323 30 55 4.2
323 40 97 3.6
323 50 133 4
323 60 173 4.2
323 70 215 3.6
323 80 251 4.6
323 90 297 0.6
324 0 0 1.1
324 10 11 0.8
324 20 19 3.6
324 30 55 4.2
324 40 97 3.6
324 50 133 4
324 60 173 4.2
324 70 215 3.6
324 80 251 4.6
324 90 297 0.6
325 0 0 1.1
325 10 11 0.8
325 20 19 3.6
325 30 55 4.2
325 40 97 3.6
325 50 133 4
325 60 173 4.2
325 70 215 3.6
325 80 251 4.6
325 90 297 0.6
326 0 0 1.1
326 10 11 0.8
326 20 19 3.6
326 30 55 4.2
326 40 97 3.6
326 50 133 4
326 60 173 4.2
326 70 215 3.6
326 80 251 4.6
326 90 297 0.6
327 0 0 1.1
327 10 11 0.8
327 20 19 3.6
327 30 55 4.2
327 40 97 3.6
327 50 133 4
327 60 173 4.2
327 70 215 3.6
327 80 251 4.6
327 90 297 0.6
328 0 0 1.1
328 10 11 0.8
328 20 19 3.6
328 30 55 4.2
328 40 97 3.6
328 50 133 4
328 60 173 4.2
328 70 215 3.6
328 80 251 4.6
328 90 297 0.6
329 0 0 1.1
329 10 11 0.8
329 20 19 3.6
329 30 55 4.2
329 40 97 3.6
329 50 133 4
329 60 173 4.2
329 70 215 3.6
329 80 251 4.6
329 90 297 0.6
330 0 0 1.1
330 10 11 0.8
330 20 19 3.6
330 30 55 4.2
330 40 97 3.6
330 50 133 4
330 60 173 4.2
330 70 215 3.6
330 80 251 4.6
330 90 297 0.6
331 0 0 1.1
331 10 11 0.8
331 20 19 3.6
331 30 55 4.2
331 40 97 3.6
331 50 133 4
331 60 173 4.2
331 70 215 3.6
331 80 251 4.6
331 90 297 0.6
332 0 0 1.1
332 10 11 0.8
332 20 19 3.6
332 30 55 4.2
332 40 97 3.6
332 50 133 4
332 60 173 4.2
332 70 215 3.6
332 80 251 4.6
332 90 297 0.6
333 0 0 1.1
333 10 11 0.8
333 20 19 3.6
333 30 55 4.2
333 40 97 3.6
333 50 133 4
333 60 173 4.2
333 70 215 3.6
333 80 251 4.6
333 90 297 0.6
334 0 0 1.1
334 10 11 0.8
334 20 19 3.6
334 30 55 4.2
334 40 97 3.6
334 50 133 4
334 60 173 4.2
334 70 215 3.6
334 80 251 4.6
334 90 297 0.6
335 0 0 1.1
335 10 11 0.8
335 20 19 3.6
335 30 55 4.2
335 40 97 3.6
335 50 133 4
335 60 173 4.2
335 70 215 3.6
335 80 251 4.6
335 90 297 0.6
336 0 0 1.1
336 10 11 0.8
336 20 19 3.6
336 30 55 4.2
336 40 97 3.6
336 50 133 4
336 60 173 4.2
336 70 215 3.6
336 80 251 4.6
336 90 297 0.6
337 0 0 1.1
337 10 11 0.8
337 20 19 3.6
337 30 55 4.2
337 40 97 3.6
337 50 133 4
337 60 173 4.2
337 70 215 3.6
337 80 251 4.6
337 90 297 0.6
338 0 0 1.1
338 10 11 0.8
338 20 19 3.6
338 30 55 4.2
338 40 97 3.6
338 50 133 4
338 60 173 4.2
338 70 215 3.6
338 80 251 4.6
338 90 297 0.6
339 0 0 1.1
339 10 11 0.8
339 20 19 3.6
339 30 55 4.2
339 40 97 3.6
339 50 133 4
339 60 173 4.2
339 70 215 3.6
339 80 251 4.6
339 90 297 0.6
340 0 0 1.1
340 10 11 0.8
340 20 19 3.6
340 30 55 4.2
340 40 97 3.6
340 50 133 4
340 60 173 4.2
340 70 215 3.6
340 80 251 4.6
340 90 297 0.6
341 0 0 1.1
341 10 11 0.8
341 20 19 3.6
341 30 55 4.2
341 40 97 3.6
341 50 133 4
341 60 173 4.2
341 70 215 3.6
341 80 251 4.6
341 90 297 0.6
342 0 0 1.1
342 10 11 0.8
342 20 19 3.6
342 30 55 4.2
342 40 97 3.6
342 50 133 4
342 60 173 4.2
342 70 215 3.6
342 80 251 4.6
342 90 297 0.6
343 0 0 1.1
343 10 11 0.8
343 20 19 3.6
343 30 55 4.2
343 40 97 3.6
343 50 133 4
343 60 173 4.2
343 70 215 3.6
343 80 251 4.6
343 90 297 0.6
344 0 0 1.1
344 10 11 0.8
344 20 19 3.6
344 30 55 4.2
344 40 97 3.6
344 50 133 4
344 60 173 4.2
344 70 215 3.6
344 80 251 4.6
344 90 297 0.6
345 0 0 1.1
345 10 11 0.8
345 20 19 3.6
345 30 55 4.2
345 40 97 3.6
345 50 133 4
345 60 173 4.2
345 70 215 3.6
345 80 251 4.6
345 90 297 0.6
346 0 0 1.1
346 10 11 0.8
346 20 19 3.6
346 30 55 4.2
346 40 97 3.6
346 50 133 4
346 60 173 4.2
346 70 215 3.6
346 80 251 4.6
346 90 297 0.6
347 0 0 1.1
347 10 11 0.8
347 20 19 3.6
347 30 55 4.2
347 40 97 3.6
347 50 133 4
347 60 173 4.2
347 70 215 3.6
347 80 251 4.6
347 90 297 0.6
348 0 0 1.1
348 10 11 0.8
348 20 19 3.6
348 30 55 4.2
348 40 97 3.6
348 50 133 4
348 60 173 4.2
348 70 215 3.6
348 80 251 4.6
348 90 297 0.6
349 0 0 1.1
349 10 11 0.8
349 20 19 3.6
349 30 55 4.2
349 40 97 3.6
349 50 133 4
349 60 173 4.2
349 70 215 3.6
349 80 251 4.6
349 90 297 0.6
350 0 0 1.1
350 10 11 0.8
350 20 19 3.6
350 30 55 4.2
350 40 97 3.6
350 50 133 4
350 60 173 4.2
350 70 215 3.6
350 80 251 4.6
350 90 297 0.6
351 0 0 1.1
351 10 11 0.8
351 20 19 3.6
351 30 55 4.2
351 40 97 3.6
351 50 133 4
351 60 173 4.2
351 70 215 3.6
351 80 251 4.6
351 90 297 0.6
352 0 0 1.1
352 10 11 0.8
352 20 19 3.6
352 30 55 4.2
352 40 97 3.6
352 50 133 4
352 60 173 4.2
352 70 215 3.6
352 80 251 4.6
352 90 297 0.6
353 0 0 1.1
353 10 11 0.8
353 20 19 3.6
353 30 55 4.2
353 40 97 3.6
353 50 133 4
353 60 173 4.2
353 70 215 3.6
353 80 251 4.6
353 90 297 0.6
354 0 0 1.1
354 10 11 0.8
354 20 19 3.6
354 30 55 4.2
354 40 97 3.6
354 50 133 4
354 60 173 4.2
354 70 215 3.6
354 80 251 4.6
354 90 297 0.6
355 0 0 1.1
355 10 11 0.8
355 20 19 3.6
355 30 55 4.2
355 40 97 3.6
355 50 133 4
355 60 173 4.2
355 70 215 3.6
355 80 251 4.6
355 90 297 0.6
356 0 0 1.1
356 10 11 0.8
356 20 19 3.6
356 30 55 4.2
356 40 97 3.6
356 50 133 4
356 60 173 4.2
356 70 215 3.6
356 80 251 4.6
356 90 297 0.6
357 0 0 1.1
357 10 11 0.8
357 20 19 3.6
357 30 55 4.2
357 40 97 3.6
357 50 133 4
357 60 173 4.2
357 70 215 3.6
357 80 251 4.6
357 90 297 0.6
358 0 0 1.1
358 10 11 0.8
358 20 19 3.6
358 30 55 4.2
358 40 97 3.6
358 50 133 4
358 60 173 4.2
358 70 215 3.6
358 80 251 4.6
358 90 297 0.6
359 0 0 1.1
359 10 11 0.8
359 20 19 3.6
359 30 55 4.2
359 40 97 3.6
359 50 133 4
359 60 173 4.2
359 70 215 3.6
359 80 251 4.6
359 90 297 0.6
360 0 0 1.1
360 10 11 0.8
360 20 19 3.6
360 30 55 4.2
360 40 97 3.6
360 50 133 4
360 60 173 4.2
360 70 215 3.6
360 80 251 4.6
360 90 297 0.6
361 0 0 1.1
361 10 11 0.8
361 20 19 3.6
361 30 55 4.2
361 40 97 3.6
361 50 133 4
361 60 173 4.2
361 70 215 3.6
361 80 251 4.6
361 90 297 0.6
362 0 0 1.1
362 10 11 0.8
362 20 19 3.6
362 30 55 4.2
362 40 97 3.6
362 50 133 4
362 60 173 4.2
362 70 215 3.6
362 80 251 4.6
362 90 297 0.6
363 0 0 1.1
363 10 11 0.8
363 20 19 3.6
363 30 55 4.2
363 40 97 3.6
363 50 133 4
363 60 173 4.2
363 70 215 3.6
363 80 251 4.6
363 90 297 0.6
364 0 0 1.1
364 10 11 0.8
364 20 19 3.6
364 30 55 4.2
364 40 97 3.6
364 50 133 4
364 60 173 4.2
364 70 215 3.6
364 80 251 4.6
364 90 297 0.6
365 0 0 1.1
365 10 11 0.8
365 20 19 3.6
365 30 55 4.2
365 40 97 3.6
365 50 133 4
365 60 173 4.2
365 70 215 3.6
365 80 251 4.6
365 90 297 0.6
366 0 0 1.1
366 10 11 0.8
366 20 19 3.6
366 30 55 4.2
366 40 97 3.6
366 50 133 4
366 60 173 4.2
366 70 215 3.6
366 80 251 4.6
366 90 297 0.6
367 0 0 1.1
367 10 11 0.8
367 20 19 3.6
367 30 55 4.2
367 40 97 3.6
367 50 133 4
367 60 173 4.2
367 70 215 3.6
367 80 251 4.6
367 90 297 0.6
368 0 0 1.1
368 10 11 0.8
368 20 19 3.6
368 30 55 4.2
368 40 97 3.6
368 50 133 4
368 60 173 4.2
368 70 215 3.6
368 80 251 4.6
368 90 297 0.6
369 0 0 1.1
369 10 11 0.8
369 20 19 3.6
369 30 55 4.2
369 40 97 3.6
369 50 133 4
369 60 173 4.2
369 70 215 3.6
369 80 251 4.6
369 90 297 0.6
370 0 0 1.1
370 10 11 0.8
370 20 19 3.6
370 30 55 4.2
370 40 97 3.6
370 50 133 4
370 60 173 4.2
370 70 215 3.6
370 80 251 4.6
370 90 297 0.6
371 0 0 1.1
371 10 11 0.8
371 20 19 3.6
371 30 55 4.2
371 40 97 3.6
371 50 133 4
371 60 173 4.2
371 70 215 3.6
371 80 251 4.6
371 90 297 0.6
372 0 0 1.1
372 10 11 0.8
372 20 19 3.6
372 30 55 4.2
372 40 97 3.6
372 50 133 4
372 60 173 4.2
372 70 215 3.6
372 80 251 4.6
372 90 297 0.6
373 0 0 1.1
373 10 11 0.8
373 20 19 3.6
373 30 55 4.2
373 40 97 3.6
373 50 133 4
373 60 173 4.2
373 70 215 3.6
373 80 251 4.6
373 90 297 0.6
374 0 0 1.1
374 10 11 0.8
374 20 19 3.6
374 30 55 4.2
374 40 97 3.6
374 50 133 4
374 60 173 4.2
374 70 215 3.6
374 80 251 4.6
374 90 297 0.6
375 0 0 1.1
375 10 11 0.8
375 20 19 3.6
375 30 55 4.2
375 40 97 3.6
375 50 133 4
375 60 173 4.2
375 70 215 3.6
375 80 251 4.6
375 90 297 0.6
376 0 0 1.1
376 10 11 0.8
376 20 19 3.6
376 30 55 4.2
376 40 97 3.6
376 50 133 4
376 60 173 4.2
376 70 215 3.6
376 80 251 4.6
376 90 297 0.6
377 0 0 1.1
377 10 11 0.8
377 20 19 3.6
377 30 55 4.2
377 40 97 3.6
377 50 133 4
377 60 173 4.2
377 70 215 3.6
377 80 251 4.6
377 90 297 0.6
378 0 0 1.1
378 10 11 0.8
378 20 19 3.6
378 30 55 4.2
378 40 97 3.6
378 50 133 4
378 60 173 4.2
378 70 215 3.6
378 80 251 4.6
378 90 297 0.6
379 0 0 1.1
379 10 11 0.8
379 20 19 3.6
379 30 55 4.2
379 40 97 3.6
379 50 133 4
379 60 173 4.2
379 70 215 3.6
379 80 251 4.6
379 90 297 0.6
380 0 0 1.1
380 10 11 0.8
380 20 19 3.6
380 30 55 4.2
380 40 97 3.6
380 50 133 4
380 60 173 4.2
380 70 215 3.6
380 80 251 4.6
380 90 297 0.6
381 0 0 1.1
381 10 11 0.8
381 20 19 3.6
381 30 55 4.2
381 40 97 3.6
381 50 133 4
381 60 173 4.2
381 70 215 3.6
381 80 251 4.6
381 90 297 0.6
382 0 0 1.1
382 10 11 0.8
382 20 19 3.6
382 30 55 4.2
382 40 97 3.6
382 50 133 4
382 60 173 4.2
382 70 215 3.6
382 80 251 4.6
382 90 297 0.6
383 0 0 1.1
383 10 11 0.8
383 20 19 3.6
383 30 55 4.2
383 40 97 3.6
383 50 133 4
383 60 173 4.2
383 70 215 3.6
383 80 251 4.6
383 90 297 0.6
384 0 0 1.1
384 10 11 0.8
384 20 19 3.6
384 30 55 4.2
384 40 97 3.6
384 50 133 4
384 60 173 4.2
384 70 215 3.6
384 80 251 4.6
384 90 297 0.6
385 0 0 1.1
385 10 11 0.8
385 20 19 3.6
385 30 55 4.2
385 40 97 3.6
385 50 133 4
385 60 173 4.2
385 70 215 3.6
385 80 251 4.6
385 90 297 0.6
386 0 0 1.1
386 10 11 0.8
386 20 19 3.6
386 30 55 4.2
386 40 97 3.6
386 50 133 4
386 60 173 4.2
386 70 215 3.6
386 80 251 4.6
386 90 297 0.6
387 0 0 1.1
387 10 11 0.8
387 20 19 3.6
387 30 55 4.2
387 40 97 3.6
387 50 133 4
387 60 173 4.2
387 70 215 3.6
387 80 251 4.6
387 90 297 0.6
388 0 0 1.1
388 10 11 0.8
388 20 19 3.6
388 30 55 4.2
388 40 97 3.6
388 50 133 4
388 60 173 4.2
388 70 215 3.6
388 80 251 4.6
388 90 297 0.6
389 0 0 1.1
389 10 11 0.8
389 20 19 3.6
389 30 55 4.2
389 40 97 3.6
389 50 133 4
389 60 173 4.2
389 70 215 3.6
389 80 251 4.6
389 90 297 0.6
390 0 0 1.1
390 10 11 0.8
390 20 19 3.6
390 30 55 4.2
390 40 97 3.6
390 50 133 4
390 60 173 4.2
390 70 215 3.6
390 80 251 4.6
390 90 297 0.6
391 0 0 1.1
391 10 11 0.8
391 20 19 3.6
391 30 55 4.2
391 40 97 3.6
391 50 133 4
391 60 173 4.2
391 70 215 3.6
391 80 251 4.6
391 90 297 0.6
392 0 0 1.1
392 10 11 0.8
392 20 19 3.6
392 30 55 4.2
392 40 97 3.6
392 50 133 4
392 60 173 4.2
392 70 215 3.6
392 80 251 4.6
392 90 297 0.6
393 0 0 1.1
393 10 11 0.8
393 20 19 3.6
393 30 55 4.2
393 40 97 3.6
393 50 133 4
393 60 173 4.2
393 70 215 3.6
393 80 251 4.6
393 90 297 0.6
394 0 0 1.1
394 10 11 0.8
394 20 19 3.6
394 30 55 4.2
394 40 97 3.6
394 50 133 4
394 60 173 4.2
394 70 215 3.6
394 80 251 4.6
394 90 297 0.6
395 0 0 1.1
395 10 11 0.8
395 20 19 3.6
395 30 55 4.2
395 40 97 3.6
395 50 133 4
395 60 173 4.2
395 70 215 3.6
395 80 251 4.6
395 90 297 0.6
396 0 0 1.1
396 10 11 0.8
396 20 19 3.6
396 30 55 4.2
396 40 97 3.6
396 50 133 4
396 60 173 4.2
396 70 215 3.6
396 80 251 4.6
396 90 297 0.6
397 0 0 1.1
397 10 11 0.8
397 20 19 3.6
397 30 55 4.2
397 40 97 3.6
397 50 133 4
397 60 173 4.2
397 70 215 3.6
397 80 251 4.6
397 90 297 0.6
398 0 0 1.1
398 10 11 0.8
398 20 19 3.6
398 30 55 4.2
398 40 97 3.6
398 50 133 4
398 60 173 4.2
398 70 215 3.6
398 80 251 4.6
398 90 297 0.6
399 0 0 1.1
399 10 11 0.8
399 20 19 3.6
399 30 55 4.2
399 40 97 3.6
399 50 133 4
399 60 173 4.2
399 70 215 3.6
399 80 251 4.6
399 90 297 0.6
400 0 0 1.1
400 10 11 0.8
400 20 19 3.6
400 30 55 4.2
400 40 97 3.6
400 50 133 4
400 60 173 4.2
400 70 215 3.6
400 80 251 4.6
400 90 297 0.6
401 0 0 1.1
401 10 11 0.8
401 20 19 3.6
401 30 55 4.2
401 40 97 3.6
401 50 133 4
401 60 173 4.2
401 70 215 3.6
401 80 251 4.6
401 90 297 0.6
402 0 0 1.1
402 10 11 0.8
402 20 19 3.6
402 30 55 4.2
402 40 97 3.6
402 50 133 4
402 60 173 4.2
402 70 215 3.6
402 80 251 4.6
402 90 297 0.6
403 0 0 1.1
403 10 11 0.8
403 20 19 3.6
403 30 55 4.2
403 40 97 3.6
403 50 133 4
403 60 173 4.2
403 70 215 3.6
403 80 251 4.6
403 90 297 0.6
404 0 0 1.1
404 10 11 0.8
404 20 19 3.6
404 30 55 4.2
404 40 97 3.6
404 50 133 4
404 60 173 4.2
404 70 215 3.6
404 80 251 4.6
404 90 297 0.6
405 0 0 1.1
405 10 11 0.8
405 20 19 3.6
405 30 55 4.2
405 40 97 3.6
405 50 133 4
405 60 173 4.2
405 70 215 3.6
405 80 251 4.6
405 90 297 0.6
406 0 0 1.1
406 10 11 0.8
406 20 19 3.6
406 30 55 4.2
406 40 97 3.6
406 50 133 4
406 60 173 4.2
406 70 215 3.6
406 80 251 4.6
406 90 297 0.6
407 0 0 1.1
407 10 11 0.8
407 20 19 3.6
407 30 55 4.2
407 40 97 3.6
407 50 133 4
407 60 173 4.2
407 70 215 3.6
407 80 251 4.6
407 90 297 0.6
408 0 0 1.1
408 10 11 0.8
408 20 19 3.6
408 30 55 4.2
408 40 97 3.6
408 50 133 4
408 60 173 4.2
408 70 215 3.6
408 80 251 4.6
408 90 297 0.6
409 0 0 1.1
409 10 11 0.8
409 20 19 3.6
409 30 55 4.2
409 40 97 3.6
409 50 133 4
409 60 173 4.2
409 70 215 3.6
409 80 251 4.6
409 90 297 0.6
410 0 0 1.1
410 10 11 0.8
410 20 19 3.6
410 30 55 4.2
410 40 97 3.6
410 50 133 4
410 60 173 4.2
410 70 215 3.6
410 80 251 4.6
410 90 297 0.6
411 0 0 1.1
411 10 11 0.8
411 20 19 3.6
411 30 55 4.2
411 40 97 3.6
411 50 133 4
411 60 173 4.2
411 70 215 3.6
411 80 251 4.6
411 90 297 0.6
412 0 0 1.1
412 10 11 0.8
412 20 19 3.6
412 30 55 4.2
412 40 97 3.6
412 50 133 4
412 60 173 4.2
412 70 215 3.6
412 80 251 4.6
412 90 297 0.6
413 0 0 1.1
413 10 11 0.8
413 20 19 3.6
413 30 55 4.2
413 40 97 3.6
413 50 133 4
413 60 173 4.2
413 70 215 3.6
413 80 251 4.6
413 90 297 0.6
414 0 0 1.1
414 10 11 0.8
414 20 19 3.6
414 30 55 4.2
414 40 97 3.6
414 50 133 4
414 60 173 4.2
414 70 215 3.6
414 80 251 4.6
414 90 297 0.6
415 0 0 1.1
415 10 11 0.8
415 20 19 3.6
415 30 55 4.2
415 40 97 3.6
415 50 133 4
415 60 173 4.2
415 70 215 3.6
415 80 251 4.6
415 90 297 0.6
416 0 0 1.1
416 10 11 0.8
416 20 19 3.6
416 30 55 4.2
416 40 97 3.6
416 50 133 4
416 60 173 4.2
416 70 215 3.6
416 80 251 4.6
416 90 297 0.6
417 0 0 1.1
417 10 11 0.8
417 20 19 3.6
417 30 55 4.2
417 40 97 3.6
417 50 133 4
417 60 173 4.2
417 70 215 3.6
417 80 251 4.6
417 90 297 0.6
418 0 0 1.1
418 10 11 0.8
418 20 19 3.6
418 30 55 4.2
418 40 97 3.6
418 50 133 4
418 60 173 4.2
418 70 215 3.6
418 80 251 4.6
418 90 297 0.6
419 0 0 1.1
419 10 11 0.8
419 20 19 3.6
419 30 55 4.2
419 40 97 3.6
419 50 133 4
419 60 173 4.2
419 70 215 3.6
419 80 251 4.6
419 90 297 0.6
420 0 0 1.1
420 10 11 0.8
420 20 19 3.6
420 30 55 4.2
420 40 97 3.6
420 50 133 4
420 60 173 4.2
420 70 215 3.6
420 80 251 4.6
420 90 297 0.6
421 0 0 1.1
421 10 11 0.8
421 20 19 3.6
421 30 55 4.2
421 40 97 3.6
421 50 133 4
421 60 173 4.2
421 70 215 3.6
421 80 251 4.6
421 90 297 0.6
422 0 0 1.1
422 10 11 0.8
422 20 19 3.6
422 30 55 4.2
422 40 97 3.6
422 50 133 4
422 60 173 4.2
422 70 215 3.6
422 80 251 4.6
422 90 297 0.6
423 0 0 1.1
423 10 11 0.8
423 20 19 3.6
423 30 55 4.2
423 40 97 3.6
423 50 133 4
423 60 173 4.2
423 70 215 3.6
423 80 251 4.6
423 90 297 0.6
424 0 0 1.1
424 10 11 0.8
424 20 19 3.6
424 30 55 4.2
424 40 97 3.6
424 50 133 4
424 60 173 4.2
424 70 215 3.6
424 80 251 4.6
424 90 297 0.6
425 0 0 1.1
425 10 11 0.8
425 20 19 3.6
425 30 55 4.2
425 40 97 3.6
425 50 133 4
425 60 173 4.2
425 70 215 3.6
425 80 251 4.6
425 90 297 0.6
426 0 0 1.1
426 10 11 0.8
426 20 19 3.6
426 30 55 4.2
426 40 97 3.6
426 50 133 4
426 60 173 4.2
426 70 215 3.6
426 80 251 4.6
426 90 297 0.6
427 0 0 1.1
427 10 11 0.8
427 20 19 3.6
427 30 55 4.2
427 40 97 3.6
427 50 133 4
427 60 173 4.2
427 70 215 3.6
427 80 251 4.6
427 90 297 0.6
428 0 0 1.1
428 10 11 0.8
428 20 19 3.6
428 30 55 4.2
428 40 97 3.6
428 50 133 4
428 60 173 4.2
428 70 215 3.6
428 80 251 4.6
428 90 297 0.6
429 0 0 1.1
429 10 11 0.8
429 20 19 3.6
429 30 55 4.2
429 40 97 3.6
429 50 133 4
429 60 173 4.2
429 70 215 3.6
429 80 251 4.6
429 90 297 0.6
430 0 0 1.1
430 10 11 0.8
430 20 19 3.6
430 30 55 4.2
430 40 97 3.6
430 50 133 4
430 60 173 4.2
430 70 215 3.6
430 80 251 4.6
430 90 297 0.6
431 0 0 1.1
431 10 11 0.8
431 20 19 3.6
431 30 55 4.2
431 40 97 3.6
431 50 133 4
431 60 173 4.2
431 70 215 3.6
431 80 251 4.6
431 90 297 0.6
432 0 0 1.1
432 10 11 0.8
432 20 19 3.6
432 30 55 4.2
432 40 97 3.6
432 50 133 4
432 60 173 4.2
432 70 215 3.6
432 80 251 4.6
432 90 297 0.6
433 0 0 1.1
433 10 11 0.8
433 20 19 3.6
433 30 55 4.2
433 40 97 3.6
433 50 133 4
433 60 173 4.2
433 70 215 3.6
433 80 251 4.6
433 90 297 0.6
434 0 0 1.1
434 10 11 0.8
434 20 19 3.6
434 30 55 4.2
434 40 97 3.6
434 50 133 4
434 60 173 4.2
434 70 215 3.6
434 80 251 4.6
434 90 297 0.6
435 0 0 1.1
435 10 11 0.8
435 20 19 3.6
435 30 55 4.2
435 40 97 3.6
435 50 133 4
435 60 173 4.2
435 70 215 3.6
435 80 251 4.6
435 90 297 0.6
436 0 0 1.1
436 10 11 0.8
436 20 19 3.6
436 30 55 4.2
436 40 97 3.6
436 50 133 4
436 60 173 4.2
436 70 215 3.6
436 80 251 4.6
436 90 297 0.6
437 0 0 1.1
437 10 11 0.8
437 20 19 3.6
437 30 55 4.2
437 40 97 3.6
437 50 133 4
437 60 173 4.2
437 70 215 3.6
437 80 251 4.6
437 90 297 0.6
438 0 0 1.1
438 10 11 0.8
438 20 19 3.6
438 30 55 4.2
438 40 97 3.6
438 50 133 4
438 60 173 4.2
438 70 215 3.6
438 80 251 4.6
438 90 297 0.6
439 0 0 1.1
439 10 11 0.8
439 20 19 3.6
439 30 55 4.2
439 40 97 3.6
439 50 133 4
439 60 173 4.2
439 70 215 3.6
439 80 251 4.6
439 90 297 0.6
440 0 0 1.1
440 10 11 0.8
440 20 19 3.6
440 30 55 4.2
440 40 97 3.6
440 50 133 4
440 60 173 4.2
440 70 215 3.6
440 80 251 4.6
440 90 297 0.6
441 0 0 1.1
441 10 11 0.8
441 20 19 3.6
441 30 55 4.2
441 40 97 3.6
441 50 133 4
441 60 173 4.2
441 70 215 3.6
441 80 251 4.6
441 90 297 0.6
442 0 0 1.1
442 10 11 0.8
442 20 19 3.6
442 30 55 4.2
442 40 97 3.6
442 50 133 4
442 60 173 4.2
442 70 215 3.6
442 80 251 4.6
442 90 297 0.6
443 0 0 1.1
443 10 11 0.8
443 20 19 3.6
443 30 55 4.2
443 40 97 3.6
443 50 133 4
443 60 173 4.2
443 70 215 3.6
443 80 251 4.6
443 90 297 0.6
444 0 0 1.1
444 10 11 0.8
444 20 19 3.6
444 30 55 4.2
444 40 97 3.6
444 50 133 4
444 60 173 4.2
444 70 215 3.6
444 80 251 4.6
444 90 297 0.6
445 0 0 1.1
445 10 11 0.8
445 20 19 3.6
445 30 55 4.2
445 40 97 3.6
445 50 133 4
445 60 173 4.2
445 70 215 3.6
445 80 251 4.6
445 90 297 0.6
446 0 0 1.1
446 10 11 0.8
446 20 19 3.6
446 30 55 4.2
446 40 97 3.6
446 50 133 4
446 60 173 4.2
446 70 215 3.6
446 80 251 4.6
446 90 297 0.6
447 0 0 1.1
447 10 11 0.8
447 20 19 3.6
447 30 55 4.2
447 40 97 3.6
447 50 133 4
447 60 173 4.2
447 70 215 3.6
447 80 251 4.6
447 90 297 0.6
448 0 0 1.1
448 10 11 0.8
448 20 19 3.6
448 30 55 4.2
448 40 97 3.6
448 50 133 4
448 60 173 4.2
448 70 215 3.6
448 80 251 4.6
448 90 297 0.6
449 0 0 1.1
449 10 11 0.8
449 20 19 3.6
449 30 55 4.2
449 40 97 3.6
449 50 133 4
449 60 173 4.2
449 70 215 3.6
449 80 251 4.6
449 90 297 0.6
450 0 0 1.1
450 10 11 0.8
450 20 19 3.6
450 30 55 4.2
450 40 97 3.6
450 50 133 4
450 60 173 4.2
450 70 215 3.6
450 80 251 4.6
450 90 297 0.6
451 0 0 1.1
451 10 11 0.8
451 20 19 3.6
451 30 55 4.2
451 40 97 3.6
451 50 133 4
451 60 173 4.2
451 70 215 3.6
451 80 251 4.6
451 90 297 0.6
452 0 0 1.1
452 10 11 0.8
452 20 19 3.6
452 30 55 4.2
452 40 97 3.6
452 50 133 4
452 60 173 4.2
452 70 215 3.6
452 80 251 4.6
452 90 297 0.6
453 0 0 1.1
453 10 11 0.8
453 20 19 3.6
453 30 55 4.2
453 40 97 3.6
453 50 133 4
453 60 173 4.2
453 70 215 3.6
453 80 251 4.6
453 90 297 0.6
454 0 0 1.1
454 10 11 0.8
454 20 19 3.6
454 30 55 4.2
454 40 97 3.6
454 50 133 4
454 60 173 4.2
454 70 215 3.6
454 80 251 4.6
454 90 297 0.6
455 0 0 1.1
455 10 11 0.8
455 20 19 3.6
455 30 55 4.2
455 40 97 3.6
455 50 133 4
455 60 173 4.2
455 70 215 3.6
455 80 251 4.6
455 90 297 0.6
456 0 0 1.1
456 10 11 0.8
456 20 19 3.6
456 30 55 4.2
456 40 97 3.6
456 50 133 4
456 60 173 4.2
456 70 215 3.6
456 80 251 4.6
456 90 297 0.6
457 0 0 1.1
457 10 11 0.8
457 20 19 3.6
457 30 55 4.2
457 40 97 3.6
457 50 133 4
457 60 173 4.2
457 70 215 3.6
457 80 251 4.6
457 90 297 0.6
458 0 0 1.1
458 10 11 0.8
458 20 19 3.6
458 30 55 4.2
458 40 97 3.6
458 50 133 4
458 60 173 4.2
458 70 215 3.6
458 80 251 4.6
458 90 297 0.6
459 0 0 1.1
459 10 11 0.8
459 20 19 3.6
459 30 55 4.2
459 40 97 3.6
459 50 133 4
459 60 173 4.2
459 70 215 3.6
459 80 251 4.6
459 90 297 0.6
460 0 0 1.1
460 10 11 0.8
460 20 19 3.6
460 30 55 4.2
460 40 97 3.6
460 50 133 4
460 60 173 4.2
460 70 215 3.6
460 80 251 4.6
460 90 297 0.6
461 0 0 1.1
461 10 11 0.8
461 20 19 3.6
461 30 55 4.2
461 40 97 3.6
461 50 133 4
461 60 173 4.2
461 70 215 3.6
461 80 251 4.6
461 90 297 0.6
462 0 0 1.1
462 10 11 0.8
462 20 19 3.6
462 30 55 4.2
462 40 97 3.6
462 50 133 4
462 60 173 4.2
462 70 215 3.6
462 80 251 4.6
462 90 297 0.6
463 0 0 1.1
463 10 11 0.8
463 20 19 3.6
463 30 55 4.2
463 40 97 3.6
463 50 133 4
463 60 173 4.2
463 70 215 3.6
463 80 251 4.6
463 90 297 0.6
464 0 0 1.1
464 10 11 0.8
464 20 19 3.6
464 30 55 4.2
464 40 97 3.6
464 50 133 4
464 60 173 4.2
464 70 215 3.6
464 80 251 4.6
464 90 297 0.6
465 0 0 1.1
465 10 11 0.8
465 20 19 3.6
465 30 55 4.2
465 40 97 3.6
465 50 133 4
465 60 173 4.2
465 70 215 3.6
465 80 251 4.6
465 90 297 0.6
466 0 0 1.1
466 10 11 0.8
466 20 19 3.6
466 30 55 4.2
466 40 97 3.6
466 50 133 4
466 60 173 4.2
466 70 215 3.6
466 80 251 4.6
466 90 297 0.6
467 0 0 1.1
467 10 11 0.8
467 20 19 3.6
467 30 55 4.2
467 40 97 3.6
467 50 133 4
467 60 173 4.2
467 70 215 3.6
467 80 251 4.6
467 90 297 0.6
468 0 0 1.1
468 10 11 0.8
468 20 19 3.6
468 30 55 4.2
468 40 97 3.6
468 50 133 4
468 60 173 4.2
468 70 215 3.6
468 80 251 4.6
468 90 297 0.6
469 0 0 1.1
469 10 11 0.8
469 20 19 3.6
469 30 55 4.2
469 40 97 3.6
469 50 133 4
469 60 173 4.2
469 70 215 3.6
469 80 251 4.6
469 90 297 0.6
470 0 0 1.1
470 10 11 0.8
470 20 19 3.6
470 30 55 4.2
470 40 97 3.6
470 50 133 4
470 60 173 4.2
470 70 215 3.6
470 80 251 4.6
470 90 297 0.6
471 0 0 1.1
471 10 11 0.8
471 20 19 3.6
471 30 55 4.2
471 40 97 3.6
471 50 133 4
471 60 173 4.2
471 70 215 3.6
471 80 251 4.6
471 90 297 0.6
472 0 0 1.1
472 10 11 0.8
472 20 19 3.6
472 30 55 4.2
472 40 97 3.6
472 50 133 4
472 60 173 4.2
472 70 215 3.6
472 80 251 4.6
472 90 297 0.6
473 0 0 1.1
473 10 11 0.8
473 20 19 3.6
473 30 55 4.2
473 40 97 3.6
473 50 133 4
473 60 173 4.2
473 70 215 3.6
473 80 251 4.6
473 90 297 0.6
474 0 0 1.1
474 10 11 0.8
474 20 19 3.6
474 30 55 4.2
474 40 97 3.6
474 50 133 4
474 60 173 4.2
474 70 215 3.6
474 80 251 4.6
474 90 297 0.6
475 0 0 1.1
475 10 11 0.8
475 20 19 3.6
475 30 55 4.2
475 40 97 3.6
475 50 133 4
475 60 173 4.2
475 70 215 3.6
475 80 251 4.6
475 90 297 0.6
476 0 0 1.1
476 10 11 0.8
476 20 19 3.6
476 30 55 4.2
476 40 97 3.6
476 50 133 4
476 60 173 4.2
476 70 215 3.6
476 80 251 4.6
476 90 297 0.6
477 0 0 1.1
477 10 11 0.8
477 20 19 3.6
477 30 55 4.2
477 40 97 3.6
477 50 133 4
477 60 173 4.2
477 70 215 3.6
477 80 251 4.6
477 90 297 0.6
478 0 0 1.1
478 10 11 0.8
478 20 19 3.6
478 30 55 4.2
478 40 97 3.6
478 50 133 4
478 60 173 4.2
478 70 215 3.6
478 80 251 4.6
478 90 297 0.6
479 0 0 1.1
479 10 11 0.8
479 20 19 3.6
479 30 55 4.2
479 40 97 3.6
479 50 133 4
479 60 173 4.2
479 70 215 3.6
479 80 251 4.6
479 90 297 0.6
480 0 0 1.1
480 10 11 0.8
480 20 19 3.6
480 30 55 4.2
480 40 97 3.6
480 50 133 4
480 60 173 4.2
480 70 215 3.6
480 80 251 4.6
480 90 297 0.6
481 0 0 1.1
481 10 11 0.8
481 20 19 3.6
481 30 55 4.2
481 40 97 3.6
481 50 133 4
481 60 173 4.2
481 70 215 3.6
481 80 251 4.6
481 90 297 0.6
482 0 0 1.1
482 10 11 0.8
482 20 19 3.6
482 30 55 4.2
482 40 97 3.6
482 50 133 4
482 60 173 4.2
482 70 215 3.6
482 80 251 4.6
482 90 297 0.6
483 0 0 1.1
483 10 11 0.8
483 20 19 3.6
483 30 55 4.2
483 40 97 3.6
483 50 133 4
483 60 173 4.2
483 70 215 3.6
483 80 251 4.6
483 90 297 0.6
484 0 0 1.1
484 10 11 0.8
484 20 19 3.6
484 30 55 4.2
484 40 97 3.6
484 50 133 4
484 60 173 4.2
484 70 215 3.6
484 80 251 4.6
484 90 297 0.6
485 0 0 1.1
485 10 11 0.8
485 20 19 3.6
485 30 55 4.2
485 40 97 3.6
485 50 133 4
485 60 173 4.2
485 70 215 3.6
485 80 251 4.6
485 90 297 0.6
486 0 0 1.1
486 10 11 0.8
486 20 19 3.6
486 30 55 4.2
486 40 97 3.6
486 50 133 4
486 60 173 4.2
486 70 215 3.6
486 80 251 4.6
486 90 297 0.6
487 0 0 1.1
487 10 11 0.8
487 20 19 3.6
487 30 55 4.2
487 40 97 3.6
487 50 133 4
487 60 173 4.2
487 70 215 3.6
487 80 251 4.6
487 90 297 0.6
488 0 0 1.1
488 10 11 0.8
488 20 19 3.6
488 30 55 4.2
488 40 97 3.6
488 50 133 4
488 60 173 4.2
488 70 215 3.6
488 80 251 4.6
488 90 297 0.6
489 0 0 1.1
489 10 11 0.8
489 20 19 3.6
489 30 55 4.2
489 40 97 3.6
489 50 133 4
489 60 173 4.2
489 70 215 3.6
489 80 251 4.6
489 90 297 0.6
490 0 0 1.1
490 10 11 0.8
490 20 19 3.6
490 30 55 4.2
490 40 97 3.6
490 50 133 4
490 60 173 4.2
490 70 215 3.6
490 80 251 4.6
490 90 297 0.6
491 0 0 1.1
491 10 11 0.8
491 20 19 3.6
491 30 55 4.2
491 40 97 3.6
491 50 133 4
491 60 173 4.2
491 70 215 3.6
491 80 251 4.6
491 90 297 0.6
492 0 0 1.1
492 10 11 0.8
492 20 19 3.6
492 30 55 4.2
492 40 97 3.6
492 50 133 4
492 60 173 4.2
492 70 215 3.6
492 80 251 4.6
492 90 297 0.6
493 0 0 1.1
493 10 11 0.8
493 20 19 3.6
493 30 55 4.2
493 40 97 3.6
493 50 133 4
493 60 173 4.2
493 70 215 3.6
493 80 251 4.6
493 90 297 0.6
494 0 0 1.1
494 10 11 0.8
494 20 19 3.6
494 30 55 4.2
494 40 97 3.6
494 50 133 4
494 60 173 4.2
494 70 215 3.6
494 80 251 4.6
494 90 297 0.6
495 0 0 1.1
495 10 11 0.8
495 20 19 3.6
495 30 55 4.2
495 40 97 3.6
495 50 133 4
495 60 173 4.2
495 70 215 3.6
495 80 251 4.6
495 90 297 0.6
496 0 0 1.1
496 10 11 0.8
496 20 19 3.6
496 30 55 4.2
496 40 97 3.6
496 50 133 4
496 60 173 4.2
496 70 215 3.6
496 80 251 4.6
496 90 297 0.6
497 0 0 1.1
497 10 11 0.8
497 20 19 3.6
497 30 55 4.2
497 40 97 3.6
497 50 133 4
497 60 173 4.2
497 70 215 3.6
497 80 251 4.6
497 90 297 0.6
498 0 0 1.1
498 10 11 0.8
498 20 19 3.6
498 30 55 4.2
498 40 97 3.6
498 50 133 4
498 60 173 4.2
498 70 215 3.6
498 80 251 4.6
498 90 297 0.6
499 0 0 1.1
499 10 11 0.8
499 20 19 3.6
499 30 55 4.2
499 40 97 3.6
499 50 133 4
499 60 173 4.2
499 70 215 3.6
499 80 251 4.6
499 90 297 0.6
