500 10
0 0 0 2.1
0 200 420 2.2
0 400 860 3.8
0 600 1620 2.7
0 800 2160 2.5
0 1000 2660 2.9
0 1200 3240 0.8
0 1400 3400 3.2
0 1600 4040 2.9
0 1800 4620 4.6
1 0 0 2.1
1 200 420 2.2
1 400 860 3.8
1 600 1620 2.7
1 800 2160 2.5
1 1000 2660 2.9
1 1200 3240 0.8
1 1400 3400 3.2
1 1600 4040 2.9
1 1800 4620 4.6
2 0 0 2.1
2 200 420 2.2
2 400 860 3.8
2 600 1620 2.7
2 800 2160 2.5
2 1000 2660 2.9
2 1200 3240 0.8
2 1400 3400 3.2
2 1600 4040 2.9
2 1800 4620 4.6
3 0 0 2.1
3 200 420 2.2
3 400 860 3.8
3 600 1620 2.7
3 800 2160 2.5
3 1000 2660 2.9
3 1200 3240 0.8
3 1400 3400 3.2
3 1600 4040 2.9
3 1800 4620 4.6
4 0 0 2.1
4 200 420 2.2
4 400 860 3.8
4 600 1620 2.7
4 800 2160 2.5
4 1000 2660 2.9
4 1200 3240 0.8
4 1400 3400 3.2
4 1600 4040 2.9
4 1800 4620 4.6
5 0 0 2.1
5 200 420 2.2
5 400 860 3.8
5 600 1620 2.7
5 800 2160 2.5
5 1000 2660 2.9
5 1200 3240 0.8
5 1400 3400 3.2
5 1600 4040 2.9
5 1800 4620 4.6
6 0 0 2.1
6 200 420 2.2
6 400 860 3.8
6 600 1620 2.7
6 800 2160 2.5
6 1000 2660 2.9
6 1200 3240 0.8
6 1400 3400 3.2
6 1600 4040 2.9
6 1800 4620 4.6
7 0 0 2.1
7 200 420 2.2
7 400 860 3.8
7 600 1620 2.7
7 800 2160 2.5
7 1000 2660 2.9
7 1200 3240 0.8
7 1400 3400 3.2
7 1600 4040 2.9
7 1800 4620 4.6
8 0 0 2.1
8 200 420 2.2
8 400 860 3.8
8 600 1620 2.7
8 800 2160 2.5
8 1000 2660 2.9
8 1200 3240 0.8
8 1400 3400 3.2
8 1600 4040 2.9
8 1800 4620 4.6
9 0 0 2.1
9 200 420 2.2
9 400 860 3.8
9 600 1620 2.7
9 800 2160 2.5
9 1000 2660 2.9
9 1200 3240 0.8
9 1400 3400 3.2
9 1600 4040 2.9
9 1800 4620 4.6
10 0 0 2.1
10 200 420 2.2
10 400 860 3.8
10 600 1620 2.7
10 800 2160 2.5
10 1000 2660 2.9
10 1200 3240 0.8
10 1400 3400 3.2
10 1600 4040 2.9
10 1800 4620 4.6
11 0 0 2.1
11 200 420 2.2
11 400 860 3.8
11 600 1620 2.7
11 800 2160 2.5
11 1000 2660 2.9
11 1200 3240 0.8
11 1400 3400 3.2
11 1600 4040 2.9
11 1800 4620 4.6
12 0 0 2.1
12 200 420 2.2
12 400 860 3.8
12 600 1620 2.7
12 800 2160 2.5
12 1000 2660 2.9
12 1200 3240 0.8
12 1400 3400 3.2
12 1600 4040 2.9
12 1800 4620 4.6
13 0 0 2.1
13 200 420 2.2
13 400 860 3.8
13 600 1620 2.7
13 800 2160 2.5
13 1000 2660 2.9
13 1200 3240 0.8
13 1400 3400 3.2
13 1600 4040 2.9
13 1800 4620 4.6
14 0 0 2.1
14 200 420 2.2
14 400 860 3.8
14 600 1620 2.7
14 800 2160 2.5
14 1000 2660 2.9
14 1200 3240 0.8
14 1400 3400 3.2
14 1600 4040 2.9
14 1800 4620 4.6
15 0 0 2.1
15 200 420 2.2
15 400 860 3.8
15 600 1620 2.7
15 800 2160 2.5
15 1000 2660 2.9
15 1200 3240 0.8
15 1400 3400 3.2
15 1600 4040 2.9
15 1800 4620 4.6
16 0 0 2.1
16 200 420 2.2
16 400 860 3.8
16 600 1620 2.7
16 800 2160 2.5
16 1000 2660 2.9
16 1200 3240 0.8
16 1400 3400 3.2
16 1600 4040 2.9
16 1800 4620 4.6
17 0 0 2.1
17 200 420 2.2
17 400 860 3.8
17 600 1620 2.7
17 800 2160 2.5
17 1000 2660 2.9
17 1200 3240 0.8
17 1400 3400 3.2
17 1600 4040 2.9
17 1800 4620 4.6
18 0 0 2.1
18 200 420 2.2
18 400 860 3.8
18 600 1620 2.7
18 800 2160 2.5
18 1000 2660 2.9
18 1200 3240 0.8
18 1400 3400 3.2
18 1600 4040 2.9
18 1800 4620 4.6
19 0 0 2.1
19 200 420 2.2
19 400 860 3.8
19 600 1620 2.7
19 800 2160 2.5
19 1000 2660 2.9
19 1200 3240 0.8
19 1400 3400 3.2
19 1600 4040 2.9
19 1800 4620 4.6
20 0 0 2.1
20 200 420 2.2
20 400 860 3.8
20 600 1620 2.7
20 800 2160 2.5
20 1000 2660 2.9
20 1200 3240 0.8
20 1400 3400 3.2
20 1600 4040 2.9
20 1800 4620 4.6
21 0 0 2.1
21 200 420 2.2
21 400 860 3.8
21 600 1620 2.7
21 800 2160 2.5
21 1000 2660 2.9
21 1200 3240 0.8
21 1400 3400 3.2
21 1600 4040 2.9
21 1800 4620 4.6
22 0 0 2.1
22 200 420 2.2
22 400 860 3.8
22 600 1620 2.7
22 800 2160 2.5
22 1000 2660 2.9
22 1200 3240 0.8
22 1400 3400 3.2
22 1600 4040 2.9
22 1800 4620 4.6
23 0 0 2.1
23 200 420 2.2
23 400 860 3.8
23 600 1620 2.7
23 800 2160 2.5
23 1000 2660 2.9
23 1200 3240 0.8
23 1400 3400 3.2
23 1600 4040 2.9
23 1800 4620 4.6
24 0 0 2.1
24 200 420 2.2
24 400 860 3.8
24 600 1620 2.7
24 800 2160 2.5
24 1000 2660 2.9
24 1200 3240 0.8
24 1400 3400 3.2
24 1600 4040 2.9
24 1800 4620 4.6
25 0 0 2.1
25 200 420 2.2
25 400 860 3.8
25 600 1620 2.7
25 800 2160 2.5
25 1000 2660 2.9
25 1200 3240 0.8
25 1400 3400 3.2
25 1600 4040 2.9
25 1800 4620 4.6
26 0 0 2.1
26 200 420 2.2
26 400 860 3.8
26 600 1620 2.7
26 800 2160 2.5
26 1000 2660 2.9
26 1200 3240 0.8
26 1400 3400 3.2
26 1600 4040 2.9
26 1800 4620 4.6
27 0 0 2.1
27 200 420 2.2
27 400 860 3.8
27 600 1620 2.7
27 800 2160 2.5
27 1000 2660 2.9
27 1200 3240 0.8
27 1400 3400 3.2
27 1600 4040 2.9
27 1800 4620 4.6
28 0 0 2.1
28 200 420 2.2
28 400 860 3.8
28 600 1620 2.7
28 800 2160 2.5
28 1000 2660 2.9
28 1200 3240 0.8
28 1400 3400 3.2
28 1600 4040 2.9
28 1800 4620 4.6
29 0 0 2.1
29 200 420 2.2
29 400 860 3.8
29 600 1620 2.7
29 800 2160 2.5
29 1000 2660 2.9
29 1200 3240 0.8
29 1400 3400 3.2
29 1600 4040 2.9
29 1800 4620 4.6
30 0 0 2.1
30 200 420 2.2
30 400 860 3.8
30 600 1620 2.7
30 800 2160 2.5
30 1000 2660 2.9
30 1200 3240 0.8
30 1400 3400 3.2
30 1600 4040 2.9
30 1800 4620 4.6
31 0 0 2.1
31 200 420 2.2
31 400 860 3.8
31 600 1620 2.7
31 800 2160 2.5
31 1000 2660 2.9
31 1200 3240 0.8
31 1400 3400 3.2
31 1600 4040 2.9
31 1800 4620 4.6
32 0 0 2.1
32 200 420 2.2
32 400 860 3.8
32 600 1620 2.7
32 800 2160 2.5
32 1000 2660 2.9
32 1200 3240 0.8
32 1400 3400 3.2
32 1600 4040 2.9
32 1800 4620 4.6
33 0 0 2.1
33 200 420 2.2
33 400 860 3.8
33 600 1620 2.7
33 800 2160 2.5
33 1000 2660 2.9
33 1200 3240 0.8
33 1400 3400 3.2
33 1600 4040 2.9
33 1800 4620 4.6
34 0 0 2.1
34 200 420 2.2
34 400 860 3.8
34 600 1620 2.7
34 800 2160 2.5
34 1000 2660 2.9
34 1200 3240 0.8
34 1400 3400 3.2
34 1600 4040 2.9
34 1800 4620 4.6
35 0 0 2.1
35 200 420 2.2
35 400 860 3.8
35 600 1620 2.7
35 800 2160 2.5
35 1000 2660 2.9
35 1200 3240 0.8
35 1400 3400 3.2
35 1600 4040 2.9
35 1800 4620 4.6
36 0 0 2.1
36 200 420 2.2
36 400 860 3.8
36 600 1620 2.7
36 800 2160 2.5
36 1000 2660 2.9
36 1200 3240 0.8
36 1400 3400 3.2
36 1600 4040 2.9
36 1800 4620 4.6
37 0 0 2.1
37 200 420 2.2
37 400 860 3.8
37 600 1620 2.7
37 800 2160 2.5
37 1000 2660 2.9
37 1200 3240 0.8
37 1400 3400 3.2
37 1600 4040 2.9
37 1800 4620 4.6
38 0 0 2.1
38 200 420 2.2
38 400 860 3.8
38 600 1620 2.7
38 800 2160 2.5
38 1000 2660 2.9
38 1200 3240 0.8
38 1400 3400 3.2
38 1600 4040 2.9
38 1800 4620 4.6
39 0 0 2.1
39 200 420 2.2
39 400 860 3.8
39 600 1620 2.7
39 800 2160 2.5
39 1000 2660 2.9
39 1200 3240 0.8
39 1400 3400 3.2
39 1600 4040 2.9
39 1800 4620 4.6
40 0 0 2.1
40 200 420 2.2
40 400 860 3.8
40 600 1620 2.7
40 800 2160 2.5
40 1000 2660 2.9
40 1200 3240 0.8
40 1400 3400 3.2
40 1600 4040 2.9
40 1800 4620 4.6
41 0 0 2.1
41 200 420 2.2
41 400 860 3.8
41 600 1620 2.7
41 800 2160 2.5
41 1000 2660 2.9
41 1200 3240 0.8
41 1400 3400 3.2
41 1600 4040 2.9
41 1800 4620 4.6
42 0 0 2.1
42 200 420 2.2
42 400 860 3.8
42 600 1620 2.7
42 800 2160 2.5
42 1000 2660 2.9
42 1200 3240 0.8
42 1400 3400 3.2
42 1600 4040 2.9
42 1800 4620 4.6
43 0 0 2.1
43 200 420 2.2
43 400 860 3.8
43 600 1620 2.7
43 800 2160 2.5
43 1000 2660 2.9
43 1200 3240 0.8
43 1400 3400 3.2
43 1600 4040 2.9
43 1800 4620 4.6
44 0 0 2.1
44 200 420 2.2
44 400 860 3.8
44 600 1620 2.7
44 800 2160 2.5
44 1000 2660 2.9
44 1200 3240 0.8
44 1400 3400 3.2
44 1600 4040 2.9
44 1800 4620 4.6
45 0 0 2.1
45 200 420 2.2
45 400 860 3.8
45 600 1620 2.7
45 800 2160 2.5
45 1000 2660 2.9
45 1200 3240 0.8
45 1400 3400 3.2
45 1600 4040 2.9
45 1800 4620 4.6
46 0 0 2.1
46 200 420 2.2
46 400 860 3.8
46 600 1620 2.7
46 800 2160 2.5
46 1000 2660 2.9
46 1200 3240 0.8
46 1400 3400 3.2
46 1600 4040 2.9
46 1800 4620 4.6
47 0 0 2.1
47 200 420 2.2
47 400 860 3.8
47 600 1620 2.7
47 800 2160 2.5
47 1000 2660 2.9
47 1200 3240 0.8
47 1400 3400 3.2
47 1600 4040 2.9
47 1800 4620 4.6
48 0 0 2.1
48 200 420 2.2
48 400 860 3.8
48 600 1620 2.7
48 800 2160 2.5
48 1000 2660 2.9
48 1200 3240 0.8
48 1400 3400 3.2
48 1600 4040 2.9
48 1800 4620 4.6
49 0 0 2.1
49 200 420 2.2
49 400 860 3.8
49 600 1620 2.7
49 800 2160 2.5
49 1000 2660 2.9
49 1200 3240 0.8
49 1400 3400 3.2
49 1600 4040 2.9
49 1800 4620 4.6
50 0 0 2.1
50 200 420 2.2
50 400 860 3.8
50 600 1620 2.7
50 800 2160 2.5
50 1000 2660 2.9
50 1200 3240 0.8
50 1400 3400 3.2
50 1600 4040 2.9
50 1800 4620 4.6
51 0 0 2.1
51 200 420 2.2
51 400 860 3.8
51 600 1620 2.7
51 800 2160 2.5
51 1000 2660 2.9
51 1200 3240 0.8
51 1400 3400 3.2
51 1600 4040 2.9
51 1800 4620 4.6
52 0 0 2.1
52 200 420 2.2
52 400 860 3.8
52 600 1620 2.7
52 800 2160 2.5
52 1000 2660 2.9
52 1200 3240 0.8
52 1400 3400 3.2
52 1600 4040 2.9
52 1800 4620 4.6
53 0 0 2.1
53 200 420 2.2
53 400 860 3.8
53 600 1620 2.7
53 800 2160 2.5
53 1000 2660 2.9
53 1200 3240 0.8
53 1400 3400 3.2
53 1600 4040 2.9
53 1800 4620 4.6
54 0 0 2.1
54 200 420 2.2
54 400 860 3.8
54 600 1620 2.7
54 800 2160 2.5
54 1000 2660 2.9
54 1200 3240 0.8
54 1400 3400 3.2
54 1600 4040 2.9
54 1800 4620 4.6
55 0 0 2.1
55 200 420 2.2
55 400 860 3.8
55 600 1620 2.7
55 800 2160 2.5
55 1000 2660 2.9
55 1200 3240 0.8
55 1400 3400 3.2
55 1600 4040 2.9
55 1800 4620 4.6
56 0 0 2.1
56 200 420 2.2
56 400 860 3.8
56 600 1620 2.7
56 800 2160 2.5
56 1000 2660 2.9
56 1200 3240 0.8
56 1400 3400 3.2
56 1600 4040 2.9
56 1800 4620 4.6
57 0 0 2.1
57 200 420 2.2
57 400 860 3.8
57 600 1620 2.7
57 800 2160 2.5
57 1000 2660 2.9
57 1200 3240 0.8
57 1400 3400 3.2
57 1600 4040 2.9
57 1800 4620 4.6
58 0 0 2.1
58 200 420 2.2
58 400 860 3.8
58 600 1620 2.7
58 800 2160 2.5
58 1000 2660 2.9
58 1200 3240 0.8
58 1400 3400 3.2
58 1600 4040 2.9
58 1800 4620 4.6
59 0 0 2.1
59 200 420 2.2
59 400 860 3.8
59 600 1620 2.7
59 800 2160 2.5
59 1000 2660 2.9
59 1200 3240 0.8
59 1400 3400 3.2
59 1600 4040 2.9
59 1800 4620 4.6
60 0 0 2.1
60 200 420 2.2
60 400 860 3.8
60 600 1620 2.7
60 800 2160 2.5
60 1000 2660 2.9
60 1200 3240 0.8
60 1400 3400 3.2
60 1600 4040 2.9
60 1800 4620 4.6
61 0 0 2.1
61 200 420 2.2
61 400 860 3.8
61 600 1620 2.7
61 800 2160 2.5
61 1000 2660 2.9
61 1200 3240 0.8
61 1400 3400 3.2
61 1600 4040 2.9
61 1800 4620 4.6
62 0 0 2.1
62 200 420 2.2
62 400 860 3.8
62 600 1620 2.7
62 800 2160 2.5
62 1000 2660 2.9
62 1200 3240 0.8
62 1400 3400 3.2
62 1600 4040 2.9
62 1800 4620 4.6
63 0 0 2.1
63 200 420 2.2
63 400 860 3.8
63 600 1620 2.7
63 800 2160 2.5
63 1000 2660 2.9
63 1200 3240 0.8
63 1400 3400 3.2
63 1600 4040 2.9
63 1800 4620 4.6
64 0 0 2.1
64 200 420 2.2
64 400 860 3.8
64 600 1620 2.7
64 800 2160 2.5
64 1000 2660 2.9
64 1200 3240 0.8
64 1400 3400 3.2
64 1600 4040 2.9
64 1800 4620 4.6
65 0 0 2.1
65 200 420 2.2
65 400 860 3.8
65 600 1620 2.7
65 800 2160 2.5
65 1000 2660 2.9
65 1200 3240 0.8
65 1400 3400 3.2
65 1600 4040 2.9
65 1800 4620 4.6
66 0 0 2.1
66 200 420 2.2
66 400 860 3.8
66 600 1620 2.7
66 800 2160 2.5
66 1000 2660 2.9
66 1200 3240 0.8
66 1400 3400 3.2
66 1600 4040 2.9
66 1800 4620 4.6
67 0 0 2.1
67 200 420 2.2
67 400 860 3.8
67 600 1620 2.7
67 800 2160 2.5
67 1000 2660 2.9
67 1200 3240 0.8
67 1400 3400 3.2
67 1600 4040 2.9
67 1800 4620 4.6
68 0 0 2.1
68 200 420 2.2
68 400 860 3.8
68 600 1620 2.7
68 800 2160 2.5
68 1000 2660 2.9
68 1200 3240 0.8
68 1400 3400 3.2
68 1600 4040 2.9
68 1800 4620 4.6
69 0 0 2.1
69 200 420 2.2
69 400 860 3.8
69 600 1620 2.7
69 800 2160 2.5
69 1000 2660 2.9
69 1200 3240 0.8
69 1400 3400 3.2
69 1600 4040 2.9
69 1800 4620 4.6
70 0 0 2.1
70 200 420 2.2
70 400 860 3.8
70 600 1620 2.7
70 800 2160 2.5
70 1000 2660 2.9
70 1200 3240 0.8
70 1400 3400 3.2
70 1600 4040 2.9
70 1800 4620 4.6
71 0 0 2.1
71 200 420 2.2
71 400 860 3.8
71 600 1620 2.7
71 800 2160 2.5
71 1000 2660 2.9
71 1200 3240 0.8
71 1400 3400 3.2
71 1600 4040 2.9
71 1800 4620 4.6
72 0 0 2.1
72 200 420 2.2
72 400 860 3.8
72 600 1620 2.7
72 800 2160 2.5
72 1000 2660 2.9
72 1200 3240 0.8
72 1400 3400 3.2
72 1600 4040 2.9
72 1800 4620 4.6
73 0 0 2.1
73 200 420 2.2
73 400 860 3.8
73 600 1620 2.7
73 800 2160 2.5
73 1000 2660 2.9
73 1200 3240 0.8
73 1400 3400 3.2
73 1600 4040 2.9
73 1800 4620 4.6
74 0 0 2.1
74 200 420 2.2
74 400 860 3.8
74 600 1620 2.7
74 800 2160 2.5
74 1000 2660 2.9
74 1200 3240 0.8
74 1400 3400 3.2
74 1600 4040 2.9
74 1800 4620 4.6
75 0 0 2.1
75 200 420 2.2
75 400 860 3.8
75 600 1620 2.7
75 800 2160 2.5
75 1000 2660 2.9
75 1200 3240 0.8
75 1400 3400 3.2
75 1600 4040 2.9
75 1800 4620 4.6
76 0 0 2.1
76 200 420 2.2
76 400 860 3.8
76 600 1620 2.7
76 800 2160 2.5
76 1000 2660 2.9
76 1200 3240 0.8
76 1400 3400 3.2
76 1600 4040 2.9
76 1800 4620 4.6
77 0 0 2.1
77 200 420 2.2
77 400 860 3.8
77 600 1620 2.7
77 800 2160 2.5
77 1000 2660 2.9
77 1200 3240 0.8
77 1400 3400 3.2
77 1600 4040 2.9
77 1800 4620 4.6
78 0 0 2.1
78 200 420 2.2
78 400 860 3.8
78 600 1620 2.7
78 800 2160 2.5
78 1000 2660 2.9
78 1200 3240 0.8
78 1400 3400 3.2
78 1600 4040 2.9
78 1800 4620 4.6
79 0 0 2.1
79 200 420 2.2
79 400 860 3.8
79 600 1620 2.7
79 800 2160 2.5
79 1000 2660 2.9
79 1200 3240 0.8
79 1400 3400 3.2
79 1600 4040 2.9
79 1800 4620 4.6
80 0 0 2.1
80 200 420 2.2
80 400 860 3.8
80 600 1620 2.7
80 800 2160 2.5
80 1000 2660 2.9
80 1200 3240 0.8
80 1400 3400 3.2
80 1600 4040 2.9
80 1800 4620 4.6
81 0 0 2.1
81 200 420 2.2
81 400 860 3.8
81 600 1620 2.7
81 800 2160 2.5
81 1000 2660 2.9
81 1200 3240 0.8
81 1400 3400 3.2
81 1600 4040 2.9
81 1800 4620 4.6
82 0 0 2.1
82 200 420 2.2
82 400 860 3.8
82 600 1620 2.7
82 800 2160 2.5
82 1000 2660 2.9
82 1200 3240 0.8
82 1400 3400 3.2
82 1600 4040 2.9
82 1800 4620 4.6
83 0 0 2.1
83 200 420 2.2
83 400 860 3.8
83 600 1620 2.7
83 800 2160 2.5
83 1000 2660 2.9
83 1200 3240 0.8
83 1400 3400 3.2
83 1600 4040 2.9
83 1800 4620 4.6
84 0 0 2.1
84 200 420 2.2
84 400 860 3.8
84 600 1620 2.7
84 800 2160 2.5
84 1000 2660 2.9
84 1200 3240 0.8
84 1400 3400 3.2
84 1600 4040 2.9
84 1800 4620 4.6
85 0 0 2.1
85 200 420 2.2
85 400 860 3.8
85 600 1620 2.7
85 800 2160 2.5
85 1000 2660 2.9
85 1200 3240 0.8
85 1400 3400 3.2
85 1600 4040 2.9
85 1800 4620 4.6
86 0 0 2.1
86 200 420 2.2
86 400 860 3.8
86 600 1620 2.7
86 800 2160 2.5
86 1000 2660 2.9
86 1200 3240 0.8
86 1400 3400 3.2
86 1600 4040 2.9
86 1800 4620 4.6
87 0 0 2.1
87 200 420 2.2
87 400 860 3.8
87 600 1620 2.7
87 800 2160 2.5
87 1000 2660 2.9
87 1200 3240 0.8
87 1400 3400 3.2
87 1600 4040 2.9
87 1800 4620 4.6
88 0 0 2.1
88 200 420 2.2
88 400 860 3.8
88 600 1620 2.7
88 800 2160 2.5
88 1000 2660 2.9
88 1200 3240 0.8
88 1400 3400 3.2
88 1600 4040 2.9
88 1800 4620 4.6
89 0 0 2.1
89 200 420 2.2
89 400 860 3.8
89 600 1620 2.7
89 800 2160 2.5
89 1000 2660 2.9
89 1200 3240 0.8
89 1400 3400 3.2
89 1600 4040 2.9
89 1800 4620 4.6
90 0 0 2.1
90 200 420 2.2
90 400 860 3.8
90 600 1620 2.7
90 800 2160 2.5
90 1000 2660 2.9
90 1200 3240 0.8
90 1400 3400 3.2
90 1600 4040 2.9
90 1800 4620 4.6
91 0 0 2.1
91 200 420 2.2
91 400 860 3.8
91 600 1620 2.7
91 800 2160 2.5
91 1000 2660 2.9
91 1200 3240 0.8
91 1400 3400 3.2
91 1600 4040 2.9
91 1800 4620 4.6
92 0 0 2.1
92 200 420 2.2
92 400 860 3.8
92 600 1620 2.7
92 800 2160 2.5
92 1000 2660 2.9
92 1200 3240 0.8
92 1400 3400 3.2
92 1600 4040 2.9
92 1800 4620 4.6
93 0 0 2.1
93 200 420 2.2
93 400 860 3.8
93 600 1620 2.7
93 800 2160 2.5
93 1000 2660 2.9
93 1200 3240 0.8
93 1400 3400 3.2
93 1600 4040 2.9
93 1800 4620 4.6
94 0 0 2.1
94 200 420 2.2
94 400 860 3.8
94 600 1620 2.7
94 800 2160 2.5
94 1000 2660 2.9
94 1200 3240 0.8
94 1400 3400 3.2
94 1600 4040 2.9
94 1800 4620 4.6
95 0 0 2.1
95 200 420 2.2
95 400 860 3.8
95 600 1620 2.7
95 800 2160 2.5
95 1000 2660 2.9
95 1200 3240 0.8
95 1400 3400 3.2
95 1600 4040 2.9
95 1800 4620 4.6
96 0 0 2.1
96 200 420 2.2
96 400 860 3.8
96 600 1620 2.7
96 800 2160 2.5
96 1000 2660 2.9
96 1200 3240 0.8
96 1400 3400 3.2
96 1600 4040 2.9
96 1800 4620 4.6
97 0 0 2.1
97 200 420 2.2
97 400 860 3.8
97 600 1620 2.7
97 800 2160 2.5
97 1000 2660 2.9
97 1200 3240 0.8
97 1400 3400 3.2
97 1600 4040 2.9
97 1800 4620 4.6
98 0 0 2.1
98 200 420 2.2
98 400 860 3.8
98 600 1620 2.7
98 800 2160 2.5
98 1000 2660 2.9
98 1200 3240 0.8
98 1400 3400 3.2
98 1600 4040 2.9
98 1800 4620 4.6
99 0 0 2.1
99 200 420 2.2
99 400 860 3.8
99 600 1620 2.7
99 800 2160 2.5
99 1000 2660 2.9
99 1200 3240 0.8
99 1400 3400 3.2
99 1600 4040 2.9
99 1800 4620 4.6
100 0 0 2.1
100 200 420 2.2
100 400 860 3.8
100 600 1620 2.7
100 800 2160 2.5
100 1000 2660 2.9
100 1200 3240 0.8
100 1400 3400 3.2
100 1600 4040 2.9
100 1800 4620 4.6
101 0 0 2.1
101 200 420 2.2
101 400 860 3.8
101 600 1620 2.7
101 800 2160 2.5
101 1000 2660 2.9
101 1200 3240 0.8
101 1400 3400 3.2
101 1600 4040 2.9
101 1800 4620 4.6
102 0 0 2.1
102 200 420 2.2
102 400 860 3.8
102 600 1620 2.7
102 800 2160 2.5
102 1000 2660 2.9
102 1200 3240 0.8
102 1400 3400 3.2
102 1600 4040 2.9
102 1800 4620 4.6
103 0 0 2.1
103 200 420 2.2
103 400 860 3.8
103 600 1620 2.7
103 800 2160 2.5
103 1000 2660 2.9
103 1200 3240 0.8
103 1400 3400 3.2
103 1600 4040 2.9
103 1800 4620 4.6
104 0 0 2.1
104 200 420 2.2
104 400 860 3.8
104 600 1620 2.7
104 800 2160 2.5
104 1000 2660 2.9
104 1200 3240 0.8
104 1400 3400 3.2
104 1600 4040 2.9
104 1800 4620 4.6
105 0 0 2.1
105 200 420 2.2
105 400 860 3.8
105 600 1620 2.7
105 800 2160 2.5
105 1000 2660 2.9
105 1200 3240 0.8
105 1400 3400 3.2
105 1600 4040 2.9
105 1800 4620 4.6
106 0 0 2.1
106 200 420 2.2
106 400 860 3.8
106 600 1620 2.7
106 800 2160 2.5
106 1000 2660 2.9
106 1200 3240 0.8
106 1400 3400 3.2
106 1600 4040 2.9
106 1800 4620 4.6
107 0 0 2.1
107 200 420 2.2
107 400 860 3.8
107 600 1620 2.7
107 800 2160 2.5
107 1000 2660 2.9
107 1200 3240 0.8
107 1400 3400 3.2
107 1600 4040 2.9
107 1800 4620 4.6
108 0 0 2.1
108 200 420 2.2
108 400 860 3.8
108 600 1620 2.7
108 800 2160 2.5
108 1000 2660 2.9
108 1200 3240 0.8
108 1400 3400 3.2
108 1600 4040 2.9
108 1800 4620 4.6
109 0 0 2.1
109 200 420 2.2
109 400 860 3.8
109 600 1620 2.7
109 800 2160 2.5
109 1000 2660 2.9
109 1200 3240 0.8
109 1400 3400 3.2
109 1600 4040 2.9
109 1800 4620 4.6
110 0 0 2.1
110 200 420 2.2
110 400 860 3.8
110 600 1620 2.7
110 800 2160 2.5
110 1000 2660 2.9
110 1200 3240 0.8
110 1400 3400 3.2
110 1600 4040 2.9
110 1800 4620 4.6
111 0 0 2.1
111 200 420 2.2
111 400 860 3.8
111 600 1620 2.7
111 800 2160 2.5
111 1000 2660 2.9
111 1200 3240 0.8
111 1400 3400 3.2
111 1600 4040 2.9
111 1800 4620 4.6
112 0 0 2.1
112 200 420 2.2
112 400 860 3.8
112 600 1620 2.7
112 800 2160 2.5
112 1000 2660 2.9
112 1200 3240 0.8
112 1400 3400 3.2
112 1600 4040 2.9
112 1800 4620 4.6
113 0 0 2.1
113 200 420 2.2
113 400 860 3.8
113 600 1620 2.7
113 800 2160 2.5
113 1000 2660 2.9
113 1200 3240 0.8
113 1400 3400 3.2
113 1600 4040 2.9
113 1800 4620 4.6
114 0 0 2.1
114 200 420 2.2
114 400 860 3.8
114 600 1620 2.7
114 800 2160 2.5
114 1000 2660 2.9
114 1200 3240 0.8
114 1400 3400 3.2
114 1600 4040 2.9
114 1800 4620 4.6
115 0 0 2.1
115 200 420 2.2
115 400 860 3.8
115 600 1620 2.7
115 800 2160 2.5
115 1000 2660 2.9
115 1200 3240 0.8
115 1400 3400 3.2
115 1600 4040 2.9
115 1800 4620 4.6
116 0 0 2.1
116 200 420 2.2
116 400 860 3.8
116 600 1620 2.7
116 800 2160 2.5
116 1000 2660 2.9
116 1200 3240 0.8
116 1400 3400 3.2
116 1600 4040 2.9
116 1800 4620 4.6
117 0 0 2.1
117 200 420 2.2
117 400 860 3.8
117 600 1620 2.7
117 800 2160 2.5
117 1000 2660 2.9
117 1200 3240 0.8
117 1400 3400 3.2
117 1600 4040 2.9
117 1800 4620 4.6
118 0 0 2.1
118 200 420 2.2
118 400 860 3.8
118 600 1620 2.7
118 800 2160 2.5
118 1000 2660 2.9
118 1200 3240 0.8
118 1400 3400 3.2
118 1600 4040 2.9
118 1800 4620 4.6
119 0 0 2.1
119 200 420 2.2
119 400 860 3.8
119 600 1620 2.7
119 800 2160 2.5
119 1000 2660 2.9
119 1200 3240 0.8
119 1400 3400 3.2
119 1600 4040 2.9
119 1800 4620 4.6
120 0 0 2.1
120 200 420 2.2
120 400 860 3.8
120 600 1620 2.7
120 800 2160 2.5
120 1000 2660 2.9
120 1200 3240 0.8
120 1400 3400 3.2
120 1600 4040 2.9
120 1800 4620 4.6
121 0 0 2.1
121 200 420 2.2
121 400 860 3.8
121 600 1620 2.7
121 800 2160 2.5
121 1000 2660 2.9
121 1200 3240 0.8
121 1400 3400 3.2
121 1600 4040 2.9
121 1800 4620 4.6
122 0 0 2.1
122 200 420 2.2
122 400 860 3.8
122 600 1620 2.7
122 800 2160 2.5
122 1000 2660 2.9
122 1200 3240 0.8
122 1400 3400 3.2
122 1600 4040 2.9
122 1800 4620 4.6
123 0 0 2.1
123 200 420 2.2
123 400 860 3.8
123 600 1620 2.7
123 800 2160 2.5
123 1000 2660 2.9
123 1200 3240 0.8
123 1400 3400 3.2
123 1600 4040 2.9
123 1800 4620 4.6
124 0 0 2.1
124 200 420 2.2
124 400 860 3.8
124 600 1620 2.7
124 800 2160 2.5
124 1000 2660 2.9
124 1200 3240 0.8
124 1400 3400 3.2
124 1600 4040 2.9
124 1800 4620 4.6
125 0 0 2.1
125 200 420 2.2
125 400 860 3.8
125 600 1620 2.7
125 800 2160 2.5
125 1000 2660 2.9
125 1200 3240 0.8
125 1400 3400 3.2
125 1600 4040 2.9
125 1800 4620 4.6
126 0 0 2.1
126 200 420 2.2
126 400 860 3.8
126 600 1620 2.7
126 800 2160 2.5
126 1000 2660 2.9
126 1200 3240 0.8
126 1400 3400 3.2
126 1600 4040 2.9
126 1800 4620 4.6
127 0 0 2.1
127 200 420 2.2
127 400 860 3.8
127 600 1620 2.7
127 800 2160 2.5
127 1000 2660 2.9
127 1200 3240 0.8
127 1400 3400 3.2
127 1600 4040 2.9
127 1800 4620 4.6
128 0 0 2.1
128 200 420 2.2
128 400 860 3.8
128 600 1620 2.7
128 800 2160 2.5
128 1000 2660 2.9
128 1200 3240 0.8
128 1400 3400 3.2
128 1600 4040 2.9
128 1800 4620 4.6
129 0 0 2.1
129 200 420 2.2
129 400 860 3.8
129 600 1620 2.7
129 800 2160 2.5
129 1000 2660 2.9
129 1200 3240 0.8
129 1400 3400 3.2
129 1600 4040 2.9
129 1800 4620 4.6
130 0 0 2.1
130 200 420 2.2
130 400 860 3.8
130 600 1620 2.7
130 800 2160 2.5
130 1000 2660 2.9
130 1200 3240 0.8
130 1400 3400 3.2
130 1600 4040 2.9
130 1800 4620 4.6
131 0 0 2.1
131 200 420 2.2
131 400 860 3.8
131 600 1620 2.7
131 800 2160 2.5
131 1000 2660 2.9
131 1200 3240 0.8
131 1400 3400 3.2
131 1600 4040 2.9
131 1800 4620 4.6
132 0 0 2.1
132 200 420 2.2
132 400 860 3.8
132 600 1620 2.7
132 800 2160 2.5
132 1000 2660 2.9
132 1200 3240 0.8
132 1400 3400 3.2
132 1600 4040 2.9
132 1800 4620 4.6
133 0 0 2.1
133 200 420 2.2
133 400 860 3.8
133 600 1620 2.7
133 800 2160 2.5
133 1000 2660 2.9
133 1200 3240 0.8
133 1400 3400 3.2
133 1600 4040 2.9
133 1800 4620 4.6
134 0 0 2.1
134 200 420 2.2
134 400 860 3.8
134 600 1620 2.7
134 800 2160 2.5
134 1000 2660 2.9
134 1200 3240 0.8
134 1400 3400 3.2
134 1600 4040 2.9
134 1800 4620 4.6
135 0 0 2.1
135 200 420 2.2
135 400 860 3.8
135 600 1620 2.7
135 800 2160 2.5
135 1000 2660 2.9
135 1200 3240 0.8
135 1400 3400 3.2
135 1600 4040 2.9
135 1800 4620 4.6
136 0 0 2.1
136 200 420 2.2
136 400 860 3.8
136 600 1620 2.7
136 800 2160 2.5
136 1000 2660 2.9
136 1200 3240 0.8
136 1400 3400 3.2
136 1600 4040 2.9
136 1800 4620 4.6
137 0 0 2.1
137 200 420 2.2
137 400 860 3.8
137 600 1620 2.7
137 800 2160 2.5
137 1000 2660 2.9
137 1200 3240 0.8
137 1400 3400 3.2
137 1600 4040 2.9
137 1800 4620 4.6
138 0 0 2.1
138 200 420 2.2
138 400 860 3.8
138 600 1620 2.7
138 800 2160 2.5
138 1000 2660 2.9
138 1200 3240 0.8
138 1400 3400 3.2
138 1600 4040 2.9
138 1800 4620 4.6
139 0 0 2.1
139 200 420 2.2
139 400 860 3.8
139 600 1620 2.7
139 800 2160 2.5
139 1000 2660 2.9
139 1200 3240 0.8
139 1400 3400 3.2
139 1600 4040 2.9
139 1800 4620 4.6
140 0 0 2.1
140 200 420 2.2
140 400 860 3.8
140 600 1620 2.7
140 800 2160 2.5
140 1000 2660 2.9
140 1200 3240 0.8
140 1400 3400 3.2
140 1600 4040 2.9
140 1800 4620 4.6
141 0 0 2.1
141 200 420 2.2
141 400 860 3.8
141 600 1620 2.7
141 800 2160 2.5
141 1000 2660 2.9
141 1200 3240 0.8
141 1400 3400 3.2
141 1600 4040 2.9
141 1800 4620 4.6
142 0 0 2.1
142 200 420 2.2
142 400 860 3.8
142 600 1620 2.7
142 800 2160 2.5
142 1000 2660 2.9
142 1200 3240 0.8
142 1400 3400 3.2
142 1600 4040 2.9
142 1800 4620 4.6
143 0 0 2.1
143 200 420 2.2
143 400 860 3.8
143 600 1620 2.7
143 800 2160 2.5
143 1000 2660 2.9
143 1200 3240 0.8
143 1400 3400 3.2
143 1600 4040 2.9
143 1800 4620 4.6
144 0 0 2.1
144 200 420 2.2
144 400 860 3.8
144 600 1620 2.7
144 800 2160 2.5
144 1000 2660 2.9
144 1200 3240 0.8
144 1400 3400 3.2
144 1600 4040 2.9
144 1800 4620 4.6
145 0 0 2.1
145 200 420 2.2
145 400 860 3.8
145 600 1620 2.7
145 800 2160 2.5
145 1000 2660 2.9
145 1200 3240 0.8
145 1400 3400 3.2
145 1600 4040 2.9
145 1800 4620 4.6
146 0 0 2.1
146 200 420 2.2
146 400 860 3.8
146 600 1620 2.7
146 800 2160 2.5
146 1000 2660 2.9
146 1200 3240 0.8
146 1400 3400 3.2
146 1600 4040 2.9
146 1800 4620 4.6
147 0 0 2.1
147 200 420 2.2
147 400 860 3.8
147 600 1620 2.7
147 800 2160 2.5
147 1000 2660 2.9
147 1200 3240 0.8
147 1400 3400 3.2
147 1600 4040 2.9
147 1800 4620 4.6
148 0 0 2.1
148 200 420 2.2
148 400 860 3.8
148 600 1620 2.7
148 800 2160 2.5
148 1000 2660 2.9
148 1200 3240 0.8
148 1400 3400 3.2
148 1600 4040 2.9
148 1800 4620 4.6
149 0 0 2.1
149 200 420 2.2
149 400 860 3.8
149 600 1620 2.7
149 800 2160 2.5
149 1000 2660 2.9
149 1200 3240 0.8
149 1400 3400 3.2
149 1600 4040 2.9
149 1800 4620 4.6
150 0 0 2.1
150 200 420 2.2
150 400 860 3.8
150 600 1620 2.7
150 800 2160 2.5
150 1000 2660 2.9
150 1200 3240 0.8
150 1400 3400 3.2
150 1600 4040 2.9
150 1800 4620 4.6
151 0 0 2.1
151 200 420 2.2
151 400 860 3.8
151 600 1620 2.7
151 800 2160 2.5
151 1000 2660 2.9
151 1200 3240 0.8
151 1400 3400 3.2
151 1600 4040 2.9
151 1800 4620 4.6
152 0 0 2.1
152 200 420 2.2
152 400 860 3.8
152 600 1620 2.7
152 800 2160 2.5
152 1000 2660 2.9
152 1200 3240 0.8
152 1400 3400 3.2
152 1600 4040 2.9
152 1800 4620 4.6
153 0 0 2.1
153 200 420 2.2
153 400 860 3.8
153 600 1620 2.7
153 800 2160 2.5
153 1000 2660 2.9
153 1200 3240 0.8
153 1400 3400 3.2
153 1600 4040 2.9
153 1800 4620 4.6
154 0 0 2.1
154 200 420 2.2
154 400 860 3.8
154 600 1620 2.7
154 800 2160 2.5
154 1000 2660 2.9
154 1200 3240 0.8
154 1400 3400 3.2
154 1600 4040 2.9
154 1800 4620 4.6
155 0 0 2.1
155 200 420 2.2
155 400 860 3.8
155 600 1620 2.7
155 800 2160 2.5
155 1000 2660 2.9
155 1200 3240 0.8
155 1400 3400 3.2
155 1600 4040 2.9
155 1800 4620 4.6
156 0 0 2.1
156 200 420 2.2
156 400 860 3.8
156 600 1620 2.7
156 800 2160 2.5
156 1000 2660 2.9
156 1200 3240 0.8
156 1400 3400 3.2
156 1600 4040 2.9
156 1800 4620 4.6
157 0 0 2.1
157 200 420 2.2
157 400 860 3.8
157 600 1620 2.7
157 800 2160 2.5
157 1000 2660 2.9
157 1200 3240 0.8
157 1400 3400 3.2
157 1600 4040 2.9
157 1800 4620 4.6
158 0 0 2.1
158 200 420 2.2
158 400 860 3.8
158 600 1620 2.7
158 800 2160 2.5
158 1000 2660 2.9
158 1200 3240 0.8
158 1400 3400 3.2
158 1600 4040 2.9
158 1800 4620 4.6
159 0 0 2.1
159 200 420 2.2
159 400 860 3.8
159 600 1620 2.7
159 800 2160 2.5
159 1000 2660 2.9
159 1200 3240 0.8
159 1400 3400 3.2
159 1600 4040 2.9
159 1800 4620 4.6
160 0 0 2.1
160 200 420 2.2
160 400 860 3.8
160 600 1620 2.7
160 800 2160 2.5
160 1000 2660 2.9
160 1200 3240 0.8
160 1400 3400 3.2
160 1600 4040 2.9
160 1800 4620 4.6
161 0 0 2.1
161 200 420 2.2
161 400 860 3.8
161 600 1620 2.7
161 800 2160 2.5
161 1000 2660 2.9
161 1200 3240 0.8
161 1400 3400 3.2
161 1600 4040 2.9
161 1800 4620 4.6
162 0 0 2.1
162 200 420 2.2
162 400 860 3.8
162 600 1620 2.7
162 800 2160 2.5
162 1000 2660 2.9
162 1200 3240 0.8
162 1400 3400 3.2
162 1600 4040 2.9
162 1800 4620 4.6
163 0 0 2.1
163 200 420 2.2
163 400 860 3.8
163 600 1620 2.7
163 800 2160 2.5
163 1000 2660 2.9
163 1200 3240 0.8
163 1400 3400 3.2
163 1600 4040 2.9
163 1800 4620 4.6
164 0 0 2.1
164 200 420 2.2
164 400 860 3.8
164 600 1620 2.7
164 800 2160 2.5
164 1000 2660 2.9
164 1200 3240 0.8
164 1400 3400 3.2
164 1600 4040 2.9
164 1800 4620 4.6
165 0 0 2.1
165 200 420 2.2
165 400 860 3.8
165 600 1620 2.7
165 800 2160 2.5
165 1000 2660 2.9
165 1200 3240 0.8
165 1400 3400 3.2
165 1600 4040 2.9
165 1800 4620 4.6
166 0 0 2.1
166 200 420 2.2
166 400 860 3.8
166 600 1620 2.7
166 800 2160 2.5
166 1000 2660 2.9
166 1200 3240 0.8
166 1400 3400 3.2
166 1600 4040 2.9
166 1800 4620 4.6
167 0 0 2.1
167 200 420 2.2
167 400 860 3.8
167 600 1620 2.7
167 800 2160 2.5
167 1000 2660 2.9
167 1200 3240 0.8
167 1400 3400 3.2
167 1600 4040 2.9
167 1800 4620 4.6
168 0 0 2.1
168 200 420 2.2
168 400 860 3.8
168 600 1620 2.7
168 800 2160 2.5
168 1000 2660 2.9
168 1200 3240 0.8
168 1400 3400 3.2
168 1600 4040 2.9
168 1800 4620 4.6
169 0 0 2.1
169 200 420 2.2
169 400 860 3.8
169 600 1620 2.7
169 800 2160 2.5
169 1000 2660 2.9
169 1200 3240 0.8
169 1400 3400 3.2
169 1600 4040 2.9
169 1800 4620 4.6
170 0 0 2.1
170 200 420 2.2
170 400 860 3.8
170 600 1620 2.7
170 800 2160 2.5
170 1000 2660 2.9
170 1200 3240 0.8
170 1400 3400 3.2
170 1600 4040 2.9
170 1800 4620 4.6
171 0 0 2.1
171 200 420 2.2
171 400 860 3.8
171 600 1620 2.7
171 800 2160 2.5
171 1000 2660 2.9
171 1200 3240 0.8
171 1400 3400 3.2
171 1600 4040 2.9
171 1800 4620 4.6
172 0 0 2.1
172 200 420 2.2
172 400 860 3.8
172 600 1620 2.7
172 800 2160 2.5
172 1000 2660 2.9
172 1200 3240 0.8
172 1400 3400 3.2
172 1600 4040 2.9
172 1800 4620 4.6
173 0 0 2.1
173 200 420 2.2
173 400 860 3.8
173 600 1620 2.7
173 800 2160 2.5
173 1000 2660 2.9
173 1200 3240 0.8
173 1400 3400 3.2
173 1600 4040 2.9
173 1800 4620 4.6
174 0 0 2.1
174 200 420 2.2
174 400 860 3.8
174 600 1620 2.7
174 800 2160 2.5
174 1000 2660 2.9
174 1200 3240 0.8
174 1400 3400 3.2
174 1600 4040 2.9
174 1800 4620 4.6
175 0 0 2.1
175 200 420 2.2
175 400 860 3.8
175 600 1620 2.7
175 800 2160 2.5
175 1000 2660 2.9
175 1200 3240 0.8
175 1400 3400 3.2
175 1600 4040 2.9
175 1800 4620 4.6
176 0 0 2.1
176 200 420 2.2
176 400 860 3.8
176 600 1620 2.7
176 800 2160 2.5
176 1000 2660 2.9
176 1200 3240 0.8
176 1400 3400 3.2
176 1600 4040 2.9
176 1800 4620 4.6
177 0 0 2.1
177 200 420 2.2
177 400 860 3.8
177 600 1620 2.7
177 800 2160 2.5
177 1000 2660 2.9
177 1200 3240 0.8
177 1400 3400 3.2
177 1600 4040 2.9
177 1800 4620 4.6
178 0 0 2.1
178 200 420 2.2
178 400 860 3.8
178 600 1620 2.7
178 800 2160 2.5
178 1000 2660 2.9
178 1200 3240 0.8
178 1400 3400 3.2
178 1600 4040 2.9
178 1800 4620 4.6
179 0 0 2.1
179 200 420 2.2
179 400 860 3.8
179 600 1620 2.7
179 800 2160 2.5
179 1000 2660 2.9
179 1200 3240 0.8
179 1400 3400 3.2
179 1600 4040 2.9
179 1800 4620 4.6
180 0 0 2.1
180 200 420 2.2
180 400 860 3.8
180 600 1620 2.7
180 800 2160 2.5
180 1000 2660 2.9
180 1200 3240 0.8
180 1400 3400 3.2
180 1600 4040 2.9
180 1800 4620 4.6
181 0 0 2.1
181 200 420 2.2
181 400 860 3.8
181 600 1620 2.7
181 800 2160 2.5
181 1000 2660 2.9
181 1200 3240 0.8
181 1400 3400 3.2
181 1600 4040 2.9
181 1800 4620 4.6
182 0 0 2.1
182 200 420 2.2
182 400 860 3.8
182 600 1620 2.7
182 800 2160 2.5
182 1000 2660 2.9
182 1200 3240 0.8
182 1400 3400 3.2
182 1600 4040 2.9
182 1800 4620 4.6
183 0 0 2.1
183 200 420 2.2
183 400 860 3.8
183 600 1620 2.7
183 800 2160 2.5
183 1000 2660 2.9
183 1200 3240 0.8
183 1400 3400 3.2
183 1600 4040 2.9
183 1800 4620 4.6
184 0 0 2.1
184 200 420 2.2
184 400 860 3.8
184 600 1620 2.7
184 800 2160 2.5
184 1000 2660 2.9
184 1200 3240 0.8
184 1400 3400 3.2
184 1600 4040 2.9
184 1800 4620 4.6
185 0 0 2.1
185 200 420 2.2
185 400 860 3.8
185 600 1620 2.7
185 800 2160 2.5
185 1000 2660 2.9
185 1200 3240 0.8
185 1400 3400 3.2
185 1600 4040 2.9
185 1800 4620 4.6
186 0 0 2.1
186 200 420 2.2
186 400 860 3.8
186 600 1620 2.7
186 800 2160 2.5
186 1000 2660 2.9
186 1200 3240 0.8
186 1400 3400 3.2
186 1600 4040 2.9
186 1800 4620 4.6
187 0 0 2.1
187 200 420 2.2
187 400 860 3.8
187 600 1620 2.7
187 800 2160 2.5
187 1000 2660 2.9
187 1200 3240 0.8
187 1400 3400 3.2
187 1600 4040 2.9
187 1800 4620 4.6
188 0 0 2.1
188 200 420 2.2
188 400 860 3.8
188 600 1620 2.7
188 800 2160 2.5
188 1000 2660 2.9
188 1200 3240 0.8
188 1400 3400 3.2
188 1600 4040 2.9
188 1800 4620 4.6
189 0 0 2.1
189 200 420 2.2
189 400 860 3.8
189 600 1620 2.7
189 800 2160 2.5
189 1000 2660 2.9
189 1200 3240 0.8
189 1400 3400 3.2
189 1600 4040 2.9
189 1800 4620 4.6
190 0 0 2.1
190 200 420 2.2
190 400 860 3.8
190 600 1620 2.7
190 800 2160 2.5
190 1000 2660 2.9
190 1200 3240 0.8
190 1400 3400 3.2
190 1600 4040 2.9
190 1800 4620 4.6
191 0 0 2.1
191 200 420 2.2
191 400 860 3.8
191 600 1620 2.7
191 800 2160 2.5
191 1000 2660 2.9
191 1200 3240 0.8
191 1400 3400 3.2
191 1600 4040 2.9
191 1800 4620 4.6
192 0 0 2.1
192 200 420 2.2
192 400 860 3.8
192 600 1620 2.7
192 800 2160 2.5
192 1000 2660 2.9
192 1200 3240 0.8
192 1400 3400 3.2
192 1600 4040 2.9
192 1800 4620 4.6
193 0 0 2.1
193 200 420 2.2
193 400 860 3.8
193 600 1620 2.7
193 800 2160 2.5
193 1000 2660 2.9
193 1200 3240 0.8
193 1400 3400 3.2
193 1600 4040 2.9
193 1800 4620 4.6
194 0 0 2.1
194 200 420 2.2
194 400 860 3.8
194 600 1620 2.7
194 800 2160 2.5
194 1000 2660 2.9
194 1200 3240 0.8
194 1400 3400 3.2
194 1600 4040 2.9
194 1800 4620 4.6
195 0 0 2.1
195 200 420 2.2
195 400 860 3.8
195 600 1620 2.7
195 800 2160 2.5
195 1000 2660 2.9
195 1200 3240 0.8
195 1400 3400 3.2
195 1600 4040 2.9
195 1800 4620 4.6
196 0 0 2.1
196 200 420 2.2
196 400 860 3.8
196 600 1620 2.7
196 800 2160 2.5
196 1000 2660 2.9
196 1200 3240 0.8
196 1400 3400 3.2
196 1600 4040 2.9
196 1800 4620 4.6
197 0 0 2.1
197 200 420 2.2
197 400 860 3.8
197 600 1620 2.7
197 800 2160 2.5
197 1000 2660 2.9
197 1200 3240 0.8
197 1400 3400 3.2
197 1600 4040 2.9
197 1800 4620 4.6
198 0 0 2.1
198 200 420 2.2
198 400 860 3.8
198 600 1620 2.7
198 800 2160 2.5
198 1000 2660 2.9
198 1200 3240 0.8
198 1400 3400 3.2
198 1600 4040 2.9
198 1800 4620 4.6
199 0 0 2.1
199 200 420 2.2
199 400 860 3.8
199 600 1620 2.7
199 800 2160 2.5
199 1000 2660 2.9
199 1200 3240 0.8
199 1400 3400 3.2
199 1600 4040 2.9
199 1800 4620 4.6
200 0 0 2.1
200 200 420 2.2
200 400 860 3.8
200 600 1620 2.7
200 800 2160 2.5
200 1000 2660 2.9
200 1200 3240 0.8
200 1400 3400 3.2
200 1600 4040 2.9
200 1800 4620 4.6
201 0 0 2.1
201 200 420 2.2
201 400 860 3.8
201 600 1620 2.7
201 800 2160 2.5
201 1000 2660 2.9
201 1200 3240 0.8
201 1400 3400 3.2
201 1600 4040 2.9
201 1800 4620 4.6
202 0 0 2.1
202 200 420 2.2
202 400 860 3.8
202 600 1620 2.7
202 800 2160 2.5
202 1000 2660 2.9
202 1200 3240 0.8
202 1400 3400 3.2
202 1600 4040 2.9
202 1800 4620 4.6
203 0 0 2.1
203 200 420 2.2
203 400 860 3.8
203 600 1620 2.7
203 800 2160 2.5
203 1000 2660 2.9
203 1200 3240 0.8
203 1400 3400 3.2
203 1600 4040 2.9
203 1800 4620 4.6
204 0 0 2.1
204 200 420 2.2
204 400 860 3.8
204 600 1620 2.7
204 800 2160 2.5
204 1000 2660 2.9
204 1200 3240 0.8
204 1400 3400 3.2
204 1600 4040 2.9
204 1800 4620 4.6
205 0 0 2.1
205 200 420 2.2
205 400 860 3.8
205 600 1620 2.7
205 800 2160 2.5
205 1000 2660 2.9
205 1200 3240 0.8
205 1400 3400 3.2
205 1600 4040 2.9
205 1800 4620 4.6
206 0 0 2.1
206 200 420 2.2
206 400 860 3.8
206 600 1620 2.7
206 800 2160 2.5
206 1000 2660 2.9
206 1200 3240 0.8
206 1400 3400 3.2
206 1600 4040 2.9
206 1800 4620 4.6
207 0 0 2.1
207 200 420 2.2
207 400 860 3.8
207 600 1620 2.7
207 800 2160 2.5
207 1000 2660 2.9
207 1200 3240 0.8
207 1400 3400 3.2
207 1600 4040 2.9
207 1800 4620 4.6
208 0 0 2.1
208 200 420 2.2
208 400 860 3.8
208 600 1620 2.7
208 800 2160 2.5
208 1000 2660 2.9
208 1200 3240 0.8
208 1400 3400 3.2
208 1600 4040 2.9
208 1800 4620 4.6
209 0 0 2.1
209 200 420 2.2
209 400 860 3.8
209 600 1620 2.7
209 800 2160 2.5
209 1000 2660 2.9
209 1200 3240 0.8
209 1400 3400 3.2
209 1600 4040 2.9
209 1800 4620 4.6
210 0 0 2.1
210 200 420 2.2
210 400 860 3.8
210 600 1620 2.7
210 800 2160 2.5
210 1000 2660 2.9
210 1200 3240 0.8
210 1400 3400 3.2
210 1600 4040 2.9
210 1800 4620 4.6
211 0 0 2.1
211 200 420 2.2
211 400 860 3.8
211 600 1620 2.7
211 800 2160 2.5
211 1000 2660 2.9
211 1200 3240 0.8
211 1400 3400 3.2
211 1600 4040 2.9
211 1800 4620 4.6
212 0 0 2.1
212 200 420 2.2
212 400 860 3.8
212 600 1620 2.7
212 800 2160 2.5
212 1000 2660 2.9
212 1200 3240 0.8
212 1400 3400 3.2
212 1600 4040 2.9
212 1800 4620 4.6
213 0 0 2.1
213 200 420 2.2
213 400 860 3.8
213 600 1620 2.7
213 800 2160 2.5
213 1000 2660 2.9
213 1200 3240 0.8
213 1400 3400 3.2
213 1600 4040 2.9
213 1800 4620 4.6
214 0 0 2.1
214 200 420 2.2
214 400 860 3.8
214 600 1620 2.7
214 800 2160 2.5
214 1000 2660 2.9
214 1200 3240 0.8
214 1400 3400 3.2
214 1600 4040 2.9
214 1800 4620 4.6
215 0 0 2.1
215 200 420 2.2
215 400 860 3.8
215 600 1620 2.7
215 800 2160 2.5
215 1000 2660 2.9
215 1200 3240 0.8
215 1400 3400 3.2
215 1600 4040 2.9
215 1800 4620 4.6
216 0 0 2.1
216 200 420 2.2
216 400 860 3.8
216 600 1620 2.7
216 800 2160 2.5
216 1000 2660 2.9
216 1200 3240 0.8
216 1400 3400 3.2
216 1600 4040 2.9
216 1800 4620 4.6
217 0 0 2.1
217 200 420 2.2
217 400 860 3.8
217 600 1620 2.7
217 800 2160 2.5
217 1000 2660 2.9
217 1200 3240 0.8
217 1400 3400 3.2
217 1600 4040 2.9
217 1800 4620 4.6
218 0 0 2.1
218 200 420 2.2
218 400 860 3.8
218 600 1620 2.7
218 800 2160 2.5
218 1000 2660 2.9
218 1200 3240 0.8
218 1400 3400 3.2
218 1600 4040 2.9
218 1800 4620 4.6
219 0 0 2.1
219 200 420 2.2
219 400 860 3.8
219 600 1620 2.7
219 800 2160 2.5
219 1000 2660 2.9
219 1200 3240 0.8
219 1400 3400 3.2
219 1600 4040 2.9
219 1800 4620 4.6
220 0 0 2.1
220 200 420 2.2
220 400 860 3.8
220 600 1620 2.7
220 800 2160 2.5
220 1000 2660 2.9
220 1200 3240 0.8
220 1400 3400 3.2
220 1600 4040 2.9
220 1800 4620 4.6
221 0 0 2.1
221 200 420 2.2
221 400 860 3.8
221 600 1620 2.7
221 800 2160 2.5
221 1000 2660 2.9
221 1200 3240 0.8
221 1400 3400 3.2
221 1600 4040 2.9
221 1800 4620 4.6
222 0 0 2.1
222 200 420 2.2
222 400 860 3.8
222 600 1620 2.7
222 800 2160 2.5
222 1000 2660 2.9
222 1200 3240 0.8
222 1400 3400 3.2
222 1600 4040 2.9
222 1800 4620 4.6
223 0 0 2.1
223 200 420 2.2
223 400 860 3.8
223 600 1620 2.7
223 800 2160 2.5
223 1000 2660 2.9
223 1200 3240 0.8
223 1400 3400 3.2
223 1600 4040 2.9
223 1800 4620 4.6
224 0 0 2.1
224 200 420 2.2
224 400 860 3.8
224 600 1620 2.7
224 800 2160 2.5
224 1000 2660 2.9
224 1200 3240 0.8
224 1400 3400 3.2
224 1600 4040 2.9
224 1800 4620 4.6
225 0 0 2.1
225 200 420 2.2
225 400 860 3.8
225 600 1620 2.7
225 800 2160 2.5
225 1000 2660 2.9
225 1200 3240 0.8
225 1400 3400 3.2
225 1600 4040 2.9
225 1800 4620 4.6
226 0 0 2.1
226 200 420 2.2
226 400 860 3.8
226 600 1620 2.7
226 800 2160 2.5
226 1000 2660 2.9
226 1200 3240 0.8
226 1400 3400 3.2
226 1600 4040 2.9
226 1800 4620 4.6
227 0 0 2.1
227 200 420 2.2
227 400 860 3.8
227 600 1620 2.7
227 800 2160 2.5
227 1000 2660 2.9
227 1200 3240 0.8
227 1400 3400 3.2
227 1600 4040 2.9
227 1800 4620 4.6
228 0 0 2.1
228 200 420 2.2
228 400 860 3.8
228 600 1620 2.7
228 800 2160 2.5
228 1000 2660 2.9
228 1200 3240 0.8
228 1400 3400 3.2
228 1600 4040 2.9
228 1800 4620 4.6
229 0 0 2.1
229 200 420 2.2
229 400 860 3.8
229 600 1620 2.7
229 800 2160 2.5
229 1000 2660 2.9
229 1200 3240 0.8
229 1400 3400 3.2
229 1600 4040 2.9
229 1800 4620 4.6
230 0 0 2.1
230 200 420 2.2
230 400 860 3.8
230 600 1620 2.7
230 800 2160 2.5
230 1000 2660 2.9
230 1200 3240 0.8
230 1400 3400 3.2
230 1600 4040 2.9
230 1800 4620 4.6
231 0 0 2.1
231 200 420 2.2
231 400 860 3.8
231 600 1620 2.7
231 800 2160 2.5
231 1000 2660 2.9
231 1200 3240 0.8
231 1400 3400 3.2
231 1600 4040 2.9
231 1800 4620 4.6
232 0 0 2.1
232 200 420 2.2
232 400 860 3.8
232 600 1620 2.7
232 800 2160 2.5
232 1000 2660 2.9
232 1200 3240 0.8
232 1400 3400 3.2
232 1600 4040 2.9
232 1800 4620 4.6
233 0 0 2.1
233 200 420 2.2
233 400 860 3.8
233 600 1620 2.7
233 800 2160 2.5
233 1000 2660 2.9
233 1200 3240 0.8
233 1400 3400 3.2
233 1600 4040 2.9
233 1800 4620 4.6
234 0 0 2.1
234 200 420 2.2
234 400 860 3.8
234 600 1620 2.7
234 800 2160 2.5
234 1000 2660 2.9
234 1200 3240 0.8
234 1400 3400 3.2
234 1600 4040 2.9
234 1800 4620 4.6
235 0 0 2.1
235 200 420 2.2
235 400 860 3.8
235 600 1620 2.7
235 800 2160 2.5
235 1000 2660 2.9
235 1200 3240 0.8
235 1400 3400 3.2
235 1600 4040 2.9
235 1800 4620 4.6
236 0 0 2.1
236 200 420 2.2
236 400 860 3.8
236 600 1620 2.7
236 800 2160 2.5
236 1000 2660 2.9
236 1200 3240 0.8
236 1400 3400 3.2
236 1600 4040 2.9
236 1800 4620 4.6
237 0 0 2.1
237 200 420 2.2
237 400 860 3.8
237 600 1620 2.7
237 800 2160 2.5
237 1000 2660 2.9
237 1200 3240 0.8
237 1400 3400 3.2
237 1600 4040 2.9
237 1800 4620 4.6
238 0 0 2.1
238 200 420 2.2
238 400 860 3.8
238 600 1620 2.7
238 800 2160 2.5
238 1000 2660 2.9
238 1200 3240 0.8
238 1400 3400 3.2
238 1600 4040 2.9
238 1800 4620 4.6
239 0 0 2.1
239 200 420 2.2
239 400 860 3.8
239 600 1620 2.7
239 800 2160 2.5
239 1000 2660 2.9
239 1200 3240 0.8
239 1400 3400 3.2
239 1600 4040 2.9
239 1800 4620 4.6
240 0 0 2.1
240 200 420 2.2
240 400 860 3.8
240 600 1620 2.7
240 800 2160 2.5
240 1000 2660 2.9
240 1200 3240 0.8
240 1400 3400 3.2
240 1600 4040 2.9
240 1800 4620 4.6
241 0 0 2.1
241 200 420 2.2
241 400 860 3.8
241 600 1620 2.7
241 800 2160 2.5
241 1000 2660 2.9
241 1200 3240 0.8
241 1400 3400 3.2
241 1600 4040 2.9
241 1800 4620 4.6
242 0 0 2.1
242 200 420 2.2
242 400 860 3.8
242 600 1620 2.7
242 800 2160 2.5
242 1000 2660 2.9
242 1200 3240 0.8
242 1400 3400 3.2
242 1600 4040 2.9
242 1800 4620 4.6
243 0 0 2.1
243 200 420 2.2
243 400 860 3.8
243 600 1620 2.7
243 800 2160 2.5
243 1000 2660 2.9
243 1200 3240 0.8
243 1400 3400 3.2
243 1600 4040 2.9
243 1800 4620 4.6
244 0 0 2.1
244 200 420 2.2
244 400 860 3.8
244 600 1620 2.7
244 800 2160 2.5
244 1000 2660 2.9
244 1200 3240 0.8
244 1400 3400 3.2
244 1600 4040 2.9
244 1800 4620 4.6
245 0 0 2.1
245 200 420 2.2
245 400 860 3.8
245 600 1620 2.7
245 800 2160 2.5
245 1000 2660 2.9
245 1200 3240 0.8
245 1400 3400 3.2
245 1600 4040 2.9
245 1800 4620 4.6
246 0 0 2.1
246 200 420 2.2
246 400 860 3.8
246 600 1620 2.7
246 800 2160 2.5
246 1000 2660 2.9
246 1200 3240 0.8
246 1400 3400 3.2
246 1600 4040 2.9
246 1800 4620 4.6
247 0 0 2.1
247 200 420 2.2
247 400 860 3.8
247 600 1620 2.7
247 800 2160 2.5
247 1000 2660 2.9
247 1200 3240 0.8
247 1400 3400 3.2
247 1600 4040 2.9
247 1800 4620 4.6
248 0 0 2.1
248 200 420 2.2
248 400 860 3.8
248 600 1620 2.7
248 800 2160 2.5
248 1000 2660 2.9
248 1200 3240 0.8
248 1400 3400 3.2
248 1600 4040 2.9
248 1800 4620 4.6
249 0 0 2.1
249 200 420 2.2
249 400 860 3.8
249 600 1620 2.7
249 800 2160 2.5
249 1000 2660 2.9
249 1200 3240 0.8
249 1400 3400 3.2
249 1600 4040 2.9
249 1800 4620 4.6
250 0 0 2.1
250 200 420 2.2
250 400 860 3.8
250 600 1620 2.7
250 800 2160 2.5
250 1000 2660 2.9
250 1200 3240 0.8
250 1400 3400 3.2
250 1600 4040 2.9
250 1800 4620 4.6
251 0 0 2.1
251 200 420 2.2
251 400 860 3.8
251 600 1620 2.7
251 800 2160 2.5
251 1000 2660 2.9
251 1200 3240 0.8
251 1400 3400 3.2
251 1600 4040 2.9
251 1800 4620 4.6
252 0 0 2.1
252 200 420 2.2
252 400 860 3.8
252 600 1620 2.7
252 800 2160 2.5
252 1000 2660 2.9
252 1200 3240 0.8
252 1400 3400 3.2
252 1600 4040 2.9
252 1800 4620 4.6
253 0 0 2.1
253 200 420 2.2
253 400 860 3.8
253 600 1620 2.7
253 800 2160 2.5
253 1000 2660 2.9
253 1200 3240 0.8
253 1400 3400 3.2
253 1600 4040 2.9
253 1800 4620 4.6
254 0 0 2.1
254 200 420 2.2
254 400 860 3.8
254 600 1620 2.7
254 800 2160 2.5
254 1000 2660 2.9
254 1200 3240 0.8
254 1400 3400 3.2
254 1600 4040 2.9
254 1800 4620 4.6
255 0 0 2.1
255 200 420 2.2
255 400 860 3.8
255 600 1620 2.7
255 800 2160 2.5
255 1000 2660 2.9
255 1200 3240 0.8
255 1400 3400 3.2
255 1600 4040 2.9
255 1800 4620 4.6
256 0 0 2.1
256 200 420 2.2
256 400 860 3.8
256 600 1620 2.7
256 800 2160 2.5
256 1000 2660 2.9
256 1200 3240 0.8
256 1400 3400 3.2
256 1600 4040 2.9
256 1800 4620 4.6
257 0 0 2.1
257 200 420 2.2
257 400 860 3.8
257 600 1620 2.7
257 800 2160 2.5
257 1000 2660 2.9
257 1200 3240 0.8
257 1400 3400 3.2
257 1600 4040 2.9
257 1800 4620 4.6
258 0 0 2.1
258 200 420 2.2
258 400 860 3.8
258 600 1620 2.7
258 800 2160 2.5
258 1000 2660 2.9
258 1200 3240 0.8
258 1400 3400 3.2
258 1600 4040 2.9
258 1800 4620 4.6
259 0 0 2.1
259 200 420 2.2
259 400 860 3.8
259 600 1620 2.7
259 800 2160 2.5
259 1000 2660 2.9
259 1200 3240 0.8
259 1400 3400 3.2
259 1600 4040 2.9
259 1800 4620 4.6
260 0 0 2.1
260 200 420 2.2
260 400 860 3.8
260 600 1620 2.7
260 800 2160 2.5
260 1000 2660 2.9
260 1200 3240 0.8
260 1400 3400 3.2
260 1600 4040 2.9
260 1800 4620 4.6
261 0 0 2.1
261 200 420 2.2
261 400 860 3.8
261 600 1620 2.7
261 800 2160 2.5
261 1000 2660 2.9
261 1200 3240 0.8
261 1400 3400 3.2
261 1600 4040 2.9
261 1800 4620 4.6
262 0 0 2.1
262 200 420 2.2
262 400 860 3.8
262 600 1620 2.7
262 800 2160 2.5
262 1000 2660 2.9
262 1200 3240 0.8
262 1400 3400 3.2
262 1600 4040 2.9
262 1800 4620 4.6
263 0 0 2.1
263 200 420 2.2
263 400 860 3.8
263 600 1620 2.7
263 800 2160 2.5
263 1000 2660 2.9
263 1200 3240 0.8
263 1400 3400 3.2
263 1600 4040 2.9
263 1800 4620 4.6
264 0 0 2.1
264 200 420 2.2
264 400 860 3.8
264 600 1620 2.7
264 800 2160 2.5
264 1000 2660 2.9
264 1200 3240 0.8
264 1400 3400 3.2
264 1600 4040 2.9
264 1800 4620 4.6
265 0 0 2.1
265 200 420 2.2
265 400 860 3.8
265 600 1620 2.7
265 800 2160 2.5
265 1000 2660 2.9
265 1200 3240 0.8
265 1400 3400 3.2
265 1600 4040 2.9
265 1800 4620 4.6
266 0 0 2.1
266 200 420 2.2
266 400 860 3.8
266 600 1620 2.7
266 800 2160 2.5
266 1000 2660 2.9
266 1200 3240 0.8
266 1400 3400 3.2
266 1600 4040 2.9
266 1800 4620 4.6
267 0 0 2.1
267 200 420 2.2
267 400 860 3.8
267 600 1620 2.7
267 800 2160 2.5
267 1000 2660 2.9
267 1200 3240 0.8
267 1400 3400 3.2
267 1600 4040 2.9
267 1800 4620 4.6
268 0 0 2.1
268 200 420 2.2
268 400 860 3.8
268 600 1620 2.7
268 800 2160 2.5
268 1000 2660 2.9
268 1200 3240 0.8
268 1400 3400 3.2
268 1600 4040 2.9
268 1800 4620 4.6
269 0 0 2.1
269 200 420 2.2
269 400 860 3.8
269 600 1620 2.7
269 800 2160 2.5
269 1000 2660 2.9
269 1200 3240 0.8
269 1400 3400 3.2
269 1600 4040 2.9
269 1800 4620 4.6
270 0 0 2.1
270 200 420 2.2
270 400 860 3.8
270 600 1620 2.7
270 800 2160 2.5
270 1000 2660 2.9
270 1200 3240 0.8
270 1400 3400 3.2
270 1600 4040 2.9
270 1800 4620 4.6
271 0 0 2.1
271 200 420 2.2
271 400 860 3.8
271 600 1620 2.7
271 800 2160 2.5
271 1000 2660 2.9
271 1200 3240 0.8
271 1400 3400 3.2
271 1600 4040 2.9
271 1800 4620 4.6
272 0 0 2.1
272 200 420 2.2
272 400 860 3.8
272 600 1620 2.7
272 800 2160 2.5
272 1000 2660 2.9
272 1200 3240 0.8
272 1400 3400 3.2
272 1600 4040 2.9
272 1800 4620 4.6
273 0 0 2.1
273 200 420 2.2
273 400 860 3.8
273 600 1620 2.7
273 800 2160 2.5
273 1000 2660 2.9
273 1200 3240 0.8
273 1400 3400 3.2
273 1600 4040 2.9
273 1800 4620 4.6
274 0 0 2.1
274 200 420 2.2
274 400 860 3.8
274 600 1620 2.7
274 800 2160 2.5
274 1000 2660 2.9
274 1200 3240 0.8
274 1400 3400 3.2
274 1600 4040 2.9
274 1800 4620 4.6
275 0 0 2.1
275 200 420 2.2
275 400 860 3.8
275 600 1620 2.7
275 800 2160 2.5
275 1000 2660 2.9
275 1200 3240 0.8
275 1400 3400 3.2
275 1600 4040 2.9
275 1800 4620 4.6
276 0 0 2.1
276 200 420 2.2
276 400 860 3.8
276 600 1620 2.7
276 800 2160 2.5
276 1000 2660 2.9
276 1200 3240 0.8
276 1400 3400 3.2
276 1600 4040 2.9
276 1800 4620 4.6
277 0 0 2.1
277 200 420 2.2
277 400 860 3.8
277 600 1620 2.7
277 800 2160 2.5
277 1000 2660 2.9
277 1200 3240 0.8
277 1400 3400 3.2
277 1600 4040 2.9
277 1800 4620 4.6
278 0 0 2.1
278 200 420 2.2
278 400 860 3.8
278 600 1620 2.7
278 800 2160 2.5
278 1000 2660 2.9
278 1200 3240 0.8
278 1400 3400 3.2
278 1600 4040 2.9
278 1800 4620 4.6
279 0 0 2.1
279 200 420 2.2
279 400 860 3.8
279 600 1620 2.7
279 800 2160 2.5
279 1000 2660 2.9
279 1200 3240 0.8
279 1400 3400 3.2
279 1600 4040 2.9
279 1800 4620 4.6
280 0 0 2.1
280 200 420 2.2
280 400 860 3.8
280 600 1620 2.7
280 800 2160 2.5
280 1000 2660 2.9
280 1200 3240 0.8
280 1400 3400 3.2
280 1600 4040 2.9
280 1800 4620 4.6
281 0 0 2.1
281 200 420 2.2
281 400 860 3.8
281 600 1620 2.7
281 800 2160 2.5
281 1000 2660 2.9
281 1200 3240 0.8
281 1400 3400 3.2
281 1600 4040 2.9
281 1800 4620 4.6
282 0 0 2.1
282 200 420 2.2
282 400 860 3.8
282 600 1620 2.7
282 800 2160 2.5
282 1000 2660 2.9
282 1200 3240 0.8
282 1400 3400 3.2
282 1600 4040 2.9
282 1800 4620 4.6
283 0 0 2.1
283 200 420 2.2
283 400 860 3.8
283 600 1620 2.7
283 800 2160 2.5
283 1000 2660 2.9
283 1200 3240 0.8
283 1400 3400 3.2
283 1600 4040 2.9
283 1800 4620 4.6
284 0 0 2.1
284 200 420 2.2
284 400 860 3.8
284 600 1620 2.7
284 800 2160 2.5
284 1000 2660 2.9
284 1200 3240 0.8
284 1400 3400 3.2
284 1600 4040 2.9
284 1800 4620 4.6
285 0 0 2.1
285 200 420 2.2
285 400 860 3.8
285 600 1620 2.7
285 800 2160 2.5
285 1000 2660 2.9
285 1200 3240 0.8
285 1400 3400 3.2
285 1600 4040 2.9
285 1800 4620 4.6
286 0 0 2.1
286 200 420 2.2
286 400 860 3.8
286 600 1620 2.7
286 800 2160 2.5
286 1000 2660 2.9
286 1200 3240 0.8
286 1400 3400 3.2
286 1600 4040 2.9
286 1800 4620 4.6
287 0 0 2.1
287 200 420 2.2
287 400 860 3.8
287 600 1620 2.7
287 800 2160 2.5
287 1000 2660 2.9
287 1200 3240 0.8
287 1400 3400 3.2
287 1600 4040 2.9
287 1800 4620 4.6
288 0 0 2.1
288 200 420 2.2
288 400 860 3.8
288 600 1620 2.7
288 800 2160 2.5
288 1000 2660 2.9
288 1200 3240 0.8
288 1400 3400 3.2
288 1600 4040 2.9
288 1800 4620 4.6
289 0 0 2.1
289 200 420 2.2
289 400 860 3.8
289 600 1620 2.7
289 800 2160 2.5
289 1000 2660 2.9
289 1200 3240 0.8
289 1400 3400 3.2
289 1600 4040 2.9
289 1800 4620 4.6
290 0 0 2.1
290 200 420 2.2
290 400 860 3.8
290 600 1620 2.7
290 800 2160 2.5
290 1000 2660 2.9
290 1200 3240 0.8
290 1400 3400 3.2
290 1600 4040 2.9
290 1800 4620 4.6
291 0 0 2.1
291 200 420 2.2
291 400 860 3.8
291 600 1620 2.7
291 800 2160 2.5
291 1000 2660 2.9
291 1200 3240 0.8
291 1400 3400 3.2
291 1600 4040 2.9
291 1800 4620 4.6
292 0 0 2.1
292 200 420 2.2
292 400 860 3.8
292 600 1620 2.7
292 800 2160 2.5
292 1000 2660 2.9
292 1200 3240 0.8
292 1400 3400 3.2
292 1600 4040 2.9
292 1800 4620 4.6
293 0 0 2.1
293 200 420 2.2
293 400 860 3.8
293 600 1620 2.7
293 800 2160 2.5
293 1000 2660 2.9
293 1200 3240 0.8
293 1400 3400 3.2
293 1600 4040 2.9
293 1800 4620 4.6
294 0 0 2.1
294 200 420 2.2
294 400 860 3.8
294 600 1620 2.7
294 800 2160 2.5
294 1000 2660 2.9
294 1200 3240 0.8
294 1400 3400 3.2
294 1600 4040 2.9
294 1800 4620 4.6
295 0 0 2.1
295 200 420 2.2
295 400 860 3.8
295 600 1620 2.7
295 800 2160 2.5
295 1000 2660 2.9
295 1200 3240 0.8
295 1400 3400 3.2
295 1600 4040 2.9
295 1800 4620 4.6
296 0 0 2.1
296 200 420 2.2
296 400 860 3.8
296 600 1620 2.7
296 800 2160 2.5
296 1000 2660 2.9
296 1200 3240 0.8
296 1400 3400 3.2
296 1600 4040 2.9
296 1800 4620 4.6
297 0 0 2.1
297 200 420 2.2
297 400 860 3.8
297 600 1620 2.7
297 800 2160 2.5
297 1000 2660 2.9
297 1200 3240 0.8
297 1400 3400 3.2
297 1600 4040 2.9
297 1800 4620 4.6
298 0 0 2.1
298 200 420 2.2
298 400 860 3.8
298 600 1620 2.7
298 800 2160 2.5
298 1000 2660 2.9
298 1200 3240 0.8
298 1400 3400 3.2
298 1600 4040 2.9
298 1800 4620 4.6
299 0 0 2.1
299 200 420 2.2
299 400 860 3.8
299 600 1620 2.7
299 800 2160 2.5
299 1000 2660 2.9
299 1200 3240 0.8
299 1400 3400 3.2
299 1600 4040 2.9
299 1800 4620 4.6
300 0 0 2.1
300 200 420 2.2
300 400 860 3.8
300 600 1620 2.7
300 800 2160 2.5
300 1000 2660 2.9
300 1200 3240 0.8
300 1400 3400 3.2
300 1600 4040 2.9
300 1800 4620 4.6
301 0 0 2.1
301 200 420 2.2
301 400 860 3.8
301 600 1620 2.7
301 800 2160 2.5
301 1000 2660 2.9
301 1200 3240 0.8
301 1400 3400 3.2
301 1600 4040 2.9
301 1800 4620 4.6
302 0 0 2.1
302 200 420 2.2
302 400 860 3.8
302 600 1620 2.7
302 800 2160 2.5
302 1000 2660 2.9
302 1200 3240 0.8
302 1400 3400 3.2
302 1600 4040 2.9
302 1800 4620 4.6
303 0 0 2.1
303 200 420 2.2
303 400 860 3.8
303 600 1620 2.7
303 800 2160 2.5
303 1000 2660 2.9
303 1200 3240 0.8
303 1400 3400 3.2
303 1600 4040 2.9
303 1800 4620 4.6
304 0 0 2.1
304 200 420 2.2
304 400 860 3.8
304 600 1620 2.7
304 800 2160 2.5
304 1000 2660 2.9
304 1200 3240 0.8
304 1400 3400 3.2
304 1600 4040 2.9
304 1800 4620 4.6
305 0 0 2.1
305 200 420 2.2
305 400 860 3.8
305 600 1620 2.7
305 800 2160 2.5
305 1000 2660 2.9
305 1200 3240 0.8
305 1400 3400 3.2
305 1600 4040 2.9
305 1800 4620 4.6
306 0 0 2.1
306 200 420 2.2
306 400 860 3.8
306 600 1620 2.7
306 800 2160 2.5
306 1000 2660 2.9
306 1200 3240 0.8
306 1400 3400 3.2
306 1600 4040 2.9
306 1800 4620 4.6
307 0 0 2.1
307 200 420 2.2
307 400 860 3.8
307 600 1620 2.7
307 800 2160 2.5
307 1000 2660 2.9
307 1200 3240 0.8
307 1400 3400 3.2
307 1600 4040 2.9
307 1800 4620 4.6
308 0 0 2.1
308 200 420 2.2
308 400 860 3.8
308 600 1620 2.7
308 800 2160 2.5
308 1000 2660 2.9
308 1200 3240 0.8
308 1400 3400 3.2
308 1600 4040 2.9
308 1800 4620 4.6
309 0 0 2.1
309 200 420 2.2
309 400 860 3.8
309 600 1620 2.7
309 800 2160 2.5
309 1000 2660 2.9
309 1200 3240 0.8
309 1400 3400 3.2
309 1600 4040 2.9
309 1800 4620 4.6
310 0 0 2.1
310 200 420 2.2
310 400 860 3.8
310 600 1620 2.7
310 800 2160 2.5
310 1000 2660 2.9
310 1200 3240 0.8
310 1400 3400 3.2
310 1600 4040 2.9
310 1800 4620 4.6
311 0 0 2.1
311 200 420 2.2
311 400 860 3.8
311 600 1620 2.7
311 800 2160 2.5
311 1000 2660 2.9
311 1200 3240 0.8
311 1400 3400 3.2
311 1600 4040 2.9
311 1800 4620 4.6
312 0 0 2.1
312 200 420 2.2
312 400 860 3.8
312 600 1620 2.7
312 800 2160 2.5
312 1000 2660 2.9
312 1200 3240 0.8
312 1400 3400 3.2
312 1600 4040 2.9
312 1800 4620 4.6
313 0 0 2.1
313 200 420 2.2
313 400 860 3.8
313 600 1620 2.7
313 800 2160 2.5
313 1000 2660 2.9
313 1200 3240 0.8
313 1400 3400 3.2
313 1600 4040 2.9
313 1800 4620 4.6
314 0 0 2.1
314 200 420 2.2
314 400 860 3.8
314 600 1620 2.7
314 800 2160 2.5
314 1000 2660 2.9
314 1200 3240 0.8
314 1400 3400 3.2
314 1600 4040 2.9
314 1800 4620 4.6
315 0 0 2.1
315 200 420 2.2
315 400 860 3.8
315 600 1620 2.7
315 800 2160 2.5
315 1000 2660 2.9
315 1200 3240 0.8
315 1400 3400 3.2
315 1600 4040 2.9
315 1800 4620 4.6
316 0 0 2.1
316 200 420 2.2
316 400 860 3.8
316 600 1620 2.7
316 800 2160 2.5
316 1000 2660 2.9
316 1200 3240 0.8
316 1400 3400 3.2
316 1600 4040 2.9
316 1800 4620 4.6
317 0 0 2.1
317 200 420 2.2
317 400 860 3.8
317 600 1620 2.7
317 800 2160 2.5
317 1000 2660 2.9
317 1200 3240 0.8
317 1400 3400 3.2
317 1600 4040 2.9
317 1800 4620 4.6
318 0 0 2.1
318 200 420 2.2
318 400 860 3.8
318 600 1620 2.7
318 800 2160 2.5
318 1000 2660 2.9
318 1200 3240 0.8
318 1400 3400 3.2
318 1600 4040 2.9
318 1800 4620 4.6
319 0 0 2.1
319 200 420 2.2
319 400 860 3.8
319 600 1620 2.7
319 800 2160 2.5
319 1000 2660 2.9
319 1200 3240 0.8
319 1400 3400 3.2
319 1600 4040 2.9
319 1800 4620 4.6
320 0 0 2.1
320 200 420 2.2
320 400 860 3.8
320 600 1620 2.7
320 800 2160 2.5
320 1000 2660 2.9
320 1200 3240 0.8
320 1400 3400 3.2
320 1600 4040 2.9
320 1800 4620 4.6
321 0 0 2.1
321 200 420 2.2
321 400 860 3.8
321 600 1620 2.7
321 800 2160 2.5
321 1000 2660 2.9
321 1200 3240 0.8
321 1400 3400 3.2
321 1600 4040 2.9
321 1800 4620 4.6
322 0 0 2.1
322 200 420 2.2
322 400 860 3.8
322 600 1620 2.7
322 800 2160 2.5
322 1000 2660 2.9
322 1200 3240 0.8
322 1400 3400 3.2
322 1600 4040 2.9
322 1800 4620 4.6
323 0 0 2.1
323 200 420 2.2
323 400 860 3.8
323 600 1620 2.7
323 800 2160 2.5
323 1000 2660 2.9
323 1200 3240 0.8
323 1400 3400 3.2
323 1600 4040 2.9
323 1800 4620 4.6
324 0 0 2.1
324 200 420 2.2
324 400 860 3.8
324 600 1620 2.7
324 800 2160 2.5
324 1000 2660 2.9
324 1200 3240 0.8
324 1400 3400 3.2
324 1600 4040 2.9
324 1800 4620 4.6
325 0 0 2.1
325 200 420 2.2
325 400 860 3.8
325 600 1620 2.7
325 800 2160 2.5
325 1000 2660 2.9
325 1200 3240 0.8
325 1400 3400 3.2
325 1600 4040 2.9
325 1800 4620 4.6
326 0 0 2.1
326 200 420 2.2
326 400 860 3.8
326 600 1620 2.7
326 800 2160 2.5
326 1000 2660 2.9
326 1200 3240 0.8
326 1400 3400 3.2
326 1600 4040 2.9
326 1800 4620 4.6
327 0 0 2.1
327 200 420 2.2
327 400 860 3.8
327 600 1620 2.7
327 800 2160 2.5
327 1000 2660 2.9
327 1200 3240 0.8
327 1400 3400 3.2
327 1600 4040 2.9
327 1800 4620 4.6
328 0 0 2.1
328 200 420 2.2
328 400 860 3.8
328 600 1620 2.7
328 800 2160 2.5
328 1000 2660 2.9
328 1200 3240 0.8
328 1400 3400 3.2
328 1600 4040 2.9
328 1800 4620 4.6
329 0 0 2.1
329 200 420 2.2
329 400 860 3.8
329 600 1620 2.7
329 800 2160 2.5
329 1000 2660 2.9
329 1200 3240 0.8
329 1400 3400 3.2
329 1600 4040 2.9
329 1800 4620 4.6
330 0 0 2.1
330 200 420 2.2
330 400 860 3.8
330 600 1620 2.7
330 800 2160 2.5
330 1000 2660 2.9
330 1200 3240 0.8
330 1400 3400 3.2
330 1600 4040 2.9
330 1800 4620 4.6
331 0 0 2.1
331 200 420 2.2
331 400 860 3.8
331 600 1620 2.7
331 800 2160 2.5
331 1000 2660 2.9
331 1200 3240 0.8
331 1400 3400 3.2
331 1600 4040 2.9
331 1800 4620 4.6
332 0 0 2.1
332 200 420 2.2
332 400 860 3.8
332 600 1620 2.7
332 800 2160 2.5
332 1000 2660 2.9
332 1200 3240 0.8
332 1400 3400 3.2
332 1600 4040 2.9
332 1800 4620 4.6
333 0 0 2.1
333 200 420 2.2
333 400 860 3.8
333 600 1620 2.7
333 800 2160 2.5
333 1000 2660 2.9
333 1200 3240 0.8
333 1400 3400 3.2
333 1600 4040 2.9
333 1800 4620 4.6
334 0 0 2.1
334 200 420 2.2
334 400 860 3.8
334 600 1620 2.7
334 800 2160 2.5
334 1000 2660 2.9
334 1200 3240 0.8
334 1400 3400 3.2
334 1600 4040 2.9
334 1800 4620 4.6
335 0 0 2.1
335 200 420 2.2
335 400 860 3.8
335 600 1620 2.7
335 800 2160 2.5
335 1000 2660 2.9
335 1200 3240 0.8
335 1400 3400 3.2
335 1600 4040 2.9
335 1800 4620 4.6
336 0 0 2.1
336 200 420 2.2
336 400 860 3.8
336 600 1620 2.7
336 800 2160 2.5
336 1000 2660 2.9
336 1200 3240 0.8
336 1400 3400 3.2
336 1600 4040 2.9
336 1800 4620 4.6
337 0 0 2.1
337 200 420 2.2
337 400 860 3.8
337 600 1620 2.7
337 800 2160 2.5
337 1000 2660 2.9
337 1200 3240 0.8
337 1400 3400 3.2
337 1600 4040 2.9
337 1800 4620 4.6
338 0 0 2.1
338 200 420 2.2
338 400 860 3.8
338 600 1620 2.7
338 800 2160 2.5
338 1000 2660 2.9
338 1200 3240 0.8
338 1400 3400 3.2
338 1600 4040 2.9
338 1800 4620 4.6
339 0 0 2.1
339 200 420 2.2
339 400 860 3.8
339 600 1620 2.7
339 800 2160 2.5
339 1000 2660 2.9
339 1200 3240 0.8
339 1400 3400 3.2
339 1600 4040 2.9
339 1800 4620 4.6
340 0 0 2.1
340 200 420 2.2
340 400 860 3.8
340 600 1620 2.7
340 800 2160 2.5
340 1000 2660 2.9
340 1200 3240 0.8
340 1400 3400 3.2
340 1600 4040 2.9
340 1800 4620 4.6
341 0 0 2.1
341 200 420 2.2
341 400 860 3.8
341 600 1620 2.7
341 800 2160 2.5
341 1000 2660 2.9
341 1200 3240 0.8
341 1400 3400 3.2
341 1600 4040 2.9
341 1800 4620 4.6
342 0 0 2.1
342 200 420 2.2
342 400 860 3.8
342 600 1620 2.7
342 800 2160 2.5
342 1000 2660 2.9
342 1200 3240 0.8
342 1400 3400 3.2
342 1600 4040 2.9
342 1800 4620 4.6
343 0 0 2.1
343 200 420 2.2
343 400 860 3.8
343 600 1620 2.7
343 800 2160 2.5
343 1000 2660 2.9
343 1200 3240 0.8
343 1400 3400 3.2
343 1600 4040 2.9
343 1800 4620 4.6
344 0 0 2.1
344 200 420 2.2
344 400 860 3.8
344 600 1620 2.7
344 800 2160 2.5
344 1000 2660 2.9
344 1200 3240 0.8
344 1400 3400 3.2
344 1600 4040 2.9
344 1800 4620 4.6
345 0 0 2.1
345 200 420 2.2
345 400 860 3.8
345 600 1620 2.7
345 800 2160 2.5
345 1000 2660 2.9
345 1200 3240 0.8
345 1400 3400 3.2
345 1600 4040 2.9
345 1800 4620 4.6
346 0 0 2.1
346 200 420 2.2
346 400 860 3.8
346 600 1620 2.7
346 800 2160 2.5
346 1000 2660 2.9
346 1200 3240 0.8
346 1400 3400 3.2
346 1600 4040 2.9
346 1800 4620 4.6
347 0 0 2.1
347 200 420 2.2
347 400 860 3.8
347 600 1620 2.7
347 800 2160 2.5
347 1000 2660 2.9
347 1200 3240 0.8
347 1400 3400 3.2
347 1600 4040 2.9
347 1800 4620 4.6
348 0 0 2.1
348 200 420 2.2
348 400 860 3.8
348 600 1620 2.7
348 800 2160 2.5
348 1000 2660 2.9
348 1200 3240 0.8
348 1400 3400 3.2
348 1600 4040 2.9
348 1800 4620 4.6
349 0 0 2.1
349 200 420 2.2
349 400 860 3.8
349 600 1620 2.7
349 800 2160 2.5
349 1000 2660 2.9
349 1200 3240 0.8
349 1400 3400 3.2
349 1600 4040 2.9
349 1800 4620 4.6
350 0 0 2.1
350 200 420 2.2
350 400 860 3.8
350 600 1620 2.7
350 800 2160 2.5
350 1000 2660 2.9
350 1200 3240 0.8
350 1400 3400 3.2
350 1600 4040 2.9
350 1800 4620 4.6
351 0 0 2.1
351 200 420 2.2
351 400 860 3.8
351 600 1620 2.7
351 800 2160 2.5
351 1000 2660 2.9
351 1200 3240 0.8
351 1400 3400 3.2
351 1600 4040 2.9
351 1800 4620 4.6
352 0 0 2.1
352 200 420 2.2
352 400 860 3.8
352 600 1620 2.7
352 800 2160 2.5
352 1000 2660 2.9
352 1200 3240 0.8
352 1400 3400 3.2
352 1600 4040 2.9
352 1800 4620 4.6
353 0 0 2.1
353 200 420 2.2
353 400 860 3.8
353 600 1620 2.7
353 800 2160 2.5
353 1000 2660 2.9
353 1200 3240 0.8
353 1400 3400 3.2
353 1600 4040 2.9
353 1800 4620 4.6
354 0 0 2.1
354 200 420 2.2
354 400 860 3.8
354 600 1620 2.7
354 800 2160 2.5
354 1000 2660 2.9
354 1200 3240 0.8
354 1400 3400 3.2
354 1600 4040 2.9
354 1800 4620 4.6
355 0 0 2.1
355 200 420 2.2
355 400 860 3.8
355 600 1620 2.7
355 800 2160 2.5
355 1000 2660 2.9
355 1200 3240 0.8
355 1400 3400 3.2
355 1600 4040 2.9
355 1800 4620 4.6
356 0 0 2.1
356 200 420 2.2
356 400 860 3.8
356 600 1620 2.7
356 800 2160 2.5
356 1000 2660 2.9
356 1200 3240 0.8
356 1400 3400 3.2
356 1600 4040 2.9
356 1800 4620 4.6
357 0 0 2.1
357 200 420 2.2
357 400 860 3.8
357 600 1620 2.7
357 800 2160 2.5
357 1000 2660 2.9
357 1200 3240 0.8
357 1400 3400 3.2
357 1600 4040 2.9
357 1800 4620 4.6
358 0 0 2.1
358 200 420 2.2
358 400 860 3.8
358 600 1620 2.7
358 800 2160 2.5
358 1000 2660 2.9
358 1200 3240 0.8
358 1400 3400 3.2
358 1600 4040 2.9
358 1800 4620 4.6
359 0 0 2.1
359 200 420 2.2
359 400 860 3.8
359 600 1620 2.7
359 800 2160 2.5
359 1000 2660 2.9
359 1200 3240 0.8
359 1400 3400 3.2
359 1600 4040 2.9
359 1800 4620 4.6
360 0 0 2.1
360 200 420 2.2
360 400 860 3.8
360 600 1620 2.7
360 800 2160 2.5
360 1000 2660 2.9
360 1200 3240 0.8
360 1400 3400 3.2
360 1600 4040 2.9
360 1800 4620 4.6
361 0 0 2.1
361 200 420 2.2
361 400 860 3.8
361 600 1620 2.7
361 800 2160 2.5
361 1000 2660 2.9
361 1200 3240 0.8
361 1400 3400 3.2
361 1600 4040 2.9
361 1800 4620 4.6
362 0 0 2.1
362 200 420 2.2
362 400 860 3.8
362 600 1620 2.7
362 800 2160 2.5
362 1000 2660 2.9
362 1200 3240 0.8
362 1400 3400 3.2
362 1600 4040 2.9
362 1800 4620 4.6
363 0 0 2.1
363 200 420 2.2
363 400 860 3.8
363 600 1620 2.7
363 800 2160 2.5
363 1000 2660 2.9
363 1200 3240 0.8
363 1400 3400 3.2
363 1600 4040 2.9
363 1800 4620 4.6
364 0 0 2.1
364 200 420 2.2
364 400 860 3.8
364 600 1620 2.7
364 800 2160 2.5
364 1000 2660 2.9
364 1200 3240 0.8
364 1400 3400 3.2
364 1600 4040 2.9
364 1800 4620 4.6
365 0 0 2.1
365 200 420 2.2
365 400 860 3.8
365 600 1620 2.7
365 800 2160 2.5
365 1000 2660 2.9
365 1200 3240 0.8
365 1400 3400 3.2
365 1600 4040 2.9
365 1800 4620 4.6
366 0 0 2.1
366 200 420 2.2
366 400 860 3.8
366 600 1620 2.7
366 800 2160 2.5
366 1000 2660 2.9
366 1200 3240 0.8
366 1400 3400 3.2
366 1600 4040 2.9
366 1800 4620 4.6
367 0 0 2.1
367 200 420 2.2
367 400 860 3.8
367 600 1620 2.7
367 800 2160 2.5
367 1000 2660 2.9
367 1200 3240 0.8
367 1400 3400 3.2
367 1600 4040 2.9
367 1800 4620 4.6
368 0 0 2.1
368 200 420 2.2
368 400 860 3.8
368 600 1620 2.7
368 800 2160 2.5
368 1000 2660 2.9
368 1200 3240 0.8
368 1400 3400 3.2
368 1600 4040 2.9
368 1800 4620 4.6
369 0 0 2.1
369 200 420 2.2
369 400 860 3.8
369 600 1620 2.7
369 800 2160 2.5
369 1000 2660 2.9
369 1200 3240 0.8
369 1400 3400 3.2
369 1600 4040 2.9
369 1800 4620 4.6
370 0 0 2.1
370 200 420 2.2
370 400 860 3.8
370 600 1620 2.7
370 800 2160 2.5
370 1000 2660 2.9
370 1200 3240 0.8
370 1400 3400 3.2
370 1600 4040 2.9
370 1800 4620 4.6
371 0 0 2.1
371 200 420 2.2
371 400 860 3.8
371 600 1620 2.7
371 800 2160 2.5
371 1000 2660 2.9
371 1200 3240 0.8
371 1400 3400 3.2
371 1600 4040 2.9
371 1800 4620 4.6
372 0 0 2.1
372 200 420 2.2
372 400 860 3.8
372 600 1620 2.7
372 800 2160 2.5
372 1000 2660 2.9
372 1200 3240 0.8
372 1400 3400 3.2
372 1600 4040 2.9
372 1800 4620 4.6
373 0 0 2.1
373 200 420 2.2
373 400 860 3.8
373 600 1620 2.7
373 800 2160 2.5
373 1000 2660 2.9
373 1200 3240 0.8
373 1400 3400 3.2
373 1600 4040 2.9
373 1800 4620 4.6
374 0 0 2.1
374 200 420 2.2
374 400 860 3.8
374 600 1620 2.7
374 800 2160 2.5
374 1000 2660 2.9
374 1200 3240 0.8
374 1400 3400 3.2
374 1600 4040 2.9
374 1800 4620 4.6
375 0 0 2.1
375 200 420 2.2
375 400 860 3.8
375 600 1620 2.7
375 800 2160 2.5
375 1000 2660 2.9
375 1200 3240 0.8
375 1400 3400 3.2
375 1600 4040 2.9
375 1800 4620 4.6
376 0 0 2.1
376 200 420 2.2
376 400 860 3.8
376 600 1620 2.7
376 800 2160 2.5
376 1000 2660 2.9
376 1200 3240 0.8
376 1400 3400 3.2
376 1600 4040 2.9
376 1800 4620 4.6
377 0 0 2.1
377 200 420 2.2
377 400 860 3.8
377 600 1620 2.7
377 800 2160 2.5
377 1000 2660 2.9
377 1200 3240 0.8
377 1400 3400 3.2
377 1600 4040 2.9
377 1800 4620 4.6
378 0 0 2.1
378 200 420 2.2
378 400 860 3.8
378 600 1620 2.7
378 800 2160 2.5
378 1000 2660 2.9
378 1200 3240 0.8
378 1400 3400 3.2
378 1600 4040 2.9
378 1800 4620 4.6
379 0 0 2.1
379 200 420 2.2
379 400 860 3.8
379 600 1620 2.7
379 800 2160 2.5
379 1000 2660 2.9
379 1200 3240 0.8
379 1400 3400 3.2
379 1600 4040 2.9
379 1800 4620 4.6
380 0 0 2.1
380 200 420 2.2
380 400 860 3.8
380 600 1620 2.7
380 800 2160 2.5
380 1000 2660 2.9
380 1200 3240 0.8
380 1400 3400 3.2
380 1600 4040 2.9
380 1800 4620 4.6
381 0 0 2.1
381 200 420 2.2
381 400 860 3.8
381 600 1620 2.7
381 800 2160 2.5
381 1000 2660 2.9
381 1200 3240 0.8
381 1400 3400 3.2
381 1600 4040 2.9
381 1800 4620 4.6
382 0 0 2.1
382 200 420 2.2
382 400 860 3.8
382 600 1620 2.7
382 800 2160 2.5
382 1000 2660 2.9
382 1200 3240 0.8
382 1400 3400 3.2
382 1600 4040 2.9
382 1800 4620 4.6
383 0 0 2.1
383 200 420 2.2
383 400 860 3.8
383 600 1620 2.7
383 800 2160 2.5
383 1000 2660 2.9
383 1200 3240 0.8
383 1400 3400 3.2
383 1600 4040 2.9
383 1800 4620 4.6
384 0 0 2.1
384 200 420 2.2
384 400 860 3.8
384 600 1620 2.7
384 800 2160 2.5
384 1000 2660 2.9
384 1200 3240 0.8
384 1400 3400 3.2
384 1600 4040 2.9
384 1800 4620 4.6
385 0 0 2.1
385 200 420 2.2
385 400 860 3.8
385 600 1620 2.7
385 800 2160 2.5
385 1000 2660 2.9
385 1200 3240 0.8
385 1400 3400 3.2
385 1600 4040 2.9
385 1800 4620 4.6
386 0 0 2.1
386 200 420 2.2
386 400 860 3.8
386 600 1620 2.7
386 800 2160 2.5
386 1000 2660 2.9
386 1200 3240 0.8
386 1400 3400 3.2
386 1600 4040 2.9
386 1800 4620 4.6
387 0 0 2.1
387 200 420 2.2
387 400 860 3.8
387 600 1620 2.7
387 800 2160 2.5
387 1000 2660 2.9
387 1200 3240 0.8
387 1400 3400 3.2
387 1600 4040 2.9
387 1800 4620 4.6
388 0 0 2.1
388 200 420 2.2
388 400 860 3.8
388 600 1620 2.7
388 800 2160 2.5
388 1000 2660 2.9
388 1200 3240 0.8
388 1400 3400 3.2
388 1600 4040 2.9
388 1800 4620 4.6
389 0 0 2.1
389 200 420 2.2
389 400 860 3.8
389 600 1620 2.7
389 800 2160 2.5
389 1000 2660 2.9
389 1200 3240 0.8
389 1400 3400 3.2
389 1600 4040 2.9
389 1800 4620 4.6
390 0 0 2.1
390 200 420 2.2
390 400 860 3.8
390 600 1620 2.7
390 800 2160 2.5
390 1000 2660 2.9
390 1200 3240 0.8
390 1400 3400 3.2
390 1600 4040 2.9
390 1800 4620 4.6
391 0 0 2.1
391 200 420 2.2
391 400 860 3.8
391 600 1620 2.7
391 800 2160 2.5
391 1000 2660 2.9
391 1200 3240 0.8
391 1400 3400 3.2
391 1600 4040 2.9
391 1800 4620 4.6
392 0 0 2.1
392 200 420 2.2
392 400 860 3.8
392 600 1620 2.7
392 800 2160 2.5
392 1000 2660 2.9
392 1200 3240 0.8
392 1400 3400 3.2
392 1600 4040 2.9
392 1800 4620 4.6
393 0 0 2.1
393 200 420 2.2
393 400 860 3.8
393 600 1620 2.7
393 800 2160 2.5
393 1000 2660 2.9
393 1200 3240 0.8
393 1400 3400 3.2
393 1600 4040 2.9
393 1800 4620 4.6
394 0 0 2.1
394 200 420 2.2
394 400 860 3.8
394 600 1620 2.7
394 800 2160 2.5
394 1000 2660 2.9
394 1200 3240 0.8
394 1400 3400 3.2
394 1600 4040 2.9
394 1800 4620 4.6
395 0 0 2.1
395 200 420 2.2
395 400 860 3.8
395 600 1620 2.7
395 800 2160 2.5
395 1000 2660 2.9
395 1200 3240 0.8
395 1400 3400 3.2
395 1600 4040 2.9
395 1800 4620 4.6
396 0 0 2.1
396 200 420 2.2
396 400 860 3.8
396 600 1620 2.7
396 800 2160 2.5
396 1000 2660 2.9
396 1200 3240 0.8
396 1400 3400 3.2
396 1600 4040 2.9
396 1800 4620 4.6
397 0 0 2.1
397 200 420 2.2
397 400 860 3.8
397 600 1620 2.7
397 800 2160 2.5
397 1000 2660 2.9
397 1200 3240 0.8
397 1400 3400 3.2
397 1600 4040 2.9
397 1800 4620 4.6
398 0 0 2.1
398 200 420 2.2
398 400 860 3.8
398 600 1620 2.7
398 800 2160 2.5
398 1000 2660 2.9
398 1200 3240 0.8
398 1400 3400 3.2
398 1600 4040 2.9
398 1800 4620 4.6
399 0 0 2.1
399 200 420 2.2
399 400 860 3.8
399 600 1620 2.7
399 800 2160 2.5
399 1000 2660 2.9
399 1200 3240 0.8
399 1400 3400 3.2
399 1600 4040 2.9
399 1800 4620 4.6
400 0 0 2.1
400 200 420 2.2
400 400 860 3.8
400 600 1620 2.7
400 800 2160 2.5
400 1000 2660 2.9
400 1200 3240 0.8
400 1400 3400 3.2
400 1600 4040 2.9
400 1800 4620 4.6
401 0 0 2.1
401 200 420 2.2
401 400 860 3.8
401 600 1620 2.7
401 800 2160 2.5
401 1000 2660 2.9
401 1200 3240 0.8
401 1400 3400 3.2
401 1600 4040 2.9
401 1800 4620 4.6
402 0 0 2.1
402 200 420 2.2
402 400 860 3.8
402 600 1620 2.7
402 800 2160 2.5
402 1000 2660 2.9
402 1200 3240 0.8
402 1400 3400 3.2
402 1600 4040 2.9
402 1800 4620 4.6
403 0 0 2.1
403 200 420 2.2
403 400 860 3.8
403 600 1620 2.7
403 800 2160 2.5
403 1000 2660 2.9
403 1200 3240 0.8
403 1400 3400 3.2
403 1600 4040 2.9
403 1800 4620 4.6
404 0 0 2.1
404 200 420 2.2
404 400 860 3.8
404 600 1620 2.7
404 800 2160 2.5
404 1000 2660 2.9
404 1200 3240 0.8
404 1400 3400 3.2
404 1600 4040 2.9
404 1800 4620 4.6
405 0 0 2.1
405 200 420 2.2
405 400 860 3.8
405 600 1620 2.7
405 800 2160 2.5
405 1000 2660 2.9
405 1200 3240 0.8
405 1400 3400 3.2
405 1600 4040 2.9
405 1800 4620 4.6
406 0 0 2.1
406 200 420 2.2
406 400 860 3.8
406 600 1620 2.7
406 800 2160 2.5
406 1000 2660 2.9
406 1200 3240 0.8
406 1400 3400 3.2
406 1600 4040 2.9
406 1800 4620 4.6
407 0 0 2.1
407 200 420 2.2
407 400 860 3.8
407 600 1620 2.7
407 800 2160 2.5
407 1000 2660 2.9
407 1200 3240 0.8
407 1400 3400 3.2
407 1600 4040 2.9
407 1800 4620 4.6
408 0 0 2.1
408 200 420 2.2
408 400 860 3.8
408 600 1620 2.7
408 800 2160 2.5
408 1000 2660 2.9
408 1200 3240 0.8
408 1400 3400 3.2
408 1600 4040 2.9
408 1800 4620 4.6
409 0 0 2.1
409 200 420 2.2
409 400 860 3.8
409 600 1620 2.7
409 800 2160 2.5
409 1000 2660 2.9
409 1200 3240 0.8
409 1400 3400 3.2
409 1600 4040 2.9
409 1800 4620 4.6
410 0 0 2.1
410 200 420 2.2
410 400 860 3.8
410 600 1620 2.7
410 800 2160 2.5
410 1000 2660 2.9
410 1200 3240 0.8
410 1400 3400 3.2
410 1600 4040 2.9
410 1800 4620 4.6
411 0 0 2.1
411 200 420 2.2
411 400 860 3.8
411 600 1620 2.7
411 800 2160 2.5
411 1000 2660 2.9
411 1200 3240 0.8
411 1400 3400 3.2
411 1600 4040 2.9
411 1800 4620 4.6
412 0 0 2.1
412 200 420 2.2
412 400 860 3.8
412 600 1620 2.7
412 800 2160 2.5
412 1000 2660 2.9
412 1200 3240 0.8
412 1400 3400 3.2
412 1600 4040 2.9
412 1800 4620 4.6
413 0 0 2.1
413 200 420 2.2
413 400 860 3.8
413 600 1620 2.7
413 800 2160 2.5
413 1000 2660 2.9
413 1200 3240 0.8
413 1400 3400 3.2
413 1600 4040 2.9
413 1800 4620 4.6
414 0 0 2.1
414 200 420 2.2
414 400 860 3.8
414 600 1620 2.7
414 800 2160 2.5
414 1000 2660 2.9
414 1200 3240 0.8
414 1400 3400 3.2
414 1600 4040 2.9
414 1800 4620 4.6
415 0 0 2.1
415 200 420 2.2
415 400 860 3.8
415 600 1620 2.7
415 800 2160 2.5
415 1000 2660 2.9
415 1200 3240 0.8
415 1400 3400 3.2
415 1600 4040 2.9
415 1800 4620 4.6
416 0 0 2.1
416 200 420 2.2
416 400 860 3.8
416 600 1620 2.7
416 800 2160 2.5
416 1000 2660 2.9
416 1200 3240 0.8
416 1400 3400 3.2
416 1600 4040 2.9
416 1800 4620 4.6
417 0 0 2.1
417 200 420 2.2
417 400 860 3.8
417 600 1620 2.7
417 800 2160 2.5
417 1000 2660 2.9
417 1200 3240 0.8
417 1400 3400 3.2
417 1600 4040 2.9
417 1800 4620 4.6
418 0 0 2.1
418 200 420 2.2
418 400 860 3.8
418 600 1620 2.7
418 800 2160 2.5
418 1000 2660 2.9
418 1200 3240 0.8
418 1400 3400 3.2
418 1600 4040 2.9
418 1800 4620 4.6
419 0 0 2.1
419 200 420 2.2
419 400 860 3.8
419 600 1620 2.7
419 800 2160 2.5
419 1000 2660 2.9
419 1200 3240 0.8
419 1400 3400 3.2
419 1600 4040 2.9
419 1800 4620 4.6
420 0 0 2.1
420 200 420 2.2
420 400 860 3.8
420 600 1620 2.7
420 800 2160 2.5
420 1000 2660 2.9
420 1200 3240 0.8
420 1400 3400 3.2
420 1600 4040 2.9
420 1800 4620 4.6
421 0 0 2.1
421 200 420 2.2
421 400 860 3.8
421 600 1620 2.7
421 800 2160 2.5
421 1000 2660 2.9
421 1200 3240 0.8
421 1400 3400 3.2
421 1600 4040 2.9
421 1800 4620 4.6
422 0 0 2.1
422 200 420 2.2
422 400 860 3.8
422 600 1620 2.7
422 800 2160 2.5
422 1000 2660 2.9
422 1200 3240 0.8
422 1400 3400 3.2
422 1600 4040 2.9
422 1800 4620 4.6
423 0 0 2.1
423 200 420 2.2
423 400 860 3.8
423 600 1620 2.7
423 800 2160 2.5
423 1000 2660 2.9
423 1200 3240 0.8
423 1400 3400 3.2
423 1600 4040 2.9
423 1800 4620 4.6
424 0 0 2.1
424 200 420 2.2
424 400 860 3.8
424 600 1620 2.7
424 800 2160 2.5
424 1000 2660 2.9
424 1200 3240 0.8
424 1400 3400 3.2
424 1600 4040 2.9
424 1800 4620 4.6
425 0 0 2.1
425 200 420 2.2
425 400 860 3.8
425 600 1620 2.7
425 800 2160 2.5
425 1000 2660 2.9
425 1200 3240 0.8
425 1400 3400 3.2
425 1600 4040 2.9
425 1800 4620 4.6
426 0 0 2.1
426 200 420 2.2
426 400 860 3.8
426 600 1620 2.7
426 800 2160 2.5
426 1000 2660 2.9
426 1200 3240 0.8
426 1400 3400 3.2
426 1600 4040 2.9
426 1800 4620 4.6
427 0 0 2.1
427 200 420 2.2
427 400 860 3.8
427 600 1620 2.7
427 800 2160 2.5
427 1000 2660 2.9
427 1200 3240 0.8
427 1400 3400 3.2
427 1600 4040 2.9
427 1800 4620 4.6
428 0 0 2.1
428 200 420 2.2
428 400 860 3.8
428 600 1620 2.7
428 800 2160 2.5
428 1000 2660 2.9
428 1200 3240 0.8
428 1400 3400 3.2
428 1600 4040 2.9
428 1800 4620 4.6
429 0 0 2.1
429 200 420 2.2
429 400 860 3.8
429 600 1620 2.7
429 800 2160 2.5
429 1000 2660 2.9
429 1200 3240 0.8
429 1400 3400 3.2
429 1600 4040 2.9
429 1800 4620 4.6
430 0 0 2.1
430 200 420 2.2
430 400 860 3.8
430 600 1620 2.7
430 800 2160 2.5
430 1000 2660 2.9
430 1200 3240 0.8
430 1400 3400 3.2
430 1600 4040 2.9
430 1800 4620 4.6
431 0 0 2.1
431 200 420 2.2
431 400 860 3.8
431 600 1620 2.7
431 800 2160 2.5
431 1000 2660 2.9
431 1200 3240 0.8
431 1400 3400 3.2
431 1600 4040 2.9
431 1800 4620 4.6
432 0 0 2.1
432 200 420 2.2
432 400 860 3.8
432 600 1620 2.7
432 800 2160 2.5
432 1000 2660 2.9
432 1200 3240 0.8
432 1400 3400 3.2
432 1600 4040 2.9
432 1800 4620 4.6
433 0 0 2.1
433 200 420 2.2
433 400 860 3.8
433 600 1620 2.7
433 800 2160 2.5
433 1000 2660 2.9
433 1200 3240 0.8
433 1400 3400 3.2
433 1600 4040 2.9
433 1800 4620 4.6
434 0 0 2.1
434 200 420 2.2
434 400 860 3.8
434 600 1620 2.7
434 800 2160 2.5
434 1000 2660 2.9
434 1200 3240 0.8
434 1400 3400 3.2
434 1600 4040 2.9
434 1800 4620 4.6
435 0 0 2.1
435 200 420 2.2
435 400 860 3.8
435 600 1620 2.7
435 800 2160 2.5
435 1000 2660 2.9
435 1200 3240 0.8
435 1400 3400 3.2
435 1600 4040 2.9
435 1800 4620 4.6
436 0 0 2.1
436 200 420 2.2
436 400 860 3.8
436 600 1620 2.7
436 800 2160 2.5
436 1000 2660 2.9
436 1200 3240 0.8
436 1400 3400 3.2
436 1600 4040 2.9
436 1800 4620 4.6
437 0 0 2.1
437 200 420 2.2
437 400 860 3.8
437 600 1620 2.7
437 800 2160 2.5
437 1000 2660 2.9
437 1200 3240 0.8
437 1400 3400 3.2
437 1600 4040 2.9
437 1800 4620 4.6
438 0 0 2.1
438 200 420 2.2
438 400 860 3.8
438 600 1620 2.7
438 800 2160 2.5
438 1000 2660 2.9
438 1200 3240 0.8
438 1400 3400 3.2
438 1600 4040 2.9
438 1800 4620 4.6
439 0 0 2.1
439 200 420 2.2
439 400 860 3.8
439 600 1620 2.7
439 800 2160 2.5
439 1000 2660 2.9
439 1200 3240 0.8
439 1400 3400 3.2
439 1600 4040 2.9
439 1800 4620 4.6
440 0 0 2.1
440 200 420 2.2
440 400 860 3.8
440 600 1620 2.7
440 800 2160 2.5
440 1000 2660 2.9
440 1200 3240 0.8
440 1400 3400 3.2
440 1600 4040 2.9
440 1800 4620 4.6
441 0 0 2.1
441 200 420 2.2
441 400 860 3.8
441 600 1620 2.7
441 800 2160 2.5
441 1000 2660 2.9
441 1200 3240 0.8
441 1400 3400 3.2
441 1600 4040 2.9
441 1800 4620 4.6
442 0 0 2.1
442 200 420 2.2
442 400 860 3.8
442 600 1620 2.7
442 800 2160 2.5
442 1000 2660 2.9
442 1200 3240 0.8
442 1400 3400 3.2
442 1600 4040 2.9
442 1800 4620 4.6
443 0 0 2.1
443 200 420 2.2
443 400 860 3.8
443 600 1620 2.7
443 800 2160 2.5
443 1000 2660 2.9
443 1200 3240 0.8
443 1400 3400 3.2
443 1600 4040 2.9
443 1800 4620 4.6
444 0 0 2.1
444 200 420 2.2
444 400 860 3.8
444 600 1620 2.7
444 800 2160 2.5
444 1000 2660 2.9
444 1200 3240 0.8
444 1400 3400 3.2
444 1600 4040 2.9
444 1800 4620 4.6
445 0 0 2.1
445 200 420 2.2
445 400 860 3.8
445 600 1620 2.7
445 800 2160 2.5
445 1000 2660 2.9
445 1200 3240 0.8
445 1400 3400 3.2
445 1600 4040 2.9
445 1800 4620 4.6
446 0 0 2.1
446 200 420 2.2
446 400 860 3.8
446 600 1620 2.7
446 800 2160 2.5
446 1000 2660 2.9
446 1200 3240 0.8
446 1400 3400 3.2
446 1600 4040 2.9
446 1800 4620 4.6
447 0 0 2.1
447 200 420 2.2
447 400 860 3.8
447 600 1620 2.7
447 800 2160 2.5
447 1000 2660 2.9
447 1200 3240 0.8
447 1400 3400 3.2
447 1600 4040 2.9
447 1800 4620 4.6
448 0 0 2.1
448 200 420 2.2
448 400 860 3.8
448 600 1620 2.7
448 800 2160 2.5
448 1000 2660 2.9
448 1200 3240 0.8
448 1400 3400 3.2
448 1600 4040 2.9
448 1800 4620 4.6
449 0 0 2.1
449 200 420 2.2
449 400 860 3.8
449 600 1620 2.7
449 800 2160 2.5
449 1000 2660 2.9
449 1200 3240 0.8
449 1400 3400 3.2
449 1600 4040 2.9
449 1800 4620 4.6
450 0 0 2.1
450 200 420 2.2
450 400 860 3.8
450 600 1620 2.7
450 800 2160 2.5
450 1000 2660 2.9
450 1200 3240 0.8
450 1400 3400 3.2
450 1600 4040 2.9
450 1800 4620 4.6
451 0 0 2.1
451 200 420 2.2
451 400 860 3.8
451 600 1620 2.7
451 800 2160 2.5
451 1000 2660 2.9
451 1200 3240 0.8
451 1400 3400 3.2
451 1600 4040 2.9
451 1800 4620 4.6
452 0 0 2.1
452 200 420 2.2
452 400 860 3.8
452 600 1620 2.7
452 800 2160 2.5
452 1000 2660 2.9
452 1200 3240 0.8
452 1400 3400 3.2
452 1600 4040 2.9
452 1800 4620 4.6
453 0 0 2.1
453 200 420 2.2
453 400 860 3.8
453 600 1620 2.7
453 800 2160 2.5
453 1000 2660 2.9
453 1200 3240 0.8
453 1400 3400 3.2
453 1600 4040 2.9
453 1800 4620 4.6
454 0 0 2.1
454 200 420 2.2
454 400 860 3.8
454 600 1620 2.7
454 800 2160 2.5
454 1000 2660 2.9
454 1200 3240 0.8
454 1400 3400 3.2
454 1600 4040 2.9
454 1800 4620 4.6
455 0 0 2.1
455 200 420 2.2
455 400 860 3.8
455 600 1620 2.7
455 800 2160 2.5
455 1000 2660 2.9
455 1200 3240 0.8
455 1400 3400 3.2
455 1600 4040 2.9
455 1800 4620 4.6
456 0 0 2.1
456 200 420 2.2
456 400 860 3.8
456 600 1620 2.7
456 800 2160 2.5
456 1000 2660 2.9
456 1200 3240 0.8
456 1400 3400 3.2
456 1600 4040 2.9
456 1800 4620 4.6
457 0 0 2.1
457 200 420 2.2
457 400 860 3.8
457 600 1620 2.7
457 800 2160 2.5
457 1000 2660 2.9
457 1200 3240 0.8
457 1400 3400 3.2
457 1600 4040 2.9
457 1800 4620 4.6
458 0 0 2.1
458 200 420 2.2
458 400 860 3.8
458 600 1620 2.7
458 800 2160 2.5
458 1000 2660 2.9
458 1200 3240 0.8
458 1400 3400 3.2
458 1600 4040 2.9
458 1800 4620 4.6
459 0 0 2.1
459 200 420 2.2
459 400 860 3.8
459 600 1620 2.7
459 800 2160 2.5
459 1000 2660 2.9
459 1200 3240 0.8
459 1400 3400 3.2
459 1600 4040 2.9
459 1800 4620 4.6
460 0 0 2.1
460 200 420 2.2
460 400 860 3.8
460 600 1620 2.7
460 800 2160 2.5
460 1000 2660 2.9
460 1200 3240 0.8
460 1400 3400 3.2
460 1600 4040 2.9
460 1800 4620 4.6
461 0 0 2.1
461 200 420 2.2
461 400 860 3.8
461 600 1620 2.7
461 800 2160 2.5
461 1000 2660 2.9
461 1200 3240 0.8
461 1400 3400 3.2
461 1600 4040 2.9
461 1800 4620 4.6
462 0 0 2.1
462 200 420 2.2
462 400 860 3.8
462 600 1620 2.7
462 800 2160 2.5
462 1000 2660 2.9
462 1200 3240 0.8
462 1400 3400 3.2
462 1600 4040 2.9
462 1800 4620 4.6
463 0 0 2.1
463 200 420 2.2
463 400 860 3.8
463 600 1620 2.7
463 800 2160 2.5
463 1000 2660 2.9
463 1200 3240 0.8
463 1400 3400 3.2
463 1600 4040 2.9
463 1800 4620 4.6
464 0 0 2.1
464 200 420 2.2
464 400 860 3.8
464 600 1620 2.7
464 800 2160 2.5
464 1000 2660 2.9
464 1200 3240 0.8
464 1400 3400 3.2
464 1600 4040 2.9
464 1800 4620 4.6
465 0 0 2.1
465 200 420 2.2
465 400 860 3.8
465 600 1620 2.7
465 800 2160 2.5
465 1000 2660 2.9
465 1200 3240 0.8
465 1400 3400 3.2
465 1600 4040 2.9
465 1800 4620 4.6
466 0 0 2.1
466 200 420 2.2
466 400 860 3.8
466 600 1620 2.7
466 800 2160 2.5
466 1000 2660 2.9
466 1200 3240 0.8
466 1400 3400 3.2
466 1600 4040 2.9
466 1800 4620 4.6
467 0 0 2.1
467 200 420 2.2
467 400 860 3.8
467 600 1620 2.7
467 800 2160 2.5
467 1000 2660 2.9
467 1200 3240 0.8
467 1400 3400 3.2
467 1600 4040 2.9
467 1800 4620 4.6
468 0 0 2.1
468 200 420 2.2
468 400 860 3.8
468 600 1620 2.7
468 800 2160 2.5
468 1000 2660 2.9
468 1200 3240 0.8
468 1400 3400 3.2
468 1600 4040 2.9
468 1800 4620 4.6
469 0 0 2.1
469 200 420 2.2
469 400 860 3.8
469 600 1620 2.7
469 800 2160 2.5
469 1000 2660 2.9
469 1200 3240 0.8
469 1400 3400 3.2
469 1600 4040 2.9
469 1800 4620 4.6
470 0 0 2.1
470 200 420 2.2
470 400 860 3.8
470 600 1620 2.7
470 800 2160 2.5
470 1000 2660 2.9
470 1200 3240 0.8
470 1400 3400 3.2
470 1600 4040 2.9
470 1800 4620 4.6
471 0 0 2.1
471 200 420 2.2
471 400 860 3.8
471 600 1620 2.7
471 800 2160 2.5
471 1000 2660 2.9
471 1200 3240 0.8
471 1400 3400 3.2
471 1600 4040 2.9
471 1800 4620 4.6
472 0 0 2.1
472 200 420 2.2
472 400 860 3.8
472 600 1620 2.7
472 800 2160 2.5
472 1000 2660 2.9
472 1200 3240 0.8
472 1400 3400 3.2
472 1600 4040 2.9
472 1800 4620 4.6
473 0 0 2.1
473 200 420 2.2
473 400 860 3.8
473 600 1620 2.7
473 800 2160 2.5
473 1000 2660 2.9
473 1200 3240 0.8
473 1400 3400 3.2
473 1600 4040 2.9
473 1800 4620 4.6
474 0 0 2.1
474 200 420 2.2
474 400 860 3.8
474 600 1620 2.7
474 800 2160 2.5
474 1000 2660 2.9
474 1200 3240 0.8
474 1400 3400 3.2
474 1600 4040 2.9
474 1800 4620 4.6
475 0 0 2.1
475 200 420 2.2
475 400 860 3.8
475 600 1620 2.7
475 800 2160 2.5
475 1000 2660 2.9
475 1200 3240 0.8
475 1400 3400 3.2
475 1600 4040 2.9
475 1800 4620 4.6
476 0 0 2.1
476 200 420 2.2
476 400 860 3.8
476 600 1620 2.7
476 800 2160 2.5
476 1000 2660 2.9
476 1200 3240 0.8
476 1400 3400 3.2
476 1600 4040 2.9
476 1800 4620 4.6
477 0 0 2.1
477 200 420 2.2
477 400 860 3.8
477 600 1620 2.7
477 800 2160 2.5
477 1000 2660 2.9
477 1200 3240 0.8
477 1400 3400 3.2
477 1600 4040 2.9
477 1800 4620 4.6
478 0 0 2.1
478 200 420 2.2
478 400 860 3.8
478 600 1620 2.7
478 800 2160 2.5
478 1000 2660 2.9
478 1200 3240 0.8
478 1400 3400 3.2
478 1600 4040 2.9
478 1800 4620 4.6
479 0 0 2.1
479 200 420 2.2
479 400 860 3.8
479 600 1620 2.7
479 800 2160 2.5
479 1000 2660 2.9
479 1200 3240 0.8
479 1400 3400 3.2
479 1600 4040 2.9
479 1800 4620 4.6
480 0 0 2.1
480 200 420 2.2
480 400 860 3.8
480 600 1620 2.7
480 800 2160 2.5
480 1000 2660 2.9
480 1200 3240 0.8
480 1400 3400 3.2
480 1600 4040 2.9
480 1800 4620 4.6
481 0 0 2.1
481 200 420 2.2
481 400 860 3.8
481 600 1620 2.7
481 800 2160 2.5
481 1000 2660 2.9
481 1200 3240 0.8
481 1400 3400 3.2
481 1600 4040 2.9
481 1800 4620 4.6
482 0 0 2.1
482 200 420 2.2
482 400 860 3.8
482 600 1620 2.7
482 800 2160 2.5
482 1000 2660 2.9
482 1200 3240 0.8
482 1400 3400 3.2
482 1600 4040 2.9
482 1800 4620 4.6
483 0 0 2.1
483 200 420 2.2
483 400 860 3.8
483 600 1620 2.7
483 800 2160 2.5
483 1000 2660 2.9
483 1200 3240 0.8
483 1400 3400 3.2
483 1600 4040 2.9
483 1800 4620 4.6
484 0 0 2.1
484 200 420 2.2
484 400 860 3.8
484 600 1620 2.7
484 800 2160 2.5
484 1000 2660 2.9
484 1200 3240 0.8
484 1400 3400 3.2
484 1600 4040 2.9
484 1800 4620 4.6
485 0 0 2.1
485 200 420 2.2
485 400 860 3.8
485 600 1620 2.7
485 800 2160 2.5
485 1000 2660 2.9
485 1200 3240 0.8
485 1400 3400 3.2
485 1600 4040 2.9
485 1800 4620 4.6
486 0 0 2.1
486 200 420 2.2
486 400 860 3.8
486 600 1620 2.7
486 800 2160 2.5
486 1000 2660 2.9
486 1200 3240 0.8
486 1400 3400 3.2
486 1600 4040 2.9
486 1800 4620 4.6
487 0 0 2.1
487 200 420 2.2
487 400 860 3.8
487 600 1620 2.7
487 800 2160 2.5
487 1000 2660 2.9
487 1200 3240 0.8
487 1400 3400 3.2
487 1600 4040 2.9
487 1800 4620 4.6
488 0 0 2.1
488 200 420 2.2
488 400 860 3.8
488 600 1620 2.7
488 800 2160 2.5
488 1000 2660 2.9
488 1200 3240 0.8
488 1400 3400 3.2
488 1600 4040 2.9
488 1800 4620 4.6
489 0 0 2.1
489 200 420 2.2
489 400 860 3.8
489 600 1620 2.7
489 800 2160 2.5
489 1000 2660 2.9
489 1200 3240 0.8
489 1400 3400 3.2
489 1600 4040 2.9
489 1800 4620 4.6
490 0 0 2.1
490 200 420 2.2
490 400 860 3.8
490 600 1620 2.7
490 800 2160 2.5
490 1000 2660 2.9
490 1200 3240 0.8
490 1400 3400 3.2
490 1600 4040 2.9
490 1800 4620 4.6
491 0 0 2.1
491 200 420 2.2
491 400 860 3.8
491 600 1620 2.7
491 800 2160 2.5
491 1000 2660 2.9
491 1200 3240 0.8
491 1400 3400 3.2
491 1600 4040 2.9
491 1800 4620 4.6
492 0 0 2.1
492 200 420 2.2
492 400 860 3.8
492 600 1620 2.7
492 800 2160 2.5
492 1000 2660 2.9
492 1200 3240 0.8
492 1400 3400 3.2
492 1600 4040 2.9
492 1800 4620 4.6
493 0 0 2.1
493 200 420 2.2
493 400 860 3.8
493 600 1620 2.7
493 800 2160 2.5
493 1000 2660 2.9
493 1200 3240 0.8
493 1400 3400 3.2
493 1600 4040 2.9
493 1800 4620 4.6
494 0 0 2.1
494 200 420 2.2
494 400 860 3.8
494 600 1620 2.7
494 800 2160 2.5
494 1000 2660 2.9
494 1200 3240 0.8
494 1400 3400 3.2
494 1600 4040 2.9
494 1800 4620 4.6
495 0 0 2.1
495 200 420 2.2
495 400 860 3.8
495 600 1620 2.7
495 800 2160 2.5
495 1000 2660 2.9
495 1200 3240 0.8
495 1400 3400 3.2
495 1600 4040 2.9
495 1800 4620 4.6
496 0 0 2.1
496 200 420 2.2
496 400 860 3.8
496 600 1620 2.7
496 800 2160 2.5
496 1000 2660 2.9
496 1200 3240 0.8
496 1400 3400 3.2
496 1600 4040 2.9
496 1800 4620 4.6
497 0 0 2.1
497 200 420 2.2
497 400 860 3.8
497 600 1620 2.7
497 800 2160 2.5
497 1000 2660 2.9
497 1200 3240 0.8
497 1400 3400 3.2
497 1600 4040 2.9
497 1800 4620 4.6
498 0 0 2.1
498 200 420 2.2
498 400 860 3.8
498 600 1620 2.7
498 800 2160 2.5
498 1000 2660 2.9
498 1200 3240 0.8
498 1400 3400 3.2
498 1600 4040 2.9
498 1800 4620 4.6
499 0 0 2.1
499 200 420 2.2
499 400 860 3.8
499 600 1620 2.7
499 800 2160 2.5
499 1000 2660 2.9
499 1200 3240 0.8
499 1400 3400 3.2
499 1600 4040 2.9
499 1800 4620 4.6
