500 4
0 0 0 2.2
0 25 55 0.8
0 50 75 0.6
0 75 90 2.8
1 0 0 2.2
1 25 55 0.8
1 50 75 0.6
1 75 90 2.8
2 0 0 2.2
2 25 55 0.8
2 50 75 0.6
2 75 90 2.8
3 0 0 2.2
3 25 55 0.8
3 50 75 0.6
3 75 90 2.8
4 0 0 2.2
4 25 55 0.8
4 50 75 0.6
4 75 90 2.8
5 0 0 2.2
5 25 55 0.8
5 50 75 0.6
5 75 90 2.8
6 0 0 2.2
6 25 55 0.8
6 50 75 0.6
6 75 90 2.8
7 0 0 2.2
7 25 55 0.8
7 50 75 0.6
7 75 90 2.8
8 0 0 2.2
8 25 55 0.8
8 50 75 0.6
8 75 90 2.8
9 0 0 2.2
9 25 55 0.8
9 50 75 0.6
9 75 90 2.8
10 0 0 2.2
10 25 55 0.8
10 50 75 0.6
10 75 90 2.8
11 0 0 2.2
11 25 55 0.8
11 50 75 0.6
11 75 90 2.8
12 0 0 2.2
12 25 55 0.8
12 50 75 0.6
12 75 90 2.8
13 0 0 2.2
13 25 55 0.8
13 50 75 0.6
13 75 90 2.8
14 0 0 2.2
14 25 55 0.8
14 50 75 0.6
14 75 90 2.8
15 0 0 2.2
15 25 55 0.8
15 50 75 0.6
15 75 90 2.8
16 0 0 2.2
16 25 55 0.8
16 50 75 0.6
16 75 90 2.8
17 0 0 2.2
17 25 55 0.8
17 50 75 0.6
17 75 90 2.8
18 0 0 2.2
18 25 55 0.8
18 50 75 0.6
18 75 90 2.8
19 0 0 2.2
19 25 55 0.8
19 50 75 0.6
19 75 90 2.8
20 0 0 2.2
20 25 55 0.8
20 50 75 0.6
20 75 90 2.8
21 0 0 2.2
21 25 55 0.8
21 50 75 0.6
21 75 90 2.8
22 0 0 2.2
22 25 55 0.8
22 50 75 0.6
22 75 90 2.8
23 0 0 2.2
23 25 55 0.8
23 50 75 0.6
23 75 90 2.8
24 0 0 2.2
24 25 55 0.8
24 50 75 0.6
24 75 90 2.8
25 0 0 2.2
25 25 55 0.8
25 50 75 0.6
25 75 90 2.8
26 0 0 2.2
26 25 55 0.8
26 50 75 0.6
26 75 90 2.8
27 0 0 2.2
27 25 55 0.8
27 50 75 0.6
27 75 90 2.8
28 0 0 2.2
28 25 55 0.8
28 50 75 0.6
28 75 90 2.8
29 0 0 2.2
29 25 55 0.8
29 50 75 0.6
29 75 90 2.8
30 0 0 2.2
30 25 55 0.8
30 50 75 0.6
30 75 90 2.8
31 0 0 2.2
31 25 55 0.8
31 50 75 0.6
31 75 90 2.8
32 0 0 2.2
32 25 55 0.8
32 50 75 0.6
32 75 90 2.8
33 0 0 2.2
33 25 55 0.8
33 50 75 0.6
33 75 90 2.8
34 0 0 2.2
34 25 55 0.8
34 50 75 0.6
34 75 90 2.8
35 0 0 2.2
35 25 55 0.8
35 50 75 0.6
35 75 90 2.8
36 0 0 2.2
36 25 55 0.8
36 50 75 0.6
36 75 90 2.8
37 0 0 2.2
37 25 55 0.8
37 50 75 0.6
37 75 90 2.8
38 0 0 2.2
38 25 55 0.8
38 50 75 0.6
38 75 90 2.8
39 0 0 2.2
39 25 55 0.8
39 50 75 0.6
39 75 90 2.8
40 0 0 2.2
40 25 55 0.8
40 50 75 0.6
40 75 90 2.8
41 0 0 2.2
41 25 55 0.8
41 50 75 0.6
41 75 90 2.8
42 0 0 2.2
42 25 55 0.8
42 50 75 0.6
42 75 90 2.8
43 0 0 2.2
43 25 55 0.8
43 50 75 0.6
43 75 90 2.8
44 0 0 2.2
44 25 55 0.8
44 50 75 0.6
44 75 90 2.8
45 0 0 2.2
45 25 55 0.8
45 50 75 0.6
45 75 90 2.8
46 0 0 2.2
46 25 55 0.8
46 50 75 0.6
46 75 90 2.8
47 0 0 2.2
47 25 55 0.8
47 50 75 0.6
47 75 90 2.8
48 0 0 2.2
48 25 55 0.8
48 50 75 0.6
48 75 90 2.8
49 0 0 2.2
49 25 55 0.8
49 50 75 0.6
49 75 90 2.8
50 0 0 2.2
50 25 55 0.8
50 50 75 0.6
50 75 90 2.8
51 0 0 2.2
51 25 55 0.8
51 50 75 0.6
51 75 90 2.8
52 0 0 2.2
52 25 55 0.8
52 50 75 0.6
52 75 90 2.8
53 0 0 2.2
53 25 55 0.8
53 50 75 0.6
53 75 90 2.8
54 0 0 2.2
54 25 55 0.8
54 50 75 0.6
54 75 90 2.8
55 0 0 2.2
55 25 55 0.8
55 50 75 0.6
55 75 90 2.8
56 0 0 2.2
56 25 55 0.8
56 50 75 0.6
56 75 90 2.8
57 0 0 2.2
57 25 55 0.8
57 50 75 0.6
57 75 90 2.8
58 0 0 2.2
58 25 55 0.8
58 50 75 0.6
58 75 90 2.8
59 0 0 2.2
59 25 55 0.8
59 50 75 0.6
59 75 90 2.8
60 0 0 2.2
60 25 55 0.8
60 50 75 0.6
60 75 90 2.8
61 0 0 2.2
61 25 55 0.8
61 50 75 0.6
61 75 90 2.8
62 0 0 2.2
62 25 55 0.8
62 50 75 0.6
62 75 90 2.8
63 0 0 2.2
63 25 55 0.8
63 50 75 0.6
63 75 90 2.8
64 0 0 2.2
64 25 55 0.8
64 50 75 0.6
64 75 90 2.8
65 0 0 2.2
65 25 55 0.8
65 50 75 0.6
65 75 90 2.8
66 0 0 2.2
66 25 55 0.8
66 50 75 0.6
66 75 90 2.8
67 0 0 2.2
67 25 55 0.8
67 50 75 0.6
67 75 90 2.8
68 0 0 2.2
68 25 55 0.8
68 50 75 0.6
68 75 90 2.8
69 0 0 2.2
69 25 55 0.8
69 50 75 0.6
69 75 90 2.8
70 0 0 2.2
70 25 55 0.8
70 50 75 0.6
70 75 90 2.8
71 0 0 2.2
71 25 55 0.8
71 50 75 0.6
71 75 90 2.8
72 0 0 2.2
72 25 55 0.8
72 50 75 0.6
72 75 90 2.8
73 0 0 2.2
73 25 55 0.8
73 50 75 0.6
73 75 90 2.8
74 0 0 2.2
74 25 55 0.8
74 50 75 0.6
74 75 90 2.8
75 0 0 2.2
75 25 55 0.8
75 50 75 0.6
75 75 90 2.8
76 0 0 2.2
76 25 55 0.8
76 50 75 0.6
76 75 90 2.8
77 0 0 2.2
77 25 55 0.8
77 50 75 0.6
77 75 90 2.8
78 0 0 2.2
78 25 55 0.8
78 50 75 0.6
78 75 90 2.8
79 0 0 2.2
79 25 55 0.8
79 50 75 0.6
79 75 90 2.8
80 0 0 2.2
80 25 55 0.8
80 50 75 0.6
80 75 90 2.8
81 0 0 2.2
81 25 55 0.8
81 50 75 0.6
81 75 90 2.8
82 0 0 2.2
82 25 55 0.8
82 50 75 0.6
82 75 90 2.8
83 0 0 2.2
83 25 55 0.8
83 50 75 0.6
83 75 90 2.8
84 0 0 2.2
84 25 55 0.8
84 50 75 0.6
84 75 90 2.8
85 0 0 2.2
85 25 55 0.8
85 50 75 0.6
85 75 90 2.8
86 0 0 2.2
86 25 55 0.8
86 50 75 0.6
86 75 90 2.8
87 0 0 2.2
87 25 55 0.8
87 50 75 0.6
87 75 90 2.8
88 0 0 2.2
88 25 55 0.8
88 50 75 0.6
88 75 90 2.8
89 0 0 2.2
89 25 55 0.8
89 50 75 0.6
89 75 90 2.8
90 0 0 2.2
90 25 55 0.8
90 50 75 0.6
90 75 90 2.8
91 0 0 2.2
91 25 55 0.8
91 50 75 0.6
91 75 90 2.8
92 0 0 2.2
92 25 55 0.8
92 50 75 0.6
92 75 90 2.8
93 0 0 2.2
93 25 55 0.8
93 50 75 0.6
93 75 90 2.8
94 0 0 2.2
94 25 55 0.8
94 50 75 0.6
94 75 90 2.8
95 0 0 2.2
95 25 55 0.8
95 50 75 0.6
95 75 90 2.8
96 0 0 2.2
96 25 55 0.8
96 50 75 0.6
96 75 90 2.8
97 0 0 2.2
97 25 55 0.8
97 50 75 0.6
97 75 90 2.8
98 0 0 2.2
98 25 55 0.8
98 50 75 0.6
98 75 90 2.8
99 0 0 2.2
99 25 55 0.8
99 50 75 0.6
99 75 90 2.8
100 0 0 2.2
100 25 55 0.8
100 50 75 0.6
100 75 90 2.8
101 0 0 2.2
101 25 55 0.8
101 50 75 0.6
101 75 90 2.8
102 0 0 2.2
102 25 55 0.8
102 50 75 0.6
102 75 90 2.8
103 0 0 2.2
103 25 55 0.8
103 50 75 0.6
103 75 90 2.8
104 0 0 2.2
104 25 55 0.8
104 50 75 0.6
104 75 90 2.8
105 0 0 2.2
105 25 55 0.8
105 50 75 0.6
105 75 90 2.8
106 0 0 2.2
106 25 55 0.8
106 50 75 0.6
106 75 90 2.8
107 0 0 2.2
107 25 55 0.8
107 50 75 0.6
107 75 90 2.8
108 0 0 2.2
108 25 55 0.8
108 50 75 0.6
108 75 90 2.8
109 0 0 2.2
109 25 55 0.8
109 50 75 0.6
109 75 90 2.8
110 0 0 2.2
110 25 55 0.8
110 50 75 0.6
110 75 90 2.8
111 0 0 2.2
111 25 55 0.8
111 50 75 0.6
111 75 90 2.8
112 0 0 2.2
112 25 55 0.8
112 50 75 0.6
112 75 90 2.8
113 0 0 2.2
113 25 55 0.8
113 50 75 0.6
113 75 90 2.8
114 0 0 2.2
114 25 55 0.8
114 50 75 0.6
114 75 90 2.8
115 0 0 2.2
115 25 55 0.8
115 50 75 0.6
115 75 90 2.8
116 0 0 2.2
116 25 55 0.8
116 50 75 0.6
116 75 90 2.8
117 0 0 2.2
117 25 55 0.8
117 50 75 0.6
117 75 90 2.8
118 0 0 2.2
118 25 55 0.8
118 50 75 0.6
118 75 90 2.8
119 0 0 2.2
119 25 55 0.8
119 50 75 0.6
119 75 90 2.8
120 0 0 2.2
120 25 55 0.8
120 50 75 0.6
120 75 90 2.8
121 0 0 2.2
121 25 55 0.8
121 50 75 0.6
121 75 90 2.8
122 0 0 2.2
122 25 55 0.8
122 50 75 0.6
122 75 90 2.8
123 0 0 2.2
123 25 55 0.8
123 50 75 0.6
123 75 90 2.8
124 0 0 2.2
124 25 55 0.8
124 50 75 0.6
124 75 90 2.8
125 0 0 2.2
125 25 55 0.8
125 50 75 0.6
125 75 90 2.8
126 0 0 2.2
126 25 55 0.8
126 50 75 0.6
126 75 90 2.8
127 0 0 2.2
127 25 55 0.8
127 50 75 0.6
127 75 90 2.8
128 0 0 2.2
128 25 55 0.8
128 50 75 0.6
128 75 90 2.8
129 0 0 2.2
129 25 55 0.8
129 50 75 0.6
129 75 90 2.8
130 0 0 2.2
130 25 55 0.8
130 50 75 0.6
130 75 90 2.8
131 0 0 2.2
131 25 55 0.8
131 50 75 0.6
131 75 90 2.8
132 0 0 2.2
132 25 55 0.8
132 50 75 0.6
132 75 90 2.8
133 0 0 2.2
133 25 55 0.8
133 50 75 0.6
133 75 90 2.8
134 0 0 2.2
134 25 55 0.8
134 50 75 0.6
134 75 90 2.8
135 0 0 2.2
135 25 55 0.8
135 50 75 0.6
135 75 90 2.8
136 0 0 2.2
136 25 55 0.8
136 50 75 0.6
136 75 90 2.8
137 0 0 2.2
137 25 55 0.8
137 50 75 0.6
137 75 90 2.8
138 0 0 2.2
138 25 55 0.8
138 50 75 0.6
138 75 90 2.8
139 0 0 2.2
139 25 55 0.8
139 50 75 0.6
139 75 90 2.8
140 0 0 2.2
140 25 55 0.8
140 50 75 0.6
140 75 90 2.8
141 0 0 2.2
141 25 55 0.8
141 50 75 0.6
141 75 90 2.8
142 0 0 2.2
142 25 55 0.8
142 50 75 0.6
142 75 90 2.8
143 0 0 2.2
143 25 55 0.8
143 50 75 0.6
143 75 90 2.8
144 0 0 2.2
144 25 55 0.8
144 50 75 0.6
144 75 90 2.8
145 0 0 2.2
145 25 55 0.8
145 50 75 0.6
145 75 90 2.8
146 0 0 2.2
146 25 55 0.8
146 50 75 0.6
146 75 90 2.8
147 0 0 2.2
147 25 55 0.8
147 50 75 0.6
147 75 90 2.8
148 0 0 2.2
148 25 55 0.8
148 50 75 0.6
148 75 90 2.8
149 0 0 2.2
149 25 55 0.8
149 50 75 0.6
149 75 90 2.8
150 0 0 2.2
150 25 55 0.8
150 50 75 0.6
150 75 90 2.8
151 0 0 2.2
151 25 55 0.8
151 50 75 0.6
151 75 90 2.8
152 0 0 2.2
152 25 55 0.8
152 50 75 0.6
152 75 90 2.8
153 0 0 2.2
153 25 55 0.8
153 50 75 0.6
153 75 90 2.8
154 0 0 2.2
154 25 55 0.8
154 50 75 0.6
154 75 90 2.8
155 0 0 2.2
155 25 55 0.8
155 50 75 0.6
155 75 90 2.8
156 0 0 2.2
156 25 55 0.8
156 50 75 0.6
156 75 90 2.8
157 0 0 2.2
157 25 55 0.8
157 50 75 0.6
157 75 90 2.8
158 0 0 2.2
158 25 55 0.8
158 50 75 0.6
158 75 90 2.8
159 0 0 2.2
159 25 55 0.8
159 50 75 0.6
159 75 90 2.8
160 0 0 2.2
160 25 55 0.8
160 50 75 0.6
160 75 90 2.8
161 0 0 2.2
161 25 55 0.8
161 50 75 0.6
161 75 90 2.8
162 0 0 2.2
162 25 55 0.8
162 50 75 0.6
162 75 90 2.8
163 0 0 2.2
163 25 55 0.8
163 50 75 0.6
163 75 90 2.8
164 0 0 2.2
164 25 55 0.8
164 50 75 0.6
164 75 90 2.8
165 0 0 2.2
165 25 55 0.8
165 50 75 0.6
165 75 90 2.8
166 0 0 2.2
166 25 55 0.8
166 50 75 0.6
166 75 90 2.8
167 0 0 2.2
167 25 55 0.8
167 50 75 0.6
167 75 90 2.8
168 0 0 2.2
168 25 55 0.8
168 50 75 0.6
168 75 90 2.8
169 0 0 2.2
169 25 55 0.8
169 50 75 0.6
169 75 90 2.8
170 0 0 2.2
170 25 55 0.8
170 50 75 0.6
170 75 90 2.8
171 0 0 2.2
171 25 55 0.8
171 50 75 0.6
171 75 90 2.8
172 0 0 2.2
172 25 55 0.8
172 50 75 0.6
172 75 90 2.8
173 0 0 2.2
173 25 55 0.8
173 50 75 0.6
173 75 90 2.8
174 0 0 2.2
174 25 55 0.8
174 50 75 0.6
174 75 90 2.8
175 0 0 2.2
175 25 55 0.8
175 50 75 0.6
175 75 90 2.8
176 0 0 2.2
176 25 55 0.8
176 50 75 0.6
176 75 90 2.8
177 0 0 2.2
177 25 55 0.8
177 50 75 0.6
177 75 90 2.8
178 0 0 2.2
178 25 55 0.8
178 50 75 0.6
178 75 90 2.8
179 0 0 2.2
179 25 55 0.8
179 50 75 0.6
179 75 90 2.8
180 0 0 2.2
180 25 55 0.8
180 50 75 0.6
180 75 90 2.8
181 0 0 2.2
181 25 55 0.8
181 50 75 0.6
181 75 90 2.8
182 0 0 2.2
182 25 55 0.8
182 50 75 0.6
182 75 90 2.8
183 0 0 2.2
183 25 55 0.8
183 50 75 0.6
183 75 90 2.8
184 0 0 2.2
184 25 55 0.8
184 50 75 0.6
184 75 90 2.8
185 0 0 2.2
185 25 55 0.8
185 50 75 0.6
185 75 90 2.8
186 0 0 2.2
186 25 55 0.8
186 50 75 0.6
186 75 90 2.8
187 0 0 2.2
187 25 55 0.8
187 50 75 0.6
187 75 90 2.8
188 0 0 2.2
188 25 55 0.8
188 50 75 0.6
188 75 90 2.8
189 0 0 2.2
189 25 55 0.8
189 50 75 0.6
189 75 90 2.8
190 0 0 2.2
190 25 55 0.8
190 50 75 0.6
190 75 90 2.8
191 0 0 2.2
191 25 55 0.8
191 50 75 0.6
191 75 90 2.8
192 0 0 2.2
192 25 55 0.8
192 50 75 0.6
192 75 90 2.8
193 0 0 2.2
193 25 55 0.8
193 50 75 0.6
193 75 90 2.8
194 0 0 2.2
194 25 55 0.8
194 50 75 0.6
194 75 90 2.8
195 0 0 2.2
195 25 55 0.8
195 50 75 0.6
195 75 90 2.8
196 0 0 2.2
196 25 55 0.8
196 50 75 0.6
196 75 90 2.8
197 0 0 2.2
197 25 55 0.8
197 50 75 0.6
197 75 90 2.8
198 0 0 2.2
198 25 55 0.8
198 50 75 0.6
198 75 90 2.8
199 0 0 2.2
199 25 55 0.8
199 50 75 0.6
199 75 90 2.8
200 0 0 2.2
200 25 55 0.8
200 50 75 0.6
200 75 90 2.8
201 0 0 2.2
201 25 55 0.8
201 50 75 0.6
201 75 90 2.8
202 0 0 2.2
202 25 55 0.8
202 50 75 0.6
202 75 90 2.8
203 0 0 2.2
203 25 55 0.8
203 50 75 0.6
203 75 90 2.8
204 0 0 2.2
204 25 55 0.8
204 50 75 0.6
204 75 90 2.8
205 0 0 2.2
205 25 55 0.8
205 50 75 0.6
205 75 90 2.8
206 0 0 2.2
206 25 55 0.8
206 50 75 0.6
206 75 90 2.8
207 0 0 2.2
207 25 55 0.8
207 50 75 0.6
207 75 90 2.8
208 0 0 2.2
208 25 55 0.8
208 50 75 0.6
208 75 90 2.8
209 0 0 2.2
209 25 55 0.8
209 50 75 0.6
209 75 90 2.8
210 0 0 2.2
210 25 55 0.8
210 50 75 0.6
210 75 90 2.8
211 0 0 2.2
211 25 55 0.8
211 50 75 0.6
211 75 90 2.8
212 0 0 2.2
212 25 55 0.8
212 50 75 0.6
212 75 90 2.8
213 0 0 2.2
213 25 55 0.8
213 50 75 0.6
213 75 90 2.8
214 0 0 2.2
214 25 55 0.8
214 50 75 0.6
214 75 90 2.8
215 0 0 2.2
215 25 55 0.8
215 50 75 0.6
215 75 90 2.8
216 0 0 2.2
216 25 55 0.8
216 50 75 0.6
216 75 90 2.8
217 0 0 2.2
217 25 55 0.8
217 50 75 0.6
217 75 90 2.8
218 0 0 2.2
218 25 55 0.8
218 50 75 0.6
218 75 90 2.8
219 0 0 2.2
219 25 55 0.8
219 50 75 0.6
219 75 90 2.8
220 0 0 2.2
220 25 55 0.8
220 50 75 0.6
220 75 90 2.8
221 0 0 2.2
221 25 55 0.8
221 50 75 0.6
221 75 90 2.8
222 0 0 2.2
222 25 55 0.8
222 50 75 0.6
222 75 90 2.8
223 0 0 2.2
223 25 55 0.8
223 50 75 0.6
223 75 90 2.8
224 0 0 2.2
224 25 55 0.8
224 50 75 0.6
224 75 90 2.8
225 0 0 2.2
225 25 55 0.8
225 50 75 0.6
225 75 90 2.8
226 0 0 2.2
226 25 55 0.8
226 50 75 0.6
226 75 90 2.8
227 0 0 2.2
227 25 55 0.8
227 50 75 0.6
227 75 90 2.8
228 0 0 2.2
228 25 55 0.8
228 50 75 0.6
228 75 90 2.8
229 0 0 2.2
229 25 55 0.8
229 50 75 0.6
229 75 90 2.8
230 0 0 2.2
230 25 55 0.8
230 50 75 0.6
230 75 90 2.8
231 0 0 2.2
231 25 55 0.8
231 50 75 0.6
231 75 90 2.8
232 0 0 2.2
232 25 55 0.8
232 50 75 0.6
232 75 90 2.8
233 0 0 2.2
233 25 55 0.8
233 50 75 0.6
233 75 90 2.8
234 0 0 2.2
234 25 55 0.8
234 50 75 0.6
234 75 90 2.8
235 0 0 2.2
235 25 55 0.8
235 50 75 0.6
235 75 90 2.8
236 0 0 2.2
236 25 55 0.8
236 50 75 0.6
236 75 90 2.8
237 0 0 2.2
237 25 55 0.8
237 50 75 0.6
237 75 90 2.8
238 0 0 2.2
238 25 55 0.8
238 50 75 0.6
238 75 90 2.8
239 0 0 2.2
239 25 55 0.8
239 50 75 0.6
239 75 90 2.8
240 0 0 2.2
240 25 55 0.8
240 50 75 0.6
240 75 90 2.8
241 0 0 2.2
241 25 55 0.8
241 50 75 0.6
241 75 90 2.8
242 0 0 2.2
242 25 55 0.8
242 50 75 0.6
242 75 90 2.8
243 0 0 2.2
243 25 55 0.8
243 50 75 0.6
243 75 90 2.8
244 0 0 2.2
244 25 55 0.8
244 50 75 0.6
244 75 90 2.8
245 0 0 2.2
245 25 55 0.8
245 50 75 0.6
245 75 90 2.8
246 0 0 2.2
246 25 55 0.8
246 50 75 0.6
246 75 90 2.8
247 0 0 2.2
247 25 55 0.8
247 50 75 0.6
247 75 90 2.8
248 0 0 2.2
248 25 55 0.8
248 50 75 0.6
248 75 90 2.8
249 0 0 2.2
249 25 55 0.8
249 50 75 0.6
249 75 90 2.8
250 0 0 2.2
250 25 55 0.8
250 50 75 0.6
250 75 90 2.8
251 0 0 2.2
251 25 55 0.8
251 50 75 0.6
251 75 90 2.8
252 0 0 2.2
252 25 55 0.8
252 50 75 0.6
252 75 90 2.8
253 0 0 2.2
253 25 55 0.8
253 50 75 0.6
253 75 90 2.8
254 0 0 2.2
254 25 55 0.8
254 50 75 0.6
254 75 90 2.8
255 0 0 2.2
255 25 55 0.8
255 50 75 0.6
255 75 90 2.8
256 0 0 2.2
256 25 55 0.8
256 50 75 0.6
256 75 90 2.8
257 0 0 2.2
257 25 55 0.8
257 50 75 0.6
257 75 90 2.8
258 0 0 2.2
258 25 55 0.8
258 50 75 0.6
258 75 90 2.8
259 0 0 2.2
259 25 55 0.8
259 50 75 0.6
259 75 90 2.8
260 0 0 2.2
260 25 55 0.8
260 50 75 0.6
260 75 90 2.8
261 0 0 2.2
261 25 55 0.8
261 50 75 0.6
261 75 90 2.8
262 0 0 2.2
262 25 55 0.8
262 50 75 0.6
262 75 90 2.8
263 0 0 2.2
263 25 55 0.8
263 50 75 0.6
263 75 90 2.8
264 0 0 2.2
264 25 55 0.8
264 50 75 0.6
264 75 90 2.8
265 0 0 2.2
265 25 55 0.8
265 50 75 0.6
265 75 90 2.8
266 0 0 2.2
266 25 55 0.8
266 50 75 0.6
266 75 90 2.8
267 0 0 2.2
267 25 55 0.8
267 50 75 0.6
267 75 90 2.8
268 0 0 2.2
268 25 55 0.8
268 50 75 0.6
268 75 90 2.8
269 0 0 2.2
269 25 55 0.8
269 50 75 0.6
269 75 90 2.8
270 0 0 2.2
270 25 55 0.8
270 50 75 0.6
270 75 90 2.8
271 0 0 2.2
271 25 55 0.8
271 50 75 0.6
271 75 90 2.8
272 0 0 2.2
272 25 55 0.8
272 50 75 0.6
272 75 90 2.8
273 0 0 2.2
273 25 55 0.8
273 50 75 0.6
273 75 90 2.8
274 0 0 2.2
274 25 55 0.8
274 50 75 0.6
274 75 90 2.8
275 0 0 2.2
275 25 55 0.8
275 50 75 0.6
275 75 90 2.8
276 0 0 2.2
276 25 55 0.8
276 50 75 0.6
276 75 90 2.8
277 0 0 2.2
277 25 55 0.8
277 50 75 0.6
277 75 90 2.8
278 0 0 2.2
278 25 55 0.8
278 50 75 0.6
278 75 90 2.8
279 0 0 2.2
279 25 55 0.8
279 50 75 0.6
279 75 90 2.8
280 0 0 2.2
280 25 55 0.8
280 50 75 0.6
280 75 90 2.8
281 0 0 2.2
281 25 55 0.8
281 50 75 0.6
281 75 90 2.8
282 0 0 2.2
282 25 55 0.8
282 50 75 0.6
282 75 90 2.8
283 0 0 2.2
283 25 55 0.8
283 50 75 0.6
283 75 90 2.8
284 0 0 2.2
284 25 55 0.8
284 50 75 0.6
284 75 90 2.8
285 0 0 2.2
285 25 55 0.8
285 50 75 0.6
285 75 90 2.8
286 0 0 2.2
286 25 55 0.8
286 50 75 0.6
286 75 90 2.8
287 0 0 2.2
287 25 55 0.8
287 50 75 0.6
287 75 90 2.8
288 0 0 2.2
288 25 55 0.8
288 50 75 0.6
288 75 90 2.8
289 0 0 2.2
289 25 55 0.8
289 50 75 0.6
289 75 90 2.8
290 0 0 2.2
290 25 55 0.8
290 50 75 0.6
290 75 90 2.8
291 0 0 2.2
291 25 55 0.8
291 50 75 0.6
291 75 90 2.8
292 0 0 2.2
292 25 55 0.8
292 50 75 0.6
292 75 90 2.8
293 0 0 2.2
293 25 55 0.8
293 50 75 0.6
293 75 90 2.8
294 0 0 2.2
294 25 55 0.8
294 50 75 0.6
294 75 90 2.8
295 0 0 2.2
295 25 55 0.8
295 50 75 0.6
295 75 90 2.8
296 0 0 2.2
296 25 55 0.8
296 50 75 0.6
296 75 90 2.8
297 0 0 2.2
297 25 55 0.8
297 50 75 0.6
297 75 90 2.8
298 0 0 2.2
298 25 55 0.8
298 50 75 0.6
298 75 90 2.8
299 0 0 2.2
299 25 55 0.8
299 50 75 0.6
299 75 90 2.8
300 0 0 2.2
300 25 55 0.8
300 50 75 0.6
300 75 90 2.8
301 0 0 2.2
301 25 55 0.8
301 50 75 0.6
301 75 90 2.8
302 0 0 2.2
302 25 55 0.8
302 50 75 0.6
302 75 90 2.8
303 0 0 2.2
303 25 55 0.8
303 50 75 0.6
303 75 90 2.8
304 0 0 2.2
304 25 55 0.8
304 50 75 0.6
304 75 90 2.8
305 0 0 2.2
305 25 55 0.8
305 50 75 0.6
305 75 90 2.8
306 0 0 2.2
306 25 55 0.8
306 50 75 0.6
306 75 90 2.8
307 0 0 2.2
307 25 55 0.8
307 50 75 0.6
307 75 90 2.8
308 0 0 2.2
308 25 55 0.8
308 50 75 0.6
308 75 90 2.8
309 0 0 2.2
309 25 55 0.8
309 50 75 0.6
309 75 90 2.8
310 0 0 2.2
310 25 55 0.8
310 50 75 0.6
310 75 90 2.8
311 0 0 2.2
311 25 55 0.8
311 50 75 0.6
311 75 90 2.8
312 0 0 2.2
312 25 55 0.8
312 50 75 0.6
312 75 90 2.8
313 0 0 2.2
313 25 55 0.8
313 50 75 0.6
313 75 90 2.8
314 0 0 2.2
314 25 55 0.8
314 50 75 0.6
314 75 90 2.8
315 0 0 2.2
315 25 55 0.8
315 50 75 0.6
315 75 90 2.8
316 0 0 2.2
316 25 55 0.8
316 50 75 0.6
316 75 90 2.8
317 0 0 2.2
317 25 55 0.8
317 50 75 0.6
317 75 90 2.8
318 0 0 2.2
318 25 55 0.8
318 50 75 0.6
318 75 90 2.8
319 0 0 2.2
319 25 55 0.8
319 50 75 0.6
319 75 90 2.8
320 0 0 2.2
320 25 55 0.8
320 50 75 0.6
320 75 90 2.8
321 0 0 2.2
321 25 55 0.8
321 50 75 0.6
321 75 90 2.8
322 0 0 2.2
322 25 55 0.8
322 50 75 0.6
322 75 90 2.8
323 0 0 2.2
323 25 55 0.8
323 50 75 0.6
323 75 90 2.8
324 0 0 2.2
324 25 55 0.8
324 50 75 0.6
324 75 90 2.8
325 0 0 2.2
325 25 55 0.8
325 50 75 0.6
325 75 90 2.8
326 0 0 2.2
326 25 55 0.8
326 50 75 0.6
326 75 90 2.8
327 0 0 2.2
327 25 55 0.8
327 50 75 0.6
327 75 90 2.8
328 0 0 2.2
328 25 55 0.8
328 50 75 0.6
328 75 90 2.8
329 0 0 2.2
329 25 55 0.8
329 50 75 0.6
329 75 90 2.8
330 0 0 2.2
330 25 55 0.8
330 50 75 0.6
330 75 90 2.8
331 0 0 2.2
331 25 55 0.8
331 50 75 0.6
331 75 90 2.8
332 0 0 2.2
332 25 55 0.8
332 50 75 0.6
332 75 90 2.8
333 0 0 2.2
333 25 55 0.8
333 50 75 0.6
333 75 90 2.8
334 0 0 2.2
334 25 55 0.8
334 50 75 0.6
334 75 90 2.8
335 0 0 2.2
335 25 55 0.8
335 50 75 0.6
335 75 90 2.8
336 0 0 2.2
336 25 55 0.8
336 50 75 0.6
336 75 90 2.8
337 0 0 2.2
337 25 55 0.8
337 50 75 0.6
337 75 90 2.8
338 0 0 2.2
338 25 55 0.8
338 50 75 0.6
338 75 90 2.8
339 0 0 2.2
339 25 55 0.8
339 50 75 0.6
339 75 90 2.8
340 0 0 2.2
340 25 55 0.8
340 50 75 0.6
340 75 90 2.8
341 0 0 2.2
341 25 55 0.8
341 50 75 0.6
341 75 90 2.8
342 0 0 2.2
342 25 55 0.8
342 50 75 0.6
342 75 90 2.8
343 0 0 2.2
343 25 55 0.8
343 50 75 0.6
343 75 90 2.8
344 0 0 2.2
344 25 55 0.8
344 50 75 0.6
344 75 90 2.8
345 0 0 2.2
345 25 55 0.8
345 50 75 0.6
345 75 90 2.8
346 0 0 2.2
346 25 55 0.8
346 50 75 0.6
346 75 90 2.8
347 0 0 2.2
347 25 55 0.8
347 50 75 0.6
347 75 90 2.8
348 0 0 2.2
348 25 55 0.8
348 50 75 0.6
348 75 90 2.8
349 0 0 2.2
349 25 55 0.8
349 50 75 0.6
349 75 90 2.8
350 0 0 2.2
350 25 55 0.8
350 50 75 0.6
350 75 90 2.8
351 0 0 2.2
351 25 55 0.8
351 50 75 0.6
351 75 90 2.8
352 0 0 2.2
352 25 55 0.8
352 50 75 0.6
352 75 90 2.8
353 0 0 2.2
353 25 55 0.8
353 50 75 0.6
353 75 90 2.8
354 0 0 2.2
354 25 55 0.8
354 50 75 0.6
354 75 90 2.8
355 0 0 2.2
355 25 55 0.8
355 50 75 0.6
355 75 90 2.8
356 0 0 2.2
356 25 55 0.8
356 50 75 0.6
356 75 90 2.8
357 0 0 2.2
357 25 55 0.8
357 50 75 0.6
357 75 90 2.8
358 0 0 2.2
358 25 55 0.8
358 50 75 0.6
358 75 90 2.8
359 0 0 2.2
359 25 55 0.8
359 50 75 0.6
359 75 90 2.8
360 0 0 2.2
360 25 55 0.8
360 50 75 0.6
360 75 90 2.8
361 0 0 2.2
361 25 55 0.8
361 50 75 0.6
361 75 90 2.8
362 0 0 2.2
362 25 55 0.8
362 50 75 0.6
362 75 90 2.8
363 0 0 2.2
363 25 55 0.8
363 50 75 0.6
363 75 90 2.8
364 0 0 2.2
364 25 55 0.8
364 50 75 0.6
364 75 90 2.8
365 0 0 2.2
365 25 55 0.8
365 50 75 0.6
365 75 90 2.8
366 0 0 2.2
366 25 55 0.8
366 50 75 0.6
366 75 90 2.8
367 0 0 2.2
367 25 55 0.8
367 50 75 0.6
367 75 90 2.8
368 0 0 2.2
368 25 55 0.8
368 50 75 0.6
368 75 90 2.8
369 0 0 2.2
369 25 55 0.8
369 50 75 0.6
369 75 90 2.8
370 0 0 2.2
370 25 55 0.8
370 50 75 0.6
370 75 90 2.8
371 0 0 2.2
371 25 55 0.8
371 50 75 0.6
371 75 90 2.8
372 0 0 2.2
372 25 55 0.8
372 50 75 0.6
372 75 90 2.8
373 0 0 2.2
373 25 55 0.8
373 50 75 0.6
373 75 90 2.8
374 0 0 2.2
374 25 55 0.8
374 50 75 0.6
374 75 90 2.8
375 0 0 2.2
375 25 55 0.8
375 50 75 0.6
375 75 90 2.8
376 0 0 2.2
376 25 55 0.8
376 50 75 0.6
376 75 90 2.8
377 0 0 2.2
377 25 55 0.8
377 50 75 0.6
377 75 90 2.8
378 0 0 2.2
378 25 55 0.8
378 50 75 0.6
378 75 90 2.8
379 0 0 2.2
379 25 55 0.8
379 50 75 0.6
379 75 90 2.8
380 0 0 2.2
380 25 55 0.8
380 50 75 0.6
380 75 90 2.8
381 0 0 2.2
381 25 55 0.8
381 50 75 0.6
381 75 90 2.8
382 0 0 2.2
382 25 55 0.8
382 50 75 0.6
382 75 90 2.8
383 0 0 2.2
383 25 55 0.8
383 50 75 0.6
383 75 90 2.8
384 0 0 2.2
384 25 55 0.8
384 50 75 0.6
384 75 90 2.8
385 0 0 2.2
385 25 55 0.8
385 50 75 0.6
385 75 90 2.8
386 0 0 2.2
386 25 55 0.8
386 50 75 0.6
386 75 90 2.8
387 0 0 2.2
387 25 55 0.8
387 50 75 0.6
387 75 90 2.8
388 0 0 2.2
388 25 55 0.8
388 50 75 0.6
388 75 90 2.8
389 0 0 2.2
389 25 55 0.8
389 50 75 0.6
389 75 90 2.8
390 0 0 2.2
390 25 55 0.8
390 50 75 0.6
390 75 90 2.8
391 0 0 2.2
391 25 55 0.8
391 50 75 0.6
391 75 90 2.8
392 0 0 2.2
392 25 55 0.8
392 50 75 0.6
392 75 90 2.8
393 0 0 2.2
393 25 55 0.8
393 50 75 0.6
393 75 90 2.8
394 0 0 2.2
394 25 55 0.8
394 50 75 0.6
394 75 90 2.8
395 0 0 2.2
395 25 55 0.8
395 50 75 0.6
395 75 90 2.8
396 0 0 2.2
396 25 55 0.8
396 50 75 0.6
396 75 90 2.8
397 0 0 2.2
397 25 55 0.8
397 50 75 0.6
397 75 90 2.8
398 0 0 2.2
398 25 55 0.8
398 50 75 0.6
398 75 90 2.8
399 0 0 2.2
399 25 55 0.8
399 50 75 0.6
399 75 90 2.8
400 0 0 2.2
400 25 55 0.8
400 50 75 0.6
400 75 90 2.8
401 0 0 2.2
401 25 55 0.8
401 50 75 0.6
401 75 90 2.8
402 0 0 2.2
402 25 55 0.8
402 50 75 0.6
402 75 90 2.8
403 0 0 2.2
403 25 55 0.8
403 50 75 0.6
403 75 90 2.8
404 0 0 2.2
404 25 55 0.8
404 50 75 0.6
404 75 90 2.8
405 0 0 2.2
405 25 55 0.8
405 50 75 0.6
405 75 90 2.8
406 0 0 2.2
406 25 55 0.8
406 50 75 0.6
406 75 90 2.8
407 0 0 2.2
407 25 55 0.8
407 50 75 0.6
407 75 90 2.8
408 0 0 2.2
408 25 55 0.8
408 50 75 0.6
408 75 90 2.8
409 0 0 2.2
409 25 55 0.8
409 50 75 0.6
409 75 90 2.8
410 0 0 2.2
410 25 55 0.8
410 50 75 0.6
410 75 90 2.8
411 0 0 2.2
411 25 55 0.8
411 50 75 0.6
411 75 90 2.8
412 0 0 2.2
412 25 55 0.8
412 50 75 0.6
412 75 90 2.8
413 0 0 2.2
413 25 55 0.8
413 50 75 0.6
413 75 90 2.8
414 0 0 2.2
414 25 55 0.8
414 50 75 0.6
414 75 90 2.8
415 0 0 2.2
415 25 55 0.8
415 50 75 0.6
415 75 90 2.8
416 0 0 2.2
416 25 55 0.8
416 50 75 0.6
416 75 90 2.8
417 0 0 2.2
417 25 55 0.8
417 50 75 0.6
417 75 90 2.8
418 0 0 2.2
418 25 55 0.8
418 50 75 0.6
418 75 90 2.8
419 0 0 2.2
419 25 55 0.8
419 50 75 0.6
419 75 90 2.8
420 0 0 2.2
420 25 55 0.8
420 50 75 0.6
420 75 90 2.8
421 0 0 2.2
421 25 55 0.8
421 50 75 0.6
421 75 90 2.8
422 0 0 2.2
422 25 55 0.8
422 50 75 0.6
422 75 90 2.8
423 0 0 2.2
423 25 55 0.8
423 50 75 0.6
423 75 90 2.8
424 0 0 2.2
424 25 55 0.8
424 50 75 0.6
424 75 90 2.8
425 0 0 2.2
425 25 55 0.8
425 50 75 0.6
425 75 90 2.8
426 0 0 2.2
426 25 55 0.8
426 50 75 0.6
426 75 90 2.8
427 0 0 2.2
427 25 55 0.8
427 50 75 0.6
427 75 90 2.8
428 0 0 2.2
428 25 55 0.8
428 50 75 0.6
428 75 90 2.8
429 0 0 2.2
429 25 55 0.8
429 50 75 0.6
429 75 90 2.8
430 0 0 2.2
430 25 55 0.8
430 50 75 0.6
430 75 90 2.8
431 0 0 2.2
431 25 55 0.8
431 50 75 0.6
431 75 90 2.8
432 0 0 2.2
432 25 55 0.8
432 50 75 0.6
432 75 90 2.8
433 0 0 2.2
433 25 55 0.8
433 50 75 0.6
433 75 90 2.8
434 0 0 2.2
434 25 55 0.8
434 50 75 0.6
434 75 90 2.8
435 0 0 2.2
435 25 55 0.8
435 50 75 0.6
435 75 90 2.8
436 0 0 2.2
436 25 55 0.8
436 50 75 0.6
436 75 90 2.8
437 0 0 2.2
437 25 55 0.8
437 50 75 0.6
437 75 90 2.8
438 0 0 2.2
438 25 55 0.8
438 50 75 0.6
438 75 90 2.8
439 0 0 2.2
439 25 55 0.8
439 50 75 0.6
439 75 90 2.8
440 0 0 2.2
440 25 55 0.8
440 50 75 0.6
440 75 90 2.8
441 0 0 2.2
441 25 55 0.8
441 50 75 0.6
441 75 90 2.8
442 0 0 2.2
442 25 55 0.8
442 50 75 0.6
442 75 90 2.8
443 0 0 2.2
443 25 55 0.8
443 50 75 0.6
443 75 90 2.8
444 0 0 2.2
444 25 55 0.8
444 50 75 0.6
444 75 90 2.8
445 0 0 2.2
445 25 55 0.8
445 50 75 0.6
445 75 90 2.8
446 0 0 2.2
446 25 55 0.8
446 50 75 0.6
446 75 90 2.8
447 0 0 2.2
447 25 55 0.8
447 50 75 0.6
447 75 90 2.8
448 0 0 2.2
448 25 55 0.8
448 50 75 0.6
448 75 90 2.8
449 0 0 2.2
449 25 55 0.8
449 50 75 0.6
449 75 90 2.8
450 0 0 2.2
450 25 55 0.8
450 50 75 0.6
450 75 90 2.8
451 0 0 2.2
451 25 55 0.8
451 50 75 0.6
451 75 90 2.8
452 0 0 2.2
452 25 55 0.8
452 50 75 0.6
452 75 90 2.8
453 0 0 2.2
453 25 55 0.8
453 50 75 0.6
453 75 90 2.8
454 0 0 2.2
454 25 55 0.8
454 50 75 0.6
454 75 90 2.8
455 0 0 2.2
455 25 55 0.8
455 50 75 0.6
455 75 90 2.8
456 0 0 2.2
456 25 55 0.8
456 50 75 0.6
456 75 90 2.8
457 0 0 2.2
457 25 55 0.8
457 50 75 0.6
457 75 90 2.8
458 0 0 2.2
458 25 55 0.8
458 50 75 0.6
458 75 90 2.8
459 0 0 2.2
459 25 55 0.8
459 50 75 0.6
459 75 90 2.8
460 0 0 2.2
460 25 55 0.8
460 50 75 0.6
460 75 90 2.8
461 0 0 2.2
461 25 55 0.8
461 50 75 0.6
461 75 90 2.8
462 0 0 2.2
462 25 55 0.8
462 50 75 0.6
462 75 90 2.8
463 0 0 2.2
463 25 55 0.8
463 50 75 0.6
463 75 90 2.8
464 0 0 2.2
464 25 55 0.8
464 50 75 0.6
464 75 90 2.8
465 0 0 2.2
465 25 55 0.8
465 50 75 0.6
465 75 90 2.8
466 0 0 2.2
466 25 55 0.8
466 50 75 0.6
466 75 90 2.8
467 0 0 2.2
467 25 55 0.8
467 50 75 0.6
467 75 90 2.8
468 0 0 2.2
468 25 55 0.8
468 50 75 0.6
468 75 90 2.8
469 0 0 2.2
469 25 55 0.8
469 50 75 0.6
469 75 90 2.8
470 0 0 2.2
470 25 55 0.8
470 50 75 0.6
470 75 90 2.8
471 0 0 2.2
471 25 55 0.8
471 50 75 0.6
471 75 90 2.8
472 0 0 2.2
472 25 55 0.8
472 50 75 0.6
472 75 90 2.8
473 0 0 2.2
473 25 55 0.8
473 50 75 0.6
473 75 90 2.8
474 0 0 2.2
474 25 55 0.8
474 50 75 0.6
474 75 90 2.8
475 0 0 2.2
475 25 55 0.8
475 50 75 0.6
475 75 90 2.8
476 0 0 2.2
476 25 55 0.8
476 50 75 0.6
476 75 90 2.8
477 0 0 2.2
477 25 55 0.8
477 50 75 0.6
477 75 90 2.8
478 0 0 2.2
478 25 55 0.8
478 50 75 0.6
478 75 90 2.8
479 0 0 2.2
479 25 55 0.8
479 50 75 0.6
479 75 90 2.8
480 0 0 2.2
480 25 55 0.8
480 50 75 0.6
480 75 90 2.8
481 0 0 2.2
481 25 55 0.8
481 50 75 0.6
481 75 90 2.8
482 0 0 2.2
482 25 55 0.8
482 50 75 0.6
482 75 90 2.8
483 0 0 2.2
483 25 55 0.8
483 50 75 0.6
483 75 90 2.8
484 0 0 2.2
484 25 55 0.8
484 50 75 0.6
484 75 90 2.8
485 0 0 2.2
485 25 55 0.8
485 50 75 0.6
485 75 90 2.8
486 0 0 2.2
486 25 55 0.8
486 50 75 0.6
486 75 90 2.8
487 0 0 2.2
487 25 55 0.8
487 50 75 0.6
487 75 90 2.8
488 0 0 2.2
488 25 55 0.8
488 50 75 0.6
488 75 90 2.8
489 0 0 2.2
489 25 55 0.8
489 50 75 0.6
489 75 90 2.8
490 0 0 2.2
490 25 55 0.8
490 50 75 0.6
490 75 90 2.8
491 0 0 2.2
491 25 55 0.8
491 50 75 0.6
491 75 90 2.8
492 0 0 2.2
492 25 55 0.8
492 50 75 0.6
492 75 90 2.8
493 0 0 2.2
493 25 55 0.8
493 50 75 0.6
493 75 90 2.8
494 0 0 2.2
494 25 55 0.8
494 50 75 0.6
494 75 90 2.8
495 0 0 2.2
495 25 55 0.8
495 50 75 0.6
495 75 90 2.8
496 0 0 2.2
496 25 55 0.8
496 50 75 0.6
496 75 90 2.8
497 0 0 2.2
497 25 55 0.8
497 50 75 0.6
497 75 90 2.8
498 0 0 2.2
498 25 55 0.8
498 50 75 0.6
498 75 90 2.8
499 0 0 2.2
499 25 55 0.8
499 50 75 0.6
499 75 90 2.8
