100 4
0 0 0 2.1
0 500 1050 3.8
0 1000 2950 2.9
0 1500 4400 4
1 0 0 2.1
1 500 1050 3.8
1 1000 2950 2.9
1 1500 4400 4
2 0 0 2.1
2 500 1050 3.8
2 1000 2950 2.9
2 1500 4400 4
3 0 0 2.1
3 500 1050 3.8
3 1000 2950 2.9
3 1500 4400 4
4 0 0 2.1
4 500 1050 3.8
4 1000 2950 2.9
4 1500 4400 4
5 0 0 2.1
5 500 1050 3.8
5 1000 2950 2.9
5 1500 4400 4
6 0 0 2.1
6 500 1050 3.8
6 1000 2950 2.9
6 1500 4400 4
7 0 0 2.1
7 500 1050 3.8
7 1000 2950 2.9
7 1500 4400 4
8 0 0 2.1
8 500 1050 3.8
8 1000 2950 2.9
8 1500 4400 4
9 0 0 2.1
9 500 1050 3.8
9 1000 2950 2.9
9 1500 4400 4
10 0 0 2.1
10 500 1050 3.8
10 1000 2950 2.9
10 1500 4400 4
11 0 0 2.1
11 500 1050 3.8
11 1000 2950 2.9
11 1500 4400 4
12 0 0 2.1
12 500 1050 3.8
12 1000 2950 2.9
12 1500 4400 4
13 0 0 2.1
13 500 1050 3.8
13 1000 2950 2.9
13 1500 4400 4
14 0 0 2.1
14 500 1050 3.8
14 1000 2950 2.9
14 1500 4400 4
15 0 0 2.1
15 500 1050 3.8
15 1000 2950 2.9
15 1500 4400 4
16 0 0 2.1
16 500 1050 3.8
16 1000 2950 2.9
16 1500 4400 4
17 0 0 2.1
17 500 1050 3.8
17 1000 2950 2.9
17 1500 4400 4
18 0 0 2.1
18 500 1050 3.8
18 1000 2950 2.9
18 1500 4400 4
19 0 0 2.1
19 500 1050 3.8
19 1000 2950 2.9
19 1500 4400 4
20 0 0 2.1
20 500 1050 3.8
20 1000 2950 2.9
20 1500 4400 4
21 0 0 2.1
21 500 1050 3.8
21 1000 2950 2.9
21 1500 4400 4
22 0 0 2.1
22 500 1050 3.8
22 1000 2950 2.9
22 1500 4400 4
23 0 0 2.1
23 500 1050 3.8
23 1000 2950 2.9
23 1500 4400 4
24 0 0 2.1
24 500 1050 3.8
24 1000 2950 2.9
24 1500 4400 4
25 0 0 2.1
25 500 1050 3.8
25 1000 2950 2.9
25 1500 4400 4
26 0 0 2.1
26 500 1050 3.8
26 1000 2950 2.9
26 1500 4400 4
27 0 0 2.1
27 500 1050 3.8
27 1000 2950 2.9
27 1500 4400 4
28 0 0 2.1
28 500 1050 3.8
28 1000 2950 2.9
28 1500 4400 4
29 0 0 2.1
29 500 1050 3.8
29 1000 2950 2.9
29 1500 4400 4
30 0 0 2.1
30 500 1050 3.8
30 1000 2950 2.9
30 1500 4400 4
31 0 0 2.1
31 500 1050 3.8
31 1000 2950 2.9
31 1500 4400 4
32 0 0 2.1
32 500 1050 3.8
32 1000 2950 2.9
32 1500 4400 4
33 0 0 2.1
33 500 1050 3.8
33 1000 2950 2.9
33 1500 4400 4
34 0 0 2.1
34 500 1050 3.8
34 1000 2950 2.9
34 1500 4400 4
35 0 0 2.1
35 500 1050 3.8
35 1000 2950 2.9
35 1500 4400 4
36 0 0 2.1
36 500 1050 3.8
36 1000 2950 2.9
36 1500 4400 4
37 0 0 2.1
37 500 1050 3.8
37 1000 2950 2.9
37 1500 4400 4
38 0 0 2.1
38 500 1050 3.8
38 1000 2950 2.9
38 1500 4400 4
39 0 0 2.1
39 500 1050 3.8
39 1000 2950 2.9
39 1500 4400 4
40 0 0 2.1
40 500 1050 3.8
40 1000 2950 2.9
40 1500 4400 4
41 0 0 2.1
41 500 1050 3.8
41 1000 2950 2.9
41 1500 4400 4
42 0 0 2.1
42 500 1050 3.8
42 1000 2950 2.9
42 1500 4400 4
43 0 0 2.1
43 500 1050 3.8
43 1000 2950 2.9
43 1500 4400 4
44 0 0 2.1
44 500 1050 3.8
44 1000 2950 2.9
44 1500 4400 4
45 0 0 2.1
45 500 1050 3.8
45 1000 2950 2.9
45 1500 4400 4
46 0 0 2.1
46 500 1050 3.8
46 1000 2950 2.9
46 1500 4400 4
47 0 0 2.1
47 500 1050 3.8
47 1000 2950 2.9
47 1500 4400 4
48 0 0 2.1
48 500 1050 3.8
48 1000 2950 2.9
48 1500 4400 4
49 0 0 2.1
49 500 1050 3.8
49 1000 2950 2.9
49 1500 4400 4
50 0 0 2.1
50 500 1050 3.8
50 1000 2950 2.9
50 1500 4400 4
51 0 0 2.1
51 500 1050 3.8
51 1000 2950 2.9
51 1500 4400 4
52 0 0 2.1
52 500 1050 3.8
52 1000 2950 2.9
52 1500 4400 4
53 0 0 2.1
53 500 1050 3.8
53 1000 2950 2.9
53 1500 4400 4
54 0 0 2.1
54 500 1050 3.8
54 1000 2950 2.9
54 1500 4400 4
55 0 0 2.1
55 500 1050 3.8
55 1000 2950 2.9
55 1500 4400 4
56 0 0 2.1
56 500 1050 3.8
56 1000 2950 2.9
56 1500 4400 4
57 0 0 2.1
57 500 1050 3.8
57 1000 2950 2.9
57 1500 4400 4
58 0 0 2.1
58 500 1050 3.8
58 1000 2950 2.9
58 1500 4400 4
59 0 0 2.1
59 500 1050 3.8
59 1000 2950 2.9
59 1500 4400 4
60 0 0 2.1
60 500 1050 3.8
60 1000 2950 2.9
60 1500 4400 4
61 0 0 2.1
61 500 1050 3.8
61 1000 2950 2.9
61 1500 4400 4
62 0 0 2.1
62 500 1050 3.8
62 1000 2950 2.9
62 1500 4400 4
63 0 0 2.1
63 500 1050 3.8
63 1000 2950 2.9
63 1500 4400 4
64 0 0 2.1
64 500 1050 3.8
64 1000 2950 2.9
64 1500 4400 4
65 0 0 2.1
65 500 1050 3.8
65 1000 2950 2.9
65 1500 4400 4
66 0 0 2.1
66 500 1050 3.8
66 1000 2950 2.9
66 1500 4400 4
67 0 0 2.1
67 500 1050 3.8
67 1000 2950 2.9
67 1500 4400 4
68 0 0 2.1
68 500 1050 3.8
68 1000 2950 2.9
68 1500 4400 4
69 0 0 2.1
69 500 1050 3.8
69 1000 2950 2.9
69 1500 4400 4
70 0 0 2.1
70 500 1050 3.8
70 1000 2950 2.9
70 1500 4400 4
71 0 0 2.1
71 500 1050 3.8
71 1000 2950 2.9
71 1500 4400 4
72 0 0 2.1
72 500 1050 3.8
72 1000 2950 2.9
72 1500 4400 4
73 0 0 2.1
73 500 1050 3.8
73 1000 2950 2.9
73 1500 4400 4
74 0 0 2.1
74 500 1050 3.8
74 1000 2950 2.9
74 1500 4400 4
75 0 0 2.1
75 500 1050 3.8
75 1000 2950 2.9
75 1500 4400 4
76 0 0 2.1
76 500 1050 3.8
76 1000 2950 2.9
76 1500 4400 4
77 0 0 2.1
77 500 1050 3.8
77 1000 2950 2.9
77 1500 4400 4
78 0 0 2.1
78 500 1050 3.8
78 1000 2950 2.9
78 1500 4400 4
79 0 0 2.1
79 500 1050 3.8
79 1000 2950 2.9
79 1500 4400 4
80 0 0 2.1
80 500 1050 3.8
80 1000 2950 2.9
80 1500 4400 4
81 0 0 2.1
81 500 1050 3.8
81 1000 2950 2.9
81 1500 4400 4
82 0 0 2.1
82 500 1050 3.8
82 1000 2950 2.9
82 1500 4400 4
83 0 0 2.1
83 500 1050 3.8
83 1000 2950 2.9
83 1500 4400 4
84 0 0 2.1
84 500 1050 3.8
84 1000 2950 2.9
84 1500 4400 4
85 0 0 2.1
85 500 1050 3.8
85 1000 2950 2.9
85 1500 4400 4
86 0 0 2.1
86 500 1050 3.8
86 1000 2950 2.9
86 1500 4400 4
87 0 0 2.1
87 500 1050 3.8
87 1000 2950 2.9
87 1500 4400 4
88 0 0 2.1
88 500 1050 3.8
88 1000 2950 2.9
88 1500 4400 4
89 0 0 2.1
89 500 1050 3.8
89 1000 2950 2.9
89 1500 4400 4
90 0 0 2.1
90 500 1050 3.8
90 1000 2950 2.9
90 1500 4400 4
91 0 0 2.1
91 500 1050 3.8
91 1000 2950 2.9
91 1500 4400 4
92 0 0 2.1
92 500 1050 3.8
92 1000 2950 2.9
92 1500 4400 4
93 0 0 2.1
93 500 1050 3.8
93 1000 2950 2.9
93 1500 4400 4
94 0 0 2.1
94 500 1050 3.8
94 1000 2950 2.9
94 1500 4400 4
95 0 0 2.1
95 500 1050 3.8
95 1000 2950 2.9
95 1500 4400 4
96 0 0 2.1
96 500 1050 3.8
96 1000 2950 2.9
96 1500 4400 4
97 0 0 2.1
97 500 1050 3.8
97 1000 2950 2.9
97 1500 4400 4
98 0 0 2.1
98 500 1050 3.8
98 1000 2950 2.9
98 1500 4400 4
99 0 0 2.1
99 500 1050 3.8
99 1000 2950 2.9
99 1500 4400 4
