20 10
0 0 0 4.9
0 200 980 4.2
0 400 1820 0.9
0 600 2000 1
0 800 2200 4.6
0 1000 3120 2.6
0 1200 3640 2.4
0 1400 4120 4.4
0 1600 5000 3.5
0 1800 5700 1.6
1 0 0 4.9
1 200 980 4.2
1 400 1820 0.9
1 600 2000 1
1 800 2200 4.6
1 1000 3120 2.6
1 1200 3640 2.4
1 1400 4120 4.4
1 1600 5000 3.5
1 1800 5700 1.6
2 0 0 4.9
2 200 980 4.2
2 400 1820 0.9
2 600 2000 1
2 800 2200 4.6
2 1000 3120 2.6
2 1200 3640 2.4
2 1400 4120 4.4
2 1600 5000 3.5
2 1800 5700 1.6
3 0 0 4.9
3 200 980 4.2
3 400 1820 0.9
3 600 2000 1
3 800 2200 4.6
3 1000 3120 2.6
3 1200 3640 2.4
3 1400 4120 4.4
3 1600 5000 3.5
3 1800 5700 1.6
4 0 0 4.9
4 200 980 4.2
4 400 1820 0.9
4 600 2000 1
4 800 2200 4.6
4 1000 3120 2.6
4 1200 3640 2.4
4 1400 4120 4.4
4 1600 5000 3.5
4 1800 5700 1.6
5 0 0 4.9
5 200 980 4.2
5 400 1820 0.9
5 600 2000 1
5 800 2200 4.6
5 1000 3120 2.6
5 1200 3640 2.4
5 1400 4120 4.4
5 1600 5000 3.5
5 1800 5700 1.6
6 0 0 4.9
6 200 980 4.2
6 400 1820 0.9
6 600 2000 1
6 800 2200 4.6
6 1000 3120 2.6
6 1200 3640 2.4
6 1400 4120 4.4
6 1600 5000 3.5
6 1800 5700 1.6
7 0 0 4.9
7 200 980 4.2
7 400 1820 0.9
7 600 2000 1
7 800 2200 4.6
7 1000 3120 2.6
7 1200 3640 2.4
7 1400 4120 4.4
7 1600 5000 3.5
7 1800 5700 1.6
8 0 0 4.9
8 200 980 4.2
8 400 1820 0.9
8 600 2000 1
8 800 2200 4.6
8 1000 3120 2.6
8 1200 3640 2.4
8 1400 4120 4.4
8 1600 5000 3.5
8 1800 5700 1.6
9 0 0 4.9
9 200 980 4.2
9 400 1820 0.9
9 600 2000 1
9 800 2200 4.6
9 1000 3120 2.6
9 1200 3640 2.4
9 1400 4120 4.4
9 1600 5000 3.5
9 1800 5700 1.6
10 0 0 4.9
10 200 980 4.2
10 400 1820 0.9
10 600 2000 1
10 800 2200 4.6
10 1000 3120 2.6
10 1200 3640 2.4
10 1400 4120 4.4
10 1600 5000 3.5
10 1800 5700 1.6
11 0 0 4.9
11 200 980 4.2
11 400 1820 0.9
11 600 2000 1
11 800 2200 4.6
11 1000 3120 2.6
11 1200 3640 2.4
11 1400 4120 4.4
11 1600 5000 3.5
11 1800 5700 1.6
12 0 0 4.9
12 200 980 4.2
12 400 1820 0.9
12 600 2000 1
12 800 2200 4.6
12 1000 3120 2.6
12 1200 3640 2.4
12 1400 4120 4.4
12 1600 5000 3.5
12 1800 5700 1.6
13 0 0 4.9
13 200 980 4.2
13 400 1820 0.9
13 600 2000 1
13 800 2200 4.6
13 1000 3120 2.6
13 1200 3640 2.4
13 1400 4120 4.4
13 1600 5000 3.5
13 1800 5700 1.6
14 0 0 4.9
14 200 980 4.2
14 400 1820 0.9
14 600 2000 1
14 800 2200 4.6
14 1000 3120 2.6
14 1200 3640 2.4
14 1400 4120 4.4
14 1600 5000 3.5
14 1800 5700 1.6
15 0 0 4.9
15 200 980 4.2
15 400 1820 0.9
15 600 2000 1
15 800 2200 4.6
15 1000 3120 2.6
15 1200 3640 2.4
15 1400 4120 4.4
15 1600 5000 3.5
15 1800 5700 1.6
16 0 0 4.9
16 200 980 4.2
16 400 1820 0.9
16 600 2000 1
16 800 2200 4.6
16 1000 3120 2.6
16 1200 3640 2.4
16 1400 4120 4.4
16 1600 5000 3.5
16 1800 5700 1.6
17 0 0 4.9
17 200 980 4.2
17 400 1820 0.9
17 600 2000 1
17 800 2200 4.6
17 1000 3120 2.6
17 1200 3640 2.4
17 1400 4120 4.4
17 1600 5000 3.5
17 1800 5700 1.6
18 0 0 4.9
18 200 980 4.2
18 400 1820 0.9
18 600 2000 1
18 800 2200 4.6
18 1000 3120 2.6
18 1200 3640 2.4
18 1400 4120 4.4
18 1600 5000 3.5
18 1800 5700 1.6
19 0 0 4.9
19 200 980 4.2
19 400 1820 0.9
19 600 2000 1
19 800 2200 4.6
19 1000 3120 2.6
19 1200 3640 2.4
19 1400 4120 4.4
19 1600 5000 3.5
19 1800 5700 1.6
