1000 4
0 0 0 2.4
0 25 60 1.2
0 50 90 3.8
0 75 185 2.8
1 0 0 2.4
1 25 60 1.2
1 50 90 3.8
1 75 185 2.8
2 0 0 2.4
2 25 60 1.2
2 50 90 3.8
2 75 185 2.8
3 0 0 2.4
3 25 60 1.2
3 50 90 3.8
3 75 185 2.8
4 0 0 2.4
4 25 60 1.2
4 50 90 3.8
4 75 185 2.8
5 0 0 2.4
5 25 60 1.2
5 50 90 3.8
5 75 185 2.8
6 0 0 2.4
6 25 60 1.2
6 50 90 3.8
6 75 185 2.8
7 0 0 2.4
7 25 60 1.2
7 50 90 3.8
7 75 185 2.8
8 0 0 2.4
8 25 60 1.2
8 50 90 3.8
8 75 185 2.8
9 0 0 2.4
9 25 60 1.2
9 50 90 3.8
9 75 185 2.8
10 0 0 2.4
10 25 60 1.2
10 50 90 3.8
10 75 185 2.8
11 0 0 2.4
11 25 60 1.2
11 50 90 3.8
11 75 185 2.8
12 0 0 2.4
12 25 60 1.2
12 50 90 3.8
12 75 185 2.8
13 0 0 2.4
13 25 60 1.2
13 50 90 3.8
13 75 185 2.8
14 0 0 2.4
14 25 60 1.2
14 50 90 3.8
14 75 185 2.8
15 0 0 2.4
15 25 60 1.2
15 50 90 3.8
15 75 185 2.8
16 0 0 2.4
16 25 60 1.2
16 50 90 3.8
16 75 185 2.8
17 0 0 2.4
17 25 60 1.2
17 50 90 3.8
17 75 185 2.8
18 0 0 2.4
18 25 60 1.2
18 50 90 3.8
18 75 185 2.8
19 0 0 2.4
19 25 60 1.2
19 50 90 3.8
19 75 185 2.8
20 0 0 2.4
20 25 60 1.2
20 50 90 3.8
20 75 185 2.8
21 0 0 2.4
21 25 60 1.2
21 50 90 3.8
21 75 185 2.8
22 0 0 2.4
22 25 60 1.2
22 50 90 3.8
22 75 185 2.8
23 0 0 2.4
23 25 60 1.2
23 50 90 3.8
23 75 185 2.8
24 0 0 2.4
24 25 60 1.2
24 50 90 3.8
24 75 185 2.8
25 0 0 2.4
25 25 60 1.2
25 50 90 3.8
25 75 185 2.8
26 0 0 2.4
26 25 60 1.2
26 50 90 3.8
26 75 185 2.8
27 0 0 2.4
27 25 60 1.2
27 50 90 3.8
27 75 185 2.8
28 0 0 2.4
28 25 60 1.2
28 50 90 3.8
28 75 185 2.8
29 0 0 2.4
29 25 60 1.2
29 50 90 3.8
29 75 185 2.8
30 0 0 2.4
30 25 60 1.2
30 50 90 3.8
30 75 185 2.8
31 0 0 2.4
31 25 60 1.2
31 50 90 3.8
31 75 185 2.8
32 0 0 2.4
32 25 60 1.2
32 50 90 3.8
32 75 185 2.8
33 0 0 2.4
33 25 60 1.2
33 50 90 3.8
33 75 185 2.8
34 0 0 2.4
34 25 60 1.2
34 50 90 3.8
34 75 185 2.8
35 0 0 2.4
35 25 60 1.2
35 50 90 3.8
35 75 185 2.8
36 0 0 2.4
36 25 60 1.2
36 50 90 3.8
36 75 185 2.8
37 0 0 2.4
37 25 60 1.2
37 50 90 3.8
37 75 185 2.8
38 0 0 2.4
38 25 60 1.2
38 50 90 3.8
38 75 185 2.8
39 0 0 2.4
39 25 60 1.2
39 50 90 3.8
39 75 185 2.8
40 0 0 2.4
40 25 60 1.2
40 50 90 3.8
40 75 185 2.8
41 0 0 2.4
41 25 60 1.2
41 50 90 3.8
41 75 185 2.8
42 0 0 2.4
42 25 60 1.2
42 50 90 3.8
42 75 185 2.8
43 0 0 2.4
43 25 60 1.2
43 50 90 3.8
43 75 185 2.8
44 0 0 2.4
44 25 60 1.2
44 50 90 3.8
44 75 185 2.8
45 0 0 2.4
45 25 60 1.2
45 50 90 3.8
45 75 185 2.8
46 0 0 2.4
46 25 60 1.2
46 50 90 3.8
46 75 185 2.8
47 0 0 2.4
47 25 60 1.2
47 50 90 3.8
47 75 185 2.8
48 0 0 2.4
48 25 60 1.2
48 50 90 3.8
48 75 185 2.8
49 0 0 2.4
49 25 60 1.2
49 50 90 3.8
49 75 185 2.8
50 0 0 2.4
50 25 60 1.2
50 50 90 3.8
50 75 185 2.8
51 0 0 2.4
51 25 60 1.2
51 50 90 3.8
51 75 185 2.8
52 0 0 2.4
52 25 60 1.2
52 50 90 3.8
52 75 185 2.8
53 0 0 2.4
53 25 60 1.2
53 50 90 3.8
53 75 185 2.8
54 0 0 2.4
54 25 60 1.2
54 50 90 3.8
54 75 185 2.8
55 0 0 2.4
55 25 60 1.2
55 50 90 3.8
55 75 185 2.8
56 0 0 2.4
56 25 60 1.2
56 50 90 3.8
56 75 185 2.8
57 0 0 2.4
57 25 60 1.2
57 50 90 3.8
57 75 185 2.8
58 0 0 2.4
58 25 60 1.2
58 50 90 3.8
58 75 185 2.8
59 0 0 2.4
59 25 60 1.2
59 50 90 3.8
59 75 185 2.8
60 0 0 2.4
60 25 60 1.2
60 50 90 3.8
60 75 185 2.8
61 0 0 2.4
61 25 60 1.2
61 50 90 3.8
61 75 185 2.8
62 0 0 2.4
62 25 60 1.2
62 50 90 3.8
62 75 185 2.8
63 0 0 2.4
63 25 60 1.2
63 50 90 3.8
63 75 185 2.8
64 0 0 2.4
64 25 60 1.2
64 50 90 3.8
64 75 185 2.8
65 0 0 2.4
65 25 60 1.2
65 50 90 3.8
65 75 185 2.8
66 0 0 2.4
66 25 60 1.2
66 50 90 3.8
66 75 185 2.8
67 0 0 2.4
67 25 60 1.2
67 50 90 3.8
67 75 185 2.8
68 0 0 2.4
68 25 60 1.2
68 50 90 3.8
68 75 185 2.8
69 0 0 2.4
69 25 60 1.2
69 50 90 3.8
69 75 185 2.8
70 0 0 2.4
70 25 60 1.2
70 50 90 3.8
70 75 185 2.8
71 0 0 2.4
71 25 60 1.2
71 50 90 3.8
71 75 185 2.8
72 0 0 2.4
72 25 60 1.2
72 50 90 3.8
72 75 185 2.8
73 0 0 2.4
73 25 60 1.2
73 50 90 3.8
73 75 185 2.8
74 0 0 2.4
74 25 60 1.2
74 50 90 3.8
74 75 185 2.8
75 0 0 2.4
75 25 60 1.2
75 50 90 3.8
75 75 185 2.8
76 0 0 2.4
76 25 60 1.2
76 50 90 3.8
76 75 185 2.8
77 0 0 2.4
77 25 60 1.2
77 50 90 3.8
77 75 185 2.8
78 0 0 2.4
78 25 60 1.2
78 50 90 3.8
78 75 185 2.8
79 0 0 2.4
79 25 60 1.2
79 50 90 3.8
79 75 185 2.8
80 0 0 2.4
80 25 60 1.2
80 50 90 3.8
80 75 185 2.8
81 0 0 2.4
81 25 60 1.2
81 50 90 3.8
81 75 185 2.8
82 0 0 2.4
82 25 60 1.2
82 50 90 3.8
82 75 185 2.8
83 0 0 2.4
83 25 60 1.2
83 50 90 3.8
83 75 185 2.8
84 0 0 2.4
84 25 60 1.2
84 50 90 3.8
84 75 185 2.8
85 0 0 2.4
85 25 60 1.2
85 50 90 3.8
85 75 185 2.8
86 0 0 2.4
86 25 60 1.2
86 50 90 3.8
86 75 185 2.8
87 0 0 2.4
87 25 60 1.2
87 50 90 3.8
87 75 185 2.8
88 0 0 2.4
88 25 60 1.2
88 50 90 3.8
88 75 185 2.8
89 0 0 2.4
89 25 60 1.2
89 50 90 3.8
89 75 185 2.8
90 0 0 2.4
90 25 60 1.2
90 50 90 3.8
90 75 185 2.8
91 0 0 2.4
91 25 60 1.2
91 50 90 3.8
91 75 185 2.8
92 0 0 2.4
92 25 60 1.2
92 50 90 3.8
92 75 185 2.8
93 0 0 2.4
93 25 60 1.2
93 50 90 3.8
93 75 185 2.8
94 0 0 2.4
94 25 60 1.2
94 50 90 3.8
94 75 185 2.8
95 0 0 2.4
95 25 60 1.2
95 50 90 3.8
95 75 185 2.8
96 0 0 2.4
96 25 60 1.2
96 50 90 3.8
96 75 185 2.8
97 0 0 2.4
97 25 60 1.2
97 50 90 3.8
97 75 185 2.8
98 0 0 2.4
98 25 60 1.2
98 50 90 3.8
98 75 185 2.8
99 0 0 2.4
99 25 60 1.2
99 50 90 3.8
99 75 185 2.8
100 0 0 2.4
100 25 60 1.2
100 50 90 3.8
100 75 185 2.8
101 0 0 2.4
101 25 60 1.2
101 50 90 3.8
101 75 185 2.8
102 0 0 2.4
102 25 60 1.2
102 50 90 3.8
102 75 185 2.8
103 0 0 2.4
103 25 60 1.2
103 50 90 3.8
103 75 185 2.8
104 0 0 2.4
104 25 60 1.2
104 50 90 3.8
104 75 185 2.8
105 0 0 2.4
105 25 60 1.2
105 50 90 3.8
105 75 185 2.8
106 0 0 2.4
106 25 60 1.2
106 50 90 3.8
106 75 185 2.8
107 0 0 2.4
107 25 60 1.2
107 50 90 3.8
107 75 185 2.8
108 0 0 2.4
108 25 60 1.2
108 50 90 3.8
108 75 185 2.8
109 0 0 2.4
109 25 60 1.2
109 50 90 3.8
109 75 185 2.8
110 0 0 2.4
110 25 60 1.2
110 50 90 3.8
110 75 185 2.8
111 0 0 2.4
111 25 60 1.2
111 50 90 3.8
111 75 185 2.8
112 0 0 2.4
112 25 60 1.2
112 50 90 3.8
112 75 185 2.8
113 0 0 2.4
113 25 60 1.2
113 50 90 3.8
113 75 185 2.8
114 0 0 2.4
114 25 60 1.2
114 50 90 3.8
114 75 185 2.8
115 0 0 2.4
115 25 60 1.2
115 50 90 3.8
115 75 185 2.8
116 0 0 2.4
116 25 60 1.2
116 50 90 3.8
116 75 185 2.8
117 0 0 2.4
117 25 60 1.2
117 50 90 3.8
117 75 185 2.8
118 0 0 2.4
118 25 60 1.2
118 50 90 3.8
118 75 185 2.8
119 0 0 2.4
119 25 60 1.2
119 50 90 3.8
119 75 185 2.8
120 0 0 2.4
120 25 60 1.2
120 50 90 3.8
120 75 185 2.8
121 0 0 2.4
121 25 60 1.2
121 50 90 3.8
121 75 185 2.8
122 0 0 2.4
122 25 60 1.2
122 50 90 3.8
122 75 185 2.8
123 0 0 2.4
123 25 60 1.2
123 50 90 3.8
123 75 185 2.8
124 0 0 2.4
124 25 60 1.2
124 50 90 3.8
124 75 185 2.8
125 0 0 2.4
125 25 60 1.2
125 50 90 3.8
125 75 185 2.8
126 0 0 2.4
126 25 60 1.2
126 50 90 3.8
126 75 185 2.8
127 0 0 2.4
127 25 60 1.2
127 50 90 3.8
127 75 185 2.8
128 0 0 2.4
128 25 60 1.2
128 50 90 3.8
128 75 185 2.8
129 0 0 2.4
129 25 60 1.2
129 50 90 3.8
129 75 185 2.8
130 0 0 2.4
130 25 60 1.2
130 50 90 3.8
130 75 185 2.8
131 0 0 2.4
131 25 60 1.2
131 50 90 3.8
131 75 185 2.8
132 0 0 2.4
132 25 60 1.2
132 50 90 3.8
132 75 185 2.8
133 0 0 2.4
133 25 60 1.2
133 50 90 3.8
133 75 185 2.8
134 0 0 2.4
134 25 60 1.2
134 50 90 3.8
134 75 185 2.8
135 0 0 2.4
135 25 60 1.2
135 50 90 3.8
135 75 185 2.8
136 0 0 2.4
136 25 60 1.2
136 50 90 3.8
136 75 185 2.8
137 0 0 2.4
137 25 60 1.2
137 50 90 3.8
137 75 185 2.8
138 0 0 2.4
138 25 60 1.2
138 50 90 3.8
138 75 185 2.8
139 0 0 2.4
139 25 60 1.2
139 50 90 3.8
139 75 185 2.8
140 0 0 2.4
140 25 60 1.2
140 50 90 3.8
140 75 185 2.8
141 0 0 2.4
141 25 60 1.2
141 50 90 3.8
141 75 185 2.8
142 0 0 2.4
142 25 60 1.2
142 50 90 3.8
142 75 185 2.8
143 0 0 2.4
143 25 60 1.2
143 50 90 3.8
143 75 185 2.8
144 0 0 2.4
144 25 60 1.2
144 50 90 3.8
144 75 185 2.8
145 0 0 2.4
145 25 60 1.2
145 50 90 3.8
145 75 185 2.8
146 0 0 2.4
146 25 60 1.2
146 50 90 3.8
146 75 185 2.8
147 0 0 2.4
147 25 60 1.2
147 50 90 3.8
147 75 185 2.8
148 0 0 2.4
148 25 60 1.2
148 50 90 3.8
148 75 185 2.8
149 0 0 2.4
149 25 60 1.2
149 50 90 3.8
149 75 185 2.8
150 0 0 2.4
150 25 60 1.2
150 50 90 3.8
150 75 185 2.8
151 0 0 2.4
151 25 60 1.2
151 50 90 3.8
151 75 185 2.8
152 0 0 2.4
152 25 60 1.2
152 50 90 3.8
152 75 185 2.8
153 0 0 2.4
153 25 60 1.2
153 50 90 3.8
153 75 185 2.8
154 0 0 2.4
154 25 60 1.2
154 50 90 3.8
154 75 185 2.8
155 0 0 2.4
155 25 60 1.2
155 50 90 3.8
155 75 185 2.8
156 0 0 2.4
156 25 60 1.2
156 50 90 3.8
156 75 185 2.8
157 0 0 2.4
157 25 60 1.2
157 50 90 3.8
157 75 185 2.8
158 0 0 2.4
158 25 60 1.2
158 50 90 3.8
158 75 185 2.8
159 0 0 2.4
159 25 60 1.2
159 50 90 3.8
159 75 185 2.8
160 0 0 2.4
160 25 60 1.2
160 50 90 3.8
160 75 185 2.8
161 0 0 2.4
161 25 60 1.2
161 50 90 3.8
161 75 185 2.8
162 0 0 2.4
162 25 60 1.2
162 50 90 3.8
162 75 185 2.8
163 0 0 2.4
163 25 60 1.2
163 50 90 3.8
163 75 185 2.8
164 0 0 2.4
164 25 60 1.2
164 50 90 3.8
164 75 185 2.8
165 0 0 2.4
165 25 60 1.2
165 50 90 3.8
165 75 185 2.8
166 0 0 2.4
166 25 60 1.2
166 50 90 3.8
166 75 185 2.8
167 0 0 2.4
167 25 60 1.2
167 50 90 3.8
167 75 185 2.8
168 0 0 2.4
168 25 60 1.2
168 50 90 3.8
168 75 185 2.8
169 0 0 2.4
169 25 60 1.2
169 50 90 3.8
169 75 185 2.8
170 0 0 2.4
170 25 60 1.2
170 50 90 3.8
170 75 185 2.8
171 0 0 2.4
171 25 60 1.2
171 50 90 3.8
171 75 185 2.8
172 0 0 2.4
172 25 60 1.2
172 50 90 3.8
172 75 185 2.8
173 0 0 2.4
173 25 60 1.2
173 50 90 3.8
173 75 185 2.8
174 0 0 2.4
174 25 60 1.2
174 50 90 3.8
174 75 185 2.8
175 0 0 2.4
175 25 60 1.2
175 50 90 3.8
175 75 185 2.8
176 0 0 2.4
176 25 60 1.2
176 50 90 3.8
176 75 185 2.8
177 0 0 2.4
177 25 60 1.2
177 50 90 3.8
177 75 185 2.8
178 0 0 2.4
178 25 60 1.2
178 50 90 3.8
178 75 185 2.8
179 0 0 2.4
179 25 60 1.2
179 50 90 3.8
179 75 185 2.8
180 0 0 2.4
180 25 60 1.2
180 50 90 3.8
180 75 185 2.8
181 0 0 2.4
181 25 60 1.2
181 50 90 3.8
181 75 185 2.8
182 0 0 2.4
182 25 60 1.2
182 50 90 3.8
182 75 185 2.8
183 0 0 2.4
183 25 60 1.2
183 50 90 3.8
183 75 185 2.8
184 0 0 2.4
184 25 60 1.2
184 50 90 3.8
184 75 185 2.8
185 0 0 2.4
185 25 60 1.2
185 50 90 3.8
185 75 185 2.8
186 0 0 2.4
186 25 60 1.2
186 50 90 3.8
186 75 185 2.8
187 0 0 2.4
187 25 60 1.2
187 50 90 3.8
187 75 185 2.8
188 0 0 2.4
188 25 60 1.2
188 50 90 3.8
188 75 185 2.8
189 0 0 2.4
189 25 60 1.2
189 50 90 3.8
189 75 185 2.8
190 0 0 2.4
190 25 60 1.2
190 50 90 3.8
190 75 185 2.8
191 0 0 2.4
191 25 60 1.2
191 50 90 3.8
191 75 185 2.8
192 0 0 2.4
192 25 60 1.2
192 50 90 3.8
192 75 185 2.8
193 0 0 2.4
193 25 60 1.2
193 50 90 3.8
193 75 185 2.8
194 0 0 2.4
194 25 60 1.2
194 50 90 3.8
194 75 185 2.8
195 0 0 2.4
195 25 60 1.2
195 50 90 3.8
195 75 185 2.8
196 0 0 2.4
196 25 60 1.2
196 50 90 3.8
196 75 185 2.8
197 0 0 2.4
197 25 60 1.2
197 50 90 3.8
197 75 185 2.8
198 0 0 2.4
198 25 60 1.2
198 50 90 3.8
198 75 185 2.8
199 0 0 2.4
199 25 60 1.2
199 50 90 3.8
199 75 185 2.8
200 0 0 2.4
200 25 60 1.2
200 50 90 3.8
200 75 185 2.8
201 0 0 2.4
201 25 60 1.2
201 50 90 3.8
201 75 185 2.8
202 0 0 2.4
202 25 60 1.2
202 50 90 3.8
202 75 185 2.8
203 0 0 2.4
203 25 60 1.2
203 50 90 3.8
203 75 185 2.8
204 0 0 2.4
204 25 60 1.2
204 50 90 3.8
204 75 185 2.8
205 0 0 2.4
205 25 60 1.2
205 50 90 3.8
205 75 185 2.8
206 0 0 2.4
206 25 60 1.2
206 50 90 3.8
206 75 185 2.8
207 0 0 2.4
207 25 60 1.2
207 50 90 3.8
207 75 185 2.8
208 0 0 2.4
208 25 60 1.2
208 50 90 3.8
208 75 185 2.8
209 0 0 2.4
209 25 60 1.2
209 50 90 3.8
209 75 185 2.8
210 0 0 2.4
210 25 60 1.2
210 50 90 3.8
210 75 185 2.8
211 0 0 2.4
211 25 60 1.2
211 50 90 3.8
211 75 185 2.8
212 0 0 2.4
212 25 60 1.2
212 50 90 3.8
212 75 185 2.8
213 0 0 2.4
213 25 60 1.2
213 50 90 3.8
213 75 185 2.8
214 0 0 2.4
214 25 60 1.2
214 50 90 3.8
214 75 185 2.8
215 0 0 2.4
215 25 60 1.2
215 50 90 3.8
215 75 185 2.8
216 0 0 2.4
216 25 60 1.2
216 50 90 3.8
216 75 185 2.8
217 0 0 2.4
217 25 60 1.2
217 50 90 3.8
217 75 185 2.8
218 0 0 2.4
218 25 60 1.2
218 50 90 3.8
218 75 185 2.8
219 0 0 2.4
219 25 60 1.2
219 50 90 3.8
219 75 185 2.8
220 0 0 2.4
220 25 60 1.2
220 50 90 3.8
220 75 185 2.8
221 0 0 2.4
221 25 60 1.2
221 50 90 3.8
221 75 185 2.8
222 0 0 2.4
222 25 60 1.2
222 50 90 3.8
222 75 185 2.8
223 0 0 2.4
223 25 60 1.2
223 50 90 3.8
223 75 185 2.8
224 0 0 2.4
224 25 60 1.2
224 50 90 3.8
224 75 185 2.8
225 0 0 2.4
225 25 60 1.2
225 50 90 3.8
225 75 185 2.8
226 0 0 2.4
226 25 60 1.2
226 50 90 3.8
226 75 185 2.8
227 0 0 2.4
227 25 60 1.2
227 50 90 3.8
227 75 185 2.8
228 0 0 2.4
228 25 60 1.2
228 50 90 3.8
228 75 185 2.8
229 0 0 2.4
229 25 60 1.2
229 50 90 3.8
229 75 185 2.8
230 0 0 2.4
230 25 60 1.2
230 50 90 3.8
230 75 185 2.8
231 0 0 2.4
231 25 60 1.2
231 50 90 3.8
231 75 185 2.8
232 0 0 2.4
232 25 60 1.2
232 50 90 3.8
232 75 185 2.8
233 0 0 2.4
233 25 60 1.2
233 50 90 3.8
233 75 185 2.8
234 0 0 2.4
234 25 60 1.2
234 50 90 3.8
234 75 185 2.8
235 0 0 2.4
235 25 60 1.2
235 50 90 3.8
235 75 185 2.8
236 0 0 2.4
236 25 60 1.2
236 50 90 3.8
236 75 185 2.8
237 0 0 2.4
237 25 60 1.2
237 50 90 3.8
237 75 185 2.8
238 0 0 2.4
238 25 60 1.2
238 50 90 3.8
238 75 185 2.8
239 0 0 2.4
239 25 60 1.2
239 50 90 3.8
239 75 185 2.8
240 0 0 2.4
240 25 60 1.2
240 50 90 3.8
240 75 185 2.8
241 0 0 2.4
241 25 60 1.2
241 50 90 3.8
241 75 185 2.8
242 0 0 2.4
242 25 60 1.2
242 50 90 3.8
242 75 185 2.8
243 0 0 2.4
243 25 60 1.2
243 50 90 3.8
243 75 185 2.8
244 0 0 2.4
244 25 60 1.2
244 50 90 3.8
244 75 185 2.8
245 0 0 2.4
245 25 60 1.2
245 50 90 3.8
245 75 185 2.8
246 0 0 2.4
246 25 60 1.2
246 50 90 3.8
246 75 185 2.8
247 0 0 2.4
247 25 60 1.2
247 50 90 3.8
247 75 185 2.8
248 0 0 2.4
248 25 60 1.2
248 50 90 3.8
248 75 185 2.8
249 0 0 2.4
249 25 60 1.2
249 50 90 3.8
249 75 185 2.8
250 0 0 2.4
250 25 60 1.2
250 50 90 3.8
250 75 185 2.8
251 0 0 2.4
251 25 60 1.2
251 50 90 3.8
251 75 185 2.8
252 0 0 2.4
252 25 60 1.2
252 50 90 3.8
252 75 185 2.8
253 0 0 2.4
253 25 60 1.2
253 50 90 3.8
253 75 185 2.8
254 0 0 2.4
254 25 60 1.2
254 50 90 3.8
254 75 185 2.8
255 0 0 2.4
255 25 60 1.2
255 50 90 3.8
255 75 185 2.8
256 0 0 2.4
256 25 60 1.2
256 50 90 3.8
256 75 185 2.8
257 0 0 2.4
257 25 60 1.2
257 50 90 3.8
257 75 185 2.8
258 0 0 2.4
258 25 60 1.2
258 50 90 3.8
258 75 185 2.8
259 0 0 2.4
259 25 60 1.2
259 50 90 3.8
259 75 185 2.8
260 0 0 2.4
260 25 60 1.2
260 50 90 3.8
260 75 185 2.8
261 0 0 2.4
261 25 60 1.2
261 50 90 3.8
261 75 185 2.8
262 0 0 2.4
262 25 60 1.2
262 50 90 3.8
262 75 185 2.8
263 0 0 2.4
263 25 60 1.2
263 50 90 3.8
263 75 185 2.8
264 0 0 2.4
264 25 60 1.2
264 50 90 3.8
264 75 185 2.8
265 0 0 2.4
265 25 60 1.2
265 50 90 3.8
265 75 185 2.8
266 0 0 2.4
266 25 60 1.2
266 50 90 3.8
266 75 185 2.8
267 0 0 2.4
267 25 60 1.2
267 50 90 3.8
267 75 185 2.8
268 0 0 2.4
268 25 60 1.2
268 50 90 3.8
268 75 185 2.8
269 0 0 2.4
269 25 60 1.2
269 50 90 3.8
269 75 185 2.8
270 0 0 2.4
270 25 60 1.2
270 50 90 3.8
270 75 185 2.8
271 0 0 2.4
271 25 60 1.2
271 50 90 3.8
271 75 185 2.8
272 0 0 2.4
272 25 60 1.2
272 50 90 3.8
272 75 185 2.8
273 0 0 2.4
273 25 60 1.2
273 50 90 3.8
273 75 185 2.8
274 0 0 2.4
274 25 60 1.2
274 50 90 3.8
274 75 185 2.8
275 0 0 2.4
275 25 60 1.2
275 50 90 3.8
275 75 185 2.8
276 0 0 2.4
276 25 60 1.2
276 50 90 3.8
276 75 185 2.8
277 0 0 2.4
277 25 60 1.2
277 50 90 3.8
277 75 185 2.8
278 0 0 2.4
278 25 60 1.2
278 50 90 3.8
278 75 185 2.8
279 0 0 2.4
279 25 60 1.2
279 50 90 3.8
279 75 185 2.8
280 0 0 2.4
280 25 60 1.2
280 50 90 3.8
280 75 185 2.8
281 0 0 2.4
281 25 60 1.2
281 50 90 3.8
281 75 185 2.8
282 0 0 2.4
282 25 60 1.2
282 50 90 3.8
282 75 185 2.8
283 0 0 2.4
283 25 60 1.2
283 50 90 3.8
283 75 185 2.8
284 0 0 2.4
284 25 60 1.2
284 50 90 3.8
284 75 185 2.8
285 0 0 2.4
285 25 60 1.2
285 50 90 3.8
285 75 185 2.8
286 0 0 2.4
286 25 60 1.2
286 50 90 3.8
286 75 185 2.8
287 0 0 2.4
287 25 60 1.2
287 50 90 3.8
287 75 185 2.8
288 0 0 2.4
288 25 60 1.2
288 50 90 3.8
288 75 185 2.8
289 0 0 2.4
289 25 60 1.2
289 50 90 3.8
289 75 185 2.8
290 0 0 2.4
290 25 60 1.2
290 50 90 3.8
290 75 185 2.8
291 0 0 2.4
291 25 60 1.2
291 50 90 3.8
291 75 185 2.8
292 0 0 2.4
292 25 60 1.2
292 50 90 3.8
292 75 185 2.8
293 0 0 2.4
293 25 60 1.2
293 50 90 3.8
293 75 185 2.8
294 0 0 2.4
294 25 60 1.2
294 50 90 3.8
294 75 185 2.8
295 0 0 2.4
295 25 60 1.2
295 50 90 3.8
295 75 185 2.8
296 0 0 2.4
296 25 60 1.2
296 50 90 3.8
296 75 185 2.8
297 0 0 2.4
297 25 60 1.2
297 50 90 3.8
297 75 185 2.8
298 0 0 2.4
298 25 60 1.2
298 50 90 3.8
298 75 185 2.8
299 0 0 2.4
299 25 60 1.2
299 50 90 3.8
299 75 185 2.8
300 0 0 2.4
300 25 60 1.2
300 50 90 3.8
300 75 185 2.8
301 0 0 2.4
301 25 60 1.2
301 50 90 3.8
301 75 185 2.8
302 0 0 2.4
302 25 60 1.2
302 50 90 3.8
302 75 185 2.8
303 0 0 2.4
303 25 60 1.2
303 50 90 3.8
303 75 185 2.8
304 0 0 2.4
304 25 60 1.2
304 50 90 3.8
304 75 185 2.8
305 0 0 2.4
305 25 60 1.2
305 50 90 3.8
305 75 185 2.8
306 0 0 2.4
306 25 60 1.2
306 50 90 3.8
306 75 185 2.8
307 0 0 2.4
307 25 60 1.2
307 50 90 3.8
307 75 185 2.8
308 0 0 2.4
308 25 60 1.2
308 50 90 3.8
308 75 185 2.8
309 0 0 2.4
309 25 60 1.2
309 50 90 3.8
309 75 185 2.8
310 0 0 2.4
310 25 60 1.2
310 50 90 3.8
310 75 185 2.8
311 0 0 2.4
311 25 60 1.2
311 50 90 3.8
311 75 185 2.8
312 0 0 2.4
312 25 60 1.2
312 50 90 3.8
312 75 185 2.8
313 0 0 2.4
313 25 60 1.2
313 50 90 3.8
313 75 185 2.8
314 0 0 2.4
314 25 60 1.2
314 50 90 3.8
314 75 185 2.8
315 0 0 2.4
315 25 60 1.2
315 50 90 3.8
315 75 185 2.8
316 0 0 2.4
316 25 60 1.2
316 50 90 3.8
316 75 185 2.8
317 0 0 2.4
317 25 60 1.2
317 50 90 3.8
317 75 185 2.8
318 0 0 2.4
318 25 60 1.2
318 50 90 3.8
318 75 185 2.8
319 0 0 2.4
319 25 60 1.2
319 50 90 3.8
319 75 185 2.8
320 0 0 2.4
320 25 60 1.2
320 50 90 3.8
320 75 185 2.8
321 0 0 2.4
321 25 60 1.2
321 50 90 3.8
321 75 185 2.8
322 0 0 2.4
322 25 60 1.2
322 50 90 3.8
322 75 185 2.8
323 0 0 2.4
323 25 60 1.2
323 50 90 3.8
323 75 185 2.8
324 0 0 2.4
324 25 60 1.2
324 50 90 3.8
324 75 185 2.8
325 0 0 2.4
325 25 60 1.2
325 50 90 3.8
325 75 185 2.8
326 0 0 2.4
326 25 60 1.2
326 50 90 3.8
326 75 185 2.8
327 0 0 2.4
327 25 60 1.2
327 50 90 3.8
327 75 185 2.8
328 0 0 2.4
328 25 60 1.2
328 50 90 3.8
328 75 185 2.8
329 0 0 2.4
329 25 60 1.2
329 50 90 3.8
329 75 185 2.8
330 0 0 2.4
330 25 60 1.2
330 50 90 3.8
330 75 185 2.8
331 0 0 2.4
331 25 60 1.2
331 50 90 3.8
331 75 185 2.8
332 0 0 2.4
332 25 60 1.2
332 50 90 3.8
332 75 185 2.8
333 0 0 2.4
333 25 60 1.2
333 50 90 3.8
333 75 185 2.8
334 0 0 2.4
334 25 60 1.2
334 50 90 3.8
334 75 185 2.8
335 0 0 2.4
335 25 60 1.2
335 50 90 3.8
335 75 185 2.8
336 0 0 2.4
336 25 60 1.2
336 50 90 3.8
336 75 185 2.8
337 0 0 2.4
337 25 60 1.2
337 50 90 3.8
337 75 185 2.8
338 0 0 2.4
338 25 60 1.2
338 50 90 3.8
338 75 185 2.8
339 0 0 2.4
339 25 60 1.2
339 50 90 3.8
339 75 185 2.8
340 0 0 2.4
340 25 60 1.2
340 50 90 3.8
340 75 185 2.8
341 0 0 2.4
341 25 60 1.2
341 50 90 3.8
341 75 185 2.8
342 0 0 2.4
342 25 60 1.2
342 50 90 3.8
342 75 185 2.8
343 0 0 2.4
343 25 60 1.2
343 50 90 3.8
343 75 185 2.8
344 0 0 2.4
344 25 60 1.2
344 50 90 3.8
344 75 185 2.8
345 0 0 2.4
345 25 60 1.2
345 50 90 3.8
345 75 185 2.8
346 0 0 2.4
346 25 60 1.2
346 50 90 3.8
346 75 185 2.8
347 0 0 2.4
347 25 60 1.2
347 50 90 3.8
347 75 185 2.8
348 0 0 2.4
348 25 60 1.2
348 50 90 3.8
348 75 185 2.8
349 0 0 2.4
349 25 60 1.2
349 50 90 3.8
349 75 185 2.8
350 0 0 2.4
350 25 60 1.2
350 50 90 3.8
350 75 185 2.8
351 0 0 2.4
351 25 60 1.2
351 50 90 3.8
351 75 185 2.8
352 0 0 2.4
352 25 60 1.2
352 50 90 3.8
352 75 185 2.8
353 0 0 2.4
353 25 60 1.2
353 50 90 3.8
353 75 185 2.8
354 0 0 2.4
354 25 60 1.2
354 50 90 3.8
354 75 185 2.8
355 0 0 2.4
355 25 60 1.2
355 50 90 3.8
355 75 185 2.8
356 0 0 2.4
356 25 60 1.2
356 50 90 3.8
356 75 185 2.8
357 0 0 2.4
357 25 60 1.2
357 50 90 3.8
357 75 185 2.8
358 0 0 2.4
358 25 60 1.2
358 50 90 3.8
358 75 185 2.8
359 0 0 2.4
359 25 60 1.2
359 50 90 3.8
359 75 185 2.8
360 0 0 2.4
360 25 60 1.2
360 50 90 3.8
360 75 185 2.8
361 0 0 2.4
361 25 60 1.2
361 50 90 3.8
361 75 185 2.8
362 0 0 2.4
362 25 60 1.2
362 50 90 3.8
362 75 185 2.8
363 0 0 2.4
363 25 60 1.2
363 50 90 3.8
363 75 185 2.8
364 0 0 2.4
364 25 60 1.2
364 50 90 3.8
364 75 185 2.8
365 0 0 2.4
365 25 60 1.2
365 50 90 3.8
365 75 185 2.8
366 0 0 2.4
366 25 60 1.2
366 50 90 3.8
366 75 185 2.8
367 0 0 2.4
367 25 60 1.2
367 50 90 3.8
367 75 185 2.8
368 0 0 2.4
368 25 60 1.2
368 50 90 3.8
368 75 185 2.8
369 0 0 2.4
369 25 60 1.2
369 50 90 3.8
369 75 185 2.8
370 0 0 2.4
370 25 60 1.2
370 50 90 3.8
370 75 185 2.8
371 0 0 2.4
371 25 60 1.2
371 50 90 3.8
371 75 185 2.8
372 0 0 2.4
372 25 60 1.2
372 50 90 3.8
372 75 185 2.8
373 0 0 2.4
373 25 60 1.2
373 50 90 3.8
373 75 185 2.8
374 0 0 2.4
374 25 60 1.2
374 50 90 3.8
374 75 185 2.8
375 0 0 2.4
375 25 60 1.2
375 50 90 3.8
375 75 185 2.8
376 0 0 2.4
376 25 60 1.2
376 50 90 3.8
376 75 185 2.8
377 0 0 2.4
377 25 60 1.2
377 50 90 3.8
377 75 185 2.8
378 0 0 2.4
378 25 60 1.2
378 50 90 3.8
378 75 185 2.8
379 0 0 2.4
379 25 60 1.2
379 50 90 3.8
379 75 185 2.8
380 0 0 2.4
380 25 60 1.2
380 50 90 3.8
380 75 185 2.8
381 0 0 2.4
381 25 60 1.2
381 50 90 3.8
381 75 185 2.8
382 0 0 2.4
382 25 60 1.2
382 50 90 3.8
382 75 185 2.8
383 0 0 2.4
383 25 60 1.2
383 50 90 3.8
383 75 185 2.8
384 0 0 2.4
384 25 60 1.2
384 50 90 3.8
384 75 185 2.8
385 0 0 2.4
385 25 60 1.2
385 50 90 3.8
385 75 185 2.8
386 0 0 2.4
386 25 60 1.2
386 50 90 3.8
386 75 185 2.8
387 0 0 2.4
387 25 60 1.2
387 50 90 3.8
387 75 185 2.8
388 0 0 2.4
388 25 60 1.2
388 50 90 3.8
388 75 185 2.8
389 0 0 2.4
389 25 60 1.2
389 50 90 3.8
389 75 185 2.8
390 0 0 2.4
390 25 60 1.2
390 50 90 3.8
390 75 185 2.8
391 0 0 2.4
391 25 60 1.2
391 50 90 3.8
391 75 185 2.8
392 0 0 2.4
392 25 60 1.2
392 50 90 3.8
392 75 185 2.8
393 0 0 2.4
393 25 60 1.2
393 50 90 3.8
393 75 185 2.8
394 0 0 2.4
394 25 60 1.2
394 50 90 3.8
394 75 185 2.8
395 0 0 2.4
395 25 60 1.2
395 50 90 3.8
395 75 185 2.8
396 0 0 2.4
396 25 60 1.2
396 50 90 3.8
396 75 185 2.8
397 0 0 2.4
397 25 60 1.2
397 50 90 3.8
397 75 185 2.8
398 0 0 2.4
398 25 60 1.2
398 50 90 3.8
398 75 185 2.8
399 0 0 2.4
399 25 60 1.2
399 50 90 3.8
399 75 185 2.8
400 0 0 2.4
400 25 60 1.2
400 50 90 3.8
400 75 185 2.8
401 0 0 2.4
401 25 60 1.2
401 50 90 3.8
401 75 185 2.8
402 0 0 2.4
402 25 60 1.2
402 50 90 3.8
402 75 185 2.8
403 0 0 2.4
403 25 60 1.2
403 50 90 3.8
403 75 185 2.8
404 0 0 2.4
404 25 60 1.2
404 50 90 3.8
404 75 185 2.8
405 0 0 2.4
405 25 60 1.2
405 50 90 3.8
405 75 185 2.8
406 0 0 2.4
406 25 60 1.2
406 50 90 3.8
406 75 185 2.8
407 0 0 2.4
407 25 60 1.2
407 50 90 3.8
407 75 185 2.8
408 0 0 2.4
408 25 60 1.2
408 50 90 3.8
408 75 185 2.8
409 0 0 2.4
409 25 60 1.2
409 50 90 3.8
409 75 185 2.8
410 0 0 2.4
410 25 60 1.2
410 50 90 3.8
410 75 185 2.8
411 0 0 2.4
411 25 60 1.2
411 50 90 3.8
411 75 185 2.8
412 0 0 2.4
412 25 60 1.2
412 50 90 3.8
412 75 185 2.8
413 0 0 2.4
413 25 60 1.2
413 50 90 3.8
413 75 185 2.8
414 0 0 2.4
414 25 60 1.2
414 50 90 3.8
414 75 185 2.8
415 0 0 2.4
415 25 60 1.2
415 50 90 3.8
415 75 185 2.8
416 0 0 2.4
416 25 60 1.2
416 50 90 3.8
416 75 185 2.8
417 0 0 2.4
417 25 60 1.2
417 50 90 3.8
417 75 185 2.8
418 0 0 2.4
418 25 60 1.2
418 50 90 3.8
418 75 185 2.8
419 0 0 2.4
419 25 60 1.2
419 50 90 3.8
419 75 185 2.8
420 0 0 2.4
420 25 60 1.2
420 50 90 3.8
420 75 185 2.8
421 0 0 2.4
421 25 60 1.2
421 50 90 3.8
421 75 185 2.8
422 0 0 2.4
422 25 60 1.2
422 50 90 3.8
422 75 185 2.8
423 0 0 2.4
423 25 60 1.2
423 50 90 3.8
423 75 185 2.8
424 0 0 2.4
424 25 60 1.2
424 50 90 3.8
424 75 185 2.8
425 0 0 2.4
425 25 60 1.2
425 50 90 3.8
425 75 185 2.8
426 0 0 2.4
426 25 60 1.2
426 50 90 3.8
426 75 185 2.8
427 0 0 2.4
427 25 60 1.2
427 50 90 3.8
427 75 185 2.8
428 0 0 2.4
428 25 60 1.2
428 50 90 3.8
428 75 185 2.8
429 0 0 2.4
429 25 60 1.2
429 50 90 3.8
429 75 185 2.8
430 0 0 2.4
430 25 60 1.2
430 50 90 3.8
430 75 185 2.8
431 0 0 2.4
431 25 60 1.2
431 50 90 3.8
431 75 185 2.8
432 0 0 2.4
432 25 60 1.2
432 50 90 3.8
432 75 185 2.8
433 0 0 2.4
433 25 60 1.2
433 50 90 3.8
433 75 185 2.8
434 0 0 2.4
434 25 60 1.2
434 50 90 3.8
434 75 185 2.8
435 0 0 2.4
435 25 60 1.2
435 50 90 3.8
435 75 185 2.8
436 0 0 2.4
436 25 60 1.2
436 50 90 3.8
436 75 185 2.8
437 0 0 2.4
437 25 60 1.2
437 50 90 3.8
437 75 185 2.8
438 0 0 2.4
438 25 60 1.2
438 50 90 3.8
438 75 185 2.8
439 0 0 2.4
439 25 60 1.2
439 50 90 3.8
439 75 185 2.8
440 0 0 2.4
440 25 60 1.2
440 50 90 3.8
440 75 185 2.8
441 0 0 2.4
441 25 60 1.2
441 50 90 3.8
441 75 185 2.8
442 0 0 2.4
442 25 60 1.2
442 50 90 3.8
442 75 185 2.8
443 0 0 2.4
443 25 60 1.2
443 50 90 3.8
443 75 185 2.8
444 0 0 2.4
444 25 60 1.2
444 50 90 3.8
444 75 185 2.8
445 0 0 2.4
445 25 60 1.2
445 50 90 3.8
445 75 185 2.8
446 0 0 2.4
446 25 60 1.2
446 50 90 3.8
446 75 185 2.8
447 0 0 2.4
447 25 60 1.2
447 50 90 3.8
447 75 185 2.8
448 0 0 2.4
448 25 60 1.2
448 50 90 3.8
448 75 185 2.8
449 0 0 2.4
449 25 60 1.2
449 50 90 3.8
449 75 185 2.8
450 0 0 2.4
450 25 60 1.2
450 50 90 3.8
450 75 185 2.8
451 0 0 2.4
451 25 60 1.2
451 50 90 3.8
451 75 185 2.8
452 0 0 2.4
452 25 60 1.2
452 50 90 3.8
452 75 185 2.8
453 0 0 2.4
453 25 60 1.2
453 50 90 3.8
453 75 185 2.8
454 0 0 2.4
454 25 60 1.2
454 50 90 3.8
454 75 185 2.8
455 0 0 2.4
455 25 60 1.2
455 50 90 3.8
455 75 185 2.8
456 0 0 2.4
456 25 60 1.2
456 50 90 3.8
456 75 185 2.8
457 0 0 2.4
457 25 60 1.2
457 50 90 3.8
457 75 185 2.8
458 0 0 2.4
458 25 60 1.2
458 50 90 3.8
458 75 185 2.8
459 0 0 2.4
459 25 60 1.2
459 50 90 3.8
459 75 185 2.8
460 0 0 2.4
460 25 60 1.2
460 50 90 3.8
460 75 185 2.8
461 0 0 2.4
461 25 60 1.2
461 50 90 3.8
461 75 185 2.8
462 0 0 2.4
462 25 60 1.2
462 50 90 3.8
462 75 185 2.8
463 0 0 2.4
463 25 60 1.2
463 50 90 3.8
463 75 185 2.8
464 0 0 2.4
464 25 60 1.2
464 50 90 3.8
464 75 185 2.8
465 0 0 2.4
465 25 60 1.2
465 50 90 3.8
465 75 185 2.8
466 0 0 2.4
466 25 60 1.2
466 50 90 3.8
466 75 185 2.8
467 0 0 2.4
467 25 60 1.2
467 50 90 3.8
467 75 185 2.8
468 0 0 2.4
468 25 60 1.2
468 50 90 3.8
468 75 185 2.8
469 0 0 2.4
469 25 60 1.2
469 50 90 3.8
469 75 185 2.8
470 0 0 2.4
470 25 60 1.2
470 50 90 3.8
470 75 185 2.8
471 0 0 2.4
471 25 60 1.2
471 50 90 3.8
471 75 185 2.8
472 0 0 2.4
472 25 60 1.2
472 50 90 3.8
472 75 185 2.8
473 0 0 2.4
473 25 60 1.2
473 50 90 3.8
473 75 185 2.8
474 0 0 2.4
474 25 60 1.2
474 50 90 3.8
474 75 185 2.8
475 0 0 2.4
475 25 60 1.2
475 50 90 3.8
475 75 185 2.8
476 0 0 2.4
476 25 60 1.2
476 50 90 3.8
476 75 185 2.8
477 0 0 2.4
477 25 60 1.2
477 50 90 3.8
477 75 185 2.8
478 0 0 2.4
478 25 60 1.2
478 50 90 3.8
478 75 185 2.8
479 0 0 2.4
479 25 60 1.2
479 50 90 3.8
479 75 185 2.8
480 0 0 2.4
480 25 60 1.2
480 50 90 3.8
480 75 185 2.8
481 0 0 2.4
481 25 60 1.2
481 50 90 3.8
481 75 185 2.8
482 0 0 2.4
482 25 60 1.2
482 50 90 3.8
482 75 185 2.8
483 0 0 2.4
483 25 60 1.2
483 50 90 3.8
483 75 185 2.8
484 0 0 2.4
484 25 60 1.2
484 50 90 3.8
484 75 185 2.8
485 0 0 2.4
485 25 60 1.2
485 50 90 3.8
485 75 185 2.8
486 0 0 2.4
486 25 60 1.2
486 50 90 3.8
486 75 185 2.8
487 0 0 2.4
487 25 60 1.2
487 50 90 3.8
487 75 185 2.8
488 0 0 2.4
488 25 60 1.2
488 50 90 3.8
488 75 185 2.8
489 0 0 2.4
489 25 60 1.2
489 50 90 3.8
489 75 185 2.8
490 0 0 2.4
490 25 60 1.2
490 50 90 3.8
490 75 185 2.8
491 0 0 2.4
491 25 60 1.2
491 50 90 3.8
491 75 185 2.8
492 0 0 2.4
492 25 60 1.2
492 50 90 3.8
492 75 185 2.8
493 0 0 2.4
493 25 60 1.2
493 50 90 3.8
493 75 185 2.8
494 0 0 2.4
494 25 60 1.2
494 50 90 3.8
494 75 185 2.8
495 0 0 2.4
495 25 60 1.2
495 50 90 3.8
495 75 185 2.8
496 0 0 2.4
496 25 60 1.2
496 50 90 3.8
496 75 185 2.8
497 0 0 2.4
497 25 60 1.2
497 50 90 3.8
497 75 185 2.8
498 0 0 2.4
498 25 60 1.2
498 50 90 3.8
498 75 185 2.8
499 0 0 2.4
499 25 60 1.2
499 50 90 3.8
499 75 185 2.8
500 0 0 2.4
500 25 60 1.2
500 50 90 3.8
500 75 185 2.8
501 0 0 2.4
501 25 60 1.2
501 50 90 3.8
501 75 185 2.8
502 0 0 2.4
502 25 60 1.2
502 50 90 3.8
502 75 185 2.8
503 0 0 2.4
503 25 60 1.2
503 50 90 3.8
503 75 185 2.8
504 0 0 2.4
504 25 60 1.2
504 50 90 3.8
504 75 185 2.8
505 0 0 2.4
505 25 60 1.2
505 50 90 3.8
505 75 185 2.8
506 0 0 2.4
506 25 60 1.2
506 50 90 3.8
506 75 185 2.8
507 0 0 2.4
507 25 60 1.2
507 50 90 3.8
507 75 185 2.8
508 0 0 2.4
508 25 60 1.2
508 50 90 3.8
508 75 185 2.8
509 0 0 2.4
509 25 60 1.2
509 50 90 3.8
509 75 185 2.8
510 0 0 2.4
510 25 60 1.2
510 50 90 3.8
510 75 185 2.8
511 0 0 2.4
511 25 60 1.2
511 50 90 3.8
511 75 185 2.8
512 0 0 2.4
512 25 60 1.2
512 50 90 3.8
512 75 185 2.8
513 0 0 2.4
513 25 60 1.2
513 50 90 3.8
513 75 185 2.8
514 0 0 2.4
514 25 60 1.2
514 50 90 3.8
514 75 185 2.8
515 0 0 2.4
515 25 60 1.2
515 50 90 3.8
515 75 185 2.8
516 0 0 2.4
516 25 60 1.2
516 50 90 3.8
516 75 185 2.8
517 0 0 2.4
517 25 60 1.2
517 50 90 3.8
517 75 185 2.8
518 0 0 2.4
518 25 60 1.2
518 50 90 3.8
518 75 185 2.8
519 0 0 2.4
519 25 60 1.2
519 50 90 3.8
519 75 185 2.8
520 0 0 2.4
520 25 60 1.2
520 50 90 3.8
520 75 185 2.8
521 0 0 2.4
521 25 60 1.2
521 50 90 3.8
521 75 185 2.8
522 0 0 2.4
522 25 60 1.2
522 50 90 3.8
522 75 185 2.8
523 0 0 2.4
523 25 60 1.2
523 50 90 3.8
523 75 185 2.8
524 0 0 2.4
524 25 60 1.2
524 50 90 3.8
524 75 185 2.8
525 0 0 2.4
525 25 60 1.2
525 50 90 3.8
525 75 185 2.8
526 0 0 2.4
526 25 60 1.2
526 50 90 3.8
526 75 185 2.8
527 0 0 2.4
527 25 60 1.2
527 50 90 3.8
527 75 185 2.8
528 0 0 2.4
528 25 60 1.2
528 50 90 3.8
528 75 185 2.8
529 0 0 2.4
529 25 60 1.2
529 50 90 3.8
529 75 185 2.8
530 0 0 2.4
530 25 60 1.2
530 50 90 3.8
530 75 185 2.8
531 0 0 2.4
531 25 60 1.2
531 50 90 3.8
531 75 185 2.8
532 0 0 2.4
532 25 60 1.2
532 50 90 3.8
532 75 185 2.8
533 0 0 2.4
533 25 60 1.2
533 50 90 3.8
533 75 185 2.8
534 0 0 2.4
534 25 60 1.2
534 50 90 3.8
534 75 185 2.8
535 0 0 2.4
535 25 60 1.2
535 50 90 3.8
535 75 185 2.8
536 0 0 2.4
536 25 60 1.2
536 50 90 3.8
536 75 185 2.8
537 0 0 2.4
537 25 60 1.2
537 50 90 3.8
537 75 185 2.8
538 0 0 2.4
538 25 60 1.2
538 50 90 3.8
538 75 185 2.8
539 0 0 2.4
539 25 60 1.2
539 50 90 3.8
539 75 185 2.8
540 0 0 2.4
540 25 60 1.2
540 50 90 3.8
540 75 185 2.8
541 0 0 2.4
541 25 60 1.2
541 50 90 3.8
541 75 185 2.8
542 0 0 2.4
542 25 60 1.2
542 50 90 3.8
542 75 185 2.8
543 0 0 2.4
543 25 60 1.2
543 50 90 3.8
543 75 185 2.8
544 0 0 2.4
544 25 60 1.2
544 50 90 3.8
544 75 185 2.8
545 0 0 2.4
545 25 60 1.2
545 50 90 3.8
545 75 185 2.8
546 0 0 2.4
546 25 60 1.2
546 50 90 3.8
546 75 185 2.8
547 0 0 2.4
547 25 60 1.2
547 50 90 3.8
547 75 185 2.8
548 0 0 2.4
548 25 60 1.2
548 50 90 3.8
548 75 185 2.8
549 0 0 2.4
549 25 60 1.2
549 50 90 3.8
549 75 185 2.8
550 0 0 2.4
550 25 60 1.2
550 50 90 3.8
550 75 185 2.8
551 0 0 2.4
551 25 60 1.2
551 50 90 3.8
551 75 185 2.8
552 0 0 2.4
552 25 60 1.2
552 50 90 3.8
552 75 185 2.8
553 0 0 2.4
553 25 60 1.2
553 50 90 3.8
553 75 185 2.8
554 0 0 2.4
554 25 60 1.2
554 50 90 3.8
554 75 185 2.8
555 0 0 2.4
555 25 60 1.2
555 50 90 3.8
555 75 185 2.8
556 0 0 2.4
556 25 60 1.2
556 50 90 3.8
556 75 185 2.8
557 0 0 2.4
557 25 60 1.2
557 50 90 3.8
557 75 185 2.8
558 0 0 2.4
558 25 60 1.2
558 50 90 3.8
558 75 185 2.8
559 0 0 2.4
559 25 60 1.2
559 50 90 3.8
559 75 185 2.8
560 0 0 2.4
560 25 60 1.2
560 50 90 3.8
560 75 185 2.8
561 0 0 2.4
561 25 60 1.2
561 50 90 3.8
561 75 185 2.8
562 0 0 2.4
562 25 60 1.2
562 50 90 3.8
562 75 185 2.8
563 0 0 2.4
563 25 60 1.2
563 50 90 3.8
563 75 185 2.8
564 0 0 2.4
564 25 60 1.2
564 50 90 3.8
564 75 185 2.8
565 0 0 2.4
565 25 60 1.2
565 50 90 3.8
565 75 185 2.8
566 0 0 2.4
566 25 60 1.2
566 50 90 3.8
566 75 185 2.8
567 0 0 2.4
567 25 60 1.2
567 50 90 3.8
567 75 185 2.8
568 0 0 2.4
568 25 60 1.2
568 50 90 3.8
568 75 185 2.8
569 0 0 2.4
569 25 60 1.2
569 50 90 3.8
569 75 185 2.8
570 0 0 2.4
570 25 60 1.2
570 50 90 3.8
570 75 185 2.8
571 0 0 2.4
571 25 60 1.2
571 50 90 3.8
571 75 185 2.8
572 0 0 2.4
572 25 60 1.2
572 50 90 3.8
572 75 185 2.8
573 0 0 2.4
573 25 60 1.2
573 50 90 3.8
573 75 185 2.8
574 0 0 2.4
574 25 60 1.2
574 50 90 3.8
574 75 185 2.8
575 0 0 2.4
575 25 60 1.2
575 50 90 3.8
575 75 185 2.8
576 0 0 2.4
576 25 60 1.2
576 50 90 3.8
576 75 185 2.8
577 0 0 2.4
577 25 60 1.2
577 50 90 3.8
577 75 185 2.8
578 0 0 2.4
578 25 60 1.2
578 50 90 3.8
578 75 185 2.8
579 0 0 2.4
579 25 60 1.2
579 50 90 3.8
579 75 185 2.8
580 0 0 2.4
580 25 60 1.2
580 50 90 3.8
580 75 185 2.8
581 0 0 2.4
581 25 60 1.2
581 50 90 3.8
581 75 185 2.8
582 0 0 2.4
582 25 60 1.2
582 50 90 3.8
582 75 185 2.8
583 0 0 2.4
583 25 60 1.2
583 50 90 3.8
583 75 185 2.8
584 0 0 2.4
584 25 60 1.2
584 50 90 3.8
584 75 185 2.8
585 0 0 2.4
585 25 60 1.2
585 50 90 3.8
585 75 185 2.8
586 0 0 2.4
586 25 60 1.2
586 50 90 3.8
586 75 185 2.8
587 0 0 2.4
587 25 60 1.2
587 50 90 3.8
587 75 185 2.8
588 0 0 2.4
588 25 60 1.2
588 50 90 3.8
588 75 185 2.8
589 0 0 2.4
589 25 60 1.2
589 50 90 3.8
589 75 185 2.8
590 0 0 2.4
590 25 60 1.2
590 50 90 3.8
590 75 185 2.8
591 0 0 2.4
591 25 60 1.2
591 50 90 3.8
591 75 185 2.8
592 0 0 2.4
592 25 60 1.2
592 50 90 3.8
592 75 185 2.8
593 0 0 2.4
593 25 60 1.2
593 50 90 3.8
593 75 185 2.8
594 0 0 2.4
594 25 60 1.2
594 50 90 3.8
594 75 185 2.8
595 0 0 2.4
595 25 60 1.2
595 50 90 3.8
595 75 185 2.8
596 0 0 2.4
596 25 60 1.2
596 50 90 3.8
596 75 185 2.8
597 0 0 2.4
597 25 60 1.2
597 50 90 3.8
597 75 185 2.8
598 0 0 2.4
598 25 60 1.2
598 50 90 3.8
598 75 185 2.8
599 0 0 2.4
599 25 60 1.2
599 50 90 3.8
599 75 185 2.8
600 0 0 2.4
600 25 60 1.2
600 50 90 3.8
600 75 185 2.8
601 0 0 2.4
601 25 60 1.2
601 50 90 3.8
601 75 185 2.8
602 0 0 2.4
602 25 60 1.2
602 50 90 3.8
602 75 185 2.8
603 0 0 2.4
603 25 60 1.2
603 50 90 3.8
603 75 185 2.8
604 0 0 2.4
604 25 60 1.2
604 50 90 3.8
604 75 185 2.8
605 0 0 2.4
605 25 60 1.2
605 50 90 3.8
605 75 185 2.8
606 0 0 2.4
606 25 60 1.2
606 50 90 3.8
606 75 185 2.8
607 0 0 2.4
607 25 60 1.2
607 50 90 3.8
607 75 185 2.8
608 0 0 2.4
608 25 60 1.2
608 50 90 3.8
608 75 185 2.8
609 0 0 2.4
609 25 60 1.2
609 50 90 3.8
609 75 185 2.8
610 0 0 2.4
610 25 60 1.2
610 50 90 3.8
610 75 185 2.8
611 0 0 2.4
611 25 60 1.2
611 50 90 3.8
611 75 185 2.8
612 0 0 2.4
612 25 60 1.2
612 50 90 3.8
612 75 185 2.8
613 0 0 2.4
613 25 60 1.2
613 50 90 3.8
613 75 185 2.8
614 0 0 2.4
614 25 60 1.2
614 50 90 3.8
614 75 185 2.8
615 0 0 2.4
615 25 60 1.2
615 50 90 3.8
615 75 185 2.8
616 0 0 2.4
616 25 60 1.2
616 50 90 3.8
616 75 185 2.8
617 0 0 2.4
617 25 60 1.2
617 50 90 3.8
617 75 185 2.8
618 0 0 2.4
618 25 60 1.2
618 50 90 3.8
618 75 185 2.8
619 0 0 2.4
619 25 60 1.2
619 50 90 3.8
619 75 185 2.8
620 0 0 2.4
620 25 60 1.2
620 50 90 3.8
620 75 185 2.8
621 0 0 2.4
621 25 60 1.2
621 50 90 3.8
621 75 185 2.8
622 0 0 2.4
622 25 60 1.2
622 50 90 3.8
622 75 185 2.8
623 0 0 2.4
623 25 60 1.2
623 50 90 3.8
623 75 185 2.8
624 0 0 2.4
624 25 60 1.2
624 50 90 3.8
624 75 185 2.8
625 0 0 2.4
625 25 60 1.2
625 50 90 3.8
625 75 185 2.8
626 0 0 2.4
626 25 60 1.2
626 50 90 3.8
626 75 185 2.8
627 0 0 2.4
627 25 60 1.2
627 50 90 3.8
627 75 185 2.8
628 0 0 2.4
628 25 60 1.2
628 50 90 3.8
628 75 185 2.8
629 0 0 2.4
629 25 60 1.2
629 50 90 3.8
629 75 185 2.8
630 0 0 2.4
630 25 60 1.2
630 50 90 3.8
630 75 185 2.8
631 0 0 2.4
631 25 60 1.2
631 50 90 3.8
631 75 185 2.8
632 0 0 2.4
632 25 60 1.2
632 50 90 3.8
632 75 185 2.8
633 0 0 2.4
633 25 60 1.2
633 50 90 3.8
633 75 185 2.8
634 0 0 2.4
634 25 60 1.2
634 50 90 3.8
634 75 185 2.8
635 0 0 2.4
635 25 60 1.2
635 50 90 3.8
635 75 185 2.8
636 0 0 2.4
636 25 60 1.2
636 50 90 3.8
636 75 185 2.8
637 0 0 2.4
637 25 60 1.2
637 50 90 3.8
637 75 185 2.8
638 0 0 2.4
638 25 60 1.2
638 50 90 3.8
638 75 185 2.8
639 0 0 2.4
639 25 60 1.2
639 50 90 3.8
639 75 185 2.8
640 0 0 2.4
640 25 60 1.2
640 50 90 3.8
640 75 185 2.8
641 0 0 2.4
641 25 60 1.2
641 50 90 3.8
641 75 185 2.8
642 0 0 2.4
642 25 60 1.2
642 50 90 3.8
642 75 185 2.8
643 0 0 2.4
643 25 60 1.2
643 50 90 3.8
643 75 185 2.8
644 0 0 2.4
644 25 60 1.2
644 50 90 3.8
644 75 185 2.8
645 0 0 2.4
645 25 60 1.2
645 50 90 3.8
645 75 185 2.8
646 0 0 2.4
646 25 60 1.2
646 50 90 3.8
646 75 185 2.8
647 0 0 2.4
647 25 60 1.2
647 50 90 3.8
647 75 185 2.8
648 0 0 2.4
648 25 60 1.2
648 50 90 3.8
648 75 185 2.8
649 0 0 2.4
649 25 60 1.2
649 50 90 3.8
649 75 185 2.8
650 0 0 2.4
650 25 60 1.2
650 50 90 3.8
650 75 185 2.8
651 0 0 2.4
651 25 60 1.2
651 50 90 3.8
651 75 185 2.8
652 0 0 2.4
652 25 60 1.2
652 50 90 3.8
652 75 185 2.8
653 0 0 2.4
653 25 60 1.2
653 50 90 3.8
653 75 185 2.8
654 0 0 2.4
654 25 60 1.2
654 50 90 3.8
654 75 185 2.8
655 0 0 2.4
655 25 60 1.2
655 50 90 3.8
655 75 185 2.8
656 0 0 2.4
656 25 60 1.2
656 50 90 3.8
656 75 185 2.8
657 0 0 2.4
657 25 60 1.2
657 50 90 3.8
657 75 185 2.8
658 0 0 2.4
658 25 60 1.2
658 50 90 3.8
658 75 185 2.8
659 0 0 2.4
659 25 60 1.2
659 50 90 3.8
659 75 185 2.8
660 0 0 2.4
660 25 60 1.2
660 50 90 3.8
660 75 185 2.8
661 0 0 2.4
661 25 60 1.2
661 50 90 3.8
661 75 185 2.8
662 0 0 2.4
662 25 60 1.2
662 50 90 3.8
662 75 185 2.8
663 0 0 2.4
663 25 60 1.2
663 50 90 3.8
663 75 185 2.8
664 0 0 2.4
664 25 60 1.2
664 50 90 3.8
664 75 185 2.8
665 0 0 2.4
665 25 60 1.2
665 50 90 3.8
665 75 185 2.8
666 0 0 2.4
666 25 60 1.2
666 50 90 3.8
666 75 185 2.8
667 0 0 2.4
667 25 60 1.2
667 50 90 3.8
667 75 185 2.8
668 0 0 2.4
668 25 60 1.2
668 50 90 3.8
668 75 185 2.8
669 0 0 2.4
669 25 60 1.2
669 50 90 3.8
669 75 185 2.8
670 0 0 2.4
670 25 60 1.2
670 50 90 3.8
670 75 185 2.8
671 0 0 2.4
671 25 60 1.2
671 50 90 3.8
671 75 185 2.8
672 0 0 2.4
672 25 60 1.2
672 50 90 3.8
672 75 185 2.8
673 0 0 2.4
673 25 60 1.2
673 50 90 3.8
673 75 185 2.8
674 0 0 2.4
674 25 60 1.2
674 50 90 3.8
674 75 185 2.8
675 0 0 2.4
675 25 60 1.2
675 50 90 3.8
675 75 185 2.8
676 0 0 2.4
676 25 60 1.2
676 50 90 3.8
676 75 185 2.8
677 0 0 2.4
677 25 60 1.2
677 50 90 3.8
677 75 185 2.8
678 0 0 2.4
678 25 60 1.2
678 50 90 3.8
678 75 185 2.8
679 0 0 2.4
679 25 60 1.2
679 50 90 3.8
679 75 185 2.8
680 0 0 2.4
680 25 60 1.2
680 50 90 3.8
680 75 185 2.8
681 0 0 2.4
681 25 60 1.2
681 50 90 3.8
681 75 185 2.8
682 0 0 2.4
682 25 60 1.2
682 50 90 3.8
682 75 185 2.8
683 0 0 2.4
683 25 60 1.2
683 50 90 3.8
683 75 185 2.8
684 0 0 2.4
684 25 60 1.2
684 50 90 3.8
684 75 185 2.8
685 0 0 2.4
685 25 60 1.2
685 50 90 3.8
685 75 185 2.8
686 0 0 2.4
686 25 60 1.2
686 50 90 3.8
686 75 185 2.8
687 0 0 2.4
687 25 60 1.2
687 50 90 3.8
687 75 185 2.8
688 0 0 2.4
688 25 60 1.2
688 50 90 3.8
688 75 185 2.8
689 0 0 2.4
689 25 60 1.2
689 50 90 3.8
689 75 185 2.8
690 0 0 2.4
690 25 60 1.2
690 50 90 3.8
690 75 185 2.8
691 0 0 2.4
691 25 60 1.2
691 50 90 3.8
691 75 185 2.8
692 0 0 2.4
692 25 60 1.2
692 50 90 3.8
692 75 185 2.8
693 0 0 2.4
693 25 60 1.2
693 50 90 3.8
693 75 185 2.8
694 0 0 2.4
694 25 60 1.2
694 50 90 3.8
694 75 185 2.8
695 0 0 2.4
695 25 60 1.2
695 50 90 3.8
695 75 185 2.8
696 0 0 2.4
696 25 60 1.2
696 50 90 3.8
696 75 185 2.8
697 0 0 2.4
697 25 60 1.2
697 50 90 3.8
697 75 185 2.8
698 0 0 2.4
698 25 60 1.2
698 50 90 3.8
698 75 185 2.8
699 0 0 2.4
699 25 60 1.2
699 50 90 3.8
699 75 185 2.8
700 0 0 2.4
700 25 60 1.2
700 50 90 3.8
700 75 185 2.8
701 0 0 2.4
701 25 60 1.2
701 50 90 3.8
701 75 185 2.8
702 0 0 2.4
702 25 60 1.2
702 50 90 3.8
702 75 185 2.8
703 0 0 2.4
703 25 60 1.2
703 50 90 3.8
703 75 185 2.8
704 0 0 2.4
704 25 60 1.2
704 50 90 3.8
704 75 185 2.8
705 0 0 2.4
705 25 60 1.2
705 50 90 3.8
705 75 185 2.8
706 0 0 2.4
706 25 60 1.2
706 50 90 3.8
706 75 185 2.8
707 0 0 2.4
707 25 60 1.2
707 50 90 3.8
707 75 185 2.8
708 0 0 2.4
708 25 60 1.2
708 50 90 3.8
708 75 185 2.8
709 0 0 2.4
709 25 60 1.2
709 50 90 3.8
709 75 185 2.8
710 0 0 2.4
710 25 60 1.2
710 50 90 3.8
710 75 185 2.8
711 0 0 2.4
711 25 60 1.2
711 50 90 3.8
711 75 185 2.8
712 0 0 2.4
712 25 60 1.2
712 50 90 3.8
712 75 185 2.8
713 0 0 2.4
713 25 60 1.2
713 50 90 3.8
713 75 185 2.8
714 0 0 2.4
714 25 60 1.2
714 50 90 3.8
714 75 185 2.8
715 0 0 2.4
715 25 60 1.2
715 50 90 3.8
715 75 185 2.8
716 0 0 2.4
716 25 60 1.2
716 50 90 3.8
716 75 185 2.8
717 0 0 2.4
717 25 60 1.2
717 50 90 3.8
717 75 185 2.8
718 0 0 2.4
718 25 60 1.2
718 50 90 3.8
718 75 185 2.8
719 0 0 2.4
719 25 60 1.2
719 50 90 3.8
719 75 185 2.8
720 0 0 2.4
720 25 60 1.2
720 50 90 3.8
720 75 185 2.8
721 0 0 2.4
721 25 60 1.2
721 50 90 3.8
721 75 185 2.8
722 0 0 2.4
722 25 60 1.2
722 50 90 3.8
722 75 185 2.8
723 0 0 2.4
723 25 60 1.2
723 50 90 3.8
723 75 185 2.8
724 0 0 2.4
724 25 60 1.2
724 50 90 3.8
724 75 185 2.8
725 0 0 2.4
725 25 60 1.2
725 50 90 3.8
725 75 185 2.8
726 0 0 2.4
726 25 60 1.2
726 50 90 3.8
726 75 185 2.8
727 0 0 2.4
727 25 60 1.2
727 50 90 3.8
727 75 185 2.8
728 0 0 2.4
728 25 60 1.2
728 50 90 3.8
728 75 185 2.8
729 0 0 2.4
729 25 60 1.2
729 50 90 3.8
729 75 185 2.8
730 0 0 2.4
730 25 60 1.2
730 50 90 3.8
730 75 185 2.8
731 0 0 2.4
731 25 60 1.2
731 50 90 3.8
731 75 185 2.8
732 0 0 2.4
732 25 60 1.2
732 50 90 3.8
732 75 185 2.8
733 0 0 2.4
733 25 60 1.2
733 50 90 3.8
733 75 185 2.8
734 0 0 2.4
734 25 60 1.2
734 50 90 3.8
734 75 185 2.8
735 0 0 2.4
735 25 60 1.2
735 50 90 3.8
735 75 185 2.8
736 0 0 2.4
736 25 60 1.2
736 50 90 3.8
736 75 185 2.8
737 0 0 2.4
737 25 60 1.2
737 50 90 3.8
737 75 185 2.8
738 0 0 2.4
738 25 60 1.2
738 50 90 3.8
738 75 185 2.8
739 0 0 2.4
739 25 60 1.2
739 50 90 3.8
739 75 185 2.8
740 0 0 2.4
740 25 60 1.2
740 50 90 3.8
740 75 185 2.8
741 0 0 2.4
741 25 60 1.2
741 50 90 3.8
741 75 185 2.8
742 0 0 2.4
742 25 60 1.2
742 50 90 3.8
742 75 185 2.8
743 0 0 2.4
743 25 60 1.2
743 50 90 3.8
743 75 185 2.8
744 0 0 2.4
744 25 60 1.2
744 50 90 3.8
744 75 185 2.8
745 0 0 2.4
745 25 60 1.2
745 50 90 3.8
745 75 185 2.8
746 0 0 2.4
746 25 60 1.2
746 50 90 3.8
746 75 185 2.8
747 0 0 2.4
747 25 60 1.2
747 50 90 3.8
747 75 185 2.8
748 0 0 2.4
748 25 60 1.2
748 50 90 3.8
748 75 185 2.8
749 0 0 2.4
749 25 60 1.2
749 50 90 3.8
749 75 185 2.8
750 0 0 2.4
750 25 60 1.2
750 50 90 3.8
750 75 185 2.8
751 0 0 2.4
751 25 60 1.2
751 50 90 3.8
751 75 185 2.8
752 0 0 2.4
752 25 60 1.2
752 50 90 3.8
752 75 185 2.8
753 0 0 2.4
753 25 60 1.2
753 50 90 3.8
753 75 185 2.8
754 0 0 2.4
754 25 60 1.2
754 50 90 3.8
754 75 185 2.8
755 0 0 2.4
755 25 60 1.2
755 50 90 3.8
755 75 185 2.8
756 0 0 2.4
756 25 60 1.2
756 50 90 3.8
756 75 185 2.8
757 0 0 2.4
757 25 60 1.2
757 50 90 3.8
757 75 185 2.8
758 0 0 2.4
758 25 60 1.2
758 50 90 3.8
758 75 185 2.8
759 0 0 2.4
759 25 60 1.2
759 50 90 3.8
759 75 185 2.8
760 0 0 2.4
760 25 60 1.2
760 50 90 3.8
760 75 185 2.8
761 0 0 2.4
761 25 60 1.2
761 50 90 3.8
761 75 185 2.8
762 0 0 2.4
762 25 60 1.2
762 50 90 3.8
762 75 185 2.8
763 0 0 2.4
763 25 60 1.2
763 50 90 3.8
763 75 185 2.8
764 0 0 2.4
764 25 60 1.2
764 50 90 3.8
764 75 185 2.8
765 0 0 2.4
765 25 60 1.2
765 50 90 3.8
765 75 185 2.8
766 0 0 2.4
766 25 60 1.2
766 50 90 3.8
766 75 185 2.8
767 0 0 2.4
767 25 60 1.2
767 50 90 3.8
767 75 185 2.8
768 0 0 2.4
768 25 60 1.2
768 50 90 3.8
768 75 185 2.8
769 0 0 2.4
769 25 60 1.2
769 50 90 3.8
769 75 185 2.8
770 0 0 2.4
770 25 60 1.2
770 50 90 3.8
770 75 185 2.8
771 0 0 2.4
771 25 60 1.2
771 50 90 3.8
771 75 185 2.8
772 0 0 2.4
772 25 60 1.2
772 50 90 3.8
772 75 185 2.8
773 0 0 2.4
773 25 60 1.2
773 50 90 3.8
773 75 185 2.8
774 0 0 2.4
774 25 60 1.2
774 50 90 3.8
774 75 185 2.8
775 0 0 2.4
775 25 60 1.2
775 50 90 3.8
775 75 185 2.8
776 0 0 2.4
776 25 60 1.2
776 50 90 3.8
776 75 185 2.8
777 0 0 2.4
777 25 60 1.2
777 50 90 3.8
777 75 185 2.8
778 0 0 2.4
778 25 60 1.2
778 50 90 3.8
778 75 185 2.8
779 0 0 2.4
779 25 60 1.2
779 50 90 3.8
779 75 185 2.8
780 0 0 2.4
780 25 60 1.2
780 50 90 3.8
780 75 185 2.8
781 0 0 2.4
781 25 60 1.2
781 50 90 3.8
781 75 185 2.8
782 0 0 2.4
782 25 60 1.2
782 50 90 3.8
782 75 185 2.8
783 0 0 2.4
783 25 60 1.2
783 50 90 3.8
783 75 185 2.8
784 0 0 2.4
784 25 60 1.2
784 50 90 3.8
784 75 185 2.8
785 0 0 2.4
785 25 60 1.2
785 50 90 3.8
785 75 185 2.8
786 0 0 2.4
786 25 60 1.2
786 50 90 3.8
786 75 185 2.8
787 0 0 2.4
787 25 60 1.2
787 50 90 3.8
787 75 185 2.8
788 0 0 2.4
788 25 60 1.2
788 50 90 3.8
788 75 185 2.8
789 0 0 2.4
789 25 60 1.2
789 50 90 3.8
789 75 185 2.8
790 0 0 2.4
790 25 60 1.2
790 50 90 3.8
790 75 185 2.8
791 0 0 2.4
791 25 60 1.2
791 50 90 3.8
791 75 185 2.8
792 0 0 2.4
792 25 60 1.2
792 50 90 3.8
792 75 185 2.8
793 0 0 2.4
793 25 60 1.2
793 50 90 3.8
793 75 185 2.8
794 0 0 2.4
794 25 60 1.2
794 50 90 3.8
794 75 185 2.8
795 0 0 2.4
795 25 60 1.2
795 50 90 3.8
795 75 185 2.8
796 0 0 2.4
796 25 60 1.2
796 50 90 3.8
796 75 185 2.8
797 0 0 2.4
797 25 60 1.2
797 50 90 3.8
797 75 185 2.8
798 0 0 2.4
798 25 60 1.2
798 50 90 3.8
798 75 185 2.8
799 0 0 2.4
799 25 60 1.2
799 50 90 3.8
799 75 185 2.8
800 0 0 2.4
800 25 60 1.2
800 50 90 3.8
800 75 185 2.8
801 0 0 2.4
801 25 60 1.2
801 50 90 3.8
801 75 185 2.8
802 0 0 2.4
802 25 60 1.2
802 50 90 3.8
802 75 185 2.8
803 0 0 2.4
803 25 60 1.2
803 50 90 3.8
803 75 185 2.8
804 0 0 2.4
804 25 60 1.2
804 50 90 3.8
804 75 185 2.8
805 0 0 2.4
805 25 60 1.2
805 50 90 3.8
805 75 185 2.8
806 0 0 2.4
806 25 60 1.2
806 50 90 3.8
806 75 185 2.8
807 0 0 2.4
807 25 60 1.2
807 50 90 3.8
807 75 185 2.8
808 0 0 2.4
808 25 60 1.2
808 50 90 3.8
808 75 185 2.8
809 0 0 2.4
809 25 60 1.2
809 50 90 3.8
809 75 185 2.8
810 0 0 2.4
810 25 60 1.2
810 50 90 3.8
810 75 185 2.8
811 0 0 2.4
811 25 60 1.2
811 50 90 3.8
811 75 185 2.8
812 0 0 2.4
812 25 60 1.2
812 50 90 3.8
812 75 185 2.8
813 0 0 2.4
813 25 60 1.2
813 50 90 3.8
813 75 185 2.8
814 0 0 2.4
814 25 60 1.2
814 50 90 3.8
814 75 185 2.8
815 0 0 2.4
815 25 60 1.2
815 50 90 3.8
815 75 185 2.8
816 0 0 2.4
816 25 60 1.2
816 50 90 3.8
816 75 185 2.8
817 0 0 2.4
817 25 60 1.2
817 50 90 3.8
817 75 185 2.8
818 0 0 2.4
818 25 60 1.2
818 50 90 3.8
818 75 185 2.8
819 0 0 2.4
819 25 60 1.2
819 50 90 3.8
819 75 185 2.8
820 0 0 2.4
820 25 60 1.2
820 50 90 3.8
820 75 185 2.8
821 0 0 2.4
821 25 60 1.2
821 50 90 3.8
821 75 185 2.8
822 0 0 2.4
822 25 60 1.2
822 50 90 3.8
822 75 185 2.8
823 0 0 2.4
823 25 60 1.2
823 50 90 3.8
823 75 185 2.8
824 0 0 2.4
824 25 60 1.2
824 50 90 3.8
824 75 185 2.8
825 0 0 2.4
825 25 60 1.2
825 50 90 3.8
825 75 185 2.8
826 0 0 2.4
826 25 60 1.2
826 50 90 3.8
826 75 185 2.8
827 0 0 2.4
827 25 60 1.2
827 50 90 3.8
827 75 185 2.8
828 0 0 2.4
828 25 60 1.2
828 50 90 3.8
828 75 185 2.8
829 0 0 2.4
829 25 60 1.2
829 50 90 3.8
829 75 185 2.8
830 0 0 2.4
830 25 60 1.2
830 50 90 3.8
830 75 185 2.8
831 0 0 2.4
831 25 60 1.2
831 50 90 3.8
831 75 185 2.8
832 0 0 2.4
832 25 60 1.2
832 50 90 3.8
832 75 185 2.8
833 0 0 2.4
833 25 60 1.2
833 50 90 3.8
833 75 185 2.8
834 0 0 2.4
834 25 60 1.2
834 50 90 3.8
834 75 185 2.8
835 0 0 2.4
835 25 60 1.2
835 50 90 3.8
835 75 185 2.8
836 0 0 2.4
836 25 60 1.2
836 50 90 3.8
836 75 185 2.8
837 0 0 2.4
837 25 60 1.2
837 50 90 3.8
837 75 185 2.8
838 0 0 2.4
838 25 60 1.2
838 50 90 3.8
838 75 185 2.8
839 0 0 2.4
839 25 60 1.2
839 50 90 3.8
839 75 185 2.8
840 0 0 2.4
840 25 60 1.2
840 50 90 3.8
840 75 185 2.8
841 0 0 2.4
841 25 60 1.2
841 50 90 3.8
841 75 185 2.8
842 0 0 2.4
842 25 60 1.2
842 50 90 3.8
842 75 185 2.8
843 0 0 2.4
843 25 60 1.2
843 50 90 3.8
843 75 185 2.8
844 0 0 2.4
844 25 60 1.2
844 50 90 3.8
844 75 185 2.8
845 0 0 2.4
845 25 60 1.2
845 50 90 3.8
845 75 185 2.8
846 0 0 2.4
846 25 60 1.2
846 50 90 3.8
846 75 185 2.8
847 0 0 2.4
847 25 60 1.2
847 50 90 3.8
847 75 185 2.8
848 0 0 2.4
848 25 60 1.2
848 50 90 3.8
848 75 185 2.8
849 0 0 2.4
849 25 60 1.2
849 50 90 3.8
849 75 185 2.8
850 0 0 2.4
850 25 60 1.2
850 50 90 3.8
850 75 185 2.8
851 0 0 2.4
851 25 60 1.2
851 50 90 3.8
851 75 185 2.8
852 0 0 2.4
852 25 60 1.2
852 50 90 3.8
852 75 185 2.8
853 0 0 2.4
853 25 60 1.2
853 50 90 3.8
853 75 185 2.8
854 0 0 2.4
854 25 60 1.2
854 50 90 3.8
854 75 185 2.8
855 0 0 2.4
855 25 60 1.2
855 50 90 3.8
855 75 185 2.8
856 0 0 2.4
856 25 60 1.2
856 50 90 3.8
856 75 185 2.8
857 0 0 2.4
857 25 60 1.2
857 50 90 3.8
857 75 185 2.8
858 0 0 2.4
858 25 60 1.2
858 50 90 3.8
858 75 185 2.8
859 0 0 2.4
859 25 60 1.2
859 50 90 3.8
859 75 185 2.8
860 0 0 2.4
860 25 60 1.2
860 50 90 3.8
860 75 185 2.8
861 0 0 2.4
861 25 60 1.2
861 50 90 3.8
861 75 185 2.8
862 0 0 2.4
862 25 60 1.2
862 50 90 3.8
862 75 185 2.8
863 0 0 2.4
863 25 60 1.2
863 50 90 3.8
863 75 185 2.8
864 0 0 2.4
864 25 60 1.2
864 50 90 3.8
864 75 185 2.8
865 0 0 2.4
865 25 60 1.2
865 50 90 3.8
865 75 185 2.8
866 0 0 2.4
866 25 60 1.2
866 50 90 3.8
866 75 185 2.8
867 0 0 2.4
867 25 60 1.2
867 50 90 3.8
867 75 185 2.8
868 0 0 2.4
868 25 60 1.2
868 50 90 3.8
868 75 185 2.8
869 0 0 2.4
869 25 60 1.2
869 50 90 3.8
869 75 185 2.8
870 0 0 2.4
870 25 60 1.2
870 50 90 3.8
870 75 185 2.8
871 0 0 2.4
871 25 60 1.2
871 50 90 3.8
871 75 185 2.8
872 0 0 2.4
872 25 60 1.2
872 50 90 3.8
872 75 185 2.8
873 0 0 2.4
873 25 60 1.2
873 50 90 3.8
873 75 185 2.8
874 0 0 2.4
874 25 60 1.2
874 50 90 3.8
874 75 185 2.8
875 0 0 2.4
875 25 60 1.2
875 50 90 3.8
875 75 185 2.8
876 0 0 2.4
876 25 60 1.2
876 50 90 3.8
876 75 185 2.8
877 0 0 2.4
877 25 60 1.2
877 50 90 3.8
877 75 185 2.8
878 0 0 2.4
878 25 60 1.2
878 50 90 3.8
878 75 185 2.8
879 0 0 2.4
879 25 60 1.2
879 50 90 3.8
879 75 185 2.8
880 0 0 2.4
880 25 60 1.2
880 50 90 3.8
880 75 185 2.8
881 0 0 2.4
881 25 60 1.2
881 50 90 3.8
881 75 185 2.8
882 0 0 2.4
882 25 60 1.2
882 50 90 3.8
882 75 185 2.8
883 0 0 2.4
883 25 60 1.2
883 50 90 3.8
883 75 185 2.8
884 0 0 2.4
884 25 60 1.2
884 50 90 3.8
884 75 185 2.8
885 0 0 2.4
885 25 60 1.2
885 50 90 3.8
885 75 185 2.8
886 0 0 2.4
886 25 60 1.2
886 50 90 3.8
886 75 185 2.8
887 0 0 2.4
887 25 60 1.2
887 50 90 3.8
887 75 185 2.8
888 0 0 2.4
888 25 60 1.2
888 50 90 3.8
888 75 185 2.8
889 0 0 2.4
889 25 60 1.2
889 50 90 3.8
889 75 185 2.8
890 0 0 2.4
890 25 60 1.2
890 50 90 3.8
890 75 185 2.8
891 0 0 2.4
891 25 60 1.2
891 50 90 3.8
891 75 185 2.8
892 0 0 2.4
892 25 60 1.2
892 50 90 3.8
892 75 185 2.8
893 0 0 2.4
893 25 60 1.2
893 50 90 3.8
893 75 185 2.8
894 0 0 2.4
894 25 60 1.2
894 50 90 3.8
894 75 185 2.8
895 0 0 2.4
895 25 60 1.2
895 50 90 3.8
895 75 185 2.8
896 0 0 2.4
896 25 60 1.2
896 50 90 3.8
896 75 185 2.8
897 0 0 2.4
897 25 60 1.2
897 50 90 3.8
897 75 185 2.8
898 0 0 2.4
898 25 60 1.2
898 50 90 3.8
898 75 185 2.8
899 0 0 2.4
899 25 60 1.2
899 50 90 3.8
899 75 185 2.8
900 0 0 2.4
900 25 60 1.2
900 50 90 3.8
900 75 185 2.8
901 0 0 2.4
901 25 60 1.2
901 50 90 3.8
901 75 185 2.8
902 0 0 2.4
902 25 60 1.2
902 50 90 3.8
902 75 185 2.8
903 0 0 2.4
903 25 60 1.2
903 50 90 3.8
903 75 185 2.8
904 0 0 2.4
904 25 60 1.2
904 50 90 3.8
904 75 185 2.8
905 0 0 2.4
905 25 60 1.2
905 50 90 3.8
905 75 185 2.8
906 0 0 2.4
906 25 60 1.2
906 50 90 3.8
906 75 185 2.8
907 0 0 2.4
907 25 60 1.2
907 50 90 3.8
907 75 185 2.8
908 0 0 2.4
908 25 60 1.2
908 50 90 3.8
908 75 185 2.8
909 0 0 2.4
909 25 60 1.2
909 50 90 3.8
909 75 185 2.8
910 0 0 2.4
910 25 60 1.2
910 50 90 3.8
910 75 185 2.8
911 0 0 2.4
911 25 60 1.2
911 50 90 3.8
911 75 185 2.8
912 0 0 2.4
912 25 60 1.2
912 50 90 3.8
912 75 185 2.8
913 0 0 2.4
913 25 60 1.2
913 50 90 3.8
913 75 185 2.8
914 0 0 2.4
914 25 60 1.2
914 50 90 3.8
914 75 185 2.8
915 0 0 2.4
915 25 60 1.2
915 50 90 3.8
915 75 185 2.8
916 0 0 2.4
916 25 60 1.2
916 50 90 3.8
916 75 185 2.8
917 0 0 2.4
917 25 60 1.2
917 50 90 3.8
917 75 185 2.8
918 0 0 2.4
918 25 60 1.2
918 50 90 3.8
918 75 185 2.8
919 0 0 2.4
919 25 60 1.2
919 50 90 3.8
919 75 185 2.8
920 0 0 2.4
920 25 60 1.2
920 50 90 3.8
920 75 185 2.8
921 0 0 2.4
921 25 60 1.2
921 50 90 3.8
921 75 185 2.8
922 0 0 2.4
922 25 60 1.2
922 50 90 3.8
922 75 185 2.8
923 0 0 2.4
923 25 60 1.2
923 50 90 3.8
923 75 185 2.8
924 0 0 2.4
924 25 60 1.2
924 50 90 3.8
924 75 185 2.8
925 0 0 2.4
925 25 60 1.2
925 50 90 3.8
925 75 185 2.8
926 0 0 2.4
926 25 60 1.2
926 50 90 3.8
926 75 185 2.8
927 0 0 2.4
927 25 60 1.2
927 50 90 3.8
927 75 185 2.8
928 0 0 2.4
928 25 60 1.2
928 50 90 3.8
928 75 185 2.8
929 0 0 2.4
929 25 60 1.2
929 50 90 3.8
929 75 185 2.8
930 0 0 2.4
930 25 60 1.2
930 50 90 3.8
930 75 185 2.8
931 0 0 2.4
931 25 60 1.2
931 50 90 3.8
931 75 185 2.8
932 0 0 2.4
932 25 60 1.2
932 50 90 3.8
932 75 185 2.8
933 0 0 2.4
933 25 60 1.2
933 50 90 3.8
933 75 185 2.8
934 0 0 2.4
934 25 60 1.2
934 50 90 3.8
934 75 185 2.8
935 0 0 2.4
935 25 60 1.2
935 50 90 3.8
935 75 185 2.8
936 0 0 2.4
936 25 60 1.2
936 50 90 3.8
936 75 185 2.8
937 0 0 2.4
937 25 60 1.2
937 50 90 3.8
937 75 185 2.8
938 0 0 2.4
938 25 60 1.2
938 50 90 3.8
938 75 185 2.8
939 0 0 2.4
939 25 60 1.2
939 50 90 3.8
939 75 185 2.8
940 0 0 2.4
940 25 60 1.2
940 50 90 3.8
940 75 185 2.8
941 0 0 2.4
941 25 60 1.2
941 50 90 3.8
941 75 185 2.8
942 0 0 2.4
942 25 60 1.2
942 50 90 3.8
942 75 185 2.8
943 0 0 2.4
943 25 60 1.2
943 50 90 3.8
943 75 185 2.8
944 0 0 2.4
944 25 60 1.2
944 50 90 3.8
944 75 185 2.8
945 0 0 2.4
945 25 60 1.2
945 50 90 3.8
945 75 185 2.8
946 0 0 2.4
946 25 60 1.2
946 50 90 3.8
946 75 185 2.8
947 0 0 2.4
947 25 60 1.2
947 50 90 3.8
947 75 185 2.8
948 0 0 2.4
948 25 60 1.2
948 50 90 3.8
948 75 185 2.8
949 0 0 2.4
949 25 60 1.2
949 50 90 3.8
949 75 185 2.8
950 0 0 2.4
950 25 60 1.2
950 50 90 3.8
950 75 185 2.8
951 0 0 2.4
951 25 60 1.2
951 50 90 3.8
951 75 185 2.8
952 0 0 2.4
952 25 60 1.2
952 50 90 3.8
952 75 185 2.8
953 0 0 2.4
953 25 60 1.2
953 50 90 3.8
953 75 185 2.8
954 0 0 2.4
954 25 60 1.2
954 50 90 3.8
954 75 185 2.8
955 0 0 2.4
955 25 60 1.2
955 50 90 3.8
955 75 185 2.8
956 0 0 2.4
956 25 60 1.2
956 50 90 3.8
956 75 185 2.8
957 0 0 2.4
957 25 60 1.2
957 50 90 3.8
957 75 185 2.8
958 0 0 2.4
958 25 60 1.2
958 50 90 3.8
958 75 185 2.8
959 0 0 2.4
959 25 60 1.2
959 50 90 3.8
959 75 185 2.8
960 0 0 2.4
960 25 60 1.2
960 50 90 3.8
960 75 185 2.8
961 0 0 2.4
961 25 60 1.2
961 50 90 3.8
961 75 185 2.8
962 0 0 2.4
962 25 60 1.2
962 50 90 3.8
962 75 185 2.8
963 0 0 2.4
963 25 60 1.2
963 50 90 3.8
963 75 185 2.8
964 0 0 2.4
964 25 60 1.2
964 50 90 3.8
964 75 185 2.8
965 0 0 2.4
965 25 60 1.2
965 50 90 3.8
965 75 185 2.8
966 0 0 2.4
966 25 60 1.2
966 50 90 3.8
966 75 185 2.8
967 0 0 2.4
967 25 60 1.2
967 50 90 3.8
967 75 185 2.8
968 0 0 2.4
968 25 60 1.2
968 50 90 3.8
968 75 185 2.8
969 0 0 2.4
969 25 60 1.2
969 50 90 3.8
969 75 185 2.8
970 0 0 2.4
970 25 60 1.2
970 50 90 3.8
970 75 185 2.8
971 0 0 2.4
971 25 60 1.2
971 50 90 3.8
971 75 185 2.8
972 0 0 2.4
972 25 60 1.2
972 50 90 3.8
972 75 185 2.8
973 0 0 2.4
973 25 60 1.2
973 50 90 3.8
973 75 185 2.8
974 0 0 2.4
974 25 60 1.2
974 50 90 3.8
974 75 185 2.8
975 0 0 2.4
975 25 60 1.2
975 50 90 3.8
975 75 185 2.8
976 0 0 2.4
976 25 60 1.2
976 50 90 3.8
976 75 185 2.8
977 0 0 2.4
977 25 60 1.2
977 50 90 3.8
977 75 185 2.8
978 0 0 2.4
978 25 60 1.2
978 50 90 3.8
978 75 185 2.8
979 0 0 2.4
979 25 60 1.2
979 50 90 3.8
979 75 185 2.8
980 0 0 2.4
980 25 60 1.2
980 50 90 3.8
980 75 185 2.8
981 0 0 2.4
981 25 60 1.2
981 50 90 3.8
981 75 185 2.8
982 0 0 2.4
982 25 60 1.2
982 50 90 3.8
982 75 185 2.8
983 0 0 2.4
983 25 60 1.2
983 50 90 3.8
983 75 185 2.8
984 0 0 2.4
984 25 60 1.2
984 50 90 3.8
984 75 185 2.8
985 0 0 2.4
985 25 60 1.2
985 50 90 3.8
985 75 185 2.8
986 0 0 2.4
986 25 60 1.2
986 50 90 3.8
986 75 185 2.8
987 0 0 2.4
987 25 60 1.2
987 50 90 3.8
987 75 185 2.8
988 0 0 2.4
988 25 60 1.2
988 50 90 3.8
988 75 185 2.8
989 0 0 2.4
989 25 60 1.2
989 50 90 3.8
989 75 185 2.8
990 0 0 2.4
990 25 60 1.2
990 50 90 3.8
990 75 185 2.8
991 0 0 2.4
991 25 60 1.2
991 50 90 3.8
991 75 185 2.8
992 0 0 2.4
992 25 60 1.2
992 50 90 3.8
992 75 185 2.8
993 0 0 2.4
993 25 60 1.2
993 50 90 3.8
993 75 185 2.8
994 0 0 2.4
994 25 60 1.2
994 50 90 3.8
994 75 185 2.8
995 0 0 2.4
995 25 60 1.2
995 50 90 3.8
995 75 185 2.8
996 0 0 2.4
996 25 60 1.2
996 50 90 3.8
996 75 185 2.8
997 0 0 2.4
997 25 60 1.2
997 50 90 3.8
997 75 185 2.8
998 0 0 2.4
998 25 60 1.2
998 50 90 3.8
998 75 185 2.8
999 0 0 2.4
999 25 60 1.2
999 50 90 3.8
999 75 185 2.8
