20 4
0 0 0 2.5
0 500 1250 0.6
0 1000 1550 4.7
0 1500 3900 2.3
1 0 0 2.5
1 500 1250 0.6
1 1000 1550 4.7
1 1500 3900 2.3
2 0 0 2.5
2 500 1250 0.6
2 1000 1550 4.7
2 1500 3900 2.3
3 0 0 2.5
3 500 1250 0.6
3 1000 1550 4.7
3 1500 3900 2.3
4 0 0 2.5
4 500 1250 0.6
4 1000 1550 4.7
4 1500 3900 2.3
5 0 0 2.5
5 500 1250 0.6
5 1000 1550 4.7
5 1500 3900 2.3
6 0 0 2.5
6 500 1250 0.6
6 1000 1550 4.7
6 1500 3900 2.3
7 0 0 2.5
7 500 1250 0.6
7 1000 1550 4.7
7 1500 3900 2.3
8 0 0 2.5
8 500 1250 0.6
8 1000 1550 4.7
8 1500 3900 2.3
9 0 0 2.5
9 500 1250 0.6
9 1000 1550 4.7
9 1500 3900 2.3
10 0 0 2.5
10 500 1250 0.6
10 1000 1550 4.7
10 1500 3900 2.3
11 0 0 2.5
11 500 1250 0.6
11 1000 1550 4.7
11 1500 3900 2.3
12 0 0 2.5
12 500 1250 0.6
12 1000 1550 4.7
12 1500 3900 2.3
13 0 0 2.5
13 500 1250 0.6
13 1000 1550 4.7
13 1500 3900 2.3
14 0 0 2.5
14 500 1250 0.6
14 1000 1550 4.7
14 1500 3900 2.3
15 0 0 2.5
15 500 1250 0.6
15 1000 1550 4.7
15 1500 3900 2.3
16 0 0 2.5
16 500 1250 0.6
16 1000 1550 4.7
16 1500 3900 2.3
17 0 0 2.5
17 500 1250 0.6
17 1000 1550 4.7
17 1500 3900 2.3
18 0 0 2.5
18 500 1250 0.6
18 1000 1550 4.7
18 1500 3900 2.3
19 0 0 2.5
19 500 1250 0.6
19 1000 1550 4.7
19 1500 3900 2.3
