1000 4
0 0 0 1.2
0 25 30 4.8
0 50 150 4
0 75 250 4.2
1 0 0 1.2
1 25 30 4.8
1 50 150 4
1 75 250 4.2
2 0 0 1.2
2 25 30 4.8
2 50 150 4
2 75 250 4.2
3 0 0 1.2
3 25 30 4.8
3 50 150 4
3 75 250 4.2
4 0 0 1.2
4 25 30 4.8
4 50 150 4
4 75 250 4.2
5 0 0 1.2
5 25 30 4.8
5 50 150 4
5 75 250 4.2
6 0 0 1.2
6 25 30 4.8
6 50 150 4
6 75 250 4.2
7 0 0 1.2
7 25 30 4.8
7 50 150 4
7 75 250 4.2
8 0 0 1.2
8 25 30 4.8
8 50 150 4
8 75 250 4.2
9 0 0 1.2
9 25 30 4.8
9 50 150 4
9 75 250 4.2
10 0 0 1.2
10 25 30 4.8
10 50 150 4
10 75 250 4.2
11 0 0 1.2
11 25 30 4.8
11 50 150 4
11 75 250 4.2
12 0 0 1.2
12 25 30 4.8
12 50 150 4
12 75 250 4.2
13 0 0 1.2
13 25 30 4.8
13 50 150 4
13 75 250 4.2
14 0 0 1.2
14 25 30 4.8
14 50 150 4
14 75 250 4.2
15 0 0 1.2
15 25 30 4.8
15 50 150 4
15 75 250 4.2
16 0 0 1.2
16 25 30 4.8
16 50 150 4
16 75 250 4.2
17 0 0 1.2
17 25 30 4.8
17 50 150 4
17 75 250 4.2
18 0 0 1.2
18 25 30 4.8
18 50 150 4
18 75 250 4.2
19 0 0 1.2
19 25 30 4.8
19 50 150 4
19 75 250 4.2
20 0 0 1.2
20 25 30 4.8
20 50 150 4
20 75 250 4.2
21 0 0 1.2
21 25 30 4.8
21 50 150 4
21 75 250 4.2
22 0 0 1.2
22 25 30 4.8
22 50 150 4
22 75 250 4.2
23 0 0 1.2
23 25 30 4.8
23 50 150 4
23 75 250 4.2
24 0 0 1.2
24 25 30 4.8
24 50 150 4
24 75 250 4.2
25 0 0 1.2
25 25 30 4.8
25 50 150 4
25 75 250 4.2
26 0 0 1.2
26 25 30 4.8
26 50 150 4
26 75 250 4.2
27 0 0 1.2
27 25 30 4.8
27 50 150 4
27 75 250 4.2
28 0 0 1.2
28 25 30 4.8
28 50 150 4
28 75 250 4.2
29 0 0 1.2
29 25 30 4.8
29 50 150 4
29 75 250 4.2
30 0 0 1.2
30 25 30 4.8
30 50 150 4
30 75 250 4.2
31 0 0 1.2
31 25 30 4.8
31 50 150 4
31 75 250 4.2
32 0 0 1.2
32 25 30 4.8
32 50 150 4
32 75 250 4.2
33 0 0 1.2
33 25 30 4.8
33 50 150 4
33 75 250 4.2
34 0 0 1.2
34 25 30 4.8
34 50 150 4
34 75 250 4.2
35 0 0 1.2
35 25 30 4.8
35 50 150 4
35 75 250 4.2
36 0 0 1.2
36 25 30 4.8
36 50 150 4
36 75 250 4.2
37 0 0 1.2
37 25 30 4.8
37 50 150 4
37 75 250 4.2
38 0 0 1.2
38 25 30 4.8
38 50 150 4
38 75 250 4.2
39 0 0 1.2
39 25 30 4.8
39 50 150 4
39 75 250 4.2
40 0 0 1.2
40 25 30 4.8
40 50 150 4
40 75 250 4.2
41 0 0 1.2
41 25 30 4.8
41 50 150 4
41 75 250 4.2
42 0 0 1.2
42 25 30 4.8
42 50 150 4
42 75 250 4.2
43 0 0 1.2
43 25 30 4.8
43 50 150 4
43 75 250 4.2
44 0 0 1.2
44 25 30 4.8
44 50 150 4
44 75 250 4.2
45 0 0 1.2
45 25 30 4.8
45 50 150 4
45 75 250 4.2
46 0 0 1.2
46 25 30 4.8
46 50 150 4
46 75 250 4.2
47 0 0 1.2
47 25 30 4.8
47 50 150 4
47 75 250 4.2
48 0 0 1.2
48 25 30 4.8
48 50 150 4
48 75 250 4.2
49 0 0 1.2
49 25 30 4.8
49 50 150 4
49 75 250 4.2
50 0 0 1.2
50 25 30 4.8
50 50 150 4
50 75 250 4.2
51 0 0 1.2
51 25 30 4.8
51 50 150 4
51 75 250 4.2
52 0 0 1.2
52 25 30 4.8
52 50 150 4
52 75 250 4.2
53 0 0 1.2
53 25 30 4.8
53 50 150 4
53 75 250 4.2
54 0 0 1.2
54 25 30 4.8
54 50 150 4
54 75 250 4.2
55 0 0 1.2
55 25 30 4.8
55 50 150 4
55 75 250 4.2
56 0 0 1.2
56 25 30 4.8
56 50 150 4
56 75 250 4.2
57 0 0 1.2
57 25 30 4.8
57 50 150 4
57 75 250 4.2
58 0 0 1.2
58 25 30 4.8
58 50 150 4
58 75 250 4.2
59 0 0 1.2
59 25 30 4.8
59 50 150 4
59 75 250 4.2
60 0 0 1.2
60 25 30 4.8
60 50 150 4
60 75 250 4.2
61 0 0 1.2
61 25 30 4.8
61 50 150 4
61 75 250 4.2
62 0 0 1.2
62 25 30 4.8
62 50 150 4
62 75 250 4.2
63 0 0 1.2
63 25 30 4.8
63 50 150 4
63 75 250 4.2
64 0 0 1.2
64 25 30 4.8
64 50 150 4
64 75 250 4.2
65 0 0 1.2
65 25 30 4.8
65 50 150 4
65 75 250 4.2
66 0 0 1.2
66 25 30 4.8
66 50 150 4
66 75 250 4.2
67 0 0 1.2
67 25 30 4.8
67 50 150 4
67 75 250 4.2
68 0 0 1.2
68 25 30 4.8
68 50 150 4
68 75 250 4.2
69 0 0 1.2
69 25 30 4.8
69 50 150 4
69 75 250 4.2
70 0 0 1.2
70 25 30 4.8
70 50 150 4
70 75 250 4.2
71 0 0 1.2
71 25 30 4.8
71 50 150 4
71 75 250 4.2
72 0 0 1.2
72 25 30 4.8
72 50 150 4
72 75 250 4.2
73 0 0 1.2
73 25 30 4.8
73 50 150 4
73 75 250 4.2
74 0 0 1.2
74 25 30 4.8
74 50 150 4
74 75 250 4.2
75 0 0 1.2
75 25 30 4.8
75 50 150 4
75 75 250 4.2
76 0 0 1.2
76 25 30 4.8
76 50 150 4
76 75 250 4.2
77 0 0 1.2
77 25 30 4.8
77 50 150 4
77 75 250 4.2
78 0 0 1.2
78 25 30 4.8
78 50 150 4
78 75 250 4.2
79 0 0 1.2
79 25 30 4.8
79 50 150 4
79 75 250 4.2
80 0 0 1.2
80 25 30 4.8
80 50 150 4
80 75 250 4.2
81 0 0 1.2
81 25 30 4.8
81 50 150 4
81 75 250 4.2
82 0 0 1.2
82 25 30 4.8
82 50 150 4
82 75 250 4.2
83 0 0 1.2
83 25 30 4.8
83 50 150 4
83 75 250 4.2
84 0 0 1.2
84 25 30 4.8
84 50 150 4
84 75 250 4.2
85 0 0 1.2
85 25 30 4.8
85 50 150 4
85 75 250 4.2
86 0 0 1.2
86 25 30 4.8
86 50 150 4
86 75 250 4.2
87 0 0 1.2
87 25 30 4.8
87 50 150 4
87 75 250 4.2
88 0 0 1.2
88 25 30 4.8
88 50 150 4
88 75 250 4.2
89 0 0 1.2
89 25 30 4.8
89 50 150 4
89 75 250 4.2
90 0 0 1.2
90 25 30 4.8
90 50 150 4
90 75 250 4.2
91 0 0 1.2
91 25 30 4.8
91 50 150 4
91 75 250 4.2
92 0 0 1.2
92 25 30 4.8
92 50 150 4
92 75 250 4.2
93 0 0 1.2
93 25 30 4.8
93 50 150 4
93 75 250 4.2
94 0 0 1.2
94 25 30 4.8
94 50 150 4
94 75 250 4.2
95 0 0 1.2
95 25 30 4.8
95 50 150 4
95 75 250 4.2
96 0 0 1.2
96 25 30 4.8
96 50 150 4
96 75 250 4.2
97 0 0 1.2
97 25 30 4.8
97 50 150 4
97 75 250 4.2
98 0 0 1.2
98 25 30 4.8
98 50 150 4
98 75 250 4.2
99 0 0 1.2
99 25 30 4.8
99 50 150 4
99 75 250 4.2
100 0 0 1.2
100 25 30 4.8
100 50 150 4
100 75 250 4.2
101 0 0 1.2
101 25 30 4.8
101 50 150 4
101 75 250 4.2
102 0 0 1.2
102 25 30 4.8
102 50 150 4
102 75 250 4.2
103 0 0 1.2
103 25 30 4.8
103 50 150 4
103 75 250 4.2
104 0 0 1.2
104 25 30 4.8
104 50 150 4
104 75 250 4.2
105 0 0 1.2
105 25 30 4.8
105 50 150 4
105 75 250 4.2
106 0 0 1.2
106 25 30 4.8
106 50 150 4
106 75 250 4.2
107 0 0 1.2
107 25 30 4.8
107 50 150 4
107 75 250 4.2
108 0 0 1.2
108 25 30 4.8
108 50 150 4
108 75 250 4.2
109 0 0 1.2
109 25 30 4.8
109 50 150 4
109 75 250 4.2
110 0 0 1.2
110 25 30 4.8
110 50 150 4
110 75 250 4.2
111 0 0 1.2
111 25 30 4.8
111 50 150 4
111 75 250 4.2
112 0 0 1.2
112 25 30 4.8
112 50 150 4
112 75 250 4.2
113 0 0 1.2
113 25 30 4.8
113 50 150 4
113 75 250 4.2
114 0 0 1.2
114 25 30 4.8
114 50 150 4
114 75 250 4.2
115 0 0 1.2
115 25 30 4.8
115 50 150 4
115 75 250 4.2
116 0 0 1.2
116 25 30 4.8
116 50 150 4
116 75 250 4.2
117 0 0 1.2
117 25 30 4.8
117 50 150 4
117 75 250 4.2
118 0 0 1.2
118 25 30 4.8
118 50 150 4
118 75 250 4.2
119 0 0 1.2
119 25 30 4.8
119 50 150 4
119 75 250 4.2
120 0 0 1.2
120 25 30 4.8
120 50 150 4
120 75 250 4.2
121 0 0 1.2
121 25 30 4.8
121 50 150 4
121 75 250 4.2
122 0 0 1.2
122 25 30 4.8
122 50 150 4
122 75 250 4.2
123 0 0 1.2
123 25 30 4.8
123 50 150 4
123 75 250 4.2
124 0 0 1.2
124 25 30 4.8
124 50 150 4
124 75 250 4.2
125 0 0 1.2
125 25 30 4.8
125 50 150 4
125 75 250 4.2
126 0 0 1.2
126 25 30 4.8
126 50 150 4
126 75 250 4.2
127 0 0 1.2
127 25 30 4.8
127 50 150 4
127 75 250 4.2
128 0 0 1.2
128 25 30 4.8
128 50 150 4
128 75 250 4.2
129 0 0 1.2
129 25 30 4.8
129 50 150 4
129 75 250 4.2
130 0 0 1.2
130 25 30 4.8
130 50 150 4
130 75 250 4.2
131 0 0 1.2
131 25 30 4.8
131 50 150 4
131 75 250 4.2
132 0 0 1.2
132 25 30 4.8
132 50 150 4
132 75 250 4.2
133 0 0 1.2
133 25 30 4.8
133 50 150 4
133 75 250 4.2
134 0 0 1.2
134 25 30 4.8
134 50 150 4
134 75 250 4.2
135 0 0 1.2
135 25 30 4.8
135 50 150 4
135 75 250 4.2
136 0 0 1.2
136 25 30 4.8
136 50 150 4
136 75 250 4.2
137 0 0 1.2
137 25 30 4.8
137 50 150 4
137 75 250 4.2
138 0 0 1.2
138 25 30 4.8
138 50 150 4
138 75 250 4.2
139 0 0 1.2
139 25 30 4.8
139 50 150 4
139 75 250 4.2
140 0 0 1.2
140 25 30 4.8
140 50 150 4
140 75 250 4.2
141 0 0 1.2
141 25 30 4.8
141 50 150 4
141 75 250 4.2
142 0 0 1.2
142 25 30 4.8
142 50 150 4
142 75 250 4.2
143 0 0 1.2
143 25 30 4.8
143 50 150 4
143 75 250 4.2
144 0 0 1.2
144 25 30 4.8
144 50 150 4
144 75 250 4.2
145 0 0 1.2
145 25 30 4.8
145 50 150 4
145 75 250 4.2
146 0 0 1.2
146 25 30 4.8
146 50 150 4
146 75 250 4.2
147 0 0 1.2
147 25 30 4.8
147 50 150 4
147 75 250 4.2
148 0 0 1.2
148 25 30 4.8
148 50 150 4
148 75 250 4.2
149 0 0 1.2
149 25 30 4.8
149 50 150 4
149 75 250 4.2
150 0 0 1.2
150 25 30 4.8
150 50 150 4
150 75 250 4.2
151 0 0 1.2
151 25 30 4.8
151 50 150 4
151 75 250 4.2
152 0 0 1.2
152 25 30 4.8
152 50 150 4
152 75 250 4.2
153 0 0 1.2
153 25 30 4.8
153 50 150 4
153 75 250 4.2
154 0 0 1.2
154 25 30 4.8
154 50 150 4
154 75 250 4.2
155 0 0 1.2
155 25 30 4.8
155 50 150 4
155 75 250 4.2
156 0 0 1.2
156 25 30 4.8
156 50 150 4
156 75 250 4.2
157 0 0 1.2
157 25 30 4.8
157 50 150 4
157 75 250 4.2
158 0 0 1.2
158 25 30 4.8
158 50 150 4
158 75 250 4.2
159 0 0 1.2
159 25 30 4.8
159 50 150 4
159 75 250 4.2
160 0 0 1.2
160 25 30 4.8
160 50 150 4
160 75 250 4.2
161 0 0 1.2
161 25 30 4.8
161 50 150 4
161 75 250 4.2
162 0 0 1.2
162 25 30 4.8
162 50 150 4
162 75 250 4.2
163 0 0 1.2
163 25 30 4.8
163 50 150 4
163 75 250 4.2
164 0 0 1.2
164 25 30 4.8
164 50 150 4
164 75 250 4.2
165 0 0 1.2
165 25 30 4.8
165 50 150 4
165 75 250 4.2
166 0 0 1.2
166 25 30 4.8
166 50 150 4
166 75 250 4.2
167 0 0 1.2
167 25 30 4.8
167 50 150 4
167 75 250 4.2
168 0 0 1.2
168 25 30 4.8
168 50 150 4
168 75 250 4.2
169 0 0 1.2
169 25 30 4.8
169 50 150 4
169 75 250 4.2
170 0 0 1.2
170 25 30 4.8
170 50 150 4
170 75 250 4.2
171 0 0 1.2
171 25 30 4.8
171 50 150 4
171 75 250 4.2
172 0 0 1.2
172 25 30 4.8
172 50 150 4
172 75 250 4.2
173 0 0 1.2
173 25 30 4.8
173 50 150 4
173 75 250 4.2
174 0 0 1.2
174 25 30 4.8
174 50 150 4
174 75 250 4.2
175 0 0 1.2
175 25 30 4.8
175 50 150 4
175 75 250 4.2
176 0 0 1.2
176 25 30 4.8
176 50 150 4
176 75 250 4.2
177 0 0 1.2
177 25 30 4.8
177 50 150 4
177 75 250 4.2
178 0 0 1.2
178 25 30 4.8
178 50 150 4
178 75 250 4.2
179 0 0 1.2
179 25 30 4.8
179 50 150 4
179 75 250 4.2
180 0 0 1.2
180 25 30 4.8
180 50 150 4
180 75 250 4.2
181 0 0 1.2
181 25 30 4.8
181 50 150 4
181 75 250 4.2
182 0 0 1.2
182 25 30 4.8
182 50 150 4
182 75 250 4.2
183 0 0 1.2
183 25 30 4.8
183 50 150 4
183 75 250 4.2
184 0 0 1.2
184 25 30 4.8
184 50 150 4
184 75 250 4.2
185 0 0 1.2
185 25 30 4.8
185 50 150 4
185 75 250 4.2
186 0 0 1.2
186 25 30 4.8
186 50 150 4
186 75 250 4.2
187 0 0 1.2
187 25 30 4.8
187 50 150 4
187 75 250 4.2
188 0 0 1.2
188 25 30 4.8
188 50 150 4
188 75 250 4.2
189 0 0 1.2
189 25 30 4.8
189 50 150 4
189 75 250 4.2
190 0 0 1.2
190 25 30 4.8
190 50 150 4
190 75 250 4.2
191 0 0 1.2
191 25 30 4.8
191 50 150 4
191 75 250 4.2
192 0 0 1.2
192 25 30 4.8
192 50 150 4
192 75 250 4.2
193 0 0 1.2
193 25 30 4.8
193 50 150 4
193 75 250 4.2
194 0 0 1.2
194 25 30 4.8
194 50 150 4
194 75 250 4.2
195 0 0 1.2
195 25 30 4.8
195 50 150 4
195 75 250 4.2
196 0 0 1.2
196 25 30 4.8
196 50 150 4
196 75 250 4.2
197 0 0 1.2
197 25 30 4.8
197 50 150 4
197 75 250 4.2
198 0 0 1.2
198 25 30 4.8
198 50 150 4
198 75 250 4.2
199 0 0 1.2
199 25 30 4.8
199 50 150 4
199 75 250 4.2
200 0 0 1.2
200 25 30 4.8
200 50 150 4
200 75 250 4.2
201 0 0 1.2
201 25 30 4.8
201 50 150 4
201 75 250 4.2
202 0 0 1.2
202 25 30 4.8
202 50 150 4
202 75 250 4.2
203 0 0 1.2
203 25 30 4.8
203 50 150 4
203 75 250 4.2
204 0 0 1.2
204 25 30 4.8
204 50 150 4
204 75 250 4.2
205 0 0 1.2
205 25 30 4.8
205 50 150 4
205 75 250 4.2
206 0 0 1.2
206 25 30 4.8
206 50 150 4
206 75 250 4.2
207 0 0 1.2
207 25 30 4.8
207 50 150 4
207 75 250 4.2
208 0 0 1.2
208 25 30 4.8
208 50 150 4
208 75 250 4.2
209 0 0 1.2
209 25 30 4.8
209 50 150 4
209 75 250 4.2
210 0 0 1.2
210 25 30 4.8
210 50 150 4
210 75 250 4.2
211 0 0 1.2
211 25 30 4.8
211 50 150 4
211 75 250 4.2
212 0 0 1.2
212 25 30 4.8
212 50 150 4
212 75 250 4.2
213 0 0 1.2
213 25 30 4.8
213 50 150 4
213 75 250 4.2
214 0 0 1.2
214 25 30 4.8
214 50 150 4
214 75 250 4.2
215 0 0 1.2
215 25 30 4.8
215 50 150 4
215 75 250 4.2
216 0 0 1.2
216 25 30 4.8
216 50 150 4
216 75 250 4.2
217 0 0 1.2
217 25 30 4.8
217 50 150 4
217 75 250 4.2
218 0 0 1.2
218 25 30 4.8
218 50 150 4
218 75 250 4.2
219 0 0 1.2
219 25 30 4.8
219 50 150 4
219 75 250 4.2
220 0 0 1.2
220 25 30 4.8
220 50 150 4
220 75 250 4.2
221 0 0 1.2
221 25 30 4.8
221 50 150 4
221 75 250 4.2
222 0 0 1.2
222 25 30 4.8
222 50 150 4
222 75 250 4.2
223 0 0 1.2
223 25 30 4.8
223 50 150 4
223 75 250 4.2
224 0 0 1.2
224 25 30 4.8
224 50 150 4
224 75 250 4.2
225 0 0 1.2
225 25 30 4.8
225 50 150 4
225 75 250 4.2
226 0 0 1.2
226 25 30 4.8
226 50 150 4
226 75 250 4.2
227 0 0 1.2
227 25 30 4.8
227 50 150 4
227 75 250 4.2
228 0 0 1.2
228 25 30 4.8
228 50 150 4
228 75 250 4.2
229 0 0 1.2
229 25 30 4.8
229 50 150 4
229 75 250 4.2
230 0 0 1.2
230 25 30 4.8
230 50 150 4
230 75 250 4.2
231 0 0 1.2
231 25 30 4.8
231 50 150 4
231 75 250 4.2
232 0 0 1.2
232 25 30 4.8
232 50 150 4
232 75 250 4.2
233 0 0 1.2
233 25 30 4.8
233 50 150 4
233 75 250 4.2
234 0 0 1.2
234 25 30 4.8
234 50 150 4
234 75 250 4.2
235 0 0 1.2
235 25 30 4.8
235 50 150 4
235 75 250 4.2
236 0 0 1.2
236 25 30 4.8
236 50 150 4
236 75 250 4.2
237 0 0 1.2
237 25 30 4.8
237 50 150 4
237 75 250 4.2
238 0 0 1.2
238 25 30 4.8
238 50 150 4
238 75 250 4.2
239 0 0 1.2
239 25 30 4.8
239 50 150 4
239 75 250 4.2
240 0 0 1.2
240 25 30 4.8
240 50 150 4
240 75 250 4.2
241 0 0 1.2
241 25 30 4.8
241 50 150 4
241 75 250 4.2
242 0 0 1.2
242 25 30 4.8
242 50 150 4
242 75 250 4.2
243 0 0 1.2
243 25 30 4.8
243 50 150 4
243 75 250 4.2
244 0 0 1.2
244 25 30 4.8
244 50 150 4
244 75 250 4.2
245 0 0 1.2
245 25 30 4.8
245 50 150 4
245 75 250 4.2
246 0 0 1.2
246 25 30 4.8
246 50 150 4
246 75 250 4.2
247 0 0 1.2
247 25 30 4.8
247 50 150 4
247 75 250 4.2
248 0 0 1.2
248 25 30 4.8
248 50 150 4
248 75 250 4.2
249 0 0 1.2
249 25 30 4.8
249 50 150 4
249 75 250 4.2
250 0 0 1.2
250 25 30 4.8
250 50 150 4
250 75 250 4.2
251 0 0 1.2
251 25 30 4.8
251 50 150 4
251 75 250 4.2
252 0 0 1.2
252 25 30 4.8
252 50 150 4
252 75 250 4.2
253 0 0 1.2
253 25 30 4.8
253 50 150 4
253 75 250 4.2
254 0 0 1.2
254 25 30 4.8
254 50 150 4
254 75 250 4.2
255 0 0 1.2
255 25 30 4.8
255 50 150 4
255 75 250 4.2
256 0 0 1.2
256 25 30 4.8
256 50 150 4
256 75 250 4.2
257 0 0 1.2
257 25 30 4.8
257 50 150 4
257 75 250 4.2
258 0 0 1.2
258 25 30 4.8
258 50 150 4
258 75 250 4.2
259 0 0 1.2
259 25 30 4.8
259 50 150 4
259 75 250 4.2
260 0 0 1.2
260 25 30 4.8
260 50 150 4
260 75 250 4.2
261 0 0 1.2
261 25 30 4.8
261 50 150 4
261 75 250 4.2
262 0 0 1.2
262 25 30 4.8
262 50 150 4
262 75 250 4.2
263 0 0 1.2
263 25 30 4.8
263 50 150 4
263 75 250 4.2
264 0 0 1.2
264 25 30 4.8
264 50 150 4
264 75 250 4.2
265 0 0 1.2
265 25 30 4.8
265 50 150 4
265 75 250 4.2
266 0 0 1.2
266 25 30 4.8
266 50 150 4
266 75 250 4.2
267 0 0 1.2
267 25 30 4.8
267 50 150 4
267 75 250 4.2
268 0 0 1.2
268 25 30 4.8
268 50 150 4
268 75 250 4.2
269 0 0 1.2
269 25 30 4.8
269 50 150 4
269 75 250 4.2
270 0 0 1.2
270 25 30 4.8
270 50 150 4
270 75 250 4.2
271 0 0 1.2
271 25 30 4.8
271 50 150 4
271 75 250 4.2
272 0 0 1.2
272 25 30 4.8
272 50 150 4
272 75 250 4.2
273 0 0 1.2
273 25 30 4.8
273 50 150 4
273 75 250 4.2
274 0 0 1.2
274 25 30 4.8
274 50 150 4
274 75 250 4.2
275 0 0 1.2
275 25 30 4.8
275 50 150 4
275 75 250 4.2
276 0 0 1.2
276 25 30 4.8
276 50 150 4
276 75 250 4.2
277 0 0 1.2
277 25 30 4.8
277 50 150 4
277 75 250 4.2
278 0 0 1.2
278 25 30 4.8
278 50 150 4
278 75 250 4.2
279 0 0 1.2
279 25 30 4.8
279 50 150 4
279 75 250 4.2
280 0 0 1.2
280 25 30 4.8
280 50 150 4
280 75 250 4.2
281 0 0 1.2
281 25 30 4.8
281 50 150 4
281 75 250 4.2
282 0 0 1.2
282 25 30 4.8
282 50 150 4
282 75 250 4.2
283 0 0 1.2
283 25 30 4.8
283 50 150 4
283 75 250 4.2
284 0 0 1.2
284 25 30 4.8
284 50 150 4
284 75 250 4.2
285 0 0 1.2
285 25 30 4.8
285 50 150 4
285 75 250 4.2
286 0 0 1.2
286 25 30 4.8
286 50 150 4
286 75 250 4.2
287 0 0 1.2
287 25 30 4.8
287 50 150 4
287 75 250 4.2
288 0 0 1.2
288 25 30 4.8
288 50 150 4
288 75 250 4.2
289 0 0 1.2
289 25 30 4.8
289 50 150 4
289 75 250 4.2
290 0 0 1.2
290 25 30 4.8
290 50 150 4
290 75 250 4.2
291 0 0 1.2
291 25 30 4.8
291 50 150 4
291 75 250 4.2
292 0 0 1.2
292 25 30 4.8
292 50 150 4
292 75 250 4.2
293 0 0 1.2
293 25 30 4.8
293 50 150 4
293 75 250 4.2
294 0 0 1.2
294 25 30 4.8
294 50 150 4
294 75 250 4.2
295 0 0 1.2
295 25 30 4.8
295 50 150 4
295 75 250 4.2
296 0 0 1.2
296 25 30 4.8
296 50 150 4
296 75 250 4.2
297 0 0 1.2
297 25 30 4.8
297 50 150 4
297 75 250 4.2
298 0 0 1.2
298 25 30 4.8
298 50 150 4
298 75 250 4.2
299 0 0 1.2
299 25 30 4.8
299 50 150 4
299 75 250 4.2
300 0 0 1.2
300 25 30 4.8
300 50 150 4
300 75 250 4.2
301 0 0 1.2
301 25 30 4.8
301 50 150 4
301 75 250 4.2
302 0 0 1.2
302 25 30 4.8
302 50 150 4
302 75 250 4.2
303 0 0 1.2
303 25 30 4.8
303 50 150 4
303 75 250 4.2
304 0 0 1.2
304 25 30 4.8
304 50 150 4
304 75 250 4.2
305 0 0 1.2
305 25 30 4.8
305 50 150 4
305 75 250 4.2
306 0 0 1.2
306 25 30 4.8
306 50 150 4
306 75 250 4.2
307 0 0 1.2
307 25 30 4.8
307 50 150 4
307 75 250 4.2
308 0 0 1.2
308 25 30 4.8
308 50 150 4
308 75 250 4.2
309 0 0 1.2
309 25 30 4.8
309 50 150 4
309 75 250 4.2
310 0 0 1.2
310 25 30 4.8
310 50 150 4
310 75 250 4.2
311 0 0 1.2
311 25 30 4.8
311 50 150 4
311 75 250 4.2
312 0 0 1.2
312 25 30 4.8
312 50 150 4
312 75 250 4.2
313 0 0 1.2
313 25 30 4.8
313 50 150 4
313 75 250 4.2
314 0 0 1.2
314 25 30 4.8
314 50 150 4
314 75 250 4.2
315 0 0 1.2
315 25 30 4.8
315 50 150 4
315 75 250 4.2
316 0 0 1.2
316 25 30 4.8
316 50 150 4
316 75 250 4.2
317 0 0 1.2
317 25 30 4.8
317 50 150 4
317 75 250 4.2
318 0 0 1.2
318 25 30 4.8
318 50 150 4
318 75 250 4.2
319 0 0 1.2
319 25 30 4.8
319 50 150 4
319 75 250 4.2
320 0 0 1.2
320 25 30 4.8
320 50 150 4
320 75 250 4.2
321 0 0 1.2
321 25 30 4.8
321 50 150 4
321 75 250 4.2
322 0 0 1.2
322 25 30 4.8
322 50 150 4
322 75 250 4.2
323 0 0 1.2
323 25 30 4.8
323 50 150 4
323 75 250 4.2
324 0 0 1.2
324 25 30 4.8
324 50 150 4
324 75 250 4.2
325 0 0 1.2
325 25 30 4.8
325 50 150 4
325 75 250 4.2
326 0 0 1.2
326 25 30 4.8
326 50 150 4
326 75 250 4.2
327 0 0 1.2
327 25 30 4.8
327 50 150 4
327 75 250 4.2
328 0 0 1.2
328 25 30 4.8
328 50 150 4
328 75 250 4.2
329 0 0 1.2
329 25 30 4.8
329 50 150 4
329 75 250 4.2
330 0 0 1.2
330 25 30 4.8
330 50 150 4
330 75 250 4.2
331 0 0 1.2
331 25 30 4.8
331 50 150 4
331 75 250 4.2
332 0 0 1.2
332 25 30 4.8
332 50 150 4
332 75 250 4.2
333 0 0 1.2
333 25 30 4.8
333 50 150 4
333 75 250 4.2
334 0 0 1.2
334 25 30 4.8
334 50 150 4
334 75 250 4.2
335 0 0 1.2
335 25 30 4.8
335 50 150 4
335 75 250 4.2
336 0 0 1.2
336 25 30 4.8
336 50 150 4
336 75 250 4.2
337 0 0 1.2
337 25 30 4.8
337 50 150 4
337 75 250 4.2
338 0 0 1.2
338 25 30 4.8
338 50 150 4
338 75 250 4.2
339 0 0 1.2
339 25 30 4.8
339 50 150 4
339 75 250 4.2
340 0 0 1.2
340 25 30 4.8
340 50 150 4
340 75 250 4.2
341 0 0 1.2
341 25 30 4.8
341 50 150 4
341 75 250 4.2
342 0 0 1.2
342 25 30 4.8
342 50 150 4
342 75 250 4.2
343 0 0 1.2
343 25 30 4.8
343 50 150 4
343 75 250 4.2
344 0 0 1.2
344 25 30 4.8
344 50 150 4
344 75 250 4.2
345 0 0 1.2
345 25 30 4.8
345 50 150 4
345 75 250 4.2
346 0 0 1.2
346 25 30 4.8
346 50 150 4
346 75 250 4.2
347 0 0 1.2
347 25 30 4.8
347 50 150 4
347 75 250 4.2
348 0 0 1.2
348 25 30 4.8
348 50 150 4
348 75 250 4.2
349 0 0 1.2
349 25 30 4.8
349 50 150 4
349 75 250 4.2
350 0 0 1.2
350 25 30 4.8
350 50 150 4
350 75 250 4.2
351 0 0 1.2
351 25 30 4.8
351 50 150 4
351 75 250 4.2
352 0 0 1.2
352 25 30 4.8
352 50 150 4
352 75 250 4.2
353 0 0 1.2
353 25 30 4.8
353 50 150 4
353 75 250 4.2
354 0 0 1.2
354 25 30 4.8
354 50 150 4
354 75 250 4.2
355 0 0 1.2
355 25 30 4.8
355 50 150 4
355 75 250 4.2
356 0 0 1.2
356 25 30 4.8
356 50 150 4
356 75 250 4.2
357 0 0 1.2
357 25 30 4.8
357 50 150 4
357 75 250 4.2
358 0 0 1.2
358 25 30 4.8
358 50 150 4
358 75 250 4.2
359 0 0 1.2
359 25 30 4.8
359 50 150 4
359 75 250 4.2
360 0 0 1.2
360 25 30 4.8
360 50 150 4
360 75 250 4.2
361 0 0 1.2
361 25 30 4.8
361 50 150 4
361 75 250 4.2
362 0 0 1.2
362 25 30 4.8
362 50 150 4
362 75 250 4.2
363 0 0 1.2
363 25 30 4.8
363 50 150 4
363 75 250 4.2
364 0 0 1.2
364 25 30 4.8
364 50 150 4
364 75 250 4.2
365 0 0 1.2
365 25 30 4.8
365 50 150 4
365 75 250 4.2
366 0 0 1.2
366 25 30 4.8
366 50 150 4
366 75 250 4.2
367 0 0 1.2
367 25 30 4.8
367 50 150 4
367 75 250 4.2
368 0 0 1.2
368 25 30 4.8
368 50 150 4
368 75 250 4.2
369 0 0 1.2
369 25 30 4.8
369 50 150 4
369 75 250 4.2
370 0 0 1.2
370 25 30 4.8
370 50 150 4
370 75 250 4.2
371 0 0 1.2
371 25 30 4.8
371 50 150 4
371 75 250 4.2
372 0 0 1.2
372 25 30 4.8
372 50 150 4
372 75 250 4.2
373 0 0 1.2
373 25 30 4.8
373 50 150 4
373 75 250 4.2
374 0 0 1.2
374 25 30 4.8
374 50 150 4
374 75 250 4.2
375 0 0 1.2
375 25 30 4.8
375 50 150 4
375 75 250 4.2
376 0 0 1.2
376 25 30 4.8
376 50 150 4
376 75 250 4.2
377 0 0 1.2
377 25 30 4.8
377 50 150 4
377 75 250 4.2
378 0 0 1.2
378 25 30 4.8
378 50 150 4
378 75 250 4.2
379 0 0 1.2
379 25 30 4.8
379 50 150 4
379 75 250 4.2
380 0 0 1.2
380 25 30 4.8
380 50 150 4
380 75 250 4.2
381 0 0 1.2
381 25 30 4.8
381 50 150 4
381 75 250 4.2
382 0 0 1.2
382 25 30 4.8
382 50 150 4
382 75 250 4.2
383 0 0 1.2
383 25 30 4.8
383 50 150 4
383 75 250 4.2
384 0 0 1.2
384 25 30 4.8
384 50 150 4
384 75 250 4.2
385 0 0 1.2
385 25 30 4.8
385 50 150 4
385 75 250 4.2
386 0 0 1.2
386 25 30 4.8
386 50 150 4
386 75 250 4.2
387 0 0 1.2
387 25 30 4.8
387 50 150 4
387 75 250 4.2
388 0 0 1.2
388 25 30 4.8
388 50 150 4
388 75 250 4.2
389 0 0 1.2
389 25 30 4.8
389 50 150 4
389 75 250 4.2
390 0 0 1.2
390 25 30 4.8
390 50 150 4
390 75 250 4.2
391 0 0 1.2
391 25 30 4.8
391 50 150 4
391 75 250 4.2
392 0 0 1.2
392 25 30 4.8
392 50 150 4
392 75 250 4.2
393 0 0 1.2
393 25 30 4.8
393 50 150 4
393 75 250 4.2
394 0 0 1.2
394 25 30 4.8
394 50 150 4
394 75 250 4.2
395 0 0 1.2
395 25 30 4.8
395 50 150 4
395 75 250 4.2
396 0 0 1.2
396 25 30 4.8
396 50 150 4
396 75 250 4.2
397 0 0 1.2
397 25 30 4.8
397 50 150 4
397 75 250 4.2
398 0 0 1.2
398 25 30 4.8
398 50 150 4
398 75 250 4.2
399 0 0 1.2
399 25 30 4.8
399 50 150 4
399 75 250 4.2
400 0 0 1.2
400 25 30 4.8
400 50 150 4
400 75 250 4.2
401 0 0 1.2
401 25 30 4.8
401 50 150 4
401 75 250 4.2
402 0 0 1.2
402 25 30 4.8
402 50 150 4
402 75 250 4.2
403 0 0 1.2
403 25 30 4.8
403 50 150 4
403 75 250 4.2
404 0 0 1.2
404 25 30 4.8
404 50 150 4
404 75 250 4.2
405 0 0 1.2
405 25 30 4.8
405 50 150 4
405 75 250 4.2
406 0 0 1.2
406 25 30 4.8
406 50 150 4
406 75 250 4.2
407 0 0 1.2
407 25 30 4.8
407 50 150 4
407 75 250 4.2
408 0 0 1.2
408 25 30 4.8
408 50 150 4
408 75 250 4.2
409 0 0 1.2
409 25 30 4.8
409 50 150 4
409 75 250 4.2
410 0 0 1.2
410 25 30 4.8
410 50 150 4
410 75 250 4.2
411 0 0 1.2
411 25 30 4.8
411 50 150 4
411 75 250 4.2
412 0 0 1.2
412 25 30 4.8
412 50 150 4
412 75 250 4.2
413 0 0 1.2
413 25 30 4.8
413 50 150 4
413 75 250 4.2
414 0 0 1.2
414 25 30 4.8
414 50 150 4
414 75 250 4.2
415 0 0 1.2
415 25 30 4.8
415 50 150 4
415 75 250 4.2
416 0 0 1.2
416 25 30 4.8
416 50 150 4
416 75 250 4.2
417 0 0 1.2
417 25 30 4.8
417 50 150 4
417 75 250 4.2
418 0 0 1.2
418 25 30 4.8
418 50 150 4
418 75 250 4.2
419 0 0 1.2
419 25 30 4.8
419 50 150 4
419 75 250 4.2
420 0 0 1.2
420 25 30 4.8
420 50 150 4
420 75 250 4.2
421 0 0 1.2
421 25 30 4.8
421 50 150 4
421 75 250 4.2
422 0 0 1.2
422 25 30 4.8
422 50 150 4
422 75 250 4.2
423 0 0 1.2
423 25 30 4.8
423 50 150 4
423 75 250 4.2
424 0 0 1.2
424 25 30 4.8
424 50 150 4
424 75 250 4.2
425 0 0 1.2
425 25 30 4.8
425 50 150 4
425 75 250 4.2
426 0 0 1.2
426 25 30 4.8
426 50 150 4
426 75 250 4.2
427 0 0 1.2
427 25 30 4.8
427 50 150 4
427 75 250 4.2
428 0 0 1.2
428 25 30 4.8
428 50 150 4
428 75 250 4.2
429 0 0 1.2
429 25 30 4.8
429 50 150 4
429 75 250 4.2
430 0 0 1.2
430 25 30 4.8
430 50 150 4
430 75 250 4.2
431 0 0 1.2
431 25 30 4.8
431 50 150 4
431 75 250 4.2
432 0 0 1.2
432 25 30 4.8
432 50 150 4
432 75 250 4.2
433 0 0 1.2
433 25 30 4.8
433 50 150 4
433 75 250 4.2
434 0 0 1.2
434 25 30 4.8
434 50 150 4
434 75 250 4.2
435 0 0 1.2
435 25 30 4.8
435 50 150 4
435 75 250 4.2
436 0 0 1.2
436 25 30 4.8
436 50 150 4
436 75 250 4.2
437 0 0 1.2
437 25 30 4.8
437 50 150 4
437 75 250 4.2
438 0 0 1.2
438 25 30 4.8
438 50 150 4
438 75 250 4.2
439 0 0 1.2
439 25 30 4.8
439 50 150 4
439 75 250 4.2
440 0 0 1.2
440 25 30 4.8
440 50 150 4
440 75 250 4.2
441 0 0 1.2
441 25 30 4.8
441 50 150 4
441 75 250 4.2
442 0 0 1.2
442 25 30 4.8
442 50 150 4
442 75 250 4.2
443 0 0 1.2
443 25 30 4.8
443 50 150 4
443 75 250 4.2
444 0 0 1.2
444 25 30 4.8
444 50 150 4
444 75 250 4.2
445 0 0 1.2
445 25 30 4.8
445 50 150 4
445 75 250 4.2
446 0 0 1.2
446 25 30 4.8
446 50 150 4
446 75 250 4.2
447 0 0 1.2
447 25 30 4.8
447 50 150 4
447 75 250 4.2
448 0 0 1.2
448 25 30 4.8
448 50 150 4
448 75 250 4.2
449 0 0 1.2
449 25 30 4.8
449 50 150 4
449 75 250 4.2
450 0 0 1.2
450 25 30 4.8
450 50 150 4
450 75 250 4.2
451 0 0 1.2
451 25 30 4.8
451 50 150 4
451 75 250 4.2
452 0 0 1.2
452 25 30 4.8
452 50 150 4
452 75 250 4.2
453 0 0 1.2
453 25 30 4.8
453 50 150 4
453 75 250 4.2
454 0 0 1.2
454 25 30 4.8
454 50 150 4
454 75 250 4.2
455 0 0 1.2
455 25 30 4.8
455 50 150 4
455 75 250 4.2
456 0 0 1.2
456 25 30 4.8
456 50 150 4
456 75 250 4.2
457 0 0 1.2
457 25 30 4.8
457 50 150 4
457 75 250 4.2
458 0 0 1.2
458 25 30 4.8
458 50 150 4
458 75 250 4.2
459 0 0 1.2
459 25 30 4.8
459 50 150 4
459 75 250 4.2
460 0 0 1.2
460 25 30 4.8
460 50 150 4
460 75 250 4.2
461 0 0 1.2
461 25 30 4.8
461 50 150 4
461 75 250 4.2
462 0 0 1.2
462 25 30 4.8
462 50 150 4
462 75 250 4.2
463 0 0 1.2
463 25 30 4.8
463 50 150 4
463 75 250 4.2
464 0 0 1.2
464 25 30 4.8
464 50 150 4
464 75 250 4.2
465 0 0 1.2
465 25 30 4.8
465 50 150 4
465 75 250 4.2
466 0 0 1.2
466 25 30 4.8
466 50 150 4
466 75 250 4.2
467 0 0 1.2
467 25 30 4.8
467 50 150 4
467 75 250 4.2
468 0 0 1.2
468 25 30 4.8
468 50 150 4
468 75 250 4.2
469 0 0 1.2
469 25 30 4.8
469 50 150 4
469 75 250 4.2
470 0 0 1.2
470 25 30 4.8
470 50 150 4
470 75 250 4.2
471 0 0 1.2
471 25 30 4.8
471 50 150 4
471 75 250 4.2
472 0 0 1.2
472 25 30 4.8
472 50 150 4
472 75 250 4.2
473 0 0 1.2
473 25 30 4.8
473 50 150 4
473 75 250 4.2
474 0 0 1.2
474 25 30 4.8
474 50 150 4
474 75 250 4.2
475 0 0 1.2
475 25 30 4.8
475 50 150 4
475 75 250 4.2
476 0 0 1.2
476 25 30 4.8
476 50 150 4
476 75 250 4.2
477 0 0 1.2
477 25 30 4.8
477 50 150 4
477 75 250 4.2
478 0 0 1.2
478 25 30 4.8
478 50 150 4
478 75 250 4.2
479 0 0 1.2
479 25 30 4.8
479 50 150 4
479 75 250 4.2
480 0 0 1.2
480 25 30 4.8
480 50 150 4
480 75 250 4.2
481 0 0 1.2
481 25 30 4.8
481 50 150 4
481 75 250 4.2
482 0 0 1.2
482 25 30 4.8
482 50 150 4
482 75 250 4.2
483 0 0 1.2
483 25 30 4.8
483 50 150 4
483 75 250 4.2
484 0 0 1.2
484 25 30 4.8
484 50 150 4
484 75 250 4.2
485 0 0 1.2
485 25 30 4.8
485 50 150 4
485 75 250 4.2
486 0 0 1.2
486 25 30 4.8
486 50 150 4
486 75 250 4.2
487 0 0 1.2
487 25 30 4.8
487 50 150 4
487 75 250 4.2
488 0 0 1.2
488 25 30 4.8
488 50 150 4
488 75 250 4.2
489 0 0 1.2
489 25 30 4.8
489 50 150 4
489 75 250 4.2
490 0 0 1.2
490 25 30 4.8
490 50 150 4
490 75 250 4.2
491 0 0 1.2
491 25 30 4.8
491 50 150 4
491 75 250 4.2
492 0 0 1.2
492 25 30 4.8
492 50 150 4
492 75 250 4.2
493 0 0 1.2
493 25 30 4.8
493 50 150 4
493 75 250 4.2
494 0 0 1.2
494 25 30 4.8
494 50 150 4
494 75 250 4.2
495 0 0 1.2
495 25 30 4.8
495 50 150 4
495 75 250 4.2
496 0 0 1.2
496 25 30 4.8
496 50 150 4
496 75 250 4.2
497 0 0 1.2
497 25 30 4.8
497 50 150 4
497 75 250 4.2
498 0 0 1.2
498 25 30 4.8
498 50 150 4
498 75 250 4.2
499 0 0 1.2
499 25 30 4.8
499 50 150 4
499 75 250 4.2
500 0 0 1.2
500 25 30 4.8
500 50 150 4
500 75 250 4.2
501 0 0 1.2
501 25 30 4.8
501 50 150 4
501 75 250 4.2
502 0 0 1.2
502 25 30 4.8
502 50 150 4
502 75 250 4.2
503 0 0 1.2
503 25 30 4.8
503 50 150 4
503 75 250 4.2
504 0 0 1.2
504 25 30 4.8
504 50 150 4
504 75 250 4.2
505 0 0 1.2
505 25 30 4.8
505 50 150 4
505 75 250 4.2
506 0 0 1.2
506 25 30 4.8
506 50 150 4
506 75 250 4.2
507 0 0 1.2
507 25 30 4.8
507 50 150 4
507 75 250 4.2
508 0 0 1.2
508 25 30 4.8
508 50 150 4
508 75 250 4.2
509 0 0 1.2
509 25 30 4.8
509 50 150 4
509 75 250 4.2
510 0 0 1.2
510 25 30 4.8
510 50 150 4
510 75 250 4.2
511 0 0 1.2
511 25 30 4.8
511 50 150 4
511 75 250 4.2
512 0 0 1.2
512 25 30 4.8
512 50 150 4
512 75 250 4.2
513 0 0 1.2
513 25 30 4.8
513 50 150 4
513 75 250 4.2
514 0 0 1.2
514 25 30 4.8
514 50 150 4
514 75 250 4.2
515 0 0 1.2
515 25 30 4.8
515 50 150 4
515 75 250 4.2
516 0 0 1.2
516 25 30 4.8
516 50 150 4
516 75 250 4.2
517 0 0 1.2
517 25 30 4.8
517 50 150 4
517 75 250 4.2
518 0 0 1.2
518 25 30 4.8
518 50 150 4
518 75 250 4.2
519 0 0 1.2
519 25 30 4.8
519 50 150 4
519 75 250 4.2
520 0 0 1.2
520 25 30 4.8
520 50 150 4
520 75 250 4.2
521 0 0 1.2
521 25 30 4.8
521 50 150 4
521 75 250 4.2
522 0 0 1.2
522 25 30 4.8
522 50 150 4
522 75 250 4.2
523 0 0 1.2
523 25 30 4.8
523 50 150 4
523 75 250 4.2
524 0 0 1.2
524 25 30 4.8
524 50 150 4
524 75 250 4.2
525 0 0 1.2
525 25 30 4.8
525 50 150 4
525 75 250 4.2
526 0 0 1.2
526 25 30 4.8
526 50 150 4
526 75 250 4.2
527 0 0 1.2
527 25 30 4.8
527 50 150 4
527 75 250 4.2
528 0 0 1.2
528 25 30 4.8
528 50 150 4
528 75 250 4.2
529 0 0 1.2
529 25 30 4.8
529 50 150 4
529 75 250 4.2
530 0 0 1.2
530 25 30 4.8
530 50 150 4
530 75 250 4.2
531 0 0 1.2
531 25 30 4.8
531 50 150 4
531 75 250 4.2
532 0 0 1.2
532 25 30 4.8
532 50 150 4
532 75 250 4.2
533 0 0 1.2
533 25 30 4.8
533 50 150 4
533 75 250 4.2
534 0 0 1.2
534 25 30 4.8
534 50 150 4
534 75 250 4.2
535 0 0 1.2
535 25 30 4.8
535 50 150 4
535 75 250 4.2
536 0 0 1.2
536 25 30 4.8
536 50 150 4
536 75 250 4.2
537 0 0 1.2
537 25 30 4.8
537 50 150 4
537 75 250 4.2
538 0 0 1.2
538 25 30 4.8
538 50 150 4
538 75 250 4.2
539 0 0 1.2
539 25 30 4.8
539 50 150 4
539 75 250 4.2
540 0 0 1.2
540 25 30 4.8
540 50 150 4
540 75 250 4.2
541 0 0 1.2
541 25 30 4.8
541 50 150 4
541 75 250 4.2
542 0 0 1.2
542 25 30 4.8
542 50 150 4
542 75 250 4.2
543 0 0 1.2
543 25 30 4.8
543 50 150 4
543 75 250 4.2
544 0 0 1.2
544 25 30 4.8
544 50 150 4
544 75 250 4.2
545 0 0 1.2
545 25 30 4.8
545 50 150 4
545 75 250 4.2
546 0 0 1.2
546 25 30 4.8
546 50 150 4
546 75 250 4.2
547 0 0 1.2
547 25 30 4.8
547 50 150 4
547 75 250 4.2
548 0 0 1.2
548 25 30 4.8
548 50 150 4
548 75 250 4.2
549 0 0 1.2
549 25 30 4.8
549 50 150 4
549 75 250 4.2
550 0 0 1.2
550 25 30 4.8
550 50 150 4
550 75 250 4.2
551 0 0 1.2
551 25 30 4.8
551 50 150 4
551 75 250 4.2
552 0 0 1.2
552 25 30 4.8
552 50 150 4
552 75 250 4.2
553 0 0 1.2
553 25 30 4.8
553 50 150 4
553 75 250 4.2
554 0 0 1.2
554 25 30 4.8
554 50 150 4
554 75 250 4.2
555 0 0 1.2
555 25 30 4.8
555 50 150 4
555 75 250 4.2
556 0 0 1.2
556 25 30 4.8
556 50 150 4
556 75 250 4.2
557 0 0 1.2
557 25 30 4.8
557 50 150 4
557 75 250 4.2
558 0 0 1.2
558 25 30 4.8
558 50 150 4
558 75 250 4.2
559 0 0 1.2
559 25 30 4.8
559 50 150 4
559 75 250 4.2
560 0 0 1.2
560 25 30 4.8
560 50 150 4
560 75 250 4.2
561 0 0 1.2
561 25 30 4.8
561 50 150 4
561 75 250 4.2
562 0 0 1.2
562 25 30 4.8
562 50 150 4
562 75 250 4.2
563 0 0 1.2
563 25 30 4.8
563 50 150 4
563 75 250 4.2
564 0 0 1.2
564 25 30 4.8
564 50 150 4
564 75 250 4.2
565 0 0 1.2
565 25 30 4.8
565 50 150 4
565 75 250 4.2
566 0 0 1.2
566 25 30 4.8
566 50 150 4
566 75 250 4.2
567 0 0 1.2
567 25 30 4.8
567 50 150 4
567 75 250 4.2
568 0 0 1.2
568 25 30 4.8
568 50 150 4
568 75 250 4.2
569 0 0 1.2
569 25 30 4.8
569 50 150 4
569 75 250 4.2
570 0 0 1.2
570 25 30 4.8
570 50 150 4
570 75 250 4.2
571 0 0 1.2
571 25 30 4.8
571 50 150 4
571 75 250 4.2
572 0 0 1.2
572 25 30 4.8
572 50 150 4
572 75 250 4.2
573 0 0 1.2
573 25 30 4.8
573 50 150 4
573 75 250 4.2
574 0 0 1.2
574 25 30 4.8
574 50 150 4
574 75 250 4.2
575 0 0 1.2
575 25 30 4.8
575 50 150 4
575 75 250 4.2
576 0 0 1.2
576 25 30 4.8
576 50 150 4
576 75 250 4.2
577 0 0 1.2
577 25 30 4.8
577 50 150 4
577 75 250 4.2
578 0 0 1.2
578 25 30 4.8
578 50 150 4
578 75 250 4.2
579 0 0 1.2
579 25 30 4.8
579 50 150 4
579 75 250 4.2
580 0 0 1.2
580 25 30 4.8
580 50 150 4
580 75 250 4.2
581 0 0 1.2
581 25 30 4.8
581 50 150 4
581 75 250 4.2
582 0 0 1.2
582 25 30 4.8
582 50 150 4
582 75 250 4.2
583 0 0 1.2
583 25 30 4.8
583 50 150 4
583 75 250 4.2
584 0 0 1.2
584 25 30 4.8
584 50 150 4
584 75 250 4.2
585 0 0 1.2
585 25 30 4.8
585 50 150 4
585 75 250 4.2
586 0 0 1.2
586 25 30 4.8
586 50 150 4
586 75 250 4.2
587 0 0 1.2
587 25 30 4.8
587 50 150 4
587 75 250 4.2
588 0 0 1.2
588 25 30 4.8
588 50 150 4
588 75 250 4.2
589 0 0 1.2
589 25 30 4.8
589 50 150 4
589 75 250 4.2
590 0 0 1.2
590 25 30 4.8
590 50 150 4
590 75 250 4.2
591 0 0 1.2
591 25 30 4.8
591 50 150 4
591 75 250 4.2
592 0 0 1.2
592 25 30 4.8
592 50 150 4
592 75 250 4.2
593 0 0 1.2
593 25 30 4.8
593 50 150 4
593 75 250 4.2
594 0 0 1.2
594 25 30 4.8
594 50 150 4
594 75 250 4.2
595 0 0 1.2
595 25 30 4.8
595 50 150 4
595 75 250 4.2
596 0 0 1.2
596 25 30 4.8
596 50 150 4
596 75 250 4.2
597 0 0 1.2
597 25 30 4.8
597 50 150 4
597 75 250 4.2
598 0 0 1.2
598 25 30 4.8
598 50 150 4
598 75 250 4.2
599 0 0 1.2
599 25 30 4.8
599 50 150 4
599 75 250 4.2
600 0 0 1.2
600 25 30 4.8
600 50 150 4
600 75 250 4.2
601 0 0 1.2
601 25 30 4.8
601 50 150 4
601 75 250 4.2
602 0 0 1.2
602 25 30 4.8
602 50 150 4
602 75 250 4.2
603 0 0 1.2
603 25 30 4.8
603 50 150 4
603 75 250 4.2
604 0 0 1.2
604 25 30 4.8
604 50 150 4
604 75 250 4.2
605 0 0 1.2
605 25 30 4.8
605 50 150 4
605 75 250 4.2
606 0 0 1.2
606 25 30 4.8
606 50 150 4
606 75 250 4.2
607 0 0 1.2
607 25 30 4.8
607 50 150 4
607 75 250 4.2
608 0 0 1.2
608 25 30 4.8
608 50 150 4
608 75 250 4.2
609 0 0 1.2
609 25 30 4.8
609 50 150 4
609 75 250 4.2
610 0 0 1.2
610 25 30 4.8
610 50 150 4
610 75 250 4.2
611 0 0 1.2
611 25 30 4.8
611 50 150 4
611 75 250 4.2
612 0 0 1.2
612 25 30 4.8
612 50 150 4
612 75 250 4.2
613 0 0 1.2
613 25 30 4.8
613 50 150 4
613 75 250 4.2
614 0 0 1.2
614 25 30 4.8
614 50 150 4
614 75 250 4.2
615 0 0 1.2
615 25 30 4.8
615 50 150 4
615 75 250 4.2
616 0 0 1.2
616 25 30 4.8
616 50 150 4
616 75 250 4.2
617 0 0 1.2
617 25 30 4.8
617 50 150 4
617 75 250 4.2
618 0 0 1.2
618 25 30 4.8
618 50 150 4
618 75 250 4.2
619 0 0 1.2
619 25 30 4.8
619 50 150 4
619 75 250 4.2
620 0 0 1.2
620 25 30 4.8
620 50 150 4
620 75 250 4.2
621 0 0 1.2
621 25 30 4.8
621 50 150 4
621 75 250 4.2
622 0 0 1.2
622 25 30 4.8
622 50 150 4
622 75 250 4.2
623 0 0 1.2
623 25 30 4.8
623 50 150 4
623 75 250 4.2
624 0 0 1.2
624 25 30 4.8
624 50 150 4
624 75 250 4.2
625 0 0 1.2
625 25 30 4.8
625 50 150 4
625 75 250 4.2
626 0 0 1.2
626 25 30 4.8
626 50 150 4
626 75 250 4.2
627 0 0 1.2
627 25 30 4.8
627 50 150 4
627 75 250 4.2
628 0 0 1.2
628 25 30 4.8
628 50 150 4
628 75 250 4.2
629 0 0 1.2
629 25 30 4.8
629 50 150 4
629 75 250 4.2
630 0 0 1.2
630 25 30 4.8
630 50 150 4
630 75 250 4.2
631 0 0 1.2
631 25 30 4.8
631 50 150 4
631 75 250 4.2
632 0 0 1.2
632 25 30 4.8
632 50 150 4
632 75 250 4.2
633 0 0 1.2
633 25 30 4.8
633 50 150 4
633 75 250 4.2
634 0 0 1.2
634 25 30 4.8
634 50 150 4
634 75 250 4.2
635 0 0 1.2
635 25 30 4.8
635 50 150 4
635 75 250 4.2
636 0 0 1.2
636 25 30 4.8
636 50 150 4
636 75 250 4.2
637 0 0 1.2
637 25 30 4.8
637 50 150 4
637 75 250 4.2
638 0 0 1.2
638 25 30 4.8
638 50 150 4
638 75 250 4.2
639 0 0 1.2
639 25 30 4.8
639 50 150 4
639 75 250 4.2
640 0 0 1.2
640 25 30 4.8
640 50 150 4
640 75 250 4.2
641 0 0 1.2
641 25 30 4.8
641 50 150 4
641 75 250 4.2
642 0 0 1.2
642 25 30 4.8
642 50 150 4
642 75 250 4.2
643 0 0 1.2
643 25 30 4.8
643 50 150 4
643 75 250 4.2
644 0 0 1.2
644 25 30 4.8
644 50 150 4
644 75 250 4.2
645 0 0 1.2
645 25 30 4.8
645 50 150 4
645 75 250 4.2
646 0 0 1.2
646 25 30 4.8
646 50 150 4
646 75 250 4.2
647 0 0 1.2
647 25 30 4.8
647 50 150 4
647 75 250 4.2
648 0 0 1.2
648 25 30 4.8
648 50 150 4
648 75 250 4.2
649 0 0 1.2
649 25 30 4.8
649 50 150 4
649 75 250 4.2
650 0 0 1.2
650 25 30 4.8
650 50 150 4
650 75 250 4.2
651 0 0 1.2
651 25 30 4.8
651 50 150 4
651 75 250 4.2
652 0 0 1.2
652 25 30 4.8
652 50 150 4
652 75 250 4.2
653 0 0 1.2
653 25 30 4.8
653 50 150 4
653 75 250 4.2
654 0 0 1.2
654 25 30 4.8
654 50 150 4
654 75 250 4.2
655 0 0 1.2
655 25 30 4.8
655 50 150 4
655 75 250 4.2
656 0 0 1.2
656 25 30 4.8
656 50 150 4
656 75 250 4.2
657 0 0 1.2
657 25 30 4.8
657 50 150 4
657 75 250 4.2
658 0 0 1.2
658 25 30 4.8
658 50 150 4
658 75 250 4.2
659 0 0 1.2
659 25 30 4.8
659 50 150 4
659 75 250 4.2
660 0 0 1.2
660 25 30 4.8
660 50 150 4
660 75 250 4.2
661 0 0 1.2
661 25 30 4.8
661 50 150 4
661 75 250 4.2
662 0 0 1.2
662 25 30 4.8
662 50 150 4
662 75 250 4.2
663 0 0 1.2
663 25 30 4.8
663 50 150 4
663 75 250 4.2
664 0 0 1.2
664 25 30 4.8
664 50 150 4
664 75 250 4.2
665 0 0 1.2
665 25 30 4.8
665 50 150 4
665 75 250 4.2
666 0 0 1.2
666 25 30 4.8
666 50 150 4
666 75 250 4.2
667 0 0 1.2
667 25 30 4.8
667 50 150 4
667 75 250 4.2
668 0 0 1.2
668 25 30 4.8
668 50 150 4
668 75 250 4.2
669 0 0 1.2
669 25 30 4.8
669 50 150 4
669 75 250 4.2
670 0 0 1.2
670 25 30 4.8
670 50 150 4
670 75 250 4.2
671 0 0 1.2
671 25 30 4.8
671 50 150 4
671 75 250 4.2
672 0 0 1.2
672 25 30 4.8
672 50 150 4
672 75 250 4.2
673 0 0 1.2
673 25 30 4.8
673 50 150 4
673 75 250 4.2
674 0 0 1.2
674 25 30 4.8
674 50 150 4
674 75 250 4.2
675 0 0 1.2
675 25 30 4.8
675 50 150 4
675 75 250 4.2
676 0 0 1.2
676 25 30 4.8
676 50 150 4
676 75 250 4.2
677 0 0 1.2
677 25 30 4.8
677 50 150 4
677 75 250 4.2
678 0 0 1.2
678 25 30 4.8
678 50 150 4
678 75 250 4.2
679 0 0 1.2
679 25 30 4.8
679 50 150 4
679 75 250 4.2
680 0 0 1.2
680 25 30 4.8
680 50 150 4
680 75 250 4.2
681 0 0 1.2
681 25 30 4.8
681 50 150 4
681 75 250 4.2
682 0 0 1.2
682 25 30 4.8
682 50 150 4
682 75 250 4.2
683 0 0 1.2
683 25 30 4.8
683 50 150 4
683 75 250 4.2
684 0 0 1.2
684 25 30 4.8
684 50 150 4
684 75 250 4.2
685 0 0 1.2
685 25 30 4.8
685 50 150 4
685 75 250 4.2
686 0 0 1.2
686 25 30 4.8
686 50 150 4
686 75 250 4.2
687 0 0 1.2
687 25 30 4.8
687 50 150 4
687 75 250 4.2
688 0 0 1.2
688 25 30 4.8
688 50 150 4
688 75 250 4.2
689 0 0 1.2
689 25 30 4.8
689 50 150 4
689 75 250 4.2
690 0 0 1.2
690 25 30 4.8
690 50 150 4
690 75 250 4.2
691 0 0 1.2
691 25 30 4.8
691 50 150 4
691 75 250 4.2
692 0 0 1.2
692 25 30 4.8
692 50 150 4
692 75 250 4.2
693 0 0 1.2
693 25 30 4.8
693 50 150 4
693 75 250 4.2
694 0 0 1.2
694 25 30 4.8
694 50 150 4
694 75 250 4.2
695 0 0 1.2
695 25 30 4.8
695 50 150 4
695 75 250 4.2
696 0 0 1.2
696 25 30 4.8
696 50 150 4
696 75 250 4.2
697 0 0 1.2
697 25 30 4.8
697 50 150 4
697 75 250 4.2
698 0 0 1.2
698 25 30 4.8
698 50 150 4
698 75 250 4.2
699 0 0 1.2
699 25 30 4.8
699 50 150 4
699 75 250 4.2
700 0 0 1.2
700 25 30 4.8
700 50 150 4
700 75 250 4.2
701 0 0 1.2
701 25 30 4.8
701 50 150 4
701 75 250 4.2
702 0 0 1.2
702 25 30 4.8
702 50 150 4
702 75 250 4.2
703 0 0 1.2
703 25 30 4.8
703 50 150 4
703 75 250 4.2
704 0 0 1.2
704 25 30 4.8
704 50 150 4
704 75 250 4.2
705 0 0 1.2
705 25 30 4.8
705 50 150 4
705 75 250 4.2
706 0 0 1.2
706 25 30 4.8
706 50 150 4
706 75 250 4.2
707 0 0 1.2
707 25 30 4.8
707 50 150 4
707 75 250 4.2
708 0 0 1.2
708 25 30 4.8
708 50 150 4
708 75 250 4.2
709 0 0 1.2
709 25 30 4.8
709 50 150 4
709 75 250 4.2
710 0 0 1.2
710 25 30 4.8
710 50 150 4
710 75 250 4.2
711 0 0 1.2
711 25 30 4.8
711 50 150 4
711 75 250 4.2
712 0 0 1.2
712 25 30 4.8
712 50 150 4
712 75 250 4.2
713 0 0 1.2
713 25 30 4.8
713 50 150 4
713 75 250 4.2
714 0 0 1.2
714 25 30 4.8
714 50 150 4
714 75 250 4.2
715 0 0 1.2
715 25 30 4.8
715 50 150 4
715 75 250 4.2
716 0 0 1.2
716 25 30 4.8
716 50 150 4
716 75 250 4.2
717 0 0 1.2
717 25 30 4.8
717 50 150 4
717 75 250 4.2
718 0 0 1.2
718 25 30 4.8
718 50 150 4
718 75 250 4.2
719 0 0 1.2
719 25 30 4.8
719 50 150 4
719 75 250 4.2
720 0 0 1.2
720 25 30 4.8
720 50 150 4
720 75 250 4.2
721 0 0 1.2
721 25 30 4.8
721 50 150 4
721 75 250 4.2
722 0 0 1.2
722 25 30 4.8
722 50 150 4
722 75 250 4.2
723 0 0 1.2
723 25 30 4.8
723 50 150 4
723 75 250 4.2
724 0 0 1.2
724 25 30 4.8
724 50 150 4
724 75 250 4.2
725 0 0 1.2
725 25 30 4.8
725 50 150 4
725 75 250 4.2
726 0 0 1.2
726 25 30 4.8
726 50 150 4
726 75 250 4.2
727 0 0 1.2
727 25 30 4.8
727 50 150 4
727 75 250 4.2
728 0 0 1.2
728 25 30 4.8
728 50 150 4
728 75 250 4.2
729 0 0 1.2
729 25 30 4.8
729 50 150 4
729 75 250 4.2
730 0 0 1.2
730 25 30 4.8
730 50 150 4
730 75 250 4.2
731 0 0 1.2
731 25 30 4.8
731 50 150 4
731 75 250 4.2
732 0 0 1.2
732 25 30 4.8
732 50 150 4
732 75 250 4.2
733 0 0 1.2
733 25 30 4.8
733 50 150 4
733 75 250 4.2
734 0 0 1.2
734 25 30 4.8
734 50 150 4
734 75 250 4.2
735 0 0 1.2
735 25 30 4.8
735 50 150 4
735 75 250 4.2
736 0 0 1.2
736 25 30 4.8
736 50 150 4
736 75 250 4.2
737 0 0 1.2
737 25 30 4.8
737 50 150 4
737 75 250 4.2
738 0 0 1.2
738 25 30 4.8
738 50 150 4
738 75 250 4.2
739 0 0 1.2
739 25 30 4.8
739 50 150 4
739 75 250 4.2
740 0 0 1.2
740 25 30 4.8
740 50 150 4
740 75 250 4.2
741 0 0 1.2
741 25 30 4.8
741 50 150 4
741 75 250 4.2
742 0 0 1.2
742 25 30 4.8
742 50 150 4
742 75 250 4.2
743 0 0 1.2
743 25 30 4.8
743 50 150 4
743 75 250 4.2
744 0 0 1.2
744 25 30 4.8
744 50 150 4
744 75 250 4.2
745 0 0 1.2
745 25 30 4.8
745 50 150 4
745 75 250 4.2
746 0 0 1.2
746 25 30 4.8
746 50 150 4
746 75 250 4.2
747 0 0 1.2
747 25 30 4.8
747 50 150 4
747 75 250 4.2
748 0 0 1.2
748 25 30 4.8
748 50 150 4
748 75 250 4.2
749 0 0 1.2
749 25 30 4.8
749 50 150 4
749 75 250 4.2
750 0 0 1.2
750 25 30 4.8
750 50 150 4
750 75 250 4.2
751 0 0 1.2
751 25 30 4.8
751 50 150 4
751 75 250 4.2
752 0 0 1.2
752 25 30 4.8
752 50 150 4
752 75 250 4.2
753 0 0 1.2
753 25 30 4.8
753 50 150 4
753 75 250 4.2
754 0 0 1.2
754 25 30 4.8
754 50 150 4
754 75 250 4.2
755 0 0 1.2
755 25 30 4.8
755 50 150 4
755 75 250 4.2
756 0 0 1.2
756 25 30 4.8
756 50 150 4
756 75 250 4.2
757 0 0 1.2
757 25 30 4.8
757 50 150 4
757 75 250 4.2
758 0 0 1.2
758 25 30 4.8
758 50 150 4
758 75 250 4.2
759 0 0 1.2
759 25 30 4.8
759 50 150 4
759 75 250 4.2
760 0 0 1.2
760 25 30 4.8
760 50 150 4
760 75 250 4.2
761 0 0 1.2
761 25 30 4.8
761 50 150 4
761 75 250 4.2
762 0 0 1.2
762 25 30 4.8
762 50 150 4
762 75 250 4.2
763 0 0 1.2
763 25 30 4.8
763 50 150 4
763 75 250 4.2
764 0 0 1.2
764 25 30 4.8
764 50 150 4
764 75 250 4.2
765 0 0 1.2
765 25 30 4.8
765 50 150 4
765 75 250 4.2
766 0 0 1.2
766 25 30 4.8
766 50 150 4
766 75 250 4.2
767 0 0 1.2
767 25 30 4.8
767 50 150 4
767 75 250 4.2
768 0 0 1.2
768 25 30 4.8
768 50 150 4
768 75 250 4.2
769 0 0 1.2
769 25 30 4.8
769 50 150 4
769 75 250 4.2
770 0 0 1.2
770 25 30 4.8
770 50 150 4
770 75 250 4.2
771 0 0 1.2
771 25 30 4.8
771 50 150 4
771 75 250 4.2
772 0 0 1.2
772 25 30 4.8
772 50 150 4
772 75 250 4.2
773 0 0 1.2
773 25 30 4.8
773 50 150 4
773 75 250 4.2
774 0 0 1.2
774 25 30 4.8
774 50 150 4
774 75 250 4.2
775 0 0 1.2
775 25 30 4.8
775 50 150 4
775 75 250 4.2
776 0 0 1.2
776 25 30 4.8
776 50 150 4
776 75 250 4.2
777 0 0 1.2
777 25 30 4.8
777 50 150 4
777 75 250 4.2
778 0 0 1.2
778 25 30 4.8
778 50 150 4
778 75 250 4.2
779 0 0 1.2
779 25 30 4.8
779 50 150 4
779 75 250 4.2
780 0 0 1.2
780 25 30 4.8
780 50 150 4
780 75 250 4.2
781 0 0 1.2
781 25 30 4.8
781 50 150 4
781 75 250 4.2
782 0 0 1.2
782 25 30 4.8
782 50 150 4
782 75 250 4.2
783 0 0 1.2
783 25 30 4.8
783 50 150 4
783 75 250 4.2
784 0 0 1.2
784 25 30 4.8
784 50 150 4
784 75 250 4.2
785 0 0 1.2
785 25 30 4.8
785 50 150 4
785 75 250 4.2
786 0 0 1.2
786 25 30 4.8
786 50 150 4
786 75 250 4.2
787 0 0 1.2
787 25 30 4.8
787 50 150 4
787 75 250 4.2
788 0 0 1.2
788 25 30 4.8
788 50 150 4
788 75 250 4.2
789 0 0 1.2
789 25 30 4.8
789 50 150 4
789 75 250 4.2
790 0 0 1.2
790 25 30 4.8
790 50 150 4
790 75 250 4.2
791 0 0 1.2
791 25 30 4.8
791 50 150 4
791 75 250 4.2
792 0 0 1.2
792 25 30 4.8
792 50 150 4
792 75 250 4.2
793 0 0 1.2
793 25 30 4.8
793 50 150 4
793 75 250 4.2
794 0 0 1.2
794 25 30 4.8
794 50 150 4
794 75 250 4.2
795 0 0 1.2
795 25 30 4.8
795 50 150 4
795 75 250 4.2
796 0 0 1.2
796 25 30 4.8
796 50 150 4
796 75 250 4.2
797 0 0 1.2
797 25 30 4.8
797 50 150 4
797 75 250 4.2
798 0 0 1.2
798 25 30 4.8
798 50 150 4
798 75 250 4.2
799 0 0 1.2
799 25 30 4.8
799 50 150 4
799 75 250 4.2
800 0 0 1.2
800 25 30 4.8
800 50 150 4
800 75 250 4.2
801 0 0 1.2
801 25 30 4.8
801 50 150 4
801 75 250 4.2
802 0 0 1.2
802 25 30 4.8
802 50 150 4
802 75 250 4.2
803 0 0 1.2
803 25 30 4.8
803 50 150 4
803 75 250 4.2
804 0 0 1.2
804 25 30 4.8
804 50 150 4
804 75 250 4.2
805 0 0 1.2
805 25 30 4.8
805 50 150 4
805 75 250 4.2
806 0 0 1.2
806 25 30 4.8
806 50 150 4
806 75 250 4.2
807 0 0 1.2
807 25 30 4.8
807 50 150 4
807 75 250 4.2
808 0 0 1.2
808 25 30 4.8
808 50 150 4
808 75 250 4.2
809 0 0 1.2
809 25 30 4.8
809 50 150 4
809 75 250 4.2
810 0 0 1.2
810 25 30 4.8
810 50 150 4
810 75 250 4.2
811 0 0 1.2
811 25 30 4.8
811 50 150 4
811 75 250 4.2
812 0 0 1.2
812 25 30 4.8
812 50 150 4
812 75 250 4.2
813 0 0 1.2
813 25 30 4.8
813 50 150 4
813 75 250 4.2
814 0 0 1.2
814 25 30 4.8
814 50 150 4
814 75 250 4.2
815 0 0 1.2
815 25 30 4.8
815 50 150 4
815 75 250 4.2
816 0 0 1.2
816 25 30 4.8
816 50 150 4
816 75 250 4.2
817 0 0 1.2
817 25 30 4.8
817 50 150 4
817 75 250 4.2
818 0 0 1.2
818 25 30 4.8
818 50 150 4
818 75 250 4.2
819 0 0 1.2
819 25 30 4.8
819 50 150 4
819 75 250 4.2
820 0 0 1.2
820 25 30 4.8
820 50 150 4
820 75 250 4.2
821 0 0 1.2
821 25 30 4.8
821 50 150 4
821 75 250 4.2
822 0 0 1.2
822 25 30 4.8
822 50 150 4
822 75 250 4.2
823 0 0 1.2
823 25 30 4.8
823 50 150 4
823 75 250 4.2
824 0 0 1.2
824 25 30 4.8
824 50 150 4
824 75 250 4.2
825 0 0 1.2
825 25 30 4.8
825 50 150 4
825 75 250 4.2
826 0 0 1.2
826 25 30 4.8
826 50 150 4
826 75 250 4.2
827 0 0 1.2
827 25 30 4.8
827 50 150 4
827 75 250 4.2
828 0 0 1.2
828 25 30 4.8
828 50 150 4
828 75 250 4.2
829 0 0 1.2
829 25 30 4.8
829 50 150 4
829 75 250 4.2
830 0 0 1.2
830 25 30 4.8
830 50 150 4
830 75 250 4.2
831 0 0 1.2
831 25 30 4.8
831 50 150 4
831 75 250 4.2
832 0 0 1.2
832 25 30 4.8
832 50 150 4
832 75 250 4.2
833 0 0 1.2
833 25 30 4.8
833 50 150 4
833 75 250 4.2
834 0 0 1.2
834 25 30 4.8
834 50 150 4
834 75 250 4.2
835 0 0 1.2
835 25 30 4.8
835 50 150 4
835 75 250 4.2
836 0 0 1.2
836 25 30 4.8
836 50 150 4
836 75 250 4.2
837 0 0 1.2
837 25 30 4.8
837 50 150 4
837 75 250 4.2
838 0 0 1.2
838 25 30 4.8
838 50 150 4
838 75 250 4.2
839 0 0 1.2
839 25 30 4.8
839 50 150 4
839 75 250 4.2
840 0 0 1.2
840 25 30 4.8
840 50 150 4
840 75 250 4.2
841 0 0 1.2
841 25 30 4.8
841 50 150 4
841 75 250 4.2
842 0 0 1.2
842 25 30 4.8
842 50 150 4
842 75 250 4.2
843 0 0 1.2
843 25 30 4.8
843 50 150 4
843 75 250 4.2
844 0 0 1.2
844 25 30 4.8
844 50 150 4
844 75 250 4.2
845 0 0 1.2
845 25 30 4.8
845 50 150 4
845 75 250 4.2
846 0 0 1.2
846 25 30 4.8
846 50 150 4
846 75 250 4.2
847 0 0 1.2
847 25 30 4.8
847 50 150 4
847 75 250 4.2
848 0 0 1.2
848 25 30 4.8
848 50 150 4
848 75 250 4.2
849 0 0 1.2
849 25 30 4.8
849 50 150 4
849 75 250 4.2
850 0 0 1.2
850 25 30 4.8
850 50 150 4
850 75 250 4.2
851 0 0 1.2
851 25 30 4.8
851 50 150 4
851 75 250 4.2
852 0 0 1.2
852 25 30 4.8
852 50 150 4
852 75 250 4.2
853 0 0 1.2
853 25 30 4.8
853 50 150 4
853 75 250 4.2
854 0 0 1.2
854 25 30 4.8
854 50 150 4
854 75 250 4.2
855 0 0 1.2
855 25 30 4.8
855 50 150 4
855 75 250 4.2
856 0 0 1.2
856 25 30 4.8
856 50 150 4
856 75 250 4.2
857 0 0 1.2
857 25 30 4.8
857 50 150 4
857 75 250 4.2
858 0 0 1.2
858 25 30 4.8
858 50 150 4
858 75 250 4.2
859 0 0 1.2
859 25 30 4.8
859 50 150 4
859 75 250 4.2
860 0 0 1.2
860 25 30 4.8
860 50 150 4
860 75 250 4.2
861 0 0 1.2
861 25 30 4.8
861 50 150 4
861 75 250 4.2
862 0 0 1.2
862 25 30 4.8
862 50 150 4
862 75 250 4.2
863 0 0 1.2
863 25 30 4.8
863 50 150 4
863 75 250 4.2
864 0 0 1.2
864 25 30 4.8
864 50 150 4
864 75 250 4.2
865 0 0 1.2
865 25 30 4.8
865 50 150 4
865 75 250 4.2
866 0 0 1.2
866 25 30 4.8
866 50 150 4
866 75 250 4.2
867 0 0 1.2
867 25 30 4.8
867 50 150 4
867 75 250 4.2
868 0 0 1.2
868 25 30 4.8
868 50 150 4
868 75 250 4.2
869 0 0 1.2
869 25 30 4.8
869 50 150 4
869 75 250 4.2
870 0 0 1.2
870 25 30 4.8
870 50 150 4
870 75 250 4.2
871 0 0 1.2
871 25 30 4.8
871 50 150 4
871 75 250 4.2
872 0 0 1.2
872 25 30 4.8
872 50 150 4
872 75 250 4.2
873 0 0 1.2
873 25 30 4.8
873 50 150 4
873 75 250 4.2
874 0 0 1.2
874 25 30 4.8
874 50 150 4
874 75 250 4.2
875 0 0 1.2
875 25 30 4.8
875 50 150 4
875 75 250 4.2
876 0 0 1.2
876 25 30 4.8
876 50 150 4
876 75 250 4.2
877 0 0 1.2
877 25 30 4.8
877 50 150 4
877 75 250 4.2
878 0 0 1.2
878 25 30 4.8
878 50 150 4
878 75 250 4.2
879 0 0 1.2
879 25 30 4.8
879 50 150 4
879 75 250 4.2
880 0 0 1.2
880 25 30 4.8
880 50 150 4
880 75 250 4.2
881 0 0 1.2
881 25 30 4.8
881 50 150 4
881 75 250 4.2
882 0 0 1.2
882 25 30 4.8
882 50 150 4
882 75 250 4.2
883 0 0 1.2
883 25 30 4.8
883 50 150 4
883 75 250 4.2
884 0 0 1.2
884 25 30 4.8
884 50 150 4
884 75 250 4.2
885 0 0 1.2
885 25 30 4.8
885 50 150 4
885 75 250 4.2
886 0 0 1.2
886 25 30 4.8
886 50 150 4
886 75 250 4.2
887 0 0 1.2
887 25 30 4.8
887 50 150 4
887 75 250 4.2
888 0 0 1.2
888 25 30 4.8
888 50 150 4
888 75 250 4.2
889 0 0 1.2
889 25 30 4.8
889 50 150 4
889 75 250 4.2
890 0 0 1.2
890 25 30 4.8
890 50 150 4
890 75 250 4.2
891 0 0 1.2
891 25 30 4.8
891 50 150 4
891 75 250 4.2
892 0 0 1.2
892 25 30 4.8
892 50 150 4
892 75 250 4.2
893 0 0 1.2
893 25 30 4.8
893 50 150 4
893 75 250 4.2
894 0 0 1.2
894 25 30 4.8
894 50 150 4
894 75 250 4.2
895 0 0 1.2
895 25 30 4.8
895 50 150 4
895 75 250 4.2
896 0 0 1.2
896 25 30 4.8
896 50 150 4
896 75 250 4.2
897 0 0 1.2
897 25 30 4.8
897 50 150 4
897 75 250 4.2
898 0 0 1.2
898 25 30 4.8
898 50 150 4
898 75 250 4.2
899 0 0 1.2
899 25 30 4.8
899 50 150 4
899 75 250 4.2
900 0 0 1.2
900 25 30 4.8
900 50 150 4
900 75 250 4.2
901 0 0 1.2
901 25 30 4.8
901 50 150 4
901 75 250 4.2
902 0 0 1.2
902 25 30 4.8
902 50 150 4
902 75 250 4.2
903 0 0 1.2
903 25 30 4.8
903 50 150 4
903 75 250 4.2
904 0 0 1.2
904 25 30 4.8
904 50 150 4
904 75 250 4.2
905 0 0 1.2
905 25 30 4.8
905 50 150 4
905 75 250 4.2
906 0 0 1.2
906 25 30 4.8
906 50 150 4
906 75 250 4.2
907 0 0 1.2
907 25 30 4.8
907 50 150 4
907 75 250 4.2
908 0 0 1.2
908 25 30 4.8
908 50 150 4
908 75 250 4.2
909 0 0 1.2
909 25 30 4.8
909 50 150 4
909 75 250 4.2
910 0 0 1.2
910 25 30 4.8
910 50 150 4
910 75 250 4.2
911 0 0 1.2
911 25 30 4.8
911 50 150 4
911 75 250 4.2
912 0 0 1.2
912 25 30 4.8
912 50 150 4
912 75 250 4.2
913 0 0 1.2
913 25 30 4.8
913 50 150 4
913 75 250 4.2
914 0 0 1.2
914 25 30 4.8
914 50 150 4
914 75 250 4.2
915 0 0 1.2
915 25 30 4.8
915 50 150 4
915 75 250 4.2
916 0 0 1.2
916 25 30 4.8
916 50 150 4
916 75 250 4.2
917 0 0 1.2
917 25 30 4.8
917 50 150 4
917 75 250 4.2
918 0 0 1.2
918 25 30 4.8
918 50 150 4
918 75 250 4.2
919 0 0 1.2
919 25 30 4.8
919 50 150 4
919 75 250 4.2
920 0 0 1.2
920 25 30 4.8
920 50 150 4
920 75 250 4.2
921 0 0 1.2
921 25 30 4.8
921 50 150 4
921 75 250 4.2
922 0 0 1.2
922 25 30 4.8
922 50 150 4
922 75 250 4.2
923 0 0 1.2
923 25 30 4.8
923 50 150 4
923 75 250 4.2
924 0 0 1.2
924 25 30 4.8
924 50 150 4
924 75 250 4.2
925 0 0 1.2
925 25 30 4.8
925 50 150 4
925 75 250 4.2
926 0 0 1.2
926 25 30 4.8
926 50 150 4
926 75 250 4.2
927 0 0 1.2
927 25 30 4.8
927 50 150 4
927 75 250 4.2
928 0 0 1.2
928 25 30 4.8
928 50 150 4
928 75 250 4.2
929 0 0 1.2
929 25 30 4.8
929 50 150 4
929 75 250 4.2
930 0 0 1.2
930 25 30 4.8
930 50 150 4
930 75 250 4.2
931 0 0 1.2
931 25 30 4.8
931 50 150 4
931 75 250 4.2
932 0 0 1.2
932 25 30 4.8
932 50 150 4
932 75 250 4.2
933 0 0 1.2
933 25 30 4.8
933 50 150 4
933 75 250 4.2
934 0 0 1.2
934 25 30 4.8
934 50 150 4
934 75 250 4.2
935 0 0 1.2
935 25 30 4.8
935 50 150 4
935 75 250 4.2
936 0 0 1.2
936 25 30 4.8
936 50 150 4
936 75 250 4.2
937 0 0 1.2
937 25 30 4.8
937 50 150 4
937 75 250 4.2
938 0 0 1.2
938 25 30 4.8
938 50 150 4
938 75 250 4.2
939 0 0 1.2
939 25 30 4.8
939 50 150 4
939 75 250 4.2
940 0 0 1.2
940 25 30 4.8
940 50 150 4
940 75 250 4.2
941 0 0 1.2
941 25 30 4.8
941 50 150 4
941 75 250 4.2
942 0 0 1.2
942 25 30 4.8
942 50 150 4
942 75 250 4.2
943 0 0 1.2
943 25 30 4.8
943 50 150 4
943 75 250 4.2
944 0 0 1.2
944 25 30 4.8
944 50 150 4
944 75 250 4.2
945 0 0 1.2
945 25 30 4.8
945 50 150 4
945 75 250 4.2
946 0 0 1.2
946 25 30 4.8
946 50 150 4
946 75 250 4.2
947 0 0 1.2
947 25 30 4.8
947 50 150 4
947 75 250 4.2
948 0 0 1.2
948 25 30 4.8
948 50 150 4
948 75 250 4.2
949 0 0 1.2
949 25 30 4.8
949 50 150 4
949 75 250 4.2
950 0 0 1.2
950 25 30 4.8
950 50 150 4
950 75 250 4.2
951 0 0 1.2
951 25 30 4.8
951 50 150 4
951 75 250 4.2
952 0 0 1.2
952 25 30 4.8
952 50 150 4
952 75 250 4.2
953 0 0 1.2
953 25 30 4.8
953 50 150 4
953 75 250 4.2
954 0 0 1.2
954 25 30 4.8
954 50 150 4
954 75 250 4.2
955 0 0 1.2
955 25 30 4.8
955 50 150 4
955 75 250 4.2
956 0 0 1.2
956 25 30 4.8
956 50 150 4
956 75 250 4.2
957 0 0 1.2
957 25 30 4.8
957 50 150 4
957 75 250 4.2
958 0 0 1.2
958 25 30 4.8
958 50 150 4
958 75 250 4.2
959 0 0 1.2
959 25 30 4.8
959 50 150 4
959 75 250 4.2
960 0 0 1.2
960 25 30 4.8
960 50 150 4
960 75 250 4.2
961 0 0 1.2
961 25 30 4.8
961 50 150 4
961 75 250 4.2
962 0 0 1.2
962 25 30 4.8
962 50 150 4
962 75 250 4.2
963 0 0 1.2
963 25 30 4.8
963 50 150 4
963 75 250 4.2
964 0 0 1.2
964 25 30 4.8
964 50 150 4
964 75 250 4.2
965 0 0 1.2
965 25 30 4.8
965 50 150 4
965 75 250 4.2
966 0 0 1.2
966 25 30 4.8
966 50 150 4
966 75 250 4.2
967 0 0 1.2
967 25 30 4.8
967 50 150 4
967 75 250 4.2
968 0 0 1.2
968 25 30 4.8
968 50 150 4
968 75 250 4.2
969 0 0 1.2
969 25 30 4.8
969 50 150 4
969 75 250 4.2
970 0 0 1.2
970 25 30 4.8
970 50 150 4
970 75 250 4.2
971 0 0 1.2
971 25 30 4.8
971 50 150 4
971 75 250 4.2
972 0 0 1.2
972 25 30 4.8
972 50 150 4
972 75 250 4.2
973 0 0 1.2
973 25 30 4.8
973 50 150 4
973 75 250 4.2
974 0 0 1.2
974 25 30 4.8
974 50 150 4
974 75 250 4.2
975 0 0 1.2
975 25 30 4.8
975 50 150 4
975 75 250 4.2
976 0 0 1.2
976 25 30 4.8
976 50 150 4
976 75 250 4.2
977 0 0 1.2
977 25 30 4.8
977 50 150 4
977 75 250 4.2
978 0 0 1.2
978 25 30 4.8
978 50 150 4
978 75 250 4.2
979 0 0 1.2
979 25 30 4.8
979 50 150 4
979 75 250 4.2
980 0 0 1.2
980 25 30 4.8
980 50 150 4
980 75 250 4.2
981 0 0 1.2
981 25 30 4.8
981 50 150 4
981 75 250 4.2
982 0 0 1.2
982 25 30 4.8
982 50 150 4
982 75 250 4.2
983 0 0 1.2
983 25 30 4.8
983 50 150 4
983 75 250 4.2
984 0 0 1.2
984 25 30 4.8
984 50 150 4
984 75 250 4.2
985 0 0 1.2
985 25 30 4.8
985 50 150 4
985 75 250 4.2
986 0 0 1.2
986 25 30 4.8
986 50 150 4
986 75 250 4.2
987 0 0 1.2
987 25 30 4.8
987 50 150 4
987 75 250 4.2
988 0 0 1.2
988 25 30 4.8
988 50 150 4
988 75 250 4.2
989 0 0 1.2
989 25 30 4.8
989 50 150 4
989 75 250 4.2
990 0 0 1.2
990 25 30 4.8
990 50 150 4
990 75 250 4.2
991 0 0 1.2
991 25 30 4.8
991 50 150 4
991 75 250 4.2
992 0 0 1.2
992 25 30 4.8
992 50 150 4
992 75 250 4.2
993 0 0 1.2
993 25 30 4.8
993 50 150 4
993 75 250 4.2
994 0 0 1.2
994 25 30 4.8
994 50 150 4
994 75 250 4.2
995 0 0 1.2
995 25 30 4.8
995 50 150 4
995 75 250 4.2
996 0 0 1.2
996 25 30 4.8
996 50 150 4
996 75 250 4.2
997 0 0 1.2
997 25 30 4.8
997 50 150 4
997 75 250 4.2
998 0 0 1.2
998 25 30 4.8
998 50 150 4
998 75 250 4.2
999 0 0 1.2
999 25 30 4.8
999 50 150 4
999 75 250 4.2
