500 10
0 0 0 2.7
0 10 27 4.2
0 20 69 0.9
0 30 78 4
0 40 118 4.3
0 50 161 2.5
0 60 186 2.9
0 70 215 1
0 80 225 4.5
0 90 270 4.4
1 0 0 2.7
1 10 27 4.2
1 20 69 0.9
1 30 78 4
1 40 118 4.3
1 50 161 2.5
1 60 186 2.9
1 70 215 1
1 80 225 4.5
1 90 270 4.4
2 0 0 2.7
2 10 27 4.2
2 20 69 0.9
2 30 78 4
2 40 118 4.3
2 50 161 2.5
2 60 186 2.9
2 70 215 1
2 80 225 4.5
2 90 270 4.4
3 0 0 2.7
3 10 27 4.2
3 20 69 0.9
3 30 78 4
3 40 118 4.3
3 50 161 2.5
3 60 186 2.9
3 70 215 1
3 80 225 4.5
3 90 270 4.4
4 0 0 2.7
4 10 27 4.2
4 20 69 0.9
4 30 78 4
4 40 118 4.3
4 50 161 2.5
4 60 186 2.9
4 70 215 1
4 80 225 4.5
4 90 270 4.4
5 0 0 2.7
5 10 27 4.2
5 20 69 0.9
5 30 78 4
5 40 118 4.3
5 50 161 2.5
5 60 186 2.9
5 70 215 1
5 80 225 4.5
5 90 270 4.4
6 0 0 2.7
6 10 27 4.2
6 20 69 0.9
6 30 78 4
6 40 118 4.3
6 50 161 2.5
6 60 186 2.9
6 70 215 1
6 80 225 4.5
6 90 270 4.4
7 0 0 2.7
7 10 27 4.2
7 20 69 0.9
7 30 78 4
7 40 118 4.3
7 50 161 2.5
7 60 186 2.9
7 70 215 1
7 80 225 4.5
7 90 270 4.4
8 0 0 2.7
8 10 27 4.2
8 20 69 0.9
8 30 78 4
8 40 118 4.3
8 50 161 2.5
8 60 186 2.9
8 70 215 1
8 80 225 4.5
8 90 270 4.4
9 0 0 2.7
9 10 27 4.2
9 20 69 0.9
9 30 78 4
9 40 118 4.3
9 50 161 2.5
9 60 186 2.9
9 70 215 1
9 80 225 4.5
9 90 270 4.4
10 0 0 2.7
10 10 27 4.2
10 20 69 0.9
10 30 78 4
10 40 118 4.3
10 50 161 2.5
10 60 186 2.9
10 70 215 1
10 80 225 4.5
10 90 270 4.4
11 0 0 2.7
11 10 27 4.2
11 20 69 0.9
11 30 78 4
11 40 118 4.3
11 50 161 2.5
11 60 186 2.9
11 70 215 1
11 80 225 4.5
11 90 270 4.4
12 0 0 2.7
12 10 27 4.2
12 20 69 0.9
12 30 78 4
12 40 118 4.3
12 50 161 2.5
12 60 186 2.9
12 70 215 1
12 80 225 4.5
12 90 270 4.4
13 0 0 2.7
13 10 27 4.2
13 20 69 0.9
13 30 78 4
13 40 118 4.3
13 50 161 2.5
13 60 186 2.9
13 70 215 1
13 80 225 4.5
13 90 270 4.4
14 0 0 2.7
14 10 27 4.2
14 20 69 0.9
14 30 78 4
14 40 118 4.3
14 50 161 2.5
14 60 186 2.9
14 70 215 1
14 80 225 4.5
14 90 270 4.4
15 0 0 2.7
15 10 27 4.2
15 20 69 0.9
15 30 78 4
15 40 118 4.3
15 50 161 2.5
15 60 186 2.9
15 70 215 1
15 80 225 4.5
15 90 270 4.4
16 0 0 2.7
16 10 27 4.2
16 20 69 0.9
16 30 78 4
16 40 118 4.3
16 50 161 2.5
16 60 186 2.9
16 70 215 1
16 80 225 4.5
16 90 270 4.4
17 0 0 2.7
17 10 27 4.2
17 20 69 0.9
17 30 78 4
17 40 118 4.3
17 50 161 2.5
17 60 186 2.9
17 70 215 1
17 80 225 4.5
17 90 270 4.4
18 0 0 2.7
18 10 27 4.2
18 20 69 0.9
18 30 78 4
18 40 118 4.3
18 50 161 2.5
18 60 186 2.9
18 70 215 1
18 80 225 4.5
18 90 270 4.4
19 0 0 2.7
19 10 27 4.2
19 20 69 0.9
19 30 78 4
19 40 118 4.3
19 50 161 2.5
19 60 186 2.9
19 70 215 1
19 80 225 4.5
19 90 270 4.4
20 0 0 2.7
20 10 27 4.2
20 20 69 0.9
20 30 78 4
20 40 118 4.3
20 50 161 2.5
20 60 186 2.9
20 70 215 1
20 80 225 4.5
20 90 270 4.4
21 0 0 2.7
21 10 27 4.2
21 20 69 0.9
21 30 78 4
21 40 118 4.3
21 50 161 2.5
21 60 186 2.9
21 70 215 1
21 80 225 4.5
21 90 270 4.4
22 0 0 2.7
22 10 27 4.2
22 20 69 0.9
22 30 78 4
22 40 118 4.3
22 50 161 2.5
22 60 186 2.9
22 70 215 1
22 80 225 4.5
22 90 270 4.4
23 0 0 2.7
23 10 27 4.2
23 20 69 0.9
23 30 78 4
23 40 118 4.3
23 50 161 2.5
23 60 186 2.9
23 70 215 1
23 80 225 4.5
23 90 270 4.4
24 0 0 2.7
24 10 27 4.2
24 20 69 0.9
24 30 78 4
24 40 118 4.3
24 50 161 2.5
24 60 186 2.9
24 70 215 1
24 80 225 4.5
24 90 270 4.4
25 0 0 2.7
25 10 27 4.2
25 20 69 0.9
25 30 78 4
25 40 118 4.3
25 50 161 2.5
25 60 186 2.9
25 70 215 1
25 80 225 4.5
25 90 270 4.4
26 0 0 2.7
26 10 27 4.2
26 20 69 0.9
26 30 78 4
26 40 118 4.3
26 50 161 2.5
26 60 186 2.9
26 70 215 1
26 80 225 4.5
26 90 270 4.4
27 0 0 2.7
27 10 27 4.2
27 20 69 0.9
27 30 78 4
27 40 118 4.3
27 50 161 2.5
27 60 186 2.9
27 70 215 1
27 80 225 4.5
27 90 270 4.4
28 0 0 2.7
28 10 27 4.2
28 20 69 0.9
28 30 78 4
28 40 118 4.3
28 50 161 2.5
28 60 186 2.9
28 70 215 1
28 80 225 4.5
28 90 270 4.4
29 0 0 2.7
29 10 27 4.2
29 20 69 0.9
29 30 78 4
29 40 118 4.3
29 50 161 2.5
29 60 186 2.9
29 70 215 1
29 80 225 4.5
29 90 270 4.4
30 0 0 2.7
30 10 27 4.2
30 20 69 0.9
30 30 78 4
30 40 118 4.3
30 50 161 2.5
30 60 186 2.9
30 70 215 1
30 80 225 4.5
30 90 270 4.4
31 0 0 2.7
31 10 27 4.2
31 20 69 0.9
31 30 78 4
31 40 118 4.3
31 50 161 2.5
31 60 186 2.9
31 70 215 1
31 80 225 4.5
31 90 270 4.4
32 0 0 2.7
32 10 27 4.2
32 20 69 0.9
32 30 78 4
32 40 118 4.3
32 50 161 2.5
32 60 186 2.9
32 70 215 1
32 80 225 4.5
32 90 270 4.4
33 0 0 2.7
33 10 27 4.2
33 20 69 0.9
33 30 78 4
33 40 118 4.3
33 50 161 2.5
33 60 186 2.9
33 70 215 1
33 80 225 4.5
33 90 270 4.4
34 0 0 2.7
34 10 27 4.2
34 20 69 0.9
34 30 78 4
34 40 118 4.3
34 50 161 2.5
34 60 186 2.9
34 70 215 1
34 80 225 4.5
34 90 270 4.4
35 0 0 2.7
35 10 27 4.2
35 20 69 0.9
35 30 78 4
35 40 118 4.3
35 50 161 2.5
35 60 186 2.9
35 70 215 1
35 80 225 4.5
35 90 270 4.4
36 0 0 2.7
36 10 27 4.2
36 20 69 0.9
36 30 78 4
36 40 118 4.3
36 50 161 2.5
36 60 186 2.9
36 70 215 1
36 80 225 4.5
36 90 270 4.4
37 0 0 2.7
37 10 27 4.2
37 20 69 0.9
37 30 78 4
37 40 118 4.3
37 50 161 2.5
37 60 186 2.9
37 70 215 1
37 80 225 4.5
37 90 270 4.4
38 0 0 2.7
38 10 27 4.2
38 20 69 0.9
38 30 78 4
38 40 118 4.3
38 50 161 2.5
38 60 186 2.9
38 70 215 1
38 80 225 4.5
38 90 270 4.4
39 0 0 2.7
39 10 27 4.2
39 20 69 0.9
39 30 78 4
39 40 118 4.3
39 50 161 2.5
39 60 186 2.9
39 70 215 1
39 80 225 4.5
39 90 270 4.4
40 0 0 2.7
40 10 27 4.2
40 20 69 0.9
40 30 78 4
40 40 118 4.3
40 50 161 2.5
40 60 186 2.9
40 70 215 1
40 80 225 4.5
40 90 270 4.4
41 0 0 2.7
41 10 27 4.2
41 20 69 0.9
41 30 78 4
41 40 118 4.3
41 50 161 2.5
41 60 186 2.9
41 70 215 1
41 80 225 4.5
41 90 270 4.4
42 0 0 2.7
42 10 27 4.2
42 20 69 0.9
42 30 78 4
42 40 118 4.3
42 50 161 2.5
42 60 186 2.9
42 70 215 1
42 80 225 4.5
42 90 270 4.4
43 0 0 2.7
43 10 27 4.2
43 20 69 0.9
43 30 78 4
43 40 118 4.3
43 50 161 2.5
43 60 186 2.9
43 70 215 1
43 80 225 4.5
43 90 270 4.4
44 0 0 2.7
44 10 27 4.2
44 20 69 0.9
44 30 78 4
44 40 118 4.3
44 50 161 2.5
44 60 186 2.9
44 70 215 1
44 80 225 4.5
44 90 270 4.4
45 0 0 2.7
45 10 27 4.2
45 20 69 0.9
45 30 78 4
45 40 118 4.3
45 50 161 2.5
45 60 186 2.9
45 70 215 1
45 80 225 4.5
45 90 270 4.4
46 0 0 2.7
46 10 27 4.2
46 20 69 0.9
46 30 78 4
46 40 118 4.3
46 50 161 2.5
46 60 186 2.9
46 70 215 1
46 80 225 4.5
46 90 270 4.4
47 0 0 2.7
47 10 27 4.2
47 20 69 0.9
47 30 78 4
47 40 118 4.3
47 50 161 2.5
47 60 186 2.9
47 70 215 1
47 80 225 4.5
47 90 270 4.4
48 0 0 2.7
48 10 27 4.2
48 20 69 0.9
48 30 78 4
48 40 118 4.3
48 50 161 2.5
48 60 186 2.9
48 70 215 1
48 80 225 4.5
48 90 270 4.4
49 0 0 2.7
49 10 27 4.2
49 20 69 0.9
49 30 78 4
49 40 118 4.3
49 50 161 2.5
49 60 186 2.9
49 70 215 1
49 80 225 4.5
49 90 270 4.4
50 0 0 2.7
50 10 27 4.2
50 20 69 0.9
50 30 78 4
50 40 118 4.3
50 50 161 2.5
50 60 186 2.9
50 70 215 1
50 80 225 4.5
50 90 270 4.4
51 0 0 2.7
51 10 27 4.2
51 20 69 0.9
51 30 78 4
51 40 118 4.3
51 50 161 2.5
51 60 186 2.9
51 70 215 1
51 80 225 4.5
51 90 270 4.4
52 0 0 2.7
52 10 27 4.2
52 20 69 0.9
52 30 78 4
52 40 118 4.3
52 50 161 2.5
52 60 186 2.9
52 70 215 1
52 80 225 4.5
52 90 270 4.4
53 0 0 2.7
53 10 27 4.2
53 20 69 0.9
53 30 78 4
53 40 118 4.3
53 50 161 2.5
53 60 186 2.9
53 70 215 1
53 80 225 4.5
53 90 270 4.4
54 0 0 2.7
54 10 27 4.2
54 20 69 0.9
54 30 78 4
54 40 118 4.3
54 50 161 2.5
54 60 186 2.9
54 70 215 1
54 80 225 4.5
54 90 270 4.4
55 0 0 2.7
55 10 27 4.2
55 20 69 0.9
55 30 78 4
55 40 118 4.3
55 50 161 2.5
55 60 186 2.9
55 70 215 1
55 80 225 4.5
55 90 270 4.4
56 0 0 2.7
56 10 27 4.2
56 20 69 0.9
56 30 78 4
56 40 118 4.3
56 50 161 2.5
56 60 186 2.9
56 70 215 1
56 80 225 4.5
56 90 270 4.4
57 0 0 2.7
57 10 27 4.2
57 20 69 0.9
57 30 78 4
57 40 118 4.3
57 50 161 2.5
57 60 186 2.9
57 70 215 1
57 80 225 4.5
57 90 270 4.4
58 0 0 2.7
58 10 27 4.2
58 20 69 0.9
58 30 78 4
58 40 118 4.3
58 50 161 2.5
58 60 186 2.9
58 70 215 1
58 80 225 4.5
58 90 270 4.4
59 0 0 2.7
59 10 27 4.2
59 20 69 0.9
59 30 78 4
59 40 118 4.3
59 50 161 2.5
59 60 186 2.9
59 70 215 1
59 80 225 4.5
59 90 270 4.4
60 0 0 2.7
60 10 27 4.2
60 20 69 0.9
60 30 78 4
60 40 118 4.3
60 50 161 2.5
60 60 186 2.9
60 70 215 1
60 80 225 4.5
60 90 270 4.4
61 0 0 2.7
61 10 27 4.2
61 20 69 0.9
61 30 78 4
61 40 118 4.3
61 50 161 2.5
61 60 186 2.9
61 70 215 1
61 80 225 4.5
61 90 270 4.4
62 0 0 2.7
62 10 27 4.2
62 20 69 0.9
62 30 78 4
62 40 118 4.3
62 50 161 2.5
62 60 186 2.9
62 70 215 1
62 80 225 4.5
62 90 270 4.4
63 0 0 2.7
63 10 27 4.2
63 20 69 0.9
63 30 78 4
63 40 118 4.3
63 50 161 2.5
63 60 186 2.9
63 70 215 1
63 80 225 4.5
63 90 270 4.4
64 0 0 2.7
64 10 27 4.2
64 20 69 0.9
64 30 78 4
64 40 118 4.3
64 50 161 2.5
64 60 186 2.9
64 70 215 1
64 80 225 4.5
64 90 270 4.4
65 0 0 2.7
65 10 27 4.2
65 20 69 0.9
65 30 78 4
65 40 118 4.3
65 50 161 2.5
65 60 186 2.9
65 70 215 1
65 80 225 4.5
65 90 270 4.4
66 0 0 2.7
66 10 27 4.2
66 20 69 0.9
66 30 78 4
66 40 118 4.3
66 50 161 2.5
66 60 186 2.9
66 70 215 1
66 80 225 4.5
66 90 270 4.4
67 0 0 2.7
67 10 27 4.2
67 20 69 0.9
67 30 78 4
67 40 118 4.3
67 50 161 2.5
67 60 186 2.9
67 70 215 1
67 80 225 4.5
67 90 270 4.4
68 0 0 2.7
68 10 27 4.2
68 20 69 0.9
68 30 78 4
68 40 118 4.3
68 50 161 2.5
68 60 186 2.9
68 70 215 1
68 80 225 4.5
68 90 270 4.4
69 0 0 2.7
69 10 27 4.2
69 20 69 0.9
69 30 78 4
69 40 118 4.3
69 50 161 2.5
69 60 186 2.9
69 70 215 1
69 80 225 4.5
69 90 270 4.4
70 0 0 2.7
70 10 27 4.2
70 20 69 0.9
70 30 78 4
70 40 118 4.3
70 50 161 2.5
70 60 186 2.9
70 70 215 1
70 80 225 4.5
70 90 270 4.4
71 0 0 2.7
71 10 27 4.2
71 20 69 0.9
71 30 78 4
71 40 118 4.3
71 50 161 2.5
71 60 186 2.9
71 70 215 1
71 80 225 4.5
71 90 270 4.4
72 0 0 2.7
72 10 27 4.2
72 20 69 0.9
72 30 78 4
72 40 118 4.3
72 50 161 2.5
72 60 186 2.9
72 70 215 1
72 80 225 4.5
72 90 270 4.4
73 0 0 2.7
73 10 27 4.2
73 20 69 0.9
73 30 78 4
73 40 118 4.3
73 50 161 2.5
73 60 186 2.9
73 70 215 1
73 80 225 4.5
73 90 270 4.4
74 0 0 2.7
74 10 27 4.2
74 20 69 0.9
74 30 78 4
74 40 118 4.3
74 50 161 2.5
74 60 186 2.9
74 70 215 1
74 80 225 4.5
74 90 270 4.4
75 0 0 2.7
75 10 27 4.2
75 20 69 0.9
75 30 78 4
75 40 118 4.3
75 50 161 2.5
75 60 186 2.9
75 70 215 1
75 80 225 4.5
75 90 270 4.4
76 0 0 2.7
76 10 27 4.2
76 20 69 0.9
76 30 78 4
76 40 118 4.3
76 50 161 2.5
76 60 186 2.9
76 70 215 1
76 80 225 4.5
76 90 270 4.4
77 0 0 2.7
77 10 27 4.2
77 20 69 0.9
77 30 78 4
77 40 118 4.3
77 50 161 2.5
77 60 186 2.9
77 70 215 1
77 80 225 4.5
77 90 270 4.4
78 0 0 2.7
78 10 27 4.2
78 20 69 0.9
78 30 78 4
78 40 118 4.3
78 50 161 2.5
78 60 186 2.9
78 70 215 1
78 80 225 4.5
78 90 270 4.4
79 0 0 2.7
79 10 27 4.2
79 20 69 0.9
79 30 78 4
79 40 118 4.3
79 50 161 2.5
79 60 186 2.9
79 70 215 1
79 80 225 4.5
79 90 270 4.4
80 0 0 2.7
80 10 27 4.2
80 20 69 0.9
80 30 78 4
80 40 118 4.3
80 50 161 2.5
80 60 186 2.9
80 70 215 1
80 80 225 4.5
80 90 270 4.4
81 0 0 2.7
81 10 27 4.2
81 20 69 0.9
81 30 78 4
81 40 118 4.3
81 50 161 2.5
81 60 186 2.9
81 70 215 1
81 80 225 4.5
81 90 270 4.4
82 0 0 2.7
82 10 27 4.2
82 20 69 0.9
82 30 78 4
82 40 118 4.3
82 50 161 2.5
82 60 186 2.9
82 70 215 1
82 80 225 4.5
82 90 270 4.4
83 0 0 2.7
83 10 27 4.2
83 20 69 0.9
83 30 78 4
83 40 118 4.3
83 50 161 2.5
83 60 186 2.9
83 70 215 1
83 80 225 4.5
83 90 270 4.4
84 0 0 2.7
84 10 27 4.2
84 20 69 0.9
84 30 78 4
84 40 118 4.3
84 50 161 2.5
84 60 186 2.9
84 70 215 1
84 80 225 4.5
84 90 270 4.4
85 0 0 2.7
85 10 27 4.2
85 20 69 0.9
85 30 78 4
85 40 118 4.3
85 50 161 2.5
85 60 186 2.9
85 70 215 1
85 80 225 4.5
85 90 270 4.4
86 0 0 2.7
86 10 27 4.2
86 20 69 0.9
86 30 78 4
86 40 118 4.3
86 50 161 2.5
86 60 186 2.9
86 70 215 1
86 80 225 4.5
86 90 270 4.4
87 0 0 2.7
87 10 27 4.2
87 20 69 0.9
87 30 78 4
87 40 118 4.3
87 50 161 2.5
87 60 186 2.9
87 70 215 1
87 80 225 4.5
87 90 270 4.4
88 0 0 2.7
88 10 27 4.2
88 20 69 0.9
88 30 78 4
88 40 118 4.3
88 50 161 2.5
88 60 186 2.9
88 70 215 1
88 80 225 4.5
88 90 270 4.4
89 0 0 2.7
89 10 27 4.2
89 20 69 0.9
89 30 78 4
89 40 118 4.3
89 50 161 2.5
89 60 186 2.9
89 70 215 1
89 80 225 4.5
89 90 270 4.4
90 0 0 2.7
90 10 27 4.2
90 20 69 0.9
90 30 78 4
90 40 118 4.3
90 50 161 2.5
90 60 186 2.9
90 70 215 1
90 80 225 4.5
90 90 270 4.4
91 0 0 2.7
91 10 27 4.2
91 20 69 0.9
91 30 78 4
91 40 118 4.3
91 50 161 2.5
91 60 186 2.9
91 70 215 1
91 80 225 4.5
91 90 270 4.4
92 0 0 2.7
92 10 27 4.2
92 20 69 0.9
92 30 78 4
92 40 118 4.3
92 50 161 2.5
92 60 186 2.9
92 70 215 1
92 80 225 4.5
92 90 270 4.4
93 0 0 2.7
93 10 27 4.2
93 20 69 0.9
93 30 78 4
93 40 118 4.3
93 50 161 2.5
93 60 186 2.9
93 70 215 1
93 80 225 4.5
93 90 270 4.4
94 0 0 2.7
94 10 27 4.2
94 20 69 0.9
94 30 78 4
94 40 118 4.3
94 50 161 2.5
94 60 186 2.9
94 70 215 1
94 80 225 4.5
94 90 270 4.4
95 0 0 2.7
95 10 27 4.2
95 20 69 0.9
95 30 78 4
95 40 118 4.3
95 50 161 2.5
95 60 186 2.9
95 70 215 1
95 80 225 4.5
95 90 270 4.4
96 0 0 2.7
96 10 27 4.2
96 20 69 0.9
96 30 78 4
96 40 118 4.3
96 50 161 2.5
96 60 186 2.9
96 70 215 1
96 80 225 4.5
96 90 270 4.4
97 0 0 2.7
97 10 27 4.2
97 20 69 0.9
97 30 78 4
97 40 118 4.3
97 50 161 2.5
97 60 186 2.9
97 70 215 1
97 80 225 4.5
97 90 270 4.4
98 0 0 2.7
98 10 27 4.2
98 20 69 0.9
98 30 78 4
98 40 118 4.3
98 50 161 2.5
98 60 186 2.9
98 70 215 1
98 80 225 4.5
98 90 270 4.4
99 0 0 2.7
99 10 27 4.2
99 20 69 0.9
99 30 78 4
99 40 118 4.3
99 50 161 2.5
99 60 186 2.9
99 70 215 1
99 80 225 4.5
99 90 270 4.4
100 0 0 2.7
100 10 27 4.2
100 20 69 0.9
100 30 78 4
100 40 118 4.3
100 50 161 2.5
100 60 186 2.9
100 70 215 1
100 80 225 4.5
100 90 270 4.4
101 0 0 2.7
101 10 27 4.2
101 20 69 0.9
101 30 78 4
101 40 118 4.3
101 50 161 2.5
101 60 186 2.9
101 70 215 1
101 80 225 4.5
101 90 270 4.4
102 0 0 2.7
102 10 27 4.2
102 20 69 0.9
102 30 78 4
102 40 118 4.3
102 50 161 2.5
102 60 186 2.9
102 70 215 1
102 80 225 4.5
102 90 270 4.4
103 0 0 2.7
103 10 27 4.2
103 20 69 0.9
103 30 78 4
103 40 118 4.3
103 50 161 2.5
103 60 186 2.9
103 70 215 1
103 80 225 4.5
103 90 270 4.4
104 0 0 2.7
104 10 27 4.2
104 20 69 0.9
104 30 78 4
104 40 118 4.3
104 50 161 2.5
104 60 186 2.9
104 70 215 1
104 80 225 4.5
104 90 270 4.4
105 0 0 2.7
105 10 27 4.2
105 20 69 0.9
105 30 78 4
105 40 118 4.3
105 50 161 2.5
105 60 186 2.9
105 70 215 1
105 80 225 4.5
105 90 270 4.4
106 0 0 2.7
106 10 27 4.2
106 20 69 0.9
106 30 78 4
106 40 118 4.3
106 50 161 2.5
106 60 186 2.9
106 70 215 1
106 80 225 4.5
106 90 270 4.4
107 0 0 2.7
107 10 27 4.2
107 20 69 0.9
107 30 78 4
107 40 118 4.3
107 50 161 2.5
107 60 186 2.9
107 70 215 1
107 80 225 4.5
107 90 270 4.4
108 0 0 2.7
108 10 27 4.2
108 20 69 0.9
108 30 78 4
108 40 118 4.3
108 50 161 2.5
108 60 186 2.9
108 70 215 1
108 80 225 4.5
108 90 270 4.4
109 0 0 2.7
109 10 27 4.2
109 20 69 0.9
109 30 78 4
109 40 118 4.3
109 50 161 2.5
109 60 186 2.9
109 70 215 1
109 80 225 4.5
109 90 270 4.4
110 0 0 2.7
110 10 27 4.2
110 20 69 0.9
110 30 78 4
110 40 118 4.3
110 50 161 2.5
110 60 186 2.9
110 70 215 1
110 80 225 4.5
110 90 270 4.4
111 0 0 2.7
111 10 27 4.2
111 20 69 0.9
111 30 78 4
111 40 118 4.3
111 50 161 2.5
111 60 186 2.9
111 70 215 1
111 80 225 4.5
111 90 270 4.4
112 0 0 2.7
112 10 27 4.2
112 20 69 0.9
112 30 78 4
112 40 118 4.3
112 50 161 2.5
112 60 186 2.9
112 70 215 1
112 80 225 4.5
112 90 270 4.4
113 0 0 2.7
113 10 27 4.2
113 20 69 0.9
113 30 78 4
113 40 118 4.3
113 50 161 2.5
113 60 186 2.9
113 70 215 1
113 80 225 4.5
113 90 270 4.4
114 0 0 2.7
114 10 27 4.2
114 20 69 0.9
114 30 78 4
114 40 118 4.3
114 50 161 2.5
114 60 186 2.9
114 70 215 1
114 80 225 4.5
114 90 270 4.4
115 0 0 2.7
115 10 27 4.2
115 20 69 0.9
115 30 78 4
115 40 118 4.3
115 50 161 2.5
115 60 186 2.9
115 70 215 1
115 80 225 4.5
115 90 270 4.4
116 0 0 2.7
116 10 27 4.2
116 20 69 0.9
116 30 78 4
116 40 118 4.3
116 50 161 2.5
116 60 186 2.9
116 70 215 1
116 80 225 4.5
116 90 270 4.4
117 0 0 2.7
117 10 27 4.2
117 20 69 0.9
117 30 78 4
117 40 118 4.3
117 50 161 2.5
117 60 186 2.9
117 70 215 1
117 80 225 4.5
117 90 270 4.4
118 0 0 2.7
118 10 27 4.2
118 20 69 0.9
118 30 78 4
118 40 118 4.3
118 50 161 2.5
118 60 186 2.9
118 70 215 1
118 80 225 4.5
118 90 270 4.4
119 0 0 2.7
119 10 27 4.2
119 20 69 0.9
119 30 78 4
119 40 118 4.3
119 50 161 2.5
119 60 186 2.9
119 70 215 1
119 80 225 4.5
119 90 270 4.4
120 0 0 2.7
120 10 27 4.2
120 20 69 0.9
120 30 78 4
120 40 118 4.3
120 50 161 2.5
120 60 186 2.9
120 70 215 1
120 80 225 4.5
120 90 270 4.4
121 0 0 2.7
121 10 27 4.2
121 20 69 0.9
121 30 78 4
121 40 118 4.3
121 50 161 2.5
121 60 186 2.9
121 70 215 1
121 80 225 4.5
121 90 270 4.4
122 0 0 2.7
122 10 27 4.2
122 20 69 0.9
122 30 78 4
122 40 118 4.3
122 50 161 2.5
122 60 186 2.9
122 70 215 1
122 80 225 4.5
122 90 270 4.4
123 0 0 2.7
123 10 27 4.2
123 20 69 0.9
123 30 78 4
123 40 118 4.3
123 50 161 2.5
123 60 186 2.9
123 70 215 1
123 80 225 4.5
123 90 270 4.4
124 0 0 2.7
124 10 27 4.2
124 20 69 0.9
124 30 78 4
124 40 118 4.3
124 50 161 2.5
124 60 186 2.9
124 70 215 1
124 80 225 4.5
124 90 270 4.4
125 0 0 2.7
125 10 27 4.2
125 20 69 0.9
125 30 78 4
125 40 118 4.3
125 50 161 2.5
125 60 186 2.9
125 70 215 1
125 80 225 4.5
125 90 270 4.4
126 0 0 2.7
126 10 27 4.2
126 20 69 0.9
126 30 78 4
126 40 118 4.3
126 50 161 2.5
126 60 186 2.9
126 70 215 1
126 80 225 4.5
126 90 270 4.4
127 0 0 2.7
127 10 27 4.2
127 20 69 0.9
127 30 78 4
127 40 118 4.3
127 50 161 2.5
127 60 186 2.9
127 70 215 1
127 80 225 4.5
127 90 270 4.4
128 0 0 2.7
128 10 27 4.2
128 20 69 0.9
128 30 78 4
128 40 118 4.3
128 50 161 2.5
128 60 186 2.9
128 70 215 1
128 80 225 4.5
128 90 270 4.4
129 0 0 2.7
129 10 27 4.2
129 20 69 0.9
129 30 78 4
129 40 118 4.3
129 50 161 2.5
129 60 186 2.9
129 70 215 1
129 80 225 4.5
129 90 270 4.4
130 0 0 2.7
130 10 27 4.2
130 20 69 0.9
130 30 78 4
130 40 118 4.3
130 50 161 2.5
130 60 186 2.9
130 70 215 1
130 80 225 4.5
130 90 270 4.4
131 0 0 2.7
131 10 27 4.2
131 20 69 0.9
131 30 78 4
131 40 118 4.3
131 50 161 2.5
131 60 186 2.9
131 70 215 1
131 80 225 4.5
131 90 270 4.4
132 0 0 2.7
132 10 27 4.2
132 20 69 0.9
132 30 78 4
132 40 118 4.3
132 50 161 2.5
132 60 186 2.9
132 70 215 1
132 80 225 4.5
132 90 270 4.4
133 0 0 2.7
133 10 27 4.2
133 20 69 0.9
133 30 78 4
133 40 118 4.3
133 50 161 2.5
133 60 186 2.9
133 70 215 1
133 80 225 4.5
133 90 270 4.4
134 0 0 2.7
134 10 27 4.2
134 20 69 0.9
134 30 78 4
134 40 118 4.3
134 50 161 2.5
134 60 186 2.9
134 70 215 1
134 80 225 4.5
134 90 270 4.4
135 0 0 2.7
135 10 27 4.2
135 20 69 0.9
135 30 78 4
135 40 118 4.3
135 50 161 2.5
135 60 186 2.9
135 70 215 1
135 80 225 4.5
135 90 270 4.4
136 0 0 2.7
136 10 27 4.2
136 20 69 0.9
136 30 78 4
136 40 118 4.3
136 50 161 2.5
136 60 186 2.9
136 70 215 1
136 80 225 4.5
136 90 270 4.4
137 0 0 2.7
137 10 27 4.2
137 20 69 0.9
137 30 78 4
137 40 118 4.3
137 50 161 2.5
137 60 186 2.9
137 70 215 1
137 80 225 4.5
137 90 270 4.4
138 0 0 2.7
138 10 27 4.2
138 20 69 0.9
138 30 78 4
138 40 118 4.3
138 50 161 2.5
138 60 186 2.9
138 70 215 1
138 80 225 4.5
138 90 270 4.4
139 0 0 2.7
139 10 27 4.2
139 20 69 0.9
139 30 78 4
139 40 118 4.3
139 50 161 2.5
139 60 186 2.9
139 70 215 1
139 80 225 4.5
139 90 270 4.4
140 0 0 2.7
140 10 27 4.2
140 20 69 0.9
140 30 78 4
140 40 118 4.3
140 50 161 2.5
140 60 186 2.9
140 70 215 1
140 80 225 4.5
140 90 270 4.4
141 0 0 2.7
141 10 27 4.2
141 20 69 0.9
141 30 78 4
141 40 118 4.3
141 50 161 2.5
141 60 186 2.9
141 70 215 1
141 80 225 4.5
141 90 270 4.4
142 0 0 2.7
142 10 27 4.2
142 20 69 0.9
142 30 78 4
142 40 118 4.3
142 50 161 2.5
142 60 186 2.9
142 70 215 1
142 80 225 4.5
142 90 270 4.4
143 0 0 2.7
143 10 27 4.2
143 20 69 0.9
143 30 78 4
143 40 118 4.3
143 50 161 2.5
143 60 186 2.9
143 70 215 1
143 80 225 4.5
143 90 270 4.4
144 0 0 2.7
144 10 27 4.2
144 20 69 0.9
144 30 78 4
144 40 118 4.3
144 50 161 2.5
144 60 186 2.9
144 70 215 1
144 80 225 4.5
144 90 270 4.4
145 0 0 2.7
145 10 27 4.2
145 20 69 0.9
145 30 78 4
145 40 118 4.3
145 50 161 2.5
145 60 186 2.9
145 70 215 1
145 80 225 4.5
145 90 270 4.4
146 0 0 2.7
146 10 27 4.2
146 20 69 0.9
146 30 78 4
146 40 118 4.3
146 50 161 2.5
146 60 186 2.9
146 70 215 1
146 80 225 4.5
146 90 270 4.4
147 0 0 2.7
147 10 27 4.2
147 20 69 0.9
147 30 78 4
147 40 118 4.3
147 50 161 2.5
147 60 186 2.9
147 70 215 1
147 80 225 4.5
147 90 270 4.4
148 0 0 2.7
148 10 27 4.2
148 20 69 0.9
148 30 78 4
148 40 118 4.3
148 50 161 2.5
148 60 186 2.9
148 70 215 1
148 80 225 4.5
148 90 270 4.4
149 0 0 2.7
149 10 27 4.2
149 20 69 0.9
149 30 78 4
149 40 118 4.3
149 50 161 2.5
149 60 186 2.9
149 70 215 1
149 80 225 4.5
149 90 270 4.4
150 0 0 2.7
150 10 27 4.2
150 20 69 0.9
150 30 78 4
150 40 118 4.3
150 50 161 2.5
150 60 186 2.9
150 70 215 1
150 80 225 4.5
150 90 270 4.4
151 0 0 2.7
151 10 27 4.2
151 20 69 0.9
151 30 78 4
151 40 118 4.3
151 50 161 2.5
151 60 186 2.9
151 70 215 1
151 80 225 4.5
151 90 270 4.4
152 0 0 2.7
152 10 27 4.2
152 20 69 0.9
152 30 78 4
152 40 118 4.3
152 50 161 2.5
152 60 186 2.9
152 70 215 1
152 80 225 4.5
152 90 270 4.4
153 0 0 2.7
153 10 27 4.2
153 20 69 0.9
153 30 78 4
153 40 118 4.3
153 50 161 2.5
153 60 186 2.9
153 70 215 1
153 80 225 4.5
153 90 270 4.4
154 0 0 2.7
154 10 27 4.2
154 20 69 0.9
154 30 78 4
154 40 118 4.3
154 50 161 2.5
154 60 186 2.9
154 70 215 1
154 80 225 4.5
154 90 270 4.4
155 0 0 2.7
155 10 27 4.2
155 20 69 0.9
155 30 78 4
155 40 118 4.3
155 50 161 2.5
155 60 186 2.9
155 70 215 1
155 80 225 4.5
155 90 270 4.4
156 0 0 2.7
156 10 27 4.2
156 20 69 0.9
156 30 78 4
156 40 118 4.3
156 50 161 2.5
156 60 186 2.9
156 70 215 1
156 80 225 4.5
156 90 270 4.4
157 0 0 2.7
157 10 27 4.2
157 20 69 0.9
157 30 78 4
157 40 118 4.3
157 50 161 2.5
157 60 186 2.9
157 70 215 1
157 80 225 4.5
157 90 270 4.4
158 0 0 2.7
158 10 27 4.2
158 20 69 0.9
158 30 78 4
158 40 118 4.3
158 50 161 2.5
158 60 186 2.9
158 70 215 1
158 80 225 4.5
158 90 270 4.4
159 0 0 2.7
159 10 27 4.2
159 20 69 0.9
159 30 78 4
159 40 118 4.3
159 50 161 2.5
159 60 186 2.9
159 70 215 1
159 80 225 4.5
159 90 270 4.4
160 0 0 2.7
160 10 27 4.2
160 20 69 0.9
160 30 78 4
160 40 118 4.3
160 50 161 2.5
160 60 186 2.9
160 70 215 1
160 80 225 4.5
160 90 270 4.4
161 0 0 2.7
161 10 27 4.2
161 20 69 0.9
161 30 78 4
161 40 118 4.3
161 50 161 2.5
161 60 186 2.9
161 70 215 1
161 80 225 4.5
161 90 270 4.4
162 0 0 2.7
162 10 27 4.2
162 20 69 0.9
162 30 78 4
162 40 118 4.3
162 50 161 2.5
162 60 186 2.9
162 70 215 1
162 80 225 4.5
162 90 270 4.4
163 0 0 2.7
163 10 27 4.2
163 20 69 0.9
163 30 78 4
163 40 118 4.3
163 50 161 2.5
163 60 186 2.9
163 70 215 1
163 80 225 4.5
163 90 270 4.4
164 0 0 2.7
164 10 27 4.2
164 20 69 0.9
164 30 78 4
164 40 118 4.3
164 50 161 2.5
164 60 186 2.9
164 70 215 1
164 80 225 4.5
164 90 270 4.4
165 0 0 2.7
165 10 27 4.2
165 20 69 0.9
165 30 78 4
165 40 118 4.3
165 50 161 2.5
165 60 186 2.9
165 70 215 1
165 80 225 4.5
165 90 270 4.4
166 0 0 2.7
166 10 27 4.2
166 20 69 0.9
166 30 78 4
166 40 118 4.3
166 50 161 2.5
166 60 186 2.9
166 70 215 1
166 80 225 4.5
166 90 270 4.4
167 0 0 2.7
167 10 27 4.2
167 20 69 0.9
167 30 78 4
167 40 118 4.3
167 50 161 2.5
167 60 186 2.9
167 70 215 1
167 80 225 4.5
167 90 270 4.4
168 0 0 2.7
168 10 27 4.2
168 20 69 0.9
168 30 78 4
168 40 118 4.3
168 50 161 2.5
168 60 186 2.9
168 70 215 1
168 80 225 4.5
168 90 270 4.4
169 0 0 2.7
169 10 27 4.2
169 20 69 0.9
169 30 78 4
169 40 118 4.3
169 50 161 2.5
169 60 186 2.9
169 70 215 1
169 80 225 4.5
169 90 270 4.4
170 0 0 2.7
170 10 27 4.2
170 20 69 0.9
170 30 78 4
170 40 118 4.3
170 50 161 2.5
170 60 186 2.9
170 70 215 1
170 80 225 4.5
170 90 270 4.4
171 0 0 2.7
171 10 27 4.2
171 20 69 0.9
171 30 78 4
171 40 118 4.3
171 50 161 2.5
171 60 186 2.9
171 70 215 1
171 80 225 4.5
171 90 270 4.4
172 0 0 2.7
172 10 27 4.2
172 20 69 0.9
172 30 78 4
172 40 118 4.3
172 50 161 2.5
172 60 186 2.9
172 70 215 1
172 80 225 4.5
172 90 270 4.4
173 0 0 2.7
173 10 27 4.2
173 20 69 0.9
173 30 78 4
173 40 118 4.3
173 50 161 2.5
173 60 186 2.9
173 70 215 1
173 80 225 4.5
173 90 270 4.4
174 0 0 2.7
174 10 27 4.2
174 20 69 0.9
174 30 78 4
174 40 118 4.3
174 50 161 2.5
174 60 186 2.9
174 70 215 1
174 80 225 4.5
174 90 270 4.4
175 0 0 2.7
175 10 27 4.2
175 20 69 0.9
175 30 78 4
175 40 118 4.3
175 50 161 2.5
175 60 186 2.9
175 70 215 1
175 80 225 4.5
175 90 270 4.4
176 0 0 2.7
176 10 27 4.2
176 20 69 0.9
176 30 78 4
176 40 118 4.3
176 50 161 2.5
176 60 186 2.9
176 70 215 1
176 80 225 4.5
176 90 270 4.4
177 0 0 2.7
177 10 27 4.2
177 20 69 0.9
177 30 78 4
177 40 118 4.3
177 50 161 2.5
177 60 186 2.9
177 70 215 1
177 80 225 4.5
177 90 270 4.4
178 0 0 2.7
178 10 27 4.2
178 20 69 0.9
178 30 78 4
178 40 118 4.3
178 50 161 2.5
178 60 186 2.9
178 70 215 1
178 80 225 4.5
178 90 270 4.4
179 0 0 2.7
179 10 27 4.2
179 20 69 0.9
179 30 78 4
179 40 118 4.3
179 50 161 2.5
179 60 186 2.9
179 70 215 1
179 80 225 4.5
179 90 270 4.4
180 0 0 2.7
180 10 27 4.2
180 20 69 0.9
180 30 78 4
180 40 118 4.3
180 50 161 2.5
180 60 186 2.9
180 70 215 1
180 80 225 4.5
180 90 270 4.4
181 0 0 2.7
181 10 27 4.2
181 20 69 0.9
181 30 78 4
181 40 118 4.3
181 50 161 2.5
181 60 186 2.9
181 70 215 1
181 80 225 4.5
181 90 270 4.4
182 0 0 2.7
182 10 27 4.2
182 20 69 0.9
182 30 78 4
182 40 118 4.3
182 50 161 2.5
182 60 186 2.9
182 70 215 1
182 80 225 4.5
182 90 270 4.4
183 0 0 2.7
183 10 27 4.2
183 20 69 0.9
183 30 78 4
183 40 118 4.3
183 50 161 2.5
183 60 186 2.9
183 70 215 1
183 80 225 4.5
183 90 270 4.4
184 0 0 2.7
184 10 27 4.2
184 20 69 0.9
184 30 78 4
184 40 118 4.3
184 50 161 2.5
184 60 186 2.9
184 70 215 1
184 80 225 4.5
184 90 270 4.4
185 0 0 2.7
185 10 27 4.2
185 20 69 0.9
185 30 78 4
185 40 118 4.3
185 50 161 2.5
185 60 186 2.9
185 70 215 1
185 80 225 4.5
185 90 270 4.4
186 0 0 2.7
186 10 27 4.2
186 20 69 0.9
186 30 78 4
186 40 118 4.3
186 50 161 2.5
186 60 186 2.9
186 70 215 1
186 80 225 4.5
186 90 270 4.4
187 0 0 2.7
187 10 27 4.2
187 20 69 0.9
187 30 78 4
187 40 118 4.3
187 50 161 2.5
187 60 186 2.9
187 70 215 1
187 80 225 4.5
187 90 270 4.4
188 0 0 2.7
188 10 27 4.2
188 20 69 0.9
188 30 78 4
188 40 118 4.3
188 50 161 2.5
188 60 186 2.9
188 70 215 1
188 80 225 4.5
188 90 270 4.4
189 0 0 2.7
189 10 27 4.2
189 20 69 0.9
189 30 78 4
189 40 118 4.3
189 50 161 2.5
189 60 186 2.9
189 70 215 1
189 80 225 4.5
189 90 270 4.4
190 0 0 2.7
190 10 27 4.2
190 20 69 0.9
190 30 78 4
190 40 118 4.3
190 50 161 2.5
190 60 186 2.9
190 70 215 1
190 80 225 4.5
190 90 270 4.4
191 0 0 2.7
191 10 27 4.2
191 20 69 0.9
191 30 78 4
191 40 118 4.3
191 50 161 2.5
191 60 186 2.9
191 70 215 1
191 80 225 4.5
191 90 270 4.4
192 0 0 2.7
192 10 27 4.2
192 20 69 0.9
192 30 78 4
192 40 118 4.3
192 50 161 2.5
192 60 186 2.9
192 70 215 1
192 80 225 4.5
192 90 270 4.4
193 0 0 2.7
193 10 27 4.2
193 20 69 0.9
193 30 78 4
193 40 118 4.3
193 50 161 2.5
193 60 186 2.9
193 70 215 1
193 80 225 4.5
193 90 270 4.4
194 0 0 2.7
194 10 27 4.2
194 20 69 0.9
194 30 78 4
194 40 118 4.3
194 50 161 2.5
194 60 186 2.9
194 70 215 1
194 80 225 4.5
194 90 270 4.4
195 0 0 2.7
195 10 27 4.2
195 20 69 0.9
195 30 78 4
195 40 118 4.3
195 50 161 2.5
195 60 186 2.9
195 70 215 1
195 80 225 4.5
195 90 270 4.4
196 0 0 2.7
196 10 27 4.2
196 20 69 0.9
196 30 78 4
196 40 118 4.3
196 50 161 2.5
196 60 186 2.9
196 70 215 1
196 80 225 4.5
196 90 270 4.4
197 0 0 2.7
197 10 27 4.2
197 20 69 0.9
197 30 78 4
197 40 118 4.3
197 50 161 2.5
197 60 186 2.9
197 70 215 1
197 80 225 4.5
197 90 270 4.4
198 0 0 2.7
198 10 27 4.2
198 20 69 0.9
198 30 78 4
198 40 118 4.3
198 50 161 2.5
198 60 186 2.9
198 70 215 1
198 80 225 4.5
198 90 270 4.4
199 0 0 2.7
199 10 27 4.2
199 20 69 0.9
199 30 78 4
199 40 118 4.3
199 50 161 2.5
199 60 186 2.9
199 70 215 1
199 80 225 4.5
199 90 270 4.4
200 0 0 2.7
200 10 27 4.2
200 20 69 0.9
200 30 78 4
200 40 118 4.3
200 50 161 2.5
200 60 186 2.9
200 70 215 1
200 80 225 4.5
200 90 270 4.4
201 0 0 2.7
201 10 27 4.2
201 20 69 0.9
201 30 78 4
201 40 118 4.3
201 50 161 2.5
201 60 186 2.9
201 70 215 1
201 80 225 4.5
201 90 270 4.4
202 0 0 2.7
202 10 27 4.2
202 20 69 0.9
202 30 78 4
202 40 118 4.3
202 50 161 2.5
202 60 186 2.9
202 70 215 1
202 80 225 4.5
202 90 270 4.4
203 0 0 2.7
203 10 27 4.2
203 20 69 0.9
203 30 78 4
203 40 118 4.3
203 50 161 2.5
203 60 186 2.9
203 70 215 1
203 80 225 4.5
203 90 270 4.4
204 0 0 2.7
204 10 27 4.2
204 20 69 0.9
204 30 78 4
204 40 118 4.3
204 50 161 2.5
204 60 186 2.9
204 70 215 1
204 80 225 4.5
204 90 270 4.4
205 0 0 2.7
205 10 27 4.2
205 20 69 0.9
205 30 78 4
205 40 118 4.3
205 50 161 2.5
205 60 186 2.9
205 70 215 1
205 80 225 4.5
205 90 270 4.4
206 0 0 2.7
206 10 27 4.2
206 20 69 0.9
206 30 78 4
206 40 118 4.3
206 50 161 2.5
206 60 186 2.9
206 70 215 1
206 80 225 4.5
206 90 270 4.4
207 0 0 2.7
207 10 27 4.2
207 20 69 0.9
207 30 78 4
207 40 118 4.3
207 50 161 2.5
207 60 186 2.9
207 70 215 1
207 80 225 4.5
207 90 270 4.4
208 0 0 2.7
208 10 27 4.2
208 20 69 0.9
208 30 78 4
208 40 118 4.3
208 50 161 2.5
208 60 186 2.9
208 70 215 1
208 80 225 4.5
208 90 270 4.4
209 0 0 2.7
209 10 27 4.2
209 20 69 0.9
209 30 78 4
209 40 118 4.3
209 50 161 2.5
209 60 186 2.9
209 70 215 1
209 80 225 4.5
209 90 270 4.4
210 0 0 2.7
210 10 27 4.2
210 20 69 0.9
210 30 78 4
210 40 118 4.3
210 50 161 2.5
210 60 186 2.9
210 70 215 1
210 80 225 4.5
210 90 270 4.4
211 0 0 2.7
211 10 27 4.2
211 20 69 0.9
211 30 78 4
211 40 118 4.3
211 50 161 2.5
211 60 186 2.9
211 70 215 1
211 80 225 4.5
211 90 270 4.4
212 0 0 2.7
212 10 27 4.2
212 20 69 0.9
212 30 78 4
212 40 118 4.3
212 50 161 2.5
212 60 186 2.9
212 70 215 1
212 80 225 4.5
212 90 270 4.4
213 0 0 2.7
213 10 27 4.2
213 20 69 0.9
213 30 78 4
213 40 118 4.3
213 50 161 2.5
213 60 186 2.9
213 70 215 1
213 80 225 4.5
213 90 270 4.4
214 0 0 2.7
214 10 27 4.2
214 20 69 0.9
214 30 78 4
214 40 118 4.3
214 50 161 2.5
214 60 186 2.9
214 70 215 1
214 80 225 4.5
214 90 270 4.4
215 0 0 2.7
215 10 27 4.2
215 20 69 0.9
215 30 78 4
215 40 118 4.3
215 50 161 2.5
215 60 186 2.9
215 70 215 1
215 80 225 4.5
215 90 270 4.4
216 0 0 2.7
216 10 27 4.2
216 20 69 0.9
216 30 78 4
216 40 118 4.3
216 50 161 2.5
216 60 186 2.9
216 70 215 1
216 80 225 4.5
216 90 270 4.4
217 0 0 2.7
217 10 27 4.2
217 20 69 0.9
217 30 78 4
217 40 118 4.3
217 50 161 2.5
217 60 186 2.9
217 70 215 1
217 80 225 4.5
217 90 270 4.4
218 0 0 2.7
218 10 27 4.2
218 20 69 0.9
218 30 78 4
218 40 118 4.3
218 50 161 2.5
218 60 186 2.9
218 70 215 1
218 80 225 4.5
218 90 270 4.4
219 0 0 2.7
219 10 27 4.2
219 20 69 0.9
219 30 78 4
219 40 118 4.3
219 50 161 2.5
219 60 186 2.9
219 70 215 1
219 80 225 4.5
219 90 270 4.4
220 0 0 2.7
220 10 27 4.2
220 20 69 0.9
220 30 78 4
220 40 118 4.3
220 50 161 2.5
220 60 186 2.9
220 70 215 1
220 80 225 4.5
220 90 270 4.4
221 0 0 2.7
221 10 27 4.2
221 20 69 0.9
221 30 78 4
221 40 118 4.3
221 50 161 2.5
221 60 186 2.9
221 70 215 1
221 80 225 4.5
221 90 270 4.4
222 0 0 2.7
222 10 27 4.2
222 20 69 0.9
222 30 78 4
222 40 118 4.3
222 50 161 2.5
222 60 186 2.9
222 70 215 1
222 80 225 4.5
222 90 270 4.4
223 0 0 2.7
223 10 27 4.2
223 20 69 0.9
223 30 78 4
223 40 118 4.3
223 50 161 2.5
223 60 186 2.9
223 70 215 1
223 80 225 4.5
223 90 270 4.4
224 0 0 2.7
224 10 27 4.2
224 20 69 0.9
224 30 78 4
224 40 118 4.3
224 50 161 2.5
224 60 186 2.9
224 70 215 1
224 80 225 4.5
224 90 270 4.4
225 0 0 2.7
225 10 27 4.2
225 20 69 0.9
225 30 78 4
225 40 118 4.3
225 50 161 2.5
225 60 186 2.9
225 70 215 1
225 80 225 4.5
225 90 270 4.4
226 0 0 2.7
226 10 27 4.2
226 20 69 0.9
226 30 78 4
226 40 118 4.3
226 50 161 2.5
226 60 186 2.9
226 70 215 1
226 80 225 4.5
226 90 270 4.4
227 0 0 2.7
227 10 27 4.2
227 20 69 0.9
227 30 78 4
227 40 118 4.3
227 50 161 2.5
227 60 186 2.9
227 70 215 1
227 80 225 4.5
227 90 270 4.4
228 0 0 2.7
228 10 27 4.2
228 20 69 0.9
228 30 78 4
228 40 118 4.3
228 50 161 2.5
228 60 186 2.9
228 70 215 1
228 80 225 4.5
228 90 270 4.4
229 0 0 2.7
229 10 27 4.2
229 20 69 0.9
229 30 78 4
229 40 118 4.3
229 50 161 2.5
229 60 186 2.9
229 70 215 1
229 80 225 4.5
229 90 270 4.4
230 0 0 2.7
230 10 27 4.2
230 20 69 0.9
230 30 78 4
230 40 118 4.3
230 50 161 2.5
230 60 186 2.9
230 70 215 1
230 80 225 4.5
230 90 270 4.4
231 0 0 2.7
231 10 27 4.2
231 20 69 0.9
231 30 78 4
231 40 118 4.3
231 50 161 2.5
231 60 186 2.9
231 70 215 1
231 80 225 4.5
231 90 270 4.4
232 0 0 2.7
232 10 27 4.2
232 20 69 0.9
232 30 78 4
232 40 118 4.3
232 50 161 2.5
232 60 186 2.9
232 70 215 1
232 80 225 4.5
232 90 270 4.4
233 0 0 2.7
233 10 27 4.2
233 20 69 0.9
233 30 78 4
233 40 118 4.3
233 50 161 2.5
233 60 186 2.9
233 70 215 1
233 80 225 4.5
233 90 270 4.4
234 0 0 2.7
234 10 27 4.2
234 20 69 0.9
234 30 78 4
234 40 118 4.3
234 50 161 2.5
234 60 186 2.9
234 70 215 1
234 80 225 4.5
234 90 270 4.4
235 0 0 2.7
235 10 27 4.2
235 20 69 0.9
235 30 78 4
235 40 118 4.3
235 50 161 2.5
235 60 186 2.9
235 70 215 1
235 80 225 4.5
235 90 270 4.4
236 0 0 2.7
236 10 27 4.2
236 20 69 0.9
236 30 78 4
236 40 118 4.3
236 50 161 2.5
236 60 186 2.9
236 70 215 1
236 80 225 4.5
236 90 270 4.4
237 0 0 2.7
237 10 27 4.2
237 20 69 0.9
237 30 78 4
237 40 118 4.3
237 50 161 2.5
237 60 186 2.9
237 70 215 1
237 80 225 4.5
237 90 270 4.4
238 0 0 2.7
238 10 27 4.2
238 20 69 0.9
238 30 78 4
238 40 118 4.3
238 50 161 2.5
238 60 186 2.9
238 70 215 1
238 80 225 4.5
238 90 270 4.4
239 0 0 2.7
239 10 27 4.2
239 20 69 0.9
239 30 78 4
239 40 118 4.3
239 50 161 2.5
239 60 186 2.9
239 70 215 1
239 80 225 4.5
239 90 270 4.4
240 0 0 2.7
240 10 27 4.2
240 20 69 0.9
240 30 78 4
240 40 118 4.3
240 50 161 2.5
240 60 186 2.9
240 70 215 1
240 80 225 4.5
240 90 270 4.4
241 0 0 2.7
241 10 27 4.2
241 20 69 0.9
241 30 78 4
241 40 118 4.3
241 50 161 2.5
241 60 186 2.9
241 70 215 1
241 80 225 4.5
241 90 270 4.4
242 0 0 2.7
242 10 27 4.2
242 20 69 0.9
242 30 78 4
242 40 118 4.3
242 50 161 2.5
242 60 186 2.9
242 70 215 1
242 80 225 4.5
242 90 270 4.4
243 0 0 2.7
243 10 27 4.2
243 20 69 0.9
243 30 78 4
243 40 118 4.3
243 50 161 2.5
243 60 186 2.9
243 70 215 1
243 80 225 4.5
243 90 270 4.4
244 0 0 2.7
244 10 27 4.2
244 20 69 0.9
244 30 78 4
244 40 118 4.3
244 50 161 2.5
244 60 186 2.9
244 70 215 1
244 80 225 4.5
244 90 270 4.4
245 0 0 2.7
245 10 27 4.2
245 20 69 0.9
245 30 78 4
245 40 118 4.3
245 50 161 2.5
245 60 186 2.9
245 70 215 1
245 80 225 4.5
245 90 270 4.4
246 0 0 2.7
246 10 27 4.2
246 20 69 0.9
246 30 78 4
246 40 118 4.3
246 50 161 2.5
246 60 186 2.9
246 70 215 1
246 80 225 4.5
246 90 270 4.4
247 0 0 2.7
247 10 27 4.2
247 20 69 0.9
247 30 78 4
247 40 118 4.3
247 50 161 2.5
247 60 186 2.9
247 70 215 1
247 80 225 4.5
247 90 270 4.4
248 0 0 2.7
248 10 27 4.2
248 20 69 0.9
248 30 78 4
248 40 118 4.3
248 50 161 2.5
248 60 186 2.9
248 70 215 1
248 80 225 4.5
248 90 270 4.4
249 0 0 2.7
249 10 27 4.2
249 20 69 0.9
249 30 78 4
249 40 118 4.3
249 50 161 2.5
249 60 186 2.9
249 70 215 1
249 80 225 4.5
249 90 270 4.4
250 0 0 2.7
250 10 27 4.2
250 20 69 0.9
250 30 78 4
250 40 118 4.3
250 50 161 2.5
250 60 186 2.9
250 70 215 1
250 80 225 4.5
250 90 270 4.4
251 0 0 2.7
251 10 27 4.2
251 20 69 0.9
251 30 78 4
251 40 118 4.3
251 50 161 2.5
251 60 186 2.9
251 70 215 1
251 80 225 4.5
251 90 270 4.4
252 0 0 2.7
252 10 27 4.2
252 20 69 0.9
252 30 78 4
252 40 118 4.3
252 50 161 2.5
252 60 186 2.9
252 70 215 1
252 80 225 4.5
252 90 270 4.4
253 0 0 2.7
253 10 27 4.2
253 20 69 0.9
253 30 78 4
253 40 118 4.3
253 50 161 2.5
253 60 186 2.9
253 70 215 1
253 80 225 4.5
253 90 270 4.4
254 0 0 2.7
254 10 27 4.2
254 20 69 0.9
254 30 78 4
254 40 118 4.3
254 50 161 2.5
254 60 186 2.9
254 70 215 1
254 80 225 4.5
254 90 270 4.4
255 0 0 2.7
255 10 27 4.2
255 20 69 0.9
255 30 78 4
255 40 118 4.3
255 50 161 2.5
255 60 186 2.9
255 70 215 1
255 80 225 4.5
255 90 270 4.4
256 0 0 2.7
256 10 27 4.2
256 20 69 0.9
256 30 78 4
256 40 118 4.3
256 50 161 2.5
256 60 186 2.9
256 70 215 1
256 80 225 4.5
256 90 270 4.4
257 0 0 2.7
257 10 27 4.2
257 20 69 0.9
257 30 78 4
257 40 118 4.3
257 50 161 2.5
257 60 186 2.9
257 70 215 1
257 80 225 4.5
257 90 270 4.4
258 0 0 2.7
258 10 27 4.2
258 20 69 0.9
258 30 78 4
258 40 118 4.3
258 50 161 2.5
258 60 186 2.9
258 70 215 1
258 80 225 4.5
258 90 270 4.4
259 0 0 2.7
259 10 27 4.2
259 20 69 0.9
259 30 78 4
259 40 118 4.3
259 50 161 2.5
259 60 186 2.9
259 70 215 1
259 80 225 4.5
259 90 270 4.4
260 0 0 2.7
260 10 27 4.2
260 20 69 0.9
260 30 78 4
260 40 118 4.3
260 50 161 2.5
260 60 186 2.9
260 70 215 1
260 80 225 4.5
260 90 270 4.4
261 0 0 2.7
261 10 27 4.2
261 20 69 0.9
261 30 78 4
261 40 118 4.3
261 50 161 2.5
261 60 186 2.9
261 70 215 1
261 80 225 4.5
261 90 270 4.4
262 0 0 2.7
262 10 27 4.2
262 20 69 0.9
262 30 78 4
262 40 118 4.3
262 50 161 2.5
262 60 186 2.9
262 70 215 1
262 80 225 4.5
262 90 270 4.4
263 0 0 2.7
263 10 27 4.2
263 20 69 0.9
263 30 78 4
263 40 118 4.3
263 50 161 2.5
263 60 186 2.9
263 70 215 1
263 80 225 4.5
263 90 270 4.4
264 0 0 2.7
264 10 27 4.2
264 20 69 0.9
264 30 78 4
264 40 118 4.3
264 50 161 2.5
264 60 186 2.9
264 70 215 1
264 80 225 4.5
264 90 270 4.4
265 0 0 2.7
265 10 27 4.2
265 20 69 0.9
265 30 78 4
265 40 118 4.3
265 50 161 2.5
265 60 186 2.9
265 70 215 1
265 80 225 4.5
265 90 270 4.4
266 0 0 2.7
266 10 27 4.2
266 20 69 0.9
266 30 78 4
266 40 118 4.3
266 50 161 2.5
266 60 186 2.9
266 70 215 1
266 80 225 4.5
266 90 270 4.4
267 0 0 2.7
267 10 27 4.2
267 20 69 0.9
267 30 78 4
267 40 118 4.3
267 50 161 2.5
267 60 186 2.9
267 70 215 1
267 80 225 4.5
267 90 270 4.4
268 0 0 2.7
268 10 27 4.2
268 20 69 0.9
268 30 78 4
268 40 118 4.3
268 50 161 2.5
268 60 186 2.9
268 70 215 1
268 80 225 4.5
268 90 270 4.4
269 0 0 2.7
269 10 27 4.2
269 20 69 0.9
269 30 78 4
269 40 118 4.3
269 50 161 2.5
269 60 186 2.9
269 70 215 1
269 80 225 4.5
269 90 270 4.4
270 0 0 2.7
270 10 27 4.2
270 20 69 0.9
270 30 78 4
270 40 118 4.3
270 50 161 2.5
270 60 186 2.9
270 70 215 1
270 80 225 4.5
270 90 270 4.4
271 0 0 2.7
271 10 27 4.2
271 20 69 0.9
271 30 78 4
271 40 118 4.3
271 50 161 2.5
271 60 186 2.9
271 70 215 1
271 80 225 4.5
271 90 270 4.4
272 0 0 2.7
272 10 27 4.2
272 20 69 0.9
272 30 78 4
272 40 118 4.3
272 50 161 2.5
272 60 186 2.9
272 70 215 1
272 80 225 4.5
272 90 270 4.4
273 0 0 2.7
273 10 27 4.2
273 20 69 0.9
273 30 78 4
273 40 118 4.3
273 50 161 2.5
273 60 186 2.9
273 70 215 1
273 80 225 4.5
273 90 270 4.4
274 0 0 2.7
274 10 27 4.2
274 20 69 0.9
274 30 78 4
274 40 118 4.3
274 50 161 2.5
274 60 186 2.9
274 70 215 1
274 80 225 4.5
274 90 270 4.4
275 0 0 2.7
275 10 27 4.2
275 20 69 0.9
275 30 78 4
275 40 118 4.3
275 50 161 2.5
275 60 186 2.9
275 70 215 1
275 80 225 4.5
275 90 270 4.4
276 0 0 2.7
276 10 27 4.2
276 20 69 0.9
276 30 78 4
276 40 118 4.3
276 50 161 2.5
276 60 186 2.9
276 70 215 1
276 80 225 4.5
276 90 270 4.4
277 0 0 2.7
277 10 27 4.2
277 20 69 0.9
277 30 78 4
277 40 118 4.3
277 50 161 2.5
277 60 186 2.9
277 70 215 1
277 80 225 4.5
277 90 270 4.4
278 0 0 2.7
278 10 27 4.2
278 20 69 0.9
278 30 78 4
278 40 118 4.3
278 50 161 2.5
278 60 186 2.9
278 70 215 1
278 80 225 4.5
278 90 270 4.4
279 0 0 2.7
279 10 27 4.2
279 20 69 0.9
279 30 78 4
279 40 118 4.3
279 50 161 2.5
279 60 186 2.9
279 70 215 1
279 80 225 4.5
279 90 270 4.4
280 0 0 2.7
280 10 27 4.2
280 20 69 0.9
280 30 78 4
280 40 118 4.3
280 50 161 2.5
280 60 186 2.9
280 70 215 1
280 80 225 4.5
280 90 270 4.4
281 0 0 2.7
281 10 27 4.2
281 20 69 0.9
281 30 78 4
281 40 118 4.3
281 50 161 2.5
281 60 186 2.9
281 70 215 1
281 80 225 4.5
281 90 270 4.4
282 0 0 2.7
282 10 27 4.2
282 20 69 0.9
282 30 78 4
282 40 118 4.3
282 50 161 2.5
282 60 186 2.9
282 70 215 1
282 80 225 4.5
282 90 270 4.4
283 0 0 2.7
283 10 27 4.2
283 20 69 0.9
283 30 78 4
283 40 118 4.3
283 50 161 2.5
283 60 186 2.9
283 70 215 1
283 80 225 4.5
283 90 270 4.4
284 0 0 2.7
284 10 27 4.2
284 20 69 0.9
284 30 78 4
284 40 118 4.3
284 50 161 2.5
284 60 186 2.9
284 70 215 1
284 80 225 4.5
284 90 270 4.4
285 0 0 2.7
285 10 27 4.2
285 20 69 0.9
285 30 78 4
285 40 118 4.3
285 50 161 2.5
285 60 186 2.9
285 70 215 1
285 80 225 4.5
285 90 270 4.4
286 0 0 2.7
286 10 27 4.2
286 20 69 0.9
286 30 78 4
286 40 118 4.3
286 50 161 2.5
286 60 186 2.9
286 70 215 1
286 80 225 4.5
286 90 270 4.4
287 0 0 2.7
287 10 27 4.2
287 20 69 0.9
287 30 78 4
287 40 118 4.3
287 50 161 2.5
287 60 186 2.9
287 70 215 1
287 80 225 4.5
287 90 270 4.4
288 0 0 2.7
288 10 27 4.2
288 20 69 0.9
288 30 78 4
288 40 118 4.3
288 50 161 2.5
288 60 186 2.9
288 70 215 1
288 80 225 4.5
288 90 270 4.4
289 0 0 2.7
289 10 27 4.2
289 20 69 0.9
289 30 78 4
289 40 118 4.3
289 50 161 2.5
289 60 186 2.9
289 70 215 1
289 80 225 4.5
289 90 270 4.4
290 0 0 2.7
290 10 27 4.2
290 20 69 0.9
290 30 78 4
290 40 118 4.3
290 50 161 2.5
290 60 186 2.9
290 70 215 1
290 80 225 4.5
290 90 270 4.4
291 0 0 2.7
291 10 27 4.2
291 20 69 0.9
291 30 78 4
291 40 118 4.3
291 50 161 2.5
291 60 186 2.9
291 70 215 1
291 80 225 4.5
291 90 270 4.4
292 0 0 2.7
292 10 27 4.2
292 20 69 0.9
292 30 78 4
292 40 118 4.3
292 50 161 2.5
292 60 186 2.9
292 70 215 1
292 80 225 4.5
292 90 270 4.4
293 0 0 2.7
293 10 27 4.2
293 20 69 0.9
293 30 78 4
293 40 118 4.3
293 50 161 2.5
293 60 186 2.9
293 70 215 1
293 80 225 4.5
293 90 270 4.4
294 0 0 2.7
294 10 27 4.2
294 20 69 0.9
294 30 78 4
294 40 118 4.3
294 50 161 2.5
294 60 186 2.9
294 70 215 1
294 80 225 4.5
294 90 270 4.4
295 0 0 2.7
295 10 27 4.2
295 20 69 0.9
295 30 78 4
295 40 118 4.3
295 50 161 2.5
295 60 186 2.9
295 70 215 1
295 80 225 4.5
295 90 270 4.4
296 0 0 2.7
296 10 27 4.2
296 20 69 0.9
296 30 78 4
296 40 118 4.3
296 50 161 2.5
296 60 186 2.9
296 70 215 1
296 80 225 4.5
296 90 270 4.4
297 0 0 2.7
297 10 27 4.2
297 20 69 0.9
297 30 78 4
297 40 118 4.3
297 50 161 2.5
297 60 186 2.9
297 70 215 1
297 80 225 4.5
297 90 270 4.4
298 0 0 2.7
298 10 27 4.2
298 20 69 0.9
298 30 78 4
298 40 118 4.3
298 50 161 2.5
298 60 186 2.9
298 70 215 1
298 80 225 4.5
298 90 270 4.4
299 0 0 2.7
299 10 27 4.2
299 20 69 0.9
299 30 78 4
299 40 118 4.3
299 50 161 2.5
299 60 186 2.9
299 70 215 1
299 80 225 4.5
299 90 270 4.4
300 0 0 2.7
300 10 27 4.2
300 20 69 0.9
300 30 78 4
300 40 118 4.3
300 50 161 2.5
300 60 186 2.9
300 70 215 1
300 80 225 4.5
300 90 270 4.4
301 0 0 2.7
301 10 27 4.2
301 20 69 0.9
301 30 78 4
301 40 118 4.3
301 50 161 2.5
301 60 186 2.9
301 70 215 1
301 80 225 4.5
301 90 270 4.4
302 0 0 2.7
302 10 27 4.2
302 20 69 0.9
302 30 78 4
302 40 118 4.3
302 50 161 2.5
302 60 186 2.9
302 70 215 1
302 80 225 4.5
302 90 270 4.4
303 0 0 2.7
303 10 27 4.2
303 20 69 0.9
303 30 78 4
303 40 118 4.3
303 50 161 2.5
303 60 186 2.9
303 70 215 1
303 80 225 4.5
303 90 270 4.4
304 0 0 2.7
304 10 27 4.2
304 20 69 0.9
304 30 78 4
304 40 118 4.3
304 50 161 2.5
304 60 186 2.9
304 70 215 1
304 80 225 4.5
304 90 270 4.4
305 0 0 2.7
305 10 27 4.2
305 20 69 0.9
305 30 78 4
305 40 118 4.3
305 50 161 2.5
305 60 186 2.9
305 70 215 1
305 80 225 4.5
305 90 270 4.4
306 0 0 2.7
306 10 27 4.2
306 20 69 0.9
306 30 78 4
306 40 118 4.3
306 50 161 2.5
306 60 186 2.9
306 70 215 1
306 80 225 4.5
306 90 270 4.4
307 0 0 2.7
307 10 27 4.2
307 20 69 0.9
307 30 78 4
307 40 118 4.3
307 50 161 2.5
307 60 186 2.9
307 70 215 1
307 80 225 4.5
307 90 270 4.4
308 0 0 2.7
308 10 27 4.2
308 20 69 0.9
308 30 78 4
308 40 118 4.3
308 50 161 2.5
308 60 186 2.9
308 70 215 1
308 80 225 4.5
308 90 270 4.4
309 0 0 2.7
309 10 27 4.2
309 20 69 0.9
309 30 78 4
309 40 118 4.3
309 50 161 2.5
309 60 186 2.9
309 70 215 1
309 80 225 4.5
309 90 270 4.4
310 0 0 2.7
310 10 27 4.2
310 20 69 0.9
310 30 78 4
310 40 118 4.3
310 50 161 2.5
310 60 186 2.9
310 70 215 1
310 80 225 4.5
310 90 270 4.4
311 0 0 2.7
311 10 27 4.2
311 20 69 0.9
311 30 78 4
311 40 118 4.3
311 50 161 2.5
311 60 186 2.9
311 70 215 1
311 80 225 4.5
311 90 270 4.4
312 0 0 2.7
312 10 27 4.2
312 20 69 0.9
312 30 78 4
312 40 118 4.3
312 50 161 2.5
312 60 186 2.9
312 70 215 1
312 80 225 4.5
312 90 270 4.4
313 0 0 2.7
313 10 27 4.2
313 20 69 0.9
313 30 78 4
313 40 118 4.3
313 50 161 2.5
313 60 186 2.9
313 70 215 1
313 80 225 4.5
313 90 270 4.4
314 0 0 2.7
314 10 27 4.2
314 20 69 0.9
314 30 78 4
314 40 118 4.3
314 50 161 2.5
314 60 186 2.9
314 70 215 1
314 80 225 4.5
314 90 270 4.4
315 0 0 2.7
315 10 27 4.2
315 20 69 0.9
315 30 78 4
315 40 118 4.3
315 50 161 2.5
315 60 186 2.9
315 70 215 1
315 80 225 4.5
315 90 270 4.4
316 0 0 2.7
316 10 27 4.2
316 20 69 0.9
316 30 78 4
316 40 118 4.3
316 50 161 2.5
316 60 186 2.9
316 70 215 1
316 80 225 4.5
316 90 270 4.4
317 0 0 2.7
317 10 27 4.2
317 20 69 0.9
317 30 78 4
317 40 118 4.3
317 50 161 2.5
317 60 186 2.9
317 70 215 1
317 80 225 4.5
317 90 270 4.4
318 0 0 2.7
318 10 27 4.2
318 20 69 0.9
318 30 78 4
318 40 118 4.3
318 50 161 2.5
318 60 186 2.9
318 70 215 1
318 80 225 4.5
318 90 270 4.4
319 0 0 2.7
319 10 27 4.2
319 20 69 0.9
319 30 78 4
319 40 118 4.3
319 50 161 2.5
319 60 186 2.9
319 70 215 1
319 80 225 4.5
319 90 270 4.4
320 0 0 2.7
320 10 27 4.2
320 20 69 0.9
320 30 78 4
320 40 118 4.3
320 50 161 2.5
320 60 186 2.9
320 70 215 1
320 80 225 4.5
320 90 270 4.4
321 0 0 2.7
321 10 27 4.2
321 20 69 0.9
321 30 78 4
321 40 118 4.3
321 50 161 2.5
321 60 186 2.9
321 70 215 1
321 80 225 4.5
321 90 270 4.4
322 0 0 2.7
322 10 27 4.2
322 20 69 0.9
322 30 78 4
322 40 118 4.3
322 50 161 2.5
322 60 186 2.9
322 70 215 1
322 80 225 4.5
322 90 270 4.4
323 0 0 2.7
323 10 27 4.2
323 20 69 0.9
323 30 78 4
323 40 118 4.3
323 50 161 2.5
323 60 186 2.9
323 70 215 1
323 80 225 4.5
323 90 270 4.4
324 0 0 2.7
324 10 27 4.2
324 20 69 0.9
324 30 78 4
324 40 118 4.3
324 50 161 2.5
324 60 186 2.9
324 70 215 1
324 80 225 4.5
324 90 270 4.4
325 0 0 2.7
325 10 27 4.2
325 20 69 0.9
325 30 78 4
325 40 118 4.3
325 50 161 2.5
325 60 186 2.9
325 70 215 1
325 80 225 4.5
325 90 270 4.4
326 0 0 2.7
326 10 27 4.2
326 20 69 0.9
326 30 78 4
326 40 118 4.3
326 50 161 2.5
326 60 186 2.9
326 70 215 1
326 80 225 4.5
326 90 270 4.4
327 0 0 2.7
327 10 27 4.2
327 20 69 0.9
327 30 78 4
327 40 118 4.3
327 50 161 2.5
327 60 186 2.9
327 70 215 1
327 80 225 4.5
327 90 270 4.4
328 0 0 2.7
328 10 27 4.2
328 20 69 0.9
328 30 78 4
328 40 118 4.3
328 50 161 2.5
328 60 186 2.9
328 70 215 1
328 80 225 4.5
328 90 270 4.4
329 0 0 2.7
329 10 27 4.2
329 20 69 0.9
329 30 78 4
329 40 118 4.3
329 50 161 2.5
329 60 186 2.9
329 70 215 1
329 80 225 4.5
329 90 270 4.4
330 0 0 2.7
330 10 27 4.2
330 20 69 0.9
330 30 78 4
330 40 118 4.3
330 50 161 2.5
330 60 186 2.9
330 70 215 1
330 80 225 4.5
330 90 270 4.4
331 0 0 2.7
331 10 27 4.2
331 20 69 0.9
331 30 78 4
331 40 118 4.3
331 50 161 2.5
331 60 186 2.9
331 70 215 1
331 80 225 4.5
331 90 270 4.4
332 0 0 2.7
332 10 27 4.2
332 20 69 0.9
332 30 78 4
332 40 118 4.3
332 50 161 2.5
332 60 186 2.9
332 70 215 1
332 80 225 4.5
332 90 270 4.4
333 0 0 2.7
333 10 27 4.2
333 20 69 0.9
333 30 78 4
333 40 118 4.3
333 50 161 2.5
333 60 186 2.9
333 70 215 1
333 80 225 4.5
333 90 270 4.4
334 0 0 2.7
334 10 27 4.2
334 20 69 0.9
334 30 78 4
334 40 118 4.3
334 50 161 2.5
334 60 186 2.9
334 70 215 1
334 80 225 4.5
334 90 270 4.4
335 0 0 2.7
335 10 27 4.2
335 20 69 0.9
335 30 78 4
335 40 118 4.3
335 50 161 2.5
335 60 186 2.9
335 70 215 1
335 80 225 4.5
335 90 270 4.4
336 0 0 2.7
336 10 27 4.2
336 20 69 0.9
336 30 78 4
336 40 118 4.3
336 50 161 2.5
336 60 186 2.9
336 70 215 1
336 80 225 4.5
336 90 270 4.4
337 0 0 2.7
337 10 27 4.2
337 20 69 0.9
337 30 78 4
337 40 118 4.3
337 50 161 2.5
337 60 186 2.9
337 70 215 1
337 80 225 4.5
337 90 270 4.4
338 0 0 2.7
338 10 27 4.2
338 20 69 0.9
338 30 78 4
338 40 118 4.3
338 50 161 2.5
338 60 186 2.9
338 70 215 1
338 80 225 4.5
338 90 270 4.4
339 0 0 2.7
339 10 27 4.2
339 20 69 0.9
339 30 78 4
339 40 118 4.3
339 50 161 2.5
339 60 186 2.9
339 70 215 1
339 80 225 4.5
339 90 270 4.4
340 0 0 2.7
340 10 27 4.2
340 20 69 0.9
340 30 78 4
340 40 118 4.3
340 50 161 2.5
340 60 186 2.9
340 70 215 1
340 80 225 4.5
340 90 270 4.4
341 0 0 2.7
341 10 27 4.2
341 20 69 0.9
341 30 78 4
341 40 118 4.3
341 50 161 2.5
341 60 186 2.9
341 70 215 1
341 80 225 4.5
341 90 270 4.4
342 0 0 2.7
342 10 27 4.2
342 20 69 0.9
342 30 78 4
342 40 118 4.3
342 50 161 2.5
342 60 186 2.9
342 70 215 1
342 80 225 4.5
342 90 270 4.4
343 0 0 2.7
343 10 27 4.2
343 20 69 0.9
343 30 78 4
343 40 118 4.3
343 50 161 2.5
343 60 186 2.9
343 70 215 1
343 80 225 4.5
343 90 270 4.4
344 0 0 2.7
344 10 27 4.2
344 20 69 0.9
344 30 78 4
344 40 118 4.3
344 50 161 2.5
344 60 186 2.9
344 70 215 1
344 80 225 4.5
344 90 270 4.4
345 0 0 2.7
345 10 27 4.2
345 20 69 0.9
345 30 78 4
345 40 118 4.3
345 50 161 2.5
345 60 186 2.9
345 70 215 1
345 80 225 4.5
345 90 270 4.4
346 0 0 2.7
346 10 27 4.2
346 20 69 0.9
346 30 78 4
346 40 118 4.3
346 50 161 2.5
346 60 186 2.9
346 70 215 1
346 80 225 4.5
346 90 270 4.4
347 0 0 2.7
347 10 27 4.2
347 20 69 0.9
347 30 78 4
347 40 118 4.3
347 50 161 2.5
347 60 186 2.9
347 70 215 1
347 80 225 4.5
347 90 270 4.4
348 0 0 2.7
348 10 27 4.2
348 20 69 0.9
348 30 78 4
348 40 118 4.3
348 50 161 2.5
348 60 186 2.9
348 70 215 1
348 80 225 4.5
348 90 270 4.4
349 0 0 2.7
349 10 27 4.2
349 20 69 0.9
349 30 78 4
349 40 118 4.3
349 50 161 2.5
349 60 186 2.9
349 70 215 1
349 80 225 4.5
349 90 270 4.4
350 0 0 2.7
350 10 27 4.2
350 20 69 0.9
350 30 78 4
350 40 118 4.3
350 50 161 2.5
350 60 186 2.9
350 70 215 1
350 80 225 4.5
350 90 270 4.4
351 0 0 2.7
351 10 27 4.2
351 20 69 0.9
351 30 78 4
351 40 118 4.3
351 50 161 2.5
351 60 186 2.9
351 70 215 1
351 80 225 4.5
351 90 270 4.4
352 0 0 2.7
352 10 27 4.2
352 20 69 0.9
352 30 78 4
352 40 118 4.3
352 50 161 2.5
352 60 186 2.9
352 70 215 1
352 80 225 4.5
352 90 270 4.4
353 0 0 2.7
353 10 27 4.2
353 20 69 0.9
353 30 78 4
353 40 118 4.3
353 50 161 2.5
353 60 186 2.9
353 70 215 1
353 80 225 4.5
353 90 270 4.4
354 0 0 2.7
354 10 27 4.2
354 20 69 0.9
354 30 78 4
354 40 118 4.3
354 50 161 2.5
354 60 186 2.9
354 70 215 1
354 80 225 4.5
354 90 270 4.4
355 0 0 2.7
355 10 27 4.2
355 20 69 0.9
355 30 78 4
355 40 118 4.3
355 50 161 2.5
355 60 186 2.9
355 70 215 1
355 80 225 4.5
355 90 270 4.4
356 0 0 2.7
356 10 27 4.2
356 20 69 0.9
356 30 78 4
356 40 118 4.3
356 50 161 2.5
356 60 186 2.9
356 70 215 1
356 80 225 4.5
356 90 270 4.4
357 0 0 2.7
357 10 27 4.2
357 20 69 0.9
357 30 78 4
357 40 118 4.3
357 50 161 2.5
357 60 186 2.9
357 70 215 1
357 80 225 4.5
357 90 270 4.4
358 0 0 2.7
358 10 27 4.2
358 20 69 0.9
358 30 78 4
358 40 118 4.3
358 50 161 2.5
358 60 186 2.9
358 70 215 1
358 80 225 4.5
358 90 270 4.4
359 0 0 2.7
359 10 27 4.2
359 20 69 0.9
359 30 78 4
359 40 118 4.3
359 50 161 2.5
359 60 186 2.9
359 70 215 1
359 80 225 4.5
359 90 270 4.4
360 0 0 2.7
360 10 27 4.2
360 20 69 0.9
360 30 78 4
360 40 118 4.3
360 50 161 2.5
360 60 186 2.9
360 70 215 1
360 80 225 4.5
360 90 270 4.4
361 0 0 2.7
361 10 27 4.2
361 20 69 0.9
361 30 78 4
361 40 118 4.3
361 50 161 2.5
361 60 186 2.9
361 70 215 1
361 80 225 4.5
361 90 270 4.4
362 0 0 2.7
362 10 27 4.2
362 20 69 0.9
362 30 78 4
362 40 118 4.3
362 50 161 2.5
362 60 186 2.9
362 70 215 1
362 80 225 4.5
362 90 270 4.4
363 0 0 2.7
363 10 27 4.2
363 20 69 0.9
363 30 78 4
363 40 118 4.3
363 50 161 2.5
363 60 186 2.9
363 70 215 1
363 80 225 4.5
363 90 270 4.4
364 0 0 2.7
364 10 27 4.2
364 20 69 0.9
364 30 78 4
364 40 118 4.3
364 50 161 2.5
364 60 186 2.9
364 70 215 1
364 80 225 4.5
364 90 270 4.4
365 0 0 2.7
365 10 27 4.2
365 20 69 0.9
365 30 78 4
365 40 118 4.3
365 50 161 2.5
365 60 186 2.9
365 70 215 1
365 80 225 4.5
365 90 270 4.4
366 0 0 2.7
366 10 27 4.2
366 20 69 0.9
366 30 78 4
366 40 118 4.3
366 50 161 2.5
366 60 186 2.9
366 70 215 1
366 80 225 4.5
366 90 270 4.4
367 0 0 2.7
367 10 27 4.2
367 20 69 0.9
367 30 78 4
367 40 118 4.3
367 50 161 2.5
367 60 186 2.9
367 70 215 1
367 80 225 4.5
367 90 270 4.4
368 0 0 2.7
368 10 27 4.2
368 20 69 0.9
368 30 78 4
368 40 118 4.3
368 50 161 2.5
368 60 186 2.9
368 70 215 1
368 80 225 4.5
368 90 270 4.4
369 0 0 2.7
369 10 27 4.2
369 20 69 0.9
369 30 78 4
369 40 118 4.3
369 50 161 2.5
369 60 186 2.9
369 70 215 1
369 80 225 4.5
369 90 270 4.4
370 0 0 2.7
370 10 27 4.2
370 20 69 0.9
370 30 78 4
370 40 118 4.3
370 50 161 2.5
370 60 186 2.9
370 70 215 1
370 80 225 4.5
370 90 270 4.4
371 0 0 2.7
371 10 27 4.2
371 20 69 0.9
371 30 78 4
371 40 118 4.3
371 50 161 2.5
371 60 186 2.9
371 70 215 1
371 80 225 4.5
371 90 270 4.4
372 0 0 2.7
372 10 27 4.2
372 20 69 0.9
372 30 78 4
372 40 118 4.3
372 50 161 2.5
372 60 186 2.9
372 70 215 1
372 80 225 4.5
372 90 270 4.4
373 0 0 2.7
373 10 27 4.2
373 20 69 0.9
373 30 78 4
373 40 118 4.3
373 50 161 2.5
373 60 186 2.9
373 70 215 1
373 80 225 4.5
373 90 270 4.4
374 0 0 2.7
374 10 27 4.2
374 20 69 0.9
374 30 78 4
374 40 118 4.3
374 50 161 2.5
374 60 186 2.9
374 70 215 1
374 80 225 4.5
374 90 270 4.4
375 0 0 2.7
375 10 27 4.2
375 20 69 0.9
375 30 78 4
375 40 118 4.3
375 50 161 2.5
375 60 186 2.9
375 70 215 1
375 80 225 4.5
375 90 270 4.4
376 0 0 2.7
376 10 27 4.2
376 20 69 0.9
376 30 78 4
376 40 118 4.3
376 50 161 2.5
376 60 186 2.9
376 70 215 1
376 80 225 4.5
376 90 270 4.4
377 0 0 2.7
377 10 27 4.2
377 20 69 0.9
377 30 78 4
377 40 118 4.3
377 50 161 2.5
377 60 186 2.9
377 70 215 1
377 80 225 4.5
377 90 270 4.4
378 0 0 2.7
378 10 27 4.2
378 20 69 0.9
378 30 78 4
378 40 118 4.3
378 50 161 2.5
378 60 186 2.9
378 70 215 1
378 80 225 4.5
378 90 270 4.4
379 0 0 2.7
379 10 27 4.2
379 20 69 0.9
379 30 78 4
379 40 118 4.3
379 50 161 2.5
379 60 186 2.9
379 70 215 1
379 80 225 4.5
379 90 270 4.4
380 0 0 2.7
380 10 27 4.2
380 20 69 0.9
380 30 78 4
380 40 118 4.3
380 50 161 2.5
380 60 186 2.9
380 70 215 1
380 80 225 4.5
380 90 270 4.4
381 0 0 2.7
381 10 27 4.2
381 20 69 0.9
381 30 78 4
381 40 118 4.3
381 50 161 2.5
381 60 186 2.9
381 70 215 1
381 80 225 4.5
381 90 270 4.4
382 0 0 2.7
382 10 27 4.2
382 20 69 0.9
382 30 78 4
382 40 118 4.3
382 50 161 2.5
382 60 186 2.9
382 70 215 1
382 80 225 4.5
382 90 270 4.4
383 0 0 2.7
383 10 27 4.2
383 20 69 0.9
383 30 78 4
383 40 118 4.3
383 50 161 2.5
383 60 186 2.9
383 70 215 1
383 80 225 4.5
383 90 270 4.4
384 0 0 2.7
384 10 27 4.2
384 20 69 0.9
384 30 78 4
384 40 118 4.3
384 50 161 2.5
384 60 186 2.9
384 70 215 1
384 80 225 4.5
384 90 270 4.4
385 0 0 2.7
385 10 27 4.2
385 20 69 0.9
385 30 78 4
385 40 118 4.3
385 50 161 2.5
385 60 186 2.9
385 70 215 1
385 80 225 4.5
385 90 270 4.4
386 0 0 2.7
386 10 27 4.2
386 20 69 0.9
386 30 78 4
386 40 118 4.3
386 50 161 2.5
386 60 186 2.9
386 70 215 1
386 80 225 4.5
386 90 270 4.4
387 0 0 2.7
387 10 27 4.2
387 20 69 0.9
387 30 78 4
387 40 118 4.3
387 50 161 2.5
387 60 186 2.9
387 70 215 1
387 80 225 4.5
387 90 270 4.4
388 0 0 2.7
388 10 27 4.2
388 20 69 0.9
388 30 78 4
388 40 118 4.3
388 50 161 2.5
388 60 186 2.9
388 70 215 1
388 80 225 4.5
388 90 270 4.4
389 0 0 2.7
389 10 27 4.2
389 20 69 0.9
389 30 78 4
389 40 118 4.3
389 50 161 2.5
389 60 186 2.9
389 70 215 1
389 80 225 4.5
389 90 270 4.4
390 0 0 2.7
390 10 27 4.2
390 20 69 0.9
390 30 78 4
390 40 118 4.3
390 50 161 2.5
390 60 186 2.9
390 70 215 1
390 80 225 4.5
390 90 270 4.4
391 0 0 2.7
391 10 27 4.2
391 20 69 0.9
391 30 78 4
391 40 118 4.3
391 50 161 2.5
391 60 186 2.9
391 70 215 1
391 80 225 4.5
391 90 270 4.4
392 0 0 2.7
392 10 27 4.2
392 20 69 0.9
392 30 78 4
392 40 118 4.3
392 50 161 2.5
392 60 186 2.9
392 70 215 1
392 80 225 4.5
392 90 270 4.4
393 0 0 2.7
393 10 27 4.2
393 20 69 0.9
393 30 78 4
393 40 118 4.3
393 50 161 2.5
393 60 186 2.9
393 70 215 1
393 80 225 4.5
393 90 270 4.4
394 0 0 2.7
394 10 27 4.2
394 20 69 0.9
394 30 78 4
394 40 118 4.3
394 50 161 2.5
394 60 186 2.9
394 70 215 1
394 80 225 4.5
394 90 270 4.4
395 0 0 2.7
395 10 27 4.2
395 20 69 0.9
395 30 78 4
395 40 118 4.3
395 50 161 2.5
395 60 186 2.9
395 70 215 1
395 80 225 4.5
395 90 270 4.4
396 0 0 2.7
396 10 27 4.2
396 20 69 0.9
396 30 78 4
396 40 118 4.3
396 50 161 2.5
396 60 186 2.9
396 70 215 1
396 80 225 4.5
396 90 270 4.4
397 0 0 2.7
397 10 27 4.2
397 20 69 0.9
397 30 78 4
397 40 118 4.3
397 50 161 2.5
397 60 186 2.9
397 70 215 1
397 80 225 4.5
397 90 270 4.4
398 0 0 2.7
398 10 27 4.2
398 20 69 0.9
398 30 78 4
398 40 118 4.3
398 50 161 2.5
398 60 186 2.9
398 70 215 1
398 80 225 4.5
398 90 270 4.4
399 0 0 2.7
399 10 27 4.2
399 20 69 0.9
399 30 78 4
399 40 118 4.3
399 50 161 2.5
399 60 186 2.9
399 70 215 1
399 80 225 4.5
399 90 270 4.4
400 0 0 2.7
400 10 27 4.2
400 20 69 0.9
400 30 78 4
400 40 118 4.3
400 50 161 2.5
400 60 186 2.9
400 70 215 1
400 80 225 4.5
400 90 270 4.4
401 0 0 2.7
401 10 27 4.2
401 20 69 0.9
401 30 78 4
401 40 118 4.3
401 50 161 2.5
401 60 186 2.9
401 70 215 1
401 80 225 4.5
401 90 270 4.4
402 0 0 2.7
402 10 27 4.2
402 20 69 0.9
402 30 78 4
402 40 118 4.3
402 50 161 2.5
402 60 186 2.9
402 70 215 1
402 80 225 4.5
402 90 270 4.4
403 0 0 2.7
403 10 27 4.2
403 20 69 0.9
403 30 78 4
403 40 118 4.3
403 50 161 2.5
403 60 186 2.9
403 70 215 1
403 80 225 4.5
403 90 270 4.4
404 0 0 2.7
404 10 27 4.2
404 20 69 0.9
404 30 78 4
404 40 118 4.3
404 50 161 2.5
404 60 186 2.9
404 70 215 1
404 80 225 4.5
404 90 270 4.4
405 0 0 2.7
405 10 27 4.2
405 20 69 0.9
405 30 78 4
405 40 118 4.3
405 50 161 2.5
405 60 186 2.9
405 70 215 1
405 80 225 4.5
405 90 270 4.4
406 0 0 2.7
406 10 27 4.2
406 20 69 0.9
406 30 78 4
406 40 118 4.3
406 50 161 2.5
406 60 186 2.9
406 70 215 1
406 80 225 4.5
406 90 270 4.4
407 0 0 2.7
407 10 27 4.2
407 20 69 0.9
407 30 78 4
407 40 118 4.3
407 50 161 2.5
407 60 186 2.9
407 70 215 1
407 80 225 4.5
407 90 270 4.4
408 0 0 2.7
408 10 27 4.2
408 20 69 0.9
408 30 78 4
408 40 118 4.3
408 50 161 2.5
408 60 186 2.9
408 70 215 1
408 80 225 4.5
408 90 270 4.4
409 0 0 2.7
409 10 27 4.2
409 20 69 0.9
409 30 78 4
409 40 118 4.3
409 50 161 2.5
409 60 186 2.9
409 70 215 1
409 80 225 4.5
409 90 270 4.4
410 0 0 2.7
410 10 27 4.2
410 20 69 0.9
410 30 78 4
410 40 118 4.3
410 50 161 2.5
410 60 186 2.9
410 70 215 1
410 80 225 4.5
410 90 270 4.4
411 0 0 2.7
411 10 27 4.2
411 20 69 0.9
411 30 78 4
411 40 118 4.3
411 50 161 2.5
411 60 186 2.9
411 70 215 1
411 80 225 4.5
411 90 270 4.4
412 0 0 2.7
412 10 27 4.2
412 20 69 0.9
412 30 78 4
412 40 118 4.3
412 50 161 2.5
412 60 186 2.9
412 70 215 1
412 80 225 4.5
412 90 270 4.4
413 0 0 2.7
413 10 27 4.2
413 20 69 0.9
413 30 78 4
413 40 118 4.3
413 50 161 2.5
413 60 186 2.9
413 70 215 1
413 80 225 4.5
413 90 270 4.4
414 0 0 2.7
414 10 27 4.2
414 20 69 0.9
414 30 78 4
414 40 118 4.3
414 50 161 2.5
414 60 186 2.9
414 70 215 1
414 80 225 4.5
414 90 270 4.4
415 0 0 2.7
415 10 27 4.2
415 20 69 0.9
415 30 78 4
415 40 118 4.3
415 50 161 2.5
415 60 186 2.9
415 70 215 1
415 80 225 4.5
415 90 270 4.4
416 0 0 2.7
416 10 27 4.2
416 20 69 0.9
416 30 78 4
416 40 118 4.3
416 50 161 2.5
416 60 186 2.9
416 70 215 1
416 80 225 4.5
416 90 270 4.4
417 0 0 2.7
417 10 27 4.2
417 20 69 0.9
417 30 78 4
417 40 118 4.3
417 50 161 2.5
417 60 186 2.9
417 70 215 1
417 80 225 4.5
417 90 270 4.4
418 0 0 2.7
418 10 27 4.2
418 20 69 0.9
418 30 78 4
418 40 118 4.3
418 50 161 2.5
418 60 186 2.9
418 70 215 1
418 80 225 4.5
418 90 270 4.4
419 0 0 2.7
419 10 27 4.2
419 20 69 0.9
419 30 78 4
419 40 118 4.3
419 50 161 2.5
419 60 186 2.9
419 70 215 1
419 80 225 4.5
419 90 270 4.4
420 0 0 2.7
420 10 27 4.2
420 20 69 0.9
420 30 78 4
420 40 118 4.3
420 50 161 2.5
420 60 186 2.9
420 70 215 1
420 80 225 4.5
420 90 270 4.4
421 0 0 2.7
421 10 27 4.2
421 20 69 0.9
421 30 78 4
421 40 118 4.3
421 50 161 2.5
421 60 186 2.9
421 70 215 1
421 80 225 4.5
421 90 270 4.4
422 0 0 2.7
422 10 27 4.2
422 20 69 0.9
422 30 78 4
422 40 118 4.3
422 50 161 2.5
422 60 186 2.9
422 70 215 1
422 80 225 4.5
422 90 270 4.4
423 0 0 2.7
423 10 27 4.2
423 20 69 0.9
423 30 78 4
423 40 118 4.3
423 50 161 2.5
423 60 186 2.9
423 70 215 1
423 80 225 4.5
423 90 270 4.4
424 0 0 2.7
424 10 27 4.2
424 20 69 0.9
424 30 78 4
424 40 118 4.3
424 50 161 2.5
424 60 186 2.9
424 70 215 1
424 80 225 4.5
424 90 270 4.4
425 0 0 2.7
425 10 27 4.2
425 20 69 0.9
425 30 78 4
425 40 118 4.3
425 50 161 2.5
425 60 186 2.9
425 70 215 1
425 80 225 4.5
425 90 270 4.4
426 0 0 2.7
426 10 27 4.2
426 20 69 0.9
426 30 78 4
426 40 118 4.3
426 50 161 2.5
426 60 186 2.9
426 70 215 1
426 80 225 4.5
426 90 270 4.4
427 0 0 2.7
427 10 27 4.2
427 20 69 0.9
427 30 78 4
427 40 118 4.3
427 50 161 2.5
427 60 186 2.9
427 70 215 1
427 80 225 4.5
427 90 270 4.4
428 0 0 2.7
428 10 27 4.2
428 20 69 0.9
428 30 78 4
428 40 118 4.3
428 50 161 2.5
428 60 186 2.9
428 70 215 1
428 80 225 4.5
428 90 270 4.4
429 0 0 2.7
429 10 27 4.2
429 20 69 0.9
429 30 78 4
429 40 118 4.3
429 50 161 2.5
429 60 186 2.9
429 70 215 1
429 80 225 4.5
429 90 270 4.4
430 0 0 2.7
430 10 27 4.2
430 20 69 0.9
430 30 78 4
430 40 118 4.3
430 50 161 2.5
430 60 186 2.9
430 70 215 1
430 80 225 4.5
430 90 270 4.4
431 0 0 2.7
431 10 27 4.2
431 20 69 0.9
431 30 78 4
431 40 118 4.3
431 50 161 2.5
431 60 186 2.9
431 70 215 1
431 80 225 4.5
431 90 270 4.4
432 0 0 2.7
432 10 27 4.2
432 20 69 0.9
432 30 78 4
432 40 118 4.3
432 50 161 2.5
432 60 186 2.9
432 70 215 1
432 80 225 4.5
432 90 270 4.4
433 0 0 2.7
433 10 27 4.2
433 20 69 0.9
433 30 78 4
433 40 118 4.3
433 50 161 2.5
433 60 186 2.9
433 70 215 1
433 80 225 4.5
433 90 270 4.4
434 0 0 2.7
434 10 27 4.2
434 20 69 0.9
434 30 78 4
434 40 118 4.3
434 50 161 2.5
434 60 186 2.9
434 70 215 1
434 80 225 4.5
434 90 270 4.4
435 0 0 2.7
435 10 27 4.2
435 20 69 0.9
435 30 78 4
435 40 118 4.3
435 50 161 2.5
435 60 186 2.9
435 70 215 1
435 80 225 4.5
435 90 270 4.4
436 0 0 2.7
436 10 27 4.2
436 20 69 0.9
436 30 78 4
436 40 118 4.3
436 50 161 2.5
436 60 186 2.9
436 70 215 1
436 80 225 4.5
436 90 270 4.4
437 0 0 2.7
437 10 27 4.2
437 20 69 0.9
437 30 78 4
437 40 118 4.3
437 50 161 2.5
437 60 186 2.9
437 70 215 1
437 80 225 4.5
437 90 270 4.4
438 0 0 2.7
438 10 27 4.2
438 20 69 0.9
438 30 78 4
438 40 118 4.3
438 50 161 2.5
438 60 186 2.9
438 70 215 1
438 80 225 4.5
438 90 270 4.4
439 0 0 2.7
439 10 27 4.2
439 20 69 0.9
439 30 78 4
439 40 118 4.3
439 50 161 2.5
439 60 186 2.9
439 70 215 1
439 80 225 4.5
439 90 270 4.4
440 0 0 2.7
440 10 27 4.2
440 20 69 0.9
440 30 78 4
440 40 118 4.3
440 50 161 2.5
440 60 186 2.9
440 70 215 1
440 80 225 4.5
440 90 270 4.4
441 0 0 2.7
441 10 27 4.2
441 20 69 0.9
441 30 78 4
441 40 118 4.3
441 50 161 2.5
441 60 186 2.9
441 70 215 1
441 80 225 4.5
441 90 270 4.4
442 0 0 2.7
442 10 27 4.2
442 20 69 0.9
442 30 78 4
442 40 118 4.3
442 50 161 2.5
442 60 186 2.9
442 70 215 1
442 80 225 4.5
442 90 270 4.4
443 0 0 2.7
443 10 27 4.2
443 20 69 0.9
443 30 78 4
443 40 118 4.3
443 50 161 2.5
443 60 186 2.9
443 70 215 1
443 80 225 4.5
443 90 270 4.4
444 0 0 2.7
444 10 27 4.2
444 20 69 0.9
444 30 78 4
444 40 118 4.3
444 50 161 2.5
444 60 186 2.9
444 70 215 1
444 80 225 4.5
444 90 270 4.4
445 0 0 2.7
445 10 27 4.2
445 20 69 0.9
445 30 78 4
445 40 118 4.3
445 50 161 2.5
445 60 186 2.9
445 70 215 1
445 80 225 4.5
445 90 270 4.4
446 0 0 2.7
446 10 27 4.2
446 20 69 0.9
446 30 78 4
446 40 118 4.3
446 50 161 2.5
446 60 186 2.9
446 70 215 1
446 80 225 4.5
446 90 270 4.4
447 0 0 2.7
447 10 27 4.2
447 20 69 0.9
447 30 78 4
447 40 118 4.3
447 50 161 2.5
447 60 186 2.9
447 70 215 1
447 80 225 4.5
447 90 270 4.4
448 0 0 2.7
448 10 27 4.2
448 20 69 0.9
448 30 78 4
448 40 118 4.3
448 50 161 2.5
448 60 186 2.9
448 70 215 1
448 80 225 4.5
448 90 270 4.4
449 0 0 2.7
449 10 27 4.2
449 20 69 0.9
449 30 78 4
449 40 118 4.3
449 50 161 2.5
449 60 186 2.9
449 70 215 1
449 80 225 4.5
449 90 270 4.4
450 0 0 2.7
450 10 27 4.2
450 20 69 0.9
450 30 78 4
450 40 118 4.3
450 50 161 2.5
450 60 186 2.9
450 70 215 1
450 80 225 4.5
450 90 270 4.4
451 0 0 2.7
451 10 27 4.2
451 20 69 0.9
451 30 78 4
451 40 118 4.3
451 50 161 2.5
451 60 186 2.9
451 70 215 1
451 80 225 4.5
451 90 270 4.4
452 0 0 2.7
452 10 27 4.2
452 20 69 0.9
452 30 78 4
452 40 118 4.3
452 50 161 2.5
452 60 186 2.9
452 70 215 1
452 80 225 4.5
452 90 270 4.4
453 0 0 2.7
453 10 27 4.2
453 20 69 0.9
453 30 78 4
453 40 118 4.3
453 50 161 2.5
453 60 186 2.9
453 70 215 1
453 80 225 4.5
453 90 270 4.4
454 0 0 2.7
454 10 27 4.2
454 20 69 0.9
454 30 78 4
454 40 118 4.3
454 50 161 2.5
454 60 186 2.9
454 70 215 1
454 80 225 4.5
454 90 270 4.4
455 0 0 2.7
455 10 27 4.2
455 20 69 0.9
455 30 78 4
455 40 118 4.3
455 50 161 2.5
455 60 186 2.9
455 70 215 1
455 80 225 4.5
455 90 270 4.4
456 0 0 2.7
456 10 27 4.2
456 20 69 0.9
456 30 78 4
456 40 118 4.3
456 50 161 2.5
456 60 186 2.9
456 70 215 1
456 80 225 4.5
456 90 270 4.4
457 0 0 2.7
457 10 27 4.2
457 20 69 0.9
457 30 78 4
457 40 118 4.3
457 50 161 2.5
457 60 186 2.9
457 70 215 1
457 80 225 4.5
457 90 270 4.4
458 0 0 2.7
458 10 27 4.2
458 20 69 0.9
458 30 78 4
458 40 118 4.3
458 50 161 2.5
458 60 186 2.9
458 70 215 1
458 80 225 4.5
458 90 270 4.4
459 0 0 2.7
459 10 27 4.2
459 20 69 0.9
459 30 78 4
459 40 118 4.3
459 50 161 2.5
459 60 186 2.9
459 70 215 1
459 80 225 4.5
459 90 270 4.4
460 0 0 2.7
460 10 27 4.2
460 20 69 0.9
460 30 78 4
460 40 118 4.3
460 50 161 2.5
460 60 186 2.9
460 70 215 1
460 80 225 4.5
460 90 270 4.4
461 0 0 2.7
461 10 27 4.2
461 20 69 0.9
461 30 78 4
461 40 118 4.3
461 50 161 2.5
461 60 186 2.9
461 70 215 1
461 80 225 4.5
461 90 270 4.4
462 0 0 2.7
462 10 27 4.2
462 20 69 0.9
462 30 78 4
462 40 118 4.3
462 50 161 2.5
462 60 186 2.9
462 70 215 1
462 80 225 4.5
462 90 270 4.4
463 0 0 2.7
463 10 27 4.2
463 20 69 0.9
463 30 78 4
463 40 118 4.3
463 50 161 2.5
463 60 186 2.9
463 70 215 1
463 80 225 4.5
463 90 270 4.4
464 0 0 2.7
464 10 27 4.2
464 20 69 0.9
464 30 78 4
464 40 118 4.3
464 50 161 2.5
464 60 186 2.9
464 70 215 1
464 80 225 4.5
464 90 270 4.4
465 0 0 2.7
465 10 27 4.2
465 20 69 0.9
465 30 78 4
465 40 118 4.3
465 50 161 2.5
465 60 186 2.9
465 70 215 1
465 80 225 4.5
465 90 270 4.4
466 0 0 2.7
466 10 27 4.2
466 20 69 0.9
466 30 78 4
466 40 118 4.3
466 50 161 2.5
466 60 186 2.9
466 70 215 1
466 80 225 4.5
466 90 270 4.4
467 0 0 2.7
467 10 27 4.2
467 20 69 0.9
467 30 78 4
467 40 118 4.3
467 50 161 2.5
467 60 186 2.9
467 70 215 1
467 80 225 4.5
467 90 270 4.4
468 0 0 2.7
468 10 27 4.2
468 20 69 0.9
468 30 78 4
468 40 118 4.3
468 50 161 2.5
468 60 186 2.9
468 70 215 1
468 80 225 4.5
468 90 270 4.4
469 0 0 2.7
469 10 27 4.2
469 20 69 0.9
469 30 78 4
469 40 118 4.3
469 50 161 2.5
469 60 186 2.9
469 70 215 1
469 80 225 4.5
469 90 270 4.4
470 0 0 2.7
470 10 27 4.2
470 20 69 0.9
470 30 78 4
470 40 118 4.3
470 50 161 2.5
470 60 186 2.9
470 70 215 1
470 80 225 4.5
470 90 270 4.4
471 0 0 2.7
471 10 27 4.2
471 20 69 0.9
471 30 78 4
471 40 118 4.3
471 50 161 2.5
471 60 186 2.9
471 70 215 1
471 80 225 4.5
471 90 270 4.4
472 0 0 2.7
472 10 27 4.2
472 20 69 0.9
472 30 78 4
472 40 118 4.3
472 50 161 2.5
472 60 186 2.9
472 70 215 1
472 80 225 4.5
472 90 270 4.4
473 0 0 2.7
473 10 27 4.2
473 20 69 0.9
473 30 78 4
473 40 118 4.3
473 50 161 2.5
473 60 186 2.9
473 70 215 1
473 80 225 4.5
473 90 270 4.4
474 0 0 2.7
474 10 27 4.2
474 20 69 0.9
474 30 78 4
474 40 118 4.3
474 50 161 2.5
474 60 186 2.9
474 70 215 1
474 80 225 4.5
474 90 270 4.4
475 0 0 2.7
475 10 27 4.2
475 20 69 0.9
475 30 78 4
475 40 118 4.3
475 50 161 2.5
475 60 186 2.9
475 70 215 1
475 80 225 4.5
475 90 270 4.4
476 0 0 2.7
476 10 27 4.2
476 20 69 0.9
476 30 78 4
476 40 118 4.3
476 50 161 2.5
476 60 186 2.9
476 70 215 1
476 80 225 4.5
476 90 270 4.4
477 0 0 2.7
477 10 27 4.2
477 20 69 0.9
477 30 78 4
477 40 118 4.3
477 50 161 2.5
477 60 186 2.9
477 70 215 1
477 80 225 4.5
477 90 270 4.4
478 0 0 2.7
478 10 27 4.2
478 20 69 0.9
478 30 78 4
478 40 118 4.3
478 50 161 2.5
478 60 186 2.9
478 70 215 1
478 80 225 4.5
478 90 270 4.4
479 0 0 2.7
479 10 27 4.2
479 20 69 0.9
479 30 78 4
479 40 118 4.3
479 50 161 2.5
479 60 186 2.9
479 70 215 1
479 80 225 4.5
479 90 270 4.4
480 0 0 2.7
480 10 27 4.2
480 20 69 0.9
480 30 78 4
480 40 118 4.3
480 50 161 2.5
480 60 186 2.9
480 70 215 1
480 80 225 4.5
480 90 270 4.4
481 0 0 2.7
481 10 27 4.2
481 20 69 0.9
481 30 78 4
481 40 118 4.3
481 50 161 2.5
481 60 186 2.9
481 70 215 1
481 80 225 4.5
481 90 270 4.4
482 0 0 2.7
482 10 27 4.2
482 20 69 0.9
482 30 78 4
482 40 118 4.3
482 50 161 2.5
482 60 186 2.9
482 70 215 1
482 80 225 4.5
482 90 270 4.4
483 0 0 2.7
483 10 27 4.2
483 20 69 0.9
483 30 78 4
483 40 118 4.3
483 50 161 2.5
483 60 186 2.9
483 70 215 1
483 80 225 4.5
483 90 270 4.4
484 0 0 2.7
484 10 27 4.2
484 20 69 0.9
484 30 78 4
484 40 118 4.3
484 50 161 2.5
484 60 186 2.9
484 70 215 1
484 80 225 4.5
484 90 270 4.4
485 0 0 2.7
485 10 27 4.2
485 20 69 0.9
485 30 78 4
485 40 118 4.3
485 50 161 2.5
485 60 186 2.9
485 70 215 1
485 80 225 4.5
485 90 270 4.4
486 0 0 2.7
486 10 27 4.2
486 20 69 0.9
486 30 78 4
486 40 118 4.3
486 50 161 2.5
486 60 186 2.9
486 70 215 1
486 80 225 4.5
486 90 270 4.4
487 0 0 2.7
487 10 27 4.2
487 20 69 0.9
487 30 78 4
487 40 118 4.3
487 50 161 2.5
487 60 186 2.9
487 70 215 1
487 80 225 4.5
487 90 270 4.4
488 0 0 2.7
488 10 27 4.2
488 20 69 0.9
488 30 78 4
488 40 118 4.3
488 50 161 2.5
488 60 186 2.9
488 70 215 1
488 80 225 4.5
488 90 270 4.4
489 0 0 2.7
489 10 27 4.2
489 20 69 0.9
489 30 78 4
489 40 118 4.3
489 50 161 2.5
489 60 186 2.9
489 70 215 1
489 80 225 4.5
489 90 270 4.4
490 0 0 2.7
490 10 27 4.2
490 20 69 0.9
490 30 78 4
490 40 118 4.3
490 50 161 2.5
490 60 186 2.9
490 70 215 1
490 80 225 4.5
490 90 270 4.4
491 0 0 2.7
491 10 27 4.2
491 20 69 0.9
491 30 78 4
491 40 118 4.3
491 50 161 2.5
491 60 186 2.9
491 70 215 1
491 80 225 4.5
491 90 270 4.4
492 0 0 2.7
492 10 27 4.2
492 20 69 0.9
492 30 78 4
492 40 118 4.3
492 50 161 2.5
492 60 186 2.9
492 70 215 1
492 80 225 4.5
492 90 270 4.4
493 0 0 2.7
493 10 27 4.2
493 20 69 0.9
493 30 78 4
493 40 118 4.3
493 50 161 2.5
493 60 186 2.9
493 70 215 1
493 80 225 4.5
493 90 270 4.4
494 0 0 2.7
494 10 27 4.2
494 20 69 0.9
494 30 78 4
494 40 118 4.3
494 50 161 2.5
494 60 186 2.9
494 70 215 1
494 80 225 4.5
494 90 270 4.4
495 0 0 2.7
495 10 27 4.2
495 20 69 0.9
495 30 78 4
495 40 118 4.3
495 50 161 2.5
495 60 186 2.9
495 70 215 1
495 80 225 4.5
495 90 270 4.4
496 0 0 2.7
496 10 27 4.2
496 20 69 0.9
496 30 78 4
496 40 118 4.3
496 50 161 2.5
496 60 186 2.9
496 70 215 1
496 80 225 4.5
496 90 270 4.4
497 0 0 2.7
497 10 27 4.2
497 20 69 0.9
497 30 78 4
497 40 118 4.3
497 50 161 2.5
497 60 186 2.9
497 70 215 1
497 80 225 4.5
497 90 270 4.4
498 0 0 2.7
498 10 27 4.2
498 20 69 0.9
498 30 78 4
498 40 118 4.3
498 50 161 2.5
498 60 186 2.9
498 70 215 1
498 80 225 4.5
498 90 270 4.4
499 0 0 2.7
499 10 27 4.2
499 20 69 0.9
499 30 78 4
499 40 118 4.3
499 50 161 2.5
499 60 186 2.9
499 70 215 1
499 80 225 4.5
499 90 270 4.4
