20 4
0 0 0 3.1
0 500 1550 0.7
0 1000 1900 1.7
0 1500 2750 2.7
1 0 0 3.1
1 500 1550 0.7
1 1000 1900 1.7
1 1500 2750 2.7
2 0 0 3.1
2 500 1550 0.7
2 1000 1900 1.7
2 1500 2750 2.7
3 0 0 3.1
3 500 1550 0.7
3 1000 1900 1.7
3 1500 2750 2.7
4 0 0 3.1
4 500 1550 0.7
4 1000 1900 1.7
4 1500 2750 2.7
5 0 0 3.1
5 500 1550 0.7
5 1000 1900 1.7
5 1500 2750 2.7
6 0 0 3.1
6 500 1550 0.7
6 1000 1900 1.7
6 1500 2750 2.7
7 0 0 3.1
7 500 1550 0.7
7 1000 1900 1.7
7 1500 2750 2.7
8 0 0 3.1
8 500 1550 0.7
8 1000 1900 1.7
8 1500 2750 2.7
9 0 0 3.1
9 500 1550 0.7
9 1000 1900 1.7
9 1500 2750 2.7
10 0 0 3.1
10 500 1550 0.7
10 1000 1900 1.7
10 1500 2750 2.7
11 0 0 3.1
11 500 1550 0.7
11 1000 1900 1.7
11 1500 2750 2.7
12 0 0 3.1
12 500 1550 0.7
12 1000 1900 1.7
12 1500 2750 2.7
13 0 0 3.1
13 500 1550 0.7
13 1000 1900 1.7
13 1500 2750 2.7
14 0 0 3.1
14 500 1550 0.7
14 1000 1900 1.7
14 1500 2750 2.7
15 0 0 3.1
15 500 1550 0.7
15 1000 1900 1.7
15 1500 2750 2.7
16 0 0 3.1
16 500 1550 0.7
16 1000 1900 1.7
16 1500 2750 2.7
17 0 0 3.1
17 500 1550 0.7
17 1000 1900 1.7
17 1500 2750 2.7
18 0 0 3.1
18 500 1550 0.7
18 1000 1900 1.7
18 1500 2750 2.7
19 0 0 3.1
19 500 1550 0.7
19 1000 1900 1.7
19 1500 2750 2.7
