500 10
0 0 0 2.7
0 10 27 4.7
0 20 74 1.7
0 30 91 2.3
0 40 114 3.2
0 50 146 4.2
0 60 188 2.7
0 70 215 1.1
0 80 226 1.3
0 90 239 4.5
1 0 0 2.7
1 10 27 4.7
1 20 74 1.7
1 30 91 2.3
1 40 114 3.2
1 50 146 4.2
1 60 188 2.7
1 70 215 1.1
1 80 226 1.3
1 90 239 4.5
2 0 0 2.7
2 10 27 4.7
2 20 74 1.7
2 30 91 2.3
2 40 114 3.2
2 50 146 4.2
2 60 188 2.7
2 70 215 1.1
2 80 226 1.3
2 90 239 4.5
3 0 0 2.7
3 10 27 4.7
3 20 74 1.7
3 30 91 2.3
3 40 114 3.2
3 50 146 4.2
3 60 188 2.7
3 70 215 1.1
3 80 226 1.3
3 90 239 4.5
4 0 0 2.7
4 10 27 4.7
4 20 74 1.7
4 30 91 2.3
4 40 114 3.2
4 50 146 4.2
4 60 188 2.7
4 70 215 1.1
4 80 226 1.3
4 90 239 4.5
5 0 0 2.7
5 10 27 4.7
5 20 74 1.7
5 30 91 2.3
5 40 114 3.2
5 50 146 4.2
5 60 188 2.7
5 70 215 1.1
5 80 226 1.3
5 90 239 4.5
6 0 0 2.7
6 10 27 4.7
6 20 74 1.7
6 30 91 2.3
6 40 114 3.2
6 50 146 4.2
6 60 188 2.7
6 70 215 1.1
6 80 226 1.3
6 90 239 4.5
7 0 0 2.7
7 10 27 4.7
7 20 74 1.7
7 30 91 2.3
7 40 114 3.2
7 50 146 4.2
7 60 188 2.7
7 70 215 1.1
7 80 226 1.3
7 90 239 4.5
8 0 0 2.7
8 10 27 4.7
8 20 74 1.7
8 30 91 2.3
8 40 114 3.2
8 50 146 4.2
8 60 188 2.7
8 70 215 1.1
8 80 226 1.3
8 90 239 4.5
9 0 0 2.7
9 10 27 4.7
9 20 74 1.7
9 30 91 2.3
9 40 114 3.2
9 50 146 4.2
9 60 188 2.7
9 70 215 1.1
9 80 226 1.3
9 90 239 4.5
10 0 0 2.7
10 10 27 4.7
10 20 74 1.7
10 30 91 2.3
10 40 114 3.2
10 50 146 4.2
10 60 188 2.7
10 70 215 1.1
10 80 226 1.3
10 90 239 4.5
11 0 0 2.7
11 10 27 4.7
11 20 74 1.7
11 30 91 2.3
11 40 114 3.2
11 50 146 4.2
11 60 188 2.7
11 70 215 1.1
11 80 226 1.3
11 90 239 4.5
12 0 0 2.7
12 10 27 4.7
12 20 74 1.7
12 30 91 2.3
12 40 114 3.2
12 50 146 4.2
12 60 188 2.7
12 70 215 1.1
12 80 226 1.3
12 90 239 4.5
13 0 0 2.7
13 10 27 4.7
13 20 74 1.7
13 30 91 2.3
13 40 114 3.2
13 50 146 4.2
13 60 188 2.7
13 70 215 1.1
13 80 226 1.3
13 90 239 4.5
14 0 0 2.7
14 10 27 4.7
14 20 74 1.7
14 30 91 2.3
14 40 114 3.2
14 50 146 4.2
14 60 188 2.7
14 70 215 1.1
14 80 226 1.3
14 90 239 4.5
15 0 0 2.7
15 10 27 4.7
15 20 74 1.7
15 30 91 2.3
15 40 114 3.2
15 50 146 4.2
15 60 188 2.7
15 70 215 1.1
15 80 226 1.3
15 90 239 4.5
16 0 0 2.7
16 10 27 4.7
16 20 74 1.7
16 30 91 2.3
16 40 114 3.2
16 50 146 4.2
16 60 188 2.7
16 70 215 1.1
16 80 226 1.3
16 90 239 4.5
17 0 0 2.7
17 10 27 4.7
17 20 74 1.7
17 30 91 2.3
17 40 114 3.2
17 50 146 4.2
17 60 188 2.7
17 70 215 1.1
17 80 226 1.3
17 90 239 4.5
18 0 0 2.7
18 10 27 4.7
18 20 74 1.7
18 30 91 2.3
18 40 114 3.2
18 50 146 4.2
18 60 188 2.7
18 70 215 1.1
18 80 226 1.3
18 90 239 4.5
19 0 0 2.7
19 10 27 4.7
19 20 74 1.7
19 30 91 2.3
19 40 114 3.2
19 50 146 4.2
19 60 188 2.7
19 70 215 1.1
19 80 226 1.3
19 90 239 4.5
20 0 0 2.7
20 10 27 4.7
20 20 74 1.7
20 30 91 2.3
20 40 114 3.2
20 50 146 4.2
20 60 188 2.7
20 70 215 1.1
20 80 226 1.3
20 90 239 4.5
21 0 0 2.7
21 10 27 4.7
21 20 74 1.7
21 30 91 2.3
21 40 114 3.2
21 50 146 4.2
21 60 188 2.7
21 70 215 1.1
21 80 226 1.3
21 90 239 4.5
22 0 0 2.7
22 10 27 4.7
22 20 74 1.7
22 30 91 2.3
22 40 114 3.2
22 50 146 4.2
22 60 188 2.7
22 70 215 1.1
22 80 226 1.3
22 90 239 4.5
23 0 0 2.7
23 10 27 4.7
23 20 74 1.7
23 30 91 2.3
23 40 114 3.2
23 50 146 4.2
23 60 188 2.7
23 70 215 1.1
23 80 226 1.3
23 90 239 4.5
24 0 0 2.7
24 10 27 4.7
24 20 74 1.7
24 30 91 2.3
24 40 114 3.2
24 50 146 4.2
24 60 188 2.7
24 70 215 1.1
24 80 226 1.3
24 90 239 4.5
25 0 0 2.7
25 10 27 4.7
25 20 74 1.7
25 30 91 2.3
25 40 114 3.2
25 50 146 4.2
25 60 188 2.7
25 70 215 1.1
25 80 226 1.3
25 90 239 4.5
26 0 0 2.7
26 10 27 4.7
26 20 74 1.7
26 30 91 2.3
26 40 114 3.2
26 50 146 4.2
26 60 188 2.7
26 70 215 1.1
26 80 226 1.3
26 90 239 4.5
27 0 0 2.7
27 10 27 4.7
27 20 74 1.7
27 30 91 2.3
27 40 114 3.2
27 50 146 4.2
27 60 188 2.7
27 70 215 1.1
27 80 226 1.3
27 90 239 4.5
28 0 0 2.7
28 10 27 4.7
28 20 74 1.7
28 30 91 2.3
28 40 114 3.2
28 50 146 4.2
28 60 188 2.7
28 70 215 1.1
28 80 226 1.3
28 90 239 4.5
29 0 0 2.7
29 10 27 4.7
29 20 74 1.7
29 30 91 2.3
29 40 114 3.2
29 50 146 4.2
29 60 188 2.7
29 70 215 1.1
29 80 226 1.3
29 90 239 4.5
30 0 0 2.7
30 10 27 4.7
30 20 74 1.7
30 30 91 2.3
30 40 114 3.2
30 50 146 4.2
30 60 188 2.7
30 70 215 1.1
30 80 226 1.3
30 90 239 4.5
31 0 0 2.7
31 10 27 4.7
31 20 74 1.7
31 30 91 2.3
31 40 114 3.2
31 50 146 4.2
31 60 188 2.7
31 70 215 1.1
31 80 226 1.3
31 90 239 4.5
32 0 0 2.7
32 10 27 4.7
32 20 74 1.7
32 30 91 2.3
32 40 114 3.2
32 50 146 4.2
32 60 188 2.7
32 70 215 1.1
32 80 226 1.3
32 90 239 4.5
33 0 0 2.7
33 10 27 4.7
33 20 74 1.7
33 30 91 2.3
33 40 114 3.2
33 50 146 4.2
33 60 188 2.7
33 70 215 1.1
33 80 226 1.3
33 90 239 4.5
34 0 0 2.7
34 10 27 4.7
34 20 74 1.7
34 30 91 2.3
34 40 114 3.2
34 50 146 4.2
34 60 188 2.7
34 70 215 1.1
34 80 226 1.3
34 90 239 4.5
35 0 0 2.7
35 10 27 4.7
35 20 74 1.7
35 30 91 2.3
35 40 114 3.2
35 50 146 4.2
35 60 188 2.7
35 70 215 1.1
35 80 226 1.3
35 90 239 4.5
36 0 0 2.7
36 10 27 4.7
36 20 74 1.7
36 30 91 2.3
36 40 114 3.2
36 50 146 4.2
36 60 188 2.7
36 70 215 1.1
36 80 226 1.3
36 90 239 4.5
37 0 0 2.7
37 10 27 4.7
37 20 74 1.7
37 30 91 2.3
37 40 114 3.2
37 50 146 4.2
37 60 188 2.7
37 70 215 1.1
37 80 226 1.3
37 90 239 4.5
38 0 0 2.7
38 10 27 4.7
38 20 74 1.7
38 30 91 2.3
38 40 114 3.2
38 50 146 4.2
38 60 188 2.7
38 70 215 1.1
38 80 226 1.3
38 90 239 4.5
39 0 0 2.7
39 10 27 4.7
39 20 74 1.7
39 30 91 2.3
39 40 114 3.2
39 50 146 4.2
39 60 188 2.7
39 70 215 1.1
39 80 226 1.3
39 90 239 4.5
40 0 0 2.7
40 10 27 4.7
40 20 74 1.7
40 30 91 2.3
40 40 114 3.2
40 50 146 4.2
40 60 188 2.7
40 70 215 1.1
40 80 226 1.3
40 90 239 4.5
41 0 0 2.7
41 10 27 4.7
41 20 74 1.7
41 30 91 2.3
41 40 114 3.2
41 50 146 4.2
41 60 188 2.7
41 70 215 1.1
41 80 226 1.3
41 90 239 4.5
42 0 0 2.7
42 10 27 4.7
42 20 74 1.7
42 30 91 2.3
42 40 114 3.2
42 50 146 4.2
42 60 188 2.7
42 70 215 1.1
42 80 226 1.3
42 90 239 4.5
43 0 0 2.7
43 10 27 4.7
43 20 74 1.7
43 30 91 2.3
43 40 114 3.2
43 50 146 4.2
43 60 188 2.7
43 70 215 1.1
43 80 226 1.3
43 90 239 4.5
44 0 0 2.7
44 10 27 4.7
44 20 74 1.7
44 30 91 2.3
44 40 114 3.2
44 50 146 4.2
44 60 188 2.7
44 70 215 1.1
44 80 226 1.3
44 90 239 4.5
45 0 0 2.7
45 10 27 4.7
45 20 74 1.7
45 30 91 2.3
45 40 114 3.2
45 50 146 4.2
45 60 188 2.7
45 70 215 1.1
45 80 226 1.3
45 90 239 4.5
46 0 0 2.7
46 10 27 4.7
46 20 74 1.7
46 30 91 2.3
46 40 114 3.2
46 50 146 4.2
46 60 188 2.7
46 70 215 1.1
46 80 226 1.3
46 90 239 4.5
47 0 0 2.7
47 10 27 4.7
47 20 74 1.7
47 30 91 2.3
47 40 114 3.2
47 50 146 4.2
47 60 188 2.7
47 70 215 1.1
47 80 226 1.3
47 90 239 4.5
48 0 0 2.7
48 10 27 4.7
48 20 74 1.7
48 30 91 2.3
48 40 114 3.2
48 50 146 4.2
48 60 188 2.7
48 70 215 1.1
48 80 226 1.3
48 90 239 4.5
49 0 0 2.7
49 10 27 4.7
49 20 74 1.7
49 30 91 2.3
49 40 114 3.2
49 50 146 4.2
49 60 188 2.7
49 70 215 1.1
49 80 226 1.3
49 90 239 4.5
50 0 0 2.7
50 10 27 4.7
50 20 74 1.7
50 30 91 2.3
50 40 114 3.2
50 50 146 4.2
50 60 188 2.7
50 70 215 1.1
50 80 226 1.3
50 90 239 4.5
51 0 0 2.7
51 10 27 4.7
51 20 74 1.7
51 30 91 2.3
51 40 114 3.2
51 50 146 4.2
51 60 188 2.7
51 70 215 1.1
51 80 226 1.3
51 90 239 4.5
52 0 0 2.7
52 10 27 4.7
52 20 74 1.7
52 30 91 2.3
52 40 114 3.2
52 50 146 4.2
52 60 188 2.7
52 70 215 1.1
52 80 226 1.3
52 90 239 4.5
53 0 0 2.7
53 10 27 4.7
53 20 74 1.7
53 30 91 2.3
53 40 114 3.2
53 50 146 4.2
53 60 188 2.7
53 70 215 1.1
53 80 226 1.3
53 90 239 4.5
54 0 0 2.7
54 10 27 4.7
54 20 74 1.7
54 30 91 2.3
54 40 114 3.2
54 50 146 4.2
54 60 188 2.7
54 70 215 1.1
54 80 226 1.3
54 90 239 4.5
55 0 0 2.7
55 10 27 4.7
55 20 74 1.7
55 30 91 2.3
55 40 114 3.2
55 50 146 4.2
55 60 188 2.7
55 70 215 1.1
55 80 226 1.3
55 90 239 4.5
56 0 0 2.7
56 10 27 4.7
56 20 74 1.7
56 30 91 2.3
56 40 114 3.2
56 50 146 4.2
56 60 188 2.7
56 70 215 1.1
56 80 226 1.3
56 90 239 4.5
57 0 0 2.7
57 10 27 4.7
57 20 74 1.7
57 30 91 2.3
57 40 114 3.2
57 50 146 4.2
57 60 188 2.7
57 70 215 1.1
57 80 226 1.3
57 90 239 4.5
58 0 0 2.7
58 10 27 4.7
58 20 74 1.7
58 30 91 2.3
58 40 114 3.2
58 50 146 4.2
58 60 188 2.7
58 70 215 1.1
58 80 226 1.3
58 90 239 4.5
59 0 0 2.7
59 10 27 4.7
59 20 74 1.7
59 30 91 2.3
59 40 114 3.2
59 50 146 4.2
59 60 188 2.7
59 70 215 1.1
59 80 226 1.3
59 90 239 4.5
60 0 0 2.7
60 10 27 4.7
60 20 74 1.7
60 30 91 2.3
60 40 114 3.2
60 50 146 4.2
60 60 188 2.7
60 70 215 1.1
60 80 226 1.3
60 90 239 4.5
61 0 0 2.7
61 10 27 4.7
61 20 74 1.7
61 30 91 2.3
61 40 114 3.2
61 50 146 4.2
61 60 188 2.7
61 70 215 1.1
61 80 226 1.3
61 90 239 4.5
62 0 0 2.7
62 10 27 4.7
62 20 74 1.7
62 30 91 2.3
62 40 114 3.2
62 50 146 4.2
62 60 188 2.7
62 70 215 1.1
62 80 226 1.3
62 90 239 4.5
63 0 0 2.7
63 10 27 4.7
63 20 74 1.7
63 30 91 2.3
63 40 114 3.2
63 50 146 4.2
63 60 188 2.7
63 70 215 1.1
63 80 226 1.3
63 90 239 4.5
64 0 0 2.7
64 10 27 4.7
64 20 74 1.7
64 30 91 2.3
64 40 114 3.2
64 50 146 4.2
64 60 188 2.7
64 70 215 1.1
64 80 226 1.3
64 90 239 4.5
65 0 0 2.7
65 10 27 4.7
65 20 74 1.7
65 30 91 2.3
65 40 114 3.2
65 50 146 4.2
65 60 188 2.7
65 70 215 1.1
65 80 226 1.3
65 90 239 4.5
66 0 0 2.7
66 10 27 4.7
66 20 74 1.7
66 30 91 2.3
66 40 114 3.2
66 50 146 4.2
66 60 188 2.7
66 70 215 1.1
66 80 226 1.3
66 90 239 4.5
67 0 0 2.7
67 10 27 4.7
67 20 74 1.7
67 30 91 2.3
67 40 114 3.2
67 50 146 4.2
67 60 188 2.7
67 70 215 1.1
67 80 226 1.3
67 90 239 4.5
68 0 0 2.7
68 10 27 4.7
68 20 74 1.7
68 30 91 2.3
68 40 114 3.2
68 50 146 4.2
68 60 188 2.7
68 70 215 1.1
68 80 226 1.3
68 90 239 4.5
69 0 0 2.7
69 10 27 4.7
69 20 74 1.7
69 30 91 2.3
69 40 114 3.2
69 50 146 4.2
69 60 188 2.7
69 70 215 1.1
69 80 226 1.3
69 90 239 4.5
70 0 0 2.7
70 10 27 4.7
70 20 74 1.7
70 30 91 2.3
70 40 114 3.2
70 50 146 4.2
70 60 188 2.7
70 70 215 1.1
70 80 226 1.3
70 90 239 4.5
71 0 0 2.7
71 10 27 4.7
71 20 74 1.7
71 30 91 2.3
71 40 114 3.2
71 50 146 4.2
71 60 188 2.7
71 70 215 1.1
71 80 226 1.3
71 90 239 4.5
72 0 0 2.7
72 10 27 4.7
72 20 74 1.7
72 30 91 2.3
72 40 114 3.2
72 50 146 4.2
72 60 188 2.7
72 70 215 1.1
72 80 226 1.3
72 90 239 4.5
73 0 0 2.7
73 10 27 4.7
73 20 74 1.7
73 30 91 2.3
73 40 114 3.2
73 50 146 4.2
73 60 188 2.7
73 70 215 1.1
73 80 226 1.3
73 90 239 4.5
74 0 0 2.7
74 10 27 4.7
74 20 74 1.7
74 30 91 2.3
74 40 114 3.2
74 50 146 4.2
74 60 188 2.7
74 70 215 1.1
74 80 226 1.3
74 90 239 4.5
75 0 0 2.7
75 10 27 4.7
75 20 74 1.7
75 30 91 2.3
75 40 114 3.2
75 50 146 4.2
75 60 188 2.7
75 70 215 1.1
75 80 226 1.3
75 90 239 4.5
76 0 0 2.7
76 10 27 4.7
76 20 74 1.7
76 30 91 2.3
76 40 114 3.2
76 50 146 4.2
76 60 188 2.7
76 70 215 1.1
76 80 226 1.3
76 90 239 4.5
77 0 0 2.7
77 10 27 4.7
77 20 74 1.7
77 30 91 2.3
77 40 114 3.2
77 50 146 4.2
77 60 188 2.7
77 70 215 1.1
77 80 226 1.3
77 90 239 4.5
78 0 0 2.7
78 10 27 4.7
78 20 74 1.7
78 30 91 2.3
78 40 114 3.2
78 50 146 4.2
78 60 188 2.7
78 70 215 1.1
78 80 226 1.3
78 90 239 4.5
79 0 0 2.7
79 10 27 4.7
79 20 74 1.7
79 30 91 2.3
79 40 114 3.2
79 50 146 4.2
79 60 188 2.7
79 70 215 1.1
79 80 226 1.3
79 90 239 4.5
80 0 0 2.7
80 10 27 4.7
80 20 74 1.7
80 30 91 2.3
80 40 114 3.2
80 50 146 4.2
80 60 188 2.7
80 70 215 1.1
80 80 226 1.3
80 90 239 4.5
81 0 0 2.7
81 10 27 4.7
81 20 74 1.7
81 30 91 2.3
81 40 114 3.2
81 50 146 4.2
81 60 188 2.7
81 70 215 1.1
81 80 226 1.3
81 90 239 4.5
82 0 0 2.7
82 10 27 4.7
82 20 74 1.7
82 30 91 2.3
82 40 114 3.2
82 50 146 4.2
82 60 188 2.7
82 70 215 1.1
82 80 226 1.3
82 90 239 4.5
83 0 0 2.7
83 10 27 4.7
83 20 74 1.7
83 30 91 2.3
83 40 114 3.2
83 50 146 4.2
83 60 188 2.7
83 70 215 1.1
83 80 226 1.3
83 90 239 4.5
84 0 0 2.7
84 10 27 4.7
84 20 74 1.7
84 30 91 2.3
84 40 114 3.2
84 50 146 4.2
84 60 188 2.7
84 70 215 1.1
84 80 226 1.3
84 90 239 4.5
85 0 0 2.7
85 10 27 4.7
85 20 74 1.7
85 30 91 2.3
85 40 114 3.2
85 50 146 4.2
85 60 188 2.7
85 70 215 1.1
85 80 226 1.3
85 90 239 4.5
86 0 0 2.7
86 10 27 4.7
86 20 74 1.7
86 30 91 2.3
86 40 114 3.2
86 50 146 4.2
86 60 188 2.7
86 70 215 1.1
86 80 226 1.3
86 90 239 4.5
87 0 0 2.7
87 10 27 4.7
87 20 74 1.7
87 30 91 2.3
87 40 114 3.2
87 50 146 4.2
87 60 188 2.7
87 70 215 1.1
87 80 226 1.3
87 90 239 4.5
88 0 0 2.7
88 10 27 4.7
88 20 74 1.7
88 30 91 2.3
88 40 114 3.2
88 50 146 4.2
88 60 188 2.7
88 70 215 1.1
88 80 226 1.3
88 90 239 4.5
89 0 0 2.7
89 10 27 4.7
89 20 74 1.7
89 30 91 2.3
89 40 114 3.2
89 50 146 4.2
89 60 188 2.7
89 70 215 1.1
89 80 226 1.3
89 90 239 4.5
90 0 0 2.7
90 10 27 4.7
90 20 74 1.7
90 30 91 2.3
90 40 114 3.2
90 50 146 4.2
90 60 188 2.7
90 70 215 1.1
90 80 226 1.3
90 90 239 4.5
91 0 0 2.7
91 10 27 4.7
91 20 74 1.7
91 30 91 2.3
91 40 114 3.2
91 50 146 4.2
91 60 188 2.7
91 70 215 1.1
91 80 226 1.3
91 90 239 4.5
92 0 0 2.7
92 10 27 4.7
92 20 74 1.7
92 30 91 2.3
92 40 114 3.2
92 50 146 4.2
92 60 188 2.7
92 70 215 1.1
92 80 226 1.3
92 90 239 4.5
93 0 0 2.7
93 10 27 4.7
93 20 74 1.7
93 30 91 2.3
93 40 114 3.2
93 50 146 4.2
93 60 188 2.7
93 70 215 1.1
93 80 226 1.3
93 90 239 4.5
94 0 0 2.7
94 10 27 4.7
94 20 74 1.7
94 30 91 2.3
94 40 114 3.2
94 50 146 4.2
94 60 188 2.7
94 70 215 1.1
94 80 226 1.3
94 90 239 4.5
95 0 0 2.7
95 10 27 4.7
95 20 74 1.7
95 30 91 2.3
95 40 114 3.2
95 50 146 4.2
95 60 188 2.7
95 70 215 1.1
95 80 226 1.3
95 90 239 4.5
96 0 0 2.7
96 10 27 4.7
96 20 74 1.7
96 30 91 2.3
96 40 114 3.2
96 50 146 4.2
96 60 188 2.7
96 70 215 1.1
96 80 226 1.3
96 90 239 4.5
97 0 0 2.7
97 10 27 4.7
97 20 74 1.7
97 30 91 2.3
97 40 114 3.2
97 50 146 4.2
97 60 188 2.7
97 70 215 1.1
97 80 226 1.3
97 90 239 4.5
98 0 0 2.7
98 10 27 4.7
98 20 74 1.7
98 30 91 2.3
98 40 114 3.2
98 50 146 4.2
98 60 188 2.7
98 70 215 1.1
98 80 226 1.3
98 90 239 4.5
99 0 0 2.7
99 10 27 4.7
99 20 74 1.7
99 30 91 2.3
99 40 114 3.2
99 50 146 4.2
99 60 188 2.7
99 70 215 1.1
99 80 226 1.3
99 90 239 4.5
100 0 0 2.7
100 10 27 4.7
100 20 74 1.7
100 30 91 2.3
100 40 114 3.2
100 50 146 4.2
100 60 188 2.7
100 70 215 1.1
100 80 226 1.3
100 90 239 4.5
101 0 0 2.7
101 10 27 4.7
101 20 74 1.7
101 30 91 2.3
101 40 114 3.2
101 50 146 4.2
101 60 188 2.7
101 70 215 1.1
101 80 226 1.3
101 90 239 4.5
102 0 0 2.7
102 10 27 4.7
102 20 74 1.7
102 30 91 2.3
102 40 114 3.2
102 50 146 4.2
102 60 188 2.7
102 70 215 1.1
102 80 226 1.3
102 90 239 4.5
103 0 0 2.7
103 10 27 4.7
103 20 74 1.7
103 30 91 2.3
103 40 114 3.2
103 50 146 4.2
103 60 188 2.7
103 70 215 1.1
103 80 226 1.3
103 90 239 4.5
104 0 0 2.7
104 10 27 4.7
104 20 74 1.7
104 30 91 2.3
104 40 114 3.2
104 50 146 4.2
104 60 188 2.7
104 70 215 1.1
104 80 226 1.3
104 90 239 4.5
105 0 0 2.7
105 10 27 4.7
105 20 74 1.7
105 30 91 2.3
105 40 114 3.2
105 50 146 4.2
105 60 188 2.7
105 70 215 1.1
105 80 226 1.3
105 90 239 4.5
106 0 0 2.7
106 10 27 4.7
106 20 74 1.7
106 30 91 2.3
106 40 114 3.2
106 50 146 4.2
106 60 188 2.7
106 70 215 1.1
106 80 226 1.3
106 90 239 4.5
107 0 0 2.7
107 10 27 4.7
107 20 74 1.7
107 30 91 2.3
107 40 114 3.2
107 50 146 4.2
107 60 188 2.7
107 70 215 1.1
107 80 226 1.3
107 90 239 4.5
108 0 0 2.7
108 10 27 4.7
108 20 74 1.7
108 30 91 2.3
108 40 114 3.2
108 50 146 4.2
108 60 188 2.7
108 70 215 1.1
108 80 226 1.3
108 90 239 4.5
109 0 0 2.7
109 10 27 4.7
109 20 74 1.7
109 30 91 2.3
109 40 114 3.2
109 50 146 4.2
109 60 188 2.7
109 70 215 1.1
109 80 226 1.3
109 90 239 4.5
110 0 0 2.7
110 10 27 4.7
110 20 74 1.7
110 30 91 2.3
110 40 114 3.2
110 50 146 4.2
110 60 188 2.7
110 70 215 1.1
110 80 226 1.3
110 90 239 4.5
111 0 0 2.7
111 10 27 4.7
111 20 74 1.7
111 30 91 2.3
111 40 114 3.2
111 50 146 4.2
111 60 188 2.7
111 70 215 1.1
111 80 226 1.3
111 90 239 4.5
112 0 0 2.7
112 10 27 4.7
112 20 74 1.7
112 30 91 2.3
112 40 114 3.2
112 50 146 4.2
112 60 188 2.7
112 70 215 1.1
112 80 226 1.3
112 90 239 4.5
113 0 0 2.7
113 10 27 4.7
113 20 74 1.7
113 30 91 2.3
113 40 114 3.2
113 50 146 4.2
113 60 188 2.7
113 70 215 1.1
113 80 226 1.3
113 90 239 4.5
114 0 0 2.7
114 10 27 4.7
114 20 74 1.7
114 30 91 2.3
114 40 114 3.2
114 50 146 4.2
114 60 188 2.7
114 70 215 1.1
114 80 226 1.3
114 90 239 4.5
115 0 0 2.7
115 10 27 4.7
115 20 74 1.7
115 30 91 2.3
115 40 114 3.2
115 50 146 4.2
115 60 188 2.7
115 70 215 1.1
115 80 226 1.3
115 90 239 4.5
116 0 0 2.7
116 10 27 4.7
116 20 74 1.7
116 30 91 2.3
116 40 114 3.2
116 50 146 4.2
116 60 188 2.7
116 70 215 1.1
116 80 226 1.3
116 90 239 4.5
117 0 0 2.7
117 10 27 4.7
117 20 74 1.7
117 30 91 2.3
117 40 114 3.2
117 50 146 4.2
117 60 188 2.7
117 70 215 1.1
117 80 226 1.3
117 90 239 4.5
118 0 0 2.7
118 10 27 4.7
118 20 74 1.7
118 30 91 2.3
118 40 114 3.2
118 50 146 4.2
118 60 188 2.7
118 70 215 1.1
118 80 226 1.3
118 90 239 4.5
119 0 0 2.7
119 10 27 4.7
119 20 74 1.7
119 30 91 2.3
119 40 114 3.2
119 50 146 4.2
119 60 188 2.7
119 70 215 1.1
119 80 226 1.3
119 90 239 4.5
120 0 0 2.7
120 10 27 4.7
120 20 74 1.7
120 30 91 2.3
120 40 114 3.2
120 50 146 4.2
120 60 188 2.7
120 70 215 1.1
120 80 226 1.3
120 90 239 4.5
121 0 0 2.7
121 10 27 4.7
121 20 74 1.7
121 30 91 2.3
121 40 114 3.2
121 50 146 4.2
121 60 188 2.7
121 70 215 1.1
121 80 226 1.3
121 90 239 4.5
122 0 0 2.7
122 10 27 4.7
122 20 74 1.7
122 30 91 2.3
122 40 114 3.2
122 50 146 4.2
122 60 188 2.7
122 70 215 1.1
122 80 226 1.3
122 90 239 4.5
123 0 0 2.7
123 10 27 4.7
123 20 74 1.7
123 30 91 2.3
123 40 114 3.2
123 50 146 4.2
123 60 188 2.7
123 70 215 1.1
123 80 226 1.3
123 90 239 4.5
124 0 0 2.7
124 10 27 4.7
124 20 74 1.7
124 30 91 2.3
124 40 114 3.2
124 50 146 4.2
124 60 188 2.7
124 70 215 1.1
124 80 226 1.3
124 90 239 4.5
125 0 0 2.7
125 10 27 4.7
125 20 74 1.7
125 30 91 2.3
125 40 114 3.2
125 50 146 4.2
125 60 188 2.7
125 70 215 1.1
125 80 226 1.3
125 90 239 4.5
126 0 0 2.7
126 10 27 4.7
126 20 74 1.7
126 30 91 2.3
126 40 114 3.2
126 50 146 4.2
126 60 188 2.7
126 70 215 1.1
126 80 226 1.3
126 90 239 4.5
127 0 0 2.7
127 10 27 4.7
127 20 74 1.7
127 30 91 2.3
127 40 114 3.2
127 50 146 4.2
127 60 188 2.7
127 70 215 1.1
127 80 226 1.3
127 90 239 4.5
128 0 0 2.7
128 10 27 4.7
128 20 74 1.7
128 30 91 2.3
128 40 114 3.2
128 50 146 4.2
128 60 188 2.7
128 70 215 1.1
128 80 226 1.3
128 90 239 4.5
129 0 0 2.7
129 10 27 4.7
129 20 74 1.7
129 30 91 2.3
129 40 114 3.2
129 50 146 4.2
129 60 188 2.7
129 70 215 1.1
129 80 226 1.3
129 90 239 4.5
130 0 0 2.7
130 10 27 4.7
130 20 74 1.7
130 30 91 2.3
130 40 114 3.2
130 50 146 4.2
130 60 188 2.7
130 70 215 1.1
130 80 226 1.3
130 90 239 4.5
131 0 0 2.7
131 10 27 4.7
131 20 74 1.7
131 30 91 2.3
131 40 114 3.2
131 50 146 4.2
131 60 188 2.7
131 70 215 1.1
131 80 226 1.3
131 90 239 4.5
132 0 0 2.7
132 10 27 4.7
132 20 74 1.7
132 30 91 2.3
132 40 114 3.2
132 50 146 4.2
132 60 188 2.7
132 70 215 1.1
132 80 226 1.3
132 90 239 4.5
133 0 0 2.7
133 10 27 4.7
133 20 74 1.7
133 30 91 2.3
133 40 114 3.2
133 50 146 4.2
133 60 188 2.7
133 70 215 1.1
133 80 226 1.3
133 90 239 4.5
134 0 0 2.7
134 10 27 4.7
134 20 74 1.7
134 30 91 2.3
134 40 114 3.2
134 50 146 4.2
134 60 188 2.7
134 70 215 1.1
134 80 226 1.3
134 90 239 4.5
135 0 0 2.7
135 10 27 4.7
135 20 74 1.7
135 30 91 2.3
135 40 114 3.2
135 50 146 4.2
135 60 188 2.7
135 70 215 1.1
135 80 226 1.3
135 90 239 4.5
136 0 0 2.7
136 10 27 4.7
136 20 74 1.7
136 30 91 2.3
136 40 114 3.2
136 50 146 4.2
136 60 188 2.7
136 70 215 1.1
136 80 226 1.3
136 90 239 4.5
137 0 0 2.7
137 10 27 4.7
137 20 74 1.7
137 30 91 2.3
137 40 114 3.2
137 50 146 4.2
137 60 188 2.7
137 70 215 1.1
137 80 226 1.3
137 90 239 4.5
138 0 0 2.7
138 10 27 4.7
138 20 74 1.7
138 30 91 2.3
138 40 114 3.2
138 50 146 4.2
138 60 188 2.7
138 70 215 1.1
138 80 226 1.3
138 90 239 4.5
139 0 0 2.7
139 10 27 4.7
139 20 74 1.7
139 30 91 2.3
139 40 114 3.2
139 50 146 4.2
139 60 188 2.7
139 70 215 1.1
139 80 226 1.3
139 90 239 4.5
140 0 0 2.7
140 10 27 4.7
140 20 74 1.7
140 30 91 2.3
140 40 114 3.2
140 50 146 4.2
140 60 188 2.7
140 70 215 1.1
140 80 226 1.3
140 90 239 4.5
141 0 0 2.7
141 10 27 4.7
141 20 74 1.7
141 30 91 2.3
141 40 114 3.2
141 50 146 4.2
141 60 188 2.7
141 70 215 1.1
141 80 226 1.3
141 90 239 4.5
142 0 0 2.7
142 10 27 4.7
142 20 74 1.7
142 30 91 2.3
142 40 114 3.2
142 50 146 4.2
142 60 188 2.7
142 70 215 1.1
142 80 226 1.3
142 90 239 4.5
143 0 0 2.7
143 10 27 4.7
143 20 74 1.7
143 30 91 2.3
143 40 114 3.2
143 50 146 4.2
143 60 188 2.7
143 70 215 1.1
143 80 226 1.3
143 90 239 4.5
144 0 0 2.7
144 10 27 4.7
144 20 74 1.7
144 30 91 2.3
144 40 114 3.2
144 50 146 4.2
144 60 188 2.7
144 70 215 1.1
144 80 226 1.3
144 90 239 4.5
145 0 0 2.7
145 10 27 4.7
145 20 74 1.7
145 30 91 2.3
145 40 114 3.2
145 50 146 4.2
145 60 188 2.7
145 70 215 1.1
145 80 226 1.3
145 90 239 4.5
146 0 0 2.7
146 10 27 4.7
146 20 74 1.7
146 30 91 2.3
146 40 114 3.2
146 50 146 4.2
146 60 188 2.7
146 70 215 1.1
146 80 226 1.3
146 90 239 4.5
147 0 0 2.7
147 10 27 4.7
147 20 74 1.7
147 30 91 2.3
147 40 114 3.2
147 50 146 4.2
147 60 188 2.7
147 70 215 1.1
147 80 226 1.3
147 90 239 4.5
148 0 0 2.7
148 10 27 4.7
148 20 74 1.7
148 30 91 2.3
148 40 114 3.2
148 50 146 4.2
148 60 188 2.7
148 70 215 1.1
148 80 226 1.3
148 90 239 4.5
149 0 0 2.7
149 10 27 4.7
149 20 74 1.7
149 30 91 2.3
149 40 114 3.2
149 50 146 4.2
149 60 188 2.7
149 70 215 1.1
149 80 226 1.3
149 90 239 4.5
150 0 0 2.7
150 10 27 4.7
150 20 74 1.7
150 30 91 2.3
150 40 114 3.2
150 50 146 4.2
150 60 188 2.7
150 70 215 1.1
150 80 226 1.3
150 90 239 4.5
151 0 0 2.7
151 10 27 4.7
151 20 74 1.7
151 30 91 2.3
151 40 114 3.2
151 50 146 4.2
151 60 188 2.7
151 70 215 1.1
151 80 226 1.3
151 90 239 4.5
152 0 0 2.7
152 10 27 4.7
152 20 74 1.7
152 30 91 2.3
152 40 114 3.2
152 50 146 4.2
152 60 188 2.7
152 70 215 1.1
152 80 226 1.3
152 90 239 4.5
153 0 0 2.7
153 10 27 4.7
153 20 74 1.7
153 30 91 2.3
153 40 114 3.2
153 50 146 4.2
153 60 188 2.7
153 70 215 1.1
153 80 226 1.3
153 90 239 4.5
154 0 0 2.7
154 10 27 4.7
154 20 74 1.7
154 30 91 2.3
154 40 114 3.2
154 50 146 4.2
154 60 188 2.7
154 70 215 1.1
154 80 226 1.3
154 90 239 4.5
155 0 0 2.7
155 10 27 4.7
155 20 74 1.7
155 30 91 2.3
155 40 114 3.2
155 50 146 4.2
155 60 188 2.7
155 70 215 1.1
155 80 226 1.3
155 90 239 4.5
156 0 0 2.7
156 10 27 4.7
156 20 74 1.7
156 30 91 2.3
156 40 114 3.2
156 50 146 4.2
156 60 188 2.7
156 70 215 1.1
156 80 226 1.3
156 90 239 4.5
157 0 0 2.7
157 10 27 4.7
157 20 74 1.7
157 30 91 2.3
157 40 114 3.2
157 50 146 4.2
157 60 188 2.7
157 70 215 1.1
157 80 226 1.3
157 90 239 4.5
158 0 0 2.7
158 10 27 4.7
158 20 74 1.7
158 30 91 2.3
158 40 114 3.2
158 50 146 4.2
158 60 188 2.7
158 70 215 1.1
158 80 226 1.3
158 90 239 4.5
159 0 0 2.7
159 10 27 4.7
159 20 74 1.7
159 30 91 2.3
159 40 114 3.2
159 50 146 4.2
159 60 188 2.7
159 70 215 1.1
159 80 226 1.3
159 90 239 4.5
160 0 0 2.7
160 10 27 4.7
160 20 74 1.7
160 30 91 2.3
160 40 114 3.2
160 50 146 4.2
160 60 188 2.7
160 70 215 1.1
160 80 226 1.3
160 90 239 4.5
161 0 0 2.7
161 10 27 4.7
161 20 74 1.7
161 30 91 2.3
161 40 114 3.2
161 50 146 4.2
161 60 188 2.7
161 70 215 1.1
161 80 226 1.3
161 90 239 4.5
162 0 0 2.7
162 10 27 4.7
162 20 74 1.7
162 30 91 2.3
162 40 114 3.2
162 50 146 4.2
162 60 188 2.7
162 70 215 1.1
162 80 226 1.3
162 90 239 4.5
163 0 0 2.7
163 10 27 4.7
163 20 74 1.7
163 30 91 2.3
163 40 114 3.2
163 50 146 4.2
163 60 188 2.7
163 70 215 1.1
163 80 226 1.3
163 90 239 4.5
164 0 0 2.7
164 10 27 4.7
164 20 74 1.7
164 30 91 2.3
164 40 114 3.2
164 50 146 4.2
164 60 188 2.7
164 70 215 1.1
164 80 226 1.3
164 90 239 4.5
165 0 0 2.7
165 10 27 4.7
165 20 74 1.7
165 30 91 2.3
165 40 114 3.2
165 50 146 4.2
165 60 188 2.7
165 70 215 1.1
165 80 226 1.3
165 90 239 4.5
166 0 0 2.7
166 10 27 4.7
166 20 74 1.7
166 30 91 2.3
166 40 114 3.2
166 50 146 4.2
166 60 188 2.7
166 70 215 1.1
166 80 226 1.3
166 90 239 4.5
167 0 0 2.7
167 10 27 4.7
167 20 74 1.7
167 30 91 2.3
167 40 114 3.2
167 50 146 4.2
167 60 188 2.7
167 70 215 1.1
167 80 226 1.3
167 90 239 4.5
168 0 0 2.7
168 10 27 4.7
168 20 74 1.7
168 30 91 2.3
168 40 114 3.2
168 50 146 4.2
168 60 188 2.7
168 70 215 1.1
168 80 226 1.3
168 90 239 4.5
169 0 0 2.7
169 10 27 4.7
169 20 74 1.7
169 30 91 2.3
169 40 114 3.2
169 50 146 4.2
169 60 188 2.7
169 70 215 1.1
169 80 226 1.3
169 90 239 4.5
170 0 0 2.7
170 10 27 4.7
170 20 74 1.7
170 30 91 2.3
170 40 114 3.2
170 50 146 4.2
170 60 188 2.7
170 70 215 1.1
170 80 226 1.3
170 90 239 4.5
171 0 0 2.7
171 10 27 4.7
171 20 74 1.7
171 30 91 2.3
171 40 114 3.2
171 50 146 4.2
171 60 188 2.7
171 70 215 1.1
171 80 226 1.3
171 90 239 4.5
172 0 0 2.7
172 10 27 4.7
172 20 74 1.7
172 30 91 2.3
172 40 114 3.2
172 50 146 4.2
172 60 188 2.7
172 70 215 1.1
172 80 226 1.3
172 90 239 4.5
173 0 0 2.7
173 10 27 4.7
173 20 74 1.7
173 30 91 2.3
173 40 114 3.2
173 50 146 4.2
173 60 188 2.7
173 70 215 1.1
173 80 226 1.3
173 90 239 4.5
174 0 0 2.7
174 10 27 4.7
174 20 74 1.7
174 30 91 2.3
174 40 114 3.2
174 50 146 4.2
174 60 188 2.7
174 70 215 1.1
174 80 226 1.3
174 90 239 4.5
175 0 0 2.7
175 10 27 4.7
175 20 74 1.7
175 30 91 2.3
175 40 114 3.2
175 50 146 4.2
175 60 188 2.7
175 70 215 1.1
175 80 226 1.3
175 90 239 4.5
176 0 0 2.7
176 10 27 4.7
176 20 74 1.7
176 30 91 2.3
176 40 114 3.2
176 50 146 4.2
176 60 188 2.7
176 70 215 1.1
176 80 226 1.3
176 90 239 4.5
177 0 0 2.7
177 10 27 4.7
177 20 74 1.7
177 30 91 2.3
177 40 114 3.2
177 50 146 4.2
177 60 188 2.7
177 70 215 1.1
177 80 226 1.3
177 90 239 4.5
178 0 0 2.7
178 10 27 4.7
178 20 74 1.7
178 30 91 2.3
178 40 114 3.2
178 50 146 4.2
178 60 188 2.7
178 70 215 1.1
178 80 226 1.3
178 90 239 4.5
179 0 0 2.7
179 10 27 4.7
179 20 74 1.7
179 30 91 2.3
179 40 114 3.2
179 50 146 4.2
179 60 188 2.7
179 70 215 1.1
179 80 226 1.3
179 90 239 4.5
180 0 0 2.7
180 10 27 4.7
180 20 74 1.7
180 30 91 2.3
180 40 114 3.2
180 50 146 4.2
180 60 188 2.7
180 70 215 1.1
180 80 226 1.3
180 90 239 4.5
181 0 0 2.7
181 10 27 4.7
181 20 74 1.7
181 30 91 2.3
181 40 114 3.2
181 50 146 4.2
181 60 188 2.7
181 70 215 1.1
181 80 226 1.3
181 90 239 4.5
182 0 0 2.7
182 10 27 4.7
182 20 74 1.7
182 30 91 2.3
182 40 114 3.2
182 50 146 4.2
182 60 188 2.7
182 70 215 1.1
182 80 226 1.3
182 90 239 4.5
183 0 0 2.7
183 10 27 4.7
183 20 74 1.7
183 30 91 2.3
183 40 114 3.2
183 50 146 4.2
183 60 188 2.7
183 70 215 1.1
183 80 226 1.3
183 90 239 4.5
184 0 0 2.7
184 10 27 4.7
184 20 74 1.7
184 30 91 2.3
184 40 114 3.2
184 50 146 4.2
184 60 188 2.7
184 70 215 1.1
184 80 226 1.3
184 90 239 4.5
185 0 0 2.7
185 10 27 4.7
185 20 74 1.7
185 30 91 2.3
185 40 114 3.2
185 50 146 4.2
185 60 188 2.7
185 70 215 1.1
185 80 226 1.3
185 90 239 4.5
186 0 0 2.7
186 10 27 4.7
186 20 74 1.7
186 30 91 2.3
186 40 114 3.2
186 50 146 4.2
186 60 188 2.7
186 70 215 1.1
186 80 226 1.3
186 90 239 4.5
187 0 0 2.7
187 10 27 4.7
187 20 74 1.7
187 30 91 2.3
187 40 114 3.2
187 50 146 4.2
187 60 188 2.7
187 70 215 1.1
187 80 226 1.3
187 90 239 4.5
188 0 0 2.7
188 10 27 4.7
188 20 74 1.7
188 30 91 2.3
188 40 114 3.2
188 50 146 4.2
188 60 188 2.7
188 70 215 1.1
188 80 226 1.3
188 90 239 4.5
189 0 0 2.7
189 10 27 4.7
189 20 74 1.7
189 30 91 2.3
189 40 114 3.2
189 50 146 4.2
189 60 188 2.7
189 70 215 1.1
189 80 226 1.3
189 90 239 4.5
190 0 0 2.7
190 10 27 4.7
190 20 74 1.7
190 30 91 2.3
190 40 114 3.2
190 50 146 4.2
190 60 188 2.7
190 70 215 1.1
190 80 226 1.3
190 90 239 4.5
191 0 0 2.7
191 10 27 4.7
191 20 74 1.7
191 30 91 2.3
191 40 114 3.2
191 50 146 4.2
191 60 188 2.7
191 70 215 1.1
191 80 226 1.3
191 90 239 4.5
192 0 0 2.7
192 10 27 4.7
192 20 74 1.7
192 30 91 2.3
192 40 114 3.2
192 50 146 4.2
192 60 188 2.7
192 70 215 1.1
192 80 226 1.3
192 90 239 4.5
193 0 0 2.7
193 10 27 4.7
193 20 74 1.7
193 30 91 2.3
193 40 114 3.2
193 50 146 4.2
193 60 188 2.7
193 70 215 1.1
193 80 226 1.3
193 90 239 4.5
194 0 0 2.7
194 10 27 4.7
194 20 74 1.7
194 30 91 2.3
194 40 114 3.2
194 50 146 4.2
194 60 188 2.7
194 70 215 1.1
194 80 226 1.3
194 90 239 4.5
195 0 0 2.7
195 10 27 4.7
195 20 74 1.7
195 30 91 2.3
195 40 114 3.2
195 50 146 4.2
195 60 188 2.7
195 70 215 1.1
195 80 226 1.3
195 90 239 4.5
196 0 0 2.7
196 10 27 4.7
196 20 74 1.7
196 30 91 2.3
196 40 114 3.2
196 50 146 4.2
196 60 188 2.7
196 70 215 1.1
196 80 226 1.3
196 90 239 4.5
197 0 0 2.7
197 10 27 4.7
197 20 74 1.7
197 30 91 2.3
197 40 114 3.2
197 50 146 4.2
197 60 188 2.7
197 70 215 1.1
197 80 226 1.3
197 90 239 4.5
198 0 0 2.7
198 10 27 4.7
198 20 74 1.7
198 30 91 2.3
198 40 114 3.2
198 50 146 4.2
198 60 188 2.7
198 70 215 1.1
198 80 226 1.3
198 90 239 4.5
199 0 0 2.7
199 10 27 4.7
199 20 74 1.7
199 30 91 2.3
199 40 114 3.2
199 50 146 4.2
199 60 188 2.7
199 70 215 1.1
199 80 226 1.3
199 90 239 4.5
200 0 0 2.7
200 10 27 4.7
200 20 74 1.7
200 30 91 2.3
200 40 114 3.2
200 50 146 4.2
200 60 188 2.7
200 70 215 1.1
200 80 226 1.3
200 90 239 4.5
201 0 0 2.7
201 10 27 4.7
201 20 74 1.7
201 30 91 2.3
201 40 114 3.2
201 50 146 4.2
201 60 188 2.7
201 70 215 1.1
201 80 226 1.3
201 90 239 4.5
202 0 0 2.7
202 10 27 4.7
202 20 74 1.7
202 30 91 2.3
202 40 114 3.2
202 50 146 4.2
202 60 188 2.7
202 70 215 1.1
202 80 226 1.3
202 90 239 4.5
203 0 0 2.7
203 10 27 4.7
203 20 74 1.7
203 30 91 2.3
203 40 114 3.2
203 50 146 4.2
203 60 188 2.7
203 70 215 1.1
203 80 226 1.3
203 90 239 4.5
204 0 0 2.7
204 10 27 4.7
204 20 74 1.7
204 30 91 2.3
204 40 114 3.2
204 50 146 4.2
204 60 188 2.7
204 70 215 1.1
204 80 226 1.3
204 90 239 4.5
205 0 0 2.7
205 10 27 4.7
205 20 74 1.7
205 30 91 2.3
205 40 114 3.2
205 50 146 4.2
205 60 188 2.7
205 70 215 1.1
205 80 226 1.3
205 90 239 4.5
206 0 0 2.7
206 10 27 4.7
206 20 74 1.7
206 30 91 2.3
206 40 114 3.2
206 50 146 4.2
206 60 188 2.7
206 70 215 1.1
206 80 226 1.3
206 90 239 4.5
207 0 0 2.7
207 10 27 4.7
207 20 74 1.7
207 30 91 2.3
207 40 114 3.2
207 50 146 4.2
207 60 188 2.7
207 70 215 1.1
207 80 226 1.3
207 90 239 4.5
208 0 0 2.7
208 10 27 4.7
208 20 74 1.7
208 30 91 2.3
208 40 114 3.2
208 50 146 4.2
208 60 188 2.7
208 70 215 1.1
208 80 226 1.3
208 90 239 4.5
209 0 0 2.7
209 10 27 4.7
209 20 74 1.7
209 30 91 2.3
209 40 114 3.2
209 50 146 4.2
209 60 188 2.7
209 70 215 1.1
209 80 226 1.3
209 90 239 4.5
210 0 0 2.7
210 10 27 4.7
210 20 74 1.7
210 30 91 2.3
210 40 114 3.2
210 50 146 4.2
210 60 188 2.7
210 70 215 1.1
210 80 226 1.3
210 90 239 4.5
211 0 0 2.7
211 10 27 4.7
211 20 74 1.7
211 30 91 2.3
211 40 114 3.2
211 50 146 4.2
211 60 188 2.7
211 70 215 1.1
211 80 226 1.3
211 90 239 4.5
212 0 0 2.7
212 10 27 4.7
212 20 74 1.7
212 30 91 2.3
212 40 114 3.2
212 50 146 4.2
212 60 188 2.7
212 70 215 1.1
212 80 226 1.3
212 90 239 4.5
213 0 0 2.7
213 10 27 4.7
213 20 74 1.7
213 30 91 2.3
213 40 114 3.2
213 50 146 4.2
213 60 188 2.7
213 70 215 1.1
213 80 226 1.3
213 90 239 4.5
214 0 0 2.7
214 10 27 4.7
214 20 74 1.7
214 30 91 2.3
214 40 114 3.2
214 50 146 4.2
214 60 188 2.7
214 70 215 1.1
214 80 226 1.3
214 90 239 4.5
215 0 0 2.7
215 10 27 4.7
215 20 74 1.7
215 30 91 2.3
215 40 114 3.2
215 50 146 4.2
215 60 188 2.7
215 70 215 1.1
215 80 226 1.3
215 90 239 4.5
216 0 0 2.7
216 10 27 4.7
216 20 74 1.7
216 30 91 2.3
216 40 114 3.2
216 50 146 4.2
216 60 188 2.7
216 70 215 1.1
216 80 226 1.3
216 90 239 4.5
217 0 0 2.7
217 10 27 4.7
217 20 74 1.7
217 30 91 2.3
217 40 114 3.2
217 50 146 4.2
217 60 188 2.7
217 70 215 1.1
217 80 226 1.3
217 90 239 4.5
218 0 0 2.7
218 10 27 4.7
218 20 74 1.7
218 30 91 2.3
218 40 114 3.2
218 50 146 4.2
218 60 188 2.7
218 70 215 1.1
218 80 226 1.3
218 90 239 4.5
219 0 0 2.7
219 10 27 4.7
219 20 74 1.7
219 30 91 2.3
219 40 114 3.2
219 50 146 4.2
219 60 188 2.7
219 70 215 1.1
219 80 226 1.3
219 90 239 4.5
220 0 0 2.7
220 10 27 4.7
220 20 74 1.7
220 30 91 2.3
220 40 114 3.2
220 50 146 4.2
220 60 188 2.7
220 70 215 1.1
220 80 226 1.3
220 90 239 4.5
221 0 0 2.7
221 10 27 4.7
221 20 74 1.7
221 30 91 2.3
221 40 114 3.2
221 50 146 4.2
221 60 188 2.7
221 70 215 1.1
221 80 226 1.3
221 90 239 4.5
222 0 0 2.7
222 10 27 4.7
222 20 74 1.7
222 30 91 2.3
222 40 114 3.2
222 50 146 4.2
222 60 188 2.7
222 70 215 1.1
222 80 226 1.3
222 90 239 4.5
223 0 0 2.7
223 10 27 4.7
223 20 74 1.7
223 30 91 2.3
223 40 114 3.2
223 50 146 4.2
223 60 188 2.7
223 70 215 1.1
223 80 226 1.3
223 90 239 4.5
224 0 0 2.7
224 10 27 4.7
224 20 74 1.7
224 30 91 2.3
224 40 114 3.2
224 50 146 4.2
224 60 188 2.7
224 70 215 1.1
224 80 226 1.3
224 90 239 4.5
225 0 0 2.7
225 10 27 4.7
225 20 74 1.7
225 30 91 2.3
225 40 114 3.2
225 50 146 4.2
225 60 188 2.7
225 70 215 1.1
225 80 226 1.3
225 90 239 4.5
226 0 0 2.7
226 10 27 4.7
226 20 74 1.7
226 30 91 2.3
226 40 114 3.2
226 50 146 4.2
226 60 188 2.7
226 70 215 1.1
226 80 226 1.3
226 90 239 4.5
227 0 0 2.7
227 10 27 4.7
227 20 74 1.7
227 30 91 2.3
227 40 114 3.2
227 50 146 4.2
227 60 188 2.7
227 70 215 1.1
227 80 226 1.3
227 90 239 4.5
228 0 0 2.7
228 10 27 4.7
228 20 74 1.7
228 30 91 2.3
228 40 114 3.2
228 50 146 4.2
228 60 188 2.7
228 70 215 1.1
228 80 226 1.3
228 90 239 4.5
229 0 0 2.7
229 10 27 4.7
229 20 74 1.7
229 30 91 2.3
229 40 114 3.2
229 50 146 4.2
229 60 188 2.7
229 70 215 1.1
229 80 226 1.3
229 90 239 4.5
230 0 0 2.7
230 10 27 4.7
230 20 74 1.7
230 30 91 2.3
230 40 114 3.2
230 50 146 4.2
230 60 188 2.7
230 70 215 1.1
230 80 226 1.3
230 90 239 4.5
231 0 0 2.7
231 10 27 4.7
231 20 74 1.7
231 30 91 2.3
231 40 114 3.2
231 50 146 4.2
231 60 188 2.7
231 70 215 1.1
231 80 226 1.3
231 90 239 4.5
232 0 0 2.7
232 10 27 4.7
232 20 74 1.7
232 30 91 2.3
232 40 114 3.2
232 50 146 4.2
232 60 188 2.7
232 70 215 1.1
232 80 226 1.3
232 90 239 4.5
233 0 0 2.7
233 10 27 4.7
233 20 74 1.7
233 30 91 2.3
233 40 114 3.2
233 50 146 4.2
233 60 188 2.7
233 70 215 1.1
233 80 226 1.3
233 90 239 4.5
234 0 0 2.7
234 10 27 4.7
234 20 74 1.7
234 30 91 2.3
234 40 114 3.2
234 50 146 4.2
234 60 188 2.7
234 70 215 1.1
234 80 226 1.3
234 90 239 4.5
235 0 0 2.7
235 10 27 4.7
235 20 74 1.7
235 30 91 2.3
235 40 114 3.2
235 50 146 4.2
235 60 188 2.7
235 70 215 1.1
235 80 226 1.3
235 90 239 4.5
236 0 0 2.7
236 10 27 4.7
236 20 74 1.7
236 30 91 2.3
236 40 114 3.2
236 50 146 4.2
236 60 188 2.7
236 70 215 1.1
236 80 226 1.3
236 90 239 4.5
237 0 0 2.7
237 10 27 4.7
237 20 74 1.7
237 30 91 2.3
237 40 114 3.2
237 50 146 4.2
237 60 188 2.7
237 70 215 1.1
237 80 226 1.3
237 90 239 4.5
238 0 0 2.7
238 10 27 4.7
238 20 74 1.7
238 30 91 2.3
238 40 114 3.2
238 50 146 4.2
238 60 188 2.7
238 70 215 1.1
238 80 226 1.3
238 90 239 4.5
239 0 0 2.7
239 10 27 4.7
239 20 74 1.7
239 30 91 2.3
239 40 114 3.2
239 50 146 4.2
239 60 188 2.7
239 70 215 1.1
239 80 226 1.3
239 90 239 4.5
240 0 0 2.7
240 10 27 4.7
240 20 74 1.7
240 30 91 2.3
240 40 114 3.2
240 50 146 4.2
240 60 188 2.7
240 70 215 1.1
240 80 226 1.3
240 90 239 4.5
241 0 0 2.7
241 10 27 4.7
241 20 74 1.7
241 30 91 2.3
241 40 114 3.2
241 50 146 4.2
241 60 188 2.7
241 70 215 1.1
241 80 226 1.3
241 90 239 4.5
242 0 0 2.7
242 10 27 4.7
242 20 74 1.7
242 30 91 2.3
242 40 114 3.2
242 50 146 4.2
242 60 188 2.7
242 70 215 1.1
242 80 226 1.3
242 90 239 4.5
243 0 0 2.7
243 10 27 4.7
243 20 74 1.7
243 30 91 2.3
243 40 114 3.2
243 50 146 4.2
243 60 188 2.7
243 70 215 1.1
243 80 226 1.3
243 90 239 4.5
244 0 0 2.7
244 10 27 4.7
244 20 74 1.7
244 30 91 2.3
244 40 114 3.2
244 50 146 4.2
244 60 188 2.7
244 70 215 1.1
244 80 226 1.3
244 90 239 4.5
245 0 0 2.7
245 10 27 4.7
245 20 74 1.7
245 30 91 2.3
245 40 114 3.2
245 50 146 4.2
245 60 188 2.7
245 70 215 1.1
245 80 226 1.3
245 90 239 4.5
246 0 0 2.7
246 10 27 4.7
246 20 74 1.7
246 30 91 2.3
246 40 114 3.2
246 50 146 4.2
246 60 188 2.7
246 70 215 1.1
246 80 226 1.3
246 90 239 4.5
247 0 0 2.7
247 10 27 4.7
247 20 74 1.7
247 30 91 2.3
247 40 114 3.2
247 50 146 4.2
247 60 188 2.7
247 70 215 1.1
247 80 226 1.3
247 90 239 4.5
248 0 0 2.7
248 10 27 4.7
248 20 74 1.7
248 30 91 2.3
248 40 114 3.2
248 50 146 4.2
248 60 188 2.7
248 70 215 1.1
248 80 226 1.3
248 90 239 4.5
249 0 0 2.7
249 10 27 4.7
249 20 74 1.7
249 30 91 2.3
249 40 114 3.2
249 50 146 4.2
249 60 188 2.7
249 70 215 1.1
249 80 226 1.3
249 90 239 4.5
250 0 0 2.7
250 10 27 4.7
250 20 74 1.7
250 30 91 2.3
250 40 114 3.2
250 50 146 4.2
250 60 188 2.7
250 70 215 1.1
250 80 226 1.3
250 90 239 4.5
251 0 0 2.7
251 10 27 4.7
251 20 74 1.7
251 30 91 2.3
251 40 114 3.2
251 50 146 4.2
251 60 188 2.7
251 70 215 1.1
251 80 226 1.3
251 90 239 4.5
252 0 0 2.7
252 10 27 4.7
252 20 74 1.7
252 30 91 2.3
252 40 114 3.2
252 50 146 4.2
252 60 188 2.7
252 70 215 1.1
252 80 226 1.3
252 90 239 4.5
253 0 0 2.7
253 10 27 4.7
253 20 74 1.7
253 30 91 2.3
253 40 114 3.2
253 50 146 4.2
253 60 188 2.7
253 70 215 1.1
253 80 226 1.3
253 90 239 4.5
254 0 0 2.7
254 10 27 4.7
254 20 74 1.7
254 30 91 2.3
254 40 114 3.2
254 50 146 4.2
254 60 188 2.7
254 70 215 1.1
254 80 226 1.3
254 90 239 4.5
255 0 0 2.7
255 10 27 4.7
255 20 74 1.7
255 30 91 2.3
255 40 114 3.2
255 50 146 4.2
255 60 188 2.7
255 70 215 1.1
255 80 226 1.3
255 90 239 4.5
256 0 0 2.7
256 10 27 4.7
256 20 74 1.7
256 30 91 2.3
256 40 114 3.2
256 50 146 4.2
256 60 188 2.7
256 70 215 1.1
256 80 226 1.3
256 90 239 4.5
257 0 0 2.7
257 10 27 4.7
257 20 74 1.7
257 30 91 2.3
257 40 114 3.2
257 50 146 4.2
257 60 188 2.7
257 70 215 1.1
257 80 226 1.3
257 90 239 4.5
258 0 0 2.7
258 10 27 4.7
258 20 74 1.7
258 30 91 2.3
258 40 114 3.2
258 50 146 4.2
258 60 188 2.7
258 70 215 1.1
258 80 226 1.3
258 90 239 4.5
259 0 0 2.7
259 10 27 4.7
259 20 74 1.7
259 30 91 2.3
259 40 114 3.2
259 50 146 4.2
259 60 188 2.7
259 70 215 1.1
259 80 226 1.3
259 90 239 4.5
260 0 0 2.7
260 10 27 4.7
260 20 74 1.7
260 30 91 2.3
260 40 114 3.2
260 50 146 4.2
260 60 188 2.7
260 70 215 1.1
260 80 226 1.3
260 90 239 4.5
261 0 0 2.7
261 10 27 4.7
261 20 74 1.7
261 30 91 2.3
261 40 114 3.2
261 50 146 4.2
261 60 188 2.7
261 70 215 1.1
261 80 226 1.3
261 90 239 4.5
262 0 0 2.7
262 10 27 4.7
262 20 74 1.7
262 30 91 2.3
262 40 114 3.2
262 50 146 4.2
262 60 188 2.7
262 70 215 1.1
262 80 226 1.3
262 90 239 4.5
263 0 0 2.7
263 10 27 4.7
263 20 74 1.7
263 30 91 2.3
263 40 114 3.2
263 50 146 4.2
263 60 188 2.7
263 70 215 1.1
263 80 226 1.3
263 90 239 4.5
264 0 0 2.7
264 10 27 4.7
264 20 74 1.7
264 30 91 2.3
264 40 114 3.2
264 50 146 4.2
264 60 188 2.7
264 70 215 1.1
264 80 226 1.3
264 90 239 4.5
265 0 0 2.7
265 10 27 4.7
265 20 74 1.7
265 30 91 2.3
265 40 114 3.2
265 50 146 4.2
265 60 188 2.7
265 70 215 1.1
265 80 226 1.3
265 90 239 4.5
266 0 0 2.7
266 10 27 4.7
266 20 74 1.7
266 30 91 2.3
266 40 114 3.2
266 50 146 4.2
266 60 188 2.7
266 70 215 1.1
266 80 226 1.3
266 90 239 4.5
267 0 0 2.7
267 10 27 4.7
267 20 74 1.7
267 30 91 2.3
267 40 114 3.2
267 50 146 4.2
267 60 188 2.7
267 70 215 1.1
267 80 226 1.3
267 90 239 4.5
268 0 0 2.7
268 10 27 4.7
268 20 74 1.7
268 30 91 2.3
268 40 114 3.2
268 50 146 4.2
268 60 188 2.7
268 70 215 1.1
268 80 226 1.3
268 90 239 4.5
269 0 0 2.7
269 10 27 4.7
269 20 74 1.7
269 30 91 2.3
269 40 114 3.2
269 50 146 4.2
269 60 188 2.7
269 70 215 1.1
269 80 226 1.3
269 90 239 4.5
270 0 0 2.7
270 10 27 4.7
270 20 74 1.7
270 30 91 2.3
270 40 114 3.2
270 50 146 4.2
270 60 188 2.7
270 70 215 1.1
270 80 226 1.3
270 90 239 4.5
271 0 0 2.7
271 10 27 4.7
271 20 74 1.7
271 30 91 2.3
271 40 114 3.2
271 50 146 4.2
271 60 188 2.7
271 70 215 1.1
271 80 226 1.3
271 90 239 4.5
272 0 0 2.7
272 10 27 4.7
272 20 74 1.7
272 30 91 2.3
272 40 114 3.2
272 50 146 4.2
272 60 188 2.7
272 70 215 1.1
272 80 226 1.3
272 90 239 4.5
273 0 0 2.7
273 10 27 4.7
273 20 74 1.7
273 30 91 2.3
273 40 114 3.2
273 50 146 4.2
273 60 188 2.7
273 70 215 1.1
273 80 226 1.3
273 90 239 4.5
274 0 0 2.7
274 10 27 4.7
274 20 74 1.7
274 30 91 2.3
274 40 114 3.2
274 50 146 4.2
274 60 188 2.7
274 70 215 1.1
274 80 226 1.3
274 90 239 4.5
275 0 0 2.7
275 10 27 4.7
275 20 74 1.7
275 30 91 2.3
275 40 114 3.2
275 50 146 4.2
275 60 188 2.7
275 70 215 1.1
275 80 226 1.3
275 90 239 4.5
276 0 0 2.7
276 10 27 4.7
276 20 74 1.7
276 30 91 2.3
276 40 114 3.2
276 50 146 4.2
276 60 188 2.7
276 70 215 1.1
276 80 226 1.3
276 90 239 4.5
277 0 0 2.7
277 10 27 4.7
277 20 74 1.7
277 30 91 2.3
277 40 114 3.2
277 50 146 4.2
277 60 188 2.7
277 70 215 1.1
277 80 226 1.3
277 90 239 4.5
278 0 0 2.7
278 10 27 4.7
278 20 74 1.7
278 30 91 2.3
278 40 114 3.2
278 50 146 4.2
278 60 188 2.7
278 70 215 1.1
278 80 226 1.3
278 90 239 4.5
279 0 0 2.7
279 10 27 4.7
279 20 74 1.7
279 30 91 2.3
279 40 114 3.2
279 50 146 4.2
279 60 188 2.7
279 70 215 1.1
279 80 226 1.3
279 90 239 4.5
280 0 0 2.7
280 10 27 4.7
280 20 74 1.7
280 30 91 2.3
280 40 114 3.2
280 50 146 4.2
280 60 188 2.7
280 70 215 1.1
280 80 226 1.3
280 90 239 4.5
281 0 0 2.7
281 10 27 4.7
281 20 74 1.7
281 30 91 2.3
281 40 114 3.2
281 50 146 4.2
281 60 188 2.7
281 70 215 1.1
281 80 226 1.3
281 90 239 4.5
282 0 0 2.7
282 10 27 4.7
282 20 74 1.7
282 30 91 2.3
282 40 114 3.2
282 50 146 4.2
282 60 188 2.7
282 70 215 1.1
282 80 226 1.3
282 90 239 4.5
283 0 0 2.7
283 10 27 4.7
283 20 74 1.7
283 30 91 2.3
283 40 114 3.2
283 50 146 4.2
283 60 188 2.7
283 70 215 1.1
283 80 226 1.3
283 90 239 4.5
284 0 0 2.7
284 10 27 4.7
284 20 74 1.7
284 30 91 2.3
284 40 114 3.2
284 50 146 4.2
284 60 188 2.7
284 70 215 1.1
284 80 226 1.3
284 90 239 4.5
285 0 0 2.7
285 10 27 4.7
285 20 74 1.7
285 30 91 2.3
285 40 114 3.2
285 50 146 4.2
285 60 188 2.7
285 70 215 1.1
285 80 226 1.3
285 90 239 4.5
286 0 0 2.7
286 10 27 4.7
286 20 74 1.7
286 30 91 2.3
286 40 114 3.2
286 50 146 4.2
286 60 188 2.7
286 70 215 1.1
286 80 226 1.3
286 90 239 4.5
287 0 0 2.7
287 10 27 4.7
287 20 74 1.7
287 30 91 2.3
287 40 114 3.2
287 50 146 4.2
287 60 188 2.7
287 70 215 1.1
287 80 226 1.3
287 90 239 4.5
288 0 0 2.7
288 10 27 4.7
288 20 74 1.7
288 30 91 2.3
288 40 114 3.2
288 50 146 4.2
288 60 188 2.7
288 70 215 1.1
288 80 226 1.3
288 90 239 4.5
289 0 0 2.7
289 10 27 4.7
289 20 74 1.7
289 30 91 2.3
289 40 114 3.2
289 50 146 4.2
289 60 188 2.7
289 70 215 1.1
289 80 226 1.3
289 90 239 4.5
290 0 0 2.7
290 10 27 4.7
290 20 74 1.7
290 30 91 2.3
290 40 114 3.2
290 50 146 4.2
290 60 188 2.7
290 70 215 1.1
290 80 226 1.3
290 90 239 4.5
291 0 0 2.7
291 10 27 4.7
291 20 74 1.7
291 30 91 2.3
291 40 114 3.2
291 50 146 4.2
291 60 188 2.7
291 70 215 1.1
291 80 226 1.3
291 90 239 4.5
292 0 0 2.7
292 10 27 4.7
292 20 74 1.7
292 30 91 2.3
292 40 114 3.2
292 50 146 4.2
292 60 188 2.7
292 70 215 1.1
292 80 226 1.3
292 90 239 4.5
293 0 0 2.7
293 10 27 4.7
293 20 74 1.7
293 30 91 2.3
293 40 114 3.2
293 50 146 4.2
293 60 188 2.7
293 70 215 1.1
293 80 226 1.3
293 90 239 4.5
294 0 0 2.7
294 10 27 4.7
294 20 74 1.7
294 30 91 2.3
294 40 114 3.2
294 50 146 4.2
294 60 188 2.7
294 70 215 1.1
294 80 226 1.3
294 90 239 4.5
295 0 0 2.7
295 10 27 4.7
295 20 74 1.7
295 30 91 2.3
295 40 114 3.2
295 50 146 4.2
295 60 188 2.7
295 70 215 1.1
295 80 226 1.3
295 90 239 4.5
296 0 0 2.7
296 10 27 4.7
296 20 74 1.7
296 30 91 2.3
296 40 114 3.2
296 50 146 4.2
296 60 188 2.7
296 70 215 1.1
296 80 226 1.3
296 90 239 4.5
297 0 0 2.7
297 10 27 4.7
297 20 74 1.7
297 30 91 2.3
297 40 114 3.2
297 50 146 4.2
297 60 188 2.7
297 70 215 1.1
297 80 226 1.3
297 90 239 4.5
298 0 0 2.7
298 10 27 4.7
298 20 74 1.7
298 30 91 2.3
298 40 114 3.2
298 50 146 4.2
298 60 188 2.7
298 70 215 1.1
298 80 226 1.3
298 90 239 4.5
299 0 0 2.7
299 10 27 4.7
299 20 74 1.7
299 30 91 2.3
299 40 114 3.2
299 50 146 4.2
299 60 188 2.7
299 70 215 1.1
299 80 226 1.3
299 90 239 4.5
300 0 0 2.7
300 10 27 4.7
300 20 74 1.7
300 30 91 2.3
300 40 114 3.2
300 50 146 4.2
300 60 188 2.7
300 70 215 1.1
300 80 226 1.3
300 90 239 4.5
301 0 0 2.7
301 10 27 4.7
301 20 74 1.7
301 30 91 2.3
301 40 114 3.2
301 50 146 4.2
301 60 188 2.7
301 70 215 1.1
301 80 226 1.3
301 90 239 4.5
302 0 0 2.7
302 10 27 4.7
302 20 74 1.7
302 30 91 2.3
302 40 114 3.2
302 50 146 4.2
302 60 188 2.7
302 70 215 1.1
302 80 226 1.3
302 90 239 4.5
303 0 0 2.7
303 10 27 4.7
303 20 74 1.7
303 30 91 2.3
303 40 114 3.2
303 50 146 4.2
303 60 188 2.7
303 70 215 1.1
303 80 226 1.3
303 90 239 4.5
304 0 0 2.7
304 10 27 4.7
304 20 74 1.7
304 30 91 2.3
304 40 114 3.2
304 50 146 4.2
304 60 188 2.7
304 70 215 1.1
304 80 226 1.3
304 90 239 4.5
305 0 0 2.7
305 10 27 4.7
305 20 74 1.7
305 30 91 2.3
305 40 114 3.2
305 50 146 4.2
305 60 188 2.7
305 70 215 1.1
305 80 226 1.3
305 90 239 4.5
306 0 0 2.7
306 10 27 4.7
306 20 74 1.7
306 30 91 2.3
306 40 114 3.2
306 50 146 4.2
306 60 188 2.7
306 70 215 1.1
306 80 226 1.3
306 90 239 4.5
307 0 0 2.7
307 10 27 4.7
307 20 74 1.7
307 30 91 2.3
307 40 114 3.2
307 50 146 4.2
307 60 188 2.7
307 70 215 1.1
307 80 226 1.3
307 90 239 4.5
308 0 0 2.7
308 10 27 4.7
308 20 74 1.7
308 30 91 2.3
308 40 114 3.2
308 50 146 4.2
308 60 188 2.7
308 70 215 1.1
308 80 226 1.3
308 90 239 4.5
309 0 0 2.7
309 10 27 4.7
309 20 74 1.7
309 30 91 2.3
309 40 114 3.2
309 50 146 4.2
309 60 188 2.7
309 70 215 1.1
309 80 226 1.3
309 90 239 4.5
310 0 0 2.7
310 10 27 4.7
310 20 74 1.7
310 30 91 2.3
310 40 114 3.2
310 50 146 4.2
310 60 188 2.7
310 70 215 1.1
310 80 226 1.3
310 90 239 4.5
311 0 0 2.7
311 10 27 4.7
311 20 74 1.7
311 30 91 2.3
311 40 114 3.2
311 50 146 4.2
311 60 188 2.7
311 70 215 1.1
311 80 226 1.3
311 90 239 4.5
312 0 0 2.7
312 10 27 4.7
312 20 74 1.7
312 30 91 2.3
312 40 114 3.2
312 50 146 4.2
312 60 188 2.7
312 70 215 1.1
312 80 226 1.3
312 90 239 4.5
313 0 0 2.7
313 10 27 4.7
313 20 74 1.7
313 30 91 2.3
313 40 114 3.2
313 50 146 4.2
313 60 188 2.7
313 70 215 1.1
313 80 226 1.3
313 90 239 4.5
314 0 0 2.7
314 10 27 4.7
314 20 74 1.7
314 30 91 2.3
314 40 114 3.2
314 50 146 4.2
314 60 188 2.7
314 70 215 1.1
314 80 226 1.3
314 90 239 4.5
315 0 0 2.7
315 10 27 4.7
315 20 74 1.7
315 30 91 2.3
315 40 114 3.2
315 50 146 4.2
315 60 188 2.7
315 70 215 1.1
315 80 226 1.3
315 90 239 4.5
316 0 0 2.7
316 10 27 4.7
316 20 74 1.7
316 30 91 2.3
316 40 114 3.2
316 50 146 4.2
316 60 188 2.7
316 70 215 1.1
316 80 226 1.3
316 90 239 4.5
317 0 0 2.7
317 10 27 4.7
317 20 74 1.7
317 30 91 2.3
317 40 114 3.2
317 50 146 4.2
317 60 188 2.7
317 70 215 1.1
317 80 226 1.3
317 90 239 4.5
318 0 0 2.7
318 10 27 4.7
318 20 74 1.7
318 30 91 2.3
318 40 114 3.2
318 50 146 4.2
318 60 188 2.7
318 70 215 1.1
318 80 226 1.3
318 90 239 4.5
319 0 0 2.7
319 10 27 4.7
319 20 74 1.7
319 30 91 2.3
319 40 114 3.2
319 50 146 4.2
319 60 188 2.7
319 70 215 1.1
319 80 226 1.3
319 90 239 4.5
320 0 0 2.7
320 10 27 4.7
320 20 74 1.7
320 30 91 2.3
320 40 114 3.2
320 50 146 4.2
320 60 188 2.7
320 70 215 1.1
320 80 226 1.3
320 90 239 4.5
321 0 0 2.7
321 10 27 4.7
321 20 74 1.7
321 30 91 2.3
321 40 114 3.2
321 50 146 4.2
321 60 188 2.7
321 70 215 1.1
321 80 226 1.3
321 90 239 4.5
322 0 0 2.7
322 10 27 4.7
322 20 74 1.7
322 30 91 2.3
322 40 114 3.2
322 50 146 4.2
322 60 188 2.7
322 70 215 1.1
322 80 226 1.3
322 90 239 4.5
323 0 0 2.7
323 10 27 4.7
323 20 74 1.7
323 30 91 2.3
323 40 114 3.2
323 50 146 4.2
323 60 188 2.7
323 70 215 1.1
323 80 226 1.3
323 90 239 4.5
324 0 0 2.7
324 10 27 4.7
324 20 74 1.7
324 30 91 2.3
324 40 114 3.2
324 50 146 4.2
324 60 188 2.7
324 70 215 1.1
324 80 226 1.3
324 90 239 4.5
325 0 0 2.7
325 10 27 4.7
325 20 74 1.7
325 30 91 2.3
325 40 114 3.2
325 50 146 4.2
325 60 188 2.7
325 70 215 1.1
325 80 226 1.3
325 90 239 4.5
326 0 0 2.7
326 10 27 4.7
326 20 74 1.7
326 30 91 2.3
326 40 114 3.2
326 50 146 4.2
326 60 188 2.7
326 70 215 1.1
326 80 226 1.3
326 90 239 4.5
327 0 0 2.7
327 10 27 4.7
327 20 74 1.7
327 30 91 2.3
327 40 114 3.2
327 50 146 4.2
327 60 188 2.7
327 70 215 1.1
327 80 226 1.3
327 90 239 4.5
328 0 0 2.7
328 10 27 4.7
328 20 74 1.7
328 30 91 2.3
328 40 114 3.2
328 50 146 4.2
328 60 188 2.7
328 70 215 1.1
328 80 226 1.3
328 90 239 4.5
329 0 0 2.7
329 10 27 4.7
329 20 74 1.7
329 30 91 2.3
329 40 114 3.2
329 50 146 4.2
329 60 188 2.7
329 70 215 1.1
329 80 226 1.3
329 90 239 4.5
330 0 0 2.7
330 10 27 4.7
330 20 74 1.7
330 30 91 2.3
330 40 114 3.2
330 50 146 4.2
330 60 188 2.7
330 70 215 1.1
330 80 226 1.3
330 90 239 4.5
331 0 0 2.7
331 10 27 4.7
331 20 74 1.7
331 30 91 2.3
331 40 114 3.2
331 50 146 4.2
331 60 188 2.7
331 70 215 1.1
331 80 226 1.3
331 90 239 4.5
332 0 0 2.7
332 10 27 4.7
332 20 74 1.7
332 30 91 2.3
332 40 114 3.2
332 50 146 4.2
332 60 188 2.7
332 70 215 1.1
332 80 226 1.3
332 90 239 4.5
333 0 0 2.7
333 10 27 4.7
333 20 74 1.7
333 30 91 2.3
333 40 114 3.2
333 50 146 4.2
333 60 188 2.7
333 70 215 1.1
333 80 226 1.3
333 90 239 4.5
334 0 0 2.7
334 10 27 4.7
334 20 74 1.7
334 30 91 2.3
334 40 114 3.2
334 50 146 4.2
334 60 188 2.7
334 70 215 1.1
334 80 226 1.3
334 90 239 4.5
335 0 0 2.7
335 10 27 4.7
335 20 74 1.7
335 30 91 2.3
335 40 114 3.2
335 50 146 4.2
335 60 188 2.7
335 70 215 1.1
335 80 226 1.3
335 90 239 4.5
336 0 0 2.7
336 10 27 4.7
336 20 74 1.7
336 30 91 2.3
336 40 114 3.2
336 50 146 4.2
336 60 188 2.7
336 70 215 1.1
336 80 226 1.3
336 90 239 4.5
337 0 0 2.7
337 10 27 4.7
337 20 74 1.7
337 30 91 2.3
337 40 114 3.2
337 50 146 4.2
337 60 188 2.7
337 70 215 1.1
337 80 226 1.3
337 90 239 4.5
338 0 0 2.7
338 10 27 4.7
338 20 74 1.7
338 30 91 2.3
338 40 114 3.2
338 50 146 4.2
338 60 188 2.7
338 70 215 1.1
338 80 226 1.3
338 90 239 4.5
339 0 0 2.7
339 10 27 4.7
339 20 74 1.7
339 30 91 2.3
339 40 114 3.2
339 50 146 4.2
339 60 188 2.7
339 70 215 1.1
339 80 226 1.3
339 90 239 4.5
340 0 0 2.7
340 10 27 4.7
340 20 74 1.7
340 30 91 2.3
340 40 114 3.2
340 50 146 4.2
340 60 188 2.7
340 70 215 1.1
340 80 226 1.3
340 90 239 4.5
341 0 0 2.7
341 10 27 4.7
341 20 74 1.7
341 30 91 2.3
341 40 114 3.2
341 50 146 4.2
341 60 188 2.7
341 70 215 1.1
341 80 226 1.3
341 90 239 4.5
342 0 0 2.7
342 10 27 4.7
342 20 74 1.7
342 30 91 2.3
342 40 114 3.2
342 50 146 4.2
342 60 188 2.7
342 70 215 1.1
342 80 226 1.3
342 90 239 4.5
343 0 0 2.7
343 10 27 4.7
343 20 74 1.7
343 30 91 2.3
343 40 114 3.2
343 50 146 4.2
343 60 188 2.7
343 70 215 1.1
343 80 226 1.3
343 90 239 4.5
344 0 0 2.7
344 10 27 4.7
344 20 74 1.7
344 30 91 2.3
344 40 114 3.2
344 50 146 4.2
344 60 188 2.7
344 70 215 1.1
344 80 226 1.3
344 90 239 4.5
345 0 0 2.7
345 10 27 4.7
345 20 74 1.7
345 30 91 2.3
345 40 114 3.2
345 50 146 4.2
345 60 188 2.7
345 70 215 1.1
345 80 226 1.3
345 90 239 4.5
346 0 0 2.7
346 10 27 4.7
346 20 74 1.7
346 30 91 2.3
346 40 114 3.2
346 50 146 4.2
346 60 188 2.7
346 70 215 1.1
346 80 226 1.3
346 90 239 4.5
347 0 0 2.7
347 10 27 4.7
347 20 74 1.7
347 30 91 2.3
347 40 114 3.2
347 50 146 4.2
347 60 188 2.7
347 70 215 1.1
347 80 226 1.3
347 90 239 4.5
348 0 0 2.7
348 10 27 4.7
348 20 74 1.7
348 30 91 2.3
348 40 114 3.2
348 50 146 4.2
348 60 188 2.7
348 70 215 1.1
348 80 226 1.3
348 90 239 4.5
349 0 0 2.7
349 10 27 4.7
349 20 74 1.7
349 30 91 2.3
349 40 114 3.2
349 50 146 4.2
349 60 188 2.7
349 70 215 1.1
349 80 226 1.3
349 90 239 4.5
350 0 0 2.7
350 10 27 4.7
350 20 74 1.7
350 30 91 2.3
350 40 114 3.2
350 50 146 4.2
350 60 188 2.7
350 70 215 1.1
350 80 226 1.3
350 90 239 4.5
351 0 0 2.7
351 10 27 4.7
351 20 74 1.7
351 30 91 2.3
351 40 114 3.2
351 50 146 4.2
351 60 188 2.7
351 70 215 1.1
351 80 226 1.3
351 90 239 4.5
352 0 0 2.7
352 10 27 4.7
352 20 74 1.7
352 30 91 2.3
352 40 114 3.2
352 50 146 4.2
352 60 188 2.7
352 70 215 1.1
352 80 226 1.3
352 90 239 4.5
353 0 0 2.7
353 10 27 4.7
353 20 74 1.7
353 30 91 2.3
353 40 114 3.2
353 50 146 4.2
353 60 188 2.7
353 70 215 1.1
353 80 226 1.3
353 90 239 4.5
354 0 0 2.7
354 10 27 4.7
354 20 74 1.7
354 30 91 2.3
354 40 114 3.2
354 50 146 4.2
354 60 188 2.7
354 70 215 1.1
354 80 226 1.3
354 90 239 4.5
355 0 0 2.7
355 10 27 4.7
355 20 74 1.7
355 30 91 2.3
355 40 114 3.2
355 50 146 4.2
355 60 188 2.7
355 70 215 1.1
355 80 226 1.3
355 90 239 4.5
356 0 0 2.7
356 10 27 4.7
356 20 74 1.7
356 30 91 2.3
356 40 114 3.2
356 50 146 4.2
356 60 188 2.7
356 70 215 1.1
356 80 226 1.3
356 90 239 4.5
357 0 0 2.7
357 10 27 4.7
357 20 74 1.7
357 30 91 2.3
357 40 114 3.2
357 50 146 4.2
357 60 188 2.7
357 70 215 1.1
357 80 226 1.3
357 90 239 4.5
358 0 0 2.7
358 10 27 4.7
358 20 74 1.7
358 30 91 2.3
358 40 114 3.2
358 50 146 4.2
358 60 188 2.7
358 70 215 1.1
358 80 226 1.3
358 90 239 4.5
359 0 0 2.7
359 10 27 4.7
359 20 74 1.7
359 30 91 2.3
359 40 114 3.2
359 50 146 4.2
359 60 188 2.7
359 70 215 1.1
359 80 226 1.3
359 90 239 4.5
360 0 0 2.7
360 10 27 4.7
360 20 74 1.7
360 30 91 2.3
360 40 114 3.2
360 50 146 4.2
360 60 188 2.7
360 70 215 1.1
360 80 226 1.3
360 90 239 4.5
361 0 0 2.7
361 10 27 4.7
361 20 74 1.7
361 30 91 2.3
361 40 114 3.2
361 50 146 4.2
361 60 188 2.7
361 70 215 1.1
361 80 226 1.3
361 90 239 4.5
362 0 0 2.7
362 10 27 4.7
362 20 74 1.7
362 30 91 2.3
362 40 114 3.2
362 50 146 4.2
362 60 188 2.7
362 70 215 1.1
362 80 226 1.3
362 90 239 4.5
363 0 0 2.7
363 10 27 4.7
363 20 74 1.7
363 30 91 2.3
363 40 114 3.2
363 50 146 4.2
363 60 188 2.7
363 70 215 1.1
363 80 226 1.3
363 90 239 4.5
364 0 0 2.7
364 10 27 4.7
364 20 74 1.7
364 30 91 2.3
364 40 114 3.2
364 50 146 4.2
364 60 188 2.7
364 70 215 1.1
364 80 226 1.3
364 90 239 4.5
365 0 0 2.7
365 10 27 4.7
365 20 74 1.7
365 30 91 2.3
365 40 114 3.2
365 50 146 4.2
365 60 188 2.7
365 70 215 1.1
365 80 226 1.3
365 90 239 4.5
366 0 0 2.7
366 10 27 4.7
366 20 74 1.7
366 30 91 2.3
366 40 114 3.2
366 50 146 4.2
366 60 188 2.7
366 70 215 1.1
366 80 226 1.3
366 90 239 4.5
367 0 0 2.7
367 10 27 4.7
367 20 74 1.7
367 30 91 2.3
367 40 114 3.2
367 50 146 4.2
367 60 188 2.7
367 70 215 1.1
367 80 226 1.3
367 90 239 4.5
368 0 0 2.7
368 10 27 4.7
368 20 74 1.7
368 30 91 2.3
368 40 114 3.2
368 50 146 4.2
368 60 188 2.7
368 70 215 1.1
368 80 226 1.3
368 90 239 4.5
369 0 0 2.7
369 10 27 4.7
369 20 74 1.7
369 30 91 2.3
369 40 114 3.2
369 50 146 4.2
369 60 188 2.7
369 70 215 1.1
369 80 226 1.3
369 90 239 4.5
370 0 0 2.7
370 10 27 4.7
370 20 74 1.7
370 30 91 2.3
370 40 114 3.2
370 50 146 4.2
370 60 188 2.7
370 70 215 1.1
370 80 226 1.3
370 90 239 4.5
371 0 0 2.7
371 10 27 4.7
371 20 74 1.7
371 30 91 2.3
371 40 114 3.2
371 50 146 4.2
371 60 188 2.7
371 70 215 1.1
371 80 226 1.3
371 90 239 4.5
372 0 0 2.7
372 10 27 4.7
372 20 74 1.7
372 30 91 2.3
372 40 114 3.2
372 50 146 4.2
372 60 188 2.7
372 70 215 1.1
372 80 226 1.3
372 90 239 4.5
373 0 0 2.7
373 10 27 4.7
373 20 74 1.7
373 30 91 2.3
373 40 114 3.2
373 50 146 4.2
373 60 188 2.7
373 70 215 1.1
373 80 226 1.3
373 90 239 4.5
374 0 0 2.7
374 10 27 4.7
374 20 74 1.7
374 30 91 2.3
374 40 114 3.2
374 50 146 4.2
374 60 188 2.7
374 70 215 1.1
374 80 226 1.3
374 90 239 4.5
375 0 0 2.7
375 10 27 4.7
375 20 74 1.7
375 30 91 2.3
375 40 114 3.2
375 50 146 4.2
375 60 188 2.7
375 70 215 1.1
375 80 226 1.3
375 90 239 4.5
376 0 0 2.7
376 10 27 4.7
376 20 74 1.7
376 30 91 2.3
376 40 114 3.2
376 50 146 4.2
376 60 188 2.7
376 70 215 1.1
376 80 226 1.3
376 90 239 4.5
377 0 0 2.7
377 10 27 4.7
377 20 74 1.7
377 30 91 2.3
377 40 114 3.2
377 50 146 4.2
377 60 188 2.7
377 70 215 1.1
377 80 226 1.3
377 90 239 4.5
378 0 0 2.7
378 10 27 4.7
378 20 74 1.7
378 30 91 2.3
378 40 114 3.2
378 50 146 4.2
378 60 188 2.7
378 70 215 1.1
378 80 226 1.3
378 90 239 4.5
379 0 0 2.7
379 10 27 4.7
379 20 74 1.7
379 30 91 2.3
379 40 114 3.2
379 50 146 4.2
379 60 188 2.7
379 70 215 1.1
379 80 226 1.3
379 90 239 4.5
380 0 0 2.7
380 10 27 4.7
380 20 74 1.7
380 30 91 2.3
380 40 114 3.2
380 50 146 4.2
380 60 188 2.7
380 70 215 1.1
380 80 226 1.3
380 90 239 4.5
381 0 0 2.7
381 10 27 4.7
381 20 74 1.7
381 30 91 2.3
381 40 114 3.2
381 50 146 4.2
381 60 188 2.7
381 70 215 1.1
381 80 226 1.3
381 90 239 4.5
382 0 0 2.7
382 10 27 4.7
382 20 74 1.7
382 30 91 2.3
382 40 114 3.2
382 50 146 4.2
382 60 188 2.7
382 70 215 1.1
382 80 226 1.3
382 90 239 4.5
383 0 0 2.7
383 10 27 4.7
383 20 74 1.7
383 30 91 2.3
383 40 114 3.2
383 50 146 4.2
383 60 188 2.7
383 70 215 1.1
383 80 226 1.3
383 90 239 4.5
384 0 0 2.7
384 10 27 4.7
384 20 74 1.7
384 30 91 2.3
384 40 114 3.2
384 50 146 4.2
384 60 188 2.7
384 70 215 1.1
384 80 226 1.3
384 90 239 4.5
385 0 0 2.7
385 10 27 4.7
385 20 74 1.7
385 30 91 2.3
385 40 114 3.2
385 50 146 4.2
385 60 188 2.7
385 70 215 1.1
385 80 226 1.3
385 90 239 4.5
386 0 0 2.7
386 10 27 4.7
386 20 74 1.7
386 30 91 2.3
386 40 114 3.2
386 50 146 4.2
386 60 188 2.7
386 70 215 1.1
386 80 226 1.3
386 90 239 4.5
387 0 0 2.7
387 10 27 4.7
387 20 74 1.7
387 30 91 2.3
387 40 114 3.2
387 50 146 4.2
387 60 188 2.7
387 70 215 1.1
387 80 226 1.3
387 90 239 4.5
388 0 0 2.7
388 10 27 4.7
388 20 74 1.7
388 30 91 2.3
388 40 114 3.2
388 50 146 4.2
388 60 188 2.7
388 70 215 1.1
388 80 226 1.3
388 90 239 4.5
389 0 0 2.7
389 10 27 4.7
389 20 74 1.7
389 30 91 2.3
389 40 114 3.2
389 50 146 4.2
389 60 188 2.7
389 70 215 1.1
389 80 226 1.3
389 90 239 4.5
390 0 0 2.7
390 10 27 4.7
390 20 74 1.7
390 30 91 2.3
390 40 114 3.2
390 50 146 4.2
390 60 188 2.7
390 70 215 1.1
390 80 226 1.3
390 90 239 4.5
391 0 0 2.7
391 10 27 4.7
391 20 74 1.7
391 30 91 2.3
391 40 114 3.2
391 50 146 4.2
391 60 188 2.7
391 70 215 1.1
391 80 226 1.3
391 90 239 4.5
392 0 0 2.7
392 10 27 4.7
392 20 74 1.7
392 30 91 2.3
392 40 114 3.2
392 50 146 4.2
392 60 188 2.7
392 70 215 1.1
392 80 226 1.3
392 90 239 4.5
393 0 0 2.7
393 10 27 4.7
393 20 74 1.7
393 30 91 2.3
393 40 114 3.2
393 50 146 4.2
393 60 188 2.7
393 70 215 1.1
393 80 226 1.3
393 90 239 4.5
394 0 0 2.7
394 10 27 4.7
394 20 74 1.7
394 30 91 2.3
394 40 114 3.2
394 50 146 4.2
394 60 188 2.7
394 70 215 1.1
394 80 226 1.3
394 90 239 4.5
395 0 0 2.7
395 10 27 4.7
395 20 74 1.7
395 30 91 2.3
395 40 114 3.2
395 50 146 4.2
395 60 188 2.7
395 70 215 1.1
395 80 226 1.3
395 90 239 4.5
396 0 0 2.7
396 10 27 4.7
396 20 74 1.7
396 30 91 2.3
396 40 114 3.2
396 50 146 4.2
396 60 188 2.7
396 70 215 1.1
396 80 226 1.3
396 90 239 4.5
397 0 0 2.7
397 10 27 4.7
397 20 74 1.7
397 30 91 2.3
397 40 114 3.2
397 50 146 4.2
397 60 188 2.7
397 70 215 1.1
397 80 226 1.3
397 90 239 4.5
398 0 0 2.7
398 10 27 4.7
398 20 74 1.7
398 30 91 2.3
398 40 114 3.2
398 50 146 4.2
398 60 188 2.7
398 70 215 1.1
398 80 226 1.3
398 90 239 4.5
399 0 0 2.7
399 10 27 4.7
399 20 74 1.7
399 30 91 2.3
399 40 114 3.2
399 50 146 4.2
399 60 188 2.7
399 70 215 1.1
399 80 226 1.3
399 90 239 4.5
400 0 0 2.7
400 10 27 4.7
400 20 74 1.7
400 30 91 2.3
400 40 114 3.2
400 50 146 4.2
400 60 188 2.7
400 70 215 1.1
400 80 226 1.3
400 90 239 4.5
401 0 0 2.7
401 10 27 4.7
401 20 74 1.7
401 30 91 2.3
401 40 114 3.2
401 50 146 4.2
401 60 188 2.7
401 70 215 1.1
401 80 226 1.3
401 90 239 4.5
402 0 0 2.7
402 10 27 4.7
402 20 74 1.7
402 30 91 2.3
402 40 114 3.2
402 50 146 4.2
402 60 188 2.7
402 70 215 1.1
402 80 226 1.3
402 90 239 4.5
403 0 0 2.7
403 10 27 4.7
403 20 74 1.7
403 30 91 2.3
403 40 114 3.2
403 50 146 4.2
403 60 188 2.7
403 70 215 1.1
403 80 226 1.3
403 90 239 4.5
404 0 0 2.7
404 10 27 4.7
404 20 74 1.7
404 30 91 2.3
404 40 114 3.2
404 50 146 4.2
404 60 188 2.7
404 70 215 1.1
404 80 226 1.3
404 90 239 4.5
405 0 0 2.7
405 10 27 4.7
405 20 74 1.7
405 30 91 2.3
405 40 114 3.2
405 50 146 4.2
405 60 188 2.7
405 70 215 1.1
405 80 226 1.3
405 90 239 4.5
406 0 0 2.7
406 10 27 4.7
406 20 74 1.7
406 30 91 2.3
406 40 114 3.2
406 50 146 4.2
406 60 188 2.7
406 70 215 1.1
406 80 226 1.3
406 90 239 4.5
407 0 0 2.7
407 10 27 4.7
407 20 74 1.7
407 30 91 2.3
407 40 114 3.2
407 50 146 4.2
407 60 188 2.7
407 70 215 1.1
407 80 226 1.3
407 90 239 4.5
408 0 0 2.7
408 10 27 4.7
408 20 74 1.7
408 30 91 2.3
408 40 114 3.2
408 50 146 4.2
408 60 188 2.7
408 70 215 1.1
408 80 226 1.3
408 90 239 4.5
409 0 0 2.7
409 10 27 4.7
409 20 74 1.7
409 30 91 2.3
409 40 114 3.2
409 50 146 4.2
409 60 188 2.7
409 70 215 1.1
409 80 226 1.3
409 90 239 4.5
410 0 0 2.7
410 10 27 4.7
410 20 74 1.7
410 30 91 2.3
410 40 114 3.2
410 50 146 4.2
410 60 188 2.7
410 70 215 1.1
410 80 226 1.3
410 90 239 4.5
411 0 0 2.7
411 10 27 4.7
411 20 74 1.7
411 30 91 2.3
411 40 114 3.2
411 50 146 4.2
411 60 188 2.7
411 70 215 1.1
411 80 226 1.3
411 90 239 4.5
412 0 0 2.7
412 10 27 4.7
412 20 74 1.7
412 30 91 2.3
412 40 114 3.2
412 50 146 4.2
412 60 188 2.7
412 70 215 1.1
412 80 226 1.3
412 90 239 4.5
413 0 0 2.7
413 10 27 4.7
413 20 74 1.7
413 30 91 2.3
413 40 114 3.2
413 50 146 4.2
413 60 188 2.7
413 70 215 1.1
413 80 226 1.3
413 90 239 4.5
414 0 0 2.7
414 10 27 4.7
414 20 74 1.7
414 30 91 2.3
414 40 114 3.2
414 50 146 4.2
414 60 188 2.7
414 70 215 1.1
414 80 226 1.3
414 90 239 4.5
415 0 0 2.7
415 10 27 4.7
415 20 74 1.7
415 30 91 2.3
415 40 114 3.2
415 50 146 4.2
415 60 188 2.7
415 70 215 1.1
415 80 226 1.3
415 90 239 4.5
416 0 0 2.7
416 10 27 4.7
416 20 74 1.7
416 30 91 2.3
416 40 114 3.2
416 50 146 4.2
416 60 188 2.7
416 70 215 1.1
416 80 226 1.3
416 90 239 4.5
417 0 0 2.7
417 10 27 4.7
417 20 74 1.7
417 30 91 2.3
417 40 114 3.2
417 50 146 4.2
417 60 188 2.7
417 70 215 1.1
417 80 226 1.3
417 90 239 4.5
418 0 0 2.7
418 10 27 4.7
418 20 74 1.7
418 30 91 2.3
418 40 114 3.2
418 50 146 4.2
418 60 188 2.7
418 70 215 1.1
418 80 226 1.3
418 90 239 4.5
419 0 0 2.7
419 10 27 4.7
419 20 74 1.7
419 30 91 2.3
419 40 114 3.2
419 50 146 4.2
419 60 188 2.7
419 70 215 1.1
419 80 226 1.3
419 90 239 4.5
420 0 0 2.7
420 10 27 4.7
420 20 74 1.7
420 30 91 2.3
420 40 114 3.2
420 50 146 4.2
420 60 188 2.7
420 70 215 1.1
420 80 226 1.3
420 90 239 4.5
421 0 0 2.7
421 10 27 4.7
421 20 74 1.7
421 30 91 2.3
421 40 114 3.2
421 50 146 4.2
421 60 188 2.7
421 70 215 1.1
421 80 226 1.3
421 90 239 4.5
422 0 0 2.7
422 10 27 4.7
422 20 74 1.7
422 30 91 2.3
422 40 114 3.2
422 50 146 4.2
422 60 188 2.7
422 70 215 1.1
422 80 226 1.3
422 90 239 4.5
423 0 0 2.7
423 10 27 4.7
423 20 74 1.7
423 30 91 2.3
423 40 114 3.2
423 50 146 4.2
423 60 188 2.7
423 70 215 1.1
423 80 226 1.3
423 90 239 4.5
424 0 0 2.7
424 10 27 4.7
424 20 74 1.7
424 30 91 2.3
424 40 114 3.2
424 50 146 4.2
424 60 188 2.7
424 70 215 1.1
424 80 226 1.3
424 90 239 4.5
425 0 0 2.7
425 10 27 4.7
425 20 74 1.7
425 30 91 2.3
425 40 114 3.2
425 50 146 4.2
425 60 188 2.7
425 70 215 1.1
425 80 226 1.3
425 90 239 4.5
426 0 0 2.7
426 10 27 4.7
426 20 74 1.7
426 30 91 2.3
426 40 114 3.2
426 50 146 4.2
426 60 188 2.7
426 70 215 1.1
426 80 226 1.3
426 90 239 4.5
427 0 0 2.7
427 10 27 4.7
427 20 74 1.7
427 30 91 2.3
427 40 114 3.2
427 50 146 4.2
427 60 188 2.7
427 70 215 1.1
427 80 226 1.3
427 90 239 4.5
428 0 0 2.7
428 10 27 4.7
428 20 74 1.7
428 30 91 2.3
428 40 114 3.2
428 50 146 4.2
428 60 188 2.7
428 70 215 1.1
428 80 226 1.3
428 90 239 4.5
429 0 0 2.7
429 10 27 4.7
429 20 74 1.7
429 30 91 2.3
429 40 114 3.2
429 50 146 4.2
429 60 188 2.7
429 70 215 1.1
429 80 226 1.3
429 90 239 4.5
430 0 0 2.7
430 10 27 4.7
430 20 74 1.7
430 30 91 2.3
430 40 114 3.2
430 50 146 4.2
430 60 188 2.7
430 70 215 1.1
430 80 226 1.3
430 90 239 4.5
431 0 0 2.7
431 10 27 4.7
431 20 74 1.7
431 30 91 2.3
431 40 114 3.2
431 50 146 4.2
431 60 188 2.7
431 70 215 1.1
431 80 226 1.3
431 90 239 4.5
432 0 0 2.7
432 10 27 4.7
432 20 74 1.7
432 30 91 2.3
432 40 114 3.2
432 50 146 4.2
432 60 188 2.7
432 70 215 1.1
432 80 226 1.3
432 90 239 4.5
433 0 0 2.7
433 10 27 4.7
433 20 74 1.7
433 30 91 2.3
433 40 114 3.2
433 50 146 4.2
433 60 188 2.7
433 70 215 1.1
433 80 226 1.3
433 90 239 4.5
434 0 0 2.7
434 10 27 4.7
434 20 74 1.7
434 30 91 2.3
434 40 114 3.2
434 50 146 4.2
434 60 188 2.7
434 70 215 1.1
434 80 226 1.3
434 90 239 4.5
435 0 0 2.7
435 10 27 4.7
435 20 74 1.7
435 30 91 2.3
435 40 114 3.2
435 50 146 4.2
435 60 188 2.7
435 70 215 1.1
435 80 226 1.3
435 90 239 4.5
436 0 0 2.7
436 10 27 4.7
436 20 74 1.7
436 30 91 2.3
436 40 114 3.2
436 50 146 4.2
436 60 188 2.7
436 70 215 1.1
436 80 226 1.3
436 90 239 4.5
437 0 0 2.7
437 10 27 4.7
437 20 74 1.7
437 30 91 2.3
437 40 114 3.2
437 50 146 4.2
437 60 188 2.7
437 70 215 1.1
437 80 226 1.3
437 90 239 4.5
438 0 0 2.7
438 10 27 4.7
438 20 74 1.7
438 30 91 2.3
438 40 114 3.2
438 50 146 4.2
438 60 188 2.7
438 70 215 1.1
438 80 226 1.3
438 90 239 4.5
439 0 0 2.7
439 10 27 4.7
439 20 74 1.7
439 30 91 2.3
439 40 114 3.2
439 50 146 4.2
439 60 188 2.7
439 70 215 1.1
439 80 226 1.3
439 90 239 4.5
440 0 0 2.7
440 10 27 4.7
440 20 74 1.7
440 30 91 2.3
440 40 114 3.2
440 50 146 4.2
440 60 188 2.7
440 70 215 1.1
440 80 226 1.3
440 90 239 4.5
441 0 0 2.7
441 10 27 4.7
441 20 74 1.7
441 30 91 2.3
441 40 114 3.2
441 50 146 4.2
441 60 188 2.7
441 70 215 1.1
441 80 226 1.3
441 90 239 4.5
442 0 0 2.7
442 10 27 4.7
442 20 74 1.7
442 30 91 2.3
442 40 114 3.2
442 50 146 4.2
442 60 188 2.7
442 70 215 1.1
442 80 226 1.3
442 90 239 4.5
443 0 0 2.7
443 10 27 4.7
443 20 74 1.7
443 30 91 2.3
443 40 114 3.2
443 50 146 4.2
443 60 188 2.7
443 70 215 1.1
443 80 226 1.3
443 90 239 4.5
444 0 0 2.7
444 10 27 4.7
444 20 74 1.7
444 30 91 2.3
444 40 114 3.2
444 50 146 4.2
444 60 188 2.7
444 70 215 1.1
444 80 226 1.3
444 90 239 4.5
445 0 0 2.7
445 10 27 4.7
445 20 74 1.7
445 30 91 2.3
445 40 114 3.2
445 50 146 4.2
445 60 188 2.7
445 70 215 1.1
445 80 226 1.3
445 90 239 4.5
446 0 0 2.7
446 10 27 4.7
446 20 74 1.7
446 30 91 2.3
446 40 114 3.2
446 50 146 4.2
446 60 188 2.7
446 70 215 1.1
446 80 226 1.3
446 90 239 4.5
447 0 0 2.7
447 10 27 4.7
447 20 74 1.7
447 30 91 2.3
447 40 114 3.2
447 50 146 4.2
447 60 188 2.7
447 70 215 1.1
447 80 226 1.3
447 90 239 4.5
448 0 0 2.7
448 10 27 4.7
448 20 74 1.7
448 30 91 2.3
448 40 114 3.2
448 50 146 4.2
448 60 188 2.7
448 70 215 1.1
448 80 226 1.3
448 90 239 4.5
449 0 0 2.7
449 10 27 4.7
449 20 74 1.7
449 30 91 2.3
449 40 114 3.2
449 50 146 4.2
449 60 188 2.7
449 70 215 1.1
449 80 226 1.3
449 90 239 4.5
450 0 0 2.7
450 10 27 4.7
450 20 74 1.7
450 30 91 2.3
450 40 114 3.2
450 50 146 4.2
450 60 188 2.7
450 70 215 1.1
450 80 226 1.3
450 90 239 4.5
451 0 0 2.7
451 10 27 4.7
451 20 74 1.7
451 30 91 2.3
451 40 114 3.2
451 50 146 4.2
451 60 188 2.7
451 70 215 1.1
451 80 226 1.3
451 90 239 4.5
452 0 0 2.7
452 10 27 4.7
452 20 74 1.7
452 30 91 2.3
452 40 114 3.2
452 50 146 4.2
452 60 188 2.7
452 70 215 1.1
452 80 226 1.3
452 90 239 4.5
453 0 0 2.7
453 10 27 4.7
453 20 74 1.7
453 30 91 2.3
453 40 114 3.2
453 50 146 4.2
453 60 188 2.7
453 70 215 1.1
453 80 226 1.3
453 90 239 4.5
454 0 0 2.7
454 10 27 4.7
454 20 74 1.7
454 30 91 2.3
454 40 114 3.2
454 50 146 4.2
454 60 188 2.7
454 70 215 1.1
454 80 226 1.3
454 90 239 4.5
455 0 0 2.7
455 10 27 4.7
455 20 74 1.7
455 30 91 2.3
455 40 114 3.2
455 50 146 4.2
455 60 188 2.7
455 70 215 1.1
455 80 226 1.3
455 90 239 4.5
456 0 0 2.7
456 10 27 4.7
456 20 74 1.7
456 30 91 2.3
456 40 114 3.2
456 50 146 4.2
456 60 188 2.7
456 70 215 1.1
456 80 226 1.3
456 90 239 4.5
457 0 0 2.7
457 10 27 4.7
457 20 74 1.7
457 30 91 2.3
457 40 114 3.2
457 50 146 4.2
457 60 188 2.7
457 70 215 1.1
457 80 226 1.3
457 90 239 4.5
458 0 0 2.7
458 10 27 4.7
458 20 74 1.7
458 30 91 2.3
458 40 114 3.2
458 50 146 4.2
458 60 188 2.7
458 70 215 1.1
458 80 226 1.3
458 90 239 4.5
459 0 0 2.7
459 10 27 4.7
459 20 74 1.7
459 30 91 2.3
459 40 114 3.2
459 50 146 4.2
459 60 188 2.7
459 70 215 1.1
459 80 226 1.3
459 90 239 4.5
460 0 0 2.7
460 10 27 4.7
460 20 74 1.7
460 30 91 2.3
460 40 114 3.2
460 50 146 4.2
460 60 188 2.7
460 70 215 1.1
460 80 226 1.3
460 90 239 4.5
461 0 0 2.7
461 10 27 4.7
461 20 74 1.7
461 30 91 2.3
461 40 114 3.2
461 50 146 4.2
461 60 188 2.7
461 70 215 1.1
461 80 226 1.3
461 90 239 4.5
462 0 0 2.7
462 10 27 4.7
462 20 74 1.7
462 30 91 2.3
462 40 114 3.2
462 50 146 4.2
462 60 188 2.7
462 70 215 1.1
462 80 226 1.3
462 90 239 4.5
463 0 0 2.7
463 10 27 4.7
463 20 74 1.7
463 30 91 2.3
463 40 114 3.2
463 50 146 4.2
463 60 188 2.7
463 70 215 1.1
463 80 226 1.3
463 90 239 4.5
464 0 0 2.7
464 10 27 4.7
464 20 74 1.7
464 30 91 2.3
464 40 114 3.2
464 50 146 4.2
464 60 188 2.7
464 70 215 1.1
464 80 226 1.3
464 90 239 4.5
465 0 0 2.7
465 10 27 4.7
465 20 74 1.7
465 30 91 2.3
465 40 114 3.2
465 50 146 4.2
465 60 188 2.7
465 70 215 1.1
465 80 226 1.3
465 90 239 4.5
466 0 0 2.7
466 10 27 4.7
466 20 74 1.7
466 30 91 2.3
466 40 114 3.2
466 50 146 4.2
466 60 188 2.7
466 70 215 1.1
466 80 226 1.3
466 90 239 4.5
467 0 0 2.7
467 10 27 4.7
467 20 74 1.7
467 30 91 2.3
467 40 114 3.2
467 50 146 4.2
467 60 188 2.7
467 70 215 1.1
467 80 226 1.3
467 90 239 4.5
468 0 0 2.7
468 10 27 4.7
468 20 74 1.7
468 30 91 2.3
468 40 114 3.2
468 50 146 4.2
468 60 188 2.7
468 70 215 1.1
468 80 226 1.3
468 90 239 4.5
469 0 0 2.7
469 10 27 4.7
469 20 74 1.7
469 30 91 2.3
469 40 114 3.2
469 50 146 4.2
469 60 188 2.7
469 70 215 1.1
469 80 226 1.3
469 90 239 4.5
470 0 0 2.7
470 10 27 4.7
470 20 74 1.7
470 30 91 2.3
470 40 114 3.2
470 50 146 4.2
470 60 188 2.7
470 70 215 1.1
470 80 226 1.3
470 90 239 4.5
471 0 0 2.7
471 10 27 4.7
471 20 74 1.7
471 30 91 2.3
471 40 114 3.2
471 50 146 4.2
471 60 188 2.7
471 70 215 1.1
471 80 226 1.3
471 90 239 4.5
472 0 0 2.7
472 10 27 4.7
472 20 74 1.7
472 30 91 2.3
472 40 114 3.2
472 50 146 4.2
472 60 188 2.7
472 70 215 1.1
472 80 226 1.3
472 90 239 4.5
473 0 0 2.7
473 10 27 4.7
473 20 74 1.7
473 30 91 2.3
473 40 114 3.2
473 50 146 4.2
473 60 188 2.7
473 70 215 1.1
473 80 226 1.3
473 90 239 4.5
474 0 0 2.7
474 10 27 4.7
474 20 74 1.7
474 30 91 2.3
474 40 114 3.2
474 50 146 4.2
474 60 188 2.7
474 70 215 1.1
474 80 226 1.3
474 90 239 4.5
475 0 0 2.7
475 10 27 4.7
475 20 74 1.7
475 30 91 2.3
475 40 114 3.2
475 50 146 4.2
475 60 188 2.7
475 70 215 1.1
475 80 226 1.3
475 90 239 4.5
476 0 0 2.7
476 10 27 4.7
476 20 74 1.7
476 30 91 2.3
476 40 114 3.2
476 50 146 4.2
476 60 188 2.7
476 70 215 1.1
476 80 226 1.3
476 90 239 4.5
477 0 0 2.7
477 10 27 4.7
477 20 74 1.7
477 30 91 2.3
477 40 114 3.2
477 50 146 4.2
477 60 188 2.7
477 70 215 1.1
477 80 226 1.3
477 90 239 4.5
478 0 0 2.7
478 10 27 4.7
478 20 74 1.7
478 30 91 2.3
478 40 114 3.2
478 50 146 4.2
478 60 188 2.7
478 70 215 1.1
478 80 226 1.3
478 90 239 4.5
479 0 0 2.7
479 10 27 4.7
479 20 74 1.7
479 30 91 2.3
479 40 114 3.2
479 50 146 4.2
479 60 188 2.7
479 70 215 1.1
479 80 226 1.3
479 90 239 4.5
480 0 0 2.7
480 10 27 4.7
480 20 74 1.7
480 30 91 2.3
480 40 114 3.2
480 50 146 4.2
480 60 188 2.7
480 70 215 1.1
480 80 226 1.3
480 90 239 4.5
481 0 0 2.7
481 10 27 4.7
481 20 74 1.7
481 30 91 2.3
481 40 114 3.2
481 50 146 4.2
481 60 188 2.7
481 70 215 1.1
481 80 226 1.3
481 90 239 4.5
482 0 0 2.7
482 10 27 4.7
482 20 74 1.7
482 30 91 2.3
482 40 114 3.2
482 50 146 4.2
482 60 188 2.7
482 70 215 1.1
482 80 226 1.3
482 90 239 4.5
483 0 0 2.7
483 10 27 4.7
483 20 74 1.7
483 30 91 2.3
483 40 114 3.2
483 50 146 4.2
483 60 188 2.7
483 70 215 1.1
483 80 226 1.3
483 90 239 4.5
484 0 0 2.7
484 10 27 4.7
484 20 74 1.7
484 30 91 2.3
484 40 114 3.2
484 50 146 4.2
484 60 188 2.7
484 70 215 1.1
484 80 226 1.3
484 90 239 4.5
485 0 0 2.7
485 10 27 4.7
485 20 74 1.7
485 30 91 2.3
485 40 114 3.2
485 50 146 4.2
485 60 188 2.7
485 70 215 1.1
485 80 226 1.3
485 90 239 4.5
486 0 0 2.7
486 10 27 4.7
486 20 74 1.7
486 30 91 2.3
486 40 114 3.2
486 50 146 4.2
486 60 188 2.7
486 70 215 1.1
486 80 226 1.3
486 90 239 4.5
487 0 0 2.7
487 10 27 4.7
487 20 74 1.7
487 30 91 2.3
487 40 114 3.2
487 50 146 4.2
487 60 188 2.7
487 70 215 1.1
487 80 226 1.3
487 90 239 4.5
488 0 0 2.7
488 10 27 4.7
488 20 74 1.7
488 30 91 2.3
488 40 114 3.2
488 50 146 4.2
488 60 188 2.7
488 70 215 1.1
488 80 226 1.3
488 90 239 4.5
489 0 0 2.7
489 10 27 4.7
489 20 74 1.7
489 30 91 2.3
489 40 114 3.2
489 50 146 4.2
489 60 188 2.7
489 70 215 1.1
489 80 226 1.3
489 90 239 4.5
490 0 0 2.7
490 10 27 4.7
490 20 74 1.7
490 30 91 2.3
490 40 114 3.2
490 50 146 4.2
490 60 188 2.7
490 70 215 1.1
490 80 226 1.3
490 90 239 4.5
491 0 0 2.7
491 10 27 4.7
491 20 74 1.7
491 30 91 2.3
491 40 114 3.2
491 50 146 4.2
491 60 188 2.7
491 70 215 1.1
491 80 226 1.3
491 90 239 4.5
492 0 0 2.7
492 10 27 4.7
492 20 74 1.7
492 30 91 2.3
492 40 114 3.2
492 50 146 4.2
492 60 188 2.7
492 70 215 1.1
492 80 226 1.3
492 90 239 4.5
493 0 0 2.7
493 10 27 4.7
493 20 74 1.7
493 30 91 2.3
493 40 114 3.2
493 50 146 4.2
493 60 188 2.7
493 70 215 1.1
493 80 226 1.3
493 90 239 4.5
494 0 0 2.7
494 10 27 4.7
494 20 74 1.7
494 30 91 2.3
494 40 114 3.2
494 50 146 4.2
494 60 188 2.7
494 70 215 1.1
494 80 226 1.3
494 90 239 4.5
495 0 0 2.7
495 10 27 4.7
495 20 74 1.7
495 30 91 2.3
495 40 114 3.2
495 50 146 4.2
495 60 188 2.7
495 70 215 1.1
495 80 226 1.3
495 90 239 4.5
496 0 0 2.7
496 10 27 4.7
496 20 74 1.7
496 30 91 2.3
496 40 114 3.2
496 50 146 4.2
496 60 188 2.7
496 70 215 1.1
496 80 226 1.3
496 90 239 4.5
497 0 0 2.7
497 10 27 4.7
497 20 74 1.7
497 30 91 2.3
497 40 114 3.2
497 50 146 4.2
497 60 188 2.7
497 70 215 1.1
497 80 226 1.3
497 90 239 4.5
498 0 0 2.7
498 10 27 4.7
498 20 74 1.7
498 30 91 2.3
498 40 114 3.2
498 50 146 4.2
498 60 188 2.7
498 70 215 1.1
498 80 226 1.3
498 90 239 4.5
499 0 0 2.7
499 10 27 4.7
499 20 74 1.7
499 30 91 2.3
499 40 114 3.2
499 50 146 4.2
499 60 188 2.7
499 70 215 1.1
499 80 226 1.3
499 90 239 4.5
