100 4
0 0 0 4.7
0 500 2350 4.1
0 1000 4400 1.6
0 1500 5200 1.9
1 0 0 4.7
1 500 2350 4.1
1 1000 4400 1.6
1 1500 5200 1.9
2 0 0 4.7
2 500 2350 4.1
2 1000 4400 1.6
2 1500 5200 1.9
3 0 0 4.7
3 500 2350 4.1
3 1000 4400 1.6
3 1500 5200 1.9
4 0 0 4.7
4 500 2350 4.1
4 1000 4400 1.6
4 1500 5200 1.9
5 0 0 4.7
5 500 2350 4.1
5 1000 4400 1.6
5 1500 5200 1.9
6 0 0 4.7
6 500 2350 4.1
6 1000 4400 1.6
6 1500 5200 1.9
7 0 0 4.7
7 500 2350 4.1
7 1000 4400 1.6
7 1500 5200 1.9
8 0 0 4.7
8 500 2350 4.1
8 1000 4400 1.6
8 1500 5200 1.9
9 0 0 4.7
9 500 2350 4.1
9 1000 4400 1.6
9 1500 5200 1.9
10 0 0 4.7
10 500 2350 4.1
10 1000 4400 1.6
10 1500 5200 1.9
11 0 0 4.7
11 500 2350 4.1
11 1000 4400 1.6
11 1500 5200 1.9
12 0 0 4.7
12 500 2350 4.1
12 1000 4400 1.6
12 1500 5200 1.9
13 0 0 4.7
13 500 2350 4.1
13 1000 4400 1.6
13 1500 5200 1.9
14 0 0 4.7
14 500 2350 4.1
14 1000 4400 1.6
14 1500 5200 1.9
15 0 0 4.7
15 500 2350 4.1
15 1000 4400 1.6
15 1500 5200 1.9
16 0 0 4.7
16 500 2350 4.1
16 1000 4400 1.6
16 1500 5200 1.9
17 0 0 4.7
17 500 2350 4.1
17 1000 4400 1.6
17 1500 5200 1.9
18 0 0 4.7
18 500 2350 4.1
18 1000 4400 1.6
18 1500 5200 1.9
19 0 0 4.7
19 500 2350 4.1
19 1000 4400 1.6
19 1500 5200 1.9
20 0 0 4.7
20 500 2350 4.1
20 1000 4400 1.6
20 1500 5200 1.9
21 0 0 4.7
21 500 2350 4.1
21 1000 4400 1.6
21 1500 5200 1.9
22 0 0 4.7
22 500 2350 4.1
22 1000 4400 1.6
22 1500 5200 1.9
23 0 0 4.7
23 500 2350 4.1
23 1000 4400 1.6
23 1500 5200 1.9
24 0 0 4.7
24 500 2350 4.1
24 1000 4400 1.6
24 1500 5200 1.9
25 0 0 4.7
25 500 2350 4.1
25 1000 4400 1.6
25 1500 5200 1.9
26 0 0 4.7
26 500 2350 4.1
26 1000 4400 1.6
26 1500 5200 1.9
27 0 0 4.7
27 500 2350 4.1
27 1000 4400 1.6
27 1500 5200 1.9
28 0 0 4.7
28 500 2350 4.1
28 1000 4400 1.6
28 1500 5200 1.9
29 0 0 4.7
29 500 2350 4.1
29 1000 4400 1.6
29 1500 5200 1.9
30 0 0 4.7
30 500 2350 4.1
30 1000 4400 1.6
30 1500 5200 1.9
31 0 0 4.7
31 500 2350 4.1
31 1000 4400 1.6
31 1500 5200 1.9
32 0 0 4.7
32 500 2350 4.1
32 1000 4400 1.6
32 1500 5200 1.9
33 0 0 4.7
33 500 2350 4.1
33 1000 4400 1.6
33 1500 5200 1.9
34 0 0 4.7
34 500 2350 4.1
34 1000 4400 1.6
34 1500 5200 1.9
35 0 0 4.7
35 500 2350 4.1
35 1000 4400 1.6
35 1500 5200 1.9
36 0 0 4.7
36 500 2350 4.1
36 1000 4400 1.6
36 1500 5200 1.9
37 0 0 4.7
37 500 2350 4.1
37 1000 4400 1.6
37 1500 5200 1.9
38 0 0 4.7
38 500 2350 4.1
38 1000 4400 1.6
38 1500 5200 1.9
39 0 0 4.7
39 500 2350 4.1
39 1000 4400 1.6
39 1500 5200 1.9
40 0 0 4.7
40 500 2350 4.1
40 1000 4400 1.6
40 1500 5200 1.9
41 0 0 4.7
41 500 2350 4.1
41 1000 4400 1.6
41 1500 5200 1.9
42 0 0 4.7
42 500 2350 4.1
42 1000 4400 1.6
42 1500 5200 1.9
43 0 0 4.7
43 500 2350 4.1
43 1000 4400 1.6
43 1500 5200 1.9
44 0 0 4.7
44 500 2350 4.1
44 1000 4400 1.6
44 1500 5200 1.9
45 0 0 4.7
45 500 2350 4.1
45 1000 4400 1.6
45 1500 5200 1.9
46 0 0 4.7
46 500 2350 4.1
46 1000 4400 1.6
46 1500 5200 1.9
47 0 0 4.7
47 500 2350 4.1
47 1000 4400 1.6
47 1500 5200 1.9
48 0 0 4.7
48 500 2350 4.1
48 1000 4400 1.6
48 1500 5200 1.9
49 0 0 4.7
49 500 2350 4.1
49 1000 4400 1.6
49 1500 5200 1.9
50 0 0 4.7
50 500 2350 4.1
50 1000 4400 1.6
50 1500 5200 1.9
51 0 0 4.7
51 500 2350 4.1
51 1000 4400 1.6
51 1500 5200 1.9
52 0 0 4.7
52 500 2350 4.1
52 1000 4400 1.6
52 1500 5200 1.9
53 0 0 4.7
53 500 2350 4.1
53 1000 4400 1.6
53 1500 5200 1.9
54 0 0 4.7
54 500 2350 4.1
54 1000 4400 1.6
54 1500 5200 1.9
55 0 0 4.7
55 500 2350 4.1
55 1000 4400 1.6
55 1500 5200 1.9
56 0 0 4.7
56 500 2350 4.1
56 1000 4400 1.6
56 1500 5200 1.9
57 0 0 4.7
57 500 2350 4.1
57 1000 4400 1.6
57 1500 5200 1.9
58 0 0 4.7
58 500 2350 4.1
58 1000 4400 1.6
58 1500 5200 1.9
59 0 0 4.7
59 500 2350 4.1
59 1000 4400 1.6
59 1500 5200 1.9
60 0 0 4.7
60 500 2350 4.1
60 1000 4400 1.6
60 1500 5200 1.9
61 0 0 4.7
61 500 2350 4.1
61 1000 4400 1.6
61 1500 5200 1.9
62 0 0 4.7
62 500 2350 4.1
62 1000 4400 1.6
62 1500 5200 1.9
63 0 0 4.7
63 500 2350 4.1
63 1000 4400 1.6
63 1500 5200 1.9
64 0 0 4.7
64 500 2350 4.1
64 1000 4400 1.6
64 1500 5200 1.9
65 0 0 4.7
65 500 2350 4.1
65 1000 4400 1.6
65 1500 5200 1.9
66 0 0 4.7
66 500 2350 4.1
66 1000 4400 1.6
66 1500 5200 1.9
67 0 0 4.7
67 500 2350 4.1
67 1000 4400 1.6
67 1500 5200 1.9
68 0 0 4.7
68 500 2350 4.1
68 1000 4400 1.6
68 1500 5200 1.9
69 0 0 4.7
69 500 2350 4.1
69 1000 4400 1.6
69 1500 5200 1.9
70 0 0 4.7
70 500 2350 4.1
70 1000 4400 1.6
70 1500 5200 1.9
71 0 0 4.7
71 500 2350 4.1
71 1000 4400 1.6
71 1500 5200 1.9
72 0 0 4.7
72 500 2350 4.1
72 1000 4400 1.6
72 1500 5200 1.9
73 0 0 4.7
73 500 2350 4.1
73 1000 4400 1.6
73 1500 5200 1.9
74 0 0 4.7
74 500 2350 4.1
74 1000 4400 1.6
74 1500 5200 1.9
75 0 0 4.7
75 500 2350 4.1
75 1000 4400 1.6
75 1500 5200 1.9
76 0 0 4.7
76 500 2350 4.1
76 1000 4400 1.6
76 1500 5200 1.9
77 0 0 4.7
77 500 2350 4.1
77 1000 4400 1.6
77 1500 5200 1.9
78 0 0 4.7
78 500 2350 4.1
78 1000 4400 1.6
78 1500 5200 1.9
79 0 0 4.7
79 500 2350 4.1
79 1000 4400 1.6
79 1500 5200 1.9
80 0 0 4.7
80 500 2350 4.1
80 1000 4400 1.6
80 1500 5200 1.9
81 0 0 4.7
81 500 2350 4.1
81 1000 4400 1.6
81 1500 5200 1.9
82 0 0 4.7
82 500 2350 4.1
82 1000 4400 1.6
82 1500 5200 1.9
83 0 0 4.7
83 500 2350 4.1
83 1000 4400 1.6
83 1500 5200 1.9
84 0 0 4.7
84 500 2350 4.1
84 1000 4400 1.6
84 1500 5200 1.9
85 0 0 4.7
85 500 2350 4.1
85 1000 4400 1.6
85 1500 5200 1.9
86 0 0 4.7
86 500 2350 4.1
86 1000 4400 1.6
86 1500 5200 1.9
87 0 0 4.7
87 500 2350 4.1
87 1000 4400 1.6
87 1500 5200 1.9
88 0 0 4.7
88 500 2350 4.1
88 1000 4400 1.6
88 1500 5200 1.9
89 0 0 4.7
89 500 2350 4.1
89 1000 4400 1.6
89 1500 5200 1.9
90 0 0 4.7
90 500 2350 4.1
90 1000 4400 1.6
90 1500 5200 1.9
91 0 0 4.7
91 500 2350 4.1
91 1000 4400 1.6
91 1500 5200 1.9
92 0 0 4.7
92 500 2350 4.1
92 1000 4400 1.6
92 1500 5200 1.9
93 0 0 4.7
93 500 2350 4.1
93 1000 4400 1.6
93 1500 5200 1.9
94 0 0 4.7
94 500 2350 4.1
94 1000 4400 1.6
94 1500 5200 1.9
95 0 0 4.7
95 500 2350 4.1
95 1000 4400 1.6
95 1500 5200 1.9
96 0 0 4.7
96 500 2350 4.1
96 1000 4400 1.6
96 1500 5200 1.9
97 0 0 4.7
97 500 2350 4.1
97 1000 4400 1.6
97 1500 5200 1.9
98 0 0 4.7
98 500 2350 4.1
98 1000 4400 1.6
98 1500 5200 1.9
99 0 0 4.7
99 500 2350 4.1
99 1000 4400 1.6
99 1500 5200 1.9
