100 4
0 0 0 4.3
0 25 107.5 1.3
0 50 140 1.1
0 75 167.5 0.5
1 0 0 4.3
1 25 107.5 1.3
1 50 140 1.1
1 75 167.5 0.5
2 0 0 4.3
2 25 107.5 1.3
2 50 140 1.1
2 75 167.5 0.5
3 0 0 4.3
3 25 107.5 1.3
3 50 140 1.1
3 75 167.5 0.5
4 0 0 4.3
4 25 107.5 1.3
4 50 140 1.1
4 75 167.5 0.5
5 0 0 4.3
5 25 107.5 1.3
5 50 140 1.1
5 75 167.5 0.5
6 0 0 4.3
6 25 107.5 1.3
6 50 140 1.1
6 75 167.5 0.5
7 0 0 4.3
7 25 107.5 1.3
7 50 140 1.1
7 75 167.5 0.5
8 0 0 4.3
8 25 107.5 1.3
8 50 140 1.1
8 75 167.5 0.5
9 0 0 4.3
9 25 107.5 1.3
9 50 140 1.1
9 75 167.5 0.5
10 0 0 4.3
10 25 107.5 1.3
10 50 140 1.1
10 75 167.5 0.5
11 0 0 4.3
11 25 107.5 1.3
11 50 140 1.1
11 75 167.5 0.5
12 0 0 4.3
12 25 107.5 1.3
12 50 140 1.1
12 75 167.5 0.5
13 0 0 4.3
13 25 107.5 1.3
13 50 140 1.1
13 75 167.5 0.5
14 0 0 4.3
14 25 107.5 1.3
14 50 140 1.1
14 75 167.5 0.5
15 0 0 4.3
15 25 107.5 1.3
15 50 140 1.1
15 75 167.5 0.5
16 0 0 4.3
16 25 107.5 1.3
16 50 140 1.1
16 75 167.5 0.5
17 0 0 4.3
17 25 107.5 1.3
17 50 140 1.1
17 75 167.5 0.5
18 0 0 4.3
18 25 107.5 1.3
18 50 140 1.1
18 75 167.5 0.5
19 0 0 4.3
19 25 107.5 1.3
19 50 140 1.1
19 75 167.5 0.5
20 0 0 4.3
20 25 107.5 1.3
20 50 140 1.1
20 75 167.5 0.5
21 0 0 4.3
21 25 107.5 1.3
21 50 140 1.1
21 75 167.5 0.5
22 0 0 4.3
22 25 107.5 1.3
22 50 140 1.1
22 75 167.5 0.5
23 0 0 4.3
23 25 107.5 1.3
23 50 140 1.1
23 75 167.5 0.5
24 0 0 4.3
24 25 107.5 1.3
24 50 140 1.1
24 75 167.5 0.5
25 0 0 4.3
25 25 107.5 1.3
25 50 140 1.1
25 75 167.5 0.5
26 0 0 4.3
26 25 107.5 1.3
26 50 140 1.1
26 75 167.5 0.5
27 0 0 4.3
27 25 107.5 1.3
27 50 140 1.1
27 75 167.5 0.5
28 0 0 4.3
28 25 107.5 1.3
28 50 140 1.1
28 75 167.5 0.5
29 0 0 4.3
29 25 107.5 1.3
29 50 140 1.1
29 75 167.5 0.5
30 0 0 4.3
30 25 107.5 1.3
30 50 140 1.1
30 75 167.5 0.5
31 0 0 4.3
31 25 107.5 1.3
31 50 140 1.1
31 75 167.5 0.5
32 0 0 4.3
32 25 107.5 1.3
32 50 140 1.1
32 75 167.5 0.5
33 0 0 4.3
33 25 107.5 1.3
33 50 140 1.1
33 75 167.5 0.5
34 0 0 4.3
34 25 107.5 1.3
34 50 140 1.1
34 75 167.5 0.5
35 0 0 4.3
35 25 107.5 1.3
35 50 140 1.1
35 75 167.5 0.5
36 0 0 4.3
36 25 107.5 1.3
36 50 140 1.1
36 75 167.5 0.5
37 0 0 4.3
37 25 107.5 1.3
37 50 140 1.1
37 75 167.5 0.5
38 0 0 4.3
38 25 107.5 1.3
38 50 140 1.1
38 75 167.5 0.5
39 0 0 4.3
39 25 107.5 1.3
39 50 140 1.1
39 75 167.5 0.5
40 0 0 4.3
40 25 107.5 1.3
40 50 140 1.1
40 75 167.5 0.5
41 0 0 4.3
41 25 107.5 1.3
41 50 140 1.1
41 75 167.5 0.5
42 0 0 4.3
42 25 107.5 1.3
42 50 140 1.1
42 75 167.5 0.5
43 0 0 4.3
43 25 107.5 1.3
43 50 140 1.1
43 75 167.5 0.5
44 0 0 4.3
44 25 107.5 1.3
44 50 140 1.1
44 75 167.5 0.5
45 0 0 4.3
45 25 107.5 1.3
45 50 140 1.1
45 75 167.5 0.5
46 0 0 4.3
46 25 107.5 1.3
46 50 140 1.1
46 75 167.5 0.5
47 0 0 4.3
47 25 107.5 1.3
47 50 140 1.1
47 75 167.5 0.5
48 0 0 4.3
48 25 107.5 1.3
48 50 140 1.1
48 75 167.5 0.5
49 0 0 4.3
49 25 107.5 1.3
49 50 140 1.1
49 75 167.5 0.5
50 0 0 4.3
50 25 107.5 1.3
50 50 140 1.1
50 75 167.5 0.5
51 0 0 4.3
51 25 107.5 1.3
51 50 140 1.1
51 75 167.5 0.5
52 0 0 4.3
52 25 107.5 1.3
52 50 140 1.1
52 75 167.5 0.5
53 0 0 4.3
53 25 107.5 1.3
53 50 140 1.1
53 75 167.5 0.5
54 0 0 4.3
54 25 107.5 1.3
54 50 140 1.1
54 75 167.5 0.5
55 0 0 4.3
55 25 107.5 1.3
55 50 140 1.1
55 75 167.5 0.5
56 0 0 4.3
56 25 107.5 1.3
56 50 140 1.1
56 75 167.5 0.5
57 0 0 4.3
57 25 107.5 1.3
57 50 140 1.1
57 75 167.5 0.5
58 0 0 4.3
58 25 107.5 1.3
58 50 140 1.1
58 75 167.5 0.5
59 0 0 4.3
59 25 107.5 1.3
59 50 140 1.1
59 75 167.5 0.5
60 0 0 4.3
60 25 107.5 1.3
60 50 140 1.1
60 75 167.5 0.5
61 0 0 4.3
61 25 107.5 1.3
61 50 140 1.1
61 75 167.5 0.5
62 0 0 4.3
62 25 107.5 1.3
62 50 140 1.1
62 75 167.5 0.5
63 0 0 4.3
63 25 107.5 1.3
63 50 140 1.1
63 75 167.5 0.5
64 0 0 4.3
64 25 107.5 1.3
64 50 140 1.1
64 75 167.5 0.5
65 0 0 4.3
65 25 107.5 1.3
65 50 140 1.1
65 75 167.5 0.5
66 0 0 4.3
66 25 107.5 1.3
66 50 140 1.1
66 75 167.5 0.5
67 0 0 4.3
67 25 107.5 1.3
67 50 140 1.1
67 75 167.5 0.5
68 0 0 4.3
68 25 107.5 1.3
68 50 140 1.1
68 75 167.5 0.5
69 0 0 4.3
69 25 107.5 1.3
69 50 140 1.1
69 75 167.5 0.5
70 0 0 4.3
70 25 107.5 1.3
70 50 140 1.1
70 75 167.5 0.5
71 0 0 4.3
71 25 107.5 1.3
71 50 140 1.1
71 75 167.5 0.5
72 0 0 4.3
72 25 107.5 1.3
72 50 140 1.1
72 75 167.5 0.5
73 0 0 4.3
73 25 107.5 1.3
73 50 140 1.1
73 75 167.5 0.5
74 0 0 4.3
74 25 107.5 1.3
74 50 140 1.1
74 75 167.5 0.5
75 0 0 4.3
75 25 107.5 1.3
75 50 140 1.1
75 75 167.5 0.5
76 0 0 4.3
76 25 107.5 1.3
76 50 140 1.1
76 75 167.5 0.5
77 0 0 4.3
77 25 107.5 1.3
77 50 140 1.1
77 75 167.5 0.5
78 0 0 4.3
78 25 107.5 1.3
78 50 140 1.1
78 75 167.5 0.5
79 0 0 4.3
79 25 107.5 1.3
79 50 140 1.1
79 75 167.5 0.5
80 0 0 4.3
80 25 107.5 1.3
80 50 140 1.1
80 75 167.5 0.5
81 0 0 4.3
81 25 107.5 1.3
81 50 140 1.1
81 75 167.5 0.5
82 0 0 4.3
82 25 107.5 1.3
82 50 140 1.1
82 75 167.5 0.5
83 0 0 4.3
83 25 107.5 1.3
83 50 140 1.1
83 75 167.5 0.5
84 0 0 4.3
84 25 107.5 1.3
84 50 140 1.1
84 75 167.5 0.5
85 0 0 4.3
85 25 107.5 1.3
85 50 140 1.1
85 75 167.5 0.5
86 0 0 4.3
86 25 107.5 1.3
86 50 140 1.1
86 75 167.5 0.5
87 0 0 4.3
87 25 107.5 1.3
87 50 140 1.1
87 75 167.5 0.5
88 0 0 4.3
88 25 107.5 1.3
88 50 140 1.1
88 75 167.5 0.5
89 0 0 4.3
89 25 107.5 1.3
89 50 140 1.1
89 75 167.5 0.5
90 0 0 4.3
90 25 107.5 1.3
90 50 140 1.1
90 75 167.5 0.5
91 0 0 4.3
91 25 107.5 1.3
91 50 140 1.1
91 75 167.5 0.5
92 0 0 4.3
92 25 107.5 1.3
92 50 140 1.1
92 75 167.5 0.5
93 0 0 4.3
93 25 107.5 1.3
93 50 140 1.1
93 75 167.5 0.5
94 0 0 4.3
94 25 107.5 1.3
94 50 140 1.1
94 75 167.5 0.5
95 0 0 4.3
95 25 107.5 1.3
95 50 140 1.1
95 75 167.5 0.5
96 0 0 4.3
96 25 107.5 1.3
96 50 140 1.1
96 75 167.5 0.5
97 0 0 4.3
97 25 107.5 1.3
97 50 140 1.1
97 75 167.5 0.5
98 0 0 4.3
98 25 107.5 1.3
98 50 140 1.1
98 75 167.5 0.5
99 0 0 4.3
99 25 107.5 1.3
99 50 140 1.1
99 75 167.5 0.5
