20 4
0 0 0 3
0 25 75 4.6
0 50 190 4.6
0 75 305 3.1
1 0 0 3
1 25 75 4.6
1 50 190 4.6
1 75 305 3.1
2 0 0 3
2 25 75 4.6
2 50 190 4.6
2 75 305 3.1
3 0 0 3
3 25 75 4.6
3 50 190 4.6
3 75 305 3.1
4 0 0 3
4 25 75 4.6
4 50 190 4.6
4 75 305 3.1
5 0 0 3
5 25 75 4.6
5 50 190 4.6
5 75 305 3.1
6 0 0 3
6 25 75 4.6
6 50 190 4.6
6 75 305 3.1
7 0 0 3
7 25 75 4.6
7 50 190 4.6
7 75 305 3.1
8 0 0 3
8 25 75 4.6
8 50 190 4.6
8 75 305 3.1
9 0 0 3
9 25 75 4.6
9 50 190 4.6
9 75 305 3.1
10 0 0 3
10 25 75 4.6
10 50 190 4.6
10 75 305 3.1
11 0 0 3
11 25 75 4.6
11 50 190 4.6
11 75 305 3.1
12 0 0 3
12 25 75 4.6
12 50 190 4.6
12 75 305 3.1
13 0 0 3
13 25 75 4.6
13 50 190 4.6
13 75 305 3.1
14 0 0 3
14 25 75 4.6
14 50 190 4.6
14 75 305 3.1
15 0 0 3
15 25 75 4.6
15 50 190 4.6
15 75 305 3.1
16 0 0 3
16 25 75 4.6
16 50 190 4.6
16 75 305 3.1
17 0 0 3
17 25 75 4.6
17 50 190 4.6
17 75 305 3.1
18 0 0 3
18 25 75 4.6
18 50 190 4.6
18 75 305 3.1
19 0 0 3
19 25 75 4.6
19 50 190 4.6
19 75 305 3.1
