20 10
0 0 0 1
0 200 200 1.2
0 400 440 4.8
0 600 1400 3.1
0 800 2020 1.6
0 1000 2340 4.7
0 1200 3280 1.7
0 1400 3620 2
0 1600 4020 3.8
0 1800 4780 2.7
1 0 0 1
1 200 200 1.2
1 400 440 4.8
1 600 1400 3.1
1 800 2020 1.6
1 1000 2340 4.7
1 1200 3280 1.7
1 1400 3620 2
1 1600 4020 3.8
1 1800 4780 2.7
2 0 0 1
2 200 200 1.2
2 400 440 4.8
2 600 1400 3.1
2 800 2020 1.6
2 1000 2340 4.7
2 1200 3280 1.7
2 1400 3620 2
2 1600 4020 3.8
2 1800 4780 2.7
3 0 0 1
3 200 200 1.2
3 400 440 4.8
3 600 1400 3.1
3 800 2020 1.6
3 1000 2340 4.7
3 1200 3280 1.7
3 1400 3620 2
3 1600 4020 3.8
3 1800 4780 2.7
4 0 0 1
4 200 200 1.2
4 400 440 4.8
4 600 1400 3.1
4 800 2020 1.6
4 1000 2340 4.7
4 1200 3280 1.7
4 1400 3620 2
4 1600 4020 3.8
4 1800 4780 2.7
5 0 0 1
5 200 200 1.2
5 400 440 4.8
5 600 1400 3.1
5 800 2020 1.6
5 1000 2340 4.7
5 1200 3280 1.7
5 1400 3620 2
5 1600 4020 3.8
5 1800 4780 2.7
6 0 0 1
6 200 200 1.2
6 400 440 4.8
6 600 1400 3.1
6 800 2020 1.6
6 1000 2340 4.7
6 1200 3280 1.7
6 1400 3620 2
6 1600 4020 3.8
6 1800 4780 2.7
7 0 0 1
7 200 200 1.2
7 400 440 4.8
7 600 1400 3.1
7 800 2020 1.6
7 1000 2340 4.7
7 1200 3280 1.7
7 1400 3620 2
7 1600 4020 3.8
7 1800 4780 2.7
8 0 0 1
8 200 200 1.2
8 400 440 4.8
8 600 1400 3.1
8 800 2020 1.6
8 1000 2340 4.7
8 1200 3280 1.7
8 1400 3620 2
8 1600 4020 3.8
8 1800 4780 2.7
9 0 0 1
9 200 200 1.2
9 400 440 4.8
9 600 1400 3.1
9 800 2020 1.6
9 1000 2340 4.7
9 1200 3280 1.7
9 1400 3620 2
9 1600 4020 3.8
9 1800 4780 2.7
10 0 0 1
10 200 200 1.2
10 400 440 4.8
10 600 1400 3.1
10 800 2020 1.6
10 1000 2340 4.7
10 1200 3280 1.7
10 1400 3620 2
10 1600 4020 3.8
10 1800 4780 2.7
11 0 0 1
11 200 200 1.2
11 400 440 4.8
11 600 1400 3.1
11 800 2020 1.6
11 1000 2340 4.7
11 1200 3280 1.7
11 1400 3620 2
11 1600 4020 3.8
11 1800 4780 2.7
12 0 0 1
12 200 200 1.2
12 400 440 4.8
12 600 1400 3.1
12 800 2020 1.6
12 1000 2340 4.7
12 1200 3280 1.7
12 1400 3620 2
12 1600 4020 3.8
12 1800 4780 2.7
13 0 0 1
13 200 200 1.2
13 400 440 4.8
13 600 1400 3.1
13 800 2020 1.6
13 1000 2340 4.7
13 1200 3280 1.7
13 1400 3620 2
13 1600 4020 3.8
13 1800 4780 2.7
14 0 0 1
14 200 200 1.2
14 400 440 4.8
14 600 1400 3.1
14 800 2020 1.6
14 1000 2340 4.7
14 1200 3280 1.7
14 1400 3620 2
14 1600 4020 3.8
14 1800 4780 2.7
15 0 0 1
15 200 200 1.2
15 400 440 4.8
15 600 1400 3.1
15 800 2020 1.6
15 1000 2340 4.7
15 1200 3280 1.7
15 1400 3620 2
15 1600 4020 3.8
15 1800 4780 2.7
16 0 0 1
16 200 200 1.2
16 400 440 4.8
16 600 1400 3.1
16 800 2020 1.6
16 1000 2340 4.7
16 1200 3280 1.7
16 1400 3620 2
16 1600 4020 3.8
16 1800 4780 2.7
17 0 0 1
17 200 200 1.2
17 400 440 4.8
17 600 1400 3.1
17 800 2020 1.6
17 1000 2340 4.7
17 1200 3280 1.7
17 1400 3620 2
17 1600 4020 3.8
17 1800 4780 2.7
18 0 0 1
18 200 200 1.2
18 400 440 4.8
18 600 1400 3.1
18 800 2020 1.6
18 1000 2340 4.7
18 1200 3280 1.7
18 1400 3620 2
18 1600 4020 3.8
18 1800 4780 2.7
19 0 0 1
19 200 200 1.2
19 400 440 4.8
19 600 1400 3.1
19 800 2020 1.6
19 1000 2340 4.7
19 1200 3280 1.7
19 1400 3620 2
19 1600 4020 3.8
19 1800 4780 2.7
