20 4
0 0 0 4.5
0 25 112.5 2.4
0 50 172.5 0.5
0 75 185 3.4
1 0 0 4.5
1 25 112.5 2.4
1 50 172.5 0.5
1 75 185 3.4
2 0 0 4.5
2 25 112.5 2.4
2 50 172.5 0.5
2 75 185 3.4
3 0 0 4.5
3 25 112.5 2.4
3 50 172.5 0.5
3 75 185 3.4
4 0 0 4.5
4 25 112.5 2.4
4 50 172.5 0.5
4 75 185 3.4
5 0 0 4.5
5 25 112.5 2.4
5 50 172.5 0.5
5 75 185 3.4
6 0 0 4.5
6 25 112.5 2.4
6 50 172.5 0.5
6 75 185 3.4
7 0 0 4.5
7 25 112.5 2.4
7 50 172.5 0.5
7 75 185 3.4
8 0 0 4.5
8 25 112.5 2.4
8 50 172.5 0.5
8 75 185 3.4
9 0 0 4.5
9 25 112.5 2.4
9 50 172.5 0.5
9 75 185 3.4
10 0 0 4.5
10 25 112.5 2.4
10 50 172.5 0.5
10 75 185 3.4
11 0 0 4.5
11 25 112.5 2.4
11 50 172.5 0.5
11 75 185 3.4
12 0 0 4.5
12 25 112.5 2.4
12 50 172.5 0.5
12 75 185 3.4
13 0 0 4.5
13 25 112.5 2.4
13 50 172.5 0.5
13 75 185 3.4
14 0 0 4.5
14 25 112.5 2.4
14 50 172.5 0.5
14 75 185 3.4
15 0 0 4.5
15 25 112.5 2.4
15 50 172.5 0.5
15 75 185 3.4
16 0 0 4.5
16 25 112.5 2.4
16 50 172.5 0.5
16 75 185 3.4
17 0 0 4.5
17 25 112.5 2.4
17 50 172.5 0.5
17 75 185 3.4
18 0 0 4.5
18 25 112.5 2.4
18 50 172.5 0.5
18 75 185 3.4
19 0 0 4.5
19 25 112.5 2.4
19 50 172.5 0.5
19 75 185 3.4
