500 4
0 0 0 2.6
0 25 65 2
0 50 115 2.3
0 75 172.5 2.2
1 0 0 2.6
1 25 65 2
1 50 115 2.3
1 75 172.5 2.2
2 0 0 2.6
2 25 65 2
2 50 115 2.3
2 75 172.5 2.2
3 0 0 2.6
3 25 65 2
3 50 115 2.3
3 75 172.5 2.2
4 0 0 2.6
4 25 65 2
4 50 115 2.3
4 75 172.5 2.2
5 0 0 2.6
5 25 65 2
5 50 115 2.3
5 75 172.5 2.2
6 0 0 2.6
6 25 65 2
6 50 115 2.3
6 75 172.5 2.2
7 0 0 2.6
7 25 65 2
7 50 115 2.3
7 75 172.5 2.2
8 0 0 2.6
8 25 65 2
8 50 115 2.3
8 75 172.5 2.2
9 0 0 2.6
9 25 65 2
9 50 115 2.3
9 75 172.5 2.2
10 0 0 2.6
10 25 65 2
10 50 115 2.3
10 75 172.5 2.2
11 0 0 2.6
11 25 65 2
11 50 115 2.3
11 75 172.5 2.2
12 0 0 2.6
12 25 65 2
12 50 115 2.3
12 75 172.5 2.2
13 0 0 2.6
13 25 65 2
13 50 115 2.3
13 75 172.5 2.2
14 0 0 2.6
14 25 65 2
14 50 115 2.3
14 75 172.5 2.2
15 0 0 2.6
15 25 65 2
15 50 115 2.3
15 75 172.5 2.2
16 0 0 2.6
16 25 65 2
16 50 115 2.3
16 75 172.5 2.2
17 0 0 2.6
17 25 65 2
17 50 115 2.3
17 75 172.5 2.2
18 0 0 2.6
18 25 65 2
18 50 115 2.3
18 75 172.5 2.2
19 0 0 2.6
19 25 65 2
19 50 115 2.3
19 75 172.5 2.2
20 0 0 2.6
20 25 65 2
20 50 115 2.3
20 75 172.5 2.2
21 0 0 2.6
21 25 65 2
21 50 115 2.3
21 75 172.5 2.2
22 0 0 2.6
22 25 65 2
22 50 115 2.3
22 75 172.5 2.2
23 0 0 2.6
23 25 65 2
23 50 115 2.3
23 75 172.5 2.2
24 0 0 2.6
24 25 65 2
24 50 115 2.3
24 75 172.5 2.2
25 0 0 2.6
25 25 65 2
25 50 115 2.3
25 75 172.5 2.2
26 0 0 2.6
26 25 65 2
26 50 115 2.3
26 75 172.5 2.2
27 0 0 2.6
27 25 65 2
27 50 115 2.3
27 75 172.5 2.2
28 0 0 2.6
28 25 65 2
28 50 115 2.3
28 75 172.5 2.2
29 0 0 2.6
29 25 65 2
29 50 115 2.3
29 75 172.5 2.2
30 0 0 2.6
30 25 65 2
30 50 115 2.3
30 75 172.5 2.2
31 0 0 2.6
31 25 65 2
31 50 115 2.3
31 75 172.5 2.2
32 0 0 2.6
32 25 65 2
32 50 115 2.3
32 75 172.5 2.2
33 0 0 2.6
33 25 65 2
33 50 115 2.3
33 75 172.5 2.2
34 0 0 2.6
34 25 65 2
34 50 115 2.3
34 75 172.5 2.2
35 0 0 2.6
35 25 65 2
35 50 115 2.3
35 75 172.5 2.2
36 0 0 2.6
36 25 65 2
36 50 115 2.3
36 75 172.5 2.2
37 0 0 2.6
37 25 65 2
37 50 115 2.3
37 75 172.5 2.2
38 0 0 2.6
38 25 65 2
38 50 115 2.3
38 75 172.5 2.2
39 0 0 2.6
39 25 65 2
39 50 115 2.3
39 75 172.5 2.2
40 0 0 2.6
40 25 65 2
40 50 115 2.3
40 75 172.5 2.2
41 0 0 2.6
41 25 65 2
41 50 115 2.3
41 75 172.5 2.2
42 0 0 2.6
42 25 65 2
42 50 115 2.3
42 75 172.5 2.2
43 0 0 2.6
43 25 65 2
43 50 115 2.3
43 75 172.5 2.2
44 0 0 2.6
44 25 65 2
44 50 115 2.3
44 75 172.5 2.2
45 0 0 2.6
45 25 65 2
45 50 115 2.3
45 75 172.5 2.2
46 0 0 2.6
46 25 65 2
46 50 115 2.3
46 75 172.5 2.2
47 0 0 2.6
47 25 65 2
47 50 115 2.3
47 75 172.5 2.2
48 0 0 2.6
48 25 65 2
48 50 115 2.3
48 75 172.5 2.2
49 0 0 2.6
49 25 65 2
49 50 115 2.3
49 75 172.5 2.2
50 0 0 2.6
50 25 65 2
50 50 115 2.3
50 75 172.5 2.2
51 0 0 2.6
51 25 65 2
51 50 115 2.3
51 75 172.5 2.2
52 0 0 2.6
52 25 65 2
52 50 115 2.3
52 75 172.5 2.2
53 0 0 2.6
53 25 65 2
53 50 115 2.3
53 75 172.5 2.2
54 0 0 2.6
54 25 65 2
54 50 115 2.3
54 75 172.5 2.2
55 0 0 2.6
55 25 65 2
55 50 115 2.3
55 75 172.5 2.2
56 0 0 2.6
56 25 65 2
56 50 115 2.3
56 75 172.5 2.2
57 0 0 2.6
57 25 65 2
57 50 115 2.3
57 75 172.5 2.2
58 0 0 2.6
58 25 65 2
58 50 115 2.3
58 75 172.5 2.2
59 0 0 2.6
59 25 65 2
59 50 115 2.3
59 75 172.5 2.2
60 0 0 2.6
60 25 65 2
60 50 115 2.3
60 75 172.5 2.2
61 0 0 2.6
61 25 65 2
61 50 115 2.3
61 75 172.5 2.2
62 0 0 2.6
62 25 65 2
62 50 115 2.3
62 75 172.5 2.2
63 0 0 2.6
63 25 65 2
63 50 115 2.3
63 75 172.5 2.2
64 0 0 2.6
64 25 65 2
64 50 115 2.3
64 75 172.5 2.2
65 0 0 2.6
65 25 65 2
65 50 115 2.3
65 75 172.5 2.2
66 0 0 2.6
66 25 65 2
66 50 115 2.3
66 75 172.5 2.2
67 0 0 2.6
67 25 65 2
67 50 115 2.3
67 75 172.5 2.2
68 0 0 2.6
68 25 65 2
68 50 115 2.3
68 75 172.5 2.2
69 0 0 2.6
69 25 65 2
69 50 115 2.3
69 75 172.5 2.2
70 0 0 2.6
70 25 65 2
70 50 115 2.3
70 75 172.5 2.2
71 0 0 2.6
71 25 65 2
71 50 115 2.3
71 75 172.5 2.2
72 0 0 2.6
72 25 65 2
72 50 115 2.3
72 75 172.5 2.2
73 0 0 2.6
73 25 65 2
73 50 115 2.3
73 75 172.5 2.2
74 0 0 2.6
74 25 65 2
74 50 115 2.3
74 75 172.5 2.2
75 0 0 2.6
75 25 65 2
75 50 115 2.3
75 75 172.5 2.2
76 0 0 2.6
76 25 65 2
76 50 115 2.3
76 75 172.5 2.2
77 0 0 2.6
77 25 65 2
77 50 115 2.3
77 75 172.5 2.2
78 0 0 2.6
78 25 65 2
78 50 115 2.3
78 75 172.5 2.2
79 0 0 2.6
79 25 65 2
79 50 115 2.3
79 75 172.5 2.2
80 0 0 2.6
80 25 65 2
80 50 115 2.3
80 75 172.5 2.2
81 0 0 2.6
81 25 65 2
81 50 115 2.3
81 75 172.5 2.2
82 0 0 2.6
82 25 65 2
82 50 115 2.3
82 75 172.5 2.2
83 0 0 2.6
83 25 65 2
83 50 115 2.3
83 75 172.5 2.2
84 0 0 2.6
84 25 65 2
84 50 115 2.3
84 75 172.5 2.2
85 0 0 2.6
85 25 65 2
85 50 115 2.3
85 75 172.5 2.2
86 0 0 2.6
86 25 65 2
86 50 115 2.3
86 75 172.5 2.2
87 0 0 2.6
87 25 65 2
87 50 115 2.3
87 75 172.5 2.2
88 0 0 2.6
88 25 65 2
88 50 115 2.3
88 75 172.5 2.2
89 0 0 2.6
89 25 65 2
89 50 115 2.3
89 75 172.5 2.2
90 0 0 2.6
90 25 65 2
90 50 115 2.3
90 75 172.5 2.2
91 0 0 2.6
91 25 65 2
91 50 115 2.3
91 75 172.5 2.2
92 0 0 2.6
92 25 65 2
92 50 115 2.3
92 75 172.5 2.2
93 0 0 2.6
93 25 65 2
93 50 115 2.3
93 75 172.5 2.2
94 0 0 2.6
94 25 65 2
94 50 115 2.3
94 75 172.5 2.2
95 0 0 2.6
95 25 65 2
95 50 115 2.3
95 75 172.5 2.2
96 0 0 2.6
96 25 65 2
96 50 115 2.3
96 75 172.5 2.2
97 0 0 2.6
97 25 65 2
97 50 115 2.3
97 75 172.5 2.2
98 0 0 2.6
98 25 65 2
98 50 115 2.3
98 75 172.5 2.2
99 0 0 2.6
99 25 65 2
99 50 115 2.3
99 75 172.5 2.2
100 0 0 2.6
100 25 65 2
100 50 115 2.3
100 75 172.5 2.2
101 0 0 2.6
101 25 65 2
101 50 115 2.3
101 75 172.5 2.2
102 0 0 2.6
102 25 65 2
102 50 115 2.3
102 75 172.5 2.2
103 0 0 2.6
103 25 65 2
103 50 115 2.3
103 75 172.5 2.2
104 0 0 2.6
104 25 65 2
104 50 115 2.3
104 75 172.5 2.2
105 0 0 2.6
105 25 65 2
105 50 115 2.3
105 75 172.5 2.2
106 0 0 2.6
106 25 65 2
106 50 115 2.3
106 75 172.5 2.2
107 0 0 2.6
107 25 65 2
107 50 115 2.3
107 75 172.5 2.2
108 0 0 2.6
108 25 65 2
108 50 115 2.3
108 75 172.5 2.2
109 0 0 2.6
109 25 65 2
109 50 115 2.3
109 75 172.5 2.2
110 0 0 2.6
110 25 65 2
110 50 115 2.3
110 75 172.5 2.2
111 0 0 2.6
111 25 65 2
111 50 115 2.3
111 75 172.5 2.2
112 0 0 2.6
112 25 65 2
112 50 115 2.3
112 75 172.5 2.2
113 0 0 2.6
113 25 65 2
113 50 115 2.3
113 75 172.5 2.2
114 0 0 2.6
114 25 65 2
114 50 115 2.3
114 75 172.5 2.2
115 0 0 2.6
115 25 65 2
115 50 115 2.3
115 75 172.5 2.2
116 0 0 2.6
116 25 65 2
116 50 115 2.3
116 75 172.5 2.2
117 0 0 2.6
117 25 65 2
117 50 115 2.3
117 75 172.5 2.2
118 0 0 2.6
118 25 65 2
118 50 115 2.3
118 75 172.5 2.2
119 0 0 2.6
119 25 65 2
119 50 115 2.3
119 75 172.5 2.2
120 0 0 2.6
120 25 65 2
120 50 115 2.3
120 75 172.5 2.2
121 0 0 2.6
121 25 65 2
121 50 115 2.3
121 75 172.5 2.2
122 0 0 2.6
122 25 65 2
122 50 115 2.3
122 75 172.5 2.2
123 0 0 2.6
123 25 65 2
123 50 115 2.3
123 75 172.5 2.2
124 0 0 2.6
124 25 65 2
124 50 115 2.3
124 75 172.5 2.2
125 0 0 2.6
125 25 65 2
125 50 115 2.3
125 75 172.5 2.2
126 0 0 2.6
126 25 65 2
126 50 115 2.3
126 75 172.5 2.2
127 0 0 2.6
127 25 65 2
127 50 115 2.3
127 75 172.5 2.2
128 0 0 2.6
128 25 65 2
128 50 115 2.3
128 75 172.5 2.2
129 0 0 2.6
129 25 65 2
129 50 115 2.3
129 75 172.5 2.2
130 0 0 2.6
130 25 65 2
130 50 115 2.3
130 75 172.5 2.2
131 0 0 2.6
131 25 65 2
131 50 115 2.3
131 75 172.5 2.2
132 0 0 2.6
132 25 65 2
132 50 115 2.3
132 75 172.5 2.2
133 0 0 2.6
133 25 65 2
133 50 115 2.3
133 75 172.5 2.2
134 0 0 2.6
134 25 65 2
134 50 115 2.3
134 75 172.5 2.2
135 0 0 2.6
135 25 65 2
135 50 115 2.3
135 75 172.5 2.2
136 0 0 2.6
136 25 65 2
136 50 115 2.3
136 75 172.5 2.2
137 0 0 2.6
137 25 65 2
137 50 115 2.3
137 75 172.5 2.2
138 0 0 2.6
138 25 65 2
138 50 115 2.3
138 75 172.5 2.2
139 0 0 2.6
139 25 65 2
139 50 115 2.3
139 75 172.5 2.2
140 0 0 2.6
140 25 65 2
140 50 115 2.3
140 75 172.5 2.2
141 0 0 2.6
141 25 65 2
141 50 115 2.3
141 75 172.5 2.2
142 0 0 2.6
142 25 65 2
142 50 115 2.3
142 75 172.5 2.2
143 0 0 2.6
143 25 65 2
143 50 115 2.3
143 75 172.5 2.2
144 0 0 2.6
144 25 65 2
144 50 115 2.3
144 75 172.5 2.2
145 0 0 2.6
145 25 65 2
145 50 115 2.3
145 75 172.5 2.2
146 0 0 2.6
146 25 65 2
146 50 115 2.3
146 75 172.5 2.2
147 0 0 2.6
147 25 65 2
147 50 115 2.3
147 75 172.5 2.2
148 0 0 2.6
148 25 65 2
148 50 115 2.3
148 75 172.5 2.2
149 0 0 2.6
149 25 65 2
149 50 115 2.3
149 75 172.5 2.2
150 0 0 2.6
150 25 65 2
150 50 115 2.3
150 75 172.5 2.2
151 0 0 2.6
151 25 65 2
151 50 115 2.3
151 75 172.5 2.2
152 0 0 2.6
152 25 65 2
152 50 115 2.3
152 75 172.5 2.2
153 0 0 2.6
153 25 65 2
153 50 115 2.3
153 75 172.5 2.2
154 0 0 2.6
154 25 65 2
154 50 115 2.3
154 75 172.5 2.2
155 0 0 2.6
155 25 65 2
155 50 115 2.3
155 75 172.5 2.2
156 0 0 2.6
156 25 65 2
156 50 115 2.3
156 75 172.5 2.2
157 0 0 2.6
157 25 65 2
157 50 115 2.3
157 75 172.5 2.2
158 0 0 2.6
158 25 65 2
158 50 115 2.3
158 75 172.5 2.2
159 0 0 2.6
159 25 65 2
159 50 115 2.3
159 75 172.5 2.2
160 0 0 2.6
160 25 65 2
160 50 115 2.3
160 75 172.5 2.2
161 0 0 2.6
161 25 65 2
161 50 115 2.3
161 75 172.5 2.2
162 0 0 2.6
162 25 65 2
162 50 115 2.3
162 75 172.5 2.2
163 0 0 2.6
163 25 65 2
163 50 115 2.3
163 75 172.5 2.2
164 0 0 2.6
164 25 65 2
164 50 115 2.3
164 75 172.5 2.2
165 0 0 2.6
165 25 65 2
165 50 115 2.3
165 75 172.5 2.2
166 0 0 2.6
166 25 65 2
166 50 115 2.3
166 75 172.5 2.2
167 0 0 2.6
167 25 65 2
167 50 115 2.3
167 75 172.5 2.2
168 0 0 2.6
168 25 65 2
168 50 115 2.3
168 75 172.5 2.2
169 0 0 2.6
169 25 65 2
169 50 115 2.3
169 75 172.5 2.2
170 0 0 2.6
170 25 65 2
170 50 115 2.3
170 75 172.5 2.2
171 0 0 2.6
171 25 65 2
171 50 115 2.3
171 75 172.5 2.2
172 0 0 2.6
172 25 65 2
172 50 115 2.3
172 75 172.5 2.2
173 0 0 2.6
173 25 65 2
173 50 115 2.3
173 75 172.5 2.2
174 0 0 2.6
174 25 65 2
174 50 115 2.3
174 75 172.5 2.2
175 0 0 2.6
175 25 65 2
175 50 115 2.3
175 75 172.5 2.2
176 0 0 2.6
176 25 65 2
176 50 115 2.3
176 75 172.5 2.2
177 0 0 2.6
177 25 65 2
177 50 115 2.3
177 75 172.5 2.2
178 0 0 2.6
178 25 65 2
178 50 115 2.3
178 75 172.5 2.2
179 0 0 2.6
179 25 65 2
179 50 115 2.3
179 75 172.5 2.2
180 0 0 2.6
180 25 65 2
180 50 115 2.3
180 75 172.5 2.2
181 0 0 2.6
181 25 65 2
181 50 115 2.3
181 75 172.5 2.2
182 0 0 2.6
182 25 65 2
182 50 115 2.3
182 75 172.5 2.2
183 0 0 2.6
183 25 65 2
183 50 115 2.3
183 75 172.5 2.2
184 0 0 2.6
184 25 65 2
184 50 115 2.3
184 75 172.5 2.2
185 0 0 2.6
185 25 65 2
185 50 115 2.3
185 75 172.5 2.2
186 0 0 2.6
186 25 65 2
186 50 115 2.3
186 75 172.5 2.2
187 0 0 2.6
187 25 65 2
187 50 115 2.3
187 75 172.5 2.2
188 0 0 2.6
188 25 65 2
188 50 115 2.3
188 75 172.5 2.2
189 0 0 2.6
189 25 65 2
189 50 115 2.3
189 75 172.5 2.2
190 0 0 2.6
190 25 65 2
190 50 115 2.3
190 75 172.5 2.2
191 0 0 2.6
191 25 65 2
191 50 115 2.3
191 75 172.5 2.2
192 0 0 2.6
192 25 65 2
192 50 115 2.3
192 75 172.5 2.2
193 0 0 2.6
193 25 65 2
193 50 115 2.3
193 75 172.5 2.2
194 0 0 2.6
194 25 65 2
194 50 115 2.3
194 75 172.5 2.2
195 0 0 2.6
195 25 65 2
195 50 115 2.3
195 75 172.5 2.2
196 0 0 2.6
196 25 65 2
196 50 115 2.3
196 75 172.5 2.2
197 0 0 2.6
197 25 65 2
197 50 115 2.3
197 75 172.5 2.2
198 0 0 2.6
198 25 65 2
198 50 115 2.3
198 75 172.5 2.2
199 0 0 2.6
199 25 65 2
199 50 115 2.3
199 75 172.5 2.2
200 0 0 2.6
200 25 65 2
200 50 115 2.3
200 75 172.5 2.2
201 0 0 2.6
201 25 65 2
201 50 115 2.3
201 75 172.5 2.2
202 0 0 2.6
202 25 65 2
202 50 115 2.3
202 75 172.5 2.2
203 0 0 2.6
203 25 65 2
203 50 115 2.3
203 75 172.5 2.2
204 0 0 2.6
204 25 65 2
204 50 115 2.3
204 75 172.5 2.2
205 0 0 2.6
205 25 65 2
205 50 115 2.3
205 75 172.5 2.2
206 0 0 2.6
206 25 65 2
206 50 115 2.3
206 75 172.5 2.2
207 0 0 2.6
207 25 65 2
207 50 115 2.3
207 75 172.5 2.2
208 0 0 2.6
208 25 65 2
208 50 115 2.3
208 75 172.5 2.2
209 0 0 2.6
209 25 65 2
209 50 115 2.3
209 75 172.5 2.2
210 0 0 2.6
210 25 65 2
210 50 115 2.3
210 75 172.5 2.2
211 0 0 2.6
211 25 65 2
211 50 115 2.3
211 75 172.5 2.2
212 0 0 2.6
212 25 65 2
212 50 115 2.3
212 75 172.5 2.2
213 0 0 2.6
213 25 65 2
213 50 115 2.3
213 75 172.5 2.2
214 0 0 2.6
214 25 65 2
214 50 115 2.3
214 75 172.5 2.2
215 0 0 2.6
215 25 65 2
215 50 115 2.3
215 75 172.5 2.2
216 0 0 2.6
216 25 65 2
216 50 115 2.3
216 75 172.5 2.2
217 0 0 2.6
217 25 65 2
217 50 115 2.3
217 75 172.5 2.2
218 0 0 2.6
218 25 65 2
218 50 115 2.3
218 75 172.5 2.2
219 0 0 2.6
219 25 65 2
219 50 115 2.3
219 75 172.5 2.2
220 0 0 2.6
220 25 65 2
220 50 115 2.3
220 75 172.5 2.2
221 0 0 2.6
221 25 65 2
221 50 115 2.3
221 75 172.5 2.2
222 0 0 2.6
222 25 65 2
222 50 115 2.3
222 75 172.5 2.2
223 0 0 2.6
223 25 65 2
223 50 115 2.3
223 75 172.5 2.2
224 0 0 2.6
224 25 65 2
224 50 115 2.3
224 75 172.5 2.2
225 0 0 2.6
225 25 65 2
225 50 115 2.3
225 75 172.5 2.2
226 0 0 2.6
226 25 65 2
226 50 115 2.3
226 75 172.5 2.2
227 0 0 2.6
227 25 65 2
227 50 115 2.3
227 75 172.5 2.2
228 0 0 2.6
228 25 65 2
228 50 115 2.3
228 75 172.5 2.2
229 0 0 2.6
229 25 65 2
229 50 115 2.3
229 75 172.5 2.2
230 0 0 2.6
230 25 65 2
230 50 115 2.3
230 75 172.5 2.2
231 0 0 2.6
231 25 65 2
231 50 115 2.3
231 75 172.5 2.2
232 0 0 2.6
232 25 65 2
232 50 115 2.3
232 75 172.5 2.2
233 0 0 2.6
233 25 65 2
233 50 115 2.3
233 75 172.5 2.2
234 0 0 2.6
234 25 65 2
234 50 115 2.3
234 75 172.5 2.2
235 0 0 2.6
235 25 65 2
235 50 115 2.3
235 75 172.5 2.2
236 0 0 2.6
236 25 65 2
236 50 115 2.3
236 75 172.5 2.2
237 0 0 2.6
237 25 65 2
237 50 115 2.3
237 75 172.5 2.2
238 0 0 2.6
238 25 65 2
238 50 115 2.3
238 75 172.5 2.2
239 0 0 2.6
239 25 65 2
239 50 115 2.3
239 75 172.5 2.2
240 0 0 2.6
240 25 65 2
240 50 115 2.3
240 75 172.5 2.2
241 0 0 2.6
241 25 65 2
241 50 115 2.3
241 75 172.5 2.2
242 0 0 2.6
242 25 65 2
242 50 115 2.3
242 75 172.5 2.2
243 0 0 2.6
243 25 65 2
243 50 115 2.3
243 75 172.5 2.2
244 0 0 2.6
244 25 65 2
244 50 115 2.3
244 75 172.5 2.2
245 0 0 2.6
245 25 65 2
245 50 115 2.3
245 75 172.5 2.2
246 0 0 2.6
246 25 65 2
246 50 115 2.3
246 75 172.5 2.2
247 0 0 2.6
247 25 65 2
247 50 115 2.3
247 75 172.5 2.2
248 0 0 2.6
248 25 65 2
248 50 115 2.3
248 75 172.5 2.2
249 0 0 2.6
249 25 65 2
249 50 115 2.3
249 75 172.5 2.2
250 0 0 2.6
250 25 65 2
250 50 115 2.3
250 75 172.5 2.2
251 0 0 2.6
251 25 65 2
251 50 115 2.3
251 75 172.5 2.2
252 0 0 2.6
252 25 65 2
252 50 115 2.3
252 75 172.5 2.2
253 0 0 2.6
253 25 65 2
253 50 115 2.3
253 75 172.5 2.2
254 0 0 2.6
254 25 65 2
254 50 115 2.3
254 75 172.5 2.2
255 0 0 2.6
255 25 65 2
255 50 115 2.3
255 75 172.5 2.2
256 0 0 2.6
256 25 65 2
256 50 115 2.3
256 75 172.5 2.2
257 0 0 2.6
257 25 65 2
257 50 115 2.3
257 75 172.5 2.2
258 0 0 2.6
258 25 65 2
258 50 115 2.3
258 75 172.5 2.2
259 0 0 2.6
259 25 65 2
259 50 115 2.3
259 75 172.5 2.2
260 0 0 2.6
260 25 65 2
260 50 115 2.3
260 75 172.5 2.2
261 0 0 2.6
261 25 65 2
261 50 115 2.3
261 75 172.5 2.2
262 0 0 2.6
262 25 65 2
262 50 115 2.3
262 75 172.5 2.2
263 0 0 2.6
263 25 65 2
263 50 115 2.3
263 75 172.5 2.2
264 0 0 2.6
264 25 65 2
264 50 115 2.3
264 75 172.5 2.2
265 0 0 2.6
265 25 65 2
265 50 115 2.3
265 75 172.5 2.2
266 0 0 2.6
266 25 65 2
266 50 115 2.3
266 75 172.5 2.2
267 0 0 2.6
267 25 65 2
267 50 115 2.3
267 75 172.5 2.2
268 0 0 2.6
268 25 65 2
268 50 115 2.3
268 75 172.5 2.2
269 0 0 2.6
269 25 65 2
269 50 115 2.3
269 75 172.5 2.2
270 0 0 2.6
270 25 65 2
270 50 115 2.3
270 75 172.5 2.2
271 0 0 2.6
271 25 65 2
271 50 115 2.3
271 75 172.5 2.2
272 0 0 2.6
272 25 65 2
272 50 115 2.3
272 75 172.5 2.2
273 0 0 2.6
273 25 65 2
273 50 115 2.3
273 75 172.5 2.2
274 0 0 2.6
274 25 65 2
274 50 115 2.3
274 75 172.5 2.2
275 0 0 2.6
275 25 65 2
275 50 115 2.3
275 75 172.5 2.2
276 0 0 2.6
276 25 65 2
276 50 115 2.3
276 75 172.5 2.2
277 0 0 2.6
277 25 65 2
277 50 115 2.3
277 75 172.5 2.2
278 0 0 2.6
278 25 65 2
278 50 115 2.3
278 75 172.5 2.2
279 0 0 2.6
279 25 65 2
279 50 115 2.3
279 75 172.5 2.2
280 0 0 2.6
280 25 65 2
280 50 115 2.3
280 75 172.5 2.2
281 0 0 2.6
281 25 65 2
281 50 115 2.3
281 75 172.5 2.2
282 0 0 2.6
282 25 65 2
282 50 115 2.3
282 75 172.5 2.2
283 0 0 2.6
283 25 65 2
283 50 115 2.3
283 75 172.5 2.2
284 0 0 2.6
284 25 65 2
284 50 115 2.3
284 75 172.5 2.2
285 0 0 2.6
285 25 65 2
285 50 115 2.3
285 75 172.5 2.2
286 0 0 2.6
286 25 65 2
286 50 115 2.3
286 75 172.5 2.2
287 0 0 2.6
287 25 65 2
287 50 115 2.3
287 75 172.5 2.2
288 0 0 2.6
288 25 65 2
288 50 115 2.3
288 75 172.5 2.2
289 0 0 2.6
289 25 65 2
289 50 115 2.3
289 75 172.5 2.2
290 0 0 2.6
290 25 65 2
290 50 115 2.3
290 75 172.5 2.2
291 0 0 2.6
291 25 65 2
291 50 115 2.3
291 75 172.5 2.2
292 0 0 2.6
292 25 65 2
292 50 115 2.3
292 75 172.5 2.2
293 0 0 2.6
293 25 65 2
293 50 115 2.3
293 75 172.5 2.2
294 0 0 2.6
294 25 65 2
294 50 115 2.3
294 75 172.5 2.2
295 0 0 2.6
295 25 65 2
295 50 115 2.3
295 75 172.5 2.2
296 0 0 2.6
296 25 65 2
296 50 115 2.3
296 75 172.5 2.2
297 0 0 2.6
297 25 65 2
297 50 115 2.3
297 75 172.5 2.2
298 0 0 2.6
298 25 65 2
298 50 115 2.3
298 75 172.5 2.2
299 0 0 2.6
299 25 65 2
299 50 115 2.3
299 75 172.5 2.2
300 0 0 2.6
300 25 65 2
300 50 115 2.3
300 75 172.5 2.2
301 0 0 2.6
301 25 65 2
301 50 115 2.3
301 75 172.5 2.2
302 0 0 2.6
302 25 65 2
302 50 115 2.3
302 75 172.5 2.2
303 0 0 2.6
303 25 65 2
303 50 115 2.3
303 75 172.5 2.2
304 0 0 2.6
304 25 65 2
304 50 115 2.3
304 75 172.5 2.2
305 0 0 2.6
305 25 65 2
305 50 115 2.3
305 75 172.5 2.2
306 0 0 2.6
306 25 65 2
306 50 115 2.3
306 75 172.5 2.2
307 0 0 2.6
307 25 65 2
307 50 115 2.3
307 75 172.5 2.2
308 0 0 2.6
308 25 65 2
308 50 115 2.3
308 75 172.5 2.2
309 0 0 2.6
309 25 65 2
309 50 115 2.3
309 75 172.5 2.2
310 0 0 2.6
310 25 65 2
310 50 115 2.3
310 75 172.5 2.2
311 0 0 2.6
311 25 65 2
311 50 115 2.3
311 75 172.5 2.2
312 0 0 2.6
312 25 65 2
312 50 115 2.3
312 75 172.5 2.2
313 0 0 2.6
313 25 65 2
313 50 115 2.3
313 75 172.5 2.2
314 0 0 2.6
314 25 65 2
314 50 115 2.3
314 75 172.5 2.2
315 0 0 2.6
315 25 65 2
315 50 115 2.3
315 75 172.5 2.2
316 0 0 2.6
316 25 65 2
316 50 115 2.3
316 75 172.5 2.2
317 0 0 2.6
317 25 65 2
317 50 115 2.3
317 75 172.5 2.2
318 0 0 2.6
318 25 65 2
318 50 115 2.3
318 75 172.5 2.2
319 0 0 2.6
319 25 65 2
319 50 115 2.3
319 75 172.5 2.2
320 0 0 2.6
320 25 65 2
320 50 115 2.3
320 75 172.5 2.2
321 0 0 2.6
321 25 65 2
321 50 115 2.3
321 75 172.5 2.2
322 0 0 2.6
322 25 65 2
322 50 115 2.3
322 75 172.5 2.2
323 0 0 2.6
323 25 65 2
323 50 115 2.3
323 75 172.5 2.2
324 0 0 2.6
324 25 65 2
324 50 115 2.3
324 75 172.5 2.2
325 0 0 2.6
325 25 65 2
325 50 115 2.3
325 75 172.5 2.2
326 0 0 2.6
326 25 65 2
326 50 115 2.3
326 75 172.5 2.2
327 0 0 2.6
327 25 65 2
327 50 115 2.3
327 75 172.5 2.2
328 0 0 2.6
328 25 65 2
328 50 115 2.3
328 75 172.5 2.2
329 0 0 2.6
329 25 65 2
329 50 115 2.3
329 75 172.5 2.2
330 0 0 2.6
330 25 65 2
330 50 115 2.3
330 75 172.5 2.2
331 0 0 2.6
331 25 65 2
331 50 115 2.3
331 75 172.5 2.2
332 0 0 2.6
332 25 65 2
332 50 115 2.3
332 75 172.5 2.2
333 0 0 2.6
333 25 65 2
333 50 115 2.3
333 75 172.5 2.2
334 0 0 2.6
334 25 65 2
334 50 115 2.3
334 75 172.5 2.2
335 0 0 2.6
335 25 65 2
335 50 115 2.3
335 75 172.5 2.2
336 0 0 2.6
336 25 65 2
336 50 115 2.3
336 75 172.5 2.2
337 0 0 2.6
337 25 65 2
337 50 115 2.3
337 75 172.5 2.2
338 0 0 2.6
338 25 65 2
338 50 115 2.3
338 75 172.5 2.2
339 0 0 2.6
339 25 65 2
339 50 115 2.3
339 75 172.5 2.2
340 0 0 2.6
340 25 65 2
340 50 115 2.3
340 75 172.5 2.2
341 0 0 2.6
341 25 65 2
341 50 115 2.3
341 75 172.5 2.2
342 0 0 2.6
342 25 65 2
342 50 115 2.3
342 75 172.5 2.2
343 0 0 2.6
343 25 65 2
343 50 115 2.3
343 75 172.5 2.2
344 0 0 2.6
344 25 65 2
344 50 115 2.3
344 75 172.5 2.2
345 0 0 2.6
345 25 65 2
345 50 115 2.3
345 75 172.5 2.2
346 0 0 2.6
346 25 65 2
346 50 115 2.3
346 75 172.5 2.2
347 0 0 2.6
347 25 65 2
347 50 115 2.3
347 75 172.5 2.2
348 0 0 2.6
348 25 65 2
348 50 115 2.3
348 75 172.5 2.2
349 0 0 2.6
349 25 65 2
349 50 115 2.3
349 75 172.5 2.2
350 0 0 2.6
350 25 65 2
350 50 115 2.3
350 75 172.5 2.2
351 0 0 2.6
351 25 65 2
351 50 115 2.3
351 75 172.5 2.2
352 0 0 2.6
352 25 65 2
352 50 115 2.3
352 75 172.5 2.2
353 0 0 2.6
353 25 65 2
353 50 115 2.3
353 75 172.5 2.2
354 0 0 2.6
354 25 65 2
354 50 115 2.3
354 75 172.5 2.2
355 0 0 2.6
355 25 65 2
355 50 115 2.3
355 75 172.5 2.2
356 0 0 2.6
356 25 65 2
356 50 115 2.3
356 75 172.5 2.2
357 0 0 2.6
357 25 65 2
357 50 115 2.3
357 75 172.5 2.2
358 0 0 2.6
358 25 65 2
358 50 115 2.3
358 75 172.5 2.2
359 0 0 2.6
359 25 65 2
359 50 115 2.3
359 75 172.5 2.2
360 0 0 2.6
360 25 65 2
360 50 115 2.3
360 75 172.5 2.2
361 0 0 2.6
361 25 65 2
361 50 115 2.3
361 75 172.5 2.2
362 0 0 2.6
362 25 65 2
362 50 115 2.3
362 75 172.5 2.2
363 0 0 2.6
363 25 65 2
363 50 115 2.3
363 75 172.5 2.2
364 0 0 2.6
364 25 65 2
364 50 115 2.3
364 75 172.5 2.2
365 0 0 2.6
365 25 65 2
365 50 115 2.3
365 75 172.5 2.2
366 0 0 2.6
366 25 65 2
366 50 115 2.3
366 75 172.5 2.2
367 0 0 2.6
367 25 65 2
367 50 115 2.3
367 75 172.5 2.2
368 0 0 2.6
368 25 65 2
368 50 115 2.3
368 75 172.5 2.2
369 0 0 2.6
369 25 65 2
369 50 115 2.3
369 75 172.5 2.2
370 0 0 2.6
370 25 65 2
370 50 115 2.3
370 75 172.5 2.2
371 0 0 2.6
371 25 65 2
371 50 115 2.3
371 75 172.5 2.2
372 0 0 2.6
372 25 65 2
372 50 115 2.3
372 75 172.5 2.2
373 0 0 2.6
373 25 65 2
373 50 115 2.3
373 75 172.5 2.2
374 0 0 2.6
374 25 65 2
374 50 115 2.3
374 75 172.5 2.2
375 0 0 2.6
375 25 65 2
375 50 115 2.3
375 75 172.5 2.2
376 0 0 2.6
376 25 65 2
376 50 115 2.3
376 75 172.5 2.2
377 0 0 2.6
377 25 65 2
377 50 115 2.3
377 75 172.5 2.2
378 0 0 2.6
378 25 65 2
378 50 115 2.3
378 75 172.5 2.2
379 0 0 2.6
379 25 65 2
379 50 115 2.3
379 75 172.5 2.2
380 0 0 2.6
380 25 65 2
380 50 115 2.3
380 75 172.5 2.2
381 0 0 2.6
381 25 65 2
381 50 115 2.3
381 75 172.5 2.2
382 0 0 2.6
382 25 65 2
382 50 115 2.3
382 75 172.5 2.2
383 0 0 2.6
383 25 65 2
383 50 115 2.3
383 75 172.5 2.2
384 0 0 2.6
384 25 65 2
384 50 115 2.3
384 75 172.5 2.2
385 0 0 2.6
385 25 65 2
385 50 115 2.3
385 75 172.5 2.2
386 0 0 2.6
386 25 65 2
386 50 115 2.3
386 75 172.5 2.2
387 0 0 2.6
387 25 65 2
387 50 115 2.3
387 75 172.5 2.2
388 0 0 2.6
388 25 65 2
388 50 115 2.3
388 75 172.5 2.2
389 0 0 2.6
389 25 65 2
389 50 115 2.3
389 75 172.5 2.2
390 0 0 2.6
390 25 65 2
390 50 115 2.3
390 75 172.5 2.2
391 0 0 2.6
391 25 65 2
391 50 115 2.3
391 75 172.5 2.2
392 0 0 2.6
392 25 65 2
392 50 115 2.3
392 75 172.5 2.2
393 0 0 2.6
393 25 65 2
393 50 115 2.3
393 75 172.5 2.2
394 0 0 2.6
394 25 65 2
394 50 115 2.3
394 75 172.5 2.2
395 0 0 2.6
395 25 65 2
395 50 115 2.3
395 75 172.5 2.2
396 0 0 2.6
396 25 65 2
396 50 115 2.3
396 75 172.5 2.2
397 0 0 2.6
397 25 65 2
397 50 115 2.3
397 75 172.5 2.2
398 0 0 2.6
398 25 65 2
398 50 115 2.3
398 75 172.5 2.2
399 0 0 2.6
399 25 65 2
399 50 115 2.3
399 75 172.5 2.2
400 0 0 2.6
400 25 65 2
400 50 115 2.3
400 75 172.5 2.2
401 0 0 2.6
401 25 65 2
401 50 115 2.3
401 75 172.5 2.2
402 0 0 2.6
402 25 65 2
402 50 115 2.3
402 75 172.5 2.2
403 0 0 2.6
403 25 65 2
403 50 115 2.3
403 75 172.5 2.2
404 0 0 2.6
404 25 65 2
404 50 115 2.3
404 75 172.5 2.2
405 0 0 2.6
405 25 65 2
405 50 115 2.3
405 75 172.5 2.2
406 0 0 2.6
406 25 65 2
406 50 115 2.3
406 75 172.5 2.2
407 0 0 2.6
407 25 65 2
407 50 115 2.3
407 75 172.5 2.2
408 0 0 2.6
408 25 65 2
408 50 115 2.3
408 75 172.5 2.2
409 0 0 2.6
409 25 65 2
409 50 115 2.3
409 75 172.5 2.2
410 0 0 2.6
410 25 65 2
410 50 115 2.3
410 75 172.5 2.2
411 0 0 2.6
411 25 65 2
411 50 115 2.3
411 75 172.5 2.2
412 0 0 2.6
412 25 65 2
412 50 115 2.3
412 75 172.5 2.2
413 0 0 2.6
413 25 65 2
413 50 115 2.3
413 75 172.5 2.2
414 0 0 2.6
414 25 65 2
414 50 115 2.3
414 75 172.5 2.2
415 0 0 2.6
415 25 65 2
415 50 115 2.3
415 75 172.5 2.2
416 0 0 2.6
416 25 65 2
416 50 115 2.3
416 75 172.5 2.2
417 0 0 2.6
417 25 65 2
417 50 115 2.3
417 75 172.5 2.2
418 0 0 2.6
418 25 65 2
418 50 115 2.3
418 75 172.5 2.2
419 0 0 2.6
419 25 65 2
419 50 115 2.3
419 75 172.5 2.2
420 0 0 2.6
420 25 65 2
420 50 115 2.3
420 75 172.5 2.2
421 0 0 2.6
421 25 65 2
421 50 115 2.3
421 75 172.5 2.2
422 0 0 2.6
422 25 65 2
422 50 115 2.3
422 75 172.5 2.2
423 0 0 2.6
423 25 65 2
423 50 115 2.3
423 75 172.5 2.2
424 0 0 2.6
424 25 65 2
424 50 115 2.3
424 75 172.5 2.2
425 0 0 2.6
425 25 65 2
425 50 115 2.3
425 75 172.5 2.2
426 0 0 2.6
426 25 65 2
426 50 115 2.3
426 75 172.5 2.2
427 0 0 2.6
427 25 65 2
427 50 115 2.3
427 75 172.5 2.2
428 0 0 2.6
428 25 65 2
428 50 115 2.3
428 75 172.5 2.2
429 0 0 2.6
429 25 65 2
429 50 115 2.3
429 75 172.5 2.2
430 0 0 2.6
430 25 65 2
430 50 115 2.3
430 75 172.5 2.2
431 0 0 2.6
431 25 65 2
431 50 115 2.3
431 75 172.5 2.2
432 0 0 2.6
432 25 65 2
432 50 115 2.3
432 75 172.5 2.2
433 0 0 2.6
433 25 65 2
433 50 115 2.3
433 75 172.5 2.2
434 0 0 2.6
434 25 65 2
434 50 115 2.3
434 75 172.5 2.2
435 0 0 2.6
435 25 65 2
435 50 115 2.3
435 75 172.5 2.2
436 0 0 2.6
436 25 65 2
436 50 115 2.3
436 75 172.5 2.2
437 0 0 2.6
437 25 65 2
437 50 115 2.3
437 75 172.5 2.2
438 0 0 2.6
438 25 65 2
438 50 115 2.3
438 75 172.5 2.2
439 0 0 2.6
439 25 65 2
439 50 115 2.3
439 75 172.5 2.2
440 0 0 2.6
440 25 65 2
440 50 115 2.3
440 75 172.5 2.2
441 0 0 2.6
441 25 65 2
441 50 115 2.3
441 75 172.5 2.2
442 0 0 2.6
442 25 65 2
442 50 115 2.3
442 75 172.5 2.2
443 0 0 2.6
443 25 65 2
443 50 115 2.3
443 75 172.5 2.2
444 0 0 2.6
444 25 65 2
444 50 115 2.3
444 75 172.5 2.2
445 0 0 2.6
445 25 65 2
445 50 115 2.3
445 75 172.5 2.2
446 0 0 2.6
446 25 65 2
446 50 115 2.3
446 75 172.5 2.2
447 0 0 2.6
447 25 65 2
447 50 115 2.3
447 75 172.5 2.2
448 0 0 2.6
448 25 65 2
448 50 115 2.3
448 75 172.5 2.2
449 0 0 2.6
449 25 65 2
449 50 115 2.3
449 75 172.5 2.2
450 0 0 2.6
450 25 65 2
450 50 115 2.3
450 75 172.5 2.2
451 0 0 2.6
451 25 65 2
451 50 115 2.3
451 75 172.5 2.2
452 0 0 2.6
452 25 65 2
452 50 115 2.3
452 75 172.5 2.2
453 0 0 2.6
453 25 65 2
453 50 115 2.3
453 75 172.5 2.2
454 0 0 2.6
454 25 65 2
454 50 115 2.3
454 75 172.5 2.2
455 0 0 2.6
455 25 65 2
455 50 115 2.3
455 75 172.5 2.2
456 0 0 2.6
456 25 65 2
456 50 115 2.3
456 75 172.5 2.2
457 0 0 2.6
457 25 65 2
457 50 115 2.3
457 75 172.5 2.2
458 0 0 2.6
458 25 65 2
458 50 115 2.3
458 75 172.5 2.2
459 0 0 2.6
459 25 65 2
459 50 115 2.3
459 75 172.5 2.2
460 0 0 2.6
460 25 65 2
460 50 115 2.3
460 75 172.5 2.2
461 0 0 2.6
461 25 65 2
461 50 115 2.3
461 75 172.5 2.2
462 0 0 2.6
462 25 65 2
462 50 115 2.3
462 75 172.5 2.2
463 0 0 2.6
463 25 65 2
463 50 115 2.3
463 75 172.5 2.2
464 0 0 2.6
464 25 65 2
464 50 115 2.3
464 75 172.5 2.2
465 0 0 2.6
465 25 65 2
465 50 115 2.3
465 75 172.5 2.2
466 0 0 2.6
466 25 65 2
466 50 115 2.3
466 75 172.5 2.2
467 0 0 2.6
467 25 65 2
467 50 115 2.3
467 75 172.5 2.2
468 0 0 2.6
468 25 65 2
468 50 115 2.3
468 75 172.5 2.2
469 0 0 2.6
469 25 65 2
469 50 115 2.3
469 75 172.5 2.2
470 0 0 2.6
470 25 65 2
470 50 115 2.3
470 75 172.5 2.2
471 0 0 2.6
471 25 65 2
471 50 115 2.3
471 75 172.5 2.2
472 0 0 2.6
472 25 65 2
472 50 115 2.3
472 75 172.5 2.2
473 0 0 2.6
473 25 65 2
473 50 115 2.3
473 75 172.5 2.2
474 0 0 2.6
474 25 65 2
474 50 115 2.3
474 75 172.5 2.2
475 0 0 2.6
475 25 65 2
475 50 115 2.3
475 75 172.5 2.2
476 0 0 2.6
476 25 65 2
476 50 115 2.3
476 75 172.5 2.2
477 0 0 2.6
477 25 65 2
477 50 115 2.3
477 75 172.5 2.2
478 0 0 2.6
478 25 65 2
478 50 115 2.3
478 75 172.5 2.2
479 0 0 2.6
479 25 65 2
479 50 115 2.3
479 75 172.5 2.2
480 0 0 2.6
480 25 65 2
480 50 115 2.3
480 75 172.5 2.2
481 0 0 2.6
481 25 65 2
481 50 115 2.3
481 75 172.5 2.2
482 0 0 2.6
482 25 65 2
482 50 115 2.3
482 75 172.5 2.2
483 0 0 2.6
483 25 65 2
483 50 115 2.3
483 75 172.5 2.2
484 0 0 2.6
484 25 65 2
484 50 115 2.3
484 75 172.5 2.2
485 0 0 2.6
485 25 65 2
485 50 115 2.3
485 75 172.5 2.2
486 0 0 2.6
486 25 65 2
486 50 115 2.3
486 75 172.5 2.2
487 0 0 2.6
487 25 65 2
487 50 115 2.3
487 75 172.5 2.2
488 0 0 2.6
488 25 65 2
488 50 115 2.3
488 75 172.5 2.2
489 0 0 2.6
489 25 65 2
489 50 115 2.3
489 75 172.5 2.2
490 0 0 2.6
490 25 65 2
490 50 115 2.3
490 75 172.5 2.2
491 0 0 2.6
491 25 65 2
491 50 115 2.3
491 75 172.5 2.2
492 0 0 2.6
492 25 65 2
492 50 115 2.3
492 75 172.5 2.2
493 0 0 2.6
493 25 65 2
493 50 115 2.3
493 75 172.5 2.2
494 0 0 2.6
494 25 65 2
494 50 115 2.3
494 75 172.5 2.2
495 0 0 2.6
495 25 65 2
495 50 115 2.3
495 75 172.5 2.2
496 0 0 2.6
496 25 65 2
496 50 115 2.3
496 75 172.5 2.2
497 0 0 2.6
497 25 65 2
497 50 115 2.3
497 75 172.5 2.2
498 0 0 2.6
498 25 65 2
498 50 115 2.3
498 75 172.5 2.2
499 0 0 2.6
499 25 65 2
499 50 115 2.3
499 75 172.5 2.2
