20 10
0 0 0 2
0 10 20 2.8
0 20 48 3.9
0 30 87 4.4
0 40 131 3
0 50 161 2.4
0 60 185 2.9
0 70 214 0.5
0 80 219 3.2
0 90 251 2.1
1 0 0 2
1 10 20 2.8
1 20 48 3.9
1 30 87 4.4
1 40 131 3
1 50 161 2.4
1 60 185 2.9
1 70 214 0.5
1 80 219 3.2
1 90 251 2.1
2 0 0 2
2 10 20 2.8
2 20 48 3.9
2 30 87 4.4
2 40 131 3
2 50 161 2.4
2 60 185 2.9
2 70 214 0.5
2 80 219 3.2
2 90 251 2.1
3 0 0 2
3 10 20 2.8
3 20 48 3.9
3 30 87 4.4
3 40 131 3
3 50 161 2.4
3 60 185 2.9
3 70 214 0.5
3 80 219 3.2
3 90 251 2.1
4 0 0 2
4 10 20 2.8
4 20 48 3.9
4 30 87 4.4
4 40 131 3
4 50 161 2.4
4 60 185 2.9
4 70 214 0.5
4 80 219 3.2
4 90 251 2.1
5 0 0 2
5 10 20 2.8
5 20 48 3.9
5 30 87 4.4
5 40 131 3
5 50 161 2.4
5 60 185 2.9
5 70 214 0.5
5 80 219 3.2
5 90 251 2.1
6 0 0 2
6 10 20 2.8
6 20 48 3.9
6 30 87 4.4
6 40 131 3
6 50 161 2.4
6 60 185 2.9
6 70 214 0.5
6 80 219 3.2
6 90 251 2.1
7 0 0 2
7 10 20 2.8
7 20 48 3.9
7 30 87 4.4
7 40 131 3
7 50 161 2.4
7 60 185 2.9
7 70 214 0.5
7 80 219 3.2
7 90 251 2.1
8 0 0 2
8 10 20 2.8
8 20 48 3.9
8 30 87 4.4
8 40 131 3
8 50 161 2.4
8 60 185 2.9
8 70 214 0.5
8 80 219 3.2
8 90 251 2.1
9 0 0 2
9 10 20 2.8
9 20 48 3.9
9 30 87 4.4
9 40 131 3
9 50 161 2.4
9 60 185 2.9
9 70 214 0.5
9 80 219 3.2
9 90 251 2.1
10 0 0 2
10 10 20 2.8
10 20 48 3.9
10 30 87 4.4
10 40 131 3
10 50 161 2.4
10 60 185 2.9
10 70 214 0.5
10 80 219 3.2
10 90 251 2.1
11 0 0 2
11 10 20 2.8
11 20 48 3.9
11 30 87 4.4
11 40 131 3
11 50 161 2.4
11 60 185 2.9
11 70 214 0.5
11 80 219 3.2
11 90 251 2.1
12 0 0 2
12 10 20 2.8
12 20 48 3.9
12 30 87 4.4
12 40 131 3
12 50 161 2.4
12 60 185 2.9
12 70 214 0.5
12 80 219 3.2
12 90 251 2.1
13 0 0 2
13 10 20 2.8
13 20 48 3.9
13 30 87 4.4
13 40 131 3
13 50 161 2.4
13 60 185 2.9
13 70 214 0.5
13 80 219 3.2
13 90 251 2.1
14 0 0 2
14 10 20 2.8
14 20 48 3.9
14 30 87 4.4
14 40 131 3
14 50 161 2.4
14 60 185 2.9
14 70 214 0.5
14 80 219 3.2
14 90 251 2.1
15 0 0 2
15 10 20 2.8
15 20 48 3.9
15 30 87 4.4
15 40 131 3
15 50 161 2.4
15 60 185 2.9
15 70 214 0.5
15 80 219 3.2
15 90 251 2.1
16 0 0 2
16 10 20 2.8
16 20 48 3.9
16 30 87 4.4
16 40 131 3
16 50 161 2.4
16 60 185 2.9
16 70 214 0.5
16 80 219 3.2
16 90 251 2.1
17 0 0 2
17 10 20 2.8
17 20 48 3.9
17 30 87 4.4
17 40 131 3
17 50 161 2.4
17 60 185 2.9
17 70 214 0.5
17 80 219 3.2
17 90 251 2.1
18 0 0 2
18 10 20 2.8
18 20 48 3.9
18 30 87 4.4
18 40 131 3
18 50 161 2.4
18 60 185 2.9
18 70 214 0.5
18 80 219 3.2
18 90 251 2.1
19 0 0 2
19 10 20 2.8
19 20 48 3.9
19 30 87 4.4
19 40 131 3
19 50 161 2.4
19 60 185 2.9
19 70 214 0.5
19 80 219 3.2
19 90 251 2.1
