100 10
0 0 0 3.4
0 200 680 4.6
0 400 1600 1.5
0 600 1900 4.3
0 800 2760 1.7
0 1000 3100 2
0 1200 3500 4.4
0 1400 4380 4.5
0 1600 5280 3.9
0 1800 6060 2.1
1 0 0 3.4
1 200 680 4.6
1 400 1600 1.5
1 600 1900 4.3
1 800 2760 1.7
1 1000 3100 2
1 1200 3500 4.4
1 1400 4380 4.5
1 1600 5280 3.9
1 1800 6060 2.1
2 0 0 3.4
2 200 680 4.6
2 400 1600 1.5
2 600 1900 4.3
2 800 2760 1.7
2 1000 3100 2
2 1200 3500 4.4
2 1400 4380 4.5
2 1600 5280 3.9
2 1800 6060 2.1
3 0 0 3.4
3 200 680 4.6
3 400 1600 1.5
3 600 1900 4.3
3 800 2760 1.7
3 1000 3100 2
3 1200 3500 4.4
3 1400 4380 4.5
3 1600 5280 3.9
3 1800 6060 2.1
4 0 0 3.4
4 200 680 4.6
4 400 1600 1.5
4 600 1900 4.3
4 800 2760 1.7
4 1000 3100 2
4 1200 3500 4.4
4 1400 4380 4.5
4 1600 5280 3.9
4 1800 6060 2.1
5 0 0 3.4
5 200 680 4.6
5 400 1600 1.5
5 600 1900 4.3
5 800 2760 1.7
5 1000 3100 2
5 1200 3500 4.4
5 1400 4380 4.5
5 1600 5280 3.9
5 1800 6060 2.1
6 0 0 3.4
6 200 680 4.6
6 400 1600 1.5
6 600 1900 4.3
6 800 2760 1.7
6 1000 3100 2
6 1200 3500 4.4
6 1400 4380 4.5
6 1600 5280 3.9
6 1800 6060 2.1
7 0 0 3.4
7 200 680 4.6
7 400 1600 1.5
7 600 1900 4.3
7 800 2760 1.7
7 1000 3100 2
7 1200 3500 4.4
7 1400 4380 4.5
7 1600 5280 3.9
7 1800 6060 2.1
8 0 0 3.4
8 200 680 4.6
8 400 1600 1.5
8 600 1900 4.3
8 800 2760 1.7
8 1000 3100 2
8 1200 3500 4.4
8 1400 4380 4.5
8 1600 5280 3.9
8 1800 6060 2.1
9 0 0 3.4
9 200 680 4.6
9 400 1600 1.5
9 600 1900 4.3
9 800 2760 1.7
9 1000 3100 2
9 1200 3500 4.4
9 1400 4380 4.5
9 1600 5280 3.9
9 1800 6060 2.1
10 0 0 3.4
10 200 680 4.6
10 400 1600 1.5
10 600 1900 4.3
10 800 2760 1.7
10 1000 3100 2
10 1200 3500 4.4
10 1400 4380 4.5
10 1600 5280 3.9
10 1800 6060 2.1
11 0 0 3.4
11 200 680 4.6
11 400 1600 1.5
11 600 1900 4.3
11 800 2760 1.7
11 1000 3100 2
11 1200 3500 4.4
11 1400 4380 4.5
11 1600 5280 3.9
11 1800 6060 2.1
12 0 0 3.4
12 200 680 4.6
12 400 1600 1.5
12 600 1900 4.3
12 800 2760 1.7
12 1000 3100 2
12 1200 3500 4.4
12 1400 4380 4.5
12 1600 5280 3.9
12 1800 6060 2.1
13 0 0 3.4
13 200 680 4.6
13 400 1600 1.5
13 600 1900 4.3
13 800 2760 1.7
13 1000 3100 2
13 1200 3500 4.4
13 1400 4380 4.5
13 1600 5280 3.9
13 1800 6060 2.1
14 0 0 3.4
14 200 680 4.6
14 400 1600 1.5
14 600 1900 4.3
14 800 2760 1.7
14 1000 3100 2
14 1200 3500 4.4
14 1400 4380 4.5
14 1600 5280 3.9
14 1800 6060 2.1
15 0 0 3.4
15 200 680 4.6
15 400 1600 1.5
15 600 1900 4.3
15 800 2760 1.7
15 1000 3100 2
15 1200 3500 4.4
15 1400 4380 4.5
15 1600 5280 3.9
15 1800 6060 2.1
16 0 0 3.4
16 200 680 4.6
16 400 1600 1.5
16 600 1900 4.3
16 800 2760 1.7
16 1000 3100 2
16 1200 3500 4.4
16 1400 4380 4.5
16 1600 5280 3.9
16 1800 6060 2.1
17 0 0 3.4
17 200 680 4.6
17 400 1600 1.5
17 600 1900 4.3
17 800 2760 1.7
17 1000 3100 2
17 1200 3500 4.4
17 1400 4380 4.5
17 1600 5280 3.9
17 1800 6060 2.1
18 0 0 3.4
18 200 680 4.6
18 400 1600 1.5
18 600 1900 4.3
18 800 2760 1.7
18 1000 3100 2
18 1200 3500 4.4
18 1400 4380 4.5
18 1600 5280 3.9
18 1800 6060 2.1
19 0 0 3.4
19 200 680 4.6
19 400 1600 1.5
19 600 1900 4.3
19 800 2760 1.7
19 1000 3100 2
19 1200 3500 4.4
19 1400 4380 4.5
19 1600 5280 3.9
19 1800 6060 2.1
20 0 0 3.4
20 200 680 4.6
20 400 1600 1.5
20 600 1900 4.3
20 800 2760 1.7
20 1000 3100 2
20 1200 3500 4.4
20 1400 4380 4.5
20 1600 5280 3.9
20 1800 6060 2.1
21 0 0 3.4
21 200 680 4.6
21 400 1600 1.5
21 600 1900 4.3
21 800 2760 1.7
21 1000 3100 2
21 1200 3500 4.4
21 1400 4380 4.5
21 1600 5280 3.9
21 1800 6060 2.1
22 0 0 3.4
22 200 680 4.6
22 400 1600 1.5
22 600 1900 4.3
22 800 2760 1.7
22 1000 3100 2
22 1200 3500 4.4
22 1400 4380 4.5
22 1600 5280 3.9
22 1800 6060 2.1
23 0 0 3.4
23 200 680 4.6
23 400 1600 1.5
23 600 1900 4.3
23 800 2760 1.7
23 1000 3100 2
23 1200 3500 4.4
23 1400 4380 4.5
23 1600 5280 3.9
23 1800 6060 2.1
24 0 0 3.4
24 200 680 4.6
24 400 1600 1.5
24 600 1900 4.3
24 800 2760 1.7
24 1000 3100 2
24 1200 3500 4.4
24 1400 4380 4.5
24 1600 5280 3.9
24 1800 6060 2.1
25 0 0 3.4
25 200 680 4.6
25 400 1600 1.5
25 600 1900 4.3
25 800 2760 1.7
25 1000 3100 2
25 1200 3500 4.4
25 1400 4380 4.5
25 1600 5280 3.9
25 1800 6060 2.1
26 0 0 3.4
26 200 680 4.6
26 400 1600 1.5
26 600 1900 4.3
26 800 2760 1.7
26 1000 3100 2
26 1200 3500 4.4
26 1400 4380 4.5
26 1600 5280 3.9
26 1800 6060 2.1
27 0 0 3.4
27 200 680 4.6
27 400 1600 1.5
27 600 1900 4.3
27 800 2760 1.7
27 1000 3100 2
27 1200 3500 4.4
27 1400 4380 4.5
27 1600 5280 3.9
27 1800 6060 2.1
28 0 0 3.4
28 200 680 4.6
28 400 1600 1.5
28 600 1900 4.3
28 800 2760 1.7
28 1000 3100 2
28 1200 3500 4.4
28 1400 4380 4.5
28 1600 5280 3.9
28 1800 6060 2.1
29 0 0 3.4
29 200 680 4.6
29 400 1600 1.5
29 600 1900 4.3
29 800 2760 1.7
29 1000 3100 2
29 1200 3500 4.4
29 1400 4380 4.5
29 1600 5280 3.9
29 1800 6060 2.1
30 0 0 3.4
30 200 680 4.6
30 400 1600 1.5
30 600 1900 4.3
30 800 2760 1.7
30 1000 3100 2
30 1200 3500 4.4
30 1400 4380 4.5
30 1600 5280 3.9
30 1800 6060 2.1
31 0 0 3.4
31 200 680 4.6
31 400 1600 1.5
31 600 1900 4.3
31 800 2760 1.7
31 1000 3100 2
31 1200 3500 4.4
31 1400 4380 4.5
31 1600 5280 3.9
31 1800 6060 2.1
32 0 0 3.4
32 200 680 4.6
32 400 1600 1.5
32 600 1900 4.3
32 800 2760 1.7
32 1000 3100 2
32 1200 3500 4.4
32 1400 4380 4.5
32 1600 5280 3.9
32 1800 6060 2.1
33 0 0 3.4
33 200 680 4.6
33 400 1600 1.5
33 600 1900 4.3
33 800 2760 1.7
33 1000 3100 2
33 1200 3500 4.4
33 1400 4380 4.5
33 1600 5280 3.9
33 1800 6060 2.1
34 0 0 3.4
34 200 680 4.6
34 400 1600 1.5
34 600 1900 4.3
34 800 2760 1.7
34 1000 3100 2
34 1200 3500 4.4
34 1400 4380 4.5
34 1600 5280 3.9
34 1800 6060 2.1
35 0 0 3.4
35 200 680 4.6
35 400 1600 1.5
35 600 1900 4.3
35 800 2760 1.7
35 1000 3100 2
35 1200 3500 4.4
35 1400 4380 4.5
35 1600 5280 3.9
35 1800 6060 2.1
36 0 0 3.4
36 200 680 4.6
36 400 1600 1.5
36 600 1900 4.3
36 800 2760 1.7
36 1000 3100 2
36 1200 3500 4.4
36 1400 4380 4.5
36 1600 5280 3.9
36 1800 6060 2.1
37 0 0 3.4
37 200 680 4.6
37 400 1600 1.5
37 600 1900 4.3
37 800 2760 1.7
37 1000 3100 2
37 1200 3500 4.4
37 1400 4380 4.5
37 1600 5280 3.9
37 1800 6060 2.1
38 0 0 3.4
38 200 680 4.6
38 400 1600 1.5
38 600 1900 4.3
38 800 2760 1.7
38 1000 3100 2
38 1200 3500 4.4
38 1400 4380 4.5
38 1600 5280 3.9
38 1800 6060 2.1
39 0 0 3.4
39 200 680 4.6
39 400 1600 1.5
39 600 1900 4.3
39 800 2760 1.7
39 1000 3100 2
39 1200 3500 4.4
39 1400 4380 4.5
39 1600 5280 3.9
39 1800 6060 2.1
40 0 0 3.4
40 200 680 4.6
40 400 1600 1.5
40 600 1900 4.3
40 800 2760 1.7
40 1000 3100 2
40 1200 3500 4.4
40 1400 4380 4.5
40 1600 5280 3.9
40 1800 6060 2.1
41 0 0 3.4
41 200 680 4.6
41 400 1600 1.5
41 600 1900 4.3
41 800 2760 1.7
41 1000 3100 2
41 1200 3500 4.4
41 1400 4380 4.5
41 1600 5280 3.9
41 1800 6060 2.1
42 0 0 3.4
42 200 680 4.6
42 400 1600 1.5
42 600 1900 4.3
42 800 2760 1.7
42 1000 3100 2
42 1200 3500 4.4
42 1400 4380 4.5
42 1600 5280 3.9
42 1800 6060 2.1
43 0 0 3.4
43 200 680 4.6
43 400 1600 1.5
43 600 1900 4.3
43 800 2760 1.7
43 1000 3100 2
43 1200 3500 4.4
43 1400 4380 4.5
43 1600 5280 3.9
43 1800 6060 2.1
44 0 0 3.4
44 200 680 4.6
44 400 1600 1.5
44 600 1900 4.3
44 800 2760 1.7
44 1000 3100 2
44 1200 3500 4.4
44 1400 4380 4.5
44 1600 5280 3.9
44 1800 6060 2.1
45 0 0 3.4
45 200 680 4.6
45 400 1600 1.5
45 600 1900 4.3
45 800 2760 1.7
45 1000 3100 2
45 1200 3500 4.4
45 1400 4380 4.5
45 1600 5280 3.9
45 1800 6060 2.1
46 0 0 3.4
46 200 680 4.6
46 400 1600 1.5
46 600 1900 4.3
46 800 2760 1.7
46 1000 3100 2
46 1200 3500 4.4
46 1400 4380 4.5
46 1600 5280 3.9
46 1800 6060 2.1
47 0 0 3.4
47 200 680 4.6
47 400 1600 1.5
47 600 1900 4.3
47 800 2760 1.7
47 1000 3100 2
47 1200 3500 4.4
47 1400 4380 4.5
47 1600 5280 3.9
47 1800 6060 2.1
48 0 0 3.4
48 200 680 4.6
48 400 1600 1.5
48 600 1900 4.3
48 800 2760 1.7
48 1000 3100 2
48 1200 3500 4.4
48 1400 4380 4.5
48 1600 5280 3.9
48 1800 6060 2.1
49 0 0 3.4
49 200 680 4.6
49 400 1600 1.5
49 600 1900 4.3
49 800 2760 1.7
49 1000 3100 2
49 1200 3500 4.4
49 1400 4380 4.5
49 1600 5280 3.9
49 1800 6060 2.1
50 0 0 3.4
50 200 680 4.6
50 400 1600 1.5
50 600 1900 4.3
50 800 2760 1.7
50 1000 3100 2
50 1200 3500 4.4
50 1400 4380 4.5
50 1600 5280 3.9
50 1800 6060 2.1
51 0 0 3.4
51 200 680 4.6
51 400 1600 1.5
51 600 1900 4.3
51 800 2760 1.7
51 1000 3100 2
51 1200 3500 4.4
51 1400 4380 4.5
51 1600 5280 3.9
51 1800 6060 2.1
52 0 0 3.4
52 200 680 4.6
52 400 1600 1.5
52 600 1900 4.3
52 800 2760 1.7
52 1000 3100 2
52 1200 3500 4.4
52 1400 4380 4.5
52 1600 5280 3.9
52 1800 6060 2.1
53 0 0 3.4
53 200 680 4.6
53 400 1600 1.5
53 600 1900 4.3
53 800 2760 1.7
53 1000 3100 2
53 1200 3500 4.4
53 1400 4380 4.5
53 1600 5280 3.9
53 1800 6060 2.1
54 0 0 3.4
54 200 680 4.6
54 400 1600 1.5
54 600 1900 4.3
54 800 2760 1.7
54 1000 3100 2
54 1200 3500 4.4
54 1400 4380 4.5
54 1600 5280 3.9
54 1800 6060 2.1
55 0 0 3.4
55 200 680 4.6
55 400 1600 1.5
55 600 1900 4.3
55 800 2760 1.7
55 1000 3100 2
55 1200 3500 4.4
55 1400 4380 4.5
55 1600 5280 3.9
55 1800 6060 2.1
56 0 0 3.4
56 200 680 4.6
56 400 1600 1.5
56 600 1900 4.3
56 800 2760 1.7
56 1000 3100 2
56 1200 3500 4.4
56 1400 4380 4.5
56 1600 5280 3.9
56 1800 6060 2.1
57 0 0 3.4
57 200 680 4.6
57 400 1600 1.5
57 600 1900 4.3
57 800 2760 1.7
57 1000 3100 2
57 1200 3500 4.4
57 1400 4380 4.5
57 1600 5280 3.9
57 1800 6060 2.1
58 0 0 3.4
58 200 680 4.6
58 400 1600 1.5
58 600 1900 4.3
58 800 2760 1.7
58 1000 3100 2
58 1200 3500 4.4
58 1400 4380 4.5
58 1600 5280 3.9
58 1800 6060 2.1
59 0 0 3.4
59 200 680 4.6
59 400 1600 1.5
59 600 1900 4.3
59 800 2760 1.7
59 1000 3100 2
59 1200 3500 4.4
59 1400 4380 4.5
59 1600 5280 3.9
59 1800 6060 2.1
60 0 0 3.4
60 200 680 4.6
60 400 1600 1.5
60 600 1900 4.3
60 800 2760 1.7
60 1000 3100 2
60 1200 3500 4.4
60 1400 4380 4.5
60 1600 5280 3.9
60 1800 6060 2.1
61 0 0 3.4
61 200 680 4.6
61 400 1600 1.5
61 600 1900 4.3
61 800 2760 1.7
61 1000 3100 2
61 1200 3500 4.4
61 1400 4380 4.5
61 1600 5280 3.9
61 1800 6060 2.1
62 0 0 3.4
62 200 680 4.6
62 400 1600 1.5
62 600 1900 4.3
62 800 2760 1.7
62 1000 3100 2
62 1200 3500 4.4
62 1400 4380 4.5
62 1600 5280 3.9
62 1800 6060 2.1
63 0 0 3.4
63 200 680 4.6
63 400 1600 1.5
63 600 1900 4.3
63 800 2760 1.7
63 1000 3100 2
63 1200 3500 4.4
63 1400 4380 4.5
63 1600 5280 3.9
63 1800 6060 2.1
64 0 0 3.4
64 200 680 4.6
64 400 1600 1.5
64 600 1900 4.3
64 800 2760 1.7
64 1000 3100 2
64 1200 3500 4.4
64 1400 4380 4.5
64 1600 5280 3.9
64 1800 6060 2.1
65 0 0 3.4
65 200 680 4.6
65 400 1600 1.5
65 600 1900 4.3
65 800 2760 1.7
65 1000 3100 2
65 1200 3500 4.4
65 1400 4380 4.5
65 1600 5280 3.9
65 1800 6060 2.1
66 0 0 3.4
66 200 680 4.6
66 400 1600 1.5
66 600 1900 4.3
66 800 2760 1.7
66 1000 3100 2
66 1200 3500 4.4
66 1400 4380 4.5
66 1600 5280 3.9
66 1800 6060 2.1
67 0 0 3.4
67 200 680 4.6
67 400 1600 1.5
67 600 1900 4.3
67 800 2760 1.7
67 1000 3100 2
67 1200 3500 4.4
67 1400 4380 4.5
67 1600 5280 3.9
67 1800 6060 2.1
68 0 0 3.4
68 200 680 4.6
68 400 1600 1.5
68 600 1900 4.3
68 800 2760 1.7
68 1000 3100 2
68 1200 3500 4.4
68 1400 4380 4.5
68 1600 5280 3.9
68 1800 6060 2.1
69 0 0 3.4
69 200 680 4.6
69 400 1600 1.5
69 600 1900 4.3
69 800 2760 1.7
69 1000 3100 2
69 1200 3500 4.4
69 1400 4380 4.5
69 1600 5280 3.9
69 1800 6060 2.1
70 0 0 3.4
70 200 680 4.6
70 400 1600 1.5
70 600 1900 4.3
70 800 2760 1.7
70 1000 3100 2
70 1200 3500 4.4
70 1400 4380 4.5
70 1600 5280 3.9
70 1800 6060 2.1
71 0 0 3.4
71 200 680 4.6
71 400 1600 1.5
71 600 1900 4.3
71 800 2760 1.7
71 1000 3100 2
71 1200 3500 4.4
71 1400 4380 4.5
71 1600 5280 3.9
71 1800 6060 2.1
72 0 0 3.4
72 200 680 4.6
72 400 1600 1.5
72 600 1900 4.3
72 800 2760 1.7
72 1000 3100 2
72 1200 3500 4.4
72 1400 4380 4.5
72 1600 5280 3.9
72 1800 6060 2.1
73 0 0 3.4
73 200 680 4.6
73 400 1600 1.5
73 600 1900 4.3
73 800 2760 1.7
73 1000 3100 2
73 1200 3500 4.4
73 1400 4380 4.5
73 1600 5280 3.9
73 1800 6060 2.1
74 0 0 3.4
74 200 680 4.6
74 400 1600 1.5
74 600 1900 4.3
74 800 2760 1.7
74 1000 3100 2
74 1200 3500 4.4
74 1400 4380 4.5
74 1600 5280 3.9
74 1800 6060 2.1
75 0 0 3.4
75 200 680 4.6
75 400 1600 1.5
75 600 1900 4.3
75 800 2760 1.7
75 1000 3100 2
75 1200 3500 4.4
75 1400 4380 4.5
75 1600 5280 3.9
75 1800 6060 2.1
76 0 0 3.4
76 200 680 4.6
76 400 1600 1.5
76 600 1900 4.3
76 800 2760 1.7
76 1000 3100 2
76 1200 3500 4.4
76 1400 4380 4.5
76 1600 5280 3.9
76 1800 6060 2.1
77 0 0 3.4
77 200 680 4.6
77 400 1600 1.5
77 600 1900 4.3
77 800 2760 1.7
77 1000 3100 2
77 1200 3500 4.4
77 1400 4380 4.5
77 1600 5280 3.9
77 1800 6060 2.1
78 0 0 3.4
78 200 680 4.6
78 400 1600 1.5
78 600 1900 4.3
78 800 2760 1.7
78 1000 3100 2
78 1200 3500 4.4
78 1400 4380 4.5
78 1600 5280 3.9
78 1800 6060 2.1
79 0 0 3.4
79 200 680 4.6
79 400 1600 1.5
79 600 1900 4.3
79 800 2760 1.7
79 1000 3100 2
79 1200 3500 4.4
79 1400 4380 4.5
79 1600 5280 3.9
79 1800 6060 2.1
80 0 0 3.4
80 200 680 4.6
80 400 1600 1.5
80 600 1900 4.3
80 800 2760 1.7
80 1000 3100 2
80 1200 3500 4.4
80 1400 4380 4.5
80 1600 5280 3.9
80 1800 6060 2.1
81 0 0 3.4
81 200 680 4.6
81 400 1600 1.5
81 600 1900 4.3
81 800 2760 1.7
81 1000 3100 2
81 1200 3500 4.4
81 1400 4380 4.5
81 1600 5280 3.9
81 1800 6060 2.1
82 0 0 3.4
82 200 680 4.6
82 400 1600 1.5
82 600 1900 4.3
82 800 2760 1.7
82 1000 3100 2
82 1200 3500 4.4
82 1400 4380 4.5
82 1600 5280 3.9
82 1800 6060 2.1
83 0 0 3.4
83 200 680 4.6
83 400 1600 1.5
83 600 1900 4.3
83 800 2760 1.7
83 1000 3100 2
83 1200 3500 4.4
83 1400 4380 4.5
83 1600 5280 3.9
83 1800 6060 2.1
84 0 0 3.4
84 200 680 4.6
84 400 1600 1.5
84 600 1900 4.3
84 800 2760 1.7
84 1000 3100 2
84 1200 3500 4.4
84 1400 4380 4.5
84 1600 5280 3.9
84 1800 6060 2.1
85 0 0 3.4
85 200 680 4.6
85 400 1600 1.5
85 600 1900 4.3
85 800 2760 1.7
85 1000 3100 2
85 1200 3500 4.4
85 1400 4380 4.5
85 1600 5280 3.9
85 1800 6060 2.1
86 0 0 3.4
86 200 680 4.6
86 400 1600 1.5
86 600 1900 4.3
86 800 2760 1.7
86 1000 3100 2
86 1200 3500 4.4
86 1400 4380 4.5
86 1600 5280 3.9
86 1800 6060 2.1
87 0 0 3.4
87 200 680 4.6
87 400 1600 1.5
87 600 1900 4.3
87 800 2760 1.7
87 1000 3100 2
87 1200 3500 4.4
87 1400 4380 4.5
87 1600 5280 3.9
87 1800 6060 2.1
88 0 0 3.4
88 200 680 4.6
88 400 1600 1.5
88 600 1900 4.3
88 800 2760 1.7
88 1000 3100 2
88 1200 3500 4.4
88 1400 4380 4.5
88 1600 5280 3.9
88 1800 6060 2.1
89 0 0 3.4
89 200 680 4.6
89 400 1600 1.5
89 600 1900 4.3
89 800 2760 1.7
89 1000 3100 2
89 1200 3500 4.4
89 1400 4380 4.5
89 1600 5280 3.9
89 1800 6060 2.1
90 0 0 3.4
90 200 680 4.6
90 400 1600 1.5
90 600 1900 4.3
90 800 2760 1.7
90 1000 3100 2
90 1200 3500 4.4
90 1400 4380 4.5
90 1600 5280 3.9
90 1800 6060 2.1
91 0 0 3.4
91 200 680 4.6
91 400 1600 1.5
91 600 1900 4.3
91 800 2760 1.7
91 1000 3100 2
91 1200 3500 4.4
91 1400 4380 4.5
91 1600 5280 3.9
91 1800 6060 2.1
92 0 0 3.4
92 200 680 4.6
92 400 1600 1.5
92 600 1900 4.3
92 800 2760 1.7
92 1000 3100 2
92 1200 3500 4.4
92 1400 4380 4.5
92 1600 5280 3.9
92 1800 6060 2.1
93 0 0 3.4
93 200 680 4.6
93 400 1600 1.5
93 600 1900 4.3
93 800 2760 1.7
93 1000 3100 2
93 1200 3500 4.4
93 1400 4380 4.5
93 1600 5280 3.9
93 1800 6060 2.1
94 0 0 3.4
94 200 680 4.6
94 400 1600 1.5
94 600 1900 4.3
94 800 2760 1.7
94 1000 3100 2
94 1200 3500 4.4
94 1400 4380 4.5
94 1600 5280 3.9
94 1800 6060 2.1
95 0 0 3.4
95 200 680 4.6
95 400 1600 1.5
95 600 1900 4.3
95 800 2760 1.7
95 1000 3100 2
95 1200 3500 4.4
95 1400 4380 4.5
95 1600 5280 3.9
95 1800 6060 2.1
96 0 0 3.4
96 200 680 4.6
96 400 1600 1.5
96 600 1900 4.3
96 800 2760 1.7
96 1000 3100 2
96 1200 3500 4.4
96 1400 4380 4.5
96 1600 5280 3.9
96 1800 6060 2.1
97 0 0 3.4
97 200 680 4.6
97 400 1600 1.5
97 600 1900 4.3
97 800 2760 1.7
97 1000 3100 2
97 1200 3500 4.4
97 1400 4380 4.5
97 1600 5280 3.9
97 1800 6060 2.1
98 0 0 3.4
98 200 680 4.6
98 400 1600 1.5
98 600 1900 4.3
98 800 2760 1.7
98 1000 3100 2
98 1200 3500 4.4
98 1400 4380 4.5
98 1600 5280 3.9
98 1800 6060 2.1
99 0 0 3.4
99 200 680 4.6
99 400 1600 1.5
99 600 1900 4.3
99 800 2760 1.7
99 1000 3100 2
99 1200 3500 4.4
99 1400 4380 4.5
99 1600 5280 3.9
99 1800 6060 2.1
