100 4
0 0 0 2.6
0 25 65 3.9
0 50 162.5 4.1
0 75 265 0.9
1 0 0 2.6
1 25 65 3.9
1 50 162.5 4.1
1 75 265 0.9
2 0 0 2.6
2 25 65 3.9
2 50 162.5 4.1
2 75 265 0.9
3 0 0 2.6
3 25 65 3.9
3 50 162.5 4.1
3 75 265 0.9
4 0 0 2.6
4 25 65 3.9
4 50 162.5 4.1
4 75 265 0.9
5 0 0 2.6
5 25 65 3.9
5 50 162.5 4.1
5 75 265 0.9
6 0 0 2.6
6 25 65 3.9
6 50 162.5 4.1
6 75 265 0.9
7 0 0 2.6
7 25 65 3.9
7 50 162.5 4.1
7 75 265 0.9
8 0 0 2.6
8 25 65 3.9
8 50 162.5 4.1
8 75 265 0.9
9 0 0 2.6
9 25 65 3.9
9 50 162.5 4.1
9 75 265 0.9
10 0 0 2.6
10 25 65 3.9
10 50 162.5 4.1
10 75 265 0.9
11 0 0 2.6
11 25 65 3.9
11 50 162.5 4.1
11 75 265 0.9
12 0 0 2.6
12 25 65 3.9
12 50 162.5 4.1
12 75 265 0.9
13 0 0 2.6
13 25 65 3.9
13 50 162.5 4.1
13 75 265 0.9
14 0 0 2.6
14 25 65 3.9
14 50 162.5 4.1
14 75 265 0.9
15 0 0 2.6
15 25 65 3.9
15 50 162.5 4.1
15 75 265 0.9
16 0 0 2.6
16 25 65 3.9
16 50 162.5 4.1
16 75 265 0.9
17 0 0 2.6
17 25 65 3.9
17 50 162.5 4.1
17 75 265 0.9
18 0 0 2.6
18 25 65 3.9
18 50 162.5 4.1
18 75 265 0.9
19 0 0 2.6
19 25 65 3.9
19 50 162.5 4.1
19 75 265 0.9
20 0 0 2.6
20 25 65 3.9
20 50 162.5 4.1
20 75 265 0.9
21 0 0 2.6
21 25 65 3.9
21 50 162.5 4.1
21 75 265 0.9
22 0 0 2.6
22 25 65 3.9
22 50 162.5 4.1
22 75 265 0.9
23 0 0 2.6
23 25 65 3.9
23 50 162.5 4.1
23 75 265 0.9
24 0 0 2.6
24 25 65 3.9
24 50 162.5 4.1
24 75 265 0.9
25 0 0 2.6
25 25 65 3.9
25 50 162.5 4.1
25 75 265 0.9
26 0 0 2.6
26 25 65 3.9
26 50 162.5 4.1
26 75 265 0.9
27 0 0 2.6
27 25 65 3.9
27 50 162.5 4.1
27 75 265 0.9
28 0 0 2.6
28 25 65 3.9
28 50 162.5 4.1
28 75 265 0.9
29 0 0 2.6
29 25 65 3.9
29 50 162.5 4.1
29 75 265 0.9
30 0 0 2.6
30 25 65 3.9
30 50 162.5 4.1
30 75 265 0.9
31 0 0 2.6
31 25 65 3.9
31 50 162.5 4.1
31 75 265 0.9
32 0 0 2.6
32 25 65 3.9
32 50 162.5 4.1
32 75 265 0.9
33 0 0 2.6
33 25 65 3.9
33 50 162.5 4.1
33 75 265 0.9
34 0 0 2.6
34 25 65 3.9
34 50 162.5 4.1
34 75 265 0.9
35 0 0 2.6
35 25 65 3.9
35 50 162.5 4.1
35 75 265 0.9
36 0 0 2.6
36 25 65 3.9
36 50 162.5 4.1
36 75 265 0.9
37 0 0 2.6
37 25 65 3.9
37 50 162.5 4.1
37 75 265 0.9
38 0 0 2.6
38 25 65 3.9
38 50 162.5 4.1
38 75 265 0.9
39 0 0 2.6
39 25 65 3.9
39 50 162.5 4.1
39 75 265 0.9
40 0 0 2.6
40 25 65 3.9
40 50 162.5 4.1
40 75 265 0.9
41 0 0 2.6
41 25 65 3.9
41 50 162.5 4.1
41 75 265 0.9
42 0 0 2.6
42 25 65 3.9
42 50 162.5 4.1
42 75 265 0.9
43 0 0 2.6
43 25 65 3.9
43 50 162.5 4.1
43 75 265 0.9
44 0 0 2.6
44 25 65 3.9
44 50 162.5 4.1
44 75 265 0.9
45 0 0 2.6
45 25 65 3.9
45 50 162.5 4.1
45 75 265 0.9
46 0 0 2.6
46 25 65 3.9
46 50 162.5 4.1
46 75 265 0.9
47 0 0 2.6
47 25 65 3.9
47 50 162.5 4.1
47 75 265 0.9
48 0 0 2.6
48 25 65 3.9
48 50 162.5 4.1
48 75 265 0.9
49 0 0 2.6
49 25 65 3.9
49 50 162.5 4.1
49 75 265 0.9
50 0 0 2.6
50 25 65 3.9
50 50 162.5 4.1
50 75 265 0.9
51 0 0 2.6
51 25 65 3.9
51 50 162.5 4.1
51 75 265 0.9
52 0 0 2.6
52 25 65 3.9
52 50 162.5 4.1
52 75 265 0.9
53 0 0 2.6
53 25 65 3.9
53 50 162.5 4.1
53 75 265 0.9
54 0 0 2.6
54 25 65 3.9
54 50 162.5 4.1
54 75 265 0.9
55 0 0 2.6
55 25 65 3.9
55 50 162.5 4.1
55 75 265 0.9
56 0 0 2.6
56 25 65 3.9
56 50 162.5 4.1
56 75 265 0.9
57 0 0 2.6
57 25 65 3.9
57 50 162.5 4.1
57 75 265 0.9
58 0 0 2.6
58 25 65 3.9
58 50 162.5 4.1
58 75 265 0.9
59 0 0 2.6
59 25 65 3.9
59 50 162.5 4.1
59 75 265 0.9
60 0 0 2.6
60 25 65 3.9
60 50 162.5 4.1
60 75 265 0.9
61 0 0 2.6
61 25 65 3.9
61 50 162.5 4.1
61 75 265 0.9
62 0 0 2.6
62 25 65 3.9
62 50 162.5 4.1
62 75 265 0.9
63 0 0 2.6
63 25 65 3.9
63 50 162.5 4.1
63 75 265 0.9
64 0 0 2.6
64 25 65 3.9
64 50 162.5 4.1
64 75 265 0.9
65 0 0 2.6
65 25 65 3.9
65 50 162.5 4.1
65 75 265 0.9
66 0 0 2.6
66 25 65 3.9
66 50 162.5 4.1
66 75 265 0.9
67 0 0 2.6
67 25 65 3.9
67 50 162.5 4.1
67 75 265 0.9
68 0 0 2.6
68 25 65 3.9
68 50 162.5 4.1
68 75 265 0.9
69 0 0 2.6
69 25 65 3.9
69 50 162.5 4.1
69 75 265 0.9
70 0 0 2.6
70 25 65 3.9
70 50 162.5 4.1
70 75 265 0.9
71 0 0 2.6
71 25 65 3.9
71 50 162.5 4.1
71 75 265 0.9
72 0 0 2.6
72 25 65 3.9
72 50 162.5 4.1
72 75 265 0.9
73 0 0 2.6
73 25 65 3.9
73 50 162.5 4.1
73 75 265 0.9
74 0 0 2.6
74 25 65 3.9
74 50 162.5 4.1
74 75 265 0.9
75 0 0 2.6
75 25 65 3.9
75 50 162.5 4.1
75 75 265 0.9
76 0 0 2.6
76 25 65 3.9
76 50 162.5 4.1
76 75 265 0.9
77 0 0 2.6
77 25 65 3.9
77 50 162.5 4.1
77 75 265 0.9
78 0 0 2.6
78 25 65 3.9
78 50 162.5 4.1
78 75 265 0.9
79 0 0 2.6
79 25 65 3.9
79 50 162.5 4.1
79 75 265 0.9
80 0 0 2.6
80 25 65 3.9
80 50 162.5 4.1
80 75 265 0.9
81 0 0 2.6
81 25 65 3.9
81 50 162.5 4.1
81 75 265 0.9
82 0 0 2.6
82 25 65 3.9
82 50 162.5 4.1
82 75 265 0.9
83 0 0 2.6
83 25 65 3.9
83 50 162.5 4.1
83 75 265 0.9
84 0 0 2.6
84 25 65 3.9
84 50 162.5 4.1
84 75 265 0.9
85 0 0 2.6
85 25 65 3.9
85 50 162.5 4.1
85 75 265 0.9
86 0 0 2.6
86 25 65 3.9
86 50 162.5 4.1
86 75 265 0.9
87 0 0 2.6
87 25 65 3.9
87 50 162.5 4.1
87 75 265 0.9
88 0 0 2.6
88 25 65 3.9
88 50 162.5 4.1
88 75 265 0.9
89 0 0 2.6
89 25 65 3.9
89 50 162.5 4.1
89 75 265 0.9
90 0 0 2.6
90 25 65 3.9
90 50 162.5 4.1
90 75 265 0.9
91 0 0 2.6
91 25 65 3.9
91 50 162.5 4.1
91 75 265 0.9
92 0 0 2.6
92 25 65 3.9
92 50 162.5 4.1
92 75 265 0.9
93 0 0 2.6
93 25 65 3.9
93 50 162.5 4.1
93 75 265 0.9
94 0 0 2.6
94 25 65 3.9
94 50 162.5 4.1
94 75 265 0.9
95 0 0 2.6
95 25 65 3.9
95 50 162.5 4.1
95 75 265 0.9
96 0 0 2.6
96 25 65 3.9
96 50 162.5 4.1
96 75 265 0.9
97 0 0 2.6
97 25 65 3.9
97 50 162.5 4.1
97 75 265 0.9
98 0 0 2.6
98 25 65 3.9
98 50 162.5 4.1
98 75 265 0.9
99 0 0 2.6
99 25 65 3.9
99 50 162.5 4.1
99 75 265 0.9
