500 10
0 0 0 3.8
0 10 38 1.1
0 20 49 0.6
0 30 55 4.7
0 40 102 3.7
0 50 139 4.6
0 60 185 4.8
0 70 233 4.2
0 80 275 1.1
0 90 286 4.5
1 0 0 3.8
1 10 38 1.1
1 20 49 0.6
1 30 55 4.7
1 40 102 3.7
1 50 139 4.6
1 60 185 4.8
1 70 233 4.2
1 80 275 1.1
1 90 286 4.5
2 0 0 3.8
2 10 38 1.1
2 20 49 0.6
2 30 55 4.7
2 40 102 3.7
2 50 139 4.6
2 60 185 4.8
2 70 233 4.2
2 80 275 1.1
2 90 286 4.5
3 0 0 3.8
3 10 38 1.1
3 20 49 0.6
3 30 55 4.7
3 40 102 3.7
3 50 139 4.6
3 60 185 4.8
3 70 233 4.2
3 80 275 1.1
3 90 286 4.5
4 0 0 3.8
4 10 38 1.1
4 20 49 0.6
4 30 55 4.7
4 40 102 3.7
4 50 139 4.6
4 60 185 4.8
4 70 233 4.2
4 80 275 1.1
4 90 286 4.5
5 0 0 3.8
5 10 38 1.1
5 20 49 0.6
5 30 55 4.7
5 40 102 3.7
5 50 139 4.6
5 60 185 4.8
5 70 233 4.2
5 80 275 1.1
5 90 286 4.5
6 0 0 3.8
6 10 38 1.1
6 20 49 0.6
6 30 55 4.7
6 40 102 3.7
6 50 139 4.6
6 60 185 4.8
6 70 233 4.2
6 80 275 1.1
6 90 286 4.5
7 0 0 3.8
7 10 38 1.1
7 20 49 0.6
7 30 55 4.7
7 40 102 3.7
7 50 139 4.6
7 60 185 4.8
7 70 233 4.2
7 80 275 1.1
7 90 286 4.5
8 0 0 3.8
8 10 38 1.1
8 20 49 0.6
8 30 55 4.7
8 40 102 3.7
8 50 139 4.6
8 60 185 4.8
8 70 233 4.2
8 80 275 1.1
8 90 286 4.5
9 0 0 3.8
9 10 38 1.1
9 20 49 0.6
9 30 55 4.7
9 40 102 3.7
9 50 139 4.6
9 60 185 4.8
9 70 233 4.2
9 80 275 1.1
9 90 286 4.5
10 0 0 3.8
10 10 38 1.1
10 20 49 0.6
10 30 55 4.7
10 40 102 3.7
10 50 139 4.6
10 60 185 4.8
10 70 233 4.2
10 80 275 1.1
10 90 286 4.5
11 0 0 3.8
11 10 38 1.1
11 20 49 0.6
11 30 55 4.7
11 40 102 3.7
11 50 139 4.6
11 60 185 4.8
11 70 233 4.2
11 80 275 1.1
11 90 286 4.5
12 0 0 3.8
12 10 38 1.1
12 20 49 0.6
12 30 55 4.7
12 40 102 3.7
12 50 139 4.6
12 60 185 4.8
12 70 233 4.2
12 80 275 1.1
12 90 286 4.5
13 0 0 3.8
13 10 38 1.1
13 20 49 0.6
13 30 55 4.7
13 40 102 3.7
13 50 139 4.6
13 60 185 4.8
13 70 233 4.2
13 80 275 1.1
13 90 286 4.5
14 0 0 3.8
14 10 38 1.1
14 20 49 0.6
14 30 55 4.7
14 40 102 3.7
14 50 139 4.6
14 60 185 4.8
14 70 233 4.2
14 80 275 1.1
14 90 286 4.5
15 0 0 3.8
15 10 38 1.1
15 20 49 0.6
15 30 55 4.7
15 40 102 3.7
15 50 139 4.6
15 60 185 4.8
15 70 233 4.2
15 80 275 1.1
15 90 286 4.5
16 0 0 3.8
16 10 38 1.1
16 20 49 0.6
16 30 55 4.7
16 40 102 3.7
16 50 139 4.6
16 60 185 4.8
16 70 233 4.2
16 80 275 1.1
16 90 286 4.5
17 0 0 3.8
17 10 38 1.1
17 20 49 0.6
17 30 55 4.7
17 40 102 3.7
17 50 139 4.6
17 60 185 4.8
17 70 233 4.2
17 80 275 1.1
17 90 286 4.5
18 0 0 3.8
18 10 38 1.1
18 20 49 0.6
18 30 55 4.7
18 40 102 3.7
18 50 139 4.6
18 60 185 4.8
18 70 233 4.2
18 80 275 1.1
18 90 286 4.5
19 0 0 3.8
19 10 38 1.1
19 20 49 0.6
19 30 55 4.7
19 40 102 3.7
19 50 139 4.6
19 60 185 4.8
19 70 233 4.2
19 80 275 1.1
19 90 286 4.5
20 0 0 3.8
20 10 38 1.1
20 20 49 0.6
20 30 55 4.7
20 40 102 3.7
20 50 139 4.6
20 60 185 4.8
20 70 233 4.2
20 80 275 1.1
20 90 286 4.5
21 0 0 3.8
21 10 38 1.1
21 20 49 0.6
21 30 55 4.7
21 40 102 3.7
21 50 139 4.6
21 60 185 4.8
21 70 233 4.2
21 80 275 1.1
21 90 286 4.5
22 0 0 3.8
22 10 38 1.1
22 20 49 0.6
22 30 55 4.7
22 40 102 3.7
22 50 139 4.6
22 60 185 4.8
22 70 233 4.2
22 80 275 1.1
22 90 286 4.5
23 0 0 3.8
23 10 38 1.1
23 20 49 0.6
23 30 55 4.7
23 40 102 3.7
23 50 139 4.6
23 60 185 4.8
23 70 233 4.2
23 80 275 1.1
23 90 286 4.5
24 0 0 3.8
24 10 38 1.1
24 20 49 0.6
24 30 55 4.7
24 40 102 3.7
24 50 139 4.6
24 60 185 4.8
24 70 233 4.2
24 80 275 1.1
24 90 286 4.5
25 0 0 3.8
25 10 38 1.1
25 20 49 0.6
25 30 55 4.7
25 40 102 3.7
25 50 139 4.6
25 60 185 4.8
25 70 233 4.2
25 80 275 1.1
25 90 286 4.5
26 0 0 3.8
26 10 38 1.1
26 20 49 0.6
26 30 55 4.7
26 40 102 3.7
26 50 139 4.6
26 60 185 4.8
26 70 233 4.2
26 80 275 1.1
26 90 286 4.5
27 0 0 3.8
27 10 38 1.1
27 20 49 0.6
27 30 55 4.7
27 40 102 3.7
27 50 139 4.6
27 60 185 4.8
27 70 233 4.2
27 80 275 1.1
27 90 286 4.5
28 0 0 3.8
28 10 38 1.1
28 20 49 0.6
28 30 55 4.7
28 40 102 3.7
28 50 139 4.6
28 60 185 4.8
28 70 233 4.2
28 80 275 1.1
28 90 286 4.5
29 0 0 3.8
29 10 38 1.1
29 20 49 0.6
29 30 55 4.7
29 40 102 3.7
29 50 139 4.6
29 60 185 4.8
29 70 233 4.2
29 80 275 1.1
29 90 286 4.5
30 0 0 3.8
30 10 38 1.1
30 20 49 0.6
30 30 55 4.7
30 40 102 3.7
30 50 139 4.6
30 60 185 4.8
30 70 233 4.2
30 80 275 1.1
30 90 286 4.5
31 0 0 3.8
31 10 38 1.1
31 20 49 0.6
31 30 55 4.7
31 40 102 3.7
31 50 139 4.6
31 60 185 4.8
31 70 233 4.2
31 80 275 1.1
31 90 286 4.5
32 0 0 3.8
32 10 38 1.1
32 20 49 0.6
32 30 55 4.7
32 40 102 3.7
32 50 139 4.6
32 60 185 4.8
32 70 233 4.2
32 80 275 1.1
32 90 286 4.5
33 0 0 3.8
33 10 38 1.1
33 20 49 0.6
33 30 55 4.7
33 40 102 3.7
33 50 139 4.6
33 60 185 4.8
33 70 233 4.2
33 80 275 1.1
33 90 286 4.5
34 0 0 3.8
34 10 38 1.1
34 20 49 0.6
34 30 55 4.7
34 40 102 3.7
34 50 139 4.6
34 60 185 4.8
34 70 233 4.2
34 80 275 1.1
34 90 286 4.5
35 0 0 3.8
35 10 38 1.1
35 20 49 0.6
35 30 55 4.7
35 40 102 3.7
35 50 139 4.6
35 60 185 4.8
35 70 233 4.2
35 80 275 1.1
35 90 286 4.5
36 0 0 3.8
36 10 38 1.1
36 20 49 0.6
36 30 55 4.7
36 40 102 3.7
36 50 139 4.6
36 60 185 4.8
36 70 233 4.2
36 80 275 1.1
36 90 286 4.5
37 0 0 3.8
37 10 38 1.1
37 20 49 0.6
37 30 55 4.7
37 40 102 3.7
37 50 139 4.6
37 60 185 4.8
37 70 233 4.2
37 80 275 1.1
37 90 286 4.5
38 0 0 3.8
38 10 38 1.1
38 20 49 0.6
38 30 55 4.7
38 40 102 3.7
38 50 139 4.6
38 60 185 4.8
38 70 233 4.2
38 80 275 1.1
38 90 286 4.5
39 0 0 3.8
39 10 38 1.1
39 20 49 0.6
39 30 55 4.7
39 40 102 3.7
39 50 139 4.6
39 60 185 4.8
39 70 233 4.2
39 80 275 1.1
39 90 286 4.5
40 0 0 3.8
40 10 38 1.1
40 20 49 0.6
40 30 55 4.7
40 40 102 3.7
40 50 139 4.6
40 60 185 4.8
40 70 233 4.2
40 80 275 1.1
40 90 286 4.5
41 0 0 3.8
41 10 38 1.1
41 20 49 0.6
41 30 55 4.7
41 40 102 3.7
41 50 139 4.6
41 60 185 4.8
41 70 233 4.2
41 80 275 1.1
41 90 286 4.5
42 0 0 3.8
42 10 38 1.1
42 20 49 0.6
42 30 55 4.7
42 40 102 3.7
42 50 139 4.6
42 60 185 4.8
42 70 233 4.2
42 80 275 1.1
42 90 286 4.5
43 0 0 3.8
43 10 38 1.1
43 20 49 0.6
43 30 55 4.7
43 40 102 3.7
43 50 139 4.6
43 60 185 4.8
43 70 233 4.2
43 80 275 1.1
43 90 286 4.5
44 0 0 3.8
44 10 38 1.1
44 20 49 0.6
44 30 55 4.7
44 40 102 3.7
44 50 139 4.6
44 60 185 4.8
44 70 233 4.2
44 80 275 1.1
44 90 286 4.5
45 0 0 3.8
45 10 38 1.1
45 20 49 0.6
45 30 55 4.7
45 40 102 3.7
45 50 139 4.6
45 60 185 4.8
45 70 233 4.2
45 80 275 1.1
45 90 286 4.5
46 0 0 3.8
46 10 38 1.1
46 20 49 0.6
46 30 55 4.7
46 40 102 3.7
46 50 139 4.6
46 60 185 4.8
46 70 233 4.2
46 80 275 1.1
46 90 286 4.5
47 0 0 3.8
47 10 38 1.1
47 20 49 0.6
47 30 55 4.7
47 40 102 3.7
47 50 139 4.6
47 60 185 4.8
47 70 233 4.2
47 80 275 1.1
47 90 286 4.5
48 0 0 3.8
48 10 38 1.1
48 20 49 0.6
48 30 55 4.7
48 40 102 3.7
48 50 139 4.6
48 60 185 4.8
48 70 233 4.2
48 80 275 1.1
48 90 286 4.5
49 0 0 3.8
49 10 38 1.1
49 20 49 0.6
49 30 55 4.7
49 40 102 3.7
49 50 139 4.6
49 60 185 4.8
49 70 233 4.2
49 80 275 1.1
49 90 286 4.5
50 0 0 3.8
50 10 38 1.1
50 20 49 0.6
50 30 55 4.7
50 40 102 3.7
50 50 139 4.6
50 60 185 4.8
50 70 233 4.2
50 80 275 1.1
50 90 286 4.5
51 0 0 3.8
51 10 38 1.1
51 20 49 0.6
51 30 55 4.7
51 40 102 3.7
51 50 139 4.6
51 60 185 4.8
51 70 233 4.2
51 80 275 1.1
51 90 286 4.5
52 0 0 3.8
52 10 38 1.1
52 20 49 0.6
52 30 55 4.7
52 40 102 3.7
52 50 139 4.6
52 60 185 4.8
52 70 233 4.2
52 80 275 1.1
52 90 286 4.5
53 0 0 3.8
53 10 38 1.1
53 20 49 0.6
53 30 55 4.7
53 40 102 3.7
53 50 139 4.6
53 60 185 4.8
53 70 233 4.2
53 80 275 1.1
53 90 286 4.5
54 0 0 3.8
54 10 38 1.1
54 20 49 0.6
54 30 55 4.7
54 40 102 3.7
54 50 139 4.6
54 60 185 4.8
54 70 233 4.2
54 80 275 1.1
54 90 286 4.5
55 0 0 3.8
55 10 38 1.1
55 20 49 0.6
55 30 55 4.7
55 40 102 3.7
55 50 139 4.6
55 60 185 4.8
55 70 233 4.2
55 80 275 1.1
55 90 286 4.5
56 0 0 3.8
56 10 38 1.1
56 20 49 0.6
56 30 55 4.7
56 40 102 3.7
56 50 139 4.6
56 60 185 4.8
56 70 233 4.2
56 80 275 1.1
56 90 286 4.5
57 0 0 3.8
57 10 38 1.1
57 20 49 0.6
57 30 55 4.7
57 40 102 3.7
57 50 139 4.6
57 60 185 4.8
57 70 233 4.2
57 80 275 1.1
57 90 286 4.5
58 0 0 3.8
58 10 38 1.1
58 20 49 0.6
58 30 55 4.7
58 40 102 3.7
58 50 139 4.6
58 60 185 4.8
58 70 233 4.2
58 80 275 1.1
58 90 286 4.5
59 0 0 3.8
59 10 38 1.1
59 20 49 0.6
59 30 55 4.7
59 40 102 3.7
59 50 139 4.6
59 60 185 4.8
59 70 233 4.2
59 80 275 1.1
59 90 286 4.5
60 0 0 3.8
60 10 38 1.1
60 20 49 0.6
60 30 55 4.7
60 40 102 3.7
60 50 139 4.6
60 60 185 4.8
60 70 233 4.2
60 80 275 1.1
60 90 286 4.5
61 0 0 3.8
61 10 38 1.1
61 20 49 0.6
61 30 55 4.7
61 40 102 3.7
61 50 139 4.6
61 60 185 4.8
61 70 233 4.2
61 80 275 1.1
61 90 286 4.5
62 0 0 3.8
62 10 38 1.1
62 20 49 0.6
62 30 55 4.7
62 40 102 3.7
62 50 139 4.6
62 60 185 4.8
62 70 233 4.2
62 80 275 1.1
62 90 286 4.5
63 0 0 3.8
63 10 38 1.1
63 20 49 0.6
63 30 55 4.7
63 40 102 3.7
63 50 139 4.6
63 60 185 4.8
63 70 233 4.2
63 80 275 1.1
63 90 286 4.5
64 0 0 3.8
64 10 38 1.1
64 20 49 0.6
64 30 55 4.7
64 40 102 3.7
64 50 139 4.6
64 60 185 4.8
64 70 233 4.2
64 80 275 1.1
64 90 286 4.5
65 0 0 3.8
65 10 38 1.1
65 20 49 0.6
65 30 55 4.7
65 40 102 3.7
65 50 139 4.6
65 60 185 4.8
65 70 233 4.2
65 80 275 1.1
65 90 286 4.5
66 0 0 3.8
66 10 38 1.1
66 20 49 0.6
66 30 55 4.7
66 40 102 3.7
66 50 139 4.6
66 60 185 4.8
66 70 233 4.2
66 80 275 1.1
66 90 286 4.5
67 0 0 3.8
67 10 38 1.1
67 20 49 0.6
67 30 55 4.7
67 40 102 3.7
67 50 139 4.6
67 60 185 4.8
67 70 233 4.2
67 80 275 1.1
67 90 286 4.5
68 0 0 3.8
68 10 38 1.1
68 20 49 0.6
68 30 55 4.7
68 40 102 3.7
68 50 139 4.6
68 60 185 4.8
68 70 233 4.2
68 80 275 1.1
68 90 286 4.5
69 0 0 3.8
69 10 38 1.1
69 20 49 0.6
69 30 55 4.7
69 40 102 3.7
69 50 139 4.6
69 60 185 4.8
69 70 233 4.2
69 80 275 1.1
69 90 286 4.5
70 0 0 3.8
70 10 38 1.1
70 20 49 0.6
70 30 55 4.7
70 40 102 3.7
70 50 139 4.6
70 60 185 4.8
70 70 233 4.2
70 80 275 1.1
70 90 286 4.5
71 0 0 3.8
71 10 38 1.1
71 20 49 0.6
71 30 55 4.7
71 40 102 3.7
71 50 139 4.6
71 60 185 4.8
71 70 233 4.2
71 80 275 1.1
71 90 286 4.5
72 0 0 3.8
72 10 38 1.1
72 20 49 0.6
72 30 55 4.7
72 40 102 3.7
72 50 139 4.6
72 60 185 4.8
72 70 233 4.2
72 80 275 1.1
72 90 286 4.5
73 0 0 3.8
73 10 38 1.1
73 20 49 0.6
73 30 55 4.7
73 40 102 3.7
73 50 139 4.6
73 60 185 4.8
73 70 233 4.2
73 80 275 1.1
73 90 286 4.5
74 0 0 3.8
74 10 38 1.1
74 20 49 0.6
74 30 55 4.7
74 40 102 3.7
74 50 139 4.6
74 60 185 4.8
74 70 233 4.2
74 80 275 1.1
74 90 286 4.5
75 0 0 3.8
75 10 38 1.1
75 20 49 0.6
75 30 55 4.7
75 40 102 3.7
75 50 139 4.6
75 60 185 4.8
75 70 233 4.2
75 80 275 1.1
75 90 286 4.5
76 0 0 3.8
76 10 38 1.1
76 20 49 0.6
76 30 55 4.7
76 40 102 3.7
76 50 139 4.6
76 60 185 4.8
76 70 233 4.2
76 80 275 1.1
76 90 286 4.5
77 0 0 3.8
77 10 38 1.1
77 20 49 0.6
77 30 55 4.7
77 40 102 3.7
77 50 139 4.6
77 60 185 4.8
77 70 233 4.2
77 80 275 1.1
77 90 286 4.5
78 0 0 3.8
78 10 38 1.1
78 20 49 0.6
78 30 55 4.7
78 40 102 3.7
78 50 139 4.6
78 60 185 4.8
78 70 233 4.2
78 80 275 1.1
78 90 286 4.5
79 0 0 3.8
79 10 38 1.1
79 20 49 0.6
79 30 55 4.7
79 40 102 3.7
79 50 139 4.6
79 60 185 4.8
79 70 233 4.2
79 80 275 1.1
79 90 286 4.5
80 0 0 3.8
80 10 38 1.1
80 20 49 0.6
80 30 55 4.7
80 40 102 3.7
80 50 139 4.6
80 60 185 4.8
80 70 233 4.2
80 80 275 1.1
80 90 286 4.5
81 0 0 3.8
81 10 38 1.1
81 20 49 0.6
81 30 55 4.7
81 40 102 3.7
81 50 139 4.6
81 60 185 4.8
81 70 233 4.2
81 80 275 1.1
81 90 286 4.5
82 0 0 3.8
82 10 38 1.1
82 20 49 0.6
82 30 55 4.7
82 40 102 3.7
82 50 139 4.6
82 60 185 4.8
82 70 233 4.2
82 80 275 1.1
82 90 286 4.5
83 0 0 3.8
83 10 38 1.1
83 20 49 0.6
83 30 55 4.7
83 40 102 3.7
83 50 139 4.6
83 60 185 4.8
83 70 233 4.2
83 80 275 1.1
83 90 286 4.5
84 0 0 3.8
84 10 38 1.1
84 20 49 0.6
84 30 55 4.7
84 40 102 3.7
84 50 139 4.6
84 60 185 4.8
84 70 233 4.2
84 80 275 1.1
84 90 286 4.5
85 0 0 3.8
85 10 38 1.1
85 20 49 0.6
85 30 55 4.7
85 40 102 3.7
85 50 139 4.6
85 60 185 4.8
85 70 233 4.2
85 80 275 1.1
85 90 286 4.5
86 0 0 3.8
86 10 38 1.1
86 20 49 0.6
86 30 55 4.7
86 40 102 3.7
86 50 139 4.6
86 60 185 4.8
86 70 233 4.2
86 80 275 1.1
86 90 286 4.5
87 0 0 3.8
87 10 38 1.1
87 20 49 0.6
87 30 55 4.7
87 40 102 3.7
87 50 139 4.6
87 60 185 4.8
87 70 233 4.2
87 80 275 1.1
87 90 286 4.5
88 0 0 3.8
88 10 38 1.1
88 20 49 0.6
88 30 55 4.7
88 40 102 3.7
88 50 139 4.6
88 60 185 4.8
88 70 233 4.2
88 80 275 1.1
88 90 286 4.5
89 0 0 3.8
89 10 38 1.1
89 20 49 0.6
89 30 55 4.7
89 40 102 3.7
89 50 139 4.6
89 60 185 4.8
89 70 233 4.2
89 80 275 1.1
89 90 286 4.5
90 0 0 3.8
90 10 38 1.1
90 20 49 0.6
90 30 55 4.7
90 40 102 3.7
90 50 139 4.6
90 60 185 4.8
90 70 233 4.2
90 80 275 1.1
90 90 286 4.5
91 0 0 3.8
91 10 38 1.1
91 20 49 0.6
91 30 55 4.7
91 40 102 3.7
91 50 139 4.6
91 60 185 4.8
91 70 233 4.2
91 80 275 1.1
91 90 286 4.5
92 0 0 3.8
92 10 38 1.1
92 20 49 0.6
92 30 55 4.7
92 40 102 3.7
92 50 139 4.6
92 60 185 4.8
92 70 233 4.2
92 80 275 1.1
92 90 286 4.5
93 0 0 3.8
93 10 38 1.1
93 20 49 0.6
93 30 55 4.7
93 40 102 3.7
93 50 139 4.6
93 60 185 4.8
93 70 233 4.2
93 80 275 1.1
93 90 286 4.5
94 0 0 3.8
94 10 38 1.1
94 20 49 0.6
94 30 55 4.7
94 40 102 3.7
94 50 139 4.6
94 60 185 4.8
94 70 233 4.2
94 80 275 1.1
94 90 286 4.5
95 0 0 3.8
95 10 38 1.1
95 20 49 0.6
95 30 55 4.7
95 40 102 3.7
95 50 139 4.6
95 60 185 4.8
95 70 233 4.2
95 80 275 1.1
95 90 286 4.5
96 0 0 3.8
96 10 38 1.1
96 20 49 0.6
96 30 55 4.7
96 40 102 3.7
96 50 139 4.6
96 60 185 4.8
96 70 233 4.2
96 80 275 1.1
96 90 286 4.5
97 0 0 3.8
97 10 38 1.1
97 20 49 0.6
97 30 55 4.7
97 40 102 3.7
97 50 139 4.6
97 60 185 4.8
97 70 233 4.2
97 80 275 1.1
97 90 286 4.5
98 0 0 3.8
98 10 38 1.1
98 20 49 0.6
98 30 55 4.7
98 40 102 3.7
98 50 139 4.6
98 60 185 4.8
98 70 233 4.2
98 80 275 1.1
98 90 286 4.5
99 0 0 3.8
99 10 38 1.1
99 20 49 0.6
99 30 55 4.7
99 40 102 3.7
99 50 139 4.6
99 60 185 4.8
99 70 233 4.2
99 80 275 1.1
99 90 286 4.5
100 0 0 3.8
100 10 38 1.1
100 20 49 0.6
100 30 55 4.7
100 40 102 3.7
100 50 139 4.6
100 60 185 4.8
100 70 233 4.2
100 80 275 1.1
100 90 286 4.5
101 0 0 3.8
101 10 38 1.1
101 20 49 0.6
101 30 55 4.7
101 40 102 3.7
101 50 139 4.6
101 60 185 4.8
101 70 233 4.2
101 80 275 1.1
101 90 286 4.5
102 0 0 3.8
102 10 38 1.1
102 20 49 0.6
102 30 55 4.7
102 40 102 3.7
102 50 139 4.6
102 60 185 4.8
102 70 233 4.2
102 80 275 1.1
102 90 286 4.5
103 0 0 3.8
103 10 38 1.1
103 20 49 0.6
103 30 55 4.7
103 40 102 3.7
103 50 139 4.6
103 60 185 4.8
103 70 233 4.2
103 80 275 1.1
103 90 286 4.5
104 0 0 3.8
104 10 38 1.1
104 20 49 0.6
104 30 55 4.7
104 40 102 3.7
104 50 139 4.6
104 60 185 4.8
104 70 233 4.2
104 80 275 1.1
104 90 286 4.5
105 0 0 3.8
105 10 38 1.1
105 20 49 0.6
105 30 55 4.7
105 40 102 3.7
105 50 139 4.6
105 60 185 4.8
105 70 233 4.2
105 80 275 1.1
105 90 286 4.5
106 0 0 3.8
106 10 38 1.1
106 20 49 0.6
106 30 55 4.7
106 40 102 3.7
106 50 139 4.6
106 60 185 4.8
106 70 233 4.2
106 80 275 1.1
106 90 286 4.5
107 0 0 3.8
107 10 38 1.1
107 20 49 0.6
107 30 55 4.7
107 40 102 3.7
107 50 139 4.6
107 60 185 4.8
107 70 233 4.2
107 80 275 1.1
107 90 286 4.5
108 0 0 3.8
108 10 38 1.1
108 20 49 0.6
108 30 55 4.7
108 40 102 3.7
108 50 139 4.6
108 60 185 4.8
108 70 233 4.2
108 80 275 1.1
108 90 286 4.5
109 0 0 3.8
109 10 38 1.1
109 20 49 0.6
109 30 55 4.7
109 40 102 3.7
109 50 139 4.6
109 60 185 4.8
109 70 233 4.2
109 80 275 1.1
109 90 286 4.5
110 0 0 3.8
110 10 38 1.1
110 20 49 0.6
110 30 55 4.7
110 40 102 3.7
110 50 139 4.6
110 60 185 4.8
110 70 233 4.2
110 80 275 1.1
110 90 286 4.5
111 0 0 3.8
111 10 38 1.1
111 20 49 0.6
111 30 55 4.7
111 40 102 3.7
111 50 139 4.6
111 60 185 4.8
111 70 233 4.2
111 80 275 1.1
111 90 286 4.5
112 0 0 3.8
112 10 38 1.1
112 20 49 0.6
112 30 55 4.7
112 40 102 3.7
112 50 139 4.6
112 60 185 4.8
112 70 233 4.2
112 80 275 1.1
112 90 286 4.5
113 0 0 3.8
113 10 38 1.1
113 20 49 0.6
113 30 55 4.7
113 40 102 3.7
113 50 139 4.6
113 60 185 4.8
113 70 233 4.2
113 80 275 1.1
113 90 286 4.5
114 0 0 3.8
114 10 38 1.1
114 20 49 0.6
114 30 55 4.7
114 40 102 3.7
114 50 139 4.6
114 60 185 4.8
114 70 233 4.2
114 80 275 1.1
114 90 286 4.5
115 0 0 3.8
115 10 38 1.1
115 20 49 0.6
115 30 55 4.7
115 40 102 3.7
115 50 139 4.6
115 60 185 4.8
115 70 233 4.2
115 80 275 1.1
115 90 286 4.5
116 0 0 3.8
116 10 38 1.1
116 20 49 0.6
116 30 55 4.7
116 40 102 3.7
116 50 139 4.6
116 60 185 4.8
116 70 233 4.2
116 80 275 1.1
116 90 286 4.5
117 0 0 3.8
117 10 38 1.1
117 20 49 0.6
117 30 55 4.7
117 40 102 3.7
117 50 139 4.6
117 60 185 4.8
117 70 233 4.2
117 80 275 1.1
117 90 286 4.5
118 0 0 3.8
118 10 38 1.1
118 20 49 0.6
118 30 55 4.7
118 40 102 3.7
118 50 139 4.6
118 60 185 4.8
118 70 233 4.2
118 80 275 1.1
118 90 286 4.5
119 0 0 3.8
119 10 38 1.1
119 20 49 0.6
119 30 55 4.7
119 40 102 3.7
119 50 139 4.6
119 60 185 4.8
119 70 233 4.2
119 80 275 1.1
119 90 286 4.5
120 0 0 3.8
120 10 38 1.1
120 20 49 0.6
120 30 55 4.7
120 40 102 3.7
120 50 139 4.6
120 60 185 4.8
120 70 233 4.2
120 80 275 1.1
120 90 286 4.5
121 0 0 3.8
121 10 38 1.1
121 20 49 0.6
121 30 55 4.7
121 40 102 3.7
121 50 139 4.6
121 60 185 4.8
121 70 233 4.2
121 80 275 1.1
121 90 286 4.5
122 0 0 3.8
122 10 38 1.1
122 20 49 0.6
122 30 55 4.7
122 40 102 3.7
122 50 139 4.6
122 60 185 4.8
122 70 233 4.2
122 80 275 1.1
122 90 286 4.5
123 0 0 3.8
123 10 38 1.1
123 20 49 0.6
123 30 55 4.7
123 40 102 3.7
123 50 139 4.6
123 60 185 4.8
123 70 233 4.2
123 80 275 1.1
123 90 286 4.5
124 0 0 3.8
124 10 38 1.1
124 20 49 0.6
124 30 55 4.7
124 40 102 3.7
124 50 139 4.6
124 60 185 4.8
124 70 233 4.2
124 80 275 1.1
124 90 286 4.5
125 0 0 3.8
125 10 38 1.1
125 20 49 0.6
125 30 55 4.7
125 40 102 3.7
125 50 139 4.6
125 60 185 4.8
125 70 233 4.2
125 80 275 1.1
125 90 286 4.5
126 0 0 3.8
126 10 38 1.1
126 20 49 0.6
126 30 55 4.7
126 40 102 3.7
126 50 139 4.6
126 60 185 4.8
126 70 233 4.2
126 80 275 1.1
126 90 286 4.5
127 0 0 3.8
127 10 38 1.1
127 20 49 0.6
127 30 55 4.7
127 40 102 3.7
127 50 139 4.6
127 60 185 4.8
127 70 233 4.2
127 80 275 1.1
127 90 286 4.5
128 0 0 3.8
128 10 38 1.1
128 20 49 0.6
128 30 55 4.7
128 40 102 3.7
128 50 139 4.6
128 60 185 4.8
128 70 233 4.2
128 80 275 1.1
128 90 286 4.5
129 0 0 3.8
129 10 38 1.1
129 20 49 0.6
129 30 55 4.7
129 40 102 3.7
129 50 139 4.6
129 60 185 4.8
129 70 233 4.2
129 80 275 1.1
129 90 286 4.5
130 0 0 3.8
130 10 38 1.1
130 20 49 0.6
130 30 55 4.7
130 40 102 3.7
130 50 139 4.6
130 60 185 4.8
130 70 233 4.2
130 80 275 1.1
130 90 286 4.5
131 0 0 3.8
131 10 38 1.1
131 20 49 0.6
131 30 55 4.7
131 40 102 3.7
131 50 139 4.6
131 60 185 4.8
131 70 233 4.2
131 80 275 1.1
131 90 286 4.5
132 0 0 3.8
132 10 38 1.1
132 20 49 0.6
132 30 55 4.7
132 40 102 3.7
132 50 139 4.6
132 60 185 4.8
132 70 233 4.2
132 80 275 1.1
132 90 286 4.5
133 0 0 3.8
133 10 38 1.1
133 20 49 0.6
133 30 55 4.7
133 40 102 3.7
133 50 139 4.6
133 60 185 4.8
133 70 233 4.2
133 80 275 1.1
133 90 286 4.5
134 0 0 3.8
134 10 38 1.1
134 20 49 0.6
134 30 55 4.7
134 40 102 3.7
134 50 139 4.6
134 60 185 4.8
134 70 233 4.2
134 80 275 1.1
134 90 286 4.5
135 0 0 3.8
135 10 38 1.1
135 20 49 0.6
135 30 55 4.7
135 40 102 3.7
135 50 139 4.6
135 60 185 4.8
135 70 233 4.2
135 80 275 1.1
135 90 286 4.5
136 0 0 3.8
136 10 38 1.1
136 20 49 0.6
136 30 55 4.7
136 40 102 3.7
136 50 139 4.6
136 60 185 4.8
136 70 233 4.2
136 80 275 1.1
136 90 286 4.5
137 0 0 3.8
137 10 38 1.1
137 20 49 0.6
137 30 55 4.7
137 40 102 3.7
137 50 139 4.6
137 60 185 4.8
137 70 233 4.2
137 80 275 1.1
137 90 286 4.5
138 0 0 3.8
138 10 38 1.1
138 20 49 0.6
138 30 55 4.7
138 40 102 3.7
138 50 139 4.6
138 60 185 4.8
138 70 233 4.2
138 80 275 1.1
138 90 286 4.5
139 0 0 3.8
139 10 38 1.1
139 20 49 0.6
139 30 55 4.7
139 40 102 3.7
139 50 139 4.6
139 60 185 4.8
139 70 233 4.2
139 80 275 1.1
139 90 286 4.5
140 0 0 3.8
140 10 38 1.1
140 20 49 0.6
140 30 55 4.7
140 40 102 3.7
140 50 139 4.6
140 60 185 4.8
140 70 233 4.2
140 80 275 1.1
140 90 286 4.5
141 0 0 3.8
141 10 38 1.1
141 20 49 0.6
141 30 55 4.7
141 40 102 3.7
141 50 139 4.6
141 60 185 4.8
141 70 233 4.2
141 80 275 1.1
141 90 286 4.5
142 0 0 3.8
142 10 38 1.1
142 20 49 0.6
142 30 55 4.7
142 40 102 3.7
142 50 139 4.6
142 60 185 4.8
142 70 233 4.2
142 80 275 1.1
142 90 286 4.5
143 0 0 3.8
143 10 38 1.1
143 20 49 0.6
143 30 55 4.7
143 40 102 3.7
143 50 139 4.6
143 60 185 4.8
143 70 233 4.2
143 80 275 1.1
143 90 286 4.5
144 0 0 3.8
144 10 38 1.1
144 20 49 0.6
144 30 55 4.7
144 40 102 3.7
144 50 139 4.6
144 60 185 4.8
144 70 233 4.2
144 80 275 1.1
144 90 286 4.5
145 0 0 3.8
145 10 38 1.1
145 20 49 0.6
145 30 55 4.7
145 40 102 3.7
145 50 139 4.6
145 60 185 4.8
145 70 233 4.2
145 80 275 1.1
145 90 286 4.5
146 0 0 3.8
146 10 38 1.1
146 20 49 0.6
146 30 55 4.7
146 40 102 3.7
146 50 139 4.6
146 60 185 4.8
146 70 233 4.2
146 80 275 1.1
146 90 286 4.5
147 0 0 3.8
147 10 38 1.1
147 20 49 0.6
147 30 55 4.7
147 40 102 3.7
147 50 139 4.6
147 60 185 4.8
147 70 233 4.2
147 80 275 1.1
147 90 286 4.5
148 0 0 3.8
148 10 38 1.1
148 20 49 0.6
148 30 55 4.7
148 40 102 3.7
148 50 139 4.6
148 60 185 4.8
148 70 233 4.2
148 80 275 1.1
148 90 286 4.5
149 0 0 3.8
149 10 38 1.1
149 20 49 0.6
149 30 55 4.7
149 40 102 3.7
149 50 139 4.6
149 60 185 4.8
149 70 233 4.2
149 80 275 1.1
149 90 286 4.5
150 0 0 3.8
150 10 38 1.1
150 20 49 0.6
150 30 55 4.7
150 40 102 3.7
150 50 139 4.6
150 60 185 4.8
150 70 233 4.2
150 80 275 1.1
150 90 286 4.5
151 0 0 3.8
151 10 38 1.1
151 20 49 0.6
151 30 55 4.7
151 40 102 3.7
151 50 139 4.6
151 60 185 4.8
151 70 233 4.2
151 80 275 1.1
151 90 286 4.5
152 0 0 3.8
152 10 38 1.1
152 20 49 0.6
152 30 55 4.7
152 40 102 3.7
152 50 139 4.6
152 60 185 4.8
152 70 233 4.2
152 80 275 1.1
152 90 286 4.5
153 0 0 3.8
153 10 38 1.1
153 20 49 0.6
153 30 55 4.7
153 40 102 3.7
153 50 139 4.6
153 60 185 4.8
153 70 233 4.2
153 80 275 1.1
153 90 286 4.5
154 0 0 3.8
154 10 38 1.1
154 20 49 0.6
154 30 55 4.7
154 40 102 3.7
154 50 139 4.6
154 60 185 4.8
154 70 233 4.2
154 80 275 1.1
154 90 286 4.5
155 0 0 3.8
155 10 38 1.1
155 20 49 0.6
155 30 55 4.7
155 40 102 3.7
155 50 139 4.6
155 60 185 4.8
155 70 233 4.2
155 80 275 1.1
155 90 286 4.5
156 0 0 3.8
156 10 38 1.1
156 20 49 0.6
156 30 55 4.7
156 40 102 3.7
156 50 139 4.6
156 60 185 4.8
156 70 233 4.2
156 80 275 1.1
156 90 286 4.5
157 0 0 3.8
157 10 38 1.1
157 20 49 0.6
157 30 55 4.7
157 40 102 3.7
157 50 139 4.6
157 60 185 4.8
157 70 233 4.2
157 80 275 1.1
157 90 286 4.5
158 0 0 3.8
158 10 38 1.1
158 20 49 0.6
158 30 55 4.7
158 40 102 3.7
158 50 139 4.6
158 60 185 4.8
158 70 233 4.2
158 80 275 1.1
158 90 286 4.5
159 0 0 3.8
159 10 38 1.1
159 20 49 0.6
159 30 55 4.7
159 40 102 3.7
159 50 139 4.6
159 60 185 4.8
159 70 233 4.2
159 80 275 1.1
159 90 286 4.5
160 0 0 3.8
160 10 38 1.1
160 20 49 0.6
160 30 55 4.7
160 40 102 3.7
160 50 139 4.6
160 60 185 4.8
160 70 233 4.2
160 80 275 1.1
160 90 286 4.5
161 0 0 3.8
161 10 38 1.1
161 20 49 0.6
161 30 55 4.7
161 40 102 3.7
161 50 139 4.6
161 60 185 4.8
161 70 233 4.2
161 80 275 1.1
161 90 286 4.5
162 0 0 3.8
162 10 38 1.1
162 20 49 0.6
162 30 55 4.7
162 40 102 3.7
162 50 139 4.6
162 60 185 4.8
162 70 233 4.2
162 80 275 1.1
162 90 286 4.5
163 0 0 3.8
163 10 38 1.1
163 20 49 0.6
163 30 55 4.7
163 40 102 3.7
163 50 139 4.6
163 60 185 4.8
163 70 233 4.2
163 80 275 1.1
163 90 286 4.5
164 0 0 3.8
164 10 38 1.1
164 20 49 0.6
164 30 55 4.7
164 40 102 3.7
164 50 139 4.6
164 60 185 4.8
164 70 233 4.2
164 80 275 1.1
164 90 286 4.5
165 0 0 3.8
165 10 38 1.1
165 20 49 0.6
165 30 55 4.7
165 40 102 3.7
165 50 139 4.6
165 60 185 4.8
165 70 233 4.2
165 80 275 1.1
165 90 286 4.5
166 0 0 3.8
166 10 38 1.1
166 20 49 0.6
166 30 55 4.7
166 40 102 3.7
166 50 139 4.6
166 60 185 4.8
166 70 233 4.2
166 80 275 1.1
166 90 286 4.5
167 0 0 3.8
167 10 38 1.1
167 20 49 0.6
167 30 55 4.7
167 40 102 3.7
167 50 139 4.6
167 60 185 4.8
167 70 233 4.2
167 80 275 1.1
167 90 286 4.5
168 0 0 3.8
168 10 38 1.1
168 20 49 0.6
168 30 55 4.7
168 40 102 3.7
168 50 139 4.6
168 60 185 4.8
168 70 233 4.2
168 80 275 1.1
168 90 286 4.5
169 0 0 3.8
169 10 38 1.1
169 20 49 0.6
169 30 55 4.7
169 40 102 3.7
169 50 139 4.6
169 60 185 4.8
169 70 233 4.2
169 80 275 1.1
169 90 286 4.5
170 0 0 3.8
170 10 38 1.1
170 20 49 0.6
170 30 55 4.7
170 40 102 3.7
170 50 139 4.6
170 60 185 4.8
170 70 233 4.2
170 80 275 1.1
170 90 286 4.5
171 0 0 3.8
171 10 38 1.1
171 20 49 0.6
171 30 55 4.7
171 40 102 3.7
171 50 139 4.6
171 60 185 4.8
171 70 233 4.2
171 80 275 1.1
171 90 286 4.5
172 0 0 3.8
172 10 38 1.1
172 20 49 0.6
172 30 55 4.7
172 40 102 3.7
172 50 139 4.6
172 60 185 4.8
172 70 233 4.2
172 80 275 1.1
172 90 286 4.5
173 0 0 3.8
173 10 38 1.1
173 20 49 0.6
173 30 55 4.7
173 40 102 3.7
173 50 139 4.6
173 60 185 4.8
173 70 233 4.2
173 80 275 1.1
173 90 286 4.5
174 0 0 3.8
174 10 38 1.1
174 20 49 0.6
174 30 55 4.7
174 40 102 3.7
174 50 139 4.6
174 60 185 4.8
174 70 233 4.2
174 80 275 1.1
174 90 286 4.5
175 0 0 3.8
175 10 38 1.1
175 20 49 0.6
175 30 55 4.7
175 40 102 3.7
175 50 139 4.6
175 60 185 4.8
175 70 233 4.2
175 80 275 1.1
175 90 286 4.5
176 0 0 3.8
176 10 38 1.1
176 20 49 0.6
176 30 55 4.7
176 40 102 3.7
176 50 139 4.6
176 60 185 4.8
176 70 233 4.2
176 80 275 1.1
176 90 286 4.5
177 0 0 3.8
177 10 38 1.1
177 20 49 0.6
177 30 55 4.7
177 40 102 3.7
177 50 139 4.6
177 60 185 4.8
177 70 233 4.2
177 80 275 1.1
177 90 286 4.5
178 0 0 3.8
178 10 38 1.1
178 20 49 0.6
178 30 55 4.7
178 40 102 3.7
178 50 139 4.6
178 60 185 4.8
178 70 233 4.2
178 80 275 1.1
178 90 286 4.5
179 0 0 3.8
179 10 38 1.1
179 20 49 0.6
179 30 55 4.7
179 40 102 3.7
179 50 139 4.6
179 60 185 4.8
179 70 233 4.2
179 80 275 1.1
179 90 286 4.5
180 0 0 3.8
180 10 38 1.1
180 20 49 0.6
180 30 55 4.7
180 40 102 3.7
180 50 139 4.6
180 60 185 4.8
180 70 233 4.2
180 80 275 1.1
180 90 286 4.5
181 0 0 3.8
181 10 38 1.1
181 20 49 0.6
181 30 55 4.7
181 40 102 3.7
181 50 139 4.6
181 60 185 4.8
181 70 233 4.2
181 80 275 1.1
181 90 286 4.5
182 0 0 3.8
182 10 38 1.1
182 20 49 0.6
182 30 55 4.7
182 40 102 3.7
182 50 139 4.6
182 60 185 4.8
182 70 233 4.2
182 80 275 1.1
182 90 286 4.5
183 0 0 3.8
183 10 38 1.1
183 20 49 0.6
183 30 55 4.7
183 40 102 3.7
183 50 139 4.6
183 60 185 4.8
183 70 233 4.2
183 80 275 1.1
183 90 286 4.5
184 0 0 3.8
184 10 38 1.1
184 20 49 0.6
184 30 55 4.7
184 40 102 3.7
184 50 139 4.6
184 60 185 4.8
184 70 233 4.2
184 80 275 1.1
184 90 286 4.5
185 0 0 3.8
185 10 38 1.1
185 20 49 0.6
185 30 55 4.7
185 40 102 3.7
185 50 139 4.6
185 60 185 4.8
185 70 233 4.2
185 80 275 1.1
185 90 286 4.5
186 0 0 3.8
186 10 38 1.1
186 20 49 0.6
186 30 55 4.7
186 40 102 3.7
186 50 139 4.6
186 60 185 4.8
186 70 233 4.2
186 80 275 1.1
186 90 286 4.5
187 0 0 3.8
187 10 38 1.1
187 20 49 0.6
187 30 55 4.7
187 40 102 3.7
187 50 139 4.6
187 60 185 4.8
187 70 233 4.2
187 80 275 1.1
187 90 286 4.5
188 0 0 3.8
188 10 38 1.1
188 20 49 0.6
188 30 55 4.7
188 40 102 3.7
188 50 139 4.6
188 60 185 4.8
188 70 233 4.2
188 80 275 1.1
188 90 286 4.5
189 0 0 3.8
189 10 38 1.1
189 20 49 0.6
189 30 55 4.7
189 40 102 3.7
189 50 139 4.6
189 60 185 4.8
189 70 233 4.2
189 80 275 1.1
189 90 286 4.5
190 0 0 3.8
190 10 38 1.1
190 20 49 0.6
190 30 55 4.7
190 40 102 3.7
190 50 139 4.6
190 60 185 4.8
190 70 233 4.2
190 80 275 1.1
190 90 286 4.5
191 0 0 3.8
191 10 38 1.1
191 20 49 0.6
191 30 55 4.7
191 40 102 3.7
191 50 139 4.6
191 60 185 4.8
191 70 233 4.2
191 80 275 1.1
191 90 286 4.5
192 0 0 3.8
192 10 38 1.1
192 20 49 0.6
192 30 55 4.7
192 40 102 3.7
192 50 139 4.6
192 60 185 4.8
192 70 233 4.2
192 80 275 1.1
192 90 286 4.5
193 0 0 3.8
193 10 38 1.1
193 20 49 0.6
193 30 55 4.7
193 40 102 3.7
193 50 139 4.6
193 60 185 4.8
193 70 233 4.2
193 80 275 1.1
193 90 286 4.5
194 0 0 3.8
194 10 38 1.1
194 20 49 0.6
194 30 55 4.7
194 40 102 3.7
194 50 139 4.6
194 60 185 4.8
194 70 233 4.2
194 80 275 1.1
194 90 286 4.5
195 0 0 3.8
195 10 38 1.1
195 20 49 0.6
195 30 55 4.7
195 40 102 3.7
195 50 139 4.6
195 60 185 4.8
195 70 233 4.2
195 80 275 1.1
195 90 286 4.5
196 0 0 3.8
196 10 38 1.1
196 20 49 0.6
196 30 55 4.7
196 40 102 3.7
196 50 139 4.6
196 60 185 4.8
196 70 233 4.2
196 80 275 1.1
196 90 286 4.5
197 0 0 3.8
197 10 38 1.1
197 20 49 0.6
197 30 55 4.7
197 40 102 3.7
197 50 139 4.6
197 60 185 4.8
197 70 233 4.2
197 80 275 1.1
197 90 286 4.5
198 0 0 3.8
198 10 38 1.1
198 20 49 0.6
198 30 55 4.7
198 40 102 3.7
198 50 139 4.6
198 60 185 4.8
198 70 233 4.2
198 80 275 1.1
198 90 286 4.5
199 0 0 3.8
199 10 38 1.1
199 20 49 0.6
199 30 55 4.7
199 40 102 3.7
199 50 139 4.6
199 60 185 4.8
199 70 233 4.2
199 80 275 1.1
199 90 286 4.5
200 0 0 3.8
200 10 38 1.1
200 20 49 0.6
200 30 55 4.7
200 40 102 3.7
200 50 139 4.6
200 60 185 4.8
200 70 233 4.2
200 80 275 1.1
200 90 286 4.5
201 0 0 3.8
201 10 38 1.1
201 20 49 0.6
201 30 55 4.7
201 40 102 3.7
201 50 139 4.6
201 60 185 4.8
201 70 233 4.2
201 80 275 1.1
201 90 286 4.5
202 0 0 3.8
202 10 38 1.1
202 20 49 0.6
202 30 55 4.7
202 40 102 3.7
202 50 139 4.6
202 60 185 4.8
202 70 233 4.2
202 80 275 1.1
202 90 286 4.5
203 0 0 3.8
203 10 38 1.1
203 20 49 0.6
203 30 55 4.7
203 40 102 3.7
203 50 139 4.6
203 60 185 4.8
203 70 233 4.2
203 80 275 1.1
203 90 286 4.5
204 0 0 3.8
204 10 38 1.1
204 20 49 0.6
204 30 55 4.7
204 40 102 3.7
204 50 139 4.6
204 60 185 4.8
204 70 233 4.2
204 80 275 1.1
204 90 286 4.5
205 0 0 3.8
205 10 38 1.1
205 20 49 0.6
205 30 55 4.7
205 40 102 3.7
205 50 139 4.6
205 60 185 4.8
205 70 233 4.2
205 80 275 1.1
205 90 286 4.5
206 0 0 3.8
206 10 38 1.1
206 20 49 0.6
206 30 55 4.7
206 40 102 3.7
206 50 139 4.6
206 60 185 4.8
206 70 233 4.2
206 80 275 1.1
206 90 286 4.5
207 0 0 3.8
207 10 38 1.1
207 20 49 0.6
207 30 55 4.7
207 40 102 3.7
207 50 139 4.6
207 60 185 4.8
207 70 233 4.2
207 80 275 1.1
207 90 286 4.5
208 0 0 3.8
208 10 38 1.1
208 20 49 0.6
208 30 55 4.7
208 40 102 3.7
208 50 139 4.6
208 60 185 4.8
208 70 233 4.2
208 80 275 1.1
208 90 286 4.5
209 0 0 3.8
209 10 38 1.1
209 20 49 0.6
209 30 55 4.7
209 40 102 3.7
209 50 139 4.6
209 60 185 4.8
209 70 233 4.2
209 80 275 1.1
209 90 286 4.5
210 0 0 3.8
210 10 38 1.1
210 20 49 0.6
210 30 55 4.7
210 40 102 3.7
210 50 139 4.6
210 60 185 4.8
210 70 233 4.2
210 80 275 1.1
210 90 286 4.5
211 0 0 3.8
211 10 38 1.1
211 20 49 0.6
211 30 55 4.7
211 40 102 3.7
211 50 139 4.6
211 60 185 4.8
211 70 233 4.2
211 80 275 1.1
211 90 286 4.5
212 0 0 3.8
212 10 38 1.1
212 20 49 0.6
212 30 55 4.7
212 40 102 3.7
212 50 139 4.6
212 60 185 4.8
212 70 233 4.2
212 80 275 1.1
212 90 286 4.5
213 0 0 3.8
213 10 38 1.1
213 20 49 0.6
213 30 55 4.7
213 40 102 3.7
213 50 139 4.6
213 60 185 4.8
213 70 233 4.2
213 80 275 1.1
213 90 286 4.5
214 0 0 3.8
214 10 38 1.1
214 20 49 0.6
214 30 55 4.7
214 40 102 3.7
214 50 139 4.6
214 60 185 4.8
214 70 233 4.2
214 80 275 1.1
214 90 286 4.5
215 0 0 3.8
215 10 38 1.1
215 20 49 0.6
215 30 55 4.7
215 40 102 3.7
215 50 139 4.6
215 60 185 4.8
215 70 233 4.2
215 80 275 1.1
215 90 286 4.5
216 0 0 3.8
216 10 38 1.1
216 20 49 0.6
216 30 55 4.7
216 40 102 3.7
216 50 139 4.6
216 60 185 4.8
216 70 233 4.2
216 80 275 1.1
216 90 286 4.5
217 0 0 3.8
217 10 38 1.1
217 20 49 0.6
217 30 55 4.7
217 40 102 3.7
217 50 139 4.6
217 60 185 4.8
217 70 233 4.2
217 80 275 1.1
217 90 286 4.5
218 0 0 3.8
218 10 38 1.1
218 20 49 0.6
218 30 55 4.7
218 40 102 3.7
218 50 139 4.6
218 60 185 4.8
218 70 233 4.2
218 80 275 1.1
218 90 286 4.5
219 0 0 3.8
219 10 38 1.1
219 20 49 0.6
219 30 55 4.7
219 40 102 3.7
219 50 139 4.6
219 60 185 4.8
219 70 233 4.2
219 80 275 1.1
219 90 286 4.5
220 0 0 3.8
220 10 38 1.1
220 20 49 0.6
220 30 55 4.7
220 40 102 3.7
220 50 139 4.6
220 60 185 4.8
220 70 233 4.2
220 80 275 1.1
220 90 286 4.5
221 0 0 3.8
221 10 38 1.1
221 20 49 0.6
221 30 55 4.7
221 40 102 3.7
221 50 139 4.6
221 60 185 4.8
221 70 233 4.2
221 80 275 1.1
221 90 286 4.5
222 0 0 3.8
222 10 38 1.1
222 20 49 0.6
222 30 55 4.7
222 40 102 3.7
222 50 139 4.6
222 60 185 4.8
222 70 233 4.2
222 80 275 1.1
222 90 286 4.5
223 0 0 3.8
223 10 38 1.1
223 20 49 0.6
223 30 55 4.7
223 40 102 3.7
223 50 139 4.6
223 60 185 4.8
223 70 233 4.2
223 80 275 1.1
223 90 286 4.5
224 0 0 3.8
224 10 38 1.1
224 20 49 0.6
224 30 55 4.7
224 40 102 3.7
224 50 139 4.6
224 60 185 4.8
224 70 233 4.2
224 80 275 1.1
224 90 286 4.5
225 0 0 3.8
225 10 38 1.1
225 20 49 0.6
225 30 55 4.7
225 40 102 3.7
225 50 139 4.6
225 60 185 4.8
225 70 233 4.2
225 80 275 1.1
225 90 286 4.5
226 0 0 3.8
226 10 38 1.1
226 20 49 0.6
226 30 55 4.7
226 40 102 3.7
226 50 139 4.6
226 60 185 4.8
226 70 233 4.2
226 80 275 1.1
226 90 286 4.5
227 0 0 3.8
227 10 38 1.1
227 20 49 0.6
227 30 55 4.7
227 40 102 3.7
227 50 139 4.6
227 60 185 4.8
227 70 233 4.2
227 80 275 1.1
227 90 286 4.5
228 0 0 3.8
228 10 38 1.1
228 20 49 0.6
228 30 55 4.7
228 40 102 3.7
228 50 139 4.6
228 60 185 4.8
228 70 233 4.2
228 80 275 1.1
228 90 286 4.5
229 0 0 3.8
229 10 38 1.1
229 20 49 0.6
229 30 55 4.7
229 40 102 3.7
229 50 139 4.6
229 60 185 4.8
229 70 233 4.2
229 80 275 1.1
229 90 286 4.5
230 0 0 3.8
230 10 38 1.1
230 20 49 0.6
230 30 55 4.7
230 40 102 3.7
230 50 139 4.6
230 60 185 4.8
230 70 233 4.2
230 80 275 1.1
230 90 286 4.5
231 0 0 3.8
231 10 38 1.1
231 20 49 0.6
231 30 55 4.7
231 40 102 3.7
231 50 139 4.6
231 60 185 4.8
231 70 233 4.2
231 80 275 1.1
231 90 286 4.5
232 0 0 3.8
232 10 38 1.1
232 20 49 0.6
232 30 55 4.7
232 40 102 3.7
232 50 139 4.6
232 60 185 4.8
232 70 233 4.2
232 80 275 1.1
232 90 286 4.5
233 0 0 3.8
233 10 38 1.1
233 20 49 0.6
233 30 55 4.7
233 40 102 3.7
233 50 139 4.6
233 60 185 4.8
233 70 233 4.2
233 80 275 1.1
233 90 286 4.5
234 0 0 3.8
234 10 38 1.1
234 20 49 0.6
234 30 55 4.7
234 40 102 3.7
234 50 139 4.6
234 60 185 4.8
234 70 233 4.2
234 80 275 1.1
234 90 286 4.5
235 0 0 3.8
235 10 38 1.1
235 20 49 0.6
235 30 55 4.7
235 40 102 3.7
235 50 139 4.6
235 60 185 4.8
235 70 233 4.2
235 80 275 1.1
235 90 286 4.5
236 0 0 3.8
236 10 38 1.1
236 20 49 0.6
236 30 55 4.7
236 40 102 3.7
236 50 139 4.6
236 60 185 4.8
236 70 233 4.2
236 80 275 1.1
236 90 286 4.5
237 0 0 3.8
237 10 38 1.1
237 20 49 0.6
237 30 55 4.7
237 40 102 3.7
237 50 139 4.6
237 60 185 4.8
237 70 233 4.2
237 80 275 1.1
237 90 286 4.5
238 0 0 3.8
238 10 38 1.1
238 20 49 0.6
238 30 55 4.7
238 40 102 3.7
238 50 139 4.6
238 60 185 4.8
238 70 233 4.2
238 80 275 1.1
238 90 286 4.5
239 0 0 3.8
239 10 38 1.1
239 20 49 0.6
239 30 55 4.7
239 40 102 3.7
239 50 139 4.6
239 60 185 4.8
239 70 233 4.2
239 80 275 1.1
239 90 286 4.5
240 0 0 3.8
240 10 38 1.1
240 20 49 0.6
240 30 55 4.7
240 40 102 3.7
240 50 139 4.6
240 60 185 4.8
240 70 233 4.2
240 80 275 1.1
240 90 286 4.5
241 0 0 3.8
241 10 38 1.1
241 20 49 0.6
241 30 55 4.7
241 40 102 3.7
241 50 139 4.6
241 60 185 4.8
241 70 233 4.2
241 80 275 1.1
241 90 286 4.5
242 0 0 3.8
242 10 38 1.1
242 20 49 0.6
242 30 55 4.7
242 40 102 3.7
242 50 139 4.6
242 60 185 4.8
242 70 233 4.2
242 80 275 1.1
242 90 286 4.5
243 0 0 3.8
243 10 38 1.1
243 20 49 0.6
243 30 55 4.7
243 40 102 3.7
243 50 139 4.6
243 60 185 4.8
243 70 233 4.2
243 80 275 1.1
243 90 286 4.5
244 0 0 3.8
244 10 38 1.1
244 20 49 0.6
244 30 55 4.7
244 40 102 3.7
244 50 139 4.6
244 60 185 4.8
244 70 233 4.2
244 80 275 1.1
244 90 286 4.5
245 0 0 3.8
245 10 38 1.1
245 20 49 0.6
245 30 55 4.7
245 40 102 3.7
245 50 139 4.6
245 60 185 4.8
245 70 233 4.2
245 80 275 1.1
245 90 286 4.5
246 0 0 3.8
246 10 38 1.1
246 20 49 0.6
246 30 55 4.7
246 40 102 3.7
246 50 139 4.6
246 60 185 4.8
246 70 233 4.2
246 80 275 1.1
246 90 286 4.5
247 0 0 3.8
247 10 38 1.1
247 20 49 0.6
247 30 55 4.7
247 40 102 3.7
247 50 139 4.6
247 60 185 4.8
247 70 233 4.2
247 80 275 1.1
247 90 286 4.5
248 0 0 3.8
248 10 38 1.1
248 20 49 0.6
248 30 55 4.7
248 40 102 3.7
248 50 139 4.6
248 60 185 4.8
248 70 233 4.2
248 80 275 1.1
248 90 286 4.5
249 0 0 3.8
249 10 38 1.1
249 20 49 0.6
249 30 55 4.7
249 40 102 3.7
249 50 139 4.6
249 60 185 4.8
249 70 233 4.2
249 80 275 1.1
249 90 286 4.5
250 0 0 3.8
250 10 38 1.1
250 20 49 0.6
250 30 55 4.7
250 40 102 3.7
250 50 139 4.6
250 60 185 4.8
250 70 233 4.2
250 80 275 1.1
250 90 286 4.5
251 0 0 3.8
251 10 38 1.1
251 20 49 0.6
251 30 55 4.7
251 40 102 3.7
251 50 139 4.6
251 60 185 4.8
251 70 233 4.2
251 80 275 1.1
251 90 286 4.5
252 0 0 3.8
252 10 38 1.1
252 20 49 0.6
252 30 55 4.7
252 40 102 3.7
252 50 139 4.6
252 60 185 4.8
252 70 233 4.2
252 80 275 1.1
252 90 286 4.5
253 0 0 3.8
253 10 38 1.1
253 20 49 0.6
253 30 55 4.7
253 40 102 3.7
253 50 139 4.6
253 60 185 4.8
253 70 233 4.2
253 80 275 1.1
253 90 286 4.5
254 0 0 3.8
254 10 38 1.1
254 20 49 0.6
254 30 55 4.7
254 40 102 3.7
254 50 139 4.6
254 60 185 4.8
254 70 233 4.2
254 80 275 1.1
254 90 286 4.5
255 0 0 3.8
255 10 38 1.1
255 20 49 0.6
255 30 55 4.7
255 40 102 3.7
255 50 139 4.6
255 60 185 4.8
255 70 233 4.2
255 80 275 1.1
255 90 286 4.5
256 0 0 3.8
256 10 38 1.1
256 20 49 0.6
256 30 55 4.7
256 40 102 3.7
256 50 139 4.6
256 60 185 4.8
256 70 233 4.2
256 80 275 1.1
256 90 286 4.5
257 0 0 3.8
257 10 38 1.1
257 20 49 0.6
257 30 55 4.7
257 40 102 3.7
257 50 139 4.6
257 60 185 4.8
257 70 233 4.2
257 80 275 1.1
257 90 286 4.5
258 0 0 3.8
258 10 38 1.1
258 20 49 0.6
258 30 55 4.7
258 40 102 3.7
258 50 139 4.6
258 60 185 4.8
258 70 233 4.2
258 80 275 1.1
258 90 286 4.5
259 0 0 3.8
259 10 38 1.1
259 20 49 0.6
259 30 55 4.7
259 40 102 3.7
259 50 139 4.6
259 60 185 4.8
259 70 233 4.2
259 80 275 1.1
259 90 286 4.5
260 0 0 3.8
260 10 38 1.1
260 20 49 0.6
260 30 55 4.7
260 40 102 3.7
260 50 139 4.6
260 60 185 4.8
260 70 233 4.2
260 80 275 1.1
260 90 286 4.5
261 0 0 3.8
261 10 38 1.1
261 20 49 0.6
261 30 55 4.7
261 40 102 3.7
261 50 139 4.6
261 60 185 4.8
261 70 233 4.2
261 80 275 1.1
261 90 286 4.5
262 0 0 3.8
262 10 38 1.1
262 20 49 0.6
262 30 55 4.7
262 40 102 3.7
262 50 139 4.6
262 60 185 4.8
262 70 233 4.2
262 80 275 1.1
262 90 286 4.5
263 0 0 3.8
263 10 38 1.1
263 20 49 0.6
263 30 55 4.7
263 40 102 3.7
263 50 139 4.6
263 60 185 4.8
263 70 233 4.2
263 80 275 1.1
263 90 286 4.5
264 0 0 3.8
264 10 38 1.1
264 20 49 0.6
264 30 55 4.7
264 40 102 3.7
264 50 139 4.6
264 60 185 4.8
264 70 233 4.2
264 80 275 1.1
264 90 286 4.5
265 0 0 3.8
265 10 38 1.1
265 20 49 0.6
265 30 55 4.7
265 40 102 3.7
265 50 139 4.6
265 60 185 4.8
265 70 233 4.2
265 80 275 1.1
265 90 286 4.5
266 0 0 3.8
266 10 38 1.1
266 20 49 0.6
266 30 55 4.7
266 40 102 3.7
266 50 139 4.6
266 60 185 4.8
266 70 233 4.2
266 80 275 1.1
266 90 286 4.5
267 0 0 3.8
267 10 38 1.1
267 20 49 0.6
267 30 55 4.7
267 40 102 3.7
267 50 139 4.6
267 60 185 4.8
267 70 233 4.2
267 80 275 1.1
267 90 286 4.5
268 0 0 3.8
268 10 38 1.1
268 20 49 0.6
268 30 55 4.7
268 40 102 3.7
268 50 139 4.6
268 60 185 4.8
268 70 233 4.2
268 80 275 1.1
268 90 286 4.5
269 0 0 3.8
269 10 38 1.1
269 20 49 0.6
269 30 55 4.7
269 40 102 3.7
269 50 139 4.6
269 60 185 4.8
269 70 233 4.2
269 80 275 1.1
269 90 286 4.5
270 0 0 3.8
270 10 38 1.1
270 20 49 0.6
270 30 55 4.7
270 40 102 3.7
270 50 139 4.6
270 60 185 4.8
270 70 233 4.2
270 80 275 1.1
270 90 286 4.5
271 0 0 3.8
271 10 38 1.1
271 20 49 0.6
271 30 55 4.7
271 40 102 3.7
271 50 139 4.6
271 60 185 4.8
271 70 233 4.2
271 80 275 1.1
271 90 286 4.5
272 0 0 3.8
272 10 38 1.1
272 20 49 0.6
272 30 55 4.7
272 40 102 3.7
272 50 139 4.6
272 60 185 4.8
272 70 233 4.2
272 80 275 1.1
272 90 286 4.5
273 0 0 3.8
273 10 38 1.1
273 20 49 0.6
273 30 55 4.7
273 40 102 3.7
273 50 139 4.6
273 60 185 4.8
273 70 233 4.2
273 80 275 1.1
273 90 286 4.5
274 0 0 3.8
274 10 38 1.1
274 20 49 0.6
274 30 55 4.7
274 40 102 3.7
274 50 139 4.6
274 60 185 4.8
274 70 233 4.2
274 80 275 1.1
274 90 286 4.5
275 0 0 3.8
275 10 38 1.1
275 20 49 0.6
275 30 55 4.7
275 40 102 3.7
275 50 139 4.6
275 60 185 4.8
275 70 233 4.2
275 80 275 1.1
275 90 286 4.5
276 0 0 3.8
276 10 38 1.1
276 20 49 0.6
276 30 55 4.7
276 40 102 3.7
276 50 139 4.6
276 60 185 4.8
276 70 233 4.2
276 80 275 1.1
276 90 286 4.5
277 0 0 3.8
277 10 38 1.1
277 20 49 0.6
277 30 55 4.7
277 40 102 3.7
277 50 139 4.6
277 60 185 4.8
277 70 233 4.2
277 80 275 1.1
277 90 286 4.5
278 0 0 3.8
278 10 38 1.1
278 20 49 0.6
278 30 55 4.7
278 40 102 3.7
278 50 139 4.6
278 60 185 4.8
278 70 233 4.2
278 80 275 1.1
278 90 286 4.5
279 0 0 3.8
279 10 38 1.1
279 20 49 0.6
279 30 55 4.7
279 40 102 3.7
279 50 139 4.6
279 60 185 4.8
279 70 233 4.2
279 80 275 1.1
279 90 286 4.5
280 0 0 3.8
280 10 38 1.1
280 20 49 0.6
280 30 55 4.7
280 40 102 3.7
280 50 139 4.6
280 60 185 4.8
280 70 233 4.2
280 80 275 1.1
280 90 286 4.5
281 0 0 3.8
281 10 38 1.1
281 20 49 0.6
281 30 55 4.7
281 40 102 3.7
281 50 139 4.6
281 60 185 4.8
281 70 233 4.2
281 80 275 1.1
281 90 286 4.5
282 0 0 3.8
282 10 38 1.1
282 20 49 0.6
282 30 55 4.7
282 40 102 3.7
282 50 139 4.6
282 60 185 4.8
282 70 233 4.2
282 80 275 1.1
282 90 286 4.5
283 0 0 3.8
283 10 38 1.1
283 20 49 0.6
283 30 55 4.7
283 40 102 3.7
283 50 139 4.6
283 60 185 4.8
283 70 233 4.2
283 80 275 1.1
283 90 286 4.5
284 0 0 3.8
284 10 38 1.1
284 20 49 0.6
284 30 55 4.7
284 40 102 3.7
284 50 139 4.6
284 60 185 4.8
284 70 233 4.2
284 80 275 1.1
284 90 286 4.5
285 0 0 3.8
285 10 38 1.1
285 20 49 0.6
285 30 55 4.7
285 40 102 3.7
285 50 139 4.6
285 60 185 4.8
285 70 233 4.2
285 80 275 1.1
285 90 286 4.5
286 0 0 3.8
286 10 38 1.1
286 20 49 0.6
286 30 55 4.7
286 40 102 3.7
286 50 139 4.6
286 60 185 4.8
286 70 233 4.2
286 80 275 1.1
286 90 286 4.5
287 0 0 3.8
287 10 38 1.1
287 20 49 0.6
287 30 55 4.7
287 40 102 3.7
287 50 139 4.6
287 60 185 4.8
287 70 233 4.2
287 80 275 1.1
287 90 286 4.5
288 0 0 3.8
288 10 38 1.1
288 20 49 0.6
288 30 55 4.7
288 40 102 3.7
288 50 139 4.6
288 60 185 4.8
288 70 233 4.2
288 80 275 1.1
288 90 286 4.5
289 0 0 3.8
289 10 38 1.1
289 20 49 0.6
289 30 55 4.7
289 40 102 3.7
289 50 139 4.6
289 60 185 4.8
289 70 233 4.2
289 80 275 1.1
289 90 286 4.5
290 0 0 3.8
290 10 38 1.1
290 20 49 0.6
290 30 55 4.7
290 40 102 3.7
290 50 139 4.6
290 60 185 4.8
290 70 233 4.2
290 80 275 1.1
290 90 286 4.5
291 0 0 3.8
291 10 38 1.1
291 20 49 0.6
291 30 55 4.7
291 40 102 3.7
291 50 139 4.6
291 60 185 4.8
291 70 233 4.2
291 80 275 1.1
291 90 286 4.5
292 0 0 3.8
292 10 38 1.1
292 20 49 0.6
292 30 55 4.7
292 40 102 3.7
292 50 139 4.6
292 60 185 4.8
292 70 233 4.2
292 80 275 1.1
292 90 286 4.5
293 0 0 3.8
293 10 38 1.1
293 20 49 0.6
293 30 55 4.7
293 40 102 3.7
293 50 139 4.6
293 60 185 4.8
293 70 233 4.2
293 80 275 1.1
293 90 286 4.5
294 0 0 3.8
294 10 38 1.1
294 20 49 0.6
294 30 55 4.7
294 40 102 3.7
294 50 139 4.6
294 60 185 4.8
294 70 233 4.2
294 80 275 1.1
294 90 286 4.5
295 0 0 3.8
295 10 38 1.1
295 20 49 0.6
295 30 55 4.7
295 40 102 3.7
295 50 139 4.6
295 60 185 4.8
295 70 233 4.2
295 80 275 1.1
295 90 286 4.5
296 0 0 3.8
296 10 38 1.1
296 20 49 0.6
296 30 55 4.7
296 40 102 3.7
296 50 139 4.6
296 60 185 4.8
296 70 233 4.2
296 80 275 1.1
296 90 286 4.5
297 0 0 3.8
297 10 38 1.1
297 20 49 0.6
297 30 55 4.7
297 40 102 3.7
297 50 139 4.6
297 60 185 4.8
297 70 233 4.2
297 80 275 1.1
297 90 286 4.5
298 0 0 3.8
298 10 38 1.1
298 20 49 0.6
298 30 55 4.7
298 40 102 3.7
298 50 139 4.6
298 60 185 4.8
298 70 233 4.2
298 80 275 1.1
298 90 286 4.5
299 0 0 3.8
299 10 38 1.1
299 20 49 0.6
299 30 55 4.7
299 40 102 3.7
299 50 139 4.6
299 60 185 4.8
299 70 233 4.2
299 80 275 1.1
299 90 286 4.5
300 0 0 3.8
300 10 38 1.1
300 20 49 0.6
300 30 55 4.7
300 40 102 3.7
300 50 139 4.6
300 60 185 4.8
300 70 233 4.2
300 80 275 1.1
300 90 286 4.5
301 0 0 3.8
301 10 38 1.1
301 20 49 0.6
301 30 55 4.7
301 40 102 3.7
301 50 139 4.6
301 60 185 4.8
301 70 233 4.2
301 80 275 1.1
301 90 286 4.5
302 0 0 3.8
302 10 38 1.1
302 20 49 0.6
302 30 55 4.7
302 40 102 3.7
302 50 139 4.6
302 60 185 4.8
302 70 233 4.2
302 80 275 1.1
302 90 286 4.5
303 0 0 3.8
303 10 38 1.1
303 20 49 0.6
303 30 55 4.7
303 40 102 3.7
303 50 139 4.6
303 60 185 4.8
303 70 233 4.2
303 80 275 1.1
303 90 286 4.5
304 0 0 3.8
304 10 38 1.1
304 20 49 0.6
304 30 55 4.7
304 40 102 3.7
304 50 139 4.6
304 60 185 4.8
304 70 233 4.2
304 80 275 1.1
304 90 286 4.5
305 0 0 3.8
305 10 38 1.1
305 20 49 0.6
305 30 55 4.7
305 40 102 3.7
305 50 139 4.6
305 60 185 4.8
305 70 233 4.2
305 80 275 1.1
305 90 286 4.5
306 0 0 3.8
306 10 38 1.1
306 20 49 0.6
306 30 55 4.7
306 40 102 3.7
306 50 139 4.6
306 60 185 4.8
306 70 233 4.2
306 80 275 1.1
306 90 286 4.5
307 0 0 3.8
307 10 38 1.1
307 20 49 0.6
307 30 55 4.7
307 40 102 3.7
307 50 139 4.6
307 60 185 4.8
307 70 233 4.2
307 80 275 1.1
307 90 286 4.5
308 0 0 3.8
308 10 38 1.1
308 20 49 0.6
308 30 55 4.7
308 40 102 3.7
308 50 139 4.6
308 60 185 4.8
308 70 233 4.2
308 80 275 1.1
308 90 286 4.5
309 0 0 3.8
309 10 38 1.1
309 20 49 0.6
309 30 55 4.7
309 40 102 3.7
309 50 139 4.6
309 60 185 4.8
309 70 233 4.2
309 80 275 1.1
309 90 286 4.5
310 0 0 3.8
310 10 38 1.1
310 20 49 0.6
310 30 55 4.7
310 40 102 3.7
310 50 139 4.6
310 60 185 4.8
310 70 233 4.2
310 80 275 1.1
310 90 286 4.5
311 0 0 3.8
311 10 38 1.1
311 20 49 0.6
311 30 55 4.7
311 40 102 3.7
311 50 139 4.6
311 60 185 4.8
311 70 233 4.2
311 80 275 1.1
311 90 286 4.5
312 0 0 3.8
312 10 38 1.1
312 20 49 0.6
312 30 55 4.7
312 40 102 3.7
312 50 139 4.6
312 60 185 4.8
312 70 233 4.2
312 80 275 1.1
312 90 286 4.5
313 0 0 3.8
313 10 38 1.1
313 20 49 0.6
313 30 55 4.7
313 40 102 3.7
313 50 139 4.6
313 60 185 4.8
313 70 233 4.2
313 80 275 1.1
313 90 286 4.5
314 0 0 3.8
314 10 38 1.1
314 20 49 0.6
314 30 55 4.7
314 40 102 3.7
314 50 139 4.6
314 60 185 4.8
314 70 233 4.2
314 80 275 1.1
314 90 286 4.5
315 0 0 3.8
315 10 38 1.1
315 20 49 0.6
315 30 55 4.7
315 40 102 3.7
315 50 139 4.6
315 60 185 4.8
315 70 233 4.2
315 80 275 1.1
315 90 286 4.5
316 0 0 3.8
316 10 38 1.1
316 20 49 0.6
316 30 55 4.7
316 40 102 3.7
316 50 139 4.6
316 60 185 4.8
316 70 233 4.2
316 80 275 1.1
316 90 286 4.5
317 0 0 3.8
317 10 38 1.1
317 20 49 0.6
317 30 55 4.7
317 40 102 3.7
317 50 139 4.6
317 60 185 4.8
317 70 233 4.2
317 80 275 1.1
317 90 286 4.5
318 0 0 3.8
318 10 38 1.1
318 20 49 0.6
318 30 55 4.7
318 40 102 3.7
318 50 139 4.6
318 60 185 4.8
318 70 233 4.2
318 80 275 1.1
318 90 286 4.5
319 0 0 3.8
319 10 38 1.1
319 20 49 0.6
319 30 55 4.7
319 40 102 3.7
319 50 139 4.6
319 60 185 4.8
319 70 233 4.2
319 80 275 1.1
319 90 286 4.5
320 0 0 3.8
320 10 38 1.1
320 20 49 0.6
320 30 55 4.7
320 40 102 3.7
320 50 139 4.6
320 60 185 4.8
320 70 233 4.2
320 80 275 1.1
320 90 286 4.5
321 0 0 3.8
321 10 38 1.1
321 20 49 0.6
321 30 55 4.7
321 40 102 3.7
321 50 139 4.6
321 60 185 4.8
321 70 233 4.2
321 80 275 1.1
321 90 286 4.5
322 0 0 3.8
322 10 38 1.1
322 20 49 0.6
322 30 55 4.7
322 40 102 3.7
322 50 139 4.6
322 60 185 4.8
322 70 233 4.2
322 80 275 1.1
322 90 286 4.5
323 0 0 3.8
323 10 38 1.1
323 20 49 0.6
323 30 55 4.7
323 40 102 3.7
323 50 139 4.6
323 60 185 4.8
323 70 233 4.2
323 80 275 1.1
323 90 286 4.5
324 0 0 3.8
324 10 38 1.1
324 20 49 0.6
324 30 55 4.7
324 40 102 3.7
324 50 139 4.6
324 60 185 4.8
324 70 233 4.2
324 80 275 1.1
324 90 286 4.5
325 0 0 3.8
325 10 38 1.1
325 20 49 0.6
325 30 55 4.7
325 40 102 3.7
325 50 139 4.6
325 60 185 4.8
325 70 233 4.2
325 80 275 1.1
325 90 286 4.5
326 0 0 3.8
326 10 38 1.1
326 20 49 0.6
326 30 55 4.7
326 40 102 3.7
326 50 139 4.6
326 60 185 4.8
326 70 233 4.2
326 80 275 1.1
326 90 286 4.5
327 0 0 3.8
327 10 38 1.1
327 20 49 0.6
327 30 55 4.7
327 40 102 3.7
327 50 139 4.6
327 60 185 4.8
327 70 233 4.2
327 80 275 1.1
327 90 286 4.5
328 0 0 3.8
328 10 38 1.1
328 20 49 0.6
328 30 55 4.7
328 40 102 3.7
328 50 139 4.6
328 60 185 4.8
328 70 233 4.2
328 80 275 1.1
328 90 286 4.5
329 0 0 3.8
329 10 38 1.1
329 20 49 0.6
329 30 55 4.7
329 40 102 3.7
329 50 139 4.6
329 60 185 4.8
329 70 233 4.2
329 80 275 1.1
329 90 286 4.5
330 0 0 3.8
330 10 38 1.1
330 20 49 0.6
330 30 55 4.7
330 40 102 3.7
330 50 139 4.6
330 60 185 4.8
330 70 233 4.2
330 80 275 1.1
330 90 286 4.5
331 0 0 3.8
331 10 38 1.1
331 20 49 0.6
331 30 55 4.7
331 40 102 3.7
331 50 139 4.6
331 60 185 4.8
331 70 233 4.2
331 80 275 1.1
331 90 286 4.5
332 0 0 3.8
332 10 38 1.1
332 20 49 0.6
332 30 55 4.7
332 40 102 3.7
332 50 139 4.6
332 60 185 4.8
332 70 233 4.2
332 80 275 1.1
332 90 286 4.5
333 0 0 3.8
333 10 38 1.1
333 20 49 0.6
333 30 55 4.7
333 40 102 3.7
333 50 139 4.6
333 60 185 4.8
333 70 233 4.2
333 80 275 1.1
333 90 286 4.5
334 0 0 3.8
334 10 38 1.1
334 20 49 0.6
334 30 55 4.7
334 40 102 3.7
334 50 139 4.6
334 60 185 4.8
334 70 233 4.2
334 80 275 1.1
334 90 286 4.5
335 0 0 3.8
335 10 38 1.1
335 20 49 0.6
335 30 55 4.7
335 40 102 3.7
335 50 139 4.6
335 60 185 4.8
335 70 233 4.2
335 80 275 1.1
335 90 286 4.5
336 0 0 3.8
336 10 38 1.1
336 20 49 0.6
336 30 55 4.7
336 40 102 3.7
336 50 139 4.6
336 60 185 4.8
336 70 233 4.2
336 80 275 1.1
336 90 286 4.5
337 0 0 3.8
337 10 38 1.1
337 20 49 0.6
337 30 55 4.7
337 40 102 3.7
337 50 139 4.6
337 60 185 4.8
337 70 233 4.2
337 80 275 1.1
337 90 286 4.5
338 0 0 3.8
338 10 38 1.1
338 20 49 0.6
338 30 55 4.7
338 40 102 3.7
338 50 139 4.6
338 60 185 4.8
338 70 233 4.2
338 80 275 1.1
338 90 286 4.5
339 0 0 3.8
339 10 38 1.1
339 20 49 0.6
339 30 55 4.7
339 40 102 3.7
339 50 139 4.6
339 60 185 4.8
339 70 233 4.2
339 80 275 1.1
339 90 286 4.5
340 0 0 3.8
340 10 38 1.1
340 20 49 0.6
340 30 55 4.7
340 40 102 3.7
340 50 139 4.6
340 60 185 4.8
340 70 233 4.2
340 80 275 1.1
340 90 286 4.5
341 0 0 3.8
341 10 38 1.1
341 20 49 0.6
341 30 55 4.7
341 40 102 3.7
341 50 139 4.6
341 60 185 4.8
341 70 233 4.2
341 80 275 1.1
341 90 286 4.5
342 0 0 3.8
342 10 38 1.1
342 20 49 0.6
342 30 55 4.7
342 40 102 3.7
342 50 139 4.6
342 60 185 4.8
342 70 233 4.2
342 80 275 1.1
342 90 286 4.5
343 0 0 3.8
343 10 38 1.1
343 20 49 0.6
343 30 55 4.7
343 40 102 3.7
343 50 139 4.6
343 60 185 4.8
343 70 233 4.2
343 80 275 1.1
343 90 286 4.5
344 0 0 3.8
344 10 38 1.1
344 20 49 0.6
344 30 55 4.7
344 40 102 3.7
344 50 139 4.6
344 60 185 4.8
344 70 233 4.2
344 80 275 1.1
344 90 286 4.5
345 0 0 3.8
345 10 38 1.1
345 20 49 0.6
345 30 55 4.7
345 40 102 3.7
345 50 139 4.6
345 60 185 4.8
345 70 233 4.2
345 80 275 1.1
345 90 286 4.5
346 0 0 3.8
346 10 38 1.1
346 20 49 0.6
346 30 55 4.7
346 40 102 3.7
346 50 139 4.6
346 60 185 4.8
346 70 233 4.2
346 80 275 1.1
346 90 286 4.5
347 0 0 3.8
347 10 38 1.1
347 20 49 0.6
347 30 55 4.7
347 40 102 3.7
347 50 139 4.6
347 60 185 4.8
347 70 233 4.2
347 80 275 1.1
347 90 286 4.5
348 0 0 3.8
348 10 38 1.1
348 20 49 0.6
348 30 55 4.7
348 40 102 3.7
348 50 139 4.6
348 60 185 4.8
348 70 233 4.2
348 80 275 1.1
348 90 286 4.5
349 0 0 3.8
349 10 38 1.1
349 20 49 0.6
349 30 55 4.7
349 40 102 3.7
349 50 139 4.6
349 60 185 4.8
349 70 233 4.2
349 80 275 1.1
349 90 286 4.5
350 0 0 3.8
350 10 38 1.1
350 20 49 0.6
350 30 55 4.7
350 40 102 3.7
350 50 139 4.6
350 60 185 4.8
350 70 233 4.2
350 80 275 1.1
350 90 286 4.5
351 0 0 3.8
351 10 38 1.1
351 20 49 0.6
351 30 55 4.7
351 40 102 3.7
351 50 139 4.6
351 60 185 4.8
351 70 233 4.2
351 80 275 1.1
351 90 286 4.5
352 0 0 3.8
352 10 38 1.1
352 20 49 0.6
352 30 55 4.7
352 40 102 3.7
352 50 139 4.6
352 60 185 4.8
352 70 233 4.2
352 80 275 1.1
352 90 286 4.5
353 0 0 3.8
353 10 38 1.1
353 20 49 0.6
353 30 55 4.7
353 40 102 3.7
353 50 139 4.6
353 60 185 4.8
353 70 233 4.2
353 80 275 1.1
353 90 286 4.5
354 0 0 3.8
354 10 38 1.1
354 20 49 0.6
354 30 55 4.7
354 40 102 3.7
354 50 139 4.6
354 60 185 4.8
354 70 233 4.2
354 80 275 1.1
354 90 286 4.5
355 0 0 3.8
355 10 38 1.1
355 20 49 0.6
355 30 55 4.7
355 40 102 3.7
355 50 139 4.6
355 60 185 4.8
355 70 233 4.2
355 80 275 1.1
355 90 286 4.5
356 0 0 3.8
356 10 38 1.1
356 20 49 0.6
356 30 55 4.7
356 40 102 3.7
356 50 139 4.6
356 60 185 4.8
356 70 233 4.2
356 80 275 1.1
356 90 286 4.5
357 0 0 3.8
357 10 38 1.1
357 20 49 0.6
357 30 55 4.7
357 40 102 3.7
357 50 139 4.6
357 60 185 4.8
357 70 233 4.2
357 80 275 1.1
357 90 286 4.5
358 0 0 3.8
358 10 38 1.1
358 20 49 0.6
358 30 55 4.7
358 40 102 3.7
358 50 139 4.6
358 60 185 4.8
358 70 233 4.2
358 80 275 1.1
358 90 286 4.5
359 0 0 3.8
359 10 38 1.1
359 20 49 0.6
359 30 55 4.7
359 40 102 3.7
359 50 139 4.6
359 60 185 4.8
359 70 233 4.2
359 80 275 1.1
359 90 286 4.5
360 0 0 3.8
360 10 38 1.1
360 20 49 0.6
360 30 55 4.7
360 40 102 3.7
360 50 139 4.6
360 60 185 4.8
360 70 233 4.2
360 80 275 1.1
360 90 286 4.5
361 0 0 3.8
361 10 38 1.1
361 20 49 0.6
361 30 55 4.7
361 40 102 3.7
361 50 139 4.6
361 60 185 4.8
361 70 233 4.2
361 80 275 1.1
361 90 286 4.5
362 0 0 3.8
362 10 38 1.1
362 20 49 0.6
362 30 55 4.7
362 40 102 3.7
362 50 139 4.6
362 60 185 4.8
362 70 233 4.2
362 80 275 1.1
362 90 286 4.5
363 0 0 3.8
363 10 38 1.1
363 20 49 0.6
363 30 55 4.7
363 40 102 3.7
363 50 139 4.6
363 60 185 4.8
363 70 233 4.2
363 80 275 1.1
363 90 286 4.5
364 0 0 3.8
364 10 38 1.1
364 20 49 0.6
364 30 55 4.7
364 40 102 3.7
364 50 139 4.6
364 60 185 4.8
364 70 233 4.2
364 80 275 1.1
364 90 286 4.5
365 0 0 3.8
365 10 38 1.1
365 20 49 0.6
365 30 55 4.7
365 40 102 3.7
365 50 139 4.6
365 60 185 4.8
365 70 233 4.2
365 80 275 1.1
365 90 286 4.5
366 0 0 3.8
366 10 38 1.1
366 20 49 0.6
366 30 55 4.7
366 40 102 3.7
366 50 139 4.6
366 60 185 4.8
366 70 233 4.2
366 80 275 1.1
366 90 286 4.5
367 0 0 3.8
367 10 38 1.1
367 20 49 0.6
367 30 55 4.7
367 40 102 3.7
367 50 139 4.6
367 60 185 4.8
367 70 233 4.2
367 80 275 1.1
367 90 286 4.5
368 0 0 3.8
368 10 38 1.1
368 20 49 0.6
368 30 55 4.7
368 40 102 3.7
368 50 139 4.6
368 60 185 4.8
368 70 233 4.2
368 80 275 1.1
368 90 286 4.5
369 0 0 3.8
369 10 38 1.1
369 20 49 0.6
369 30 55 4.7
369 40 102 3.7
369 50 139 4.6
369 60 185 4.8
369 70 233 4.2
369 80 275 1.1
369 90 286 4.5
370 0 0 3.8
370 10 38 1.1
370 20 49 0.6
370 30 55 4.7
370 40 102 3.7
370 50 139 4.6
370 60 185 4.8
370 70 233 4.2
370 80 275 1.1
370 90 286 4.5
371 0 0 3.8
371 10 38 1.1
371 20 49 0.6
371 30 55 4.7
371 40 102 3.7
371 50 139 4.6
371 60 185 4.8
371 70 233 4.2
371 80 275 1.1
371 90 286 4.5
372 0 0 3.8
372 10 38 1.1
372 20 49 0.6
372 30 55 4.7
372 40 102 3.7
372 50 139 4.6
372 60 185 4.8
372 70 233 4.2
372 80 275 1.1
372 90 286 4.5
373 0 0 3.8
373 10 38 1.1
373 20 49 0.6
373 30 55 4.7
373 40 102 3.7
373 50 139 4.6
373 60 185 4.8
373 70 233 4.2
373 80 275 1.1
373 90 286 4.5
374 0 0 3.8
374 10 38 1.1
374 20 49 0.6
374 30 55 4.7
374 40 102 3.7
374 50 139 4.6
374 60 185 4.8
374 70 233 4.2
374 80 275 1.1
374 90 286 4.5
375 0 0 3.8
375 10 38 1.1
375 20 49 0.6
375 30 55 4.7
375 40 102 3.7
375 50 139 4.6
375 60 185 4.8
375 70 233 4.2
375 80 275 1.1
375 90 286 4.5
376 0 0 3.8
376 10 38 1.1
376 20 49 0.6
376 30 55 4.7
376 40 102 3.7
376 50 139 4.6
376 60 185 4.8
376 70 233 4.2
376 80 275 1.1
376 90 286 4.5
377 0 0 3.8
377 10 38 1.1
377 20 49 0.6
377 30 55 4.7
377 40 102 3.7
377 50 139 4.6
377 60 185 4.8
377 70 233 4.2
377 80 275 1.1
377 90 286 4.5
378 0 0 3.8
378 10 38 1.1
378 20 49 0.6
378 30 55 4.7
378 40 102 3.7
378 50 139 4.6
378 60 185 4.8
378 70 233 4.2
378 80 275 1.1
378 90 286 4.5
379 0 0 3.8
379 10 38 1.1
379 20 49 0.6
379 30 55 4.7
379 40 102 3.7
379 50 139 4.6
379 60 185 4.8
379 70 233 4.2
379 80 275 1.1
379 90 286 4.5
380 0 0 3.8
380 10 38 1.1
380 20 49 0.6
380 30 55 4.7
380 40 102 3.7
380 50 139 4.6
380 60 185 4.8
380 70 233 4.2
380 80 275 1.1
380 90 286 4.5
381 0 0 3.8
381 10 38 1.1
381 20 49 0.6
381 30 55 4.7
381 40 102 3.7
381 50 139 4.6
381 60 185 4.8
381 70 233 4.2
381 80 275 1.1
381 90 286 4.5
382 0 0 3.8
382 10 38 1.1
382 20 49 0.6
382 30 55 4.7
382 40 102 3.7
382 50 139 4.6
382 60 185 4.8
382 70 233 4.2
382 80 275 1.1
382 90 286 4.5
383 0 0 3.8
383 10 38 1.1
383 20 49 0.6
383 30 55 4.7
383 40 102 3.7
383 50 139 4.6
383 60 185 4.8
383 70 233 4.2
383 80 275 1.1
383 90 286 4.5
384 0 0 3.8
384 10 38 1.1
384 20 49 0.6
384 30 55 4.7
384 40 102 3.7
384 50 139 4.6
384 60 185 4.8
384 70 233 4.2
384 80 275 1.1
384 90 286 4.5
385 0 0 3.8
385 10 38 1.1
385 20 49 0.6
385 30 55 4.7
385 40 102 3.7
385 50 139 4.6
385 60 185 4.8
385 70 233 4.2
385 80 275 1.1
385 90 286 4.5
386 0 0 3.8
386 10 38 1.1
386 20 49 0.6
386 30 55 4.7
386 40 102 3.7
386 50 139 4.6
386 60 185 4.8
386 70 233 4.2
386 80 275 1.1
386 90 286 4.5
387 0 0 3.8
387 10 38 1.1
387 20 49 0.6
387 30 55 4.7
387 40 102 3.7
387 50 139 4.6
387 60 185 4.8
387 70 233 4.2
387 80 275 1.1
387 90 286 4.5
388 0 0 3.8
388 10 38 1.1
388 20 49 0.6
388 30 55 4.7
388 40 102 3.7
388 50 139 4.6
388 60 185 4.8
388 70 233 4.2
388 80 275 1.1
388 90 286 4.5
389 0 0 3.8
389 10 38 1.1
389 20 49 0.6
389 30 55 4.7
389 40 102 3.7
389 50 139 4.6
389 60 185 4.8
389 70 233 4.2
389 80 275 1.1
389 90 286 4.5
390 0 0 3.8
390 10 38 1.1
390 20 49 0.6
390 30 55 4.7
390 40 102 3.7
390 50 139 4.6
390 60 185 4.8
390 70 233 4.2
390 80 275 1.1
390 90 286 4.5
391 0 0 3.8
391 10 38 1.1
391 20 49 0.6
391 30 55 4.7
391 40 102 3.7
391 50 139 4.6
391 60 185 4.8
391 70 233 4.2
391 80 275 1.1
391 90 286 4.5
392 0 0 3.8
392 10 38 1.1
392 20 49 0.6
392 30 55 4.7
392 40 102 3.7
392 50 139 4.6
392 60 185 4.8
392 70 233 4.2
392 80 275 1.1
392 90 286 4.5
393 0 0 3.8
393 10 38 1.1
393 20 49 0.6
393 30 55 4.7
393 40 102 3.7
393 50 139 4.6
393 60 185 4.8
393 70 233 4.2
393 80 275 1.1
393 90 286 4.5
394 0 0 3.8
394 10 38 1.1
394 20 49 0.6
394 30 55 4.7
394 40 102 3.7
394 50 139 4.6
394 60 185 4.8
394 70 233 4.2
394 80 275 1.1
394 90 286 4.5
395 0 0 3.8
395 10 38 1.1
395 20 49 0.6
395 30 55 4.7
395 40 102 3.7
395 50 139 4.6
395 60 185 4.8
395 70 233 4.2
395 80 275 1.1
395 90 286 4.5
396 0 0 3.8
396 10 38 1.1
396 20 49 0.6
396 30 55 4.7
396 40 102 3.7
396 50 139 4.6
396 60 185 4.8
396 70 233 4.2
396 80 275 1.1
396 90 286 4.5
397 0 0 3.8
397 10 38 1.1
397 20 49 0.6
397 30 55 4.7
397 40 102 3.7
397 50 139 4.6
397 60 185 4.8
397 70 233 4.2
397 80 275 1.1
397 90 286 4.5
398 0 0 3.8
398 10 38 1.1
398 20 49 0.6
398 30 55 4.7
398 40 102 3.7
398 50 139 4.6
398 60 185 4.8
398 70 233 4.2
398 80 275 1.1
398 90 286 4.5
399 0 0 3.8
399 10 38 1.1
399 20 49 0.6
399 30 55 4.7
399 40 102 3.7
399 50 139 4.6
399 60 185 4.8
399 70 233 4.2
399 80 275 1.1
399 90 286 4.5
400 0 0 3.8
400 10 38 1.1
400 20 49 0.6
400 30 55 4.7
400 40 102 3.7
400 50 139 4.6
400 60 185 4.8
400 70 233 4.2
400 80 275 1.1
400 90 286 4.5
401 0 0 3.8
401 10 38 1.1
401 20 49 0.6
401 30 55 4.7
401 40 102 3.7
401 50 139 4.6
401 60 185 4.8
401 70 233 4.2
401 80 275 1.1
401 90 286 4.5
402 0 0 3.8
402 10 38 1.1
402 20 49 0.6
402 30 55 4.7
402 40 102 3.7
402 50 139 4.6
402 60 185 4.8
402 70 233 4.2
402 80 275 1.1
402 90 286 4.5
403 0 0 3.8
403 10 38 1.1
403 20 49 0.6
403 30 55 4.7
403 40 102 3.7
403 50 139 4.6
403 60 185 4.8
403 70 233 4.2
403 80 275 1.1
403 90 286 4.5
404 0 0 3.8
404 10 38 1.1
404 20 49 0.6
404 30 55 4.7
404 40 102 3.7
404 50 139 4.6
404 60 185 4.8
404 70 233 4.2
404 80 275 1.1
404 90 286 4.5
405 0 0 3.8
405 10 38 1.1
405 20 49 0.6
405 30 55 4.7
405 40 102 3.7
405 50 139 4.6
405 60 185 4.8
405 70 233 4.2
405 80 275 1.1
405 90 286 4.5
406 0 0 3.8
406 10 38 1.1
406 20 49 0.6
406 30 55 4.7
406 40 102 3.7
406 50 139 4.6
406 60 185 4.8
406 70 233 4.2
406 80 275 1.1
406 90 286 4.5
407 0 0 3.8
407 10 38 1.1
407 20 49 0.6
407 30 55 4.7
407 40 102 3.7
407 50 139 4.6
407 60 185 4.8
407 70 233 4.2
407 80 275 1.1
407 90 286 4.5
408 0 0 3.8
408 10 38 1.1
408 20 49 0.6
408 30 55 4.7
408 40 102 3.7
408 50 139 4.6
408 60 185 4.8
408 70 233 4.2
408 80 275 1.1
408 90 286 4.5
409 0 0 3.8
409 10 38 1.1
409 20 49 0.6
409 30 55 4.7
409 40 102 3.7
409 50 139 4.6
409 60 185 4.8
409 70 233 4.2
409 80 275 1.1
409 90 286 4.5
410 0 0 3.8
410 10 38 1.1
410 20 49 0.6
410 30 55 4.7
410 40 102 3.7
410 50 139 4.6
410 60 185 4.8
410 70 233 4.2
410 80 275 1.1
410 90 286 4.5
411 0 0 3.8
411 10 38 1.1
411 20 49 0.6
411 30 55 4.7
411 40 102 3.7
411 50 139 4.6
411 60 185 4.8
411 70 233 4.2
411 80 275 1.1
411 90 286 4.5
412 0 0 3.8
412 10 38 1.1
412 20 49 0.6
412 30 55 4.7
412 40 102 3.7
412 50 139 4.6
412 60 185 4.8
412 70 233 4.2
412 80 275 1.1
412 90 286 4.5
413 0 0 3.8
413 10 38 1.1
413 20 49 0.6
413 30 55 4.7
413 40 102 3.7
413 50 139 4.6
413 60 185 4.8
413 70 233 4.2
413 80 275 1.1
413 90 286 4.5
414 0 0 3.8
414 10 38 1.1
414 20 49 0.6
414 30 55 4.7
414 40 102 3.7
414 50 139 4.6
414 60 185 4.8
414 70 233 4.2
414 80 275 1.1
414 90 286 4.5
415 0 0 3.8
415 10 38 1.1
415 20 49 0.6
415 30 55 4.7
415 40 102 3.7
415 50 139 4.6
415 60 185 4.8
415 70 233 4.2
415 80 275 1.1
415 90 286 4.5
416 0 0 3.8
416 10 38 1.1
416 20 49 0.6
416 30 55 4.7
416 40 102 3.7
416 50 139 4.6
416 60 185 4.8
416 70 233 4.2
416 80 275 1.1
416 90 286 4.5
417 0 0 3.8
417 10 38 1.1
417 20 49 0.6
417 30 55 4.7
417 40 102 3.7
417 50 139 4.6
417 60 185 4.8
417 70 233 4.2
417 80 275 1.1
417 90 286 4.5
418 0 0 3.8
418 10 38 1.1
418 20 49 0.6
418 30 55 4.7
418 40 102 3.7
418 50 139 4.6
418 60 185 4.8
418 70 233 4.2
418 80 275 1.1
418 90 286 4.5
419 0 0 3.8
419 10 38 1.1
419 20 49 0.6
419 30 55 4.7
419 40 102 3.7
419 50 139 4.6
419 60 185 4.8
419 70 233 4.2
419 80 275 1.1
419 90 286 4.5
420 0 0 3.8
420 10 38 1.1
420 20 49 0.6
420 30 55 4.7
420 40 102 3.7
420 50 139 4.6
420 60 185 4.8
420 70 233 4.2
420 80 275 1.1
420 90 286 4.5
421 0 0 3.8
421 10 38 1.1
421 20 49 0.6
421 30 55 4.7
421 40 102 3.7
421 50 139 4.6
421 60 185 4.8
421 70 233 4.2
421 80 275 1.1
421 90 286 4.5
422 0 0 3.8
422 10 38 1.1
422 20 49 0.6
422 30 55 4.7
422 40 102 3.7
422 50 139 4.6
422 60 185 4.8
422 70 233 4.2
422 80 275 1.1
422 90 286 4.5
423 0 0 3.8
423 10 38 1.1
423 20 49 0.6
423 30 55 4.7
423 40 102 3.7
423 50 139 4.6
423 60 185 4.8
423 70 233 4.2
423 80 275 1.1
423 90 286 4.5
424 0 0 3.8
424 10 38 1.1
424 20 49 0.6
424 30 55 4.7
424 40 102 3.7
424 50 139 4.6
424 60 185 4.8
424 70 233 4.2
424 80 275 1.1
424 90 286 4.5
425 0 0 3.8
425 10 38 1.1
425 20 49 0.6
425 30 55 4.7
425 40 102 3.7
425 50 139 4.6
425 60 185 4.8
425 70 233 4.2
425 80 275 1.1
425 90 286 4.5
426 0 0 3.8
426 10 38 1.1
426 20 49 0.6
426 30 55 4.7
426 40 102 3.7
426 50 139 4.6
426 60 185 4.8
426 70 233 4.2
426 80 275 1.1
426 90 286 4.5
427 0 0 3.8
427 10 38 1.1
427 20 49 0.6
427 30 55 4.7
427 40 102 3.7
427 50 139 4.6
427 60 185 4.8
427 70 233 4.2
427 80 275 1.1
427 90 286 4.5
428 0 0 3.8
428 10 38 1.1
428 20 49 0.6
428 30 55 4.7
428 40 102 3.7
428 50 139 4.6
428 60 185 4.8
428 70 233 4.2
428 80 275 1.1
428 90 286 4.5
429 0 0 3.8
429 10 38 1.1
429 20 49 0.6
429 30 55 4.7
429 40 102 3.7
429 50 139 4.6
429 60 185 4.8
429 70 233 4.2
429 80 275 1.1
429 90 286 4.5
430 0 0 3.8
430 10 38 1.1
430 20 49 0.6
430 30 55 4.7
430 40 102 3.7
430 50 139 4.6
430 60 185 4.8
430 70 233 4.2
430 80 275 1.1
430 90 286 4.5
431 0 0 3.8
431 10 38 1.1
431 20 49 0.6
431 30 55 4.7
431 40 102 3.7
431 50 139 4.6
431 60 185 4.8
431 70 233 4.2
431 80 275 1.1
431 90 286 4.5
432 0 0 3.8
432 10 38 1.1
432 20 49 0.6
432 30 55 4.7
432 40 102 3.7
432 50 139 4.6
432 60 185 4.8
432 70 233 4.2
432 80 275 1.1
432 90 286 4.5
433 0 0 3.8
433 10 38 1.1
433 20 49 0.6
433 30 55 4.7
433 40 102 3.7
433 50 139 4.6
433 60 185 4.8
433 70 233 4.2
433 80 275 1.1
433 90 286 4.5
434 0 0 3.8
434 10 38 1.1
434 20 49 0.6
434 30 55 4.7
434 40 102 3.7
434 50 139 4.6
434 60 185 4.8
434 70 233 4.2
434 80 275 1.1
434 90 286 4.5
435 0 0 3.8
435 10 38 1.1
435 20 49 0.6
435 30 55 4.7
435 40 102 3.7
435 50 139 4.6
435 60 185 4.8
435 70 233 4.2
435 80 275 1.1
435 90 286 4.5
436 0 0 3.8
436 10 38 1.1
436 20 49 0.6
436 30 55 4.7
436 40 102 3.7
436 50 139 4.6
436 60 185 4.8
436 70 233 4.2
436 80 275 1.1
436 90 286 4.5
437 0 0 3.8
437 10 38 1.1
437 20 49 0.6
437 30 55 4.7
437 40 102 3.7
437 50 139 4.6
437 60 185 4.8
437 70 233 4.2
437 80 275 1.1
437 90 286 4.5
438 0 0 3.8
438 10 38 1.1
438 20 49 0.6
438 30 55 4.7
438 40 102 3.7
438 50 139 4.6
438 60 185 4.8
438 70 233 4.2
438 80 275 1.1
438 90 286 4.5
439 0 0 3.8
439 10 38 1.1
439 20 49 0.6
439 30 55 4.7
439 40 102 3.7
439 50 139 4.6
439 60 185 4.8
439 70 233 4.2
439 80 275 1.1
439 90 286 4.5
440 0 0 3.8
440 10 38 1.1
440 20 49 0.6
440 30 55 4.7
440 40 102 3.7
440 50 139 4.6
440 60 185 4.8
440 70 233 4.2
440 80 275 1.1
440 90 286 4.5
441 0 0 3.8
441 10 38 1.1
441 20 49 0.6
441 30 55 4.7
441 40 102 3.7
441 50 139 4.6
441 60 185 4.8
441 70 233 4.2
441 80 275 1.1
441 90 286 4.5
442 0 0 3.8
442 10 38 1.1
442 20 49 0.6
442 30 55 4.7
442 40 102 3.7
442 50 139 4.6
442 60 185 4.8
442 70 233 4.2
442 80 275 1.1
442 90 286 4.5
443 0 0 3.8
443 10 38 1.1
443 20 49 0.6
443 30 55 4.7
443 40 102 3.7
443 50 139 4.6
443 60 185 4.8
443 70 233 4.2
443 80 275 1.1
443 90 286 4.5
444 0 0 3.8
444 10 38 1.1
444 20 49 0.6
444 30 55 4.7
444 40 102 3.7
444 50 139 4.6
444 60 185 4.8
444 70 233 4.2
444 80 275 1.1
444 90 286 4.5
445 0 0 3.8
445 10 38 1.1
445 20 49 0.6
445 30 55 4.7
445 40 102 3.7
445 50 139 4.6
445 60 185 4.8
445 70 233 4.2
445 80 275 1.1
445 90 286 4.5
446 0 0 3.8
446 10 38 1.1
446 20 49 0.6
446 30 55 4.7
446 40 102 3.7
446 50 139 4.6
446 60 185 4.8
446 70 233 4.2
446 80 275 1.1
446 90 286 4.5
447 0 0 3.8
447 10 38 1.1
447 20 49 0.6
447 30 55 4.7
447 40 102 3.7
447 50 139 4.6
447 60 185 4.8
447 70 233 4.2
447 80 275 1.1
447 90 286 4.5
448 0 0 3.8
448 10 38 1.1
448 20 49 0.6
448 30 55 4.7
448 40 102 3.7
448 50 139 4.6
448 60 185 4.8
448 70 233 4.2
448 80 275 1.1
448 90 286 4.5
449 0 0 3.8
449 10 38 1.1
449 20 49 0.6
449 30 55 4.7
449 40 102 3.7
449 50 139 4.6
449 60 185 4.8
449 70 233 4.2
449 80 275 1.1
449 90 286 4.5
450 0 0 3.8
450 10 38 1.1
450 20 49 0.6
450 30 55 4.7
450 40 102 3.7
450 50 139 4.6
450 60 185 4.8
450 70 233 4.2
450 80 275 1.1
450 90 286 4.5
451 0 0 3.8
451 10 38 1.1
451 20 49 0.6
451 30 55 4.7
451 40 102 3.7
451 50 139 4.6
451 60 185 4.8
451 70 233 4.2
451 80 275 1.1
451 90 286 4.5
452 0 0 3.8
452 10 38 1.1
452 20 49 0.6
452 30 55 4.7
452 40 102 3.7
452 50 139 4.6
452 60 185 4.8
452 70 233 4.2
452 80 275 1.1
452 90 286 4.5
453 0 0 3.8
453 10 38 1.1
453 20 49 0.6
453 30 55 4.7
453 40 102 3.7
453 50 139 4.6
453 60 185 4.8
453 70 233 4.2
453 80 275 1.1
453 90 286 4.5
454 0 0 3.8
454 10 38 1.1
454 20 49 0.6
454 30 55 4.7
454 40 102 3.7
454 50 139 4.6
454 60 185 4.8
454 70 233 4.2
454 80 275 1.1
454 90 286 4.5
455 0 0 3.8
455 10 38 1.1
455 20 49 0.6
455 30 55 4.7
455 40 102 3.7
455 50 139 4.6
455 60 185 4.8
455 70 233 4.2
455 80 275 1.1
455 90 286 4.5
456 0 0 3.8
456 10 38 1.1
456 20 49 0.6
456 30 55 4.7
456 40 102 3.7
456 50 139 4.6
456 60 185 4.8
456 70 233 4.2
456 80 275 1.1
456 90 286 4.5
457 0 0 3.8
457 10 38 1.1
457 20 49 0.6
457 30 55 4.7
457 40 102 3.7
457 50 139 4.6
457 60 185 4.8
457 70 233 4.2
457 80 275 1.1
457 90 286 4.5
458 0 0 3.8
458 10 38 1.1
458 20 49 0.6
458 30 55 4.7
458 40 102 3.7
458 50 139 4.6
458 60 185 4.8
458 70 233 4.2
458 80 275 1.1
458 90 286 4.5
459 0 0 3.8
459 10 38 1.1
459 20 49 0.6
459 30 55 4.7
459 40 102 3.7
459 50 139 4.6
459 60 185 4.8
459 70 233 4.2
459 80 275 1.1
459 90 286 4.5
460 0 0 3.8
460 10 38 1.1
460 20 49 0.6
460 30 55 4.7
460 40 102 3.7
460 50 139 4.6
460 60 185 4.8
460 70 233 4.2
460 80 275 1.1
460 90 286 4.5
461 0 0 3.8
461 10 38 1.1
461 20 49 0.6
461 30 55 4.7
461 40 102 3.7
461 50 139 4.6
461 60 185 4.8
461 70 233 4.2
461 80 275 1.1
461 90 286 4.5
462 0 0 3.8
462 10 38 1.1
462 20 49 0.6
462 30 55 4.7
462 40 102 3.7
462 50 139 4.6
462 60 185 4.8
462 70 233 4.2
462 80 275 1.1
462 90 286 4.5
463 0 0 3.8
463 10 38 1.1
463 20 49 0.6
463 30 55 4.7
463 40 102 3.7
463 50 139 4.6
463 60 185 4.8
463 70 233 4.2
463 80 275 1.1
463 90 286 4.5
464 0 0 3.8
464 10 38 1.1
464 20 49 0.6
464 30 55 4.7
464 40 102 3.7
464 50 139 4.6
464 60 185 4.8
464 70 233 4.2
464 80 275 1.1
464 90 286 4.5
465 0 0 3.8
465 10 38 1.1
465 20 49 0.6
465 30 55 4.7
465 40 102 3.7
465 50 139 4.6
465 60 185 4.8
465 70 233 4.2
465 80 275 1.1
465 90 286 4.5
466 0 0 3.8
466 10 38 1.1
466 20 49 0.6
466 30 55 4.7
466 40 102 3.7
466 50 139 4.6
466 60 185 4.8
466 70 233 4.2
466 80 275 1.1
466 90 286 4.5
467 0 0 3.8
467 10 38 1.1
467 20 49 0.6
467 30 55 4.7
467 40 102 3.7
467 50 139 4.6
467 60 185 4.8
467 70 233 4.2
467 80 275 1.1
467 90 286 4.5
468 0 0 3.8
468 10 38 1.1
468 20 49 0.6
468 30 55 4.7
468 40 102 3.7
468 50 139 4.6
468 60 185 4.8
468 70 233 4.2
468 80 275 1.1
468 90 286 4.5
469 0 0 3.8
469 10 38 1.1
469 20 49 0.6
469 30 55 4.7
469 40 102 3.7
469 50 139 4.6
469 60 185 4.8
469 70 233 4.2
469 80 275 1.1
469 90 286 4.5
470 0 0 3.8
470 10 38 1.1
470 20 49 0.6
470 30 55 4.7
470 40 102 3.7
470 50 139 4.6
470 60 185 4.8
470 70 233 4.2
470 80 275 1.1
470 90 286 4.5
471 0 0 3.8
471 10 38 1.1
471 20 49 0.6
471 30 55 4.7
471 40 102 3.7
471 50 139 4.6
471 60 185 4.8
471 70 233 4.2
471 80 275 1.1
471 90 286 4.5
472 0 0 3.8
472 10 38 1.1
472 20 49 0.6
472 30 55 4.7
472 40 102 3.7
472 50 139 4.6
472 60 185 4.8
472 70 233 4.2
472 80 275 1.1
472 90 286 4.5
473 0 0 3.8
473 10 38 1.1
473 20 49 0.6
473 30 55 4.7
473 40 102 3.7
473 50 139 4.6
473 60 185 4.8
473 70 233 4.2
473 80 275 1.1
473 90 286 4.5
474 0 0 3.8
474 10 38 1.1
474 20 49 0.6
474 30 55 4.7
474 40 102 3.7
474 50 139 4.6
474 60 185 4.8
474 70 233 4.2
474 80 275 1.1
474 90 286 4.5
475 0 0 3.8
475 10 38 1.1
475 20 49 0.6
475 30 55 4.7
475 40 102 3.7
475 50 139 4.6
475 60 185 4.8
475 70 233 4.2
475 80 275 1.1
475 90 286 4.5
476 0 0 3.8
476 10 38 1.1
476 20 49 0.6
476 30 55 4.7
476 40 102 3.7
476 50 139 4.6
476 60 185 4.8
476 70 233 4.2
476 80 275 1.1
476 90 286 4.5
477 0 0 3.8
477 10 38 1.1
477 20 49 0.6
477 30 55 4.7
477 40 102 3.7
477 50 139 4.6
477 60 185 4.8
477 70 233 4.2
477 80 275 1.1
477 90 286 4.5
478 0 0 3.8
478 10 38 1.1
478 20 49 0.6
478 30 55 4.7
478 40 102 3.7
478 50 139 4.6
478 60 185 4.8
478 70 233 4.2
478 80 275 1.1
478 90 286 4.5
479 0 0 3.8
479 10 38 1.1
479 20 49 0.6
479 30 55 4.7
479 40 102 3.7
479 50 139 4.6
479 60 185 4.8
479 70 233 4.2
479 80 275 1.1
479 90 286 4.5
480 0 0 3.8
480 10 38 1.1
480 20 49 0.6
480 30 55 4.7
480 40 102 3.7
480 50 139 4.6
480 60 185 4.8
480 70 233 4.2
480 80 275 1.1
480 90 286 4.5
481 0 0 3.8
481 10 38 1.1
481 20 49 0.6
481 30 55 4.7
481 40 102 3.7
481 50 139 4.6
481 60 185 4.8
481 70 233 4.2
481 80 275 1.1
481 90 286 4.5
482 0 0 3.8
482 10 38 1.1
482 20 49 0.6
482 30 55 4.7
482 40 102 3.7
482 50 139 4.6
482 60 185 4.8
482 70 233 4.2
482 80 275 1.1
482 90 286 4.5
483 0 0 3.8
483 10 38 1.1
483 20 49 0.6
483 30 55 4.7
483 40 102 3.7
483 50 139 4.6
483 60 185 4.8
483 70 233 4.2
483 80 275 1.1
483 90 286 4.5
484 0 0 3.8
484 10 38 1.1
484 20 49 0.6
484 30 55 4.7
484 40 102 3.7
484 50 139 4.6
484 60 185 4.8
484 70 233 4.2
484 80 275 1.1
484 90 286 4.5
485 0 0 3.8
485 10 38 1.1
485 20 49 0.6
485 30 55 4.7
485 40 102 3.7
485 50 139 4.6
485 60 185 4.8
485 70 233 4.2
485 80 275 1.1
485 90 286 4.5
486 0 0 3.8
486 10 38 1.1
486 20 49 0.6
486 30 55 4.7
486 40 102 3.7
486 50 139 4.6
486 60 185 4.8
486 70 233 4.2
486 80 275 1.1
486 90 286 4.5
487 0 0 3.8
487 10 38 1.1
487 20 49 0.6
487 30 55 4.7
487 40 102 3.7
487 50 139 4.6
487 60 185 4.8
487 70 233 4.2
487 80 275 1.1
487 90 286 4.5
488 0 0 3.8
488 10 38 1.1
488 20 49 0.6
488 30 55 4.7
488 40 102 3.7
488 50 139 4.6
488 60 185 4.8
488 70 233 4.2
488 80 275 1.1
488 90 286 4.5
489 0 0 3.8
489 10 38 1.1
489 20 49 0.6
489 30 55 4.7
489 40 102 3.7
489 50 139 4.6
489 60 185 4.8
489 70 233 4.2
489 80 275 1.1
489 90 286 4.5
490 0 0 3.8
490 10 38 1.1
490 20 49 0.6
490 30 55 4.7
490 40 102 3.7
490 50 139 4.6
490 60 185 4.8
490 70 233 4.2
490 80 275 1.1
490 90 286 4.5
491 0 0 3.8
491 10 38 1.1
491 20 49 0.6
491 30 55 4.7
491 40 102 3.7
491 50 139 4.6
491 60 185 4.8
491 70 233 4.2
491 80 275 1.1
491 90 286 4.5
492 0 0 3.8
492 10 38 1.1
492 20 49 0.6
492 30 55 4.7
492 40 102 3.7
492 50 139 4.6
492 60 185 4.8
492 70 233 4.2
492 80 275 1.1
492 90 286 4.5
493 0 0 3.8
493 10 38 1.1
493 20 49 0.6
493 30 55 4.7
493 40 102 3.7
493 50 139 4.6
493 60 185 4.8
493 70 233 4.2
493 80 275 1.1
493 90 286 4.5
494 0 0 3.8
494 10 38 1.1
494 20 49 0.6
494 30 55 4.7
494 40 102 3.7
494 50 139 4.6
494 60 185 4.8
494 70 233 4.2
494 80 275 1.1
494 90 286 4.5
495 0 0 3.8
495 10 38 1.1
495 20 49 0.6
495 30 55 4.7
495 40 102 3.7
495 50 139 4.6
495 60 185 4.8
495 70 233 4.2
495 80 275 1.1
495 90 286 4.5
496 0 0 3.8
496 10 38 1.1
496 20 49 0.6
496 30 55 4.7
496 40 102 3.7
496 50 139 4.6
496 60 185 4.8
496 70 233 4.2
496 80 275 1.1
496 90 286 4.5
497 0 0 3.8
497 10 38 1.1
497 20 49 0.6
497 30 55 4.7
497 40 102 3.7
497 50 139 4.6
497 60 185 4.8
497 70 233 4.2
497 80 275 1.1
497 90 286 4.5
498 0 0 3.8
498 10 38 1.1
498 20 49 0.6
498 30 55 4.7
498 40 102 3.7
498 50 139 4.6
498 60 185 4.8
498 70 233 4.2
498 80 275 1.1
498 90 286 4.5
499 0 0 3.8
499 10 38 1.1
499 20 49 0.6
499 30 55 4.7
499 40 102 3.7
499 50 139 4.6
499 60 185 4.8
499 70 233 4.2
499 80 275 1.1
499 90 286 4.5
