20 4
0 0 0 4.5
0 25 112.5 2.6
0 50 177.5 1.8
0 75 222.5 2.5
1 0 0 4.5
1 25 112.5 2.6
1 50 177.5 1.8
1 75 222.5 2.5
2 0 0 4.5
2 25 112.5 2.6
2 50 177.5 1.8
2 75 222.5 2.5
3 0 0 4.5
3 25 112.5 2.6
3 50 177.5 1.8
3 75 222.5 2.5
4 0 0 4.5
4 25 112.5 2.6
4 50 177.5 1.8
4 75 222.5 2.5
5 0 0 4.5
5 25 112.5 2.6
5 50 177.5 1.8
5 75 222.5 2.5
6 0 0 4.5
6 25 112.5 2.6
6 50 177.5 1.8
6 75 222.5 2.5
7 0 0 4.5
7 25 112.5 2.6
7 50 177.5 1.8
7 75 222.5 2.5
8 0 0 4.5
8 25 112.5 2.6
8 50 177.5 1.8
8 75 222.5 2.5
9 0 0 4.5
9 25 112.5 2.6
9 50 177.5 1.8
9 75 222.5 2.5
10 0 0 4.5
10 25 112.5 2.6
10 50 177.5 1.8
10 75 222.5 2.5
11 0 0 4.5
11 25 112.5 2.6
11 50 177.5 1.8
11 75 222.5 2.5
12 0 0 4.5
12 25 112.5 2.6
12 50 177.5 1.8
12 75 222.5 2.5
13 0 0 4.5
13 25 112.5 2.6
13 50 177.5 1.8
13 75 222.5 2.5
14 0 0 4.5
14 25 112.5 2.6
14 50 177.5 1.8
14 75 222.5 2.5
15 0 0 4.5
15 25 112.5 2.6
15 50 177.5 1.8
15 75 222.5 2.5
16 0 0 4.5
16 25 112.5 2.6
16 50 177.5 1.8
16 75 222.5 2.5
17 0 0 4.5
17 25 112.5 2.6
17 50 177.5 1.8
17 75 222.5 2.5
18 0 0 4.5
18 25 112.5 2.6
18 50 177.5 1.8
18 75 222.5 2.5
19 0 0 4.5
19 25 112.5 2.6
19 50 177.5 1.8
19 75 222.5 2.5
