20 10
0 0 0 1.3
0 10 13 0.5
0 20 18 2.9
0 30 47 3.9
0 40 86 4.1
0 50 127 2
0 60 147 2.4
0 70 171 4.8
0 80 219 4.6
0 90 265 1.6
1 0 0 1.3
1 10 13 0.5
1 20 18 2.9
1 30 47 3.9
1 40 86 4.1
1 50 127 2
1 60 147 2.4
1 70 171 4.8
1 80 219 4.6
1 90 265 1.6
2 0 0 1.3
2 10 13 0.5
2 20 18 2.9
2 30 47 3.9
2 40 86 4.1
2 50 127 2
2 60 147 2.4
2 70 171 4.8
2 80 219 4.6
2 90 265 1.6
3 0 0 1.3
3 10 13 0.5
3 20 18 2.9
3 30 47 3.9
3 40 86 4.1
3 50 127 2
3 60 147 2.4
3 70 171 4.8
3 80 219 4.6
3 90 265 1.6
4 0 0 1.3
4 10 13 0.5
4 20 18 2.9
4 30 47 3.9
4 40 86 4.1
4 50 127 2
4 60 147 2.4
4 70 171 4.8
4 80 219 4.6
4 90 265 1.6
5 0 0 1.3
5 10 13 0.5
5 20 18 2.9
5 30 47 3.9
5 40 86 4.1
5 50 127 2
5 60 147 2.4
5 70 171 4.8
5 80 219 4.6
5 90 265 1.6
6 0 0 1.3
6 10 13 0.5
6 20 18 2.9
6 30 47 3.9
6 40 86 4.1
6 50 127 2
6 60 147 2.4
6 70 171 4.8
6 80 219 4.6
6 90 265 1.6
7 0 0 1.3
7 10 13 0.5
7 20 18 2.9
7 30 47 3.9
7 40 86 4.1
7 50 127 2
7 60 147 2.4
7 70 171 4.8
7 80 219 4.6
7 90 265 1.6
8 0 0 1.3
8 10 13 0.5
8 20 18 2.9
8 30 47 3.9
8 40 86 4.1
8 50 127 2
8 60 147 2.4
8 70 171 4.8
8 80 219 4.6
8 90 265 1.6
9 0 0 1.3
9 10 13 0.5
9 20 18 2.9
9 30 47 3.9
9 40 86 4.1
9 50 127 2
9 60 147 2.4
9 70 171 4.8
9 80 219 4.6
9 90 265 1.6
10 0 0 1.3
10 10 13 0.5
10 20 18 2.9
10 30 47 3.9
10 40 86 4.1
10 50 127 2
10 60 147 2.4
10 70 171 4.8
10 80 219 4.6
10 90 265 1.6
11 0 0 1.3
11 10 13 0.5
11 20 18 2.9
11 30 47 3.9
11 40 86 4.1
11 50 127 2
11 60 147 2.4
11 70 171 4.8
11 80 219 4.6
11 90 265 1.6
12 0 0 1.3
12 10 13 0.5
12 20 18 2.9
12 30 47 3.9
12 40 86 4.1
12 50 127 2
12 60 147 2.4
12 70 171 4.8
12 80 219 4.6
12 90 265 1.6
13 0 0 1.3
13 10 13 0.5
13 20 18 2.9
13 30 47 3.9
13 40 86 4.1
13 50 127 2
13 60 147 2.4
13 70 171 4.8
13 80 219 4.6
13 90 265 1.6
14 0 0 1.3
14 10 13 0.5
14 20 18 2.9
14 30 47 3.9
14 40 86 4.1
14 50 127 2
14 60 147 2.4
14 70 171 4.8
14 80 219 4.6
14 90 265 1.6
15 0 0 1.3
15 10 13 0.5
15 20 18 2.9
15 30 47 3.9
15 40 86 4.1
15 50 127 2
15 60 147 2.4
15 70 171 4.8
15 80 219 4.6
15 90 265 1.6
16 0 0 1.3
16 10 13 0.5
16 20 18 2.9
16 30 47 3.9
16 40 86 4.1
16 50 127 2
16 60 147 2.4
16 70 171 4.8
16 80 219 4.6
16 90 265 1.6
17 0 0 1.3
17 10 13 0.5
17 20 18 2.9
17 30 47 3.9
17 40 86 4.1
17 50 127 2
17 60 147 2.4
17 70 171 4.8
17 80 219 4.6
17 90 265 1.6
18 0 0 1.3
18 10 13 0.5
18 20 18 2.9
18 30 47 3.9
18 40 86 4.1
18 50 127 2
18 60 147 2.4
18 70 171 4.8
18 80 219 4.6
18 90 265 1.6
19 0 0 1.3
19 10 13 0.5
19 20 18 2.9
19 30 47 3.9
19 40 86 4.1
19 50 127 2
19 60 147 2.4
19 70 171 4.8
19 80 219 4.6
19 90 265 1.6
