100 10
0 0 0 0.7
0 200 140 4.9
0 400 1120 1.1
0 600 1340 1.8
0 800 1700 2
0 1000 2100 0.5
0 1200 2200 2.4
0 1400 2680 3.4
0 1600 3360 3.6
0 1800 4080 3.2
1 0 0 0.7
1 200 140 4.9
1 400 1120 1.1
1 600 1340 1.8
1 800 1700 2
1 1000 2100 0.5
1 1200 2200 2.4
1 1400 2680 3.4
1 1600 3360 3.6
1 1800 4080 3.2
2 0 0 0.7
2 200 140 4.9
2 400 1120 1.1
2 600 1340 1.8
2 800 1700 2
2 1000 2100 0.5
2 1200 2200 2.4
2 1400 2680 3.4
2 1600 3360 3.6
2 1800 4080 3.2
3 0 0 0.7
3 200 140 4.9
3 400 1120 1.1
3 600 1340 1.8
3 800 1700 2
3 1000 2100 0.5
3 1200 2200 2.4
3 1400 2680 3.4
3 1600 3360 3.6
3 1800 4080 3.2
4 0 0 0.7
4 200 140 4.9
4 400 1120 1.1
4 600 1340 1.8
4 800 1700 2
4 1000 2100 0.5
4 1200 2200 2.4
4 1400 2680 3.4
4 1600 3360 3.6
4 1800 4080 3.2
5 0 0 0.7
5 200 140 4.9
5 400 1120 1.1
5 600 1340 1.8
5 800 1700 2
5 1000 2100 0.5
5 1200 2200 2.4
5 1400 2680 3.4
5 1600 3360 3.6
5 1800 4080 3.2
6 0 0 0.7
6 200 140 4.9
6 400 1120 1.1
6 600 1340 1.8
6 800 1700 2
6 1000 2100 0.5
6 1200 2200 2.4
6 1400 2680 3.4
6 1600 3360 3.6
6 1800 4080 3.2
7 0 0 0.7
7 200 140 4.9
7 400 1120 1.1
7 600 1340 1.8
7 800 1700 2
7 1000 2100 0.5
7 1200 2200 2.4
7 1400 2680 3.4
7 1600 3360 3.6
7 1800 4080 3.2
8 0 0 0.7
8 200 140 4.9
8 400 1120 1.1
8 600 1340 1.8
8 800 1700 2
8 1000 2100 0.5
8 1200 2200 2.4
8 1400 2680 3.4
8 1600 3360 3.6
8 1800 4080 3.2
9 0 0 0.7
9 200 140 4.9
9 400 1120 1.1
9 600 1340 1.8
9 800 1700 2
9 1000 2100 0.5
9 1200 2200 2.4
9 1400 2680 3.4
9 1600 3360 3.6
9 1800 4080 3.2
10 0 0 0.7
10 200 140 4.9
10 400 1120 1.1
10 600 1340 1.8
10 800 1700 2
10 1000 2100 0.5
10 1200 2200 2.4
10 1400 2680 3.4
10 1600 3360 3.6
10 1800 4080 3.2
11 0 0 0.7
11 200 140 4.9
11 400 1120 1.1
11 600 1340 1.8
11 800 1700 2
11 1000 2100 0.5
11 1200 2200 2.4
11 1400 2680 3.4
11 1600 3360 3.6
11 1800 4080 3.2
12 0 0 0.7
12 200 140 4.9
12 400 1120 1.1
12 600 1340 1.8
12 800 1700 2
12 1000 2100 0.5
12 1200 2200 2.4
12 1400 2680 3.4
12 1600 3360 3.6
12 1800 4080 3.2
13 0 0 0.7
13 200 140 4.9
13 400 1120 1.1
13 600 1340 1.8
13 800 1700 2
13 1000 2100 0.5
13 1200 2200 2.4
13 1400 2680 3.4
13 1600 3360 3.6
13 1800 4080 3.2
14 0 0 0.7
14 200 140 4.9
14 400 1120 1.1
14 600 1340 1.8
14 800 1700 2
14 1000 2100 0.5
14 1200 2200 2.4
14 1400 2680 3.4
14 1600 3360 3.6
14 1800 4080 3.2
15 0 0 0.7
15 200 140 4.9
15 400 1120 1.1
15 600 1340 1.8
15 800 1700 2
15 1000 2100 0.5
15 1200 2200 2.4
15 1400 2680 3.4
15 1600 3360 3.6
15 1800 4080 3.2
16 0 0 0.7
16 200 140 4.9
16 400 1120 1.1
16 600 1340 1.8
16 800 1700 2
16 1000 2100 0.5
16 1200 2200 2.4
16 1400 2680 3.4
16 1600 3360 3.6
16 1800 4080 3.2
17 0 0 0.7
17 200 140 4.9
17 400 1120 1.1
17 600 1340 1.8
17 800 1700 2
17 1000 2100 0.5
17 1200 2200 2.4
17 1400 2680 3.4
17 1600 3360 3.6
17 1800 4080 3.2
18 0 0 0.7
18 200 140 4.9
18 400 1120 1.1
18 600 1340 1.8
18 800 1700 2
18 1000 2100 0.5
18 1200 2200 2.4
18 1400 2680 3.4
18 1600 3360 3.6
18 1800 4080 3.2
19 0 0 0.7
19 200 140 4.9
19 400 1120 1.1
19 600 1340 1.8
19 800 1700 2
19 1000 2100 0.5
19 1200 2200 2.4
19 1400 2680 3.4
19 1600 3360 3.6
19 1800 4080 3.2
20 0 0 0.7
20 200 140 4.9
20 400 1120 1.1
20 600 1340 1.8
20 800 1700 2
20 1000 2100 0.5
20 1200 2200 2.4
20 1400 2680 3.4
20 1600 3360 3.6
20 1800 4080 3.2
21 0 0 0.7
21 200 140 4.9
21 400 1120 1.1
21 600 1340 1.8
21 800 1700 2
21 1000 2100 0.5
21 1200 2200 2.4
21 1400 2680 3.4
21 1600 3360 3.6
21 1800 4080 3.2
22 0 0 0.7
22 200 140 4.9
22 400 1120 1.1
22 600 1340 1.8
22 800 1700 2
22 1000 2100 0.5
22 1200 2200 2.4
22 1400 2680 3.4
22 1600 3360 3.6
22 1800 4080 3.2
23 0 0 0.7
23 200 140 4.9
23 400 1120 1.1
23 600 1340 1.8
23 800 1700 2
23 1000 2100 0.5
23 1200 2200 2.4
23 1400 2680 3.4
23 1600 3360 3.6
23 1800 4080 3.2
24 0 0 0.7
24 200 140 4.9
24 400 1120 1.1
24 600 1340 1.8
24 800 1700 2
24 1000 2100 0.5
24 1200 2200 2.4
24 1400 2680 3.4
24 1600 3360 3.6
24 1800 4080 3.2
25 0 0 0.7
25 200 140 4.9
25 400 1120 1.1
25 600 1340 1.8
25 800 1700 2
25 1000 2100 0.5
25 1200 2200 2.4
25 1400 2680 3.4
25 1600 3360 3.6
25 1800 4080 3.2
26 0 0 0.7
26 200 140 4.9
26 400 1120 1.1
26 600 1340 1.8
26 800 1700 2
26 1000 2100 0.5
26 1200 2200 2.4
26 1400 2680 3.4
26 1600 3360 3.6
26 1800 4080 3.2
27 0 0 0.7
27 200 140 4.9
27 400 1120 1.1
27 600 1340 1.8
27 800 1700 2
27 1000 2100 0.5
27 1200 2200 2.4
27 1400 2680 3.4
27 1600 3360 3.6
27 1800 4080 3.2
28 0 0 0.7
28 200 140 4.9
28 400 1120 1.1
28 600 1340 1.8
28 800 1700 2
28 1000 2100 0.5
28 1200 2200 2.4
28 1400 2680 3.4
28 1600 3360 3.6
28 1800 4080 3.2
29 0 0 0.7
29 200 140 4.9
29 400 1120 1.1
29 600 1340 1.8
29 800 1700 2
29 1000 2100 0.5
29 1200 2200 2.4
29 1400 2680 3.4
29 1600 3360 3.6
29 1800 4080 3.2
30 0 0 0.7
30 200 140 4.9
30 400 1120 1.1
30 600 1340 1.8
30 800 1700 2
30 1000 2100 0.5
30 1200 2200 2.4
30 1400 2680 3.4
30 1600 3360 3.6
30 1800 4080 3.2
31 0 0 0.7
31 200 140 4.9
31 400 1120 1.1
31 600 1340 1.8
31 800 1700 2
31 1000 2100 0.5
31 1200 2200 2.4
31 1400 2680 3.4
31 1600 3360 3.6
31 1800 4080 3.2
32 0 0 0.7
32 200 140 4.9
32 400 1120 1.1
32 600 1340 1.8
32 800 1700 2
32 1000 2100 0.5
32 1200 2200 2.4
32 1400 2680 3.4
32 1600 3360 3.6
32 1800 4080 3.2
33 0 0 0.7
33 200 140 4.9
33 400 1120 1.1
33 600 1340 1.8
33 800 1700 2
33 1000 2100 0.5
33 1200 2200 2.4
33 1400 2680 3.4
33 1600 3360 3.6
33 1800 4080 3.2
34 0 0 0.7
34 200 140 4.9
34 400 1120 1.1
34 600 1340 1.8
34 800 1700 2
34 1000 2100 0.5
34 1200 2200 2.4
34 1400 2680 3.4
34 1600 3360 3.6
34 1800 4080 3.2
35 0 0 0.7
35 200 140 4.9
35 400 1120 1.1
35 600 1340 1.8
35 800 1700 2
35 1000 2100 0.5
35 1200 2200 2.4
35 1400 2680 3.4
35 1600 3360 3.6
35 1800 4080 3.2
36 0 0 0.7
36 200 140 4.9
36 400 1120 1.1
36 600 1340 1.8
36 800 1700 2
36 1000 2100 0.5
36 1200 2200 2.4
36 1400 2680 3.4
36 1600 3360 3.6
36 1800 4080 3.2
37 0 0 0.7
37 200 140 4.9
37 400 1120 1.1
37 600 1340 1.8
37 800 1700 2
37 1000 2100 0.5
37 1200 2200 2.4
37 1400 2680 3.4
37 1600 3360 3.6
37 1800 4080 3.2
38 0 0 0.7
38 200 140 4.9
38 400 1120 1.1
38 600 1340 1.8
38 800 1700 2
38 1000 2100 0.5
38 1200 2200 2.4
38 1400 2680 3.4
38 1600 3360 3.6
38 1800 4080 3.2
39 0 0 0.7
39 200 140 4.9
39 400 1120 1.1
39 600 1340 1.8
39 800 1700 2
39 1000 2100 0.5
39 1200 2200 2.4
39 1400 2680 3.4
39 1600 3360 3.6
39 1800 4080 3.2
40 0 0 0.7
40 200 140 4.9
40 400 1120 1.1
40 600 1340 1.8
40 800 1700 2
40 1000 2100 0.5
40 1200 2200 2.4
40 1400 2680 3.4
40 1600 3360 3.6
40 1800 4080 3.2
41 0 0 0.7
41 200 140 4.9
41 400 1120 1.1
41 600 1340 1.8
41 800 1700 2
41 1000 2100 0.5
41 1200 2200 2.4
41 1400 2680 3.4
41 1600 3360 3.6
41 1800 4080 3.2
42 0 0 0.7
42 200 140 4.9
42 400 1120 1.1
42 600 1340 1.8
42 800 1700 2
42 1000 2100 0.5
42 1200 2200 2.4
42 1400 2680 3.4
42 1600 3360 3.6
42 1800 4080 3.2
43 0 0 0.7
43 200 140 4.9
43 400 1120 1.1
43 600 1340 1.8
43 800 1700 2
43 1000 2100 0.5
43 1200 2200 2.4
43 1400 2680 3.4
43 1600 3360 3.6
43 1800 4080 3.2
44 0 0 0.7
44 200 140 4.9
44 400 1120 1.1
44 600 1340 1.8
44 800 1700 2
44 1000 2100 0.5
44 1200 2200 2.4
44 1400 2680 3.4
44 1600 3360 3.6
44 1800 4080 3.2
45 0 0 0.7
45 200 140 4.9
45 400 1120 1.1
45 600 1340 1.8
45 800 1700 2
45 1000 2100 0.5
45 1200 2200 2.4
45 1400 2680 3.4
45 1600 3360 3.6
45 1800 4080 3.2
46 0 0 0.7
46 200 140 4.9
46 400 1120 1.1
46 600 1340 1.8
46 800 1700 2
46 1000 2100 0.5
46 1200 2200 2.4
46 1400 2680 3.4
46 1600 3360 3.6
46 1800 4080 3.2
47 0 0 0.7
47 200 140 4.9
47 400 1120 1.1
47 600 1340 1.8
47 800 1700 2
47 1000 2100 0.5
47 1200 2200 2.4
47 1400 2680 3.4
47 1600 3360 3.6
47 1800 4080 3.2
48 0 0 0.7
48 200 140 4.9
48 400 1120 1.1
48 600 1340 1.8
48 800 1700 2
48 1000 2100 0.5
48 1200 2200 2.4
48 1400 2680 3.4
48 1600 3360 3.6
48 1800 4080 3.2
49 0 0 0.7
49 200 140 4.9
49 400 1120 1.1
49 600 1340 1.8
49 800 1700 2
49 1000 2100 0.5
49 1200 2200 2.4
49 1400 2680 3.4
49 1600 3360 3.6
49 1800 4080 3.2
50 0 0 0.7
50 200 140 4.9
50 400 1120 1.1
50 600 1340 1.8
50 800 1700 2
50 1000 2100 0.5
50 1200 2200 2.4
50 1400 2680 3.4
50 1600 3360 3.6
50 1800 4080 3.2
51 0 0 0.7
51 200 140 4.9
51 400 1120 1.1
51 600 1340 1.8
51 800 1700 2
51 1000 2100 0.5
51 1200 2200 2.4
51 1400 2680 3.4
51 1600 3360 3.6
51 1800 4080 3.2
52 0 0 0.7
52 200 140 4.9
52 400 1120 1.1
52 600 1340 1.8
52 800 1700 2
52 1000 2100 0.5
52 1200 2200 2.4
52 1400 2680 3.4
52 1600 3360 3.6
52 1800 4080 3.2
53 0 0 0.7
53 200 140 4.9
53 400 1120 1.1
53 600 1340 1.8
53 800 1700 2
53 1000 2100 0.5
53 1200 2200 2.4
53 1400 2680 3.4
53 1600 3360 3.6
53 1800 4080 3.2
54 0 0 0.7
54 200 140 4.9
54 400 1120 1.1
54 600 1340 1.8
54 800 1700 2
54 1000 2100 0.5
54 1200 2200 2.4
54 1400 2680 3.4
54 1600 3360 3.6
54 1800 4080 3.2
55 0 0 0.7
55 200 140 4.9
55 400 1120 1.1
55 600 1340 1.8
55 800 1700 2
55 1000 2100 0.5
55 1200 2200 2.4
55 1400 2680 3.4
55 1600 3360 3.6
55 1800 4080 3.2
56 0 0 0.7
56 200 140 4.9
56 400 1120 1.1
56 600 1340 1.8
56 800 1700 2
56 1000 2100 0.5
56 1200 2200 2.4
56 1400 2680 3.4
56 1600 3360 3.6
56 1800 4080 3.2
57 0 0 0.7
57 200 140 4.9
57 400 1120 1.1
57 600 1340 1.8
57 800 1700 2
57 1000 2100 0.5
57 1200 2200 2.4
57 1400 2680 3.4
57 1600 3360 3.6
57 1800 4080 3.2
58 0 0 0.7
58 200 140 4.9
58 400 1120 1.1
58 600 1340 1.8
58 800 1700 2
58 1000 2100 0.5
58 1200 2200 2.4
58 1400 2680 3.4
58 1600 3360 3.6
58 1800 4080 3.2
59 0 0 0.7
59 200 140 4.9
59 400 1120 1.1
59 600 1340 1.8
59 800 1700 2
59 1000 2100 0.5
59 1200 2200 2.4
59 1400 2680 3.4
59 1600 3360 3.6
59 1800 4080 3.2
60 0 0 0.7
60 200 140 4.9
60 400 1120 1.1
60 600 1340 1.8
60 800 1700 2
60 1000 2100 0.5
60 1200 2200 2.4
60 1400 2680 3.4
60 1600 3360 3.6
60 1800 4080 3.2
61 0 0 0.7
61 200 140 4.9
61 400 1120 1.1
61 600 1340 1.8
61 800 1700 2
61 1000 2100 0.5
61 1200 2200 2.4
61 1400 2680 3.4
61 1600 3360 3.6
61 1800 4080 3.2
62 0 0 0.7
62 200 140 4.9
62 400 1120 1.1
62 600 1340 1.8
62 800 1700 2
62 1000 2100 0.5
62 1200 2200 2.4
62 1400 2680 3.4
62 1600 3360 3.6
62 1800 4080 3.2
63 0 0 0.7
63 200 140 4.9
63 400 1120 1.1
63 600 1340 1.8
63 800 1700 2
63 1000 2100 0.5
63 1200 2200 2.4
63 1400 2680 3.4
63 1600 3360 3.6
63 1800 4080 3.2
64 0 0 0.7
64 200 140 4.9
64 400 1120 1.1
64 600 1340 1.8
64 800 1700 2
64 1000 2100 0.5
64 1200 2200 2.4
64 1400 2680 3.4
64 1600 3360 3.6
64 1800 4080 3.2
65 0 0 0.7
65 200 140 4.9
65 400 1120 1.1
65 600 1340 1.8
65 800 1700 2
65 1000 2100 0.5
65 1200 2200 2.4
65 1400 2680 3.4
65 1600 3360 3.6
65 1800 4080 3.2
66 0 0 0.7
66 200 140 4.9
66 400 1120 1.1
66 600 1340 1.8
66 800 1700 2
66 1000 2100 0.5
66 1200 2200 2.4
66 1400 2680 3.4
66 1600 3360 3.6
66 1800 4080 3.2
67 0 0 0.7
67 200 140 4.9
67 400 1120 1.1
67 600 1340 1.8
67 800 1700 2
67 1000 2100 0.5
67 1200 2200 2.4
67 1400 2680 3.4
67 1600 3360 3.6
67 1800 4080 3.2
68 0 0 0.7
68 200 140 4.9
68 400 1120 1.1
68 600 1340 1.8
68 800 1700 2
68 1000 2100 0.5
68 1200 2200 2.4
68 1400 2680 3.4
68 1600 3360 3.6
68 1800 4080 3.2
69 0 0 0.7
69 200 140 4.9
69 400 1120 1.1
69 600 1340 1.8
69 800 1700 2
69 1000 2100 0.5
69 1200 2200 2.4
69 1400 2680 3.4
69 1600 3360 3.6
69 1800 4080 3.2
70 0 0 0.7
70 200 140 4.9
70 400 1120 1.1
70 600 1340 1.8
70 800 1700 2
70 1000 2100 0.5
70 1200 2200 2.4
70 1400 2680 3.4
70 1600 3360 3.6
70 1800 4080 3.2
71 0 0 0.7
71 200 140 4.9
71 400 1120 1.1
71 600 1340 1.8
71 800 1700 2
71 1000 2100 0.5
71 1200 2200 2.4
71 1400 2680 3.4
71 1600 3360 3.6
71 1800 4080 3.2
72 0 0 0.7
72 200 140 4.9
72 400 1120 1.1
72 600 1340 1.8
72 800 1700 2
72 1000 2100 0.5
72 1200 2200 2.4
72 1400 2680 3.4
72 1600 3360 3.6
72 1800 4080 3.2
73 0 0 0.7
73 200 140 4.9
73 400 1120 1.1
73 600 1340 1.8
73 800 1700 2
73 1000 2100 0.5
73 1200 2200 2.4
73 1400 2680 3.4
73 1600 3360 3.6
73 1800 4080 3.2
74 0 0 0.7
74 200 140 4.9
74 400 1120 1.1
74 600 1340 1.8
74 800 1700 2
74 1000 2100 0.5
74 1200 2200 2.4
74 1400 2680 3.4
74 1600 3360 3.6
74 1800 4080 3.2
75 0 0 0.7
75 200 140 4.9
75 400 1120 1.1
75 600 1340 1.8
75 800 1700 2
75 1000 2100 0.5
75 1200 2200 2.4
75 1400 2680 3.4
75 1600 3360 3.6
75 1800 4080 3.2
76 0 0 0.7
76 200 140 4.9
76 400 1120 1.1
76 600 1340 1.8
76 800 1700 2
76 1000 2100 0.5
76 1200 2200 2.4
76 1400 2680 3.4
76 1600 3360 3.6
76 1800 4080 3.2
77 0 0 0.7
77 200 140 4.9
77 400 1120 1.1
77 600 1340 1.8
77 800 1700 2
77 1000 2100 0.5
77 1200 2200 2.4
77 1400 2680 3.4
77 1600 3360 3.6
77 1800 4080 3.2
78 0 0 0.7
78 200 140 4.9
78 400 1120 1.1
78 600 1340 1.8
78 800 1700 2
78 1000 2100 0.5
78 1200 2200 2.4
78 1400 2680 3.4
78 1600 3360 3.6
78 1800 4080 3.2
79 0 0 0.7
79 200 140 4.9
79 400 1120 1.1
79 600 1340 1.8
79 800 1700 2
79 1000 2100 0.5
79 1200 2200 2.4
79 1400 2680 3.4
79 1600 3360 3.6
79 1800 4080 3.2
80 0 0 0.7
80 200 140 4.9
80 400 1120 1.1
80 600 1340 1.8
80 800 1700 2
80 1000 2100 0.5
80 1200 2200 2.4
80 1400 2680 3.4
80 1600 3360 3.6
80 1800 4080 3.2
81 0 0 0.7
81 200 140 4.9
81 400 1120 1.1
81 600 1340 1.8
81 800 1700 2
81 1000 2100 0.5
81 1200 2200 2.4
81 1400 2680 3.4
81 1600 3360 3.6
81 1800 4080 3.2
82 0 0 0.7
82 200 140 4.9
82 400 1120 1.1
82 600 1340 1.8
82 800 1700 2
82 1000 2100 0.5
82 1200 2200 2.4
82 1400 2680 3.4
82 1600 3360 3.6
82 1800 4080 3.2
83 0 0 0.7
83 200 140 4.9
83 400 1120 1.1
83 600 1340 1.8
83 800 1700 2
83 1000 2100 0.5
83 1200 2200 2.4
83 1400 2680 3.4
83 1600 3360 3.6
83 1800 4080 3.2
84 0 0 0.7
84 200 140 4.9
84 400 1120 1.1
84 600 1340 1.8
84 800 1700 2
84 1000 2100 0.5
84 1200 2200 2.4
84 1400 2680 3.4
84 1600 3360 3.6
84 1800 4080 3.2
85 0 0 0.7
85 200 140 4.9
85 400 1120 1.1
85 600 1340 1.8
85 800 1700 2
85 1000 2100 0.5
85 1200 2200 2.4
85 1400 2680 3.4
85 1600 3360 3.6
85 1800 4080 3.2
86 0 0 0.7
86 200 140 4.9
86 400 1120 1.1
86 600 1340 1.8
86 800 1700 2
86 1000 2100 0.5
86 1200 2200 2.4
86 1400 2680 3.4
86 1600 3360 3.6
86 1800 4080 3.2
87 0 0 0.7
87 200 140 4.9
87 400 1120 1.1
87 600 1340 1.8
87 800 1700 2
87 1000 2100 0.5
87 1200 2200 2.4
87 1400 2680 3.4
87 1600 3360 3.6
87 1800 4080 3.2
88 0 0 0.7
88 200 140 4.9
88 400 1120 1.1
88 600 1340 1.8
88 800 1700 2
88 1000 2100 0.5
88 1200 2200 2.4
88 1400 2680 3.4
88 1600 3360 3.6
88 1800 4080 3.2
89 0 0 0.7
89 200 140 4.9
89 400 1120 1.1
89 600 1340 1.8
89 800 1700 2
89 1000 2100 0.5
89 1200 2200 2.4
89 1400 2680 3.4
89 1600 3360 3.6
89 1800 4080 3.2
90 0 0 0.7
90 200 140 4.9
90 400 1120 1.1
90 600 1340 1.8
90 800 1700 2
90 1000 2100 0.5
90 1200 2200 2.4
90 1400 2680 3.4
90 1600 3360 3.6
90 1800 4080 3.2
91 0 0 0.7
91 200 140 4.9
91 400 1120 1.1
91 600 1340 1.8
91 800 1700 2
91 1000 2100 0.5
91 1200 2200 2.4
91 1400 2680 3.4
91 1600 3360 3.6
91 1800 4080 3.2
92 0 0 0.7
92 200 140 4.9
92 400 1120 1.1
92 600 1340 1.8
92 800 1700 2
92 1000 2100 0.5
92 1200 2200 2.4
92 1400 2680 3.4
92 1600 3360 3.6
92 1800 4080 3.2
93 0 0 0.7
93 200 140 4.9
93 400 1120 1.1
93 600 1340 1.8
93 800 1700 2
93 1000 2100 0.5
93 1200 2200 2.4
93 1400 2680 3.4
93 1600 3360 3.6
93 1800 4080 3.2
94 0 0 0.7
94 200 140 4.9
94 400 1120 1.1
94 600 1340 1.8
94 800 1700 2
94 1000 2100 0.5
94 1200 2200 2.4
94 1400 2680 3.4
94 1600 3360 3.6
94 1800 4080 3.2
95 0 0 0.7
95 200 140 4.9
95 400 1120 1.1
95 600 1340 1.8
95 800 1700 2
95 1000 2100 0.5
95 1200 2200 2.4
95 1400 2680 3.4
95 1600 3360 3.6
95 1800 4080 3.2
96 0 0 0.7
96 200 140 4.9
96 400 1120 1.1
96 600 1340 1.8
96 800 1700 2
96 1000 2100 0.5
96 1200 2200 2.4
96 1400 2680 3.4
96 1600 3360 3.6
96 1800 4080 3.2
97 0 0 0.7
97 200 140 4.9
97 400 1120 1.1
97 600 1340 1.8
97 800 1700 2
97 1000 2100 0.5
97 1200 2200 2.4
97 1400 2680 3.4
97 1600 3360 3.6
97 1800 4080 3.2
98 0 0 0.7
98 200 140 4.9
98 400 1120 1.1
98 600 1340 1.8
98 800 1700 2
98 1000 2100 0.5
98 1200 2200 2.4
98 1400 2680 3.4
98 1600 3360 3.6
98 1800 4080 3.2
99 0 0 0.7
99 200 140 4.9
99 400 1120 1.1
99 600 1340 1.8
99 800 1700 2
99 1000 2100 0.5
99 1200 2200 2.4
99 1400 2680 3.4
99 1600 3360 3.6
99 1800 4080 3.2
