100 4
0 0 0 4.2
0 25 105 2.8
0 50 175 2.2
0 75 230 1.4
1 0 0 4.2
1 25 105 2.8
1 50 175 2.2
1 75 230 1.4
2 0 0 4.2
2 25 105 2.8
2 50 175 2.2
2 75 230 1.4
3 0 0 4.2
3 25 105 2.8
3 50 175 2.2
3 75 230 1.4
4 0 0 4.2
4 25 105 2.8
4 50 175 2.2
4 75 230 1.4
5 0 0 4.2
5 25 105 2.8
5 50 175 2.2
5 75 230 1.4
6 0 0 4.2
6 25 105 2.8
6 50 175 2.2
6 75 230 1.4
7 0 0 4.2
7 25 105 2.8
7 50 175 2.2
7 75 230 1.4
8 0 0 4.2
8 25 105 2.8
8 50 175 2.2
8 75 230 1.4
9 0 0 4.2
9 25 105 2.8
9 50 175 2.2
9 75 230 1.4
10 0 0 4.2
10 25 105 2.8
10 50 175 2.2
10 75 230 1.4
11 0 0 4.2
11 25 105 2.8
11 50 175 2.2
11 75 230 1.4
12 0 0 4.2
12 25 105 2.8
12 50 175 2.2
12 75 230 1.4
13 0 0 4.2
13 25 105 2.8
13 50 175 2.2
13 75 230 1.4
14 0 0 4.2
14 25 105 2.8
14 50 175 2.2
14 75 230 1.4
15 0 0 4.2
15 25 105 2.8
15 50 175 2.2
15 75 230 1.4
16 0 0 4.2
16 25 105 2.8
16 50 175 2.2
16 75 230 1.4
17 0 0 4.2
17 25 105 2.8
17 50 175 2.2
17 75 230 1.4
18 0 0 4.2
18 25 105 2.8
18 50 175 2.2
18 75 230 1.4
19 0 0 4.2
19 25 105 2.8
19 50 175 2.2
19 75 230 1.4
20 0 0 4.2
20 25 105 2.8
20 50 175 2.2
20 75 230 1.4
21 0 0 4.2
21 25 105 2.8
21 50 175 2.2
21 75 230 1.4
22 0 0 4.2
22 25 105 2.8
22 50 175 2.2
22 75 230 1.4
23 0 0 4.2
23 25 105 2.8
23 50 175 2.2
23 75 230 1.4
24 0 0 4.2
24 25 105 2.8
24 50 175 2.2
24 75 230 1.4
25 0 0 4.2
25 25 105 2.8
25 50 175 2.2
25 75 230 1.4
26 0 0 4.2
26 25 105 2.8
26 50 175 2.2
26 75 230 1.4
27 0 0 4.2
27 25 105 2.8
27 50 175 2.2
27 75 230 1.4
28 0 0 4.2
28 25 105 2.8
28 50 175 2.2
28 75 230 1.4
29 0 0 4.2
29 25 105 2.8
29 50 175 2.2
29 75 230 1.4
30 0 0 4.2
30 25 105 2.8
30 50 175 2.2
30 75 230 1.4
31 0 0 4.2
31 25 105 2.8
31 50 175 2.2
31 75 230 1.4
32 0 0 4.2
32 25 105 2.8
32 50 175 2.2
32 75 230 1.4
33 0 0 4.2
33 25 105 2.8
33 50 175 2.2
33 75 230 1.4
34 0 0 4.2
34 25 105 2.8
34 50 175 2.2
34 75 230 1.4
35 0 0 4.2
35 25 105 2.8
35 50 175 2.2
35 75 230 1.4
36 0 0 4.2
36 25 105 2.8
36 50 175 2.2
36 75 230 1.4
37 0 0 4.2
37 25 105 2.8
37 50 175 2.2
37 75 230 1.4
38 0 0 4.2
38 25 105 2.8
38 50 175 2.2
38 75 230 1.4
39 0 0 4.2
39 25 105 2.8
39 50 175 2.2
39 75 230 1.4
40 0 0 4.2
40 25 105 2.8
40 50 175 2.2
40 75 230 1.4
41 0 0 4.2
41 25 105 2.8
41 50 175 2.2
41 75 230 1.4
42 0 0 4.2
42 25 105 2.8
42 50 175 2.2
42 75 230 1.4
43 0 0 4.2
43 25 105 2.8
43 50 175 2.2
43 75 230 1.4
44 0 0 4.2
44 25 105 2.8
44 50 175 2.2
44 75 230 1.4
45 0 0 4.2
45 25 105 2.8
45 50 175 2.2
45 75 230 1.4
46 0 0 4.2
46 25 105 2.8
46 50 175 2.2
46 75 230 1.4
47 0 0 4.2
47 25 105 2.8
47 50 175 2.2
47 75 230 1.4
48 0 0 4.2
48 25 105 2.8
48 50 175 2.2
48 75 230 1.4
49 0 0 4.2
49 25 105 2.8
49 50 175 2.2
49 75 230 1.4
50 0 0 4.2
50 25 105 2.8
50 50 175 2.2
50 75 230 1.4
51 0 0 4.2
51 25 105 2.8
51 50 175 2.2
51 75 230 1.4
52 0 0 4.2
52 25 105 2.8
52 50 175 2.2
52 75 230 1.4
53 0 0 4.2
53 25 105 2.8
53 50 175 2.2
53 75 230 1.4
54 0 0 4.2
54 25 105 2.8
54 50 175 2.2
54 75 230 1.4
55 0 0 4.2
55 25 105 2.8
55 50 175 2.2
55 75 230 1.4
56 0 0 4.2
56 25 105 2.8
56 50 175 2.2
56 75 230 1.4
57 0 0 4.2
57 25 105 2.8
57 50 175 2.2
57 75 230 1.4
58 0 0 4.2
58 25 105 2.8
58 50 175 2.2
58 75 230 1.4
59 0 0 4.2
59 25 105 2.8
59 50 175 2.2
59 75 230 1.4
60 0 0 4.2
60 25 105 2.8
60 50 175 2.2
60 75 230 1.4
61 0 0 4.2
61 25 105 2.8
61 50 175 2.2
61 75 230 1.4
62 0 0 4.2
62 25 105 2.8
62 50 175 2.2
62 75 230 1.4
63 0 0 4.2
63 25 105 2.8
63 50 175 2.2
63 75 230 1.4
64 0 0 4.2
64 25 105 2.8
64 50 175 2.2
64 75 230 1.4
65 0 0 4.2
65 25 105 2.8
65 50 175 2.2
65 75 230 1.4
66 0 0 4.2
66 25 105 2.8
66 50 175 2.2
66 75 230 1.4
67 0 0 4.2
67 25 105 2.8
67 50 175 2.2
67 75 230 1.4
68 0 0 4.2
68 25 105 2.8
68 50 175 2.2
68 75 230 1.4
69 0 0 4.2
69 25 105 2.8
69 50 175 2.2
69 75 230 1.4
70 0 0 4.2
70 25 105 2.8
70 50 175 2.2
70 75 230 1.4
71 0 0 4.2
71 25 105 2.8
71 50 175 2.2
71 75 230 1.4
72 0 0 4.2
72 25 105 2.8
72 50 175 2.2
72 75 230 1.4
73 0 0 4.2
73 25 105 2.8
73 50 175 2.2
73 75 230 1.4
74 0 0 4.2
74 25 105 2.8
74 50 175 2.2
74 75 230 1.4
75 0 0 4.2
75 25 105 2.8
75 50 175 2.2
75 75 230 1.4
76 0 0 4.2
76 25 105 2.8
76 50 175 2.2
76 75 230 1.4
77 0 0 4.2
77 25 105 2.8
77 50 175 2.2
77 75 230 1.4
78 0 0 4.2
78 25 105 2.8
78 50 175 2.2
78 75 230 1.4
79 0 0 4.2
79 25 105 2.8
79 50 175 2.2
79 75 230 1.4
80 0 0 4.2
80 25 105 2.8
80 50 175 2.2
80 75 230 1.4
81 0 0 4.2
81 25 105 2.8
81 50 175 2.2
81 75 230 1.4
82 0 0 4.2
82 25 105 2.8
82 50 175 2.2
82 75 230 1.4
83 0 0 4.2
83 25 105 2.8
83 50 175 2.2
83 75 230 1.4
84 0 0 4.2
84 25 105 2.8
84 50 175 2.2
84 75 230 1.4
85 0 0 4.2
85 25 105 2.8
85 50 175 2.2
85 75 230 1.4
86 0 0 4.2
86 25 105 2.8
86 50 175 2.2
86 75 230 1.4
87 0 0 4.2
87 25 105 2.8
87 50 175 2.2
87 75 230 1.4
88 0 0 4.2
88 25 105 2.8
88 50 175 2.2
88 75 230 1.4
89 0 0 4.2
89 25 105 2.8
89 50 175 2.2
89 75 230 1.4
90 0 0 4.2
90 25 105 2.8
90 50 175 2.2
90 75 230 1.4
91 0 0 4.2
91 25 105 2.8
91 50 175 2.2
91 75 230 1.4
92 0 0 4.2
92 25 105 2.8
92 50 175 2.2
92 75 230 1.4
93 0 0 4.2
93 25 105 2.8
93 50 175 2.2
93 75 230 1.4
94 0 0 4.2
94 25 105 2.8
94 50 175 2.2
94 75 230 1.4
95 0 0 4.2
95 25 105 2.8
95 50 175 2.2
95 75 230 1.4
96 0 0 4.2
96 25 105 2.8
96 50 175 2.2
96 75 230 1.4
97 0 0 4.2
97 25 105 2.8
97 50 175 2.2
97 75 230 1.4
98 0 0 4.2
98 25 105 2.8
98 50 175 2.2
98 75 230 1.4
99 0 0 4.2
99 25 105 2.8
99 50 175 2.2
99 75 230 1.4
