500 4
0 0 0 4.6
0 25 115 4.5
0 50 227.5 4.4
0 75 337.5 3.1
1 0 0 4.6
1 25 115 4.5
1 50 227.5 4.4
1 75 337.5 3.1
2 0 0 4.6
2 25 115 4.5
2 50 227.5 4.4
2 75 337.5 3.1
3 0 0 4.6
3 25 115 4.5
3 50 227.5 4.4
3 75 337.5 3.1
4 0 0 4.6
4 25 115 4.5
4 50 227.5 4.4
4 75 337.5 3.1
5 0 0 4.6
5 25 115 4.5
5 50 227.5 4.4
5 75 337.5 3.1
6 0 0 4.6
6 25 115 4.5
6 50 227.5 4.4
6 75 337.5 3.1
7 0 0 4.6
7 25 115 4.5
7 50 227.5 4.4
7 75 337.5 3.1
8 0 0 4.6
8 25 115 4.5
8 50 227.5 4.4
8 75 337.5 3.1
9 0 0 4.6
9 25 115 4.5
9 50 227.5 4.4
9 75 337.5 3.1
10 0 0 4.6
10 25 115 4.5
10 50 227.5 4.4
10 75 337.5 3.1
11 0 0 4.6
11 25 115 4.5
11 50 227.5 4.4
11 75 337.5 3.1
12 0 0 4.6
12 25 115 4.5
12 50 227.5 4.4
12 75 337.5 3.1
13 0 0 4.6
13 25 115 4.5
13 50 227.5 4.4
13 75 337.5 3.1
14 0 0 4.6
14 25 115 4.5
14 50 227.5 4.4
14 75 337.5 3.1
15 0 0 4.6
15 25 115 4.5
15 50 227.5 4.4
15 75 337.5 3.1
16 0 0 4.6
16 25 115 4.5
16 50 227.5 4.4
16 75 337.5 3.1
17 0 0 4.6
17 25 115 4.5
17 50 227.5 4.4
17 75 337.5 3.1
18 0 0 4.6
18 25 115 4.5
18 50 227.5 4.4
18 75 337.5 3.1
19 0 0 4.6
19 25 115 4.5
19 50 227.5 4.4
19 75 337.5 3.1
20 0 0 4.6
20 25 115 4.5
20 50 227.5 4.4
20 75 337.5 3.1
21 0 0 4.6
21 25 115 4.5
21 50 227.5 4.4
21 75 337.5 3.1
22 0 0 4.6
22 25 115 4.5
22 50 227.5 4.4
22 75 337.5 3.1
23 0 0 4.6
23 25 115 4.5
23 50 227.5 4.4
23 75 337.5 3.1
24 0 0 4.6
24 25 115 4.5
24 50 227.5 4.4
24 75 337.5 3.1
25 0 0 4.6
25 25 115 4.5
25 50 227.5 4.4
25 75 337.5 3.1
26 0 0 4.6
26 25 115 4.5
26 50 227.5 4.4
26 75 337.5 3.1
27 0 0 4.6
27 25 115 4.5
27 50 227.5 4.4
27 75 337.5 3.1
28 0 0 4.6
28 25 115 4.5
28 50 227.5 4.4
28 75 337.5 3.1
29 0 0 4.6
29 25 115 4.5
29 50 227.5 4.4
29 75 337.5 3.1
30 0 0 4.6
30 25 115 4.5
30 50 227.5 4.4
30 75 337.5 3.1
31 0 0 4.6
31 25 115 4.5
31 50 227.5 4.4
31 75 337.5 3.1
32 0 0 4.6
32 25 115 4.5
32 50 227.5 4.4
32 75 337.5 3.1
33 0 0 4.6
33 25 115 4.5
33 50 227.5 4.4
33 75 337.5 3.1
34 0 0 4.6
34 25 115 4.5
34 50 227.5 4.4
34 75 337.5 3.1
35 0 0 4.6
35 25 115 4.5
35 50 227.5 4.4
35 75 337.5 3.1
36 0 0 4.6
36 25 115 4.5
36 50 227.5 4.4
36 75 337.5 3.1
37 0 0 4.6
37 25 115 4.5
37 50 227.5 4.4
37 75 337.5 3.1
38 0 0 4.6
38 25 115 4.5
38 50 227.5 4.4
38 75 337.5 3.1
39 0 0 4.6
39 25 115 4.5
39 50 227.5 4.4
39 75 337.5 3.1
40 0 0 4.6
40 25 115 4.5
40 50 227.5 4.4
40 75 337.5 3.1
41 0 0 4.6
41 25 115 4.5
41 50 227.5 4.4
41 75 337.5 3.1
42 0 0 4.6
42 25 115 4.5
42 50 227.5 4.4
42 75 337.5 3.1
43 0 0 4.6
43 25 115 4.5
43 50 227.5 4.4
43 75 337.5 3.1
44 0 0 4.6
44 25 115 4.5
44 50 227.5 4.4
44 75 337.5 3.1
45 0 0 4.6
45 25 115 4.5
45 50 227.5 4.4
45 75 337.5 3.1
46 0 0 4.6
46 25 115 4.5
46 50 227.5 4.4
46 75 337.5 3.1
47 0 0 4.6
47 25 115 4.5
47 50 227.5 4.4
47 75 337.5 3.1
48 0 0 4.6
48 25 115 4.5
48 50 227.5 4.4
48 75 337.5 3.1
49 0 0 4.6
49 25 115 4.5
49 50 227.5 4.4
49 75 337.5 3.1
50 0 0 4.6
50 25 115 4.5
50 50 227.5 4.4
50 75 337.5 3.1
51 0 0 4.6
51 25 115 4.5
51 50 227.5 4.4
51 75 337.5 3.1
52 0 0 4.6
52 25 115 4.5
52 50 227.5 4.4
52 75 337.5 3.1
53 0 0 4.6
53 25 115 4.5
53 50 227.5 4.4
53 75 337.5 3.1
54 0 0 4.6
54 25 115 4.5
54 50 227.5 4.4
54 75 337.5 3.1
55 0 0 4.6
55 25 115 4.5
55 50 227.5 4.4
55 75 337.5 3.1
56 0 0 4.6
56 25 115 4.5
56 50 227.5 4.4
56 75 337.5 3.1
57 0 0 4.6
57 25 115 4.5
57 50 227.5 4.4
57 75 337.5 3.1
58 0 0 4.6
58 25 115 4.5
58 50 227.5 4.4
58 75 337.5 3.1
59 0 0 4.6
59 25 115 4.5
59 50 227.5 4.4
59 75 337.5 3.1
60 0 0 4.6
60 25 115 4.5
60 50 227.5 4.4
60 75 337.5 3.1
61 0 0 4.6
61 25 115 4.5
61 50 227.5 4.4
61 75 337.5 3.1
62 0 0 4.6
62 25 115 4.5
62 50 227.5 4.4
62 75 337.5 3.1
63 0 0 4.6
63 25 115 4.5
63 50 227.5 4.4
63 75 337.5 3.1
64 0 0 4.6
64 25 115 4.5
64 50 227.5 4.4
64 75 337.5 3.1
65 0 0 4.6
65 25 115 4.5
65 50 227.5 4.4
65 75 337.5 3.1
66 0 0 4.6
66 25 115 4.5
66 50 227.5 4.4
66 75 337.5 3.1
67 0 0 4.6
67 25 115 4.5
67 50 227.5 4.4
67 75 337.5 3.1
68 0 0 4.6
68 25 115 4.5
68 50 227.5 4.4
68 75 337.5 3.1
69 0 0 4.6
69 25 115 4.5
69 50 227.5 4.4
69 75 337.5 3.1
70 0 0 4.6
70 25 115 4.5
70 50 227.5 4.4
70 75 337.5 3.1
71 0 0 4.6
71 25 115 4.5
71 50 227.5 4.4
71 75 337.5 3.1
72 0 0 4.6
72 25 115 4.5
72 50 227.5 4.4
72 75 337.5 3.1
73 0 0 4.6
73 25 115 4.5
73 50 227.5 4.4
73 75 337.5 3.1
74 0 0 4.6
74 25 115 4.5
74 50 227.5 4.4
74 75 337.5 3.1
75 0 0 4.6
75 25 115 4.5
75 50 227.5 4.4
75 75 337.5 3.1
76 0 0 4.6
76 25 115 4.5
76 50 227.5 4.4
76 75 337.5 3.1
77 0 0 4.6
77 25 115 4.5
77 50 227.5 4.4
77 75 337.5 3.1
78 0 0 4.6
78 25 115 4.5
78 50 227.5 4.4
78 75 337.5 3.1
79 0 0 4.6
79 25 115 4.5
79 50 227.5 4.4
79 75 337.5 3.1
80 0 0 4.6
80 25 115 4.5
80 50 227.5 4.4
80 75 337.5 3.1
81 0 0 4.6
81 25 115 4.5
81 50 227.5 4.4
81 75 337.5 3.1
82 0 0 4.6
82 25 115 4.5
82 50 227.5 4.4
82 75 337.5 3.1
83 0 0 4.6
83 25 115 4.5
83 50 227.5 4.4
83 75 337.5 3.1
84 0 0 4.6
84 25 115 4.5
84 50 227.5 4.4
84 75 337.5 3.1
85 0 0 4.6
85 25 115 4.5
85 50 227.5 4.4
85 75 337.5 3.1
86 0 0 4.6
86 25 115 4.5
86 50 227.5 4.4
86 75 337.5 3.1
87 0 0 4.6
87 25 115 4.5
87 50 227.5 4.4
87 75 337.5 3.1
88 0 0 4.6
88 25 115 4.5
88 50 227.5 4.4
88 75 337.5 3.1
89 0 0 4.6
89 25 115 4.5
89 50 227.5 4.4
89 75 337.5 3.1
90 0 0 4.6
90 25 115 4.5
90 50 227.5 4.4
90 75 337.5 3.1
91 0 0 4.6
91 25 115 4.5
91 50 227.5 4.4
91 75 337.5 3.1
92 0 0 4.6
92 25 115 4.5
92 50 227.5 4.4
92 75 337.5 3.1
93 0 0 4.6
93 25 115 4.5
93 50 227.5 4.4
93 75 337.5 3.1
94 0 0 4.6
94 25 115 4.5
94 50 227.5 4.4
94 75 337.5 3.1
95 0 0 4.6
95 25 115 4.5
95 50 227.5 4.4
95 75 337.5 3.1
96 0 0 4.6
96 25 115 4.5
96 50 227.5 4.4
96 75 337.5 3.1
97 0 0 4.6
97 25 115 4.5
97 50 227.5 4.4
97 75 337.5 3.1
98 0 0 4.6
98 25 115 4.5
98 50 227.5 4.4
98 75 337.5 3.1
99 0 0 4.6
99 25 115 4.5
99 50 227.5 4.4
99 75 337.5 3.1
100 0 0 4.6
100 25 115 4.5
100 50 227.5 4.4
100 75 337.5 3.1
101 0 0 4.6
101 25 115 4.5
101 50 227.5 4.4
101 75 337.5 3.1
102 0 0 4.6
102 25 115 4.5
102 50 227.5 4.4
102 75 337.5 3.1
103 0 0 4.6
103 25 115 4.5
103 50 227.5 4.4
103 75 337.5 3.1
104 0 0 4.6
104 25 115 4.5
104 50 227.5 4.4
104 75 337.5 3.1
105 0 0 4.6
105 25 115 4.5
105 50 227.5 4.4
105 75 337.5 3.1
106 0 0 4.6
106 25 115 4.5
106 50 227.5 4.4
106 75 337.5 3.1
107 0 0 4.6
107 25 115 4.5
107 50 227.5 4.4
107 75 337.5 3.1
108 0 0 4.6
108 25 115 4.5
108 50 227.5 4.4
108 75 337.5 3.1
109 0 0 4.6
109 25 115 4.5
109 50 227.5 4.4
109 75 337.5 3.1
110 0 0 4.6
110 25 115 4.5
110 50 227.5 4.4
110 75 337.5 3.1
111 0 0 4.6
111 25 115 4.5
111 50 227.5 4.4
111 75 337.5 3.1
112 0 0 4.6
112 25 115 4.5
112 50 227.5 4.4
112 75 337.5 3.1
113 0 0 4.6
113 25 115 4.5
113 50 227.5 4.4
113 75 337.5 3.1
114 0 0 4.6
114 25 115 4.5
114 50 227.5 4.4
114 75 337.5 3.1
115 0 0 4.6
115 25 115 4.5
115 50 227.5 4.4
115 75 337.5 3.1
116 0 0 4.6
116 25 115 4.5
116 50 227.5 4.4
116 75 337.5 3.1
117 0 0 4.6
117 25 115 4.5
117 50 227.5 4.4
117 75 337.5 3.1
118 0 0 4.6
118 25 115 4.5
118 50 227.5 4.4
118 75 337.5 3.1
119 0 0 4.6
119 25 115 4.5
119 50 227.5 4.4
119 75 337.5 3.1
120 0 0 4.6
120 25 115 4.5
120 50 227.5 4.4
120 75 337.5 3.1
121 0 0 4.6
121 25 115 4.5
121 50 227.5 4.4
121 75 337.5 3.1
122 0 0 4.6
122 25 115 4.5
122 50 227.5 4.4
122 75 337.5 3.1
123 0 0 4.6
123 25 115 4.5
123 50 227.5 4.4
123 75 337.5 3.1
124 0 0 4.6
124 25 115 4.5
124 50 227.5 4.4
124 75 337.5 3.1
125 0 0 4.6
125 25 115 4.5
125 50 227.5 4.4
125 75 337.5 3.1
126 0 0 4.6
126 25 115 4.5
126 50 227.5 4.4
126 75 337.5 3.1
127 0 0 4.6
127 25 115 4.5
127 50 227.5 4.4
127 75 337.5 3.1
128 0 0 4.6
128 25 115 4.5
128 50 227.5 4.4
128 75 337.5 3.1
129 0 0 4.6
129 25 115 4.5
129 50 227.5 4.4
129 75 337.5 3.1
130 0 0 4.6
130 25 115 4.5
130 50 227.5 4.4
130 75 337.5 3.1
131 0 0 4.6
131 25 115 4.5
131 50 227.5 4.4
131 75 337.5 3.1
132 0 0 4.6
132 25 115 4.5
132 50 227.5 4.4
132 75 337.5 3.1
133 0 0 4.6
133 25 115 4.5
133 50 227.5 4.4
133 75 337.5 3.1
134 0 0 4.6
134 25 115 4.5
134 50 227.5 4.4
134 75 337.5 3.1
135 0 0 4.6
135 25 115 4.5
135 50 227.5 4.4
135 75 337.5 3.1
136 0 0 4.6
136 25 115 4.5
136 50 227.5 4.4
136 75 337.5 3.1
137 0 0 4.6
137 25 115 4.5
137 50 227.5 4.4
137 75 337.5 3.1
138 0 0 4.6
138 25 115 4.5
138 50 227.5 4.4
138 75 337.5 3.1
139 0 0 4.6
139 25 115 4.5
139 50 227.5 4.4
139 75 337.5 3.1
140 0 0 4.6
140 25 115 4.5
140 50 227.5 4.4
140 75 337.5 3.1
141 0 0 4.6
141 25 115 4.5
141 50 227.5 4.4
141 75 337.5 3.1
142 0 0 4.6
142 25 115 4.5
142 50 227.5 4.4
142 75 337.5 3.1
143 0 0 4.6
143 25 115 4.5
143 50 227.5 4.4
143 75 337.5 3.1
144 0 0 4.6
144 25 115 4.5
144 50 227.5 4.4
144 75 337.5 3.1
145 0 0 4.6
145 25 115 4.5
145 50 227.5 4.4
145 75 337.5 3.1
146 0 0 4.6
146 25 115 4.5
146 50 227.5 4.4
146 75 337.5 3.1
147 0 0 4.6
147 25 115 4.5
147 50 227.5 4.4
147 75 337.5 3.1
148 0 0 4.6
148 25 115 4.5
148 50 227.5 4.4
148 75 337.5 3.1
149 0 0 4.6
149 25 115 4.5
149 50 227.5 4.4
149 75 337.5 3.1
150 0 0 4.6
150 25 115 4.5
150 50 227.5 4.4
150 75 337.5 3.1
151 0 0 4.6
151 25 115 4.5
151 50 227.5 4.4
151 75 337.5 3.1
152 0 0 4.6
152 25 115 4.5
152 50 227.5 4.4
152 75 337.5 3.1
153 0 0 4.6
153 25 115 4.5
153 50 227.5 4.4
153 75 337.5 3.1
154 0 0 4.6
154 25 115 4.5
154 50 227.5 4.4
154 75 337.5 3.1
155 0 0 4.6
155 25 115 4.5
155 50 227.5 4.4
155 75 337.5 3.1
156 0 0 4.6
156 25 115 4.5
156 50 227.5 4.4
156 75 337.5 3.1
157 0 0 4.6
157 25 115 4.5
157 50 227.5 4.4
157 75 337.5 3.1
158 0 0 4.6
158 25 115 4.5
158 50 227.5 4.4
158 75 337.5 3.1
159 0 0 4.6
159 25 115 4.5
159 50 227.5 4.4
159 75 337.5 3.1
160 0 0 4.6
160 25 115 4.5
160 50 227.5 4.4
160 75 337.5 3.1
161 0 0 4.6
161 25 115 4.5
161 50 227.5 4.4
161 75 337.5 3.1
162 0 0 4.6
162 25 115 4.5
162 50 227.5 4.4
162 75 337.5 3.1
163 0 0 4.6
163 25 115 4.5
163 50 227.5 4.4
163 75 337.5 3.1
164 0 0 4.6
164 25 115 4.5
164 50 227.5 4.4
164 75 337.5 3.1
165 0 0 4.6
165 25 115 4.5
165 50 227.5 4.4
165 75 337.5 3.1
166 0 0 4.6
166 25 115 4.5
166 50 227.5 4.4
166 75 337.5 3.1
167 0 0 4.6
167 25 115 4.5
167 50 227.5 4.4
167 75 337.5 3.1
168 0 0 4.6
168 25 115 4.5
168 50 227.5 4.4
168 75 337.5 3.1
169 0 0 4.6
169 25 115 4.5
169 50 227.5 4.4
169 75 337.5 3.1
170 0 0 4.6
170 25 115 4.5
170 50 227.5 4.4
170 75 337.5 3.1
171 0 0 4.6
171 25 115 4.5
171 50 227.5 4.4
171 75 337.5 3.1
172 0 0 4.6
172 25 115 4.5
172 50 227.5 4.4
172 75 337.5 3.1
173 0 0 4.6
173 25 115 4.5
173 50 227.5 4.4
173 75 337.5 3.1
174 0 0 4.6
174 25 115 4.5
174 50 227.5 4.4
174 75 337.5 3.1
175 0 0 4.6
175 25 115 4.5
175 50 227.5 4.4
175 75 337.5 3.1
176 0 0 4.6
176 25 115 4.5
176 50 227.5 4.4
176 75 337.5 3.1
177 0 0 4.6
177 25 115 4.5
177 50 227.5 4.4
177 75 337.5 3.1
178 0 0 4.6
178 25 115 4.5
178 50 227.5 4.4
178 75 337.5 3.1
179 0 0 4.6
179 25 115 4.5
179 50 227.5 4.4
179 75 337.5 3.1
180 0 0 4.6
180 25 115 4.5
180 50 227.5 4.4
180 75 337.5 3.1
181 0 0 4.6
181 25 115 4.5
181 50 227.5 4.4
181 75 337.5 3.1
182 0 0 4.6
182 25 115 4.5
182 50 227.5 4.4
182 75 337.5 3.1
183 0 0 4.6
183 25 115 4.5
183 50 227.5 4.4
183 75 337.5 3.1
184 0 0 4.6
184 25 115 4.5
184 50 227.5 4.4
184 75 337.5 3.1
185 0 0 4.6
185 25 115 4.5
185 50 227.5 4.4
185 75 337.5 3.1
186 0 0 4.6
186 25 115 4.5
186 50 227.5 4.4
186 75 337.5 3.1
187 0 0 4.6
187 25 115 4.5
187 50 227.5 4.4
187 75 337.5 3.1
188 0 0 4.6
188 25 115 4.5
188 50 227.5 4.4
188 75 337.5 3.1
189 0 0 4.6
189 25 115 4.5
189 50 227.5 4.4
189 75 337.5 3.1
190 0 0 4.6
190 25 115 4.5
190 50 227.5 4.4
190 75 337.5 3.1
191 0 0 4.6
191 25 115 4.5
191 50 227.5 4.4
191 75 337.5 3.1
192 0 0 4.6
192 25 115 4.5
192 50 227.5 4.4
192 75 337.5 3.1
193 0 0 4.6
193 25 115 4.5
193 50 227.5 4.4
193 75 337.5 3.1
194 0 0 4.6
194 25 115 4.5
194 50 227.5 4.4
194 75 337.5 3.1
195 0 0 4.6
195 25 115 4.5
195 50 227.5 4.4
195 75 337.5 3.1
196 0 0 4.6
196 25 115 4.5
196 50 227.5 4.4
196 75 337.5 3.1
197 0 0 4.6
197 25 115 4.5
197 50 227.5 4.4
197 75 337.5 3.1
198 0 0 4.6
198 25 115 4.5
198 50 227.5 4.4
198 75 337.5 3.1
199 0 0 4.6
199 25 115 4.5
199 50 227.5 4.4
199 75 337.5 3.1
200 0 0 4.6
200 25 115 4.5
200 50 227.5 4.4
200 75 337.5 3.1
201 0 0 4.6
201 25 115 4.5
201 50 227.5 4.4
201 75 337.5 3.1
202 0 0 4.6
202 25 115 4.5
202 50 227.5 4.4
202 75 337.5 3.1
203 0 0 4.6
203 25 115 4.5
203 50 227.5 4.4
203 75 337.5 3.1
204 0 0 4.6
204 25 115 4.5
204 50 227.5 4.4
204 75 337.5 3.1
205 0 0 4.6
205 25 115 4.5
205 50 227.5 4.4
205 75 337.5 3.1
206 0 0 4.6
206 25 115 4.5
206 50 227.5 4.4
206 75 337.5 3.1
207 0 0 4.6
207 25 115 4.5
207 50 227.5 4.4
207 75 337.5 3.1
208 0 0 4.6
208 25 115 4.5
208 50 227.5 4.4
208 75 337.5 3.1
209 0 0 4.6
209 25 115 4.5
209 50 227.5 4.4
209 75 337.5 3.1
210 0 0 4.6
210 25 115 4.5
210 50 227.5 4.4
210 75 337.5 3.1
211 0 0 4.6
211 25 115 4.5
211 50 227.5 4.4
211 75 337.5 3.1
212 0 0 4.6
212 25 115 4.5
212 50 227.5 4.4
212 75 337.5 3.1
213 0 0 4.6
213 25 115 4.5
213 50 227.5 4.4
213 75 337.5 3.1
214 0 0 4.6
214 25 115 4.5
214 50 227.5 4.4
214 75 337.5 3.1
215 0 0 4.6
215 25 115 4.5
215 50 227.5 4.4
215 75 337.5 3.1
216 0 0 4.6
216 25 115 4.5
216 50 227.5 4.4
216 75 337.5 3.1
217 0 0 4.6
217 25 115 4.5
217 50 227.5 4.4
217 75 337.5 3.1
218 0 0 4.6
218 25 115 4.5
218 50 227.5 4.4
218 75 337.5 3.1
219 0 0 4.6
219 25 115 4.5
219 50 227.5 4.4
219 75 337.5 3.1
220 0 0 4.6
220 25 115 4.5
220 50 227.5 4.4
220 75 337.5 3.1
221 0 0 4.6
221 25 115 4.5
221 50 227.5 4.4
221 75 337.5 3.1
222 0 0 4.6
222 25 115 4.5
222 50 227.5 4.4
222 75 337.5 3.1
223 0 0 4.6
223 25 115 4.5
223 50 227.5 4.4
223 75 337.5 3.1
224 0 0 4.6
224 25 115 4.5
224 50 227.5 4.4
224 75 337.5 3.1
225 0 0 4.6
225 25 115 4.5
225 50 227.5 4.4
225 75 337.5 3.1
226 0 0 4.6
226 25 115 4.5
226 50 227.5 4.4
226 75 337.5 3.1
227 0 0 4.6
227 25 115 4.5
227 50 227.5 4.4
227 75 337.5 3.1
228 0 0 4.6
228 25 115 4.5
228 50 227.5 4.4
228 75 337.5 3.1
229 0 0 4.6
229 25 115 4.5
229 50 227.5 4.4
229 75 337.5 3.1
230 0 0 4.6
230 25 115 4.5
230 50 227.5 4.4
230 75 337.5 3.1
231 0 0 4.6
231 25 115 4.5
231 50 227.5 4.4
231 75 337.5 3.1
232 0 0 4.6
232 25 115 4.5
232 50 227.5 4.4
232 75 337.5 3.1
233 0 0 4.6
233 25 115 4.5
233 50 227.5 4.4
233 75 337.5 3.1
234 0 0 4.6
234 25 115 4.5
234 50 227.5 4.4
234 75 337.5 3.1
235 0 0 4.6
235 25 115 4.5
235 50 227.5 4.4
235 75 337.5 3.1
236 0 0 4.6
236 25 115 4.5
236 50 227.5 4.4
236 75 337.5 3.1
237 0 0 4.6
237 25 115 4.5
237 50 227.5 4.4
237 75 337.5 3.1
238 0 0 4.6
238 25 115 4.5
238 50 227.5 4.4
238 75 337.5 3.1
239 0 0 4.6
239 25 115 4.5
239 50 227.5 4.4
239 75 337.5 3.1
240 0 0 4.6
240 25 115 4.5
240 50 227.5 4.4
240 75 337.5 3.1
241 0 0 4.6
241 25 115 4.5
241 50 227.5 4.4
241 75 337.5 3.1
242 0 0 4.6
242 25 115 4.5
242 50 227.5 4.4
242 75 337.5 3.1
243 0 0 4.6
243 25 115 4.5
243 50 227.5 4.4
243 75 337.5 3.1
244 0 0 4.6
244 25 115 4.5
244 50 227.5 4.4
244 75 337.5 3.1
245 0 0 4.6
245 25 115 4.5
245 50 227.5 4.4
245 75 337.5 3.1
246 0 0 4.6
246 25 115 4.5
246 50 227.5 4.4
246 75 337.5 3.1
247 0 0 4.6
247 25 115 4.5
247 50 227.5 4.4
247 75 337.5 3.1
248 0 0 4.6
248 25 115 4.5
248 50 227.5 4.4
248 75 337.5 3.1
249 0 0 4.6
249 25 115 4.5
249 50 227.5 4.4
249 75 337.5 3.1
250 0 0 4.6
250 25 115 4.5
250 50 227.5 4.4
250 75 337.5 3.1
251 0 0 4.6
251 25 115 4.5
251 50 227.5 4.4
251 75 337.5 3.1
252 0 0 4.6
252 25 115 4.5
252 50 227.5 4.4
252 75 337.5 3.1
253 0 0 4.6
253 25 115 4.5
253 50 227.5 4.4
253 75 337.5 3.1
254 0 0 4.6
254 25 115 4.5
254 50 227.5 4.4
254 75 337.5 3.1
255 0 0 4.6
255 25 115 4.5
255 50 227.5 4.4
255 75 337.5 3.1
256 0 0 4.6
256 25 115 4.5
256 50 227.5 4.4
256 75 337.5 3.1
257 0 0 4.6
257 25 115 4.5
257 50 227.5 4.4
257 75 337.5 3.1
258 0 0 4.6
258 25 115 4.5
258 50 227.5 4.4
258 75 337.5 3.1
259 0 0 4.6
259 25 115 4.5
259 50 227.5 4.4
259 75 337.5 3.1
260 0 0 4.6
260 25 115 4.5
260 50 227.5 4.4
260 75 337.5 3.1
261 0 0 4.6
261 25 115 4.5
261 50 227.5 4.4
261 75 337.5 3.1
262 0 0 4.6
262 25 115 4.5
262 50 227.5 4.4
262 75 337.5 3.1
263 0 0 4.6
263 25 115 4.5
263 50 227.5 4.4
263 75 337.5 3.1
264 0 0 4.6
264 25 115 4.5
264 50 227.5 4.4
264 75 337.5 3.1
265 0 0 4.6
265 25 115 4.5
265 50 227.5 4.4
265 75 337.5 3.1
266 0 0 4.6
266 25 115 4.5
266 50 227.5 4.4
266 75 337.5 3.1
267 0 0 4.6
267 25 115 4.5
267 50 227.5 4.4
267 75 337.5 3.1
268 0 0 4.6
268 25 115 4.5
268 50 227.5 4.4
268 75 337.5 3.1
269 0 0 4.6
269 25 115 4.5
269 50 227.5 4.4
269 75 337.5 3.1
270 0 0 4.6
270 25 115 4.5
270 50 227.5 4.4
270 75 337.5 3.1
271 0 0 4.6
271 25 115 4.5
271 50 227.5 4.4
271 75 337.5 3.1
272 0 0 4.6
272 25 115 4.5
272 50 227.5 4.4
272 75 337.5 3.1
273 0 0 4.6
273 25 115 4.5
273 50 227.5 4.4
273 75 337.5 3.1
274 0 0 4.6
274 25 115 4.5
274 50 227.5 4.4
274 75 337.5 3.1
275 0 0 4.6
275 25 115 4.5
275 50 227.5 4.4
275 75 337.5 3.1
276 0 0 4.6
276 25 115 4.5
276 50 227.5 4.4
276 75 337.5 3.1
277 0 0 4.6
277 25 115 4.5
277 50 227.5 4.4
277 75 337.5 3.1
278 0 0 4.6
278 25 115 4.5
278 50 227.5 4.4
278 75 337.5 3.1
279 0 0 4.6
279 25 115 4.5
279 50 227.5 4.4
279 75 337.5 3.1
280 0 0 4.6
280 25 115 4.5
280 50 227.5 4.4
280 75 337.5 3.1
281 0 0 4.6
281 25 115 4.5
281 50 227.5 4.4
281 75 337.5 3.1
282 0 0 4.6
282 25 115 4.5
282 50 227.5 4.4
282 75 337.5 3.1
283 0 0 4.6
283 25 115 4.5
283 50 227.5 4.4
283 75 337.5 3.1
284 0 0 4.6
284 25 115 4.5
284 50 227.5 4.4
284 75 337.5 3.1
285 0 0 4.6
285 25 115 4.5
285 50 227.5 4.4
285 75 337.5 3.1
286 0 0 4.6
286 25 115 4.5
286 50 227.5 4.4
286 75 337.5 3.1
287 0 0 4.6
287 25 115 4.5
287 50 227.5 4.4
287 75 337.5 3.1
288 0 0 4.6
288 25 115 4.5
288 50 227.5 4.4
288 75 337.5 3.1
289 0 0 4.6
289 25 115 4.5
289 50 227.5 4.4
289 75 337.5 3.1
290 0 0 4.6
290 25 115 4.5
290 50 227.5 4.4
290 75 337.5 3.1
291 0 0 4.6
291 25 115 4.5
291 50 227.5 4.4
291 75 337.5 3.1
292 0 0 4.6
292 25 115 4.5
292 50 227.5 4.4
292 75 337.5 3.1
293 0 0 4.6
293 25 115 4.5
293 50 227.5 4.4
293 75 337.5 3.1
294 0 0 4.6
294 25 115 4.5
294 50 227.5 4.4
294 75 337.5 3.1
295 0 0 4.6
295 25 115 4.5
295 50 227.5 4.4
295 75 337.5 3.1
296 0 0 4.6
296 25 115 4.5
296 50 227.5 4.4
296 75 337.5 3.1
297 0 0 4.6
297 25 115 4.5
297 50 227.5 4.4
297 75 337.5 3.1
298 0 0 4.6
298 25 115 4.5
298 50 227.5 4.4
298 75 337.5 3.1
299 0 0 4.6
299 25 115 4.5
299 50 227.5 4.4
299 75 337.5 3.1
300 0 0 4.6
300 25 115 4.5
300 50 227.5 4.4
300 75 337.5 3.1
301 0 0 4.6
301 25 115 4.5
301 50 227.5 4.4
301 75 337.5 3.1
302 0 0 4.6
302 25 115 4.5
302 50 227.5 4.4
302 75 337.5 3.1
303 0 0 4.6
303 25 115 4.5
303 50 227.5 4.4
303 75 337.5 3.1
304 0 0 4.6
304 25 115 4.5
304 50 227.5 4.4
304 75 337.5 3.1
305 0 0 4.6
305 25 115 4.5
305 50 227.5 4.4
305 75 337.5 3.1
306 0 0 4.6
306 25 115 4.5
306 50 227.5 4.4
306 75 337.5 3.1
307 0 0 4.6
307 25 115 4.5
307 50 227.5 4.4
307 75 337.5 3.1
308 0 0 4.6
308 25 115 4.5
308 50 227.5 4.4
308 75 337.5 3.1
309 0 0 4.6
309 25 115 4.5
309 50 227.5 4.4
309 75 337.5 3.1
310 0 0 4.6
310 25 115 4.5
310 50 227.5 4.4
310 75 337.5 3.1
311 0 0 4.6
311 25 115 4.5
311 50 227.5 4.4
311 75 337.5 3.1
312 0 0 4.6
312 25 115 4.5
312 50 227.5 4.4
312 75 337.5 3.1
313 0 0 4.6
313 25 115 4.5
313 50 227.5 4.4
313 75 337.5 3.1
314 0 0 4.6
314 25 115 4.5
314 50 227.5 4.4
314 75 337.5 3.1
315 0 0 4.6
315 25 115 4.5
315 50 227.5 4.4
315 75 337.5 3.1
316 0 0 4.6
316 25 115 4.5
316 50 227.5 4.4
316 75 337.5 3.1
317 0 0 4.6
317 25 115 4.5
317 50 227.5 4.4
317 75 337.5 3.1
318 0 0 4.6
318 25 115 4.5
318 50 227.5 4.4
318 75 337.5 3.1
319 0 0 4.6
319 25 115 4.5
319 50 227.5 4.4
319 75 337.5 3.1
320 0 0 4.6
320 25 115 4.5
320 50 227.5 4.4
320 75 337.5 3.1
321 0 0 4.6
321 25 115 4.5
321 50 227.5 4.4
321 75 337.5 3.1
322 0 0 4.6
322 25 115 4.5
322 50 227.5 4.4
322 75 337.5 3.1
323 0 0 4.6
323 25 115 4.5
323 50 227.5 4.4
323 75 337.5 3.1
324 0 0 4.6
324 25 115 4.5
324 50 227.5 4.4
324 75 337.5 3.1
325 0 0 4.6
325 25 115 4.5
325 50 227.5 4.4
325 75 337.5 3.1
326 0 0 4.6
326 25 115 4.5
326 50 227.5 4.4
326 75 337.5 3.1
327 0 0 4.6
327 25 115 4.5
327 50 227.5 4.4
327 75 337.5 3.1
328 0 0 4.6
328 25 115 4.5
328 50 227.5 4.4
328 75 337.5 3.1
329 0 0 4.6
329 25 115 4.5
329 50 227.5 4.4
329 75 337.5 3.1
330 0 0 4.6
330 25 115 4.5
330 50 227.5 4.4
330 75 337.5 3.1
331 0 0 4.6
331 25 115 4.5
331 50 227.5 4.4
331 75 337.5 3.1
332 0 0 4.6
332 25 115 4.5
332 50 227.5 4.4
332 75 337.5 3.1
333 0 0 4.6
333 25 115 4.5
333 50 227.5 4.4
333 75 337.5 3.1
334 0 0 4.6
334 25 115 4.5
334 50 227.5 4.4
334 75 337.5 3.1
335 0 0 4.6
335 25 115 4.5
335 50 227.5 4.4
335 75 337.5 3.1
336 0 0 4.6
336 25 115 4.5
336 50 227.5 4.4
336 75 337.5 3.1
337 0 0 4.6
337 25 115 4.5
337 50 227.5 4.4
337 75 337.5 3.1
338 0 0 4.6
338 25 115 4.5
338 50 227.5 4.4
338 75 337.5 3.1
339 0 0 4.6
339 25 115 4.5
339 50 227.5 4.4
339 75 337.5 3.1
340 0 0 4.6
340 25 115 4.5
340 50 227.5 4.4
340 75 337.5 3.1
341 0 0 4.6
341 25 115 4.5
341 50 227.5 4.4
341 75 337.5 3.1
342 0 0 4.6
342 25 115 4.5
342 50 227.5 4.4
342 75 337.5 3.1
343 0 0 4.6
343 25 115 4.5
343 50 227.5 4.4
343 75 337.5 3.1
344 0 0 4.6
344 25 115 4.5
344 50 227.5 4.4
344 75 337.5 3.1
345 0 0 4.6
345 25 115 4.5
345 50 227.5 4.4
345 75 337.5 3.1
346 0 0 4.6
346 25 115 4.5
346 50 227.5 4.4
346 75 337.5 3.1
347 0 0 4.6
347 25 115 4.5
347 50 227.5 4.4
347 75 337.5 3.1
348 0 0 4.6
348 25 115 4.5
348 50 227.5 4.4
348 75 337.5 3.1
349 0 0 4.6
349 25 115 4.5
349 50 227.5 4.4
349 75 337.5 3.1
350 0 0 4.6
350 25 115 4.5
350 50 227.5 4.4
350 75 337.5 3.1
351 0 0 4.6
351 25 115 4.5
351 50 227.5 4.4
351 75 337.5 3.1
352 0 0 4.6
352 25 115 4.5
352 50 227.5 4.4
352 75 337.5 3.1
353 0 0 4.6
353 25 115 4.5
353 50 227.5 4.4
353 75 337.5 3.1
354 0 0 4.6
354 25 115 4.5
354 50 227.5 4.4
354 75 337.5 3.1
355 0 0 4.6
355 25 115 4.5
355 50 227.5 4.4
355 75 337.5 3.1
356 0 0 4.6
356 25 115 4.5
356 50 227.5 4.4
356 75 337.5 3.1
357 0 0 4.6
357 25 115 4.5
357 50 227.5 4.4
357 75 337.5 3.1
358 0 0 4.6
358 25 115 4.5
358 50 227.5 4.4
358 75 337.5 3.1
359 0 0 4.6
359 25 115 4.5
359 50 227.5 4.4
359 75 337.5 3.1
360 0 0 4.6
360 25 115 4.5
360 50 227.5 4.4
360 75 337.5 3.1
361 0 0 4.6
361 25 115 4.5
361 50 227.5 4.4
361 75 337.5 3.1
362 0 0 4.6
362 25 115 4.5
362 50 227.5 4.4
362 75 337.5 3.1
363 0 0 4.6
363 25 115 4.5
363 50 227.5 4.4
363 75 337.5 3.1
364 0 0 4.6
364 25 115 4.5
364 50 227.5 4.4
364 75 337.5 3.1
365 0 0 4.6
365 25 115 4.5
365 50 227.5 4.4
365 75 337.5 3.1
366 0 0 4.6
366 25 115 4.5
366 50 227.5 4.4
366 75 337.5 3.1
367 0 0 4.6
367 25 115 4.5
367 50 227.5 4.4
367 75 337.5 3.1
368 0 0 4.6
368 25 115 4.5
368 50 227.5 4.4
368 75 337.5 3.1
369 0 0 4.6
369 25 115 4.5
369 50 227.5 4.4
369 75 337.5 3.1
370 0 0 4.6
370 25 115 4.5
370 50 227.5 4.4
370 75 337.5 3.1
371 0 0 4.6
371 25 115 4.5
371 50 227.5 4.4
371 75 337.5 3.1
372 0 0 4.6
372 25 115 4.5
372 50 227.5 4.4
372 75 337.5 3.1
373 0 0 4.6
373 25 115 4.5
373 50 227.5 4.4
373 75 337.5 3.1
374 0 0 4.6
374 25 115 4.5
374 50 227.5 4.4
374 75 337.5 3.1
375 0 0 4.6
375 25 115 4.5
375 50 227.5 4.4
375 75 337.5 3.1
376 0 0 4.6
376 25 115 4.5
376 50 227.5 4.4
376 75 337.5 3.1
377 0 0 4.6
377 25 115 4.5
377 50 227.5 4.4
377 75 337.5 3.1
378 0 0 4.6
378 25 115 4.5
378 50 227.5 4.4
378 75 337.5 3.1
379 0 0 4.6
379 25 115 4.5
379 50 227.5 4.4
379 75 337.5 3.1
380 0 0 4.6
380 25 115 4.5
380 50 227.5 4.4
380 75 337.5 3.1
381 0 0 4.6
381 25 115 4.5
381 50 227.5 4.4
381 75 337.5 3.1
382 0 0 4.6
382 25 115 4.5
382 50 227.5 4.4
382 75 337.5 3.1
383 0 0 4.6
383 25 115 4.5
383 50 227.5 4.4
383 75 337.5 3.1
384 0 0 4.6
384 25 115 4.5
384 50 227.5 4.4
384 75 337.5 3.1
385 0 0 4.6
385 25 115 4.5
385 50 227.5 4.4
385 75 337.5 3.1
386 0 0 4.6
386 25 115 4.5
386 50 227.5 4.4
386 75 337.5 3.1
387 0 0 4.6
387 25 115 4.5
387 50 227.5 4.4
387 75 337.5 3.1
388 0 0 4.6
388 25 115 4.5
388 50 227.5 4.4
388 75 337.5 3.1
389 0 0 4.6
389 25 115 4.5
389 50 227.5 4.4
389 75 337.5 3.1
390 0 0 4.6
390 25 115 4.5
390 50 227.5 4.4
390 75 337.5 3.1
391 0 0 4.6
391 25 115 4.5
391 50 227.5 4.4
391 75 337.5 3.1
392 0 0 4.6
392 25 115 4.5
392 50 227.5 4.4
392 75 337.5 3.1
393 0 0 4.6
393 25 115 4.5
393 50 227.5 4.4
393 75 337.5 3.1
394 0 0 4.6
394 25 115 4.5
394 50 227.5 4.4
394 75 337.5 3.1
395 0 0 4.6
395 25 115 4.5
395 50 227.5 4.4
395 75 337.5 3.1
396 0 0 4.6
396 25 115 4.5
396 50 227.5 4.4
396 75 337.5 3.1
397 0 0 4.6
397 25 115 4.5
397 50 227.5 4.4
397 75 337.5 3.1
398 0 0 4.6
398 25 115 4.5
398 50 227.5 4.4
398 75 337.5 3.1
399 0 0 4.6
399 25 115 4.5
399 50 227.5 4.4
399 75 337.5 3.1
400 0 0 4.6
400 25 115 4.5
400 50 227.5 4.4
400 75 337.5 3.1
401 0 0 4.6
401 25 115 4.5
401 50 227.5 4.4
401 75 337.5 3.1
402 0 0 4.6
402 25 115 4.5
402 50 227.5 4.4
402 75 337.5 3.1
403 0 0 4.6
403 25 115 4.5
403 50 227.5 4.4
403 75 337.5 3.1
404 0 0 4.6
404 25 115 4.5
404 50 227.5 4.4
404 75 337.5 3.1
405 0 0 4.6
405 25 115 4.5
405 50 227.5 4.4
405 75 337.5 3.1
406 0 0 4.6
406 25 115 4.5
406 50 227.5 4.4
406 75 337.5 3.1
407 0 0 4.6
407 25 115 4.5
407 50 227.5 4.4
407 75 337.5 3.1
408 0 0 4.6
408 25 115 4.5
408 50 227.5 4.4
408 75 337.5 3.1
409 0 0 4.6
409 25 115 4.5
409 50 227.5 4.4
409 75 337.5 3.1
410 0 0 4.6
410 25 115 4.5
410 50 227.5 4.4
410 75 337.5 3.1
411 0 0 4.6
411 25 115 4.5
411 50 227.5 4.4
411 75 337.5 3.1
412 0 0 4.6
412 25 115 4.5
412 50 227.5 4.4
412 75 337.5 3.1
413 0 0 4.6
413 25 115 4.5
413 50 227.5 4.4
413 75 337.5 3.1
414 0 0 4.6
414 25 115 4.5
414 50 227.5 4.4
414 75 337.5 3.1
415 0 0 4.6
415 25 115 4.5
415 50 227.5 4.4
415 75 337.5 3.1
416 0 0 4.6
416 25 115 4.5
416 50 227.5 4.4
416 75 337.5 3.1
417 0 0 4.6
417 25 115 4.5
417 50 227.5 4.4
417 75 337.5 3.1
418 0 0 4.6
418 25 115 4.5
418 50 227.5 4.4
418 75 337.5 3.1
419 0 0 4.6
419 25 115 4.5
419 50 227.5 4.4
419 75 337.5 3.1
420 0 0 4.6
420 25 115 4.5
420 50 227.5 4.4
420 75 337.5 3.1
421 0 0 4.6
421 25 115 4.5
421 50 227.5 4.4
421 75 337.5 3.1
422 0 0 4.6
422 25 115 4.5
422 50 227.5 4.4
422 75 337.5 3.1
423 0 0 4.6
423 25 115 4.5
423 50 227.5 4.4
423 75 337.5 3.1
424 0 0 4.6
424 25 115 4.5
424 50 227.5 4.4
424 75 337.5 3.1
425 0 0 4.6
425 25 115 4.5
425 50 227.5 4.4
425 75 337.5 3.1
426 0 0 4.6
426 25 115 4.5
426 50 227.5 4.4
426 75 337.5 3.1
427 0 0 4.6
427 25 115 4.5
427 50 227.5 4.4
427 75 337.5 3.1
428 0 0 4.6
428 25 115 4.5
428 50 227.5 4.4
428 75 337.5 3.1
429 0 0 4.6
429 25 115 4.5
429 50 227.5 4.4
429 75 337.5 3.1
430 0 0 4.6
430 25 115 4.5
430 50 227.5 4.4
430 75 337.5 3.1
431 0 0 4.6
431 25 115 4.5
431 50 227.5 4.4
431 75 337.5 3.1
432 0 0 4.6
432 25 115 4.5
432 50 227.5 4.4
432 75 337.5 3.1
433 0 0 4.6
433 25 115 4.5
433 50 227.5 4.4
433 75 337.5 3.1
434 0 0 4.6
434 25 115 4.5
434 50 227.5 4.4
434 75 337.5 3.1
435 0 0 4.6
435 25 115 4.5
435 50 227.5 4.4
435 75 337.5 3.1
436 0 0 4.6
436 25 115 4.5
436 50 227.5 4.4
436 75 337.5 3.1
437 0 0 4.6
437 25 115 4.5
437 50 227.5 4.4
437 75 337.5 3.1
438 0 0 4.6
438 25 115 4.5
438 50 227.5 4.4
438 75 337.5 3.1
439 0 0 4.6
439 25 115 4.5
439 50 227.5 4.4
439 75 337.5 3.1
440 0 0 4.6
440 25 115 4.5
440 50 227.5 4.4
440 75 337.5 3.1
441 0 0 4.6
441 25 115 4.5
441 50 227.5 4.4
441 75 337.5 3.1
442 0 0 4.6
442 25 115 4.5
442 50 227.5 4.4
442 75 337.5 3.1
443 0 0 4.6
443 25 115 4.5
443 50 227.5 4.4
443 75 337.5 3.1
444 0 0 4.6
444 25 115 4.5
444 50 227.5 4.4
444 75 337.5 3.1
445 0 0 4.6
445 25 115 4.5
445 50 227.5 4.4
445 75 337.5 3.1
446 0 0 4.6
446 25 115 4.5
446 50 227.5 4.4
446 75 337.5 3.1
447 0 0 4.6
447 25 115 4.5
447 50 227.5 4.4
447 75 337.5 3.1
448 0 0 4.6
448 25 115 4.5
448 50 227.5 4.4
448 75 337.5 3.1
449 0 0 4.6
449 25 115 4.5
449 50 227.5 4.4
449 75 337.5 3.1
450 0 0 4.6
450 25 115 4.5
450 50 227.5 4.4
450 75 337.5 3.1
451 0 0 4.6
451 25 115 4.5
451 50 227.5 4.4
451 75 337.5 3.1
452 0 0 4.6
452 25 115 4.5
452 50 227.5 4.4
452 75 337.5 3.1
453 0 0 4.6
453 25 115 4.5
453 50 227.5 4.4
453 75 337.5 3.1
454 0 0 4.6
454 25 115 4.5
454 50 227.5 4.4
454 75 337.5 3.1
455 0 0 4.6
455 25 115 4.5
455 50 227.5 4.4
455 75 337.5 3.1
456 0 0 4.6
456 25 115 4.5
456 50 227.5 4.4
456 75 337.5 3.1
457 0 0 4.6
457 25 115 4.5
457 50 227.5 4.4
457 75 337.5 3.1
458 0 0 4.6
458 25 115 4.5
458 50 227.5 4.4
458 75 337.5 3.1
459 0 0 4.6
459 25 115 4.5
459 50 227.5 4.4
459 75 337.5 3.1
460 0 0 4.6
460 25 115 4.5
460 50 227.5 4.4
460 75 337.5 3.1
461 0 0 4.6
461 25 115 4.5
461 50 227.5 4.4
461 75 337.5 3.1
462 0 0 4.6
462 25 115 4.5
462 50 227.5 4.4
462 75 337.5 3.1
463 0 0 4.6
463 25 115 4.5
463 50 227.5 4.4
463 75 337.5 3.1
464 0 0 4.6
464 25 115 4.5
464 50 227.5 4.4
464 75 337.5 3.1
465 0 0 4.6
465 25 115 4.5
465 50 227.5 4.4
465 75 337.5 3.1
466 0 0 4.6
466 25 115 4.5
466 50 227.5 4.4
466 75 337.5 3.1
467 0 0 4.6
467 25 115 4.5
467 50 227.5 4.4
467 75 337.5 3.1
468 0 0 4.6
468 25 115 4.5
468 50 227.5 4.4
468 75 337.5 3.1
469 0 0 4.6
469 25 115 4.5
469 50 227.5 4.4
469 75 337.5 3.1
470 0 0 4.6
470 25 115 4.5
470 50 227.5 4.4
470 75 337.5 3.1
471 0 0 4.6
471 25 115 4.5
471 50 227.5 4.4
471 75 337.5 3.1
472 0 0 4.6
472 25 115 4.5
472 50 227.5 4.4
472 75 337.5 3.1
473 0 0 4.6
473 25 115 4.5
473 50 227.5 4.4
473 75 337.5 3.1
474 0 0 4.6
474 25 115 4.5
474 50 227.5 4.4
474 75 337.5 3.1
475 0 0 4.6
475 25 115 4.5
475 50 227.5 4.4
475 75 337.5 3.1
476 0 0 4.6
476 25 115 4.5
476 50 227.5 4.4
476 75 337.5 3.1
477 0 0 4.6
477 25 115 4.5
477 50 227.5 4.4
477 75 337.5 3.1
478 0 0 4.6
478 25 115 4.5
478 50 227.5 4.4
478 75 337.5 3.1
479 0 0 4.6
479 25 115 4.5
479 50 227.5 4.4
479 75 337.5 3.1
480 0 0 4.6
480 25 115 4.5
480 50 227.5 4.4
480 75 337.5 3.1
481 0 0 4.6
481 25 115 4.5
481 50 227.5 4.4
481 75 337.5 3.1
482 0 0 4.6
482 25 115 4.5
482 50 227.5 4.4
482 75 337.5 3.1
483 0 0 4.6
483 25 115 4.5
483 50 227.5 4.4
483 75 337.5 3.1
484 0 0 4.6
484 25 115 4.5
484 50 227.5 4.4
484 75 337.5 3.1
485 0 0 4.6
485 25 115 4.5
485 50 227.5 4.4
485 75 337.5 3.1
486 0 0 4.6
486 25 115 4.5
486 50 227.5 4.4
486 75 337.5 3.1
487 0 0 4.6
487 25 115 4.5
487 50 227.5 4.4
487 75 337.5 3.1
488 0 0 4.6
488 25 115 4.5
488 50 227.5 4.4
488 75 337.5 3.1
489 0 0 4.6
489 25 115 4.5
489 50 227.5 4.4
489 75 337.5 3.1
490 0 0 4.6
490 25 115 4.5
490 50 227.5 4.4
490 75 337.5 3.1
491 0 0 4.6
491 25 115 4.5
491 50 227.5 4.4
491 75 337.5 3.1
492 0 0 4.6
492 25 115 4.5
492 50 227.5 4.4
492 75 337.5 3.1
493 0 0 4.6
493 25 115 4.5
493 50 227.5 4.4
493 75 337.5 3.1
494 0 0 4.6
494 25 115 4.5
494 50 227.5 4.4
494 75 337.5 3.1
495 0 0 4.6
495 25 115 4.5
495 50 227.5 4.4
495 75 337.5 3.1
496 0 0 4.6
496 25 115 4.5
496 50 227.5 4.4
496 75 337.5 3.1
497 0 0 4.6
497 25 115 4.5
497 50 227.5 4.4
497 75 337.5 3.1
498 0 0 4.6
498 25 115 4.5
498 50 227.5 4.4
498 75 337.5 3.1
499 0 0 4.6
499 25 115 4.5
499 50 227.5 4.4
499 75 337.5 3.1
