20 10
0 0 0 0.9
0 10 9 0.7
0 20 16 4.3
0 30 59 4.2
0 40 101 1.6
0 50 117 3.9
0 60 156 3.4
0 70 190 4.4
0 80 234 0.5
0 90 239 4.2
1 0 0 0.9
1 10 9 0.7
1 20 16 4.3
1 30 59 4.2
1 40 101 1.6
1 50 117 3.9
1 60 156 3.4
1 70 190 4.4
1 80 234 0.5
1 90 239 4.2
2 0 0 0.9
2 10 9 0.7
2 20 16 4.3
2 30 59 4.2
2 40 101 1.6
2 50 117 3.9
2 60 156 3.4
2 70 190 4.4
2 80 234 0.5
2 90 239 4.2
3 0 0 0.9
3 10 9 0.7
3 20 16 4.3
3 30 59 4.2
3 40 101 1.6
3 50 117 3.9
3 60 156 3.4
3 70 190 4.4
3 80 234 0.5
3 90 239 4.2
4 0 0 0.9
4 10 9 0.7
4 20 16 4.3
4 30 59 4.2
4 40 101 1.6
4 50 117 3.9
4 60 156 3.4
4 70 190 4.4
4 80 234 0.5
4 90 239 4.2
5 0 0 0.9
5 10 9 0.7
5 20 16 4.3
5 30 59 4.2
5 40 101 1.6
5 50 117 3.9
5 60 156 3.4
5 70 190 4.4
5 80 234 0.5
5 90 239 4.2
6 0 0 0.9
6 10 9 0.7
6 20 16 4.3
6 30 59 4.2
6 40 101 1.6
6 50 117 3.9
6 60 156 3.4
6 70 190 4.4
6 80 234 0.5
6 90 239 4.2
7 0 0 0.9
7 10 9 0.7
7 20 16 4.3
7 30 59 4.2
7 40 101 1.6
7 50 117 3.9
7 60 156 3.4
7 70 190 4.4
7 80 234 0.5
7 90 239 4.2
8 0 0 0.9
8 10 9 0.7
8 20 16 4.3
8 30 59 4.2
8 40 101 1.6
8 50 117 3.9
8 60 156 3.4
8 70 190 4.4
8 80 234 0.5
8 90 239 4.2
9 0 0 0.9
9 10 9 0.7
9 20 16 4.3
9 30 59 4.2
9 40 101 1.6
9 50 117 3.9
9 60 156 3.4
9 70 190 4.4
9 80 234 0.5
9 90 239 4.2
10 0 0 0.9
10 10 9 0.7
10 20 16 4.3
10 30 59 4.2
10 40 101 1.6
10 50 117 3.9
10 60 156 3.4
10 70 190 4.4
10 80 234 0.5
10 90 239 4.2
11 0 0 0.9
11 10 9 0.7
11 20 16 4.3
11 30 59 4.2
11 40 101 1.6
11 50 117 3.9
11 60 156 3.4
11 70 190 4.4
11 80 234 0.5
11 90 239 4.2
12 0 0 0.9
12 10 9 0.7
12 20 16 4.3
12 30 59 4.2
12 40 101 1.6
12 50 117 3.9
12 60 156 3.4
12 70 190 4.4
12 80 234 0.5
12 90 239 4.2
13 0 0 0.9
13 10 9 0.7
13 20 16 4.3
13 30 59 4.2
13 40 101 1.6
13 50 117 3.9
13 60 156 3.4
13 70 190 4.4
13 80 234 0.5
13 90 239 4.2
14 0 0 0.9
14 10 9 0.7
14 20 16 4.3
14 30 59 4.2
14 40 101 1.6
14 50 117 3.9
14 60 156 3.4
14 70 190 4.4
14 80 234 0.5
14 90 239 4.2
15 0 0 0.9
15 10 9 0.7
15 20 16 4.3
15 30 59 4.2
15 40 101 1.6
15 50 117 3.9
15 60 156 3.4
15 70 190 4.4
15 80 234 0.5
15 90 239 4.2
16 0 0 0.9
16 10 9 0.7
16 20 16 4.3
16 30 59 4.2
16 40 101 1.6
16 50 117 3.9
16 60 156 3.4
16 70 190 4.4
16 80 234 0.5
16 90 239 4.2
17 0 0 0.9
17 10 9 0.7
17 20 16 4.3
17 30 59 4.2
17 40 101 1.6
17 50 117 3.9
17 60 156 3.4
17 70 190 4.4
17 80 234 0.5
17 90 239 4.2
18 0 0 0.9
18 10 9 0.7
18 20 16 4.3
18 30 59 4.2
18 40 101 1.6
18 50 117 3.9
18 60 156 3.4
18 70 190 4.4
18 80 234 0.5
18 90 239 4.2
19 0 0 0.9
19 10 9 0.7
19 20 16 4.3
19 30 59 4.2
19 40 101 1.6
19 50 117 3.9
19 60 156 3.4
19 70 190 4.4
19 80 234 0.5
19 90 239 4.2
