100 10
0 0 0 3.8
0 200 760 4.8
0 400 1720 1.3
0 600 1980 3.9
0 800 2760 2.7
0 1000 3300 0.6
0 1200 3420 1.8
0 1400 3780 3.5
0 1600 4480 1.5
0 1800 4780 2.4
1 0 0 3.8
1 200 760 4.8
1 400 1720 1.3
1 600 1980 3.9
1 800 2760 2.7
1 1000 3300 0.6
1 1200 3420 1.8
1 1400 3780 3.5
1 1600 4480 1.5
1 1800 4780 2.4
2 0 0 3.8
2 200 760 4.8
2 400 1720 1.3
2 600 1980 3.9
2 800 2760 2.7
2 1000 3300 0.6
2 1200 3420 1.8
2 1400 3780 3.5
2 1600 4480 1.5
2 1800 4780 2.4
3 0 0 3.8
3 200 760 4.8
3 400 1720 1.3
3 600 1980 3.9
3 800 2760 2.7
3 1000 3300 0.6
3 1200 3420 1.8
3 1400 3780 3.5
3 1600 4480 1.5
3 1800 4780 2.4
4 0 0 3.8
4 200 760 4.8
4 400 1720 1.3
4 600 1980 3.9
4 800 2760 2.7
4 1000 3300 0.6
4 1200 3420 1.8
4 1400 3780 3.5
4 1600 4480 1.5
4 1800 4780 2.4
5 0 0 3.8
5 200 760 4.8
5 400 1720 1.3
5 600 1980 3.9
5 800 2760 2.7
5 1000 3300 0.6
5 1200 3420 1.8
5 1400 3780 3.5
5 1600 4480 1.5
5 1800 4780 2.4
6 0 0 3.8
6 200 760 4.8
6 400 1720 1.3
6 600 1980 3.9
6 800 2760 2.7
6 1000 3300 0.6
6 1200 3420 1.8
6 1400 3780 3.5
6 1600 4480 1.5
6 1800 4780 2.4
7 0 0 3.8
7 200 760 4.8
7 400 1720 1.3
7 600 1980 3.9
7 800 2760 2.7
7 1000 3300 0.6
7 1200 3420 1.8
7 1400 3780 3.5
7 1600 4480 1.5
7 1800 4780 2.4
8 0 0 3.8
8 200 760 4.8
8 400 1720 1.3
8 600 1980 3.9
8 800 2760 2.7
8 1000 3300 0.6
8 1200 3420 1.8
8 1400 3780 3.5
8 1600 4480 1.5
8 1800 4780 2.4
9 0 0 3.8
9 200 760 4.8
9 400 1720 1.3
9 600 1980 3.9
9 800 2760 2.7
9 1000 3300 0.6
9 1200 3420 1.8
9 1400 3780 3.5
9 1600 4480 1.5
9 1800 4780 2.4
10 0 0 3.8
10 200 760 4.8
10 400 1720 1.3
10 600 1980 3.9
10 800 2760 2.7
10 1000 3300 0.6
10 1200 3420 1.8
10 1400 3780 3.5
10 1600 4480 1.5
10 1800 4780 2.4
11 0 0 3.8
11 200 760 4.8
11 400 1720 1.3
11 600 1980 3.9
11 800 2760 2.7
11 1000 3300 0.6
11 1200 3420 1.8
11 1400 3780 3.5
11 1600 4480 1.5
11 1800 4780 2.4
12 0 0 3.8
12 200 760 4.8
12 400 1720 1.3
12 600 1980 3.9
12 800 2760 2.7
12 1000 3300 0.6
12 1200 3420 1.8
12 1400 3780 3.5
12 1600 4480 1.5
12 1800 4780 2.4
13 0 0 3.8
13 200 760 4.8
13 400 1720 1.3
13 600 1980 3.9
13 800 2760 2.7
13 1000 3300 0.6
13 1200 3420 1.8
13 1400 3780 3.5
13 1600 4480 1.5
13 1800 4780 2.4
14 0 0 3.8
14 200 760 4.8
14 400 1720 1.3
14 600 1980 3.9
14 800 2760 2.7
14 1000 3300 0.6
14 1200 3420 1.8
14 1400 3780 3.5
14 1600 4480 1.5
14 1800 4780 2.4
15 0 0 3.8
15 200 760 4.8
15 400 1720 1.3
15 600 1980 3.9
15 800 2760 2.7
15 1000 3300 0.6
15 1200 3420 1.8
15 1400 3780 3.5
15 1600 4480 1.5
15 1800 4780 2.4
16 0 0 3.8
16 200 760 4.8
16 400 1720 1.3
16 600 1980 3.9
16 800 2760 2.7
16 1000 3300 0.6
16 1200 3420 1.8
16 1400 3780 3.5
16 1600 4480 1.5
16 1800 4780 2.4
17 0 0 3.8
17 200 760 4.8
17 400 1720 1.3
17 600 1980 3.9
17 800 2760 2.7
17 1000 3300 0.6
17 1200 3420 1.8
17 1400 3780 3.5
17 1600 4480 1.5
17 1800 4780 2.4
18 0 0 3.8
18 200 760 4.8
18 400 1720 1.3
18 600 1980 3.9
18 800 2760 2.7
18 1000 3300 0.6
18 1200 3420 1.8
18 1400 3780 3.5
18 1600 4480 1.5
18 1800 4780 2.4
19 0 0 3.8
19 200 760 4.8
19 400 1720 1.3
19 600 1980 3.9
19 800 2760 2.7
19 1000 3300 0.6
19 1200 3420 1.8
19 1400 3780 3.5
19 1600 4480 1.5
19 1800 4780 2.4
20 0 0 3.8
20 200 760 4.8
20 400 1720 1.3
20 600 1980 3.9
20 800 2760 2.7
20 1000 3300 0.6
20 1200 3420 1.8
20 1400 3780 3.5
20 1600 4480 1.5
20 1800 4780 2.4
21 0 0 3.8
21 200 760 4.8
21 400 1720 1.3
21 600 1980 3.9
21 800 2760 2.7
21 1000 3300 0.6
21 1200 3420 1.8
21 1400 3780 3.5
21 1600 4480 1.5
21 1800 4780 2.4
22 0 0 3.8
22 200 760 4.8
22 400 1720 1.3
22 600 1980 3.9
22 800 2760 2.7
22 1000 3300 0.6
22 1200 3420 1.8
22 1400 3780 3.5
22 1600 4480 1.5
22 1800 4780 2.4
23 0 0 3.8
23 200 760 4.8
23 400 1720 1.3
23 600 1980 3.9
23 800 2760 2.7
23 1000 3300 0.6
23 1200 3420 1.8
23 1400 3780 3.5
23 1600 4480 1.5
23 1800 4780 2.4
24 0 0 3.8
24 200 760 4.8
24 400 1720 1.3
24 600 1980 3.9
24 800 2760 2.7
24 1000 3300 0.6
24 1200 3420 1.8
24 1400 3780 3.5
24 1600 4480 1.5
24 1800 4780 2.4
25 0 0 3.8
25 200 760 4.8
25 400 1720 1.3
25 600 1980 3.9
25 800 2760 2.7
25 1000 3300 0.6
25 1200 3420 1.8
25 1400 3780 3.5
25 1600 4480 1.5
25 1800 4780 2.4
26 0 0 3.8
26 200 760 4.8
26 400 1720 1.3
26 600 1980 3.9
26 800 2760 2.7
26 1000 3300 0.6
26 1200 3420 1.8
26 1400 3780 3.5
26 1600 4480 1.5
26 1800 4780 2.4
27 0 0 3.8
27 200 760 4.8
27 400 1720 1.3
27 600 1980 3.9
27 800 2760 2.7
27 1000 3300 0.6
27 1200 3420 1.8
27 1400 3780 3.5
27 1600 4480 1.5
27 1800 4780 2.4
28 0 0 3.8
28 200 760 4.8
28 400 1720 1.3
28 600 1980 3.9
28 800 2760 2.7
28 1000 3300 0.6
28 1200 3420 1.8
28 1400 3780 3.5
28 1600 4480 1.5
28 1800 4780 2.4
29 0 0 3.8
29 200 760 4.8
29 400 1720 1.3
29 600 1980 3.9
29 800 2760 2.7
29 1000 3300 0.6
29 1200 3420 1.8
29 1400 3780 3.5
29 1600 4480 1.5
29 1800 4780 2.4
30 0 0 3.8
30 200 760 4.8
30 400 1720 1.3
30 600 1980 3.9
30 800 2760 2.7
30 1000 3300 0.6
30 1200 3420 1.8
30 1400 3780 3.5
30 1600 4480 1.5
30 1800 4780 2.4
31 0 0 3.8
31 200 760 4.8
31 400 1720 1.3
31 600 1980 3.9
31 800 2760 2.7
31 1000 3300 0.6
31 1200 3420 1.8
31 1400 3780 3.5
31 1600 4480 1.5
31 1800 4780 2.4
32 0 0 3.8
32 200 760 4.8
32 400 1720 1.3
32 600 1980 3.9
32 800 2760 2.7
32 1000 3300 0.6
32 1200 3420 1.8
32 1400 3780 3.5
32 1600 4480 1.5
32 1800 4780 2.4
33 0 0 3.8
33 200 760 4.8
33 400 1720 1.3
33 600 1980 3.9
33 800 2760 2.7
33 1000 3300 0.6
33 1200 3420 1.8
33 1400 3780 3.5
33 1600 4480 1.5
33 1800 4780 2.4
34 0 0 3.8
34 200 760 4.8
34 400 1720 1.3
34 600 1980 3.9
34 800 2760 2.7
34 1000 3300 0.6
34 1200 3420 1.8
34 1400 3780 3.5
34 1600 4480 1.5
34 1800 4780 2.4
35 0 0 3.8
35 200 760 4.8
35 400 1720 1.3
35 600 1980 3.9
35 800 2760 2.7
35 1000 3300 0.6
35 1200 3420 1.8
35 1400 3780 3.5
35 1600 4480 1.5
35 1800 4780 2.4
36 0 0 3.8
36 200 760 4.8
36 400 1720 1.3
36 600 1980 3.9
36 800 2760 2.7
36 1000 3300 0.6
36 1200 3420 1.8
36 1400 3780 3.5
36 1600 4480 1.5
36 1800 4780 2.4
37 0 0 3.8
37 200 760 4.8
37 400 1720 1.3
37 600 1980 3.9
37 800 2760 2.7
37 1000 3300 0.6
37 1200 3420 1.8
37 1400 3780 3.5
37 1600 4480 1.5
37 1800 4780 2.4
38 0 0 3.8
38 200 760 4.8
38 400 1720 1.3
38 600 1980 3.9
38 800 2760 2.7
38 1000 3300 0.6
38 1200 3420 1.8
38 1400 3780 3.5
38 1600 4480 1.5
38 1800 4780 2.4
39 0 0 3.8
39 200 760 4.8
39 400 1720 1.3
39 600 1980 3.9
39 800 2760 2.7
39 1000 3300 0.6
39 1200 3420 1.8
39 1400 3780 3.5
39 1600 4480 1.5
39 1800 4780 2.4
40 0 0 3.8
40 200 760 4.8
40 400 1720 1.3
40 600 1980 3.9
40 800 2760 2.7
40 1000 3300 0.6
40 1200 3420 1.8
40 1400 3780 3.5
40 1600 4480 1.5
40 1800 4780 2.4
41 0 0 3.8
41 200 760 4.8
41 400 1720 1.3
41 600 1980 3.9
41 800 2760 2.7
41 1000 3300 0.6
41 1200 3420 1.8
41 1400 3780 3.5
41 1600 4480 1.5
41 1800 4780 2.4
42 0 0 3.8
42 200 760 4.8
42 400 1720 1.3
42 600 1980 3.9
42 800 2760 2.7
42 1000 3300 0.6
42 1200 3420 1.8
42 1400 3780 3.5
42 1600 4480 1.5
42 1800 4780 2.4
43 0 0 3.8
43 200 760 4.8
43 400 1720 1.3
43 600 1980 3.9
43 800 2760 2.7
43 1000 3300 0.6
43 1200 3420 1.8
43 1400 3780 3.5
43 1600 4480 1.5
43 1800 4780 2.4
44 0 0 3.8
44 200 760 4.8
44 400 1720 1.3
44 600 1980 3.9
44 800 2760 2.7
44 1000 3300 0.6
44 1200 3420 1.8
44 1400 3780 3.5
44 1600 4480 1.5
44 1800 4780 2.4
45 0 0 3.8
45 200 760 4.8
45 400 1720 1.3
45 600 1980 3.9
45 800 2760 2.7
45 1000 3300 0.6
45 1200 3420 1.8
45 1400 3780 3.5
45 1600 4480 1.5
45 1800 4780 2.4
46 0 0 3.8
46 200 760 4.8
46 400 1720 1.3
46 600 1980 3.9
46 800 2760 2.7
46 1000 3300 0.6
46 1200 3420 1.8
46 1400 3780 3.5
46 1600 4480 1.5
46 1800 4780 2.4
47 0 0 3.8
47 200 760 4.8
47 400 1720 1.3
47 600 1980 3.9
47 800 2760 2.7
47 1000 3300 0.6
47 1200 3420 1.8
47 1400 3780 3.5
47 1600 4480 1.5
47 1800 4780 2.4
48 0 0 3.8
48 200 760 4.8
48 400 1720 1.3
48 600 1980 3.9
48 800 2760 2.7
48 1000 3300 0.6
48 1200 3420 1.8
48 1400 3780 3.5
48 1600 4480 1.5
48 1800 4780 2.4
49 0 0 3.8
49 200 760 4.8
49 400 1720 1.3
49 600 1980 3.9
49 800 2760 2.7
49 1000 3300 0.6
49 1200 3420 1.8
49 1400 3780 3.5
49 1600 4480 1.5
49 1800 4780 2.4
50 0 0 3.8
50 200 760 4.8
50 400 1720 1.3
50 600 1980 3.9
50 800 2760 2.7
50 1000 3300 0.6
50 1200 3420 1.8
50 1400 3780 3.5
50 1600 4480 1.5
50 1800 4780 2.4
51 0 0 3.8
51 200 760 4.8
51 400 1720 1.3
51 600 1980 3.9
51 800 2760 2.7
51 1000 3300 0.6
51 1200 3420 1.8
51 1400 3780 3.5
51 1600 4480 1.5
51 1800 4780 2.4
52 0 0 3.8
52 200 760 4.8
52 400 1720 1.3
52 600 1980 3.9
52 800 2760 2.7
52 1000 3300 0.6
52 1200 3420 1.8
52 1400 3780 3.5
52 1600 4480 1.5
52 1800 4780 2.4
53 0 0 3.8
53 200 760 4.8
53 400 1720 1.3
53 600 1980 3.9
53 800 2760 2.7
53 1000 3300 0.6
53 1200 3420 1.8
53 1400 3780 3.5
53 1600 4480 1.5
53 1800 4780 2.4
54 0 0 3.8
54 200 760 4.8
54 400 1720 1.3
54 600 1980 3.9
54 800 2760 2.7
54 1000 3300 0.6
54 1200 3420 1.8
54 1400 3780 3.5
54 1600 4480 1.5
54 1800 4780 2.4
55 0 0 3.8
55 200 760 4.8
55 400 1720 1.3
55 600 1980 3.9
55 800 2760 2.7
55 1000 3300 0.6
55 1200 3420 1.8
55 1400 3780 3.5
55 1600 4480 1.5
55 1800 4780 2.4
56 0 0 3.8
56 200 760 4.8
56 400 1720 1.3
56 600 1980 3.9
56 800 2760 2.7
56 1000 3300 0.6
56 1200 3420 1.8
56 1400 3780 3.5
56 1600 4480 1.5
56 1800 4780 2.4
57 0 0 3.8
57 200 760 4.8
57 400 1720 1.3
57 600 1980 3.9
57 800 2760 2.7
57 1000 3300 0.6
57 1200 3420 1.8
57 1400 3780 3.5
57 1600 4480 1.5
57 1800 4780 2.4
58 0 0 3.8
58 200 760 4.8
58 400 1720 1.3
58 600 1980 3.9
58 800 2760 2.7
58 1000 3300 0.6
58 1200 3420 1.8
58 1400 3780 3.5
58 1600 4480 1.5
58 1800 4780 2.4
59 0 0 3.8
59 200 760 4.8
59 400 1720 1.3
59 600 1980 3.9
59 800 2760 2.7
59 1000 3300 0.6
59 1200 3420 1.8
59 1400 3780 3.5
59 1600 4480 1.5
59 1800 4780 2.4
60 0 0 3.8
60 200 760 4.8
60 400 1720 1.3
60 600 1980 3.9
60 800 2760 2.7
60 1000 3300 0.6
60 1200 3420 1.8
60 1400 3780 3.5
60 1600 4480 1.5
60 1800 4780 2.4
61 0 0 3.8
61 200 760 4.8
61 400 1720 1.3
61 600 1980 3.9
61 800 2760 2.7
61 1000 3300 0.6
61 1200 3420 1.8
61 1400 3780 3.5
61 1600 4480 1.5
61 1800 4780 2.4
62 0 0 3.8
62 200 760 4.8
62 400 1720 1.3
62 600 1980 3.9
62 800 2760 2.7
62 1000 3300 0.6
62 1200 3420 1.8
62 1400 3780 3.5
62 1600 4480 1.5
62 1800 4780 2.4
63 0 0 3.8
63 200 760 4.8
63 400 1720 1.3
63 600 1980 3.9
63 800 2760 2.7
63 1000 3300 0.6
63 1200 3420 1.8
63 1400 3780 3.5
63 1600 4480 1.5
63 1800 4780 2.4
64 0 0 3.8
64 200 760 4.8
64 400 1720 1.3
64 600 1980 3.9
64 800 2760 2.7
64 1000 3300 0.6
64 1200 3420 1.8
64 1400 3780 3.5
64 1600 4480 1.5
64 1800 4780 2.4
65 0 0 3.8
65 200 760 4.8
65 400 1720 1.3
65 600 1980 3.9
65 800 2760 2.7
65 1000 3300 0.6
65 1200 3420 1.8
65 1400 3780 3.5
65 1600 4480 1.5
65 1800 4780 2.4
66 0 0 3.8
66 200 760 4.8
66 400 1720 1.3
66 600 1980 3.9
66 800 2760 2.7
66 1000 3300 0.6
66 1200 3420 1.8
66 1400 3780 3.5
66 1600 4480 1.5
66 1800 4780 2.4
67 0 0 3.8
67 200 760 4.8
67 400 1720 1.3
67 600 1980 3.9
67 800 2760 2.7
67 1000 3300 0.6
67 1200 3420 1.8
67 1400 3780 3.5
67 1600 4480 1.5
67 1800 4780 2.4
68 0 0 3.8
68 200 760 4.8
68 400 1720 1.3
68 600 1980 3.9
68 800 2760 2.7
68 1000 3300 0.6
68 1200 3420 1.8
68 1400 3780 3.5
68 1600 4480 1.5
68 1800 4780 2.4
69 0 0 3.8
69 200 760 4.8
69 400 1720 1.3
69 600 1980 3.9
69 800 2760 2.7
69 1000 3300 0.6
69 1200 3420 1.8
69 1400 3780 3.5
69 1600 4480 1.5
69 1800 4780 2.4
70 0 0 3.8
70 200 760 4.8
70 400 1720 1.3
70 600 1980 3.9
70 800 2760 2.7
70 1000 3300 0.6
70 1200 3420 1.8
70 1400 3780 3.5
70 1600 4480 1.5
70 1800 4780 2.4
71 0 0 3.8
71 200 760 4.8
71 400 1720 1.3
71 600 1980 3.9
71 800 2760 2.7
71 1000 3300 0.6
71 1200 3420 1.8
71 1400 3780 3.5
71 1600 4480 1.5
71 1800 4780 2.4
72 0 0 3.8
72 200 760 4.8
72 400 1720 1.3
72 600 1980 3.9
72 800 2760 2.7
72 1000 3300 0.6
72 1200 3420 1.8
72 1400 3780 3.5
72 1600 4480 1.5
72 1800 4780 2.4
73 0 0 3.8
73 200 760 4.8
73 400 1720 1.3
73 600 1980 3.9
73 800 2760 2.7
73 1000 3300 0.6
73 1200 3420 1.8
73 1400 3780 3.5
73 1600 4480 1.5
73 1800 4780 2.4
74 0 0 3.8
74 200 760 4.8
74 400 1720 1.3
74 600 1980 3.9
74 800 2760 2.7
74 1000 3300 0.6
74 1200 3420 1.8
74 1400 3780 3.5
74 1600 4480 1.5
74 1800 4780 2.4
75 0 0 3.8
75 200 760 4.8
75 400 1720 1.3
75 600 1980 3.9
75 800 2760 2.7
75 1000 3300 0.6
75 1200 3420 1.8
75 1400 3780 3.5
75 1600 4480 1.5
75 1800 4780 2.4
76 0 0 3.8
76 200 760 4.8
76 400 1720 1.3
76 600 1980 3.9
76 800 2760 2.7
76 1000 3300 0.6
76 1200 3420 1.8
76 1400 3780 3.5
76 1600 4480 1.5
76 1800 4780 2.4
77 0 0 3.8
77 200 760 4.8
77 400 1720 1.3
77 600 1980 3.9
77 800 2760 2.7
77 1000 3300 0.6
77 1200 3420 1.8
77 1400 3780 3.5
77 1600 4480 1.5
77 1800 4780 2.4
78 0 0 3.8
78 200 760 4.8
78 400 1720 1.3
78 600 1980 3.9
78 800 2760 2.7
78 1000 3300 0.6
78 1200 3420 1.8
78 1400 3780 3.5
78 1600 4480 1.5
78 1800 4780 2.4
79 0 0 3.8
79 200 760 4.8
79 400 1720 1.3
79 600 1980 3.9
79 800 2760 2.7
79 1000 3300 0.6
79 1200 3420 1.8
79 1400 3780 3.5
79 1600 4480 1.5
79 1800 4780 2.4
80 0 0 3.8
80 200 760 4.8
80 400 1720 1.3
80 600 1980 3.9
80 800 2760 2.7
80 1000 3300 0.6
80 1200 3420 1.8
80 1400 3780 3.5
80 1600 4480 1.5
80 1800 4780 2.4
81 0 0 3.8
81 200 760 4.8
81 400 1720 1.3
81 600 1980 3.9
81 800 2760 2.7
81 1000 3300 0.6
81 1200 3420 1.8
81 1400 3780 3.5
81 1600 4480 1.5
81 1800 4780 2.4
82 0 0 3.8
82 200 760 4.8
82 400 1720 1.3
82 600 1980 3.9
82 800 2760 2.7
82 1000 3300 0.6
82 1200 3420 1.8
82 1400 3780 3.5
82 1600 4480 1.5
82 1800 4780 2.4
83 0 0 3.8
83 200 760 4.8
83 400 1720 1.3
83 600 1980 3.9
83 800 2760 2.7
83 1000 3300 0.6
83 1200 3420 1.8
83 1400 3780 3.5
83 1600 4480 1.5
83 1800 4780 2.4
84 0 0 3.8
84 200 760 4.8
84 400 1720 1.3
84 600 1980 3.9
84 800 2760 2.7
84 1000 3300 0.6
84 1200 3420 1.8
84 1400 3780 3.5
84 1600 4480 1.5
84 1800 4780 2.4
85 0 0 3.8
85 200 760 4.8
85 400 1720 1.3
85 600 1980 3.9
85 800 2760 2.7
85 1000 3300 0.6
85 1200 3420 1.8
85 1400 3780 3.5
85 1600 4480 1.5
85 1800 4780 2.4
86 0 0 3.8
86 200 760 4.8
86 400 1720 1.3
86 600 1980 3.9
86 800 2760 2.7
86 1000 3300 0.6
86 1200 3420 1.8
86 1400 3780 3.5
86 1600 4480 1.5
86 1800 4780 2.4
87 0 0 3.8
87 200 760 4.8
87 400 1720 1.3
87 600 1980 3.9
87 800 2760 2.7
87 1000 3300 0.6
87 1200 3420 1.8
87 1400 3780 3.5
87 1600 4480 1.5
87 1800 4780 2.4
88 0 0 3.8
88 200 760 4.8
88 400 1720 1.3
88 600 1980 3.9
88 800 2760 2.7
88 1000 3300 0.6
88 1200 3420 1.8
88 1400 3780 3.5
88 1600 4480 1.5
88 1800 4780 2.4
89 0 0 3.8
89 200 760 4.8
89 400 1720 1.3
89 600 1980 3.9
89 800 2760 2.7
89 1000 3300 0.6
89 1200 3420 1.8
89 1400 3780 3.5
89 1600 4480 1.5
89 1800 4780 2.4
90 0 0 3.8
90 200 760 4.8
90 400 1720 1.3
90 600 1980 3.9
90 800 2760 2.7
90 1000 3300 0.6
90 1200 3420 1.8
90 1400 3780 3.5
90 1600 4480 1.5
90 1800 4780 2.4
91 0 0 3.8
91 200 760 4.8
91 400 1720 1.3
91 600 1980 3.9
91 800 2760 2.7
91 1000 3300 0.6
91 1200 3420 1.8
91 1400 3780 3.5
91 1600 4480 1.5
91 1800 4780 2.4
92 0 0 3.8
92 200 760 4.8
92 400 1720 1.3
92 600 1980 3.9
92 800 2760 2.7
92 1000 3300 0.6
92 1200 3420 1.8
92 1400 3780 3.5
92 1600 4480 1.5
92 1800 4780 2.4
93 0 0 3.8
93 200 760 4.8
93 400 1720 1.3
93 600 1980 3.9
93 800 2760 2.7
93 1000 3300 0.6
93 1200 3420 1.8
93 1400 3780 3.5
93 1600 4480 1.5
93 1800 4780 2.4
94 0 0 3.8
94 200 760 4.8
94 400 1720 1.3
94 600 1980 3.9
94 800 2760 2.7
94 1000 3300 0.6
94 1200 3420 1.8
94 1400 3780 3.5
94 1600 4480 1.5
94 1800 4780 2.4
95 0 0 3.8
95 200 760 4.8
95 400 1720 1.3
95 600 1980 3.9
95 800 2760 2.7
95 1000 3300 0.6
95 1200 3420 1.8
95 1400 3780 3.5
95 1600 4480 1.5
95 1800 4780 2.4
96 0 0 3.8
96 200 760 4.8
96 400 1720 1.3
96 600 1980 3.9
96 800 2760 2.7
96 1000 3300 0.6
96 1200 3420 1.8
96 1400 3780 3.5
96 1600 4480 1.5
96 1800 4780 2.4
97 0 0 3.8
97 200 760 4.8
97 400 1720 1.3
97 600 1980 3.9
97 800 2760 2.7
97 1000 3300 0.6
97 1200 3420 1.8
97 1400 3780 3.5
97 1600 4480 1.5
97 1800 4780 2.4
98 0 0 3.8
98 200 760 4.8
98 400 1720 1.3
98 600 1980 3.9
98 800 2760 2.7
98 1000 3300 0.6
98 1200 3420 1.8
98 1400 3780 3.5
98 1600 4480 1.5
98 1800 4780 2.4
99 0 0 3.8
99 200 760 4.8
99 400 1720 1.3
99 600 1980 3.9
99 800 2760 2.7
99 1000 3300 0.6
99 1200 3420 1.8
99 1400 3780 3.5
99 1600 4480 1.5
99 1800 4780 2.4
