100 10
0 0 0 0.6
0 200 120 4.1
0 400 940 4
0 600 1740 2.5
0 800 2240 4.6
0 1000 3160 4.2
0 1200 4000 0.8
0 1400 4160 3.9
0 1600 4940 4.1
0 1800 5760 0.6
1 0 0 0.6
1 200 120 4.1
1 400 940 4
1 600 1740 2.5
1 800 2240 4.6
1 1000 3160 4.2
1 1200 4000 0.8
1 1400 4160 3.9
1 1600 4940 4.1
1 1800 5760 0.6
2 0 0 0.6
2 200 120 4.1
2 400 940 4
2 600 1740 2.5
2 800 2240 4.6
2 1000 3160 4.2
2 1200 4000 0.8
2 1400 4160 3.9
2 1600 4940 4.1
2 1800 5760 0.6
3 0 0 0.6
3 200 120 4.1
3 400 940 4
3 600 1740 2.5
3 800 2240 4.6
3 1000 3160 4.2
3 1200 4000 0.8
3 1400 4160 3.9
3 1600 4940 4.1
3 1800 5760 0.6
4 0 0 0.6
4 200 120 4.1
4 400 940 4
4 600 1740 2.5
4 800 2240 4.6
4 1000 3160 4.2
4 1200 4000 0.8
4 1400 4160 3.9
4 1600 4940 4.1
4 1800 5760 0.6
5 0 0 0.6
5 200 120 4.1
5 400 940 4
5 600 1740 2.5
5 800 2240 4.6
5 1000 3160 4.2
5 1200 4000 0.8
5 1400 4160 3.9
5 1600 4940 4.1
5 1800 5760 0.6
6 0 0 0.6
6 200 120 4.1
6 400 940 4
6 600 1740 2.5
6 800 2240 4.6
6 1000 3160 4.2
6 1200 4000 0.8
6 1400 4160 3.9
6 1600 4940 4.1
6 1800 5760 0.6
7 0 0 0.6
7 200 120 4.1
7 400 940 4
7 600 1740 2.5
7 800 2240 4.6
7 1000 3160 4.2
7 1200 4000 0.8
7 1400 4160 3.9
7 1600 4940 4.1
7 1800 5760 0.6
8 0 0 0.6
8 200 120 4.1
8 400 940 4
8 600 1740 2.5
8 800 2240 4.6
8 1000 3160 4.2
8 1200 4000 0.8
8 1400 4160 3.9
8 1600 4940 4.1
8 1800 5760 0.6
9 0 0 0.6
9 200 120 4.1
9 400 940 4
9 600 1740 2.5
9 800 2240 4.6
9 1000 3160 4.2
9 1200 4000 0.8
9 1400 4160 3.9
9 1600 4940 4.1
9 1800 5760 0.6
10 0 0 0.6
10 200 120 4.1
10 400 940 4
10 600 1740 2.5
10 800 2240 4.6
10 1000 3160 4.2
10 1200 4000 0.8
10 1400 4160 3.9
10 1600 4940 4.1
10 1800 5760 0.6
11 0 0 0.6
11 200 120 4.1
11 400 940 4
11 600 1740 2.5
11 800 2240 4.6
11 1000 3160 4.2
11 1200 4000 0.8
11 1400 4160 3.9
11 1600 4940 4.1
11 1800 5760 0.6
12 0 0 0.6
12 200 120 4.1
12 400 940 4
12 600 1740 2.5
12 800 2240 4.6
12 1000 3160 4.2
12 1200 4000 0.8
12 1400 4160 3.9
12 1600 4940 4.1
12 1800 5760 0.6
13 0 0 0.6
13 200 120 4.1
13 400 940 4
13 600 1740 2.5
13 800 2240 4.6
13 1000 3160 4.2
13 1200 4000 0.8
13 1400 4160 3.9
13 1600 4940 4.1
13 1800 5760 0.6
14 0 0 0.6
14 200 120 4.1
14 400 940 4
14 600 1740 2.5
14 800 2240 4.6
14 1000 3160 4.2
14 1200 4000 0.8
14 1400 4160 3.9
14 1600 4940 4.1
14 1800 5760 0.6
15 0 0 0.6
15 200 120 4.1
15 400 940 4
15 600 1740 2.5
15 800 2240 4.6
15 1000 3160 4.2
15 1200 4000 0.8
15 1400 4160 3.9
15 1600 4940 4.1
15 1800 5760 0.6
16 0 0 0.6
16 200 120 4.1
16 400 940 4
16 600 1740 2.5
16 800 2240 4.6
16 1000 3160 4.2
16 1200 4000 0.8
16 1400 4160 3.9
16 1600 4940 4.1
16 1800 5760 0.6
17 0 0 0.6
17 200 120 4.1
17 400 940 4
17 600 1740 2.5
17 800 2240 4.6
17 1000 3160 4.2
17 1200 4000 0.8
17 1400 4160 3.9
17 1600 4940 4.1
17 1800 5760 0.6
18 0 0 0.6
18 200 120 4.1
18 400 940 4
18 600 1740 2.5
18 800 2240 4.6
18 1000 3160 4.2
18 1200 4000 0.8
18 1400 4160 3.9
18 1600 4940 4.1
18 1800 5760 0.6
19 0 0 0.6
19 200 120 4.1
19 400 940 4
19 600 1740 2.5
19 800 2240 4.6
19 1000 3160 4.2
19 1200 4000 0.8
19 1400 4160 3.9
19 1600 4940 4.1
19 1800 5760 0.6
20 0 0 0.6
20 200 120 4.1
20 400 940 4
20 600 1740 2.5
20 800 2240 4.6
20 1000 3160 4.2
20 1200 4000 0.8
20 1400 4160 3.9
20 1600 4940 4.1
20 1800 5760 0.6
21 0 0 0.6
21 200 120 4.1
21 400 940 4
21 600 1740 2.5
21 800 2240 4.6
21 1000 3160 4.2
21 1200 4000 0.8
21 1400 4160 3.9
21 1600 4940 4.1
21 1800 5760 0.6
22 0 0 0.6
22 200 120 4.1
22 400 940 4
22 600 1740 2.5
22 800 2240 4.6
22 1000 3160 4.2
22 1200 4000 0.8
22 1400 4160 3.9
22 1600 4940 4.1
22 1800 5760 0.6
23 0 0 0.6
23 200 120 4.1
23 400 940 4
23 600 1740 2.5
23 800 2240 4.6
23 1000 3160 4.2
23 1200 4000 0.8
23 1400 4160 3.9
23 1600 4940 4.1
23 1800 5760 0.6
24 0 0 0.6
24 200 120 4.1
24 400 940 4
24 600 1740 2.5
24 800 2240 4.6
24 1000 3160 4.2
24 1200 4000 0.8
24 1400 4160 3.9
24 1600 4940 4.1
24 1800 5760 0.6
25 0 0 0.6
25 200 120 4.1
25 400 940 4
25 600 1740 2.5
25 800 2240 4.6
25 1000 3160 4.2
25 1200 4000 0.8
25 1400 4160 3.9
25 1600 4940 4.1
25 1800 5760 0.6
26 0 0 0.6
26 200 120 4.1
26 400 940 4
26 600 1740 2.5
26 800 2240 4.6
26 1000 3160 4.2
26 1200 4000 0.8
26 1400 4160 3.9
26 1600 4940 4.1
26 1800 5760 0.6
27 0 0 0.6
27 200 120 4.1
27 400 940 4
27 600 1740 2.5
27 800 2240 4.6
27 1000 3160 4.2
27 1200 4000 0.8
27 1400 4160 3.9
27 1600 4940 4.1
27 1800 5760 0.6
28 0 0 0.6
28 200 120 4.1
28 400 940 4
28 600 1740 2.5
28 800 2240 4.6
28 1000 3160 4.2
28 1200 4000 0.8
28 1400 4160 3.9
28 1600 4940 4.1
28 1800 5760 0.6
29 0 0 0.6
29 200 120 4.1
29 400 940 4
29 600 1740 2.5
29 800 2240 4.6
29 1000 3160 4.2
29 1200 4000 0.8
29 1400 4160 3.9
29 1600 4940 4.1
29 1800 5760 0.6
30 0 0 0.6
30 200 120 4.1
30 400 940 4
30 600 1740 2.5
30 800 2240 4.6
30 1000 3160 4.2
30 1200 4000 0.8
30 1400 4160 3.9
30 1600 4940 4.1
30 1800 5760 0.6
31 0 0 0.6
31 200 120 4.1
31 400 940 4
31 600 1740 2.5
31 800 2240 4.6
31 1000 3160 4.2
31 1200 4000 0.8
31 1400 4160 3.9
31 1600 4940 4.1
31 1800 5760 0.6
32 0 0 0.6
32 200 120 4.1
32 400 940 4
32 600 1740 2.5
32 800 2240 4.6
32 1000 3160 4.2
32 1200 4000 0.8
32 1400 4160 3.9
32 1600 4940 4.1
32 1800 5760 0.6
33 0 0 0.6
33 200 120 4.1
33 400 940 4
33 600 1740 2.5
33 800 2240 4.6
33 1000 3160 4.2
33 1200 4000 0.8
33 1400 4160 3.9
33 1600 4940 4.1
33 1800 5760 0.6
34 0 0 0.6
34 200 120 4.1
34 400 940 4
34 600 1740 2.5
34 800 2240 4.6
34 1000 3160 4.2
34 1200 4000 0.8
34 1400 4160 3.9
34 1600 4940 4.1
34 1800 5760 0.6
35 0 0 0.6
35 200 120 4.1
35 400 940 4
35 600 1740 2.5
35 800 2240 4.6
35 1000 3160 4.2
35 1200 4000 0.8
35 1400 4160 3.9
35 1600 4940 4.1
35 1800 5760 0.6
36 0 0 0.6
36 200 120 4.1
36 400 940 4
36 600 1740 2.5
36 800 2240 4.6
36 1000 3160 4.2
36 1200 4000 0.8
36 1400 4160 3.9
36 1600 4940 4.1
36 1800 5760 0.6
37 0 0 0.6
37 200 120 4.1
37 400 940 4
37 600 1740 2.5
37 800 2240 4.6
37 1000 3160 4.2
37 1200 4000 0.8
37 1400 4160 3.9
37 1600 4940 4.1
37 1800 5760 0.6
38 0 0 0.6
38 200 120 4.1
38 400 940 4
38 600 1740 2.5
38 800 2240 4.6
38 1000 3160 4.2
38 1200 4000 0.8
38 1400 4160 3.9
38 1600 4940 4.1
38 1800 5760 0.6
39 0 0 0.6
39 200 120 4.1
39 400 940 4
39 600 1740 2.5
39 800 2240 4.6
39 1000 3160 4.2
39 1200 4000 0.8
39 1400 4160 3.9
39 1600 4940 4.1
39 1800 5760 0.6
40 0 0 0.6
40 200 120 4.1
40 400 940 4
40 600 1740 2.5
40 800 2240 4.6
40 1000 3160 4.2
40 1200 4000 0.8
40 1400 4160 3.9
40 1600 4940 4.1
40 1800 5760 0.6
41 0 0 0.6
41 200 120 4.1
41 400 940 4
41 600 1740 2.5
41 800 2240 4.6
41 1000 3160 4.2
41 1200 4000 0.8
41 1400 4160 3.9
41 1600 4940 4.1
41 1800 5760 0.6
42 0 0 0.6
42 200 120 4.1
42 400 940 4
42 600 1740 2.5
42 800 2240 4.6
42 1000 3160 4.2
42 1200 4000 0.8
42 1400 4160 3.9
42 1600 4940 4.1
42 1800 5760 0.6
43 0 0 0.6
43 200 120 4.1
43 400 940 4
43 600 1740 2.5
43 800 2240 4.6
43 1000 3160 4.2
43 1200 4000 0.8
43 1400 4160 3.9
43 1600 4940 4.1
43 1800 5760 0.6
44 0 0 0.6
44 200 120 4.1
44 400 940 4
44 600 1740 2.5
44 800 2240 4.6
44 1000 3160 4.2
44 1200 4000 0.8
44 1400 4160 3.9
44 1600 4940 4.1
44 1800 5760 0.6
45 0 0 0.6
45 200 120 4.1
45 400 940 4
45 600 1740 2.5
45 800 2240 4.6
45 1000 3160 4.2
45 1200 4000 0.8
45 1400 4160 3.9
45 1600 4940 4.1
45 1800 5760 0.6
46 0 0 0.6
46 200 120 4.1
46 400 940 4
46 600 1740 2.5
46 800 2240 4.6
46 1000 3160 4.2
46 1200 4000 0.8
46 1400 4160 3.9
46 1600 4940 4.1
46 1800 5760 0.6
47 0 0 0.6
47 200 120 4.1
47 400 940 4
47 600 1740 2.5
47 800 2240 4.6
47 1000 3160 4.2
47 1200 4000 0.8
47 1400 4160 3.9
47 1600 4940 4.1
47 1800 5760 0.6
48 0 0 0.6
48 200 120 4.1
48 400 940 4
48 600 1740 2.5
48 800 2240 4.6
48 1000 3160 4.2
48 1200 4000 0.8
48 1400 4160 3.9
48 1600 4940 4.1
48 1800 5760 0.6
49 0 0 0.6
49 200 120 4.1
49 400 940 4
49 600 1740 2.5
49 800 2240 4.6
49 1000 3160 4.2
49 1200 4000 0.8
49 1400 4160 3.9
49 1600 4940 4.1
49 1800 5760 0.6
50 0 0 0.6
50 200 120 4.1
50 400 940 4
50 600 1740 2.5
50 800 2240 4.6
50 1000 3160 4.2
50 1200 4000 0.8
50 1400 4160 3.9
50 1600 4940 4.1
50 1800 5760 0.6
51 0 0 0.6
51 200 120 4.1
51 400 940 4
51 600 1740 2.5
51 800 2240 4.6
51 1000 3160 4.2
51 1200 4000 0.8
51 1400 4160 3.9
51 1600 4940 4.1
51 1800 5760 0.6
52 0 0 0.6
52 200 120 4.1
52 400 940 4
52 600 1740 2.5
52 800 2240 4.6
52 1000 3160 4.2
52 1200 4000 0.8
52 1400 4160 3.9
52 1600 4940 4.1
52 1800 5760 0.6
53 0 0 0.6
53 200 120 4.1
53 400 940 4
53 600 1740 2.5
53 800 2240 4.6
53 1000 3160 4.2
53 1200 4000 0.8
53 1400 4160 3.9
53 1600 4940 4.1
53 1800 5760 0.6
54 0 0 0.6
54 200 120 4.1
54 400 940 4
54 600 1740 2.5
54 800 2240 4.6
54 1000 3160 4.2
54 1200 4000 0.8
54 1400 4160 3.9
54 1600 4940 4.1
54 1800 5760 0.6
55 0 0 0.6
55 200 120 4.1
55 400 940 4
55 600 1740 2.5
55 800 2240 4.6
55 1000 3160 4.2
55 1200 4000 0.8
55 1400 4160 3.9
55 1600 4940 4.1
55 1800 5760 0.6
56 0 0 0.6
56 200 120 4.1
56 400 940 4
56 600 1740 2.5
56 800 2240 4.6
56 1000 3160 4.2
56 1200 4000 0.8
56 1400 4160 3.9
56 1600 4940 4.1
56 1800 5760 0.6
57 0 0 0.6
57 200 120 4.1
57 400 940 4
57 600 1740 2.5
57 800 2240 4.6
57 1000 3160 4.2
57 1200 4000 0.8
57 1400 4160 3.9
57 1600 4940 4.1
57 1800 5760 0.6
58 0 0 0.6
58 200 120 4.1
58 400 940 4
58 600 1740 2.5
58 800 2240 4.6
58 1000 3160 4.2
58 1200 4000 0.8
58 1400 4160 3.9
58 1600 4940 4.1
58 1800 5760 0.6
59 0 0 0.6
59 200 120 4.1
59 400 940 4
59 600 1740 2.5
59 800 2240 4.6
59 1000 3160 4.2
59 1200 4000 0.8
59 1400 4160 3.9
59 1600 4940 4.1
59 1800 5760 0.6
60 0 0 0.6
60 200 120 4.1
60 400 940 4
60 600 1740 2.5
60 800 2240 4.6
60 1000 3160 4.2
60 1200 4000 0.8
60 1400 4160 3.9
60 1600 4940 4.1
60 1800 5760 0.6
61 0 0 0.6
61 200 120 4.1
61 400 940 4
61 600 1740 2.5
61 800 2240 4.6
61 1000 3160 4.2
61 1200 4000 0.8
61 1400 4160 3.9
61 1600 4940 4.1
61 1800 5760 0.6
62 0 0 0.6
62 200 120 4.1
62 400 940 4
62 600 1740 2.5
62 800 2240 4.6
62 1000 3160 4.2
62 1200 4000 0.8
62 1400 4160 3.9
62 1600 4940 4.1
62 1800 5760 0.6
63 0 0 0.6
63 200 120 4.1
63 400 940 4
63 600 1740 2.5
63 800 2240 4.6
63 1000 3160 4.2
63 1200 4000 0.8
63 1400 4160 3.9
63 1600 4940 4.1
63 1800 5760 0.6
64 0 0 0.6
64 200 120 4.1
64 400 940 4
64 600 1740 2.5
64 800 2240 4.6
64 1000 3160 4.2
64 1200 4000 0.8
64 1400 4160 3.9
64 1600 4940 4.1
64 1800 5760 0.6
65 0 0 0.6
65 200 120 4.1
65 400 940 4
65 600 1740 2.5
65 800 2240 4.6
65 1000 3160 4.2
65 1200 4000 0.8
65 1400 4160 3.9
65 1600 4940 4.1
65 1800 5760 0.6
66 0 0 0.6
66 200 120 4.1
66 400 940 4
66 600 1740 2.5
66 800 2240 4.6
66 1000 3160 4.2
66 1200 4000 0.8
66 1400 4160 3.9
66 1600 4940 4.1
66 1800 5760 0.6
67 0 0 0.6
67 200 120 4.1
67 400 940 4
67 600 1740 2.5
67 800 2240 4.6
67 1000 3160 4.2
67 1200 4000 0.8
67 1400 4160 3.9
67 1600 4940 4.1
67 1800 5760 0.6
68 0 0 0.6
68 200 120 4.1
68 400 940 4
68 600 1740 2.5
68 800 2240 4.6
68 1000 3160 4.2
68 1200 4000 0.8
68 1400 4160 3.9
68 1600 4940 4.1
68 1800 5760 0.6
69 0 0 0.6
69 200 120 4.1
69 400 940 4
69 600 1740 2.5
69 800 2240 4.6
69 1000 3160 4.2
69 1200 4000 0.8
69 1400 4160 3.9
69 1600 4940 4.1
69 1800 5760 0.6
70 0 0 0.6
70 200 120 4.1
70 400 940 4
70 600 1740 2.5
70 800 2240 4.6
70 1000 3160 4.2
70 1200 4000 0.8
70 1400 4160 3.9
70 1600 4940 4.1
70 1800 5760 0.6
71 0 0 0.6
71 200 120 4.1
71 400 940 4
71 600 1740 2.5
71 800 2240 4.6
71 1000 3160 4.2
71 1200 4000 0.8
71 1400 4160 3.9
71 1600 4940 4.1
71 1800 5760 0.6
72 0 0 0.6
72 200 120 4.1
72 400 940 4
72 600 1740 2.5
72 800 2240 4.6
72 1000 3160 4.2
72 1200 4000 0.8
72 1400 4160 3.9
72 1600 4940 4.1
72 1800 5760 0.6
73 0 0 0.6
73 200 120 4.1
73 400 940 4
73 600 1740 2.5
73 800 2240 4.6
73 1000 3160 4.2
73 1200 4000 0.8
73 1400 4160 3.9
73 1600 4940 4.1
73 1800 5760 0.6
74 0 0 0.6
74 200 120 4.1
74 400 940 4
74 600 1740 2.5
74 800 2240 4.6
74 1000 3160 4.2
74 1200 4000 0.8
74 1400 4160 3.9
74 1600 4940 4.1
74 1800 5760 0.6
75 0 0 0.6
75 200 120 4.1
75 400 940 4
75 600 1740 2.5
75 800 2240 4.6
75 1000 3160 4.2
75 1200 4000 0.8
75 1400 4160 3.9
75 1600 4940 4.1
75 1800 5760 0.6
76 0 0 0.6
76 200 120 4.1
76 400 940 4
76 600 1740 2.5
76 800 2240 4.6
76 1000 3160 4.2
76 1200 4000 0.8
76 1400 4160 3.9
76 1600 4940 4.1
76 1800 5760 0.6
77 0 0 0.6
77 200 120 4.1
77 400 940 4
77 600 1740 2.5
77 800 2240 4.6
77 1000 3160 4.2
77 1200 4000 0.8
77 1400 4160 3.9
77 1600 4940 4.1
77 1800 5760 0.6
78 0 0 0.6
78 200 120 4.1
78 400 940 4
78 600 1740 2.5
78 800 2240 4.6
78 1000 3160 4.2
78 1200 4000 0.8
78 1400 4160 3.9
78 1600 4940 4.1
78 1800 5760 0.6
79 0 0 0.6
79 200 120 4.1
79 400 940 4
79 600 1740 2.5
79 800 2240 4.6
79 1000 3160 4.2
79 1200 4000 0.8
79 1400 4160 3.9
79 1600 4940 4.1
79 1800 5760 0.6
80 0 0 0.6
80 200 120 4.1
80 400 940 4
80 600 1740 2.5
80 800 2240 4.6
80 1000 3160 4.2
80 1200 4000 0.8
80 1400 4160 3.9
80 1600 4940 4.1
80 1800 5760 0.6
81 0 0 0.6
81 200 120 4.1
81 400 940 4
81 600 1740 2.5
81 800 2240 4.6
81 1000 3160 4.2
81 1200 4000 0.8
81 1400 4160 3.9
81 1600 4940 4.1
81 1800 5760 0.6
82 0 0 0.6
82 200 120 4.1
82 400 940 4
82 600 1740 2.5
82 800 2240 4.6
82 1000 3160 4.2
82 1200 4000 0.8
82 1400 4160 3.9
82 1600 4940 4.1
82 1800 5760 0.6
83 0 0 0.6
83 200 120 4.1
83 400 940 4
83 600 1740 2.5
83 800 2240 4.6
83 1000 3160 4.2
83 1200 4000 0.8
83 1400 4160 3.9
83 1600 4940 4.1
83 1800 5760 0.6
84 0 0 0.6
84 200 120 4.1
84 400 940 4
84 600 1740 2.5
84 800 2240 4.6
84 1000 3160 4.2
84 1200 4000 0.8
84 1400 4160 3.9
84 1600 4940 4.1
84 1800 5760 0.6
85 0 0 0.6
85 200 120 4.1
85 400 940 4
85 600 1740 2.5
85 800 2240 4.6
85 1000 3160 4.2
85 1200 4000 0.8
85 1400 4160 3.9
85 1600 4940 4.1
85 1800 5760 0.6
86 0 0 0.6
86 200 120 4.1
86 400 940 4
86 600 1740 2.5
86 800 2240 4.6
86 1000 3160 4.2
86 1200 4000 0.8
86 1400 4160 3.9
86 1600 4940 4.1
86 1800 5760 0.6
87 0 0 0.6
87 200 120 4.1
87 400 940 4
87 600 1740 2.5
87 800 2240 4.6
87 1000 3160 4.2
87 1200 4000 0.8
87 1400 4160 3.9
87 1600 4940 4.1
87 1800 5760 0.6
88 0 0 0.6
88 200 120 4.1
88 400 940 4
88 600 1740 2.5
88 800 2240 4.6
88 1000 3160 4.2
88 1200 4000 0.8
88 1400 4160 3.9
88 1600 4940 4.1
88 1800 5760 0.6
89 0 0 0.6
89 200 120 4.1
89 400 940 4
89 600 1740 2.5
89 800 2240 4.6
89 1000 3160 4.2
89 1200 4000 0.8
89 1400 4160 3.9
89 1600 4940 4.1
89 1800 5760 0.6
90 0 0 0.6
90 200 120 4.1
90 400 940 4
90 600 1740 2.5
90 800 2240 4.6
90 1000 3160 4.2
90 1200 4000 0.8
90 1400 4160 3.9
90 1600 4940 4.1
90 1800 5760 0.6
91 0 0 0.6
91 200 120 4.1
91 400 940 4
91 600 1740 2.5
91 800 2240 4.6
91 1000 3160 4.2
91 1200 4000 0.8
91 1400 4160 3.9
91 1600 4940 4.1
91 1800 5760 0.6
92 0 0 0.6
92 200 120 4.1
92 400 940 4
92 600 1740 2.5
92 800 2240 4.6
92 1000 3160 4.2
92 1200 4000 0.8
92 1400 4160 3.9
92 1600 4940 4.1
92 1800 5760 0.6
93 0 0 0.6
93 200 120 4.1
93 400 940 4
93 600 1740 2.5
93 800 2240 4.6
93 1000 3160 4.2
93 1200 4000 0.8
93 1400 4160 3.9
93 1600 4940 4.1
93 1800 5760 0.6
94 0 0 0.6
94 200 120 4.1
94 400 940 4
94 600 1740 2.5
94 800 2240 4.6
94 1000 3160 4.2
94 1200 4000 0.8
94 1400 4160 3.9
94 1600 4940 4.1
94 1800 5760 0.6
95 0 0 0.6
95 200 120 4.1
95 400 940 4
95 600 1740 2.5
95 800 2240 4.6
95 1000 3160 4.2
95 1200 4000 0.8
95 1400 4160 3.9
95 1600 4940 4.1
95 1800 5760 0.6
96 0 0 0.6
96 200 120 4.1
96 400 940 4
96 600 1740 2.5
96 800 2240 4.6
96 1000 3160 4.2
96 1200 4000 0.8
96 1400 4160 3.9
96 1600 4940 4.1
96 1800 5760 0.6
97 0 0 0.6
97 200 120 4.1
97 400 940 4
97 600 1740 2.5
97 800 2240 4.6
97 1000 3160 4.2
97 1200 4000 0.8
97 1400 4160 3.9
97 1600 4940 4.1
97 1800 5760 0.6
98 0 0 0.6
98 200 120 4.1
98 400 940 4
98 600 1740 2.5
98 800 2240 4.6
98 1000 3160 4.2
98 1200 4000 0.8
98 1400 4160 3.9
98 1600 4940 4.1
98 1800 5760 0.6
99 0 0 0.6
99 200 120 4.1
99 400 940 4
99 600 1740 2.5
99 800 2240 4.6
99 1000 3160 4.2
99 1200 4000 0.8
99 1400 4160 3.9
99 1600 4940 4.1
99 1800 5760 0.6
