100 4
0 0 0 1.3
0 25 32.5 3.5
0 50 120 3.6
0 75 210 2.9
1 0 0 1.3
1 25 32.5 3.5
1 50 120 3.6
1 75 210 2.9
2 0 0 1.3
2 25 32.5 3.5
2 50 120 3.6
2 75 210 2.9
3 0 0 1.3
3 25 32.5 3.5
3 50 120 3.6
3 75 210 2.9
4 0 0 1.3
4 25 32.5 3.5
4 50 120 3.6
4 75 210 2.9
5 0 0 1.3
5 25 32.5 3.5
5 50 120 3.6
5 75 210 2.9
6 0 0 1.3
6 25 32.5 3.5
6 50 120 3.6
6 75 210 2.9
7 0 0 1.3
7 25 32.5 3.5
7 50 120 3.6
7 75 210 2.9
8 0 0 1.3
8 25 32.5 3.5
8 50 120 3.6
8 75 210 2.9
9 0 0 1.3
9 25 32.5 3.5
9 50 120 3.6
9 75 210 2.9
10 0 0 1.3
10 25 32.5 3.5
10 50 120 3.6
10 75 210 2.9
11 0 0 1.3
11 25 32.5 3.5
11 50 120 3.6
11 75 210 2.9
12 0 0 1.3
12 25 32.5 3.5
12 50 120 3.6
12 75 210 2.9
13 0 0 1.3
13 25 32.5 3.5
13 50 120 3.6
13 75 210 2.9
14 0 0 1.3
14 25 32.5 3.5
14 50 120 3.6
14 75 210 2.9
15 0 0 1.3
15 25 32.5 3.5
15 50 120 3.6
15 75 210 2.9
16 0 0 1.3
16 25 32.5 3.5
16 50 120 3.6
16 75 210 2.9
17 0 0 1.3
17 25 32.5 3.5
17 50 120 3.6
17 75 210 2.9
18 0 0 1.3
18 25 32.5 3.5
18 50 120 3.6
18 75 210 2.9
19 0 0 1.3
19 25 32.5 3.5
19 50 120 3.6
19 75 210 2.9
20 0 0 1.3
20 25 32.5 3.5
20 50 120 3.6
20 75 210 2.9
21 0 0 1.3
21 25 32.5 3.5
21 50 120 3.6
21 75 210 2.9
22 0 0 1.3
22 25 32.5 3.5
22 50 120 3.6
22 75 210 2.9
23 0 0 1.3
23 25 32.5 3.5
23 50 120 3.6
23 75 210 2.9
24 0 0 1.3
24 25 32.5 3.5
24 50 120 3.6
24 75 210 2.9
25 0 0 1.3
25 25 32.5 3.5
25 50 120 3.6
25 75 210 2.9
26 0 0 1.3
26 25 32.5 3.5
26 50 120 3.6
26 75 210 2.9
27 0 0 1.3
27 25 32.5 3.5
27 50 120 3.6
27 75 210 2.9
28 0 0 1.3
28 25 32.5 3.5
28 50 120 3.6
28 75 210 2.9
29 0 0 1.3
29 25 32.5 3.5
29 50 120 3.6
29 75 210 2.9
30 0 0 1.3
30 25 32.5 3.5
30 50 120 3.6
30 75 210 2.9
31 0 0 1.3
31 25 32.5 3.5
31 50 120 3.6
31 75 210 2.9
32 0 0 1.3
32 25 32.5 3.5
32 50 120 3.6
32 75 210 2.9
33 0 0 1.3
33 25 32.5 3.5
33 50 120 3.6
33 75 210 2.9
34 0 0 1.3
34 25 32.5 3.5
34 50 120 3.6
34 75 210 2.9
35 0 0 1.3
35 25 32.5 3.5
35 50 120 3.6
35 75 210 2.9
36 0 0 1.3
36 25 32.5 3.5
36 50 120 3.6
36 75 210 2.9
37 0 0 1.3
37 25 32.5 3.5
37 50 120 3.6
37 75 210 2.9
38 0 0 1.3
38 25 32.5 3.5
38 50 120 3.6
38 75 210 2.9
39 0 0 1.3
39 25 32.5 3.5
39 50 120 3.6
39 75 210 2.9
40 0 0 1.3
40 25 32.5 3.5
40 50 120 3.6
40 75 210 2.9
41 0 0 1.3
41 25 32.5 3.5
41 50 120 3.6
41 75 210 2.9
42 0 0 1.3
42 25 32.5 3.5
42 50 120 3.6
42 75 210 2.9
43 0 0 1.3
43 25 32.5 3.5
43 50 120 3.6
43 75 210 2.9
44 0 0 1.3
44 25 32.5 3.5
44 50 120 3.6
44 75 210 2.9
45 0 0 1.3
45 25 32.5 3.5
45 50 120 3.6
45 75 210 2.9
46 0 0 1.3
46 25 32.5 3.5
46 50 120 3.6
46 75 210 2.9
47 0 0 1.3
47 25 32.5 3.5
47 50 120 3.6
47 75 210 2.9
48 0 0 1.3
48 25 32.5 3.5
48 50 120 3.6
48 75 210 2.9
49 0 0 1.3
49 25 32.5 3.5
49 50 120 3.6
49 75 210 2.9
50 0 0 1.3
50 25 32.5 3.5
50 50 120 3.6
50 75 210 2.9
51 0 0 1.3
51 25 32.5 3.5
51 50 120 3.6
51 75 210 2.9
52 0 0 1.3
52 25 32.5 3.5
52 50 120 3.6
52 75 210 2.9
53 0 0 1.3
53 25 32.5 3.5
53 50 120 3.6
53 75 210 2.9
54 0 0 1.3
54 25 32.5 3.5
54 50 120 3.6
54 75 210 2.9
55 0 0 1.3
55 25 32.5 3.5
55 50 120 3.6
55 75 210 2.9
56 0 0 1.3
56 25 32.5 3.5
56 50 120 3.6
56 75 210 2.9
57 0 0 1.3
57 25 32.5 3.5
57 50 120 3.6
57 75 210 2.9
58 0 0 1.3
58 25 32.5 3.5
58 50 120 3.6
58 75 210 2.9
59 0 0 1.3
59 25 32.5 3.5
59 50 120 3.6
59 75 210 2.9
60 0 0 1.3
60 25 32.5 3.5
60 50 120 3.6
60 75 210 2.9
61 0 0 1.3
61 25 32.5 3.5
61 50 120 3.6
61 75 210 2.9
62 0 0 1.3
62 25 32.5 3.5
62 50 120 3.6
62 75 210 2.9
63 0 0 1.3
63 25 32.5 3.5
63 50 120 3.6
63 75 210 2.9
64 0 0 1.3
64 25 32.5 3.5
64 50 120 3.6
64 75 210 2.9
65 0 0 1.3
65 25 32.5 3.5
65 50 120 3.6
65 75 210 2.9
66 0 0 1.3
66 25 32.5 3.5
66 50 120 3.6
66 75 210 2.9
67 0 0 1.3
67 25 32.5 3.5
67 50 120 3.6
67 75 210 2.9
68 0 0 1.3
68 25 32.5 3.5
68 50 120 3.6
68 75 210 2.9
69 0 0 1.3
69 25 32.5 3.5
69 50 120 3.6
69 75 210 2.9
70 0 0 1.3
70 25 32.5 3.5
70 50 120 3.6
70 75 210 2.9
71 0 0 1.3
71 25 32.5 3.5
71 50 120 3.6
71 75 210 2.9
72 0 0 1.3
72 25 32.5 3.5
72 50 120 3.6
72 75 210 2.9
73 0 0 1.3
73 25 32.5 3.5
73 50 120 3.6
73 75 210 2.9
74 0 0 1.3
74 25 32.5 3.5
74 50 120 3.6
74 75 210 2.9
75 0 0 1.3
75 25 32.5 3.5
75 50 120 3.6
75 75 210 2.9
76 0 0 1.3
76 25 32.5 3.5
76 50 120 3.6
76 75 210 2.9
77 0 0 1.3
77 25 32.5 3.5
77 50 120 3.6
77 75 210 2.9
78 0 0 1.3
78 25 32.5 3.5
78 50 120 3.6
78 75 210 2.9
79 0 0 1.3
79 25 32.5 3.5
79 50 120 3.6
79 75 210 2.9
80 0 0 1.3
80 25 32.5 3.5
80 50 120 3.6
80 75 210 2.9
81 0 0 1.3
81 25 32.5 3.5
81 50 120 3.6
81 75 210 2.9
82 0 0 1.3
82 25 32.5 3.5
82 50 120 3.6
82 75 210 2.9
83 0 0 1.3
83 25 32.5 3.5
83 50 120 3.6
83 75 210 2.9
84 0 0 1.3
84 25 32.5 3.5
84 50 120 3.6
84 75 210 2.9
85 0 0 1.3
85 25 32.5 3.5
85 50 120 3.6
85 75 210 2.9
86 0 0 1.3
86 25 32.5 3.5
86 50 120 3.6
86 75 210 2.9
87 0 0 1.3
87 25 32.5 3.5
87 50 120 3.6
87 75 210 2.9
88 0 0 1.3
88 25 32.5 3.5
88 50 120 3.6
88 75 210 2.9
89 0 0 1.3
89 25 32.5 3.5
89 50 120 3.6
89 75 210 2.9
90 0 0 1.3
90 25 32.5 3.5
90 50 120 3.6
90 75 210 2.9
91 0 0 1.3
91 25 32.5 3.5
91 50 120 3.6
91 75 210 2.9
92 0 0 1.3
92 25 32.5 3.5
92 50 120 3.6
92 75 210 2.9
93 0 0 1.3
93 25 32.5 3.5
93 50 120 3.6
93 75 210 2.9
94 0 0 1.3
94 25 32.5 3.5
94 50 120 3.6
94 75 210 2.9
95 0 0 1.3
95 25 32.5 3.5
95 50 120 3.6
95 75 210 2.9
96 0 0 1.3
96 25 32.5 3.5
96 50 120 3.6
96 75 210 2.9
97 0 0 1.3
97 25 32.5 3.5
97 50 120 3.6
97 75 210 2.9
98 0 0 1.3
98 25 32.5 3.5
98 50 120 3.6
98 75 210 2.9
99 0 0 1.3
99 25 32.5 3.5
99 50 120 3.6
99 75 210 2.9
