500 10
0 0 0 4.3
0 10 43 4.9
0 20 92 2.8
0 30 120 4.1
0 40 161 1.3
0 50 174 2.3
0 60 197 4.7
0 70 244 1.2
0 80 256 3.4
0 90 290 2.4
1 0 0 4.3
1 10 43 4.9
1 20 92 2.8
1 30 120 4.1
1 40 161 1.3
1 50 174 2.3
1 60 197 4.7
1 70 244 1.2
1 80 256 3.4
1 90 290 2.4
2 0 0 4.3
2 10 43 4.9
2 20 92 2.8
2 30 120 4.1
2 40 161 1.3
2 50 174 2.3
2 60 197 4.7
2 70 244 1.2
2 80 256 3.4
2 90 290 2.4
3 0 0 4.3
3 10 43 4.9
3 20 92 2.8
3 30 120 4.1
3 40 161 1.3
3 50 174 2.3
3 60 197 4.7
3 70 244 1.2
3 80 256 3.4
3 90 290 2.4
4 0 0 4.3
4 10 43 4.9
4 20 92 2.8
4 30 120 4.1
4 40 161 1.3
4 50 174 2.3
4 60 197 4.7
4 70 244 1.2
4 80 256 3.4
4 90 290 2.4
5 0 0 4.3
5 10 43 4.9
5 20 92 2.8
5 30 120 4.1
5 40 161 1.3
5 50 174 2.3
5 60 197 4.7
5 70 244 1.2
5 80 256 3.4
5 90 290 2.4
6 0 0 4.3
6 10 43 4.9
6 20 92 2.8
6 30 120 4.1
6 40 161 1.3
6 50 174 2.3
6 60 197 4.7
6 70 244 1.2
6 80 256 3.4
6 90 290 2.4
7 0 0 4.3
7 10 43 4.9
7 20 92 2.8
7 30 120 4.1
7 40 161 1.3
7 50 174 2.3
7 60 197 4.7
7 70 244 1.2
7 80 256 3.4
7 90 290 2.4
8 0 0 4.3
8 10 43 4.9
8 20 92 2.8
8 30 120 4.1
8 40 161 1.3
8 50 174 2.3
8 60 197 4.7
8 70 244 1.2
8 80 256 3.4
8 90 290 2.4
9 0 0 4.3
9 10 43 4.9
9 20 92 2.8
9 30 120 4.1
9 40 161 1.3
9 50 174 2.3
9 60 197 4.7
9 70 244 1.2
9 80 256 3.4
9 90 290 2.4
10 0 0 4.3
10 10 43 4.9
10 20 92 2.8
10 30 120 4.1
10 40 161 1.3
10 50 174 2.3
10 60 197 4.7
10 70 244 1.2
10 80 256 3.4
10 90 290 2.4
11 0 0 4.3
11 10 43 4.9
11 20 92 2.8
11 30 120 4.1
11 40 161 1.3
11 50 174 2.3
11 60 197 4.7
11 70 244 1.2
11 80 256 3.4
11 90 290 2.4
12 0 0 4.3
12 10 43 4.9
12 20 92 2.8
12 30 120 4.1
12 40 161 1.3
12 50 174 2.3
12 60 197 4.7
12 70 244 1.2
12 80 256 3.4
12 90 290 2.4
13 0 0 4.3
13 10 43 4.9
13 20 92 2.8
13 30 120 4.1
13 40 161 1.3
13 50 174 2.3
13 60 197 4.7
13 70 244 1.2
13 80 256 3.4
13 90 290 2.4
14 0 0 4.3
14 10 43 4.9
14 20 92 2.8
14 30 120 4.1
14 40 161 1.3
14 50 174 2.3
14 60 197 4.7
14 70 244 1.2
14 80 256 3.4
14 90 290 2.4
15 0 0 4.3
15 10 43 4.9
15 20 92 2.8
15 30 120 4.1
15 40 161 1.3
15 50 174 2.3
15 60 197 4.7
15 70 244 1.2
15 80 256 3.4
15 90 290 2.4
16 0 0 4.3
16 10 43 4.9
16 20 92 2.8
16 30 120 4.1
16 40 161 1.3
16 50 174 2.3
16 60 197 4.7
16 70 244 1.2
16 80 256 3.4
16 90 290 2.4
17 0 0 4.3
17 10 43 4.9
17 20 92 2.8
17 30 120 4.1
17 40 161 1.3
17 50 174 2.3
17 60 197 4.7
17 70 244 1.2
17 80 256 3.4
17 90 290 2.4
18 0 0 4.3
18 10 43 4.9
18 20 92 2.8
18 30 120 4.1
18 40 161 1.3
18 50 174 2.3
18 60 197 4.7
18 70 244 1.2
18 80 256 3.4
18 90 290 2.4
19 0 0 4.3
19 10 43 4.9
19 20 92 2.8
19 30 120 4.1
19 40 161 1.3
19 50 174 2.3
19 60 197 4.7
19 70 244 1.2
19 80 256 3.4
19 90 290 2.4
20 0 0 4.3
20 10 43 4.9
20 20 92 2.8
20 30 120 4.1
20 40 161 1.3
20 50 174 2.3
20 60 197 4.7
20 70 244 1.2
20 80 256 3.4
20 90 290 2.4
21 0 0 4.3
21 10 43 4.9
21 20 92 2.8
21 30 120 4.1
21 40 161 1.3
21 50 174 2.3
21 60 197 4.7
21 70 244 1.2
21 80 256 3.4
21 90 290 2.4
22 0 0 4.3
22 10 43 4.9
22 20 92 2.8
22 30 120 4.1
22 40 161 1.3
22 50 174 2.3
22 60 197 4.7
22 70 244 1.2
22 80 256 3.4
22 90 290 2.4
23 0 0 4.3
23 10 43 4.9
23 20 92 2.8
23 30 120 4.1
23 40 161 1.3
23 50 174 2.3
23 60 197 4.7
23 70 244 1.2
23 80 256 3.4
23 90 290 2.4
24 0 0 4.3
24 10 43 4.9
24 20 92 2.8
24 30 120 4.1
24 40 161 1.3
24 50 174 2.3
24 60 197 4.7
24 70 244 1.2
24 80 256 3.4
24 90 290 2.4
25 0 0 4.3
25 10 43 4.9
25 20 92 2.8
25 30 120 4.1
25 40 161 1.3
25 50 174 2.3
25 60 197 4.7
25 70 244 1.2
25 80 256 3.4
25 90 290 2.4
26 0 0 4.3
26 10 43 4.9
26 20 92 2.8
26 30 120 4.1
26 40 161 1.3
26 50 174 2.3
26 60 197 4.7
26 70 244 1.2
26 80 256 3.4
26 90 290 2.4
27 0 0 4.3
27 10 43 4.9
27 20 92 2.8
27 30 120 4.1
27 40 161 1.3
27 50 174 2.3
27 60 197 4.7
27 70 244 1.2
27 80 256 3.4
27 90 290 2.4
28 0 0 4.3
28 10 43 4.9
28 20 92 2.8
28 30 120 4.1
28 40 161 1.3
28 50 174 2.3
28 60 197 4.7
28 70 244 1.2
28 80 256 3.4
28 90 290 2.4
29 0 0 4.3
29 10 43 4.9
29 20 92 2.8
29 30 120 4.1
29 40 161 1.3
29 50 174 2.3
29 60 197 4.7
29 70 244 1.2
29 80 256 3.4
29 90 290 2.4
30 0 0 4.3
30 10 43 4.9
30 20 92 2.8
30 30 120 4.1
30 40 161 1.3
30 50 174 2.3
30 60 197 4.7
30 70 244 1.2
30 80 256 3.4
30 90 290 2.4
31 0 0 4.3
31 10 43 4.9
31 20 92 2.8
31 30 120 4.1
31 40 161 1.3
31 50 174 2.3
31 60 197 4.7
31 70 244 1.2
31 80 256 3.4
31 90 290 2.4
32 0 0 4.3
32 10 43 4.9
32 20 92 2.8
32 30 120 4.1
32 40 161 1.3
32 50 174 2.3
32 60 197 4.7
32 70 244 1.2
32 80 256 3.4
32 90 290 2.4
33 0 0 4.3
33 10 43 4.9
33 20 92 2.8
33 30 120 4.1
33 40 161 1.3
33 50 174 2.3
33 60 197 4.7
33 70 244 1.2
33 80 256 3.4
33 90 290 2.4
34 0 0 4.3
34 10 43 4.9
34 20 92 2.8
34 30 120 4.1
34 40 161 1.3
34 50 174 2.3
34 60 197 4.7
34 70 244 1.2
34 80 256 3.4
34 90 290 2.4
35 0 0 4.3
35 10 43 4.9
35 20 92 2.8
35 30 120 4.1
35 40 161 1.3
35 50 174 2.3
35 60 197 4.7
35 70 244 1.2
35 80 256 3.4
35 90 290 2.4
36 0 0 4.3
36 10 43 4.9
36 20 92 2.8
36 30 120 4.1
36 40 161 1.3
36 50 174 2.3
36 60 197 4.7
36 70 244 1.2
36 80 256 3.4
36 90 290 2.4
37 0 0 4.3
37 10 43 4.9
37 20 92 2.8
37 30 120 4.1
37 40 161 1.3
37 50 174 2.3
37 60 197 4.7
37 70 244 1.2
37 80 256 3.4
37 90 290 2.4
38 0 0 4.3
38 10 43 4.9
38 20 92 2.8
38 30 120 4.1
38 40 161 1.3
38 50 174 2.3
38 60 197 4.7
38 70 244 1.2
38 80 256 3.4
38 90 290 2.4
39 0 0 4.3
39 10 43 4.9
39 20 92 2.8
39 30 120 4.1
39 40 161 1.3
39 50 174 2.3
39 60 197 4.7
39 70 244 1.2
39 80 256 3.4
39 90 290 2.4
40 0 0 4.3
40 10 43 4.9
40 20 92 2.8
40 30 120 4.1
40 40 161 1.3
40 50 174 2.3
40 60 197 4.7
40 70 244 1.2
40 80 256 3.4
40 90 290 2.4
41 0 0 4.3
41 10 43 4.9
41 20 92 2.8
41 30 120 4.1
41 40 161 1.3
41 50 174 2.3
41 60 197 4.7
41 70 244 1.2
41 80 256 3.4
41 90 290 2.4
42 0 0 4.3
42 10 43 4.9
42 20 92 2.8
42 30 120 4.1
42 40 161 1.3
42 50 174 2.3
42 60 197 4.7
42 70 244 1.2
42 80 256 3.4
42 90 290 2.4
43 0 0 4.3
43 10 43 4.9
43 20 92 2.8
43 30 120 4.1
43 40 161 1.3
43 50 174 2.3
43 60 197 4.7
43 70 244 1.2
43 80 256 3.4
43 90 290 2.4
44 0 0 4.3
44 10 43 4.9
44 20 92 2.8
44 30 120 4.1
44 40 161 1.3
44 50 174 2.3
44 60 197 4.7
44 70 244 1.2
44 80 256 3.4
44 90 290 2.4
45 0 0 4.3
45 10 43 4.9
45 20 92 2.8
45 30 120 4.1
45 40 161 1.3
45 50 174 2.3
45 60 197 4.7
45 70 244 1.2
45 80 256 3.4
45 90 290 2.4
46 0 0 4.3
46 10 43 4.9
46 20 92 2.8
46 30 120 4.1
46 40 161 1.3
46 50 174 2.3
46 60 197 4.7
46 70 244 1.2
46 80 256 3.4
46 90 290 2.4
47 0 0 4.3
47 10 43 4.9
47 20 92 2.8
47 30 120 4.1
47 40 161 1.3
47 50 174 2.3
47 60 197 4.7
47 70 244 1.2
47 80 256 3.4
47 90 290 2.4
48 0 0 4.3
48 10 43 4.9
48 20 92 2.8
48 30 120 4.1
48 40 161 1.3
48 50 174 2.3
48 60 197 4.7
48 70 244 1.2
48 80 256 3.4
48 90 290 2.4
49 0 0 4.3
49 10 43 4.9
49 20 92 2.8
49 30 120 4.1
49 40 161 1.3
49 50 174 2.3
49 60 197 4.7
49 70 244 1.2
49 80 256 3.4
49 90 290 2.4
50 0 0 4.3
50 10 43 4.9
50 20 92 2.8
50 30 120 4.1
50 40 161 1.3
50 50 174 2.3
50 60 197 4.7
50 70 244 1.2
50 80 256 3.4
50 90 290 2.4
51 0 0 4.3
51 10 43 4.9
51 20 92 2.8
51 30 120 4.1
51 40 161 1.3
51 50 174 2.3
51 60 197 4.7
51 70 244 1.2
51 80 256 3.4
51 90 290 2.4
52 0 0 4.3
52 10 43 4.9
52 20 92 2.8
52 30 120 4.1
52 40 161 1.3
52 50 174 2.3
52 60 197 4.7
52 70 244 1.2
52 80 256 3.4
52 90 290 2.4
53 0 0 4.3
53 10 43 4.9
53 20 92 2.8
53 30 120 4.1
53 40 161 1.3
53 50 174 2.3
53 60 197 4.7
53 70 244 1.2
53 80 256 3.4
53 90 290 2.4
54 0 0 4.3
54 10 43 4.9
54 20 92 2.8
54 30 120 4.1
54 40 161 1.3
54 50 174 2.3
54 60 197 4.7
54 70 244 1.2
54 80 256 3.4
54 90 290 2.4
55 0 0 4.3
55 10 43 4.9
55 20 92 2.8
55 30 120 4.1
55 40 161 1.3
55 50 174 2.3
55 60 197 4.7
55 70 244 1.2
55 80 256 3.4
55 90 290 2.4
56 0 0 4.3
56 10 43 4.9
56 20 92 2.8
56 30 120 4.1
56 40 161 1.3
56 50 174 2.3
56 60 197 4.7
56 70 244 1.2
56 80 256 3.4
56 90 290 2.4
57 0 0 4.3
57 10 43 4.9
57 20 92 2.8
57 30 120 4.1
57 40 161 1.3
57 50 174 2.3
57 60 197 4.7
57 70 244 1.2
57 80 256 3.4
57 90 290 2.4
58 0 0 4.3
58 10 43 4.9
58 20 92 2.8
58 30 120 4.1
58 40 161 1.3
58 50 174 2.3
58 60 197 4.7
58 70 244 1.2
58 80 256 3.4
58 90 290 2.4
59 0 0 4.3
59 10 43 4.9
59 20 92 2.8
59 30 120 4.1
59 40 161 1.3
59 50 174 2.3
59 60 197 4.7
59 70 244 1.2
59 80 256 3.4
59 90 290 2.4
60 0 0 4.3
60 10 43 4.9
60 20 92 2.8
60 30 120 4.1
60 40 161 1.3
60 50 174 2.3
60 60 197 4.7
60 70 244 1.2
60 80 256 3.4
60 90 290 2.4
61 0 0 4.3
61 10 43 4.9
61 20 92 2.8
61 30 120 4.1
61 40 161 1.3
61 50 174 2.3
61 60 197 4.7
61 70 244 1.2
61 80 256 3.4
61 90 290 2.4
62 0 0 4.3
62 10 43 4.9
62 20 92 2.8
62 30 120 4.1
62 40 161 1.3
62 50 174 2.3
62 60 197 4.7
62 70 244 1.2
62 80 256 3.4
62 90 290 2.4
63 0 0 4.3
63 10 43 4.9
63 20 92 2.8
63 30 120 4.1
63 40 161 1.3
63 50 174 2.3
63 60 197 4.7
63 70 244 1.2
63 80 256 3.4
63 90 290 2.4
64 0 0 4.3
64 10 43 4.9
64 20 92 2.8
64 30 120 4.1
64 40 161 1.3
64 50 174 2.3
64 60 197 4.7
64 70 244 1.2
64 80 256 3.4
64 90 290 2.4
65 0 0 4.3
65 10 43 4.9
65 20 92 2.8
65 30 120 4.1
65 40 161 1.3
65 50 174 2.3
65 60 197 4.7
65 70 244 1.2
65 80 256 3.4
65 90 290 2.4
66 0 0 4.3
66 10 43 4.9
66 20 92 2.8
66 30 120 4.1
66 40 161 1.3
66 50 174 2.3
66 60 197 4.7
66 70 244 1.2
66 80 256 3.4
66 90 290 2.4
67 0 0 4.3
67 10 43 4.9
67 20 92 2.8
67 30 120 4.1
67 40 161 1.3
67 50 174 2.3
67 60 197 4.7
67 70 244 1.2
67 80 256 3.4
67 90 290 2.4
68 0 0 4.3
68 10 43 4.9
68 20 92 2.8
68 30 120 4.1
68 40 161 1.3
68 50 174 2.3
68 60 197 4.7
68 70 244 1.2
68 80 256 3.4
68 90 290 2.4
69 0 0 4.3
69 10 43 4.9
69 20 92 2.8
69 30 120 4.1
69 40 161 1.3
69 50 174 2.3
69 60 197 4.7
69 70 244 1.2
69 80 256 3.4
69 90 290 2.4
70 0 0 4.3
70 10 43 4.9
70 20 92 2.8
70 30 120 4.1
70 40 161 1.3
70 50 174 2.3
70 60 197 4.7
70 70 244 1.2
70 80 256 3.4
70 90 290 2.4
71 0 0 4.3
71 10 43 4.9
71 20 92 2.8
71 30 120 4.1
71 40 161 1.3
71 50 174 2.3
71 60 197 4.7
71 70 244 1.2
71 80 256 3.4
71 90 290 2.4
72 0 0 4.3
72 10 43 4.9
72 20 92 2.8
72 30 120 4.1
72 40 161 1.3
72 50 174 2.3
72 60 197 4.7
72 70 244 1.2
72 80 256 3.4
72 90 290 2.4
73 0 0 4.3
73 10 43 4.9
73 20 92 2.8
73 30 120 4.1
73 40 161 1.3
73 50 174 2.3
73 60 197 4.7
73 70 244 1.2
73 80 256 3.4
73 90 290 2.4
74 0 0 4.3
74 10 43 4.9
74 20 92 2.8
74 30 120 4.1
74 40 161 1.3
74 50 174 2.3
74 60 197 4.7
74 70 244 1.2
74 80 256 3.4
74 90 290 2.4
75 0 0 4.3
75 10 43 4.9
75 20 92 2.8
75 30 120 4.1
75 40 161 1.3
75 50 174 2.3
75 60 197 4.7
75 70 244 1.2
75 80 256 3.4
75 90 290 2.4
76 0 0 4.3
76 10 43 4.9
76 20 92 2.8
76 30 120 4.1
76 40 161 1.3
76 50 174 2.3
76 60 197 4.7
76 70 244 1.2
76 80 256 3.4
76 90 290 2.4
77 0 0 4.3
77 10 43 4.9
77 20 92 2.8
77 30 120 4.1
77 40 161 1.3
77 50 174 2.3
77 60 197 4.7
77 70 244 1.2
77 80 256 3.4
77 90 290 2.4
78 0 0 4.3
78 10 43 4.9
78 20 92 2.8
78 30 120 4.1
78 40 161 1.3
78 50 174 2.3
78 60 197 4.7
78 70 244 1.2
78 80 256 3.4
78 90 290 2.4
79 0 0 4.3
79 10 43 4.9
79 20 92 2.8
79 30 120 4.1
79 40 161 1.3
79 50 174 2.3
79 60 197 4.7
79 70 244 1.2
79 80 256 3.4
79 90 290 2.4
80 0 0 4.3
80 10 43 4.9
80 20 92 2.8
80 30 120 4.1
80 40 161 1.3
80 50 174 2.3
80 60 197 4.7
80 70 244 1.2
80 80 256 3.4
80 90 290 2.4
81 0 0 4.3
81 10 43 4.9
81 20 92 2.8
81 30 120 4.1
81 40 161 1.3
81 50 174 2.3
81 60 197 4.7
81 70 244 1.2
81 80 256 3.4
81 90 290 2.4
82 0 0 4.3
82 10 43 4.9
82 20 92 2.8
82 30 120 4.1
82 40 161 1.3
82 50 174 2.3
82 60 197 4.7
82 70 244 1.2
82 80 256 3.4
82 90 290 2.4
83 0 0 4.3
83 10 43 4.9
83 20 92 2.8
83 30 120 4.1
83 40 161 1.3
83 50 174 2.3
83 60 197 4.7
83 70 244 1.2
83 80 256 3.4
83 90 290 2.4
84 0 0 4.3
84 10 43 4.9
84 20 92 2.8
84 30 120 4.1
84 40 161 1.3
84 50 174 2.3
84 60 197 4.7
84 70 244 1.2
84 80 256 3.4
84 90 290 2.4
85 0 0 4.3
85 10 43 4.9
85 20 92 2.8
85 30 120 4.1
85 40 161 1.3
85 50 174 2.3
85 60 197 4.7
85 70 244 1.2
85 80 256 3.4
85 90 290 2.4
86 0 0 4.3
86 10 43 4.9
86 20 92 2.8
86 30 120 4.1
86 40 161 1.3
86 50 174 2.3
86 60 197 4.7
86 70 244 1.2
86 80 256 3.4
86 90 290 2.4
87 0 0 4.3
87 10 43 4.9
87 20 92 2.8
87 30 120 4.1
87 40 161 1.3
87 50 174 2.3
87 60 197 4.7
87 70 244 1.2
87 80 256 3.4
87 90 290 2.4
88 0 0 4.3
88 10 43 4.9
88 20 92 2.8
88 30 120 4.1
88 40 161 1.3
88 50 174 2.3
88 60 197 4.7
88 70 244 1.2
88 80 256 3.4
88 90 290 2.4
89 0 0 4.3
89 10 43 4.9
89 20 92 2.8
89 30 120 4.1
89 40 161 1.3
89 50 174 2.3
89 60 197 4.7
89 70 244 1.2
89 80 256 3.4
89 90 290 2.4
90 0 0 4.3
90 10 43 4.9
90 20 92 2.8
90 30 120 4.1
90 40 161 1.3
90 50 174 2.3
90 60 197 4.7
90 70 244 1.2
90 80 256 3.4
90 90 290 2.4
91 0 0 4.3
91 10 43 4.9
91 20 92 2.8
91 30 120 4.1
91 40 161 1.3
91 50 174 2.3
91 60 197 4.7
91 70 244 1.2
91 80 256 3.4
91 90 290 2.4
92 0 0 4.3
92 10 43 4.9
92 20 92 2.8
92 30 120 4.1
92 40 161 1.3
92 50 174 2.3
92 60 197 4.7
92 70 244 1.2
92 80 256 3.4
92 90 290 2.4
93 0 0 4.3
93 10 43 4.9
93 20 92 2.8
93 30 120 4.1
93 40 161 1.3
93 50 174 2.3
93 60 197 4.7
93 70 244 1.2
93 80 256 3.4
93 90 290 2.4
94 0 0 4.3
94 10 43 4.9
94 20 92 2.8
94 30 120 4.1
94 40 161 1.3
94 50 174 2.3
94 60 197 4.7
94 70 244 1.2
94 80 256 3.4
94 90 290 2.4
95 0 0 4.3
95 10 43 4.9
95 20 92 2.8
95 30 120 4.1
95 40 161 1.3
95 50 174 2.3
95 60 197 4.7
95 70 244 1.2
95 80 256 3.4
95 90 290 2.4
96 0 0 4.3
96 10 43 4.9
96 20 92 2.8
96 30 120 4.1
96 40 161 1.3
96 50 174 2.3
96 60 197 4.7
96 70 244 1.2
96 80 256 3.4
96 90 290 2.4
97 0 0 4.3
97 10 43 4.9
97 20 92 2.8
97 30 120 4.1
97 40 161 1.3
97 50 174 2.3
97 60 197 4.7
97 70 244 1.2
97 80 256 3.4
97 90 290 2.4
98 0 0 4.3
98 10 43 4.9
98 20 92 2.8
98 30 120 4.1
98 40 161 1.3
98 50 174 2.3
98 60 197 4.7
98 70 244 1.2
98 80 256 3.4
98 90 290 2.4
99 0 0 4.3
99 10 43 4.9
99 20 92 2.8
99 30 120 4.1
99 40 161 1.3
99 50 174 2.3
99 60 197 4.7
99 70 244 1.2
99 80 256 3.4
99 90 290 2.4
100 0 0 4.3
100 10 43 4.9
100 20 92 2.8
100 30 120 4.1
100 40 161 1.3
100 50 174 2.3
100 60 197 4.7
100 70 244 1.2
100 80 256 3.4
100 90 290 2.4
101 0 0 4.3
101 10 43 4.9
101 20 92 2.8
101 30 120 4.1
101 40 161 1.3
101 50 174 2.3
101 60 197 4.7
101 70 244 1.2
101 80 256 3.4
101 90 290 2.4
102 0 0 4.3
102 10 43 4.9
102 20 92 2.8
102 30 120 4.1
102 40 161 1.3
102 50 174 2.3
102 60 197 4.7
102 70 244 1.2
102 80 256 3.4
102 90 290 2.4
103 0 0 4.3
103 10 43 4.9
103 20 92 2.8
103 30 120 4.1
103 40 161 1.3
103 50 174 2.3
103 60 197 4.7
103 70 244 1.2
103 80 256 3.4
103 90 290 2.4
104 0 0 4.3
104 10 43 4.9
104 20 92 2.8
104 30 120 4.1
104 40 161 1.3
104 50 174 2.3
104 60 197 4.7
104 70 244 1.2
104 80 256 3.4
104 90 290 2.4
105 0 0 4.3
105 10 43 4.9
105 20 92 2.8
105 30 120 4.1
105 40 161 1.3
105 50 174 2.3
105 60 197 4.7
105 70 244 1.2
105 80 256 3.4
105 90 290 2.4
106 0 0 4.3
106 10 43 4.9
106 20 92 2.8
106 30 120 4.1
106 40 161 1.3
106 50 174 2.3
106 60 197 4.7
106 70 244 1.2
106 80 256 3.4
106 90 290 2.4
107 0 0 4.3
107 10 43 4.9
107 20 92 2.8
107 30 120 4.1
107 40 161 1.3
107 50 174 2.3
107 60 197 4.7
107 70 244 1.2
107 80 256 3.4
107 90 290 2.4
108 0 0 4.3
108 10 43 4.9
108 20 92 2.8
108 30 120 4.1
108 40 161 1.3
108 50 174 2.3
108 60 197 4.7
108 70 244 1.2
108 80 256 3.4
108 90 290 2.4
109 0 0 4.3
109 10 43 4.9
109 20 92 2.8
109 30 120 4.1
109 40 161 1.3
109 50 174 2.3
109 60 197 4.7
109 70 244 1.2
109 80 256 3.4
109 90 290 2.4
110 0 0 4.3
110 10 43 4.9
110 20 92 2.8
110 30 120 4.1
110 40 161 1.3
110 50 174 2.3
110 60 197 4.7
110 70 244 1.2
110 80 256 3.4
110 90 290 2.4
111 0 0 4.3
111 10 43 4.9
111 20 92 2.8
111 30 120 4.1
111 40 161 1.3
111 50 174 2.3
111 60 197 4.7
111 70 244 1.2
111 80 256 3.4
111 90 290 2.4
112 0 0 4.3
112 10 43 4.9
112 20 92 2.8
112 30 120 4.1
112 40 161 1.3
112 50 174 2.3
112 60 197 4.7
112 70 244 1.2
112 80 256 3.4
112 90 290 2.4
113 0 0 4.3
113 10 43 4.9
113 20 92 2.8
113 30 120 4.1
113 40 161 1.3
113 50 174 2.3
113 60 197 4.7
113 70 244 1.2
113 80 256 3.4
113 90 290 2.4
114 0 0 4.3
114 10 43 4.9
114 20 92 2.8
114 30 120 4.1
114 40 161 1.3
114 50 174 2.3
114 60 197 4.7
114 70 244 1.2
114 80 256 3.4
114 90 290 2.4
115 0 0 4.3
115 10 43 4.9
115 20 92 2.8
115 30 120 4.1
115 40 161 1.3
115 50 174 2.3
115 60 197 4.7
115 70 244 1.2
115 80 256 3.4
115 90 290 2.4
116 0 0 4.3
116 10 43 4.9
116 20 92 2.8
116 30 120 4.1
116 40 161 1.3
116 50 174 2.3
116 60 197 4.7
116 70 244 1.2
116 80 256 3.4
116 90 290 2.4
117 0 0 4.3
117 10 43 4.9
117 20 92 2.8
117 30 120 4.1
117 40 161 1.3
117 50 174 2.3
117 60 197 4.7
117 70 244 1.2
117 80 256 3.4
117 90 290 2.4
118 0 0 4.3
118 10 43 4.9
118 20 92 2.8
118 30 120 4.1
118 40 161 1.3
118 50 174 2.3
118 60 197 4.7
118 70 244 1.2
118 80 256 3.4
118 90 290 2.4
119 0 0 4.3
119 10 43 4.9
119 20 92 2.8
119 30 120 4.1
119 40 161 1.3
119 50 174 2.3
119 60 197 4.7
119 70 244 1.2
119 80 256 3.4
119 90 290 2.4
120 0 0 4.3
120 10 43 4.9
120 20 92 2.8
120 30 120 4.1
120 40 161 1.3
120 50 174 2.3
120 60 197 4.7
120 70 244 1.2
120 80 256 3.4
120 90 290 2.4
121 0 0 4.3
121 10 43 4.9
121 20 92 2.8
121 30 120 4.1
121 40 161 1.3
121 50 174 2.3
121 60 197 4.7
121 70 244 1.2
121 80 256 3.4
121 90 290 2.4
122 0 0 4.3
122 10 43 4.9
122 20 92 2.8
122 30 120 4.1
122 40 161 1.3
122 50 174 2.3
122 60 197 4.7
122 70 244 1.2
122 80 256 3.4
122 90 290 2.4
123 0 0 4.3
123 10 43 4.9
123 20 92 2.8
123 30 120 4.1
123 40 161 1.3
123 50 174 2.3
123 60 197 4.7
123 70 244 1.2
123 80 256 3.4
123 90 290 2.4
124 0 0 4.3
124 10 43 4.9
124 20 92 2.8
124 30 120 4.1
124 40 161 1.3
124 50 174 2.3
124 60 197 4.7
124 70 244 1.2
124 80 256 3.4
124 90 290 2.4
125 0 0 4.3
125 10 43 4.9
125 20 92 2.8
125 30 120 4.1
125 40 161 1.3
125 50 174 2.3
125 60 197 4.7
125 70 244 1.2
125 80 256 3.4
125 90 290 2.4
126 0 0 4.3
126 10 43 4.9
126 20 92 2.8
126 30 120 4.1
126 40 161 1.3
126 50 174 2.3
126 60 197 4.7
126 70 244 1.2
126 80 256 3.4
126 90 290 2.4
127 0 0 4.3
127 10 43 4.9
127 20 92 2.8
127 30 120 4.1
127 40 161 1.3
127 50 174 2.3
127 60 197 4.7
127 70 244 1.2
127 80 256 3.4
127 90 290 2.4
128 0 0 4.3
128 10 43 4.9
128 20 92 2.8
128 30 120 4.1
128 40 161 1.3
128 50 174 2.3
128 60 197 4.7
128 70 244 1.2
128 80 256 3.4
128 90 290 2.4
129 0 0 4.3
129 10 43 4.9
129 20 92 2.8
129 30 120 4.1
129 40 161 1.3
129 50 174 2.3
129 60 197 4.7
129 70 244 1.2
129 80 256 3.4
129 90 290 2.4
130 0 0 4.3
130 10 43 4.9
130 20 92 2.8
130 30 120 4.1
130 40 161 1.3
130 50 174 2.3
130 60 197 4.7
130 70 244 1.2
130 80 256 3.4
130 90 290 2.4
131 0 0 4.3
131 10 43 4.9
131 20 92 2.8
131 30 120 4.1
131 40 161 1.3
131 50 174 2.3
131 60 197 4.7
131 70 244 1.2
131 80 256 3.4
131 90 290 2.4
132 0 0 4.3
132 10 43 4.9
132 20 92 2.8
132 30 120 4.1
132 40 161 1.3
132 50 174 2.3
132 60 197 4.7
132 70 244 1.2
132 80 256 3.4
132 90 290 2.4
133 0 0 4.3
133 10 43 4.9
133 20 92 2.8
133 30 120 4.1
133 40 161 1.3
133 50 174 2.3
133 60 197 4.7
133 70 244 1.2
133 80 256 3.4
133 90 290 2.4
134 0 0 4.3
134 10 43 4.9
134 20 92 2.8
134 30 120 4.1
134 40 161 1.3
134 50 174 2.3
134 60 197 4.7
134 70 244 1.2
134 80 256 3.4
134 90 290 2.4
135 0 0 4.3
135 10 43 4.9
135 20 92 2.8
135 30 120 4.1
135 40 161 1.3
135 50 174 2.3
135 60 197 4.7
135 70 244 1.2
135 80 256 3.4
135 90 290 2.4
136 0 0 4.3
136 10 43 4.9
136 20 92 2.8
136 30 120 4.1
136 40 161 1.3
136 50 174 2.3
136 60 197 4.7
136 70 244 1.2
136 80 256 3.4
136 90 290 2.4
137 0 0 4.3
137 10 43 4.9
137 20 92 2.8
137 30 120 4.1
137 40 161 1.3
137 50 174 2.3
137 60 197 4.7
137 70 244 1.2
137 80 256 3.4
137 90 290 2.4
138 0 0 4.3
138 10 43 4.9
138 20 92 2.8
138 30 120 4.1
138 40 161 1.3
138 50 174 2.3
138 60 197 4.7
138 70 244 1.2
138 80 256 3.4
138 90 290 2.4
139 0 0 4.3
139 10 43 4.9
139 20 92 2.8
139 30 120 4.1
139 40 161 1.3
139 50 174 2.3
139 60 197 4.7
139 70 244 1.2
139 80 256 3.4
139 90 290 2.4
140 0 0 4.3
140 10 43 4.9
140 20 92 2.8
140 30 120 4.1
140 40 161 1.3
140 50 174 2.3
140 60 197 4.7
140 70 244 1.2
140 80 256 3.4
140 90 290 2.4
141 0 0 4.3
141 10 43 4.9
141 20 92 2.8
141 30 120 4.1
141 40 161 1.3
141 50 174 2.3
141 60 197 4.7
141 70 244 1.2
141 80 256 3.4
141 90 290 2.4
142 0 0 4.3
142 10 43 4.9
142 20 92 2.8
142 30 120 4.1
142 40 161 1.3
142 50 174 2.3
142 60 197 4.7
142 70 244 1.2
142 80 256 3.4
142 90 290 2.4
143 0 0 4.3
143 10 43 4.9
143 20 92 2.8
143 30 120 4.1
143 40 161 1.3
143 50 174 2.3
143 60 197 4.7
143 70 244 1.2
143 80 256 3.4
143 90 290 2.4
144 0 0 4.3
144 10 43 4.9
144 20 92 2.8
144 30 120 4.1
144 40 161 1.3
144 50 174 2.3
144 60 197 4.7
144 70 244 1.2
144 80 256 3.4
144 90 290 2.4
145 0 0 4.3
145 10 43 4.9
145 20 92 2.8
145 30 120 4.1
145 40 161 1.3
145 50 174 2.3
145 60 197 4.7
145 70 244 1.2
145 80 256 3.4
145 90 290 2.4
146 0 0 4.3
146 10 43 4.9
146 20 92 2.8
146 30 120 4.1
146 40 161 1.3
146 50 174 2.3
146 60 197 4.7
146 70 244 1.2
146 80 256 3.4
146 90 290 2.4
147 0 0 4.3
147 10 43 4.9
147 20 92 2.8
147 30 120 4.1
147 40 161 1.3
147 50 174 2.3
147 60 197 4.7
147 70 244 1.2
147 80 256 3.4
147 90 290 2.4
148 0 0 4.3
148 10 43 4.9
148 20 92 2.8
148 30 120 4.1
148 40 161 1.3
148 50 174 2.3
148 60 197 4.7
148 70 244 1.2
148 80 256 3.4
148 90 290 2.4
149 0 0 4.3
149 10 43 4.9
149 20 92 2.8
149 30 120 4.1
149 40 161 1.3
149 50 174 2.3
149 60 197 4.7
149 70 244 1.2
149 80 256 3.4
149 90 290 2.4
150 0 0 4.3
150 10 43 4.9
150 20 92 2.8
150 30 120 4.1
150 40 161 1.3
150 50 174 2.3
150 60 197 4.7
150 70 244 1.2
150 80 256 3.4
150 90 290 2.4
151 0 0 4.3
151 10 43 4.9
151 20 92 2.8
151 30 120 4.1
151 40 161 1.3
151 50 174 2.3
151 60 197 4.7
151 70 244 1.2
151 80 256 3.4
151 90 290 2.4
152 0 0 4.3
152 10 43 4.9
152 20 92 2.8
152 30 120 4.1
152 40 161 1.3
152 50 174 2.3
152 60 197 4.7
152 70 244 1.2
152 80 256 3.4
152 90 290 2.4
153 0 0 4.3
153 10 43 4.9
153 20 92 2.8
153 30 120 4.1
153 40 161 1.3
153 50 174 2.3
153 60 197 4.7
153 70 244 1.2
153 80 256 3.4
153 90 290 2.4
154 0 0 4.3
154 10 43 4.9
154 20 92 2.8
154 30 120 4.1
154 40 161 1.3
154 50 174 2.3
154 60 197 4.7
154 70 244 1.2
154 80 256 3.4
154 90 290 2.4
155 0 0 4.3
155 10 43 4.9
155 20 92 2.8
155 30 120 4.1
155 40 161 1.3
155 50 174 2.3
155 60 197 4.7
155 70 244 1.2
155 80 256 3.4
155 90 290 2.4
156 0 0 4.3
156 10 43 4.9
156 20 92 2.8
156 30 120 4.1
156 40 161 1.3
156 50 174 2.3
156 60 197 4.7
156 70 244 1.2
156 80 256 3.4
156 90 290 2.4
157 0 0 4.3
157 10 43 4.9
157 20 92 2.8
157 30 120 4.1
157 40 161 1.3
157 50 174 2.3
157 60 197 4.7
157 70 244 1.2
157 80 256 3.4
157 90 290 2.4
158 0 0 4.3
158 10 43 4.9
158 20 92 2.8
158 30 120 4.1
158 40 161 1.3
158 50 174 2.3
158 60 197 4.7
158 70 244 1.2
158 80 256 3.4
158 90 290 2.4
159 0 0 4.3
159 10 43 4.9
159 20 92 2.8
159 30 120 4.1
159 40 161 1.3
159 50 174 2.3
159 60 197 4.7
159 70 244 1.2
159 80 256 3.4
159 90 290 2.4
160 0 0 4.3
160 10 43 4.9
160 20 92 2.8
160 30 120 4.1
160 40 161 1.3
160 50 174 2.3
160 60 197 4.7
160 70 244 1.2
160 80 256 3.4
160 90 290 2.4
161 0 0 4.3
161 10 43 4.9
161 20 92 2.8
161 30 120 4.1
161 40 161 1.3
161 50 174 2.3
161 60 197 4.7
161 70 244 1.2
161 80 256 3.4
161 90 290 2.4
162 0 0 4.3
162 10 43 4.9
162 20 92 2.8
162 30 120 4.1
162 40 161 1.3
162 50 174 2.3
162 60 197 4.7
162 70 244 1.2
162 80 256 3.4
162 90 290 2.4
163 0 0 4.3
163 10 43 4.9
163 20 92 2.8
163 30 120 4.1
163 40 161 1.3
163 50 174 2.3
163 60 197 4.7
163 70 244 1.2
163 80 256 3.4
163 90 290 2.4
164 0 0 4.3
164 10 43 4.9
164 20 92 2.8
164 30 120 4.1
164 40 161 1.3
164 50 174 2.3
164 60 197 4.7
164 70 244 1.2
164 80 256 3.4
164 90 290 2.4
165 0 0 4.3
165 10 43 4.9
165 20 92 2.8
165 30 120 4.1
165 40 161 1.3
165 50 174 2.3
165 60 197 4.7
165 70 244 1.2
165 80 256 3.4
165 90 290 2.4
166 0 0 4.3
166 10 43 4.9
166 20 92 2.8
166 30 120 4.1
166 40 161 1.3
166 50 174 2.3
166 60 197 4.7
166 70 244 1.2
166 80 256 3.4
166 90 290 2.4
167 0 0 4.3
167 10 43 4.9
167 20 92 2.8
167 30 120 4.1
167 40 161 1.3
167 50 174 2.3
167 60 197 4.7
167 70 244 1.2
167 80 256 3.4
167 90 290 2.4
168 0 0 4.3
168 10 43 4.9
168 20 92 2.8
168 30 120 4.1
168 40 161 1.3
168 50 174 2.3
168 60 197 4.7
168 70 244 1.2
168 80 256 3.4
168 90 290 2.4
169 0 0 4.3
169 10 43 4.9
169 20 92 2.8
169 30 120 4.1
169 40 161 1.3
169 50 174 2.3
169 60 197 4.7
169 70 244 1.2
169 80 256 3.4
169 90 290 2.4
170 0 0 4.3
170 10 43 4.9
170 20 92 2.8
170 30 120 4.1
170 40 161 1.3
170 50 174 2.3
170 60 197 4.7
170 70 244 1.2
170 80 256 3.4
170 90 290 2.4
171 0 0 4.3
171 10 43 4.9
171 20 92 2.8
171 30 120 4.1
171 40 161 1.3
171 50 174 2.3
171 60 197 4.7
171 70 244 1.2
171 80 256 3.4
171 90 290 2.4
172 0 0 4.3
172 10 43 4.9
172 20 92 2.8
172 30 120 4.1
172 40 161 1.3
172 50 174 2.3
172 60 197 4.7
172 70 244 1.2
172 80 256 3.4
172 90 290 2.4
173 0 0 4.3
173 10 43 4.9
173 20 92 2.8
173 30 120 4.1
173 40 161 1.3
173 50 174 2.3
173 60 197 4.7
173 70 244 1.2
173 80 256 3.4
173 90 290 2.4
174 0 0 4.3
174 10 43 4.9
174 20 92 2.8
174 30 120 4.1
174 40 161 1.3
174 50 174 2.3
174 60 197 4.7
174 70 244 1.2
174 80 256 3.4
174 90 290 2.4
175 0 0 4.3
175 10 43 4.9
175 20 92 2.8
175 30 120 4.1
175 40 161 1.3
175 50 174 2.3
175 60 197 4.7
175 70 244 1.2
175 80 256 3.4
175 90 290 2.4
176 0 0 4.3
176 10 43 4.9
176 20 92 2.8
176 30 120 4.1
176 40 161 1.3
176 50 174 2.3
176 60 197 4.7
176 70 244 1.2
176 80 256 3.4
176 90 290 2.4
177 0 0 4.3
177 10 43 4.9
177 20 92 2.8
177 30 120 4.1
177 40 161 1.3
177 50 174 2.3
177 60 197 4.7
177 70 244 1.2
177 80 256 3.4
177 90 290 2.4
178 0 0 4.3
178 10 43 4.9
178 20 92 2.8
178 30 120 4.1
178 40 161 1.3
178 50 174 2.3
178 60 197 4.7
178 70 244 1.2
178 80 256 3.4
178 90 290 2.4
179 0 0 4.3
179 10 43 4.9
179 20 92 2.8
179 30 120 4.1
179 40 161 1.3
179 50 174 2.3
179 60 197 4.7
179 70 244 1.2
179 80 256 3.4
179 90 290 2.4
180 0 0 4.3
180 10 43 4.9
180 20 92 2.8
180 30 120 4.1
180 40 161 1.3
180 50 174 2.3
180 60 197 4.7
180 70 244 1.2
180 80 256 3.4
180 90 290 2.4
181 0 0 4.3
181 10 43 4.9
181 20 92 2.8
181 30 120 4.1
181 40 161 1.3
181 50 174 2.3
181 60 197 4.7
181 70 244 1.2
181 80 256 3.4
181 90 290 2.4
182 0 0 4.3
182 10 43 4.9
182 20 92 2.8
182 30 120 4.1
182 40 161 1.3
182 50 174 2.3
182 60 197 4.7
182 70 244 1.2
182 80 256 3.4
182 90 290 2.4
183 0 0 4.3
183 10 43 4.9
183 20 92 2.8
183 30 120 4.1
183 40 161 1.3
183 50 174 2.3
183 60 197 4.7
183 70 244 1.2
183 80 256 3.4
183 90 290 2.4
184 0 0 4.3
184 10 43 4.9
184 20 92 2.8
184 30 120 4.1
184 40 161 1.3
184 50 174 2.3
184 60 197 4.7
184 70 244 1.2
184 80 256 3.4
184 90 290 2.4
185 0 0 4.3
185 10 43 4.9
185 20 92 2.8
185 30 120 4.1
185 40 161 1.3
185 50 174 2.3
185 60 197 4.7
185 70 244 1.2
185 80 256 3.4
185 90 290 2.4
186 0 0 4.3
186 10 43 4.9
186 20 92 2.8
186 30 120 4.1
186 40 161 1.3
186 50 174 2.3
186 60 197 4.7
186 70 244 1.2
186 80 256 3.4
186 90 290 2.4
187 0 0 4.3
187 10 43 4.9
187 20 92 2.8
187 30 120 4.1
187 40 161 1.3
187 50 174 2.3
187 60 197 4.7
187 70 244 1.2
187 80 256 3.4
187 90 290 2.4
188 0 0 4.3
188 10 43 4.9
188 20 92 2.8
188 30 120 4.1
188 40 161 1.3
188 50 174 2.3
188 60 197 4.7
188 70 244 1.2
188 80 256 3.4
188 90 290 2.4
189 0 0 4.3
189 10 43 4.9
189 20 92 2.8
189 30 120 4.1
189 40 161 1.3
189 50 174 2.3
189 60 197 4.7
189 70 244 1.2
189 80 256 3.4
189 90 290 2.4
190 0 0 4.3
190 10 43 4.9
190 20 92 2.8
190 30 120 4.1
190 40 161 1.3
190 50 174 2.3
190 60 197 4.7
190 70 244 1.2
190 80 256 3.4
190 90 290 2.4
191 0 0 4.3
191 10 43 4.9
191 20 92 2.8
191 30 120 4.1
191 40 161 1.3
191 50 174 2.3
191 60 197 4.7
191 70 244 1.2
191 80 256 3.4
191 90 290 2.4
192 0 0 4.3
192 10 43 4.9
192 20 92 2.8
192 30 120 4.1
192 40 161 1.3
192 50 174 2.3
192 60 197 4.7
192 70 244 1.2
192 80 256 3.4
192 90 290 2.4
193 0 0 4.3
193 10 43 4.9
193 20 92 2.8
193 30 120 4.1
193 40 161 1.3
193 50 174 2.3
193 60 197 4.7
193 70 244 1.2
193 80 256 3.4
193 90 290 2.4
194 0 0 4.3
194 10 43 4.9
194 20 92 2.8
194 30 120 4.1
194 40 161 1.3
194 50 174 2.3
194 60 197 4.7
194 70 244 1.2
194 80 256 3.4
194 90 290 2.4
195 0 0 4.3
195 10 43 4.9
195 20 92 2.8
195 30 120 4.1
195 40 161 1.3
195 50 174 2.3
195 60 197 4.7
195 70 244 1.2
195 80 256 3.4
195 90 290 2.4
196 0 0 4.3
196 10 43 4.9
196 20 92 2.8
196 30 120 4.1
196 40 161 1.3
196 50 174 2.3
196 60 197 4.7
196 70 244 1.2
196 80 256 3.4
196 90 290 2.4
197 0 0 4.3
197 10 43 4.9
197 20 92 2.8
197 30 120 4.1
197 40 161 1.3
197 50 174 2.3
197 60 197 4.7
197 70 244 1.2
197 80 256 3.4
197 90 290 2.4
198 0 0 4.3
198 10 43 4.9
198 20 92 2.8
198 30 120 4.1
198 40 161 1.3
198 50 174 2.3
198 60 197 4.7
198 70 244 1.2
198 80 256 3.4
198 90 290 2.4
199 0 0 4.3
199 10 43 4.9
199 20 92 2.8
199 30 120 4.1
199 40 161 1.3
199 50 174 2.3
199 60 197 4.7
199 70 244 1.2
199 80 256 3.4
199 90 290 2.4
200 0 0 4.3
200 10 43 4.9
200 20 92 2.8
200 30 120 4.1
200 40 161 1.3
200 50 174 2.3
200 60 197 4.7
200 70 244 1.2
200 80 256 3.4
200 90 290 2.4
201 0 0 4.3
201 10 43 4.9
201 20 92 2.8
201 30 120 4.1
201 40 161 1.3
201 50 174 2.3
201 60 197 4.7
201 70 244 1.2
201 80 256 3.4
201 90 290 2.4
202 0 0 4.3
202 10 43 4.9
202 20 92 2.8
202 30 120 4.1
202 40 161 1.3
202 50 174 2.3
202 60 197 4.7
202 70 244 1.2
202 80 256 3.4
202 90 290 2.4
203 0 0 4.3
203 10 43 4.9
203 20 92 2.8
203 30 120 4.1
203 40 161 1.3
203 50 174 2.3
203 60 197 4.7
203 70 244 1.2
203 80 256 3.4
203 90 290 2.4
204 0 0 4.3
204 10 43 4.9
204 20 92 2.8
204 30 120 4.1
204 40 161 1.3
204 50 174 2.3
204 60 197 4.7
204 70 244 1.2
204 80 256 3.4
204 90 290 2.4
205 0 0 4.3
205 10 43 4.9
205 20 92 2.8
205 30 120 4.1
205 40 161 1.3
205 50 174 2.3
205 60 197 4.7
205 70 244 1.2
205 80 256 3.4
205 90 290 2.4
206 0 0 4.3
206 10 43 4.9
206 20 92 2.8
206 30 120 4.1
206 40 161 1.3
206 50 174 2.3
206 60 197 4.7
206 70 244 1.2
206 80 256 3.4
206 90 290 2.4
207 0 0 4.3
207 10 43 4.9
207 20 92 2.8
207 30 120 4.1
207 40 161 1.3
207 50 174 2.3
207 60 197 4.7
207 70 244 1.2
207 80 256 3.4
207 90 290 2.4
208 0 0 4.3
208 10 43 4.9
208 20 92 2.8
208 30 120 4.1
208 40 161 1.3
208 50 174 2.3
208 60 197 4.7
208 70 244 1.2
208 80 256 3.4
208 90 290 2.4
209 0 0 4.3
209 10 43 4.9
209 20 92 2.8
209 30 120 4.1
209 40 161 1.3
209 50 174 2.3
209 60 197 4.7
209 70 244 1.2
209 80 256 3.4
209 90 290 2.4
210 0 0 4.3
210 10 43 4.9
210 20 92 2.8
210 30 120 4.1
210 40 161 1.3
210 50 174 2.3
210 60 197 4.7
210 70 244 1.2
210 80 256 3.4
210 90 290 2.4
211 0 0 4.3
211 10 43 4.9
211 20 92 2.8
211 30 120 4.1
211 40 161 1.3
211 50 174 2.3
211 60 197 4.7
211 70 244 1.2
211 80 256 3.4
211 90 290 2.4
212 0 0 4.3
212 10 43 4.9
212 20 92 2.8
212 30 120 4.1
212 40 161 1.3
212 50 174 2.3
212 60 197 4.7
212 70 244 1.2
212 80 256 3.4
212 90 290 2.4
213 0 0 4.3
213 10 43 4.9
213 20 92 2.8
213 30 120 4.1
213 40 161 1.3
213 50 174 2.3
213 60 197 4.7
213 70 244 1.2
213 80 256 3.4
213 90 290 2.4
214 0 0 4.3
214 10 43 4.9
214 20 92 2.8
214 30 120 4.1
214 40 161 1.3
214 50 174 2.3
214 60 197 4.7
214 70 244 1.2
214 80 256 3.4
214 90 290 2.4
215 0 0 4.3
215 10 43 4.9
215 20 92 2.8
215 30 120 4.1
215 40 161 1.3
215 50 174 2.3
215 60 197 4.7
215 70 244 1.2
215 80 256 3.4
215 90 290 2.4
216 0 0 4.3
216 10 43 4.9
216 20 92 2.8
216 30 120 4.1
216 40 161 1.3
216 50 174 2.3
216 60 197 4.7
216 70 244 1.2
216 80 256 3.4
216 90 290 2.4
217 0 0 4.3
217 10 43 4.9
217 20 92 2.8
217 30 120 4.1
217 40 161 1.3
217 50 174 2.3
217 60 197 4.7
217 70 244 1.2
217 80 256 3.4
217 90 290 2.4
218 0 0 4.3
218 10 43 4.9
218 20 92 2.8
218 30 120 4.1
218 40 161 1.3
218 50 174 2.3
218 60 197 4.7
218 70 244 1.2
218 80 256 3.4
218 90 290 2.4
219 0 0 4.3
219 10 43 4.9
219 20 92 2.8
219 30 120 4.1
219 40 161 1.3
219 50 174 2.3
219 60 197 4.7
219 70 244 1.2
219 80 256 3.4
219 90 290 2.4
220 0 0 4.3
220 10 43 4.9
220 20 92 2.8
220 30 120 4.1
220 40 161 1.3
220 50 174 2.3
220 60 197 4.7
220 70 244 1.2
220 80 256 3.4
220 90 290 2.4
221 0 0 4.3
221 10 43 4.9
221 20 92 2.8
221 30 120 4.1
221 40 161 1.3
221 50 174 2.3
221 60 197 4.7
221 70 244 1.2
221 80 256 3.4
221 90 290 2.4
222 0 0 4.3
222 10 43 4.9
222 20 92 2.8
222 30 120 4.1
222 40 161 1.3
222 50 174 2.3
222 60 197 4.7
222 70 244 1.2
222 80 256 3.4
222 90 290 2.4
223 0 0 4.3
223 10 43 4.9
223 20 92 2.8
223 30 120 4.1
223 40 161 1.3
223 50 174 2.3
223 60 197 4.7
223 70 244 1.2
223 80 256 3.4
223 90 290 2.4
224 0 0 4.3
224 10 43 4.9
224 20 92 2.8
224 30 120 4.1
224 40 161 1.3
224 50 174 2.3
224 60 197 4.7
224 70 244 1.2
224 80 256 3.4
224 90 290 2.4
225 0 0 4.3
225 10 43 4.9
225 20 92 2.8
225 30 120 4.1
225 40 161 1.3
225 50 174 2.3
225 60 197 4.7
225 70 244 1.2
225 80 256 3.4
225 90 290 2.4
226 0 0 4.3
226 10 43 4.9
226 20 92 2.8
226 30 120 4.1
226 40 161 1.3
226 50 174 2.3
226 60 197 4.7
226 70 244 1.2
226 80 256 3.4
226 90 290 2.4
227 0 0 4.3
227 10 43 4.9
227 20 92 2.8
227 30 120 4.1
227 40 161 1.3
227 50 174 2.3
227 60 197 4.7
227 70 244 1.2
227 80 256 3.4
227 90 290 2.4
228 0 0 4.3
228 10 43 4.9
228 20 92 2.8
228 30 120 4.1
228 40 161 1.3
228 50 174 2.3
228 60 197 4.7
228 70 244 1.2
228 80 256 3.4
228 90 290 2.4
229 0 0 4.3
229 10 43 4.9
229 20 92 2.8
229 30 120 4.1
229 40 161 1.3
229 50 174 2.3
229 60 197 4.7
229 70 244 1.2
229 80 256 3.4
229 90 290 2.4
230 0 0 4.3
230 10 43 4.9
230 20 92 2.8
230 30 120 4.1
230 40 161 1.3
230 50 174 2.3
230 60 197 4.7
230 70 244 1.2
230 80 256 3.4
230 90 290 2.4
231 0 0 4.3
231 10 43 4.9
231 20 92 2.8
231 30 120 4.1
231 40 161 1.3
231 50 174 2.3
231 60 197 4.7
231 70 244 1.2
231 80 256 3.4
231 90 290 2.4
232 0 0 4.3
232 10 43 4.9
232 20 92 2.8
232 30 120 4.1
232 40 161 1.3
232 50 174 2.3
232 60 197 4.7
232 70 244 1.2
232 80 256 3.4
232 90 290 2.4
233 0 0 4.3
233 10 43 4.9
233 20 92 2.8
233 30 120 4.1
233 40 161 1.3
233 50 174 2.3
233 60 197 4.7
233 70 244 1.2
233 80 256 3.4
233 90 290 2.4
234 0 0 4.3
234 10 43 4.9
234 20 92 2.8
234 30 120 4.1
234 40 161 1.3
234 50 174 2.3
234 60 197 4.7
234 70 244 1.2
234 80 256 3.4
234 90 290 2.4
235 0 0 4.3
235 10 43 4.9
235 20 92 2.8
235 30 120 4.1
235 40 161 1.3
235 50 174 2.3
235 60 197 4.7
235 70 244 1.2
235 80 256 3.4
235 90 290 2.4
236 0 0 4.3
236 10 43 4.9
236 20 92 2.8
236 30 120 4.1
236 40 161 1.3
236 50 174 2.3
236 60 197 4.7
236 70 244 1.2
236 80 256 3.4
236 90 290 2.4
237 0 0 4.3
237 10 43 4.9
237 20 92 2.8
237 30 120 4.1
237 40 161 1.3
237 50 174 2.3
237 60 197 4.7
237 70 244 1.2
237 80 256 3.4
237 90 290 2.4
238 0 0 4.3
238 10 43 4.9
238 20 92 2.8
238 30 120 4.1
238 40 161 1.3
238 50 174 2.3
238 60 197 4.7
238 70 244 1.2
238 80 256 3.4
238 90 290 2.4
239 0 0 4.3
239 10 43 4.9
239 20 92 2.8
239 30 120 4.1
239 40 161 1.3
239 50 174 2.3
239 60 197 4.7
239 70 244 1.2
239 80 256 3.4
239 90 290 2.4
240 0 0 4.3
240 10 43 4.9
240 20 92 2.8
240 30 120 4.1
240 40 161 1.3
240 50 174 2.3
240 60 197 4.7
240 70 244 1.2
240 80 256 3.4
240 90 290 2.4
241 0 0 4.3
241 10 43 4.9
241 20 92 2.8
241 30 120 4.1
241 40 161 1.3
241 50 174 2.3
241 60 197 4.7
241 70 244 1.2
241 80 256 3.4
241 90 290 2.4
242 0 0 4.3
242 10 43 4.9
242 20 92 2.8
242 30 120 4.1
242 40 161 1.3
242 50 174 2.3
242 60 197 4.7
242 70 244 1.2
242 80 256 3.4
242 90 290 2.4
243 0 0 4.3
243 10 43 4.9
243 20 92 2.8
243 30 120 4.1
243 40 161 1.3
243 50 174 2.3
243 60 197 4.7
243 70 244 1.2
243 80 256 3.4
243 90 290 2.4
244 0 0 4.3
244 10 43 4.9
244 20 92 2.8
244 30 120 4.1
244 40 161 1.3
244 50 174 2.3
244 60 197 4.7
244 70 244 1.2
244 80 256 3.4
244 90 290 2.4
245 0 0 4.3
245 10 43 4.9
245 20 92 2.8
245 30 120 4.1
245 40 161 1.3
245 50 174 2.3
245 60 197 4.7
245 70 244 1.2
245 80 256 3.4
245 90 290 2.4
246 0 0 4.3
246 10 43 4.9
246 20 92 2.8
246 30 120 4.1
246 40 161 1.3
246 50 174 2.3
246 60 197 4.7
246 70 244 1.2
246 80 256 3.4
246 90 290 2.4
247 0 0 4.3
247 10 43 4.9
247 20 92 2.8
247 30 120 4.1
247 40 161 1.3
247 50 174 2.3
247 60 197 4.7
247 70 244 1.2
247 80 256 3.4
247 90 290 2.4
248 0 0 4.3
248 10 43 4.9
248 20 92 2.8
248 30 120 4.1
248 40 161 1.3
248 50 174 2.3
248 60 197 4.7
248 70 244 1.2
248 80 256 3.4
248 90 290 2.4
249 0 0 4.3
249 10 43 4.9
249 20 92 2.8
249 30 120 4.1
249 40 161 1.3
249 50 174 2.3
249 60 197 4.7
249 70 244 1.2
249 80 256 3.4
249 90 290 2.4
250 0 0 4.3
250 10 43 4.9
250 20 92 2.8
250 30 120 4.1
250 40 161 1.3
250 50 174 2.3
250 60 197 4.7
250 70 244 1.2
250 80 256 3.4
250 90 290 2.4
251 0 0 4.3
251 10 43 4.9
251 20 92 2.8
251 30 120 4.1
251 40 161 1.3
251 50 174 2.3
251 60 197 4.7
251 70 244 1.2
251 80 256 3.4
251 90 290 2.4
252 0 0 4.3
252 10 43 4.9
252 20 92 2.8
252 30 120 4.1
252 40 161 1.3
252 50 174 2.3
252 60 197 4.7
252 70 244 1.2
252 80 256 3.4
252 90 290 2.4
253 0 0 4.3
253 10 43 4.9
253 20 92 2.8
253 30 120 4.1
253 40 161 1.3
253 50 174 2.3
253 60 197 4.7
253 70 244 1.2
253 80 256 3.4
253 90 290 2.4
254 0 0 4.3
254 10 43 4.9
254 20 92 2.8
254 30 120 4.1
254 40 161 1.3
254 50 174 2.3
254 60 197 4.7
254 70 244 1.2
254 80 256 3.4
254 90 290 2.4
255 0 0 4.3
255 10 43 4.9
255 20 92 2.8
255 30 120 4.1
255 40 161 1.3
255 50 174 2.3
255 60 197 4.7
255 70 244 1.2
255 80 256 3.4
255 90 290 2.4
256 0 0 4.3
256 10 43 4.9
256 20 92 2.8
256 30 120 4.1
256 40 161 1.3
256 50 174 2.3
256 60 197 4.7
256 70 244 1.2
256 80 256 3.4
256 90 290 2.4
257 0 0 4.3
257 10 43 4.9
257 20 92 2.8
257 30 120 4.1
257 40 161 1.3
257 50 174 2.3
257 60 197 4.7
257 70 244 1.2
257 80 256 3.4
257 90 290 2.4
258 0 0 4.3
258 10 43 4.9
258 20 92 2.8
258 30 120 4.1
258 40 161 1.3
258 50 174 2.3
258 60 197 4.7
258 70 244 1.2
258 80 256 3.4
258 90 290 2.4
259 0 0 4.3
259 10 43 4.9
259 20 92 2.8
259 30 120 4.1
259 40 161 1.3
259 50 174 2.3
259 60 197 4.7
259 70 244 1.2
259 80 256 3.4
259 90 290 2.4
260 0 0 4.3
260 10 43 4.9
260 20 92 2.8
260 30 120 4.1
260 40 161 1.3
260 50 174 2.3
260 60 197 4.7
260 70 244 1.2
260 80 256 3.4
260 90 290 2.4
261 0 0 4.3
261 10 43 4.9
261 20 92 2.8
261 30 120 4.1
261 40 161 1.3
261 50 174 2.3
261 60 197 4.7
261 70 244 1.2
261 80 256 3.4
261 90 290 2.4
262 0 0 4.3
262 10 43 4.9
262 20 92 2.8
262 30 120 4.1
262 40 161 1.3
262 50 174 2.3
262 60 197 4.7
262 70 244 1.2
262 80 256 3.4
262 90 290 2.4
263 0 0 4.3
263 10 43 4.9
263 20 92 2.8
263 30 120 4.1
263 40 161 1.3
263 50 174 2.3
263 60 197 4.7
263 70 244 1.2
263 80 256 3.4
263 90 290 2.4
264 0 0 4.3
264 10 43 4.9
264 20 92 2.8
264 30 120 4.1
264 40 161 1.3
264 50 174 2.3
264 60 197 4.7
264 70 244 1.2
264 80 256 3.4
264 90 290 2.4
265 0 0 4.3
265 10 43 4.9
265 20 92 2.8
265 30 120 4.1
265 40 161 1.3
265 50 174 2.3
265 60 197 4.7
265 70 244 1.2
265 80 256 3.4
265 90 290 2.4
266 0 0 4.3
266 10 43 4.9
266 20 92 2.8
266 30 120 4.1
266 40 161 1.3
266 50 174 2.3
266 60 197 4.7
266 70 244 1.2
266 80 256 3.4
266 90 290 2.4
267 0 0 4.3
267 10 43 4.9
267 20 92 2.8
267 30 120 4.1
267 40 161 1.3
267 50 174 2.3
267 60 197 4.7
267 70 244 1.2
267 80 256 3.4
267 90 290 2.4
268 0 0 4.3
268 10 43 4.9
268 20 92 2.8
268 30 120 4.1
268 40 161 1.3
268 50 174 2.3
268 60 197 4.7
268 70 244 1.2
268 80 256 3.4
268 90 290 2.4
269 0 0 4.3
269 10 43 4.9
269 20 92 2.8
269 30 120 4.1
269 40 161 1.3
269 50 174 2.3
269 60 197 4.7
269 70 244 1.2
269 80 256 3.4
269 90 290 2.4
270 0 0 4.3
270 10 43 4.9
270 20 92 2.8
270 30 120 4.1
270 40 161 1.3
270 50 174 2.3
270 60 197 4.7
270 70 244 1.2
270 80 256 3.4
270 90 290 2.4
271 0 0 4.3
271 10 43 4.9
271 20 92 2.8
271 30 120 4.1
271 40 161 1.3
271 50 174 2.3
271 60 197 4.7
271 70 244 1.2
271 80 256 3.4
271 90 290 2.4
272 0 0 4.3
272 10 43 4.9
272 20 92 2.8
272 30 120 4.1
272 40 161 1.3
272 50 174 2.3
272 60 197 4.7
272 70 244 1.2
272 80 256 3.4
272 90 290 2.4
273 0 0 4.3
273 10 43 4.9
273 20 92 2.8
273 30 120 4.1
273 40 161 1.3
273 50 174 2.3
273 60 197 4.7
273 70 244 1.2
273 80 256 3.4
273 90 290 2.4
274 0 0 4.3
274 10 43 4.9
274 20 92 2.8
274 30 120 4.1
274 40 161 1.3
274 50 174 2.3
274 60 197 4.7
274 70 244 1.2
274 80 256 3.4
274 90 290 2.4
275 0 0 4.3
275 10 43 4.9
275 20 92 2.8
275 30 120 4.1
275 40 161 1.3
275 50 174 2.3
275 60 197 4.7
275 70 244 1.2
275 80 256 3.4
275 90 290 2.4
276 0 0 4.3
276 10 43 4.9
276 20 92 2.8
276 30 120 4.1
276 40 161 1.3
276 50 174 2.3
276 60 197 4.7
276 70 244 1.2
276 80 256 3.4
276 90 290 2.4
277 0 0 4.3
277 10 43 4.9
277 20 92 2.8
277 30 120 4.1
277 40 161 1.3
277 50 174 2.3
277 60 197 4.7
277 70 244 1.2
277 80 256 3.4
277 90 290 2.4
278 0 0 4.3
278 10 43 4.9
278 20 92 2.8
278 30 120 4.1
278 40 161 1.3
278 50 174 2.3
278 60 197 4.7
278 70 244 1.2
278 80 256 3.4
278 90 290 2.4
279 0 0 4.3
279 10 43 4.9
279 20 92 2.8
279 30 120 4.1
279 40 161 1.3
279 50 174 2.3
279 60 197 4.7
279 70 244 1.2
279 80 256 3.4
279 90 290 2.4
280 0 0 4.3
280 10 43 4.9
280 20 92 2.8
280 30 120 4.1
280 40 161 1.3
280 50 174 2.3
280 60 197 4.7
280 70 244 1.2
280 80 256 3.4
280 90 290 2.4
281 0 0 4.3
281 10 43 4.9
281 20 92 2.8
281 30 120 4.1
281 40 161 1.3
281 50 174 2.3
281 60 197 4.7
281 70 244 1.2
281 80 256 3.4
281 90 290 2.4
282 0 0 4.3
282 10 43 4.9
282 20 92 2.8
282 30 120 4.1
282 40 161 1.3
282 50 174 2.3
282 60 197 4.7
282 70 244 1.2
282 80 256 3.4
282 90 290 2.4
283 0 0 4.3
283 10 43 4.9
283 20 92 2.8
283 30 120 4.1
283 40 161 1.3
283 50 174 2.3
283 60 197 4.7
283 70 244 1.2
283 80 256 3.4
283 90 290 2.4
284 0 0 4.3
284 10 43 4.9
284 20 92 2.8
284 30 120 4.1
284 40 161 1.3
284 50 174 2.3
284 60 197 4.7
284 70 244 1.2
284 80 256 3.4
284 90 290 2.4
285 0 0 4.3
285 10 43 4.9
285 20 92 2.8
285 30 120 4.1
285 40 161 1.3
285 50 174 2.3
285 60 197 4.7
285 70 244 1.2
285 80 256 3.4
285 90 290 2.4
286 0 0 4.3
286 10 43 4.9
286 20 92 2.8
286 30 120 4.1
286 40 161 1.3
286 50 174 2.3
286 60 197 4.7
286 70 244 1.2
286 80 256 3.4
286 90 290 2.4
287 0 0 4.3
287 10 43 4.9
287 20 92 2.8
287 30 120 4.1
287 40 161 1.3
287 50 174 2.3
287 60 197 4.7
287 70 244 1.2
287 80 256 3.4
287 90 290 2.4
288 0 0 4.3
288 10 43 4.9
288 20 92 2.8
288 30 120 4.1
288 40 161 1.3
288 50 174 2.3
288 60 197 4.7
288 70 244 1.2
288 80 256 3.4
288 90 290 2.4
289 0 0 4.3
289 10 43 4.9
289 20 92 2.8
289 30 120 4.1
289 40 161 1.3
289 50 174 2.3
289 60 197 4.7
289 70 244 1.2
289 80 256 3.4
289 90 290 2.4
290 0 0 4.3
290 10 43 4.9
290 20 92 2.8
290 30 120 4.1
290 40 161 1.3
290 50 174 2.3
290 60 197 4.7
290 70 244 1.2
290 80 256 3.4
290 90 290 2.4
291 0 0 4.3
291 10 43 4.9
291 20 92 2.8
291 30 120 4.1
291 40 161 1.3
291 50 174 2.3
291 60 197 4.7
291 70 244 1.2
291 80 256 3.4
291 90 290 2.4
292 0 0 4.3
292 10 43 4.9
292 20 92 2.8
292 30 120 4.1
292 40 161 1.3
292 50 174 2.3
292 60 197 4.7
292 70 244 1.2
292 80 256 3.4
292 90 290 2.4
293 0 0 4.3
293 10 43 4.9
293 20 92 2.8
293 30 120 4.1
293 40 161 1.3
293 50 174 2.3
293 60 197 4.7
293 70 244 1.2
293 80 256 3.4
293 90 290 2.4
294 0 0 4.3
294 10 43 4.9
294 20 92 2.8
294 30 120 4.1
294 40 161 1.3
294 50 174 2.3
294 60 197 4.7
294 70 244 1.2
294 80 256 3.4
294 90 290 2.4
295 0 0 4.3
295 10 43 4.9
295 20 92 2.8
295 30 120 4.1
295 40 161 1.3
295 50 174 2.3
295 60 197 4.7
295 70 244 1.2
295 80 256 3.4
295 90 290 2.4
296 0 0 4.3
296 10 43 4.9
296 20 92 2.8
296 30 120 4.1
296 40 161 1.3
296 50 174 2.3
296 60 197 4.7
296 70 244 1.2
296 80 256 3.4
296 90 290 2.4
297 0 0 4.3
297 10 43 4.9
297 20 92 2.8
297 30 120 4.1
297 40 161 1.3
297 50 174 2.3
297 60 197 4.7
297 70 244 1.2
297 80 256 3.4
297 90 290 2.4
298 0 0 4.3
298 10 43 4.9
298 20 92 2.8
298 30 120 4.1
298 40 161 1.3
298 50 174 2.3
298 60 197 4.7
298 70 244 1.2
298 80 256 3.4
298 90 290 2.4
299 0 0 4.3
299 10 43 4.9
299 20 92 2.8
299 30 120 4.1
299 40 161 1.3
299 50 174 2.3
299 60 197 4.7
299 70 244 1.2
299 80 256 3.4
299 90 290 2.4
300 0 0 4.3
300 10 43 4.9
300 20 92 2.8
300 30 120 4.1
300 40 161 1.3
300 50 174 2.3
300 60 197 4.7
300 70 244 1.2
300 80 256 3.4
300 90 290 2.4
301 0 0 4.3
301 10 43 4.9
301 20 92 2.8
301 30 120 4.1
301 40 161 1.3
301 50 174 2.3
301 60 197 4.7
301 70 244 1.2
301 80 256 3.4
301 90 290 2.4
302 0 0 4.3
302 10 43 4.9
302 20 92 2.8
302 30 120 4.1
302 40 161 1.3
302 50 174 2.3
302 60 197 4.7
302 70 244 1.2
302 80 256 3.4
302 90 290 2.4
303 0 0 4.3
303 10 43 4.9
303 20 92 2.8
303 30 120 4.1
303 40 161 1.3
303 50 174 2.3
303 60 197 4.7
303 70 244 1.2
303 80 256 3.4
303 90 290 2.4
304 0 0 4.3
304 10 43 4.9
304 20 92 2.8
304 30 120 4.1
304 40 161 1.3
304 50 174 2.3
304 60 197 4.7
304 70 244 1.2
304 80 256 3.4
304 90 290 2.4
305 0 0 4.3
305 10 43 4.9
305 20 92 2.8
305 30 120 4.1
305 40 161 1.3
305 50 174 2.3
305 60 197 4.7
305 70 244 1.2
305 80 256 3.4
305 90 290 2.4
306 0 0 4.3
306 10 43 4.9
306 20 92 2.8
306 30 120 4.1
306 40 161 1.3
306 50 174 2.3
306 60 197 4.7
306 70 244 1.2
306 80 256 3.4
306 90 290 2.4
307 0 0 4.3
307 10 43 4.9
307 20 92 2.8
307 30 120 4.1
307 40 161 1.3
307 50 174 2.3
307 60 197 4.7
307 70 244 1.2
307 80 256 3.4
307 90 290 2.4
308 0 0 4.3
308 10 43 4.9
308 20 92 2.8
308 30 120 4.1
308 40 161 1.3
308 50 174 2.3
308 60 197 4.7
308 70 244 1.2
308 80 256 3.4
308 90 290 2.4
309 0 0 4.3
309 10 43 4.9
309 20 92 2.8
309 30 120 4.1
309 40 161 1.3
309 50 174 2.3
309 60 197 4.7
309 70 244 1.2
309 80 256 3.4
309 90 290 2.4
310 0 0 4.3
310 10 43 4.9
310 20 92 2.8
310 30 120 4.1
310 40 161 1.3
310 50 174 2.3
310 60 197 4.7
310 70 244 1.2
310 80 256 3.4
310 90 290 2.4
311 0 0 4.3
311 10 43 4.9
311 20 92 2.8
311 30 120 4.1
311 40 161 1.3
311 50 174 2.3
311 60 197 4.7
311 70 244 1.2
311 80 256 3.4
311 90 290 2.4
312 0 0 4.3
312 10 43 4.9
312 20 92 2.8
312 30 120 4.1
312 40 161 1.3
312 50 174 2.3
312 60 197 4.7
312 70 244 1.2
312 80 256 3.4
312 90 290 2.4
313 0 0 4.3
313 10 43 4.9
313 20 92 2.8
313 30 120 4.1
313 40 161 1.3
313 50 174 2.3
313 60 197 4.7
313 70 244 1.2
313 80 256 3.4
313 90 290 2.4
314 0 0 4.3
314 10 43 4.9
314 20 92 2.8
314 30 120 4.1
314 40 161 1.3
314 50 174 2.3
314 60 197 4.7
314 70 244 1.2
314 80 256 3.4
314 90 290 2.4
315 0 0 4.3
315 10 43 4.9
315 20 92 2.8
315 30 120 4.1
315 40 161 1.3
315 50 174 2.3
315 60 197 4.7
315 70 244 1.2
315 80 256 3.4
315 90 290 2.4
316 0 0 4.3
316 10 43 4.9
316 20 92 2.8
316 30 120 4.1
316 40 161 1.3
316 50 174 2.3
316 60 197 4.7
316 70 244 1.2
316 80 256 3.4
316 90 290 2.4
317 0 0 4.3
317 10 43 4.9
317 20 92 2.8
317 30 120 4.1
317 40 161 1.3
317 50 174 2.3
317 60 197 4.7
317 70 244 1.2
317 80 256 3.4
317 90 290 2.4
318 0 0 4.3
318 10 43 4.9
318 20 92 2.8
318 30 120 4.1
318 40 161 1.3
318 50 174 2.3
318 60 197 4.7
318 70 244 1.2
318 80 256 3.4
318 90 290 2.4
319 0 0 4.3
319 10 43 4.9
319 20 92 2.8
319 30 120 4.1
319 40 161 1.3
319 50 174 2.3
319 60 197 4.7
319 70 244 1.2
319 80 256 3.4
319 90 290 2.4
320 0 0 4.3
320 10 43 4.9
320 20 92 2.8
320 30 120 4.1
320 40 161 1.3
320 50 174 2.3
320 60 197 4.7
320 70 244 1.2
320 80 256 3.4
320 90 290 2.4
321 0 0 4.3
321 10 43 4.9
321 20 92 2.8
321 30 120 4.1
321 40 161 1.3
321 50 174 2.3
321 60 197 4.7
321 70 244 1.2
321 80 256 3.4
321 90 290 2.4
322 0 0 4.3
322 10 43 4.9
322 20 92 2.8
322 30 120 4.1
322 40 161 1.3
322 50 174 2.3
322 60 197 4.7
322 70 244 1.2
322 80 256 3.4
322 90 290 2.4
323 0 0 4.3
323 10 43 4.9
323 20 92 2.8
323 30 120 4.1
323 40 161 1.3
323 50 174 2.3
323 60 197 4.7
323 70 244 1.2
323 80 256 3.4
323 90 290 2.4
324 0 0 4.3
324 10 43 4.9
324 20 92 2.8
324 30 120 4.1
324 40 161 1.3
324 50 174 2.3
324 60 197 4.7
324 70 244 1.2
324 80 256 3.4
324 90 290 2.4
325 0 0 4.3
325 10 43 4.9
325 20 92 2.8
325 30 120 4.1
325 40 161 1.3
325 50 174 2.3
325 60 197 4.7
325 70 244 1.2
325 80 256 3.4
325 90 290 2.4
326 0 0 4.3
326 10 43 4.9
326 20 92 2.8
326 30 120 4.1
326 40 161 1.3
326 50 174 2.3
326 60 197 4.7
326 70 244 1.2
326 80 256 3.4
326 90 290 2.4
327 0 0 4.3
327 10 43 4.9
327 20 92 2.8
327 30 120 4.1
327 40 161 1.3
327 50 174 2.3
327 60 197 4.7
327 70 244 1.2
327 80 256 3.4
327 90 290 2.4
328 0 0 4.3
328 10 43 4.9
328 20 92 2.8
328 30 120 4.1
328 40 161 1.3
328 50 174 2.3
328 60 197 4.7
328 70 244 1.2
328 80 256 3.4
328 90 290 2.4
329 0 0 4.3
329 10 43 4.9
329 20 92 2.8
329 30 120 4.1
329 40 161 1.3
329 50 174 2.3
329 60 197 4.7
329 70 244 1.2
329 80 256 3.4
329 90 290 2.4
330 0 0 4.3
330 10 43 4.9
330 20 92 2.8
330 30 120 4.1
330 40 161 1.3
330 50 174 2.3
330 60 197 4.7
330 70 244 1.2
330 80 256 3.4
330 90 290 2.4
331 0 0 4.3
331 10 43 4.9
331 20 92 2.8
331 30 120 4.1
331 40 161 1.3
331 50 174 2.3
331 60 197 4.7
331 70 244 1.2
331 80 256 3.4
331 90 290 2.4
332 0 0 4.3
332 10 43 4.9
332 20 92 2.8
332 30 120 4.1
332 40 161 1.3
332 50 174 2.3
332 60 197 4.7
332 70 244 1.2
332 80 256 3.4
332 90 290 2.4
333 0 0 4.3
333 10 43 4.9
333 20 92 2.8
333 30 120 4.1
333 40 161 1.3
333 50 174 2.3
333 60 197 4.7
333 70 244 1.2
333 80 256 3.4
333 90 290 2.4
334 0 0 4.3
334 10 43 4.9
334 20 92 2.8
334 30 120 4.1
334 40 161 1.3
334 50 174 2.3
334 60 197 4.7
334 70 244 1.2
334 80 256 3.4
334 90 290 2.4
335 0 0 4.3
335 10 43 4.9
335 20 92 2.8
335 30 120 4.1
335 40 161 1.3
335 50 174 2.3
335 60 197 4.7
335 70 244 1.2
335 80 256 3.4
335 90 290 2.4
336 0 0 4.3
336 10 43 4.9
336 20 92 2.8
336 30 120 4.1
336 40 161 1.3
336 50 174 2.3
336 60 197 4.7
336 70 244 1.2
336 80 256 3.4
336 90 290 2.4
337 0 0 4.3
337 10 43 4.9
337 20 92 2.8
337 30 120 4.1
337 40 161 1.3
337 50 174 2.3
337 60 197 4.7
337 70 244 1.2
337 80 256 3.4
337 90 290 2.4
338 0 0 4.3
338 10 43 4.9
338 20 92 2.8
338 30 120 4.1
338 40 161 1.3
338 50 174 2.3
338 60 197 4.7
338 70 244 1.2
338 80 256 3.4
338 90 290 2.4
339 0 0 4.3
339 10 43 4.9
339 20 92 2.8
339 30 120 4.1
339 40 161 1.3
339 50 174 2.3
339 60 197 4.7
339 70 244 1.2
339 80 256 3.4
339 90 290 2.4
340 0 0 4.3
340 10 43 4.9
340 20 92 2.8
340 30 120 4.1
340 40 161 1.3
340 50 174 2.3
340 60 197 4.7
340 70 244 1.2
340 80 256 3.4
340 90 290 2.4
341 0 0 4.3
341 10 43 4.9
341 20 92 2.8
341 30 120 4.1
341 40 161 1.3
341 50 174 2.3
341 60 197 4.7
341 70 244 1.2
341 80 256 3.4
341 90 290 2.4
342 0 0 4.3
342 10 43 4.9
342 20 92 2.8
342 30 120 4.1
342 40 161 1.3
342 50 174 2.3
342 60 197 4.7
342 70 244 1.2
342 80 256 3.4
342 90 290 2.4
343 0 0 4.3
343 10 43 4.9
343 20 92 2.8
343 30 120 4.1
343 40 161 1.3
343 50 174 2.3
343 60 197 4.7
343 70 244 1.2
343 80 256 3.4
343 90 290 2.4
344 0 0 4.3
344 10 43 4.9
344 20 92 2.8
344 30 120 4.1
344 40 161 1.3
344 50 174 2.3
344 60 197 4.7
344 70 244 1.2
344 80 256 3.4
344 90 290 2.4
345 0 0 4.3
345 10 43 4.9
345 20 92 2.8
345 30 120 4.1
345 40 161 1.3
345 50 174 2.3
345 60 197 4.7
345 70 244 1.2
345 80 256 3.4
345 90 290 2.4
346 0 0 4.3
346 10 43 4.9
346 20 92 2.8
346 30 120 4.1
346 40 161 1.3
346 50 174 2.3
346 60 197 4.7
346 70 244 1.2
346 80 256 3.4
346 90 290 2.4
347 0 0 4.3
347 10 43 4.9
347 20 92 2.8
347 30 120 4.1
347 40 161 1.3
347 50 174 2.3
347 60 197 4.7
347 70 244 1.2
347 80 256 3.4
347 90 290 2.4
348 0 0 4.3
348 10 43 4.9
348 20 92 2.8
348 30 120 4.1
348 40 161 1.3
348 50 174 2.3
348 60 197 4.7
348 70 244 1.2
348 80 256 3.4
348 90 290 2.4
349 0 0 4.3
349 10 43 4.9
349 20 92 2.8
349 30 120 4.1
349 40 161 1.3
349 50 174 2.3
349 60 197 4.7
349 70 244 1.2
349 80 256 3.4
349 90 290 2.4
350 0 0 4.3
350 10 43 4.9
350 20 92 2.8
350 30 120 4.1
350 40 161 1.3
350 50 174 2.3
350 60 197 4.7
350 70 244 1.2
350 80 256 3.4
350 90 290 2.4
351 0 0 4.3
351 10 43 4.9
351 20 92 2.8
351 30 120 4.1
351 40 161 1.3
351 50 174 2.3
351 60 197 4.7
351 70 244 1.2
351 80 256 3.4
351 90 290 2.4
352 0 0 4.3
352 10 43 4.9
352 20 92 2.8
352 30 120 4.1
352 40 161 1.3
352 50 174 2.3
352 60 197 4.7
352 70 244 1.2
352 80 256 3.4
352 90 290 2.4
353 0 0 4.3
353 10 43 4.9
353 20 92 2.8
353 30 120 4.1
353 40 161 1.3
353 50 174 2.3
353 60 197 4.7
353 70 244 1.2
353 80 256 3.4
353 90 290 2.4
354 0 0 4.3
354 10 43 4.9
354 20 92 2.8
354 30 120 4.1
354 40 161 1.3
354 50 174 2.3
354 60 197 4.7
354 70 244 1.2
354 80 256 3.4
354 90 290 2.4
355 0 0 4.3
355 10 43 4.9
355 20 92 2.8
355 30 120 4.1
355 40 161 1.3
355 50 174 2.3
355 60 197 4.7
355 70 244 1.2
355 80 256 3.4
355 90 290 2.4
356 0 0 4.3
356 10 43 4.9
356 20 92 2.8
356 30 120 4.1
356 40 161 1.3
356 50 174 2.3
356 60 197 4.7
356 70 244 1.2
356 80 256 3.4
356 90 290 2.4
357 0 0 4.3
357 10 43 4.9
357 20 92 2.8
357 30 120 4.1
357 40 161 1.3
357 50 174 2.3
357 60 197 4.7
357 70 244 1.2
357 80 256 3.4
357 90 290 2.4
358 0 0 4.3
358 10 43 4.9
358 20 92 2.8
358 30 120 4.1
358 40 161 1.3
358 50 174 2.3
358 60 197 4.7
358 70 244 1.2
358 80 256 3.4
358 90 290 2.4
359 0 0 4.3
359 10 43 4.9
359 20 92 2.8
359 30 120 4.1
359 40 161 1.3
359 50 174 2.3
359 60 197 4.7
359 70 244 1.2
359 80 256 3.4
359 90 290 2.4
360 0 0 4.3
360 10 43 4.9
360 20 92 2.8
360 30 120 4.1
360 40 161 1.3
360 50 174 2.3
360 60 197 4.7
360 70 244 1.2
360 80 256 3.4
360 90 290 2.4
361 0 0 4.3
361 10 43 4.9
361 20 92 2.8
361 30 120 4.1
361 40 161 1.3
361 50 174 2.3
361 60 197 4.7
361 70 244 1.2
361 80 256 3.4
361 90 290 2.4
362 0 0 4.3
362 10 43 4.9
362 20 92 2.8
362 30 120 4.1
362 40 161 1.3
362 50 174 2.3
362 60 197 4.7
362 70 244 1.2
362 80 256 3.4
362 90 290 2.4
363 0 0 4.3
363 10 43 4.9
363 20 92 2.8
363 30 120 4.1
363 40 161 1.3
363 50 174 2.3
363 60 197 4.7
363 70 244 1.2
363 80 256 3.4
363 90 290 2.4
364 0 0 4.3
364 10 43 4.9
364 20 92 2.8
364 30 120 4.1
364 40 161 1.3
364 50 174 2.3
364 60 197 4.7
364 70 244 1.2
364 80 256 3.4
364 90 290 2.4
365 0 0 4.3
365 10 43 4.9
365 20 92 2.8
365 30 120 4.1
365 40 161 1.3
365 50 174 2.3
365 60 197 4.7
365 70 244 1.2
365 80 256 3.4
365 90 290 2.4
366 0 0 4.3
366 10 43 4.9
366 20 92 2.8
366 30 120 4.1
366 40 161 1.3
366 50 174 2.3
366 60 197 4.7
366 70 244 1.2
366 80 256 3.4
366 90 290 2.4
367 0 0 4.3
367 10 43 4.9
367 20 92 2.8
367 30 120 4.1
367 40 161 1.3
367 50 174 2.3
367 60 197 4.7
367 70 244 1.2
367 80 256 3.4
367 90 290 2.4
368 0 0 4.3
368 10 43 4.9
368 20 92 2.8
368 30 120 4.1
368 40 161 1.3
368 50 174 2.3
368 60 197 4.7
368 70 244 1.2
368 80 256 3.4
368 90 290 2.4
369 0 0 4.3
369 10 43 4.9
369 20 92 2.8
369 30 120 4.1
369 40 161 1.3
369 50 174 2.3
369 60 197 4.7
369 70 244 1.2
369 80 256 3.4
369 90 290 2.4
370 0 0 4.3
370 10 43 4.9
370 20 92 2.8
370 30 120 4.1
370 40 161 1.3
370 50 174 2.3
370 60 197 4.7
370 70 244 1.2
370 80 256 3.4
370 90 290 2.4
371 0 0 4.3
371 10 43 4.9
371 20 92 2.8
371 30 120 4.1
371 40 161 1.3
371 50 174 2.3
371 60 197 4.7
371 70 244 1.2
371 80 256 3.4
371 90 290 2.4
372 0 0 4.3
372 10 43 4.9
372 20 92 2.8
372 30 120 4.1
372 40 161 1.3
372 50 174 2.3
372 60 197 4.7
372 70 244 1.2
372 80 256 3.4
372 90 290 2.4
373 0 0 4.3
373 10 43 4.9
373 20 92 2.8
373 30 120 4.1
373 40 161 1.3
373 50 174 2.3
373 60 197 4.7
373 70 244 1.2
373 80 256 3.4
373 90 290 2.4
374 0 0 4.3
374 10 43 4.9
374 20 92 2.8
374 30 120 4.1
374 40 161 1.3
374 50 174 2.3
374 60 197 4.7
374 70 244 1.2
374 80 256 3.4
374 90 290 2.4
375 0 0 4.3
375 10 43 4.9
375 20 92 2.8
375 30 120 4.1
375 40 161 1.3
375 50 174 2.3
375 60 197 4.7
375 70 244 1.2
375 80 256 3.4
375 90 290 2.4
376 0 0 4.3
376 10 43 4.9
376 20 92 2.8
376 30 120 4.1
376 40 161 1.3
376 50 174 2.3
376 60 197 4.7
376 70 244 1.2
376 80 256 3.4
376 90 290 2.4
377 0 0 4.3
377 10 43 4.9
377 20 92 2.8
377 30 120 4.1
377 40 161 1.3
377 50 174 2.3
377 60 197 4.7
377 70 244 1.2
377 80 256 3.4
377 90 290 2.4
378 0 0 4.3
378 10 43 4.9
378 20 92 2.8
378 30 120 4.1
378 40 161 1.3
378 50 174 2.3
378 60 197 4.7
378 70 244 1.2
378 80 256 3.4
378 90 290 2.4
379 0 0 4.3
379 10 43 4.9
379 20 92 2.8
379 30 120 4.1
379 40 161 1.3
379 50 174 2.3
379 60 197 4.7
379 70 244 1.2
379 80 256 3.4
379 90 290 2.4
380 0 0 4.3
380 10 43 4.9
380 20 92 2.8
380 30 120 4.1
380 40 161 1.3
380 50 174 2.3
380 60 197 4.7
380 70 244 1.2
380 80 256 3.4
380 90 290 2.4
381 0 0 4.3
381 10 43 4.9
381 20 92 2.8
381 30 120 4.1
381 40 161 1.3
381 50 174 2.3
381 60 197 4.7
381 70 244 1.2
381 80 256 3.4
381 90 290 2.4
382 0 0 4.3
382 10 43 4.9
382 20 92 2.8
382 30 120 4.1
382 40 161 1.3
382 50 174 2.3
382 60 197 4.7
382 70 244 1.2
382 80 256 3.4
382 90 290 2.4
383 0 0 4.3
383 10 43 4.9
383 20 92 2.8
383 30 120 4.1
383 40 161 1.3
383 50 174 2.3
383 60 197 4.7
383 70 244 1.2
383 80 256 3.4
383 90 290 2.4
384 0 0 4.3
384 10 43 4.9
384 20 92 2.8
384 30 120 4.1
384 40 161 1.3
384 50 174 2.3
384 60 197 4.7
384 70 244 1.2
384 80 256 3.4
384 90 290 2.4
385 0 0 4.3
385 10 43 4.9
385 20 92 2.8
385 30 120 4.1
385 40 161 1.3
385 50 174 2.3
385 60 197 4.7
385 70 244 1.2
385 80 256 3.4
385 90 290 2.4
386 0 0 4.3
386 10 43 4.9
386 20 92 2.8
386 30 120 4.1
386 40 161 1.3
386 50 174 2.3
386 60 197 4.7
386 70 244 1.2
386 80 256 3.4
386 90 290 2.4
387 0 0 4.3
387 10 43 4.9
387 20 92 2.8
387 30 120 4.1
387 40 161 1.3
387 50 174 2.3
387 60 197 4.7
387 70 244 1.2
387 80 256 3.4
387 90 290 2.4
388 0 0 4.3
388 10 43 4.9
388 20 92 2.8
388 30 120 4.1
388 40 161 1.3
388 50 174 2.3
388 60 197 4.7
388 70 244 1.2
388 80 256 3.4
388 90 290 2.4
389 0 0 4.3
389 10 43 4.9
389 20 92 2.8
389 30 120 4.1
389 40 161 1.3
389 50 174 2.3
389 60 197 4.7
389 70 244 1.2
389 80 256 3.4
389 90 290 2.4
390 0 0 4.3
390 10 43 4.9
390 20 92 2.8
390 30 120 4.1
390 40 161 1.3
390 50 174 2.3
390 60 197 4.7
390 70 244 1.2
390 80 256 3.4
390 90 290 2.4
391 0 0 4.3
391 10 43 4.9
391 20 92 2.8
391 30 120 4.1
391 40 161 1.3
391 50 174 2.3
391 60 197 4.7
391 70 244 1.2
391 80 256 3.4
391 90 290 2.4
392 0 0 4.3
392 10 43 4.9
392 20 92 2.8
392 30 120 4.1
392 40 161 1.3
392 50 174 2.3
392 60 197 4.7
392 70 244 1.2
392 80 256 3.4
392 90 290 2.4
393 0 0 4.3
393 10 43 4.9
393 20 92 2.8
393 30 120 4.1
393 40 161 1.3
393 50 174 2.3
393 60 197 4.7
393 70 244 1.2
393 80 256 3.4
393 90 290 2.4
394 0 0 4.3
394 10 43 4.9
394 20 92 2.8
394 30 120 4.1
394 40 161 1.3
394 50 174 2.3
394 60 197 4.7
394 70 244 1.2
394 80 256 3.4
394 90 290 2.4
395 0 0 4.3
395 10 43 4.9
395 20 92 2.8
395 30 120 4.1
395 40 161 1.3
395 50 174 2.3
395 60 197 4.7
395 70 244 1.2
395 80 256 3.4
395 90 290 2.4
396 0 0 4.3
396 10 43 4.9
396 20 92 2.8
396 30 120 4.1
396 40 161 1.3
396 50 174 2.3
396 60 197 4.7
396 70 244 1.2
396 80 256 3.4
396 90 290 2.4
397 0 0 4.3
397 10 43 4.9
397 20 92 2.8
397 30 120 4.1
397 40 161 1.3
397 50 174 2.3
397 60 197 4.7
397 70 244 1.2
397 80 256 3.4
397 90 290 2.4
398 0 0 4.3
398 10 43 4.9
398 20 92 2.8
398 30 120 4.1
398 40 161 1.3
398 50 174 2.3
398 60 197 4.7
398 70 244 1.2
398 80 256 3.4
398 90 290 2.4
399 0 0 4.3
399 10 43 4.9
399 20 92 2.8
399 30 120 4.1
399 40 161 1.3
399 50 174 2.3
399 60 197 4.7
399 70 244 1.2
399 80 256 3.4
399 90 290 2.4
400 0 0 4.3
400 10 43 4.9
400 20 92 2.8
400 30 120 4.1
400 40 161 1.3
400 50 174 2.3
400 60 197 4.7
400 70 244 1.2
400 80 256 3.4
400 90 290 2.4
401 0 0 4.3
401 10 43 4.9
401 20 92 2.8
401 30 120 4.1
401 40 161 1.3
401 50 174 2.3
401 60 197 4.7
401 70 244 1.2
401 80 256 3.4
401 90 290 2.4
402 0 0 4.3
402 10 43 4.9
402 20 92 2.8
402 30 120 4.1
402 40 161 1.3
402 50 174 2.3
402 60 197 4.7
402 70 244 1.2
402 80 256 3.4
402 90 290 2.4
403 0 0 4.3
403 10 43 4.9
403 20 92 2.8
403 30 120 4.1
403 40 161 1.3
403 50 174 2.3
403 60 197 4.7
403 70 244 1.2
403 80 256 3.4
403 90 290 2.4
404 0 0 4.3
404 10 43 4.9
404 20 92 2.8
404 30 120 4.1
404 40 161 1.3
404 50 174 2.3
404 60 197 4.7
404 70 244 1.2
404 80 256 3.4
404 90 290 2.4
405 0 0 4.3
405 10 43 4.9
405 20 92 2.8
405 30 120 4.1
405 40 161 1.3
405 50 174 2.3
405 60 197 4.7
405 70 244 1.2
405 80 256 3.4
405 90 290 2.4
406 0 0 4.3
406 10 43 4.9
406 20 92 2.8
406 30 120 4.1
406 40 161 1.3
406 50 174 2.3
406 60 197 4.7
406 70 244 1.2
406 80 256 3.4
406 90 290 2.4
407 0 0 4.3
407 10 43 4.9
407 20 92 2.8
407 30 120 4.1
407 40 161 1.3
407 50 174 2.3
407 60 197 4.7
407 70 244 1.2
407 80 256 3.4
407 90 290 2.4
408 0 0 4.3
408 10 43 4.9
408 20 92 2.8
408 30 120 4.1
408 40 161 1.3
408 50 174 2.3
408 60 197 4.7
408 70 244 1.2
408 80 256 3.4
408 90 290 2.4
409 0 0 4.3
409 10 43 4.9
409 20 92 2.8
409 30 120 4.1
409 40 161 1.3
409 50 174 2.3
409 60 197 4.7
409 70 244 1.2
409 80 256 3.4
409 90 290 2.4
410 0 0 4.3
410 10 43 4.9
410 20 92 2.8
410 30 120 4.1
410 40 161 1.3
410 50 174 2.3
410 60 197 4.7
410 70 244 1.2
410 80 256 3.4
410 90 290 2.4
411 0 0 4.3
411 10 43 4.9
411 20 92 2.8
411 30 120 4.1
411 40 161 1.3
411 50 174 2.3
411 60 197 4.7
411 70 244 1.2
411 80 256 3.4
411 90 290 2.4
412 0 0 4.3
412 10 43 4.9
412 20 92 2.8
412 30 120 4.1
412 40 161 1.3
412 50 174 2.3
412 60 197 4.7
412 70 244 1.2
412 80 256 3.4
412 90 290 2.4
413 0 0 4.3
413 10 43 4.9
413 20 92 2.8
413 30 120 4.1
413 40 161 1.3
413 50 174 2.3
413 60 197 4.7
413 70 244 1.2
413 80 256 3.4
413 90 290 2.4
414 0 0 4.3
414 10 43 4.9
414 20 92 2.8
414 30 120 4.1
414 40 161 1.3
414 50 174 2.3
414 60 197 4.7
414 70 244 1.2
414 80 256 3.4
414 90 290 2.4
415 0 0 4.3
415 10 43 4.9
415 20 92 2.8
415 30 120 4.1
415 40 161 1.3
415 50 174 2.3
415 60 197 4.7
415 70 244 1.2
415 80 256 3.4
415 90 290 2.4
416 0 0 4.3
416 10 43 4.9
416 20 92 2.8
416 30 120 4.1
416 40 161 1.3
416 50 174 2.3
416 60 197 4.7
416 70 244 1.2
416 80 256 3.4
416 90 290 2.4
417 0 0 4.3
417 10 43 4.9
417 20 92 2.8
417 30 120 4.1
417 40 161 1.3
417 50 174 2.3
417 60 197 4.7
417 70 244 1.2
417 80 256 3.4
417 90 290 2.4
418 0 0 4.3
418 10 43 4.9
418 20 92 2.8
418 30 120 4.1
418 40 161 1.3
418 50 174 2.3
418 60 197 4.7
418 70 244 1.2
418 80 256 3.4
418 90 290 2.4
419 0 0 4.3
419 10 43 4.9
419 20 92 2.8
419 30 120 4.1
419 40 161 1.3
419 50 174 2.3
419 60 197 4.7
419 70 244 1.2
419 80 256 3.4
419 90 290 2.4
420 0 0 4.3
420 10 43 4.9
420 20 92 2.8
420 30 120 4.1
420 40 161 1.3
420 50 174 2.3
420 60 197 4.7
420 70 244 1.2
420 80 256 3.4
420 90 290 2.4
421 0 0 4.3
421 10 43 4.9
421 20 92 2.8
421 30 120 4.1
421 40 161 1.3
421 50 174 2.3
421 60 197 4.7
421 70 244 1.2
421 80 256 3.4
421 90 290 2.4
422 0 0 4.3
422 10 43 4.9
422 20 92 2.8
422 30 120 4.1
422 40 161 1.3
422 50 174 2.3
422 60 197 4.7
422 70 244 1.2
422 80 256 3.4
422 90 290 2.4
423 0 0 4.3
423 10 43 4.9
423 20 92 2.8
423 30 120 4.1
423 40 161 1.3
423 50 174 2.3
423 60 197 4.7
423 70 244 1.2
423 80 256 3.4
423 90 290 2.4
424 0 0 4.3
424 10 43 4.9
424 20 92 2.8
424 30 120 4.1
424 40 161 1.3
424 50 174 2.3
424 60 197 4.7
424 70 244 1.2
424 80 256 3.4
424 90 290 2.4
425 0 0 4.3
425 10 43 4.9
425 20 92 2.8
425 30 120 4.1
425 40 161 1.3
425 50 174 2.3
425 60 197 4.7
425 70 244 1.2
425 80 256 3.4
425 90 290 2.4
426 0 0 4.3
426 10 43 4.9
426 20 92 2.8
426 30 120 4.1
426 40 161 1.3
426 50 174 2.3
426 60 197 4.7
426 70 244 1.2
426 80 256 3.4
426 90 290 2.4
427 0 0 4.3
427 10 43 4.9
427 20 92 2.8
427 30 120 4.1
427 40 161 1.3
427 50 174 2.3
427 60 197 4.7
427 70 244 1.2
427 80 256 3.4
427 90 290 2.4
428 0 0 4.3
428 10 43 4.9
428 20 92 2.8
428 30 120 4.1
428 40 161 1.3
428 50 174 2.3
428 60 197 4.7
428 70 244 1.2
428 80 256 3.4
428 90 290 2.4
429 0 0 4.3
429 10 43 4.9
429 20 92 2.8
429 30 120 4.1
429 40 161 1.3
429 50 174 2.3
429 60 197 4.7
429 70 244 1.2
429 80 256 3.4
429 90 290 2.4
430 0 0 4.3
430 10 43 4.9
430 20 92 2.8
430 30 120 4.1
430 40 161 1.3
430 50 174 2.3
430 60 197 4.7
430 70 244 1.2
430 80 256 3.4
430 90 290 2.4
431 0 0 4.3
431 10 43 4.9
431 20 92 2.8
431 30 120 4.1
431 40 161 1.3
431 50 174 2.3
431 60 197 4.7
431 70 244 1.2
431 80 256 3.4
431 90 290 2.4
432 0 0 4.3
432 10 43 4.9
432 20 92 2.8
432 30 120 4.1
432 40 161 1.3
432 50 174 2.3
432 60 197 4.7
432 70 244 1.2
432 80 256 3.4
432 90 290 2.4
433 0 0 4.3
433 10 43 4.9
433 20 92 2.8
433 30 120 4.1
433 40 161 1.3
433 50 174 2.3
433 60 197 4.7
433 70 244 1.2
433 80 256 3.4
433 90 290 2.4
434 0 0 4.3
434 10 43 4.9
434 20 92 2.8
434 30 120 4.1
434 40 161 1.3
434 50 174 2.3
434 60 197 4.7
434 70 244 1.2
434 80 256 3.4
434 90 290 2.4
435 0 0 4.3
435 10 43 4.9
435 20 92 2.8
435 30 120 4.1
435 40 161 1.3
435 50 174 2.3
435 60 197 4.7
435 70 244 1.2
435 80 256 3.4
435 90 290 2.4
436 0 0 4.3
436 10 43 4.9
436 20 92 2.8
436 30 120 4.1
436 40 161 1.3
436 50 174 2.3
436 60 197 4.7
436 70 244 1.2
436 80 256 3.4
436 90 290 2.4
437 0 0 4.3
437 10 43 4.9
437 20 92 2.8
437 30 120 4.1
437 40 161 1.3
437 50 174 2.3
437 60 197 4.7
437 70 244 1.2
437 80 256 3.4
437 90 290 2.4
438 0 0 4.3
438 10 43 4.9
438 20 92 2.8
438 30 120 4.1
438 40 161 1.3
438 50 174 2.3
438 60 197 4.7
438 70 244 1.2
438 80 256 3.4
438 90 290 2.4
439 0 0 4.3
439 10 43 4.9
439 20 92 2.8
439 30 120 4.1
439 40 161 1.3
439 50 174 2.3
439 60 197 4.7
439 70 244 1.2
439 80 256 3.4
439 90 290 2.4
440 0 0 4.3
440 10 43 4.9
440 20 92 2.8
440 30 120 4.1
440 40 161 1.3
440 50 174 2.3
440 60 197 4.7
440 70 244 1.2
440 80 256 3.4
440 90 290 2.4
441 0 0 4.3
441 10 43 4.9
441 20 92 2.8
441 30 120 4.1
441 40 161 1.3
441 50 174 2.3
441 60 197 4.7
441 70 244 1.2
441 80 256 3.4
441 90 290 2.4
442 0 0 4.3
442 10 43 4.9
442 20 92 2.8
442 30 120 4.1
442 40 161 1.3
442 50 174 2.3
442 60 197 4.7
442 70 244 1.2
442 80 256 3.4
442 90 290 2.4
443 0 0 4.3
443 10 43 4.9
443 20 92 2.8
443 30 120 4.1
443 40 161 1.3
443 50 174 2.3
443 60 197 4.7
443 70 244 1.2
443 80 256 3.4
443 90 290 2.4
444 0 0 4.3
444 10 43 4.9
444 20 92 2.8
444 30 120 4.1
444 40 161 1.3
444 50 174 2.3
444 60 197 4.7
444 70 244 1.2
444 80 256 3.4
444 90 290 2.4
445 0 0 4.3
445 10 43 4.9
445 20 92 2.8
445 30 120 4.1
445 40 161 1.3
445 50 174 2.3
445 60 197 4.7
445 70 244 1.2
445 80 256 3.4
445 90 290 2.4
446 0 0 4.3
446 10 43 4.9
446 20 92 2.8
446 30 120 4.1
446 40 161 1.3
446 50 174 2.3
446 60 197 4.7
446 70 244 1.2
446 80 256 3.4
446 90 290 2.4
447 0 0 4.3
447 10 43 4.9
447 20 92 2.8
447 30 120 4.1
447 40 161 1.3
447 50 174 2.3
447 60 197 4.7
447 70 244 1.2
447 80 256 3.4
447 90 290 2.4
448 0 0 4.3
448 10 43 4.9
448 20 92 2.8
448 30 120 4.1
448 40 161 1.3
448 50 174 2.3
448 60 197 4.7
448 70 244 1.2
448 80 256 3.4
448 90 290 2.4
449 0 0 4.3
449 10 43 4.9
449 20 92 2.8
449 30 120 4.1
449 40 161 1.3
449 50 174 2.3
449 60 197 4.7
449 70 244 1.2
449 80 256 3.4
449 90 290 2.4
450 0 0 4.3
450 10 43 4.9
450 20 92 2.8
450 30 120 4.1
450 40 161 1.3
450 50 174 2.3
450 60 197 4.7
450 70 244 1.2
450 80 256 3.4
450 90 290 2.4
451 0 0 4.3
451 10 43 4.9
451 20 92 2.8
451 30 120 4.1
451 40 161 1.3
451 50 174 2.3
451 60 197 4.7
451 70 244 1.2
451 80 256 3.4
451 90 290 2.4
452 0 0 4.3
452 10 43 4.9
452 20 92 2.8
452 30 120 4.1
452 40 161 1.3
452 50 174 2.3
452 60 197 4.7
452 70 244 1.2
452 80 256 3.4
452 90 290 2.4
453 0 0 4.3
453 10 43 4.9
453 20 92 2.8
453 30 120 4.1
453 40 161 1.3
453 50 174 2.3
453 60 197 4.7
453 70 244 1.2
453 80 256 3.4
453 90 290 2.4
454 0 0 4.3
454 10 43 4.9
454 20 92 2.8
454 30 120 4.1
454 40 161 1.3
454 50 174 2.3
454 60 197 4.7
454 70 244 1.2
454 80 256 3.4
454 90 290 2.4
455 0 0 4.3
455 10 43 4.9
455 20 92 2.8
455 30 120 4.1
455 40 161 1.3
455 50 174 2.3
455 60 197 4.7
455 70 244 1.2
455 80 256 3.4
455 90 290 2.4
456 0 0 4.3
456 10 43 4.9
456 20 92 2.8
456 30 120 4.1
456 40 161 1.3
456 50 174 2.3
456 60 197 4.7
456 70 244 1.2
456 80 256 3.4
456 90 290 2.4
457 0 0 4.3
457 10 43 4.9
457 20 92 2.8
457 30 120 4.1
457 40 161 1.3
457 50 174 2.3
457 60 197 4.7
457 70 244 1.2
457 80 256 3.4
457 90 290 2.4
458 0 0 4.3
458 10 43 4.9
458 20 92 2.8
458 30 120 4.1
458 40 161 1.3
458 50 174 2.3
458 60 197 4.7
458 70 244 1.2
458 80 256 3.4
458 90 290 2.4
459 0 0 4.3
459 10 43 4.9
459 20 92 2.8
459 30 120 4.1
459 40 161 1.3
459 50 174 2.3
459 60 197 4.7
459 70 244 1.2
459 80 256 3.4
459 90 290 2.4
460 0 0 4.3
460 10 43 4.9
460 20 92 2.8
460 30 120 4.1
460 40 161 1.3
460 50 174 2.3
460 60 197 4.7
460 70 244 1.2
460 80 256 3.4
460 90 290 2.4
461 0 0 4.3
461 10 43 4.9
461 20 92 2.8
461 30 120 4.1
461 40 161 1.3
461 50 174 2.3
461 60 197 4.7
461 70 244 1.2
461 80 256 3.4
461 90 290 2.4
462 0 0 4.3
462 10 43 4.9
462 20 92 2.8
462 30 120 4.1
462 40 161 1.3
462 50 174 2.3
462 60 197 4.7
462 70 244 1.2
462 80 256 3.4
462 90 290 2.4
463 0 0 4.3
463 10 43 4.9
463 20 92 2.8
463 30 120 4.1
463 40 161 1.3
463 50 174 2.3
463 60 197 4.7
463 70 244 1.2
463 80 256 3.4
463 90 290 2.4
464 0 0 4.3
464 10 43 4.9
464 20 92 2.8
464 30 120 4.1
464 40 161 1.3
464 50 174 2.3
464 60 197 4.7
464 70 244 1.2
464 80 256 3.4
464 90 290 2.4
465 0 0 4.3
465 10 43 4.9
465 20 92 2.8
465 30 120 4.1
465 40 161 1.3
465 50 174 2.3
465 60 197 4.7
465 70 244 1.2
465 80 256 3.4
465 90 290 2.4
466 0 0 4.3
466 10 43 4.9
466 20 92 2.8
466 30 120 4.1
466 40 161 1.3
466 50 174 2.3
466 60 197 4.7
466 70 244 1.2
466 80 256 3.4
466 90 290 2.4
467 0 0 4.3
467 10 43 4.9
467 20 92 2.8
467 30 120 4.1
467 40 161 1.3
467 50 174 2.3
467 60 197 4.7
467 70 244 1.2
467 80 256 3.4
467 90 290 2.4
468 0 0 4.3
468 10 43 4.9
468 20 92 2.8
468 30 120 4.1
468 40 161 1.3
468 50 174 2.3
468 60 197 4.7
468 70 244 1.2
468 80 256 3.4
468 90 290 2.4
469 0 0 4.3
469 10 43 4.9
469 20 92 2.8
469 30 120 4.1
469 40 161 1.3
469 50 174 2.3
469 60 197 4.7
469 70 244 1.2
469 80 256 3.4
469 90 290 2.4
470 0 0 4.3
470 10 43 4.9
470 20 92 2.8
470 30 120 4.1
470 40 161 1.3
470 50 174 2.3
470 60 197 4.7
470 70 244 1.2
470 80 256 3.4
470 90 290 2.4
471 0 0 4.3
471 10 43 4.9
471 20 92 2.8
471 30 120 4.1
471 40 161 1.3
471 50 174 2.3
471 60 197 4.7
471 70 244 1.2
471 80 256 3.4
471 90 290 2.4
472 0 0 4.3
472 10 43 4.9
472 20 92 2.8
472 30 120 4.1
472 40 161 1.3
472 50 174 2.3
472 60 197 4.7
472 70 244 1.2
472 80 256 3.4
472 90 290 2.4
473 0 0 4.3
473 10 43 4.9
473 20 92 2.8
473 30 120 4.1
473 40 161 1.3
473 50 174 2.3
473 60 197 4.7
473 70 244 1.2
473 80 256 3.4
473 90 290 2.4
474 0 0 4.3
474 10 43 4.9
474 20 92 2.8
474 30 120 4.1
474 40 161 1.3
474 50 174 2.3
474 60 197 4.7
474 70 244 1.2
474 80 256 3.4
474 90 290 2.4
475 0 0 4.3
475 10 43 4.9
475 20 92 2.8
475 30 120 4.1
475 40 161 1.3
475 50 174 2.3
475 60 197 4.7
475 70 244 1.2
475 80 256 3.4
475 90 290 2.4
476 0 0 4.3
476 10 43 4.9
476 20 92 2.8
476 30 120 4.1
476 40 161 1.3
476 50 174 2.3
476 60 197 4.7
476 70 244 1.2
476 80 256 3.4
476 90 290 2.4
477 0 0 4.3
477 10 43 4.9
477 20 92 2.8
477 30 120 4.1
477 40 161 1.3
477 50 174 2.3
477 60 197 4.7
477 70 244 1.2
477 80 256 3.4
477 90 290 2.4
478 0 0 4.3
478 10 43 4.9
478 20 92 2.8
478 30 120 4.1
478 40 161 1.3
478 50 174 2.3
478 60 197 4.7
478 70 244 1.2
478 80 256 3.4
478 90 290 2.4
479 0 0 4.3
479 10 43 4.9
479 20 92 2.8
479 30 120 4.1
479 40 161 1.3
479 50 174 2.3
479 60 197 4.7
479 70 244 1.2
479 80 256 3.4
479 90 290 2.4
480 0 0 4.3
480 10 43 4.9
480 20 92 2.8
480 30 120 4.1
480 40 161 1.3
480 50 174 2.3
480 60 197 4.7
480 70 244 1.2
480 80 256 3.4
480 90 290 2.4
481 0 0 4.3
481 10 43 4.9
481 20 92 2.8
481 30 120 4.1
481 40 161 1.3
481 50 174 2.3
481 60 197 4.7
481 70 244 1.2
481 80 256 3.4
481 90 290 2.4
482 0 0 4.3
482 10 43 4.9
482 20 92 2.8
482 30 120 4.1
482 40 161 1.3
482 50 174 2.3
482 60 197 4.7
482 70 244 1.2
482 80 256 3.4
482 90 290 2.4
483 0 0 4.3
483 10 43 4.9
483 20 92 2.8
483 30 120 4.1
483 40 161 1.3
483 50 174 2.3
483 60 197 4.7
483 70 244 1.2
483 80 256 3.4
483 90 290 2.4
484 0 0 4.3
484 10 43 4.9
484 20 92 2.8
484 30 120 4.1
484 40 161 1.3
484 50 174 2.3
484 60 197 4.7
484 70 244 1.2
484 80 256 3.4
484 90 290 2.4
485 0 0 4.3
485 10 43 4.9
485 20 92 2.8
485 30 120 4.1
485 40 161 1.3
485 50 174 2.3
485 60 197 4.7
485 70 244 1.2
485 80 256 3.4
485 90 290 2.4
486 0 0 4.3
486 10 43 4.9
486 20 92 2.8
486 30 120 4.1
486 40 161 1.3
486 50 174 2.3
486 60 197 4.7
486 70 244 1.2
486 80 256 3.4
486 90 290 2.4
487 0 0 4.3
487 10 43 4.9
487 20 92 2.8
487 30 120 4.1
487 40 161 1.3
487 50 174 2.3
487 60 197 4.7
487 70 244 1.2
487 80 256 3.4
487 90 290 2.4
488 0 0 4.3
488 10 43 4.9
488 20 92 2.8
488 30 120 4.1
488 40 161 1.3
488 50 174 2.3
488 60 197 4.7
488 70 244 1.2
488 80 256 3.4
488 90 290 2.4
489 0 0 4.3
489 10 43 4.9
489 20 92 2.8
489 30 120 4.1
489 40 161 1.3
489 50 174 2.3
489 60 197 4.7
489 70 244 1.2
489 80 256 3.4
489 90 290 2.4
490 0 0 4.3
490 10 43 4.9
490 20 92 2.8
490 30 120 4.1
490 40 161 1.3
490 50 174 2.3
490 60 197 4.7
490 70 244 1.2
490 80 256 3.4
490 90 290 2.4
491 0 0 4.3
491 10 43 4.9
491 20 92 2.8
491 30 120 4.1
491 40 161 1.3
491 50 174 2.3
491 60 197 4.7
491 70 244 1.2
491 80 256 3.4
491 90 290 2.4
492 0 0 4.3
492 10 43 4.9
492 20 92 2.8
492 30 120 4.1
492 40 161 1.3
492 50 174 2.3
492 60 197 4.7
492 70 244 1.2
492 80 256 3.4
492 90 290 2.4
493 0 0 4.3
493 10 43 4.9
493 20 92 2.8
493 30 120 4.1
493 40 161 1.3
493 50 174 2.3
493 60 197 4.7
493 70 244 1.2
493 80 256 3.4
493 90 290 2.4
494 0 0 4.3
494 10 43 4.9
494 20 92 2.8
494 30 120 4.1
494 40 161 1.3
494 50 174 2.3
494 60 197 4.7
494 70 244 1.2
494 80 256 3.4
494 90 290 2.4
495 0 0 4.3
495 10 43 4.9
495 20 92 2.8
495 30 120 4.1
495 40 161 1.3
495 50 174 2.3
495 60 197 4.7
495 70 244 1.2
495 80 256 3.4
495 90 290 2.4
496 0 0 4.3
496 10 43 4.9
496 20 92 2.8
496 30 120 4.1
496 40 161 1.3
496 50 174 2.3
496 60 197 4.7
496 70 244 1.2
496 80 256 3.4
496 90 290 2.4
497 0 0 4.3
497 10 43 4.9
497 20 92 2.8
497 30 120 4.1
497 40 161 1.3
497 50 174 2.3
497 60 197 4.7
497 70 244 1.2
497 80 256 3.4
497 90 290 2.4
498 0 0 4.3
498 10 43 4.9
498 20 92 2.8
498 30 120 4.1
498 40 161 1.3
498 50 174 2.3
498 60 197 4.7
498 70 244 1.2
498 80 256 3.4
498 90 290 2.4
499 0 0 4.3
499 10 43 4.9
499 20 92 2.8
499 30 120 4.1
499 40 161 1.3
499 50 174 2.3
499 60 197 4.7
499 70 244 1.2
499 80 256 3.4
499 90 290 2.4
