500 10
0 0 0 4.3
0 200 860 1.1
0 400 1080 2.5
0 600 1580 0.6
0 800 1700 4.2
0 1000 2540 4.5
0 1200 3440 0.6
0 1400 3560 2.7
0 1600 4100 0.5
0 1800 4200 4.8
1 0 0 4.3
1 200 860 1.1
1 400 1080 2.5
1 600 1580 0.6
1 800 1700 4.2
1 1000 2540 4.5
1 1200 3440 0.6
1 1400 3560 2.7
1 1600 4100 0.5
1 1800 4200 4.8
2 0 0 4.3
2 200 860 1.1
2 400 1080 2.5
2 600 1580 0.6
2 800 1700 4.2
2 1000 2540 4.5
2 1200 3440 0.6
2 1400 3560 2.7
2 1600 4100 0.5
2 1800 4200 4.8
3 0 0 4.3
3 200 860 1.1
3 400 1080 2.5
3 600 1580 0.6
3 800 1700 4.2
3 1000 2540 4.5
3 1200 3440 0.6
3 1400 3560 2.7
3 1600 4100 0.5
3 1800 4200 4.8
4 0 0 4.3
4 200 860 1.1
4 400 1080 2.5
4 600 1580 0.6
4 800 1700 4.2
4 1000 2540 4.5
4 1200 3440 0.6
4 1400 3560 2.7
4 1600 4100 0.5
4 1800 4200 4.8
5 0 0 4.3
5 200 860 1.1
5 400 1080 2.5
5 600 1580 0.6
5 800 1700 4.2
5 1000 2540 4.5
5 1200 3440 0.6
5 1400 3560 2.7
5 1600 4100 0.5
5 1800 4200 4.8
6 0 0 4.3
6 200 860 1.1
6 400 1080 2.5
6 600 1580 0.6
6 800 1700 4.2
6 1000 2540 4.5
6 1200 3440 0.6
6 1400 3560 2.7
6 1600 4100 0.5
6 1800 4200 4.8
7 0 0 4.3
7 200 860 1.1
7 400 1080 2.5
7 600 1580 0.6
7 800 1700 4.2
7 1000 2540 4.5
7 1200 3440 0.6
7 1400 3560 2.7
7 1600 4100 0.5
7 1800 4200 4.8
8 0 0 4.3
8 200 860 1.1
8 400 1080 2.5
8 600 1580 0.6
8 800 1700 4.2
8 1000 2540 4.5
8 1200 3440 0.6
8 1400 3560 2.7
8 1600 4100 0.5
8 1800 4200 4.8
9 0 0 4.3
9 200 860 1.1
9 400 1080 2.5
9 600 1580 0.6
9 800 1700 4.2
9 1000 2540 4.5
9 1200 3440 0.6
9 1400 3560 2.7
9 1600 4100 0.5
9 1800 4200 4.8
10 0 0 4.3
10 200 860 1.1
10 400 1080 2.5
10 600 1580 0.6
10 800 1700 4.2
10 1000 2540 4.5
10 1200 3440 0.6
10 1400 3560 2.7
10 1600 4100 0.5
10 1800 4200 4.8
11 0 0 4.3
11 200 860 1.1
11 400 1080 2.5
11 600 1580 0.6
11 800 1700 4.2
11 1000 2540 4.5
11 1200 3440 0.6
11 1400 3560 2.7
11 1600 4100 0.5
11 1800 4200 4.8
12 0 0 4.3
12 200 860 1.1
12 400 1080 2.5
12 600 1580 0.6
12 800 1700 4.2
12 1000 2540 4.5
12 1200 3440 0.6
12 1400 3560 2.7
12 1600 4100 0.5
12 1800 4200 4.8
13 0 0 4.3
13 200 860 1.1
13 400 1080 2.5
13 600 1580 0.6
13 800 1700 4.2
13 1000 2540 4.5
13 1200 3440 0.6
13 1400 3560 2.7
13 1600 4100 0.5
13 1800 4200 4.8
14 0 0 4.3
14 200 860 1.1
14 400 1080 2.5
14 600 1580 0.6
14 800 1700 4.2
14 1000 2540 4.5
14 1200 3440 0.6
14 1400 3560 2.7
14 1600 4100 0.5
14 1800 4200 4.8
15 0 0 4.3
15 200 860 1.1
15 400 1080 2.5
15 600 1580 0.6
15 800 1700 4.2
15 1000 2540 4.5
15 1200 3440 0.6
15 1400 3560 2.7
15 1600 4100 0.5
15 1800 4200 4.8
16 0 0 4.3
16 200 860 1.1
16 400 1080 2.5
16 600 1580 0.6
16 800 1700 4.2
16 1000 2540 4.5
16 1200 3440 0.6
16 1400 3560 2.7
16 1600 4100 0.5
16 1800 4200 4.8
17 0 0 4.3
17 200 860 1.1
17 400 1080 2.5
17 600 1580 0.6
17 800 1700 4.2
17 1000 2540 4.5
17 1200 3440 0.6
17 1400 3560 2.7
17 1600 4100 0.5
17 1800 4200 4.8
18 0 0 4.3
18 200 860 1.1
18 400 1080 2.5
18 600 1580 0.6
18 800 1700 4.2
18 1000 2540 4.5
18 1200 3440 0.6
18 1400 3560 2.7
18 1600 4100 0.5
18 1800 4200 4.8
19 0 0 4.3
19 200 860 1.1
19 400 1080 2.5
19 600 1580 0.6
19 800 1700 4.2
19 1000 2540 4.5
19 1200 3440 0.6
19 1400 3560 2.7
19 1600 4100 0.5
19 1800 4200 4.8
20 0 0 4.3
20 200 860 1.1
20 400 1080 2.5
20 600 1580 0.6
20 800 1700 4.2
20 1000 2540 4.5
20 1200 3440 0.6
20 1400 3560 2.7
20 1600 4100 0.5
20 1800 4200 4.8
21 0 0 4.3
21 200 860 1.1
21 400 1080 2.5
21 600 1580 0.6
21 800 1700 4.2
21 1000 2540 4.5
21 1200 3440 0.6
21 1400 3560 2.7
21 1600 4100 0.5
21 1800 4200 4.8
22 0 0 4.3
22 200 860 1.1
22 400 1080 2.5
22 600 1580 0.6
22 800 1700 4.2
22 1000 2540 4.5
22 1200 3440 0.6
22 1400 3560 2.7
22 1600 4100 0.5
22 1800 4200 4.8
23 0 0 4.3
23 200 860 1.1
23 400 1080 2.5
23 600 1580 0.6
23 800 1700 4.2
23 1000 2540 4.5
23 1200 3440 0.6
23 1400 3560 2.7
23 1600 4100 0.5
23 1800 4200 4.8
24 0 0 4.3
24 200 860 1.1
24 400 1080 2.5
24 600 1580 0.6
24 800 1700 4.2
24 1000 2540 4.5
24 1200 3440 0.6
24 1400 3560 2.7
24 1600 4100 0.5
24 1800 4200 4.8
25 0 0 4.3
25 200 860 1.1
25 400 1080 2.5
25 600 1580 0.6
25 800 1700 4.2
25 1000 2540 4.5
25 1200 3440 0.6
25 1400 3560 2.7
25 1600 4100 0.5
25 1800 4200 4.8
26 0 0 4.3
26 200 860 1.1
26 400 1080 2.5
26 600 1580 0.6
26 800 1700 4.2
26 1000 2540 4.5
26 1200 3440 0.6
26 1400 3560 2.7
26 1600 4100 0.5
26 1800 4200 4.8
27 0 0 4.3
27 200 860 1.1
27 400 1080 2.5
27 600 1580 0.6
27 800 1700 4.2
27 1000 2540 4.5
27 1200 3440 0.6
27 1400 3560 2.7
27 1600 4100 0.5
27 1800 4200 4.8
28 0 0 4.3
28 200 860 1.1
28 400 1080 2.5
28 600 1580 0.6
28 800 1700 4.2
28 1000 2540 4.5
28 1200 3440 0.6
28 1400 3560 2.7
28 1600 4100 0.5
28 1800 4200 4.8
29 0 0 4.3
29 200 860 1.1
29 400 1080 2.5
29 600 1580 0.6
29 800 1700 4.2
29 1000 2540 4.5
29 1200 3440 0.6
29 1400 3560 2.7
29 1600 4100 0.5
29 1800 4200 4.8
30 0 0 4.3
30 200 860 1.1
30 400 1080 2.5
30 600 1580 0.6
30 800 1700 4.2
30 1000 2540 4.5
30 1200 3440 0.6
30 1400 3560 2.7
30 1600 4100 0.5
30 1800 4200 4.8
31 0 0 4.3
31 200 860 1.1
31 400 1080 2.5
31 600 1580 0.6
31 800 1700 4.2
31 1000 2540 4.5
31 1200 3440 0.6
31 1400 3560 2.7
31 1600 4100 0.5
31 1800 4200 4.8
32 0 0 4.3
32 200 860 1.1
32 400 1080 2.5
32 600 1580 0.6
32 800 1700 4.2
32 1000 2540 4.5
32 1200 3440 0.6
32 1400 3560 2.7
32 1600 4100 0.5
32 1800 4200 4.8
33 0 0 4.3
33 200 860 1.1
33 400 1080 2.5
33 600 1580 0.6
33 800 1700 4.2
33 1000 2540 4.5
33 1200 3440 0.6
33 1400 3560 2.7
33 1600 4100 0.5
33 1800 4200 4.8
34 0 0 4.3
34 200 860 1.1
34 400 1080 2.5
34 600 1580 0.6
34 800 1700 4.2
34 1000 2540 4.5
34 1200 3440 0.6
34 1400 3560 2.7
34 1600 4100 0.5
34 1800 4200 4.8
35 0 0 4.3
35 200 860 1.1
35 400 1080 2.5
35 600 1580 0.6
35 800 1700 4.2
35 1000 2540 4.5
35 1200 3440 0.6
35 1400 3560 2.7
35 1600 4100 0.5
35 1800 4200 4.8
36 0 0 4.3
36 200 860 1.1
36 400 1080 2.5
36 600 1580 0.6
36 800 1700 4.2
36 1000 2540 4.5
36 1200 3440 0.6
36 1400 3560 2.7
36 1600 4100 0.5
36 1800 4200 4.8
37 0 0 4.3
37 200 860 1.1
37 400 1080 2.5
37 600 1580 0.6
37 800 1700 4.2
37 1000 2540 4.5
37 1200 3440 0.6
37 1400 3560 2.7
37 1600 4100 0.5
37 1800 4200 4.8
38 0 0 4.3
38 200 860 1.1
38 400 1080 2.5
38 600 1580 0.6
38 800 1700 4.2
38 1000 2540 4.5
38 1200 3440 0.6
38 1400 3560 2.7
38 1600 4100 0.5
38 1800 4200 4.8
39 0 0 4.3
39 200 860 1.1
39 400 1080 2.5
39 600 1580 0.6
39 800 1700 4.2
39 1000 2540 4.5
39 1200 3440 0.6
39 1400 3560 2.7
39 1600 4100 0.5
39 1800 4200 4.8
40 0 0 4.3
40 200 860 1.1
40 400 1080 2.5
40 600 1580 0.6
40 800 1700 4.2
40 1000 2540 4.5
40 1200 3440 0.6
40 1400 3560 2.7
40 1600 4100 0.5
40 1800 4200 4.8
41 0 0 4.3
41 200 860 1.1
41 400 1080 2.5
41 600 1580 0.6
41 800 1700 4.2
41 1000 2540 4.5
41 1200 3440 0.6
41 1400 3560 2.7
41 1600 4100 0.5
41 1800 4200 4.8
42 0 0 4.3
42 200 860 1.1
42 400 1080 2.5
42 600 1580 0.6
42 800 1700 4.2
42 1000 2540 4.5
42 1200 3440 0.6
42 1400 3560 2.7
42 1600 4100 0.5
42 1800 4200 4.8
43 0 0 4.3
43 200 860 1.1
43 400 1080 2.5
43 600 1580 0.6
43 800 1700 4.2
43 1000 2540 4.5
43 1200 3440 0.6
43 1400 3560 2.7
43 1600 4100 0.5
43 1800 4200 4.8
44 0 0 4.3
44 200 860 1.1
44 400 1080 2.5
44 600 1580 0.6
44 800 1700 4.2
44 1000 2540 4.5
44 1200 3440 0.6
44 1400 3560 2.7
44 1600 4100 0.5
44 1800 4200 4.8
45 0 0 4.3
45 200 860 1.1
45 400 1080 2.5
45 600 1580 0.6
45 800 1700 4.2
45 1000 2540 4.5
45 1200 3440 0.6
45 1400 3560 2.7
45 1600 4100 0.5
45 1800 4200 4.8
46 0 0 4.3
46 200 860 1.1
46 400 1080 2.5
46 600 1580 0.6
46 800 1700 4.2
46 1000 2540 4.5
46 1200 3440 0.6
46 1400 3560 2.7
46 1600 4100 0.5
46 1800 4200 4.8
47 0 0 4.3
47 200 860 1.1
47 400 1080 2.5
47 600 1580 0.6
47 800 1700 4.2
47 1000 2540 4.5
47 1200 3440 0.6
47 1400 3560 2.7
47 1600 4100 0.5
47 1800 4200 4.8
48 0 0 4.3
48 200 860 1.1
48 400 1080 2.5
48 600 1580 0.6
48 800 1700 4.2
48 1000 2540 4.5
48 1200 3440 0.6
48 1400 3560 2.7
48 1600 4100 0.5
48 1800 4200 4.8
49 0 0 4.3
49 200 860 1.1
49 400 1080 2.5
49 600 1580 0.6
49 800 1700 4.2
49 1000 2540 4.5
49 1200 3440 0.6
49 1400 3560 2.7
49 1600 4100 0.5
49 1800 4200 4.8
50 0 0 4.3
50 200 860 1.1
50 400 1080 2.5
50 600 1580 0.6
50 800 1700 4.2
50 1000 2540 4.5
50 1200 3440 0.6
50 1400 3560 2.7
50 1600 4100 0.5
50 1800 4200 4.8
51 0 0 4.3
51 200 860 1.1
51 400 1080 2.5
51 600 1580 0.6
51 800 1700 4.2
51 1000 2540 4.5
51 1200 3440 0.6
51 1400 3560 2.7
51 1600 4100 0.5
51 1800 4200 4.8
52 0 0 4.3
52 200 860 1.1
52 400 1080 2.5
52 600 1580 0.6
52 800 1700 4.2
52 1000 2540 4.5
52 1200 3440 0.6
52 1400 3560 2.7
52 1600 4100 0.5
52 1800 4200 4.8
53 0 0 4.3
53 200 860 1.1
53 400 1080 2.5
53 600 1580 0.6
53 800 1700 4.2
53 1000 2540 4.5
53 1200 3440 0.6
53 1400 3560 2.7
53 1600 4100 0.5
53 1800 4200 4.8
54 0 0 4.3
54 200 860 1.1
54 400 1080 2.5
54 600 1580 0.6
54 800 1700 4.2
54 1000 2540 4.5
54 1200 3440 0.6
54 1400 3560 2.7
54 1600 4100 0.5
54 1800 4200 4.8
55 0 0 4.3
55 200 860 1.1
55 400 1080 2.5
55 600 1580 0.6
55 800 1700 4.2
55 1000 2540 4.5
55 1200 3440 0.6
55 1400 3560 2.7
55 1600 4100 0.5
55 1800 4200 4.8
56 0 0 4.3
56 200 860 1.1
56 400 1080 2.5
56 600 1580 0.6
56 800 1700 4.2
56 1000 2540 4.5
56 1200 3440 0.6
56 1400 3560 2.7
56 1600 4100 0.5
56 1800 4200 4.8
57 0 0 4.3
57 200 860 1.1
57 400 1080 2.5
57 600 1580 0.6
57 800 1700 4.2
57 1000 2540 4.5
57 1200 3440 0.6
57 1400 3560 2.7
57 1600 4100 0.5
57 1800 4200 4.8
58 0 0 4.3
58 200 860 1.1
58 400 1080 2.5
58 600 1580 0.6
58 800 1700 4.2
58 1000 2540 4.5
58 1200 3440 0.6
58 1400 3560 2.7
58 1600 4100 0.5
58 1800 4200 4.8
59 0 0 4.3
59 200 860 1.1
59 400 1080 2.5
59 600 1580 0.6
59 800 1700 4.2
59 1000 2540 4.5
59 1200 3440 0.6
59 1400 3560 2.7
59 1600 4100 0.5
59 1800 4200 4.8
60 0 0 4.3
60 200 860 1.1
60 400 1080 2.5
60 600 1580 0.6
60 800 1700 4.2
60 1000 2540 4.5
60 1200 3440 0.6
60 1400 3560 2.7
60 1600 4100 0.5
60 1800 4200 4.8
61 0 0 4.3
61 200 860 1.1
61 400 1080 2.5
61 600 1580 0.6
61 800 1700 4.2
61 1000 2540 4.5
61 1200 3440 0.6
61 1400 3560 2.7
61 1600 4100 0.5
61 1800 4200 4.8
62 0 0 4.3
62 200 860 1.1
62 400 1080 2.5
62 600 1580 0.6
62 800 1700 4.2
62 1000 2540 4.5
62 1200 3440 0.6
62 1400 3560 2.7
62 1600 4100 0.5
62 1800 4200 4.8
63 0 0 4.3
63 200 860 1.1
63 400 1080 2.5
63 600 1580 0.6
63 800 1700 4.2
63 1000 2540 4.5
63 1200 3440 0.6
63 1400 3560 2.7
63 1600 4100 0.5
63 1800 4200 4.8
64 0 0 4.3
64 200 860 1.1
64 400 1080 2.5
64 600 1580 0.6
64 800 1700 4.2
64 1000 2540 4.5
64 1200 3440 0.6
64 1400 3560 2.7
64 1600 4100 0.5
64 1800 4200 4.8
65 0 0 4.3
65 200 860 1.1
65 400 1080 2.5
65 600 1580 0.6
65 800 1700 4.2
65 1000 2540 4.5
65 1200 3440 0.6
65 1400 3560 2.7
65 1600 4100 0.5
65 1800 4200 4.8
66 0 0 4.3
66 200 860 1.1
66 400 1080 2.5
66 600 1580 0.6
66 800 1700 4.2
66 1000 2540 4.5
66 1200 3440 0.6
66 1400 3560 2.7
66 1600 4100 0.5
66 1800 4200 4.8
67 0 0 4.3
67 200 860 1.1
67 400 1080 2.5
67 600 1580 0.6
67 800 1700 4.2
67 1000 2540 4.5
67 1200 3440 0.6
67 1400 3560 2.7
67 1600 4100 0.5
67 1800 4200 4.8
68 0 0 4.3
68 200 860 1.1
68 400 1080 2.5
68 600 1580 0.6
68 800 1700 4.2
68 1000 2540 4.5
68 1200 3440 0.6
68 1400 3560 2.7
68 1600 4100 0.5
68 1800 4200 4.8
69 0 0 4.3
69 200 860 1.1
69 400 1080 2.5
69 600 1580 0.6
69 800 1700 4.2
69 1000 2540 4.5
69 1200 3440 0.6
69 1400 3560 2.7
69 1600 4100 0.5
69 1800 4200 4.8
70 0 0 4.3
70 200 860 1.1
70 400 1080 2.5
70 600 1580 0.6
70 800 1700 4.2
70 1000 2540 4.5
70 1200 3440 0.6
70 1400 3560 2.7
70 1600 4100 0.5
70 1800 4200 4.8
71 0 0 4.3
71 200 860 1.1
71 400 1080 2.5
71 600 1580 0.6
71 800 1700 4.2
71 1000 2540 4.5
71 1200 3440 0.6
71 1400 3560 2.7
71 1600 4100 0.5
71 1800 4200 4.8
72 0 0 4.3
72 200 860 1.1
72 400 1080 2.5
72 600 1580 0.6
72 800 1700 4.2
72 1000 2540 4.5
72 1200 3440 0.6
72 1400 3560 2.7
72 1600 4100 0.5
72 1800 4200 4.8
73 0 0 4.3
73 200 860 1.1
73 400 1080 2.5
73 600 1580 0.6
73 800 1700 4.2
73 1000 2540 4.5
73 1200 3440 0.6
73 1400 3560 2.7
73 1600 4100 0.5
73 1800 4200 4.8
74 0 0 4.3
74 200 860 1.1
74 400 1080 2.5
74 600 1580 0.6
74 800 1700 4.2
74 1000 2540 4.5
74 1200 3440 0.6
74 1400 3560 2.7
74 1600 4100 0.5
74 1800 4200 4.8
75 0 0 4.3
75 200 860 1.1
75 400 1080 2.5
75 600 1580 0.6
75 800 1700 4.2
75 1000 2540 4.5
75 1200 3440 0.6
75 1400 3560 2.7
75 1600 4100 0.5
75 1800 4200 4.8
76 0 0 4.3
76 200 860 1.1
76 400 1080 2.5
76 600 1580 0.6
76 800 1700 4.2
76 1000 2540 4.5
76 1200 3440 0.6
76 1400 3560 2.7
76 1600 4100 0.5
76 1800 4200 4.8
77 0 0 4.3
77 200 860 1.1
77 400 1080 2.5
77 600 1580 0.6
77 800 1700 4.2
77 1000 2540 4.5
77 1200 3440 0.6
77 1400 3560 2.7
77 1600 4100 0.5
77 1800 4200 4.8
78 0 0 4.3
78 200 860 1.1
78 400 1080 2.5
78 600 1580 0.6
78 800 1700 4.2
78 1000 2540 4.5
78 1200 3440 0.6
78 1400 3560 2.7
78 1600 4100 0.5
78 1800 4200 4.8
79 0 0 4.3
79 200 860 1.1
79 400 1080 2.5
79 600 1580 0.6
79 800 1700 4.2
79 1000 2540 4.5
79 1200 3440 0.6
79 1400 3560 2.7
79 1600 4100 0.5
79 1800 4200 4.8
80 0 0 4.3
80 200 860 1.1
80 400 1080 2.5
80 600 1580 0.6
80 800 1700 4.2
80 1000 2540 4.5
80 1200 3440 0.6
80 1400 3560 2.7
80 1600 4100 0.5
80 1800 4200 4.8
81 0 0 4.3
81 200 860 1.1
81 400 1080 2.5
81 600 1580 0.6
81 800 1700 4.2
81 1000 2540 4.5
81 1200 3440 0.6
81 1400 3560 2.7
81 1600 4100 0.5
81 1800 4200 4.8
82 0 0 4.3
82 200 860 1.1
82 400 1080 2.5
82 600 1580 0.6
82 800 1700 4.2
82 1000 2540 4.5
82 1200 3440 0.6
82 1400 3560 2.7
82 1600 4100 0.5
82 1800 4200 4.8
83 0 0 4.3
83 200 860 1.1
83 400 1080 2.5
83 600 1580 0.6
83 800 1700 4.2
83 1000 2540 4.5
83 1200 3440 0.6
83 1400 3560 2.7
83 1600 4100 0.5
83 1800 4200 4.8
84 0 0 4.3
84 200 860 1.1
84 400 1080 2.5
84 600 1580 0.6
84 800 1700 4.2
84 1000 2540 4.5
84 1200 3440 0.6
84 1400 3560 2.7
84 1600 4100 0.5
84 1800 4200 4.8
85 0 0 4.3
85 200 860 1.1
85 400 1080 2.5
85 600 1580 0.6
85 800 1700 4.2
85 1000 2540 4.5
85 1200 3440 0.6
85 1400 3560 2.7
85 1600 4100 0.5
85 1800 4200 4.8
86 0 0 4.3
86 200 860 1.1
86 400 1080 2.5
86 600 1580 0.6
86 800 1700 4.2
86 1000 2540 4.5
86 1200 3440 0.6
86 1400 3560 2.7
86 1600 4100 0.5
86 1800 4200 4.8
87 0 0 4.3
87 200 860 1.1
87 400 1080 2.5
87 600 1580 0.6
87 800 1700 4.2
87 1000 2540 4.5
87 1200 3440 0.6
87 1400 3560 2.7
87 1600 4100 0.5
87 1800 4200 4.8
88 0 0 4.3
88 200 860 1.1
88 400 1080 2.5
88 600 1580 0.6
88 800 1700 4.2
88 1000 2540 4.5
88 1200 3440 0.6
88 1400 3560 2.7
88 1600 4100 0.5
88 1800 4200 4.8
89 0 0 4.3
89 200 860 1.1
89 400 1080 2.5
89 600 1580 0.6
89 800 1700 4.2
89 1000 2540 4.5
89 1200 3440 0.6
89 1400 3560 2.7
89 1600 4100 0.5
89 1800 4200 4.8
90 0 0 4.3
90 200 860 1.1
90 400 1080 2.5
90 600 1580 0.6
90 800 1700 4.2
90 1000 2540 4.5
90 1200 3440 0.6
90 1400 3560 2.7
90 1600 4100 0.5
90 1800 4200 4.8
91 0 0 4.3
91 200 860 1.1
91 400 1080 2.5
91 600 1580 0.6
91 800 1700 4.2
91 1000 2540 4.5
91 1200 3440 0.6
91 1400 3560 2.7
91 1600 4100 0.5
91 1800 4200 4.8
92 0 0 4.3
92 200 860 1.1
92 400 1080 2.5
92 600 1580 0.6
92 800 1700 4.2
92 1000 2540 4.5
92 1200 3440 0.6
92 1400 3560 2.7
92 1600 4100 0.5
92 1800 4200 4.8
93 0 0 4.3
93 200 860 1.1
93 400 1080 2.5
93 600 1580 0.6
93 800 1700 4.2
93 1000 2540 4.5
93 1200 3440 0.6
93 1400 3560 2.7
93 1600 4100 0.5
93 1800 4200 4.8
94 0 0 4.3
94 200 860 1.1
94 400 1080 2.5
94 600 1580 0.6
94 800 1700 4.2
94 1000 2540 4.5
94 1200 3440 0.6
94 1400 3560 2.7
94 1600 4100 0.5
94 1800 4200 4.8
95 0 0 4.3
95 200 860 1.1
95 400 1080 2.5
95 600 1580 0.6
95 800 1700 4.2
95 1000 2540 4.5
95 1200 3440 0.6
95 1400 3560 2.7
95 1600 4100 0.5
95 1800 4200 4.8
96 0 0 4.3
96 200 860 1.1
96 400 1080 2.5
96 600 1580 0.6
96 800 1700 4.2
96 1000 2540 4.5
96 1200 3440 0.6
96 1400 3560 2.7
96 1600 4100 0.5
96 1800 4200 4.8
97 0 0 4.3
97 200 860 1.1
97 400 1080 2.5
97 600 1580 0.6
97 800 1700 4.2
97 1000 2540 4.5
97 1200 3440 0.6
97 1400 3560 2.7
97 1600 4100 0.5
97 1800 4200 4.8
98 0 0 4.3
98 200 860 1.1
98 400 1080 2.5
98 600 1580 0.6
98 800 1700 4.2
98 1000 2540 4.5
98 1200 3440 0.6
98 1400 3560 2.7
98 1600 4100 0.5
98 1800 4200 4.8
99 0 0 4.3
99 200 860 1.1
99 400 1080 2.5
99 600 1580 0.6
99 800 1700 4.2
99 1000 2540 4.5
99 1200 3440 0.6
99 1400 3560 2.7
99 1600 4100 0.5
99 1800 4200 4.8
100 0 0 4.3
100 200 860 1.1
100 400 1080 2.5
100 600 1580 0.6
100 800 1700 4.2
100 1000 2540 4.5
100 1200 3440 0.6
100 1400 3560 2.7
100 1600 4100 0.5
100 1800 4200 4.8
101 0 0 4.3
101 200 860 1.1
101 400 1080 2.5
101 600 1580 0.6
101 800 1700 4.2
101 1000 2540 4.5
101 1200 3440 0.6
101 1400 3560 2.7
101 1600 4100 0.5
101 1800 4200 4.8
102 0 0 4.3
102 200 860 1.1
102 400 1080 2.5
102 600 1580 0.6
102 800 1700 4.2
102 1000 2540 4.5
102 1200 3440 0.6
102 1400 3560 2.7
102 1600 4100 0.5
102 1800 4200 4.8
103 0 0 4.3
103 200 860 1.1
103 400 1080 2.5
103 600 1580 0.6
103 800 1700 4.2
103 1000 2540 4.5
103 1200 3440 0.6
103 1400 3560 2.7
103 1600 4100 0.5
103 1800 4200 4.8
104 0 0 4.3
104 200 860 1.1
104 400 1080 2.5
104 600 1580 0.6
104 800 1700 4.2
104 1000 2540 4.5
104 1200 3440 0.6
104 1400 3560 2.7
104 1600 4100 0.5
104 1800 4200 4.8
105 0 0 4.3
105 200 860 1.1
105 400 1080 2.5
105 600 1580 0.6
105 800 1700 4.2
105 1000 2540 4.5
105 1200 3440 0.6
105 1400 3560 2.7
105 1600 4100 0.5
105 1800 4200 4.8
106 0 0 4.3
106 200 860 1.1
106 400 1080 2.5
106 600 1580 0.6
106 800 1700 4.2
106 1000 2540 4.5
106 1200 3440 0.6
106 1400 3560 2.7
106 1600 4100 0.5
106 1800 4200 4.8
107 0 0 4.3
107 200 860 1.1
107 400 1080 2.5
107 600 1580 0.6
107 800 1700 4.2
107 1000 2540 4.5
107 1200 3440 0.6
107 1400 3560 2.7
107 1600 4100 0.5
107 1800 4200 4.8
108 0 0 4.3
108 200 860 1.1
108 400 1080 2.5
108 600 1580 0.6
108 800 1700 4.2
108 1000 2540 4.5
108 1200 3440 0.6
108 1400 3560 2.7
108 1600 4100 0.5
108 1800 4200 4.8
109 0 0 4.3
109 200 860 1.1
109 400 1080 2.5
109 600 1580 0.6
109 800 1700 4.2
109 1000 2540 4.5
109 1200 3440 0.6
109 1400 3560 2.7
109 1600 4100 0.5
109 1800 4200 4.8
110 0 0 4.3
110 200 860 1.1
110 400 1080 2.5
110 600 1580 0.6
110 800 1700 4.2
110 1000 2540 4.5
110 1200 3440 0.6
110 1400 3560 2.7
110 1600 4100 0.5
110 1800 4200 4.8
111 0 0 4.3
111 200 860 1.1
111 400 1080 2.5
111 600 1580 0.6
111 800 1700 4.2
111 1000 2540 4.5
111 1200 3440 0.6
111 1400 3560 2.7
111 1600 4100 0.5
111 1800 4200 4.8
112 0 0 4.3
112 200 860 1.1
112 400 1080 2.5
112 600 1580 0.6
112 800 1700 4.2
112 1000 2540 4.5
112 1200 3440 0.6
112 1400 3560 2.7
112 1600 4100 0.5
112 1800 4200 4.8
113 0 0 4.3
113 200 860 1.1
113 400 1080 2.5
113 600 1580 0.6
113 800 1700 4.2
113 1000 2540 4.5
113 1200 3440 0.6
113 1400 3560 2.7
113 1600 4100 0.5
113 1800 4200 4.8
114 0 0 4.3
114 200 860 1.1
114 400 1080 2.5
114 600 1580 0.6
114 800 1700 4.2
114 1000 2540 4.5
114 1200 3440 0.6
114 1400 3560 2.7
114 1600 4100 0.5
114 1800 4200 4.8
115 0 0 4.3
115 200 860 1.1
115 400 1080 2.5
115 600 1580 0.6
115 800 1700 4.2
115 1000 2540 4.5
115 1200 3440 0.6
115 1400 3560 2.7
115 1600 4100 0.5
115 1800 4200 4.8
116 0 0 4.3
116 200 860 1.1
116 400 1080 2.5
116 600 1580 0.6
116 800 1700 4.2
116 1000 2540 4.5
116 1200 3440 0.6
116 1400 3560 2.7
116 1600 4100 0.5
116 1800 4200 4.8
117 0 0 4.3
117 200 860 1.1
117 400 1080 2.5
117 600 1580 0.6
117 800 1700 4.2
117 1000 2540 4.5
117 1200 3440 0.6
117 1400 3560 2.7
117 1600 4100 0.5
117 1800 4200 4.8
118 0 0 4.3
118 200 860 1.1
118 400 1080 2.5
118 600 1580 0.6
118 800 1700 4.2
118 1000 2540 4.5
118 1200 3440 0.6
118 1400 3560 2.7
118 1600 4100 0.5
118 1800 4200 4.8
119 0 0 4.3
119 200 860 1.1
119 400 1080 2.5
119 600 1580 0.6
119 800 1700 4.2
119 1000 2540 4.5
119 1200 3440 0.6
119 1400 3560 2.7
119 1600 4100 0.5
119 1800 4200 4.8
120 0 0 4.3
120 200 860 1.1
120 400 1080 2.5
120 600 1580 0.6
120 800 1700 4.2
120 1000 2540 4.5
120 1200 3440 0.6
120 1400 3560 2.7
120 1600 4100 0.5
120 1800 4200 4.8
121 0 0 4.3
121 200 860 1.1
121 400 1080 2.5
121 600 1580 0.6
121 800 1700 4.2
121 1000 2540 4.5
121 1200 3440 0.6
121 1400 3560 2.7
121 1600 4100 0.5
121 1800 4200 4.8
122 0 0 4.3
122 200 860 1.1
122 400 1080 2.5
122 600 1580 0.6
122 800 1700 4.2
122 1000 2540 4.5
122 1200 3440 0.6
122 1400 3560 2.7
122 1600 4100 0.5
122 1800 4200 4.8
123 0 0 4.3
123 200 860 1.1
123 400 1080 2.5
123 600 1580 0.6
123 800 1700 4.2
123 1000 2540 4.5
123 1200 3440 0.6
123 1400 3560 2.7
123 1600 4100 0.5
123 1800 4200 4.8
124 0 0 4.3
124 200 860 1.1
124 400 1080 2.5
124 600 1580 0.6
124 800 1700 4.2
124 1000 2540 4.5
124 1200 3440 0.6
124 1400 3560 2.7
124 1600 4100 0.5
124 1800 4200 4.8
125 0 0 4.3
125 200 860 1.1
125 400 1080 2.5
125 600 1580 0.6
125 800 1700 4.2
125 1000 2540 4.5
125 1200 3440 0.6
125 1400 3560 2.7
125 1600 4100 0.5
125 1800 4200 4.8
126 0 0 4.3
126 200 860 1.1
126 400 1080 2.5
126 600 1580 0.6
126 800 1700 4.2
126 1000 2540 4.5
126 1200 3440 0.6
126 1400 3560 2.7
126 1600 4100 0.5
126 1800 4200 4.8
127 0 0 4.3
127 200 860 1.1
127 400 1080 2.5
127 600 1580 0.6
127 800 1700 4.2
127 1000 2540 4.5
127 1200 3440 0.6
127 1400 3560 2.7
127 1600 4100 0.5
127 1800 4200 4.8
128 0 0 4.3
128 200 860 1.1
128 400 1080 2.5
128 600 1580 0.6
128 800 1700 4.2
128 1000 2540 4.5
128 1200 3440 0.6
128 1400 3560 2.7
128 1600 4100 0.5
128 1800 4200 4.8
129 0 0 4.3
129 200 860 1.1
129 400 1080 2.5
129 600 1580 0.6
129 800 1700 4.2
129 1000 2540 4.5
129 1200 3440 0.6
129 1400 3560 2.7
129 1600 4100 0.5
129 1800 4200 4.8
130 0 0 4.3
130 200 860 1.1
130 400 1080 2.5
130 600 1580 0.6
130 800 1700 4.2
130 1000 2540 4.5
130 1200 3440 0.6
130 1400 3560 2.7
130 1600 4100 0.5
130 1800 4200 4.8
131 0 0 4.3
131 200 860 1.1
131 400 1080 2.5
131 600 1580 0.6
131 800 1700 4.2
131 1000 2540 4.5
131 1200 3440 0.6
131 1400 3560 2.7
131 1600 4100 0.5
131 1800 4200 4.8
132 0 0 4.3
132 200 860 1.1
132 400 1080 2.5
132 600 1580 0.6
132 800 1700 4.2
132 1000 2540 4.5
132 1200 3440 0.6
132 1400 3560 2.7
132 1600 4100 0.5
132 1800 4200 4.8
133 0 0 4.3
133 200 860 1.1
133 400 1080 2.5
133 600 1580 0.6
133 800 1700 4.2
133 1000 2540 4.5
133 1200 3440 0.6
133 1400 3560 2.7
133 1600 4100 0.5
133 1800 4200 4.8
134 0 0 4.3
134 200 860 1.1
134 400 1080 2.5
134 600 1580 0.6
134 800 1700 4.2
134 1000 2540 4.5
134 1200 3440 0.6
134 1400 3560 2.7
134 1600 4100 0.5
134 1800 4200 4.8
135 0 0 4.3
135 200 860 1.1
135 400 1080 2.5
135 600 1580 0.6
135 800 1700 4.2
135 1000 2540 4.5
135 1200 3440 0.6
135 1400 3560 2.7
135 1600 4100 0.5
135 1800 4200 4.8
136 0 0 4.3
136 200 860 1.1
136 400 1080 2.5
136 600 1580 0.6
136 800 1700 4.2
136 1000 2540 4.5
136 1200 3440 0.6
136 1400 3560 2.7
136 1600 4100 0.5
136 1800 4200 4.8
137 0 0 4.3
137 200 860 1.1
137 400 1080 2.5
137 600 1580 0.6
137 800 1700 4.2
137 1000 2540 4.5
137 1200 3440 0.6
137 1400 3560 2.7
137 1600 4100 0.5
137 1800 4200 4.8
138 0 0 4.3
138 200 860 1.1
138 400 1080 2.5
138 600 1580 0.6
138 800 1700 4.2
138 1000 2540 4.5
138 1200 3440 0.6
138 1400 3560 2.7
138 1600 4100 0.5
138 1800 4200 4.8
139 0 0 4.3
139 200 860 1.1
139 400 1080 2.5
139 600 1580 0.6
139 800 1700 4.2
139 1000 2540 4.5
139 1200 3440 0.6
139 1400 3560 2.7
139 1600 4100 0.5
139 1800 4200 4.8
140 0 0 4.3
140 200 860 1.1
140 400 1080 2.5
140 600 1580 0.6
140 800 1700 4.2
140 1000 2540 4.5
140 1200 3440 0.6
140 1400 3560 2.7
140 1600 4100 0.5
140 1800 4200 4.8
141 0 0 4.3
141 200 860 1.1
141 400 1080 2.5
141 600 1580 0.6
141 800 1700 4.2
141 1000 2540 4.5
141 1200 3440 0.6
141 1400 3560 2.7
141 1600 4100 0.5
141 1800 4200 4.8
142 0 0 4.3
142 200 860 1.1
142 400 1080 2.5
142 600 1580 0.6
142 800 1700 4.2
142 1000 2540 4.5
142 1200 3440 0.6
142 1400 3560 2.7
142 1600 4100 0.5
142 1800 4200 4.8
143 0 0 4.3
143 200 860 1.1
143 400 1080 2.5
143 600 1580 0.6
143 800 1700 4.2
143 1000 2540 4.5
143 1200 3440 0.6
143 1400 3560 2.7
143 1600 4100 0.5
143 1800 4200 4.8
144 0 0 4.3
144 200 860 1.1
144 400 1080 2.5
144 600 1580 0.6
144 800 1700 4.2
144 1000 2540 4.5
144 1200 3440 0.6
144 1400 3560 2.7
144 1600 4100 0.5
144 1800 4200 4.8
145 0 0 4.3
145 200 860 1.1
145 400 1080 2.5
145 600 1580 0.6
145 800 1700 4.2
145 1000 2540 4.5
145 1200 3440 0.6
145 1400 3560 2.7
145 1600 4100 0.5
145 1800 4200 4.8
146 0 0 4.3
146 200 860 1.1
146 400 1080 2.5
146 600 1580 0.6
146 800 1700 4.2
146 1000 2540 4.5
146 1200 3440 0.6
146 1400 3560 2.7
146 1600 4100 0.5
146 1800 4200 4.8
147 0 0 4.3
147 200 860 1.1
147 400 1080 2.5
147 600 1580 0.6
147 800 1700 4.2
147 1000 2540 4.5
147 1200 3440 0.6
147 1400 3560 2.7
147 1600 4100 0.5
147 1800 4200 4.8
148 0 0 4.3
148 200 860 1.1
148 400 1080 2.5
148 600 1580 0.6
148 800 1700 4.2
148 1000 2540 4.5
148 1200 3440 0.6
148 1400 3560 2.7
148 1600 4100 0.5
148 1800 4200 4.8
149 0 0 4.3
149 200 860 1.1
149 400 1080 2.5
149 600 1580 0.6
149 800 1700 4.2
149 1000 2540 4.5
149 1200 3440 0.6
149 1400 3560 2.7
149 1600 4100 0.5
149 1800 4200 4.8
150 0 0 4.3
150 200 860 1.1
150 400 1080 2.5
150 600 1580 0.6
150 800 1700 4.2
150 1000 2540 4.5
150 1200 3440 0.6
150 1400 3560 2.7
150 1600 4100 0.5
150 1800 4200 4.8
151 0 0 4.3
151 200 860 1.1
151 400 1080 2.5
151 600 1580 0.6
151 800 1700 4.2
151 1000 2540 4.5
151 1200 3440 0.6
151 1400 3560 2.7
151 1600 4100 0.5
151 1800 4200 4.8
152 0 0 4.3
152 200 860 1.1
152 400 1080 2.5
152 600 1580 0.6
152 800 1700 4.2
152 1000 2540 4.5
152 1200 3440 0.6
152 1400 3560 2.7
152 1600 4100 0.5
152 1800 4200 4.8
153 0 0 4.3
153 200 860 1.1
153 400 1080 2.5
153 600 1580 0.6
153 800 1700 4.2
153 1000 2540 4.5
153 1200 3440 0.6
153 1400 3560 2.7
153 1600 4100 0.5
153 1800 4200 4.8
154 0 0 4.3
154 200 860 1.1
154 400 1080 2.5
154 600 1580 0.6
154 800 1700 4.2
154 1000 2540 4.5
154 1200 3440 0.6
154 1400 3560 2.7
154 1600 4100 0.5
154 1800 4200 4.8
155 0 0 4.3
155 200 860 1.1
155 400 1080 2.5
155 600 1580 0.6
155 800 1700 4.2
155 1000 2540 4.5
155 1200 3440 0.6
155 1400 3560 2.7
155 1600 4100 0.5
155 1800 4200 4.8
156 0 0 4.3
156 200 860 1.1
156 400 1080 2.5
156 600 1580 0.6
156 800 1700 4.2
156 1000 2540 4.5
156 1200 3440 0.6
156 1400 3560 2.7
156 1600 4100 0.5
156 1800 4200 4.8
157 0 0 4.3
157 200 860 1.1
157 400 1080 2.5
157 600 1580 0.6
157 800 1700 4.2
157 1000 2540 4.5
157 1200 3440 0.6
157 1400 3560 2.7
157 1600 4100 0.5
157 1800 4200 4.8
158 0 0 4.3
158 200 860 1.1
158 400 1080 2.5
158 600 1580 0.6
158 800 1700 4.2
158 1000 2540 4.5
158 1200 3440 0.6
158 1400 3560 2.7
158 1600 4100 0.5
158 1800 4200 4.8
159 0 0 4.3
159 200 860 1.1
159 400 1080 2.5
159 600 1580 0.6
159 800 1700 4.2
159 1000 2540 4.5
159 1200 3440 0.6
159 1400 3560 2.7
159 1600 4100 0.5
159 1800 4200 4.8
160 0 0 4.3
160 200 860 1.1
160 400 1080 2.5
160 600 1580 0.6
160 800 1700 4.2
160 1000 2540 4.5
160 1200 3440 0.6
160 1400 3560 2.7
160 1600 4100 0.5
160 1800 4200 4.8
161 0 0 4.3
161 200 860 1.1
161 400 1080 2.5
161 600 1580 0.6
161 800 1700 4.2
161 1000 2540 4.5
161 1200 3440 0.6
161 1400 3560 2.7
161 1600 4100 0.5
161 1800 4200 4.8
162 0 0 4.3
162 200 860 1.1
162 400 1080 2.5
162 600 1580 0.6
162 800 1700 4.2
162 1000 2540 4.5
162 1200 3440 0.6
162 1400 3560 2.7
162 1600 4100 0.5
162 1800 4200 4.8
163 0 0 4.3
163 200 860 1.1
163 400 1080 2.5
163 600 1580 0.6
163 800 1700 4.2
163 1000 2540 4.5
163 1200 3440 0.6
163 1400 3560 2.7
163 1600 4100 0.5
163 1800 4200 4.8
164 0 0 4.3
164 200 860 1.1
164 400 1080 2.5
164 600 1580 0.6
164 800 1700 4.2
164 1000 2540 4.5
164 1200 3440 0.6
164 1400 3560 2.7
164 1600 4100 0.5
164 1800 4200 4.8
165 0 0 4.3
165 200 860 1.1
165 400 1080 2.5
165 600 1580 0.6
165 800 1700 4.2
165 1000 2540 4.5
165 1200 3440 0.6
165 1400 3560 2.7
165 1600 4100 0.5
165 1800 4200 4.8
166 0 0 4.3
166 200 860 1.1
166 400 1080 2.5
166 600 1580 0.6
166 800 1700 4.2
166 1000 2540 4.5
166 1200 3440 0.6
166 1400 3560 2.7
166 1600 4100 0.5
166 1800 4200 4.8
167 0 0 4.3
167 200 860 1.1
167 400 1080 2.5
167 600 1580 0.6
167 800 1700 4.2
167 1000 2540 4.5
167 1200 3440 0.6
167 1400 3560 2.7
167 1600 4100 0.5
167 1800 4200 4.8
168 0 0 4.3
168 200 860 1.1
168 400 1080 2.5
168 600 1580 0.6
168 800 1700 4.2
168 1000 2540 4.5
168 1200 3440 0.6
168 1400 3560 2.7
168 1600 4100 0.5
168 1800 4200 4.8
169 0 0 4.3
169 200 860 1.1
169 400 1080 2.5
169 600 1580 0.6
169 800 1700 4.2
169 1000 2540 4.5
169 1200 3440 0.6
169 1400 3560 2.7
169 1600 4100 0.5
169 1800 4200 4.8
170 0 0 4.3
170 200 860 1.1
170 400 1080 2.5
170 600 1580 0.6
170 800 1700 4.2
170 1000 2540 4.5
170 1200 3440 0.6
170 1400 3560 2.7
170 1600 4100 0.5
170 1800 4200 4.8
171 0 0 4.3
171 200 860 1.1
171 400 1080 2.5
171 600 1580 0.6
171 800 1700 4.2
171 1000 2540 4.5
171 1200 3440 0.6
171 1400 3560 2.7
171 1600 4100 0.5
171 1800 4200 4.8
172 0 0 4.3
172 200 860 1.1
172 400 1080 2.5
172 600 1580 0.6
172 800 1700 4.2
172 1000 2540 4.5
172 1200 3440 0.6
172 1400 3560 2.7
172 1600 4100 0.5
172 1800 4200 4.8
173 0 0 4.3
173 200 860 1.1
173 400 1080 2.5
173 600 1580 0.6
173 800 1700 4.2
173 1000 2540 4.5
173 1200 3440 0.6
173 1400 3560 2.7
173 1600 4100 0.5
173 1800 4200 4.8
174 0 0 4.3
174 200 860 1.1
174 400 1080 2.5
174 600 1580 0.6
174 800 1700 4.2
174 1000 2540 4.5
174 1200 3440 0.6
174 1400 3560 2.7
174 1600 4100 0.5
174 1800 4200 4.8
175 0 0 4.3
175 200 860 1.1
175 400 1080 2.5
175 600 1580 0.6
175 800 1700 4.2
175 1000 2540 4.5
175 1200 3440 0.6
175 1400 3560 2.7
175 1600 4100 0.5
175 1800 4200 4.8
176 0 0 4.3
176 200 860 1.1
176 400 1080 2.5
176 600 1580 0.6
176 800 1700 4.2
176 1000 2540 4.5
176 1200 3440 0.6
176 1400 3560 2.7
176 1600 4100 0.5
176 1800 4200 4.8
177 0 0 4.3
177 200 860 1.1
177 400 1080 2.5
177 600 1580 0.6
177 800 1700 4.2
177 1000 2540 4.5
177 1200 3440 0.6
177 1400 3560 2.7
177 1600 4100 0.5
177 1800 4200 4.8
178 0 0 4.3
178 200 860 1.1
178 400 1080 2.5
178 600 1580 0.6
178 800 1700 4.2
178 1000 2540 4.5
178 1200 3440 0.6
178 1400 3560 2.7
178 1600 4100 0.5
178 1800 4200 4.8
179 0 0 4.3
179 200 860 1.1
179 400 1080 2.5
179 600 1580 0.6
179 800 1700 4.2
179 1000 2540 4.5
179 1200 3440 0.6
179 1400 3560 2.7
179 1600 4100 0.5
179 1800 4200 4.8
180 0 0 4.3
180 200 860 1.1
180 400 1080 2.5
180 600 1580 0.6
180 800 1700 4.2
180 1000 2540 4.5
180 1200 3440 0.6
180 1400 3560 2.7
180 1600 4100 0.5
180 1800 4200 4.8
181 0 0 4.3
181 200 860 1.1
181 400 1080 2.5
181 600 1580 0.6
181 800 1700 4.2
181 1000 2540 4.5
181 1200 3440 0.6
181 1400 3560 2.7
181 1600 4100 0.5
181 1800 4200 4.8
182 0 0 4.3
182 200 860 1.1
182 400 1080 2.5
182 600 1580 0.6
182 800 1700 4.2
182 1000 2540 4.5
182 1200 3440 0.6
182 1400 3560 2.7
182 1600 4100 0.5
182 1800 4200 4.8
183 0 0 4.3
183 200 860 1.1
183 400 1080 2.5
183 600 1580 0.6
183 800 1700 4.2
183 1000 2540 4.5
183 1200 3440 0.6
183 1400 3560 2.7
183 1600 4100 0.5
183 1800 4200 4.8
184 0 0 4.3
184 200 860 1.1
184 400 1080 2.5
184 600 1580 0.6
184 800 1700 4.2
184 1000 2540 4.5
184 1200 3440 0.6
184 1400 3560 2.7
184 1600 4100 0.5
184 1800 4200 4.8
185 0 0 4.3
185 200 860 1.1
185 400 1080 2.5
185 600 1580 0.6
185 800 1700 4.2
185 1000 2540 4.5
185 1200 3440 0.6
185 1400 3560 2.7
185 1600 4100 0.5
185 1800 4200 4.8
186 0 0 4.3
186 200 860 1.1
186 400 1080 2.5
186 600 1580 0.6
186 800 1700 4.2
186 1000 2540 4.5
186 1200 3440 0.6
186 1400 3560 2.7
186 1600 4100 0.5
186 1800 4200 4.8
187 0 0 4.3
187 200 860 1.1
187 400 1080 2.5
187 600 1580 0.6
187 800 1700 4.2
187 1000 2540 4.5
187 1200 3440 0.6
187 1400 3560 2.7
187 1600 4100 0.5
187 1800 4200 4.8
188 0 0 4.3
188 200 860 1.1
188 400 1080 2.5
188 600 1580 0.6
188 800 1700 4.2
188 1000 2540 4.5
188 1200 3440 0.6
188 1400 3560 2.7
188 1600 4100 0.5
188 1800 4200 4.8
189 0 0 4.3
189 200 860 1.1
189 400 1080 2.5
189 600 1580 0.6
189 800 1700 4.2
189 1000 2540 4.5
189 1200 3440 0.6
189 1400 3560 2.7
189 1600 4100 0.5
189 1800 4200 4.8
190 0 0 4.3
190 200 860 1.1
190 400 1080 2.5
190 600 1580 0.6
190 800 1700 4.2
190 1000 2540 4.5
190 1200 3440 0.6
190 1400 3560 2.7
190 1600 4100 0.5
190 1800 4200 4.8
191 0 0 4.3
191 200 860 1.1
191 400 1080 2.5
191 600 1580 0.6
191 800 1700 4.2
191 1000 2540 4.5
191 1200 3440 0.6
191 1400 3560 2.7
191 1600 4100 0.5
191 1800 4200 4.8
192 0 0 4.3
192 200 860 1.1
192 400 1080 2.5
192 600 1580 0.6
192 800 1700 4.2
192 1000 2540 4.5
192 1200 3440 0.6
192 1400 3560 2.7
192 1600 4100 0.5
192 1800 4200 4.8
193 0 0 4.3
193 200 860 1.1
193 400 1080 2.5
193 600 1580 0.6
193 800 1700 4.2
193 1000 2540 4.5
193 1200 3440 0.6
193 1400 3560 2.7
193 1600 4100 0.5
193 1800 4200 4.8
194 0 0 4.3
194 200 860 1.1
194 400 1080 2.5
194 600 1580 0.6
194 800 1700 4.2
194 1000 2540 4.5
194 1200 3440 0.6
194 1400 3560 2.7
194 1600 4100 0.5
194 1800 4200 4.8
195 0 0 4.3
195 200 860 1.1
195 400 1080 2.5
195 600 1580 0.6
195 800 1700 4.2
195 1000 2540 4.5
195 1200 3440 0.6
195 1400 3560 2.7
195 1600 4100 0.5
195 1800 4200 4.8
196 0 0 4.3
196 200 860 1.1
196 400 1080 2.5
196 600 1580 0.6
196 800 1700 4.2
196 1000 2540 4.5
196 1200 3440 0.6
196 1400 3560 2.7
196 1600 4100 0.5
196 1800 4200 4.8
197 0 0 4.3
197 200 860 1.1
197 400 1080 2.5
197 600 1580 0.6
197 800 1700 4.2
197 1000 2540 4.5
197 1200 3440 0.6
197 1400 3560 2.7
197 1600 4100 0.5
197 1800 4200 4.8
198 0 0 4.3
198 200 860 1.1
198 400 1080 2.5
198 600 1580 0.6
198 800 1700 4.2
198 1000 2540 4.5
198 1200 3440 0.6
198 1400 3560 2.7
198 1600 4100 0.5
198 1800 4200 4.8
199 0 0 4.3
199 200 860 1.1
199 400 1080 2.5
199 600 1580 0.6
199 800 1700 4.2
199 1000 2540 4.5
199 1200 3440 0.6
199 1400 3560 2.7
199 1600 4100 0.5
199 1800 4200 4.8
200 0 0 4.3
200 200 860 1.1
200 400 1080 2.5
200 600 1580 0.6
200 800 1700 4.2
200 1000 2540 4.5
200 1200 3440 0.6
200 1400 3560 2.7
200 1600 4100 0.5
200 1800 4200 4.8
201 0 0 4.3
201 200 860 1.1
201 400 1080 2.5
201 600 1580 0.6
201 800 1700 4.2
201 1000 2540 4.5
201 1200 3440 0.6
201 1400 3560 2.7
201 1600 4100 0.5
201 1800 4200 4.8
202 0 0 4.3
202 200 860 1.1
202 400 1080 2.5
202 600 1580 0.6
202 800 1700 4.2
202 1000 2540 4.5
202 1200 3440 0.6
202 1400 3560 2.7
202 1600 4100 0.5
202 1800 4200 4.8
203 0 0 4.3
203 200 860 1.1
203 400 1080 2.5
203 600 1580 0.6
203 800 1700 4.2
203 1000 2540 4.5
203 1200 3440 0.6
203 1400 3560 2.7
203 1600 4100 0.5
203 1800 4200 4.8
204 0 0 4.3
204 200 860 1.1
204 400 1080 2.5
204 600 1580 0.6
204 800 1700 4.2
204 1000 2540 4.5
204 1200 3440 0.6
204 1400 3560 2.7
204 1600 4100 0.5
204 1800 4200 4.8
205 0 0 4.3
205 200 860 1.1
205 400 1080 2.5
205 600 1580 0.6
205 800 1700 4.2
205 1000 2540 4.5
205 1200 3440 0.6
205 1400 3560 2.7
205 1600 4100 0.5
205 1800 4200 4.8
206 0 0 4.3
206 200 860 1.1
206 400 1080 2.5
206 600 1580 0.6
206 800 1700 4.2
206 1000 2540 4.5
206 1200 3440 0.6
206 1400 3560 2.7
206 1600 4100 0.5
206 1800 4200 4.8
207 0 0 4.3
207 200 860 1.1
207 400 1080 2.5
207 600 1580 0.6
207 800 1700 4.2
207 1000 2540 4.5
207 1200 3440 0.6
207 1400 3560 2.7
207 1600 4100 0.5
207 1800 4200 4.8
208 0 0 4.3
208 200 860 1.1
208 400 1080 2.5
208 600 1580 0.6
208 800 1700 4.2
208 1000 2540 4.5
208 1200 3440 0.6
208 1400 3560 2.7
208 1600 4100 0.5
208 1800 4200 4.8
209 0 0 4.3
209 200 860 1.1
209 400 1080 2.5
209 600 1580 0.6
209 800 1700 4.2
209 1000 2540 4.5
209 1200 3440 0.6
209 1400 3560 2.7
209 1600 4100 0.5
209 1800 4200 4.8
210 0 0 4.3
210 200 860 1.1
210 400 1080 2.5
210 600 1580 0.6
210 800 1700 4.2
210 1000 2540 4.5
210 1200 3440 0.6
210 1400 3560 2.7
210 1600 4100 0.5
210 1800 4200 4.8
211 0 0 4.3
211 200 860 1.1
211 400 1080 2.5
211 600 1580 0.6
211 800 1700 4.2
211 1000 2540 4.5
211 1200 3440 0.6
211 1400 3560 2.7
211 1600 4100 0.5
211 1800 4200 4.8
212 0 0 4.3
212 200 860 1.1
212 400 1080 2.5
212 600 1580 0.6
212 800 1700 4.2
212 1000 2540 4.5
212 1200 3440 0.6
212 1400 3560 2.7
212 1600 4100 0.5
212 1800 4200 4.8
213 0 0 4.3
213 200 860 1.1
213 400 1080 2.5
213 600 1580 0.6
213 800 1700 4.2
213 1000 2540 4.5
213 1200 3440 0.6
213 1400 3560 2.7
213 1600 4100 0.5
213 1800 4200 4.8
214 0 0 4.3
214 200 860 1.1
214 400 1080 2.5
214 600 1580 0.6
214 800 1700 4.2
214 1000 2540 4.5
214 1200 3440 0.6
214 1400 3560 2.7
214 1600 4100 0.5
214 1800 4200 4.8
215 0 0 4.3
215 200 860 1.1
215 400 1080 2.5
215 600 1580 0.6
215 800 1700 4.2
215 1000 2540 4.5
215 1200 3440 0.6
215 1400 3560 2.7
215 1600 4100 0.5
215 1800 4200 4.8
216 0 0 4.3
216 200 860 1.1
216 400 1080 2.5
216 600 1580 0.6
216 800 1700 4.2
216 1000 2540 4.5
216 1200 3440 0.6
216 1400 3560 2.7
216 1600 4100 0.5
216 1800 4200 4.8
217 0 0 4.3
217 200 860 1.1
217 400 1080 2.5
217 600 1580 0.6
217 800 1700 4.2
217 1000 2540 4.5
217 1200 3440 0.6
217 1400 3560 2.7
217 1600 4100 0.5
217 1800 4200 4.8
218 0 0 4.3
218 200 860 1.1
218 400 1080 2.5
218 600 1580 0.6
218 800 1700 4.2
218 1000 2540 4.5
218 1200 3440 0.6
218 1400 3560 2.7
218 1600 4100 0.5
218 1800 4200 4.8
219 0 0 4.3
219 200 860 1.1
219 400 1080 2.5
219 600 1580 0.6
219 800 1700 4.2
219 1000 2540 4.5
219 1200 3440 0.6
219 1400 3560 2.7
219 1600 4100 0.5
219 1800 4200 4.8
220 0 0 4.3
220 200 860 1.1
220 400 1080 2.5
220 600 1580 0.6
220 800 1700 4.2
220 1000 2540 4.5
220 1200 3440 0.6
220 1400 3560 2.7
220 1600 4100 0.5
220 1800 4200 4.8
221 0 0 4.3
221 200 860 1.1
221 400 1080 2.5
221 600 1580 0.6
221 800 1700 4.2
221 1000 2540 4.5
221 1200 3440 0.6
221 1400 3560 2.7
221 1600 4100 0.5
221 1800 4200 4.8
222 0 0 4.3
222 200 860 1.1
222 400 1080 2.5
222 600 1580 0.6
222 800 1700 4.2
222 1000 2540 4.5
222 1200 3440 0.6
222 1400 3560 2.7
222 1600 4100 0.5
222 1800 4200 4.8
223 0 0 4.3
223 200 860 1.1
223 400 1080 2.5
223 600 1580 0.6
223 800 1700 4.2
223 1000 2540 4.5
223 1200 3440 0.6
223 1400 3560 2.7
223 1600 4100 0.5
223 1800 4200 4.8
224 0 0 4.3
224 200 860 1.1
224 400 1080 2.5
224 600 1580 0.6
224 800 1700 4.2
224 1000 2540 4.5
224 1200 3440 0.6
224 1400 3560 2.7
224 1600 4100 0.5
224 1800 4200 4.8
225 0 0 4.3
225 200 860 1.1
225 400 1080 2.5
225 600 1580 0.6
225 800 1700 4.2
225 1000 2540 4.5
225 1200 3440 0.6
225 1400 3560 2.7
225 1600 4100 0.5
225 1800 4200 4.8
226 0 0 4.3
226 200 860 1.1
226 400 1080 2.5
226 600 1580 0.6
226 800 1700 4.2
226 1000 2540 4.5
226 1200 3440 0.6
226 1400 3560 2.7
226 1600 4100 0.5
226 1800 4200 4.8
227 0 0 4.3
227 200 860 1.1
227 400 1080 2.5
227 600 1580 0.6
227 800 1700 4.2
227 1000 2540 4.5
227 1200 3440 0.6
227 1400 3560 2.7
227 1600 4100 0.5
227 1800 4200 4.8
228 0 0 4.3
228 200 860 1.1
228 400 1080 2.5
228 600 1580 0.6
228 800 1700 4.2
228 1000 2540 4.5
228 1200 3440 0.6
228 1400 3560 2.7
228 1600 4100 0.5
228 1800 4200 4.8
229 0 0 4.3
229 200 860 1.1
229 400 1080 2.5
229 600 1580 0.6
229 800 1700 4.2
229 1000 2540 4.5
229 1200 3440 0.6
229 1400 3560 2.7
229 1600 4100 0.5
229 1800 4200 4.8
230 0 0 4.3
230 200 860 1.1
230 400 1080 2.5
230 600 1580 0.6
230 800 1700 4.2
230 1000 2540 4.5
230 1200 3440 0.6
230 1400 3560 2.7
230 1600 4100 0.5
230 1800 4200 4.8
231 0 0 4.3
231 200 860 1.1
231 400 1080 2.5
231 600 1580 0.6
231 800 1700 4.2
231 1000 2540 4.5
231 1200 3440 0.6
231 1400 3560 2.7
231 1600 4100 0.5
231 1800 4200 4.8
232 0 0 4.3
232 200 860 1.1
232 400 1080 2.5
232 600 1580 0.6
232 800 1700 4.2
232 1000 2540 4.5
232 1200 3440 0.6
232 1400 3560 2.7
232 1600 4100 0.5
232 1800 4200 4.8
233 0 0 4.3
233 200 860 1.1
233 400 1080 2.5
233 600 1580 0.6
233 800 1700 4.2
233 1000 2540 4.5
233 1200 3440 0.6
233 1400 3560 2.7
233 1600 4100 0.5
233 1800 4200 4.8
234 0 0 4.3
234 200 860 1.1
234 400 1080 2.5
234 600 1580 0.6
234 800 1700 4.2
234 1000 2540 4.5
234 1200 3440 0.6
234 1400 3560 2.7
234 1600 4100 0.5
234 1800 4200 4.8
235 0 0 4.3
235 200 860 1.1
235 400 1080 2.5
235 600 1580 0.6
235 800 1700 4.2
235 1000 2540 4.5
235 1200 3440 0.6
235 1400 3560 2.7
235 1600 4100 0.5
235 1800 4200 4.8
236 0 0 4.3
236 200 860 1.1
236 400 1080 2.5
236 600 1580 0.6
236 800 1700 4.2
236 1000 2540 4.5
236 1200 3440 0.6
236 1400 3560 2.7
236 1600 4100 0.5
236 1800 4200 4.8
237 0 0 4.3
237 200 860 1.1
237 400 1080 2.5
237 600 1580 0.6
237 800 1700 4.2
237 1000 2540 4.5
237 1200 3440 0.6
237 1400 3560 2.7
237 1600 4100 0.5
237 1800 4200 4.8
238 0 0 4.3
238 200 860 1.1
238 400 1080 2.5
238 600 1580 0.6
238 800 1700 4.2
238 1000 2540 4.5
238 1200 3440 0.6
238 1400 3560 2.7
238 1600 4100 0.5
238 1800 4200 4.8
239 0 0 4.3
239 200 860 1.1
239 400 1080 2.5
239 600 1580 0.6
239 800 1700 4.2
239 1000 2540 4.5
239 1200 3440 0.6
239 1400 3560 2.7
239 1600 4100 0.5
239 1800 4200 4.8
240 0 0 4.3
240 200 860 1.1
240 400 1080 2.5
240 600 1580 0.6
240 800 1700 4.2
240 1000 2540 4.5
240 1200 3440 0.6
240 1400 3560 2.7
240 1600 4100 0.5
240 1800 4200 4.8
241 0 0 4.3
241 200 860 1.1
241 400 1080 2.5
241 600 1580 0.6
241 800 1700 4.2
241 1000 2540 4.5
241 1200 3440 0.6
241 1400 3560 2.7
241 1600 4100 0.5
241 1800 4200 4.8
242 0 0 4.3
242 200 860 1.1
242 400 1080 2.5
242 600 1580 0.6
242 800 1700 4.2
242 1000 2540 4.5
242 1200 3440 0.6
242 1400 3560 2.7
242 1600 4100 0.5
242 1800 4200 4.8
243 0 0 4.3
243 200 860 1.1
243 400 1080 2.5
243 600 1580 0.6
243 800 1700 4.2
243 1000 2540 4.5
243 1200 3440 0.6
243 1400 3560 2.7
243 1600 4100 0.5
243 1800 4200 4.8
244 0 0 4.3
244 200 860 1.1
244 400 1080 2.5
244 600 1580 0.6
244 800 1700 4.2
244 1000 2540 4.5
244 1200 3440 0.6
244 1400 3560 2.7
244 1600 4100 0.5
244 1800 4200 4.8
245 0 0 4.3
245 200 860 1.1
245 400 1080 2.5
245 600 1580 0.6
245 800 1700 4.2
245 1000 2540 4.5
245 1200 3440 0.6
245 1400 3560 2.7
245 1600 4100 0.5
245 1800 4200 4.8
246 0 0 4.3
246 200 860 1.1
246 400 1080 2.5
246 600 1580 0.6
246 800 1700 4.2
246 1000 2540 4.5
246 1200 3440 0.6
246 1400 3560 2.7
246 1600 4100 0.5
246 1800 4200 4.8
247 0 0 4.3
247 200 860 1.1
247 400 1080 2.5
247 600 1580 0.6
247 800 1700 4.2
247 1000 2540 4.5
247 1200 3440 0.6
247 1400 3560 2.7
247 1600 4100 0.5
247 1800 4200 4.8
248 0 0 4.3
248 200 860 1.1
248 400 1080 2.5
248 600 1580 0.6
248 800 1700 4.2
248 1000 2540 4.5
248 1200 3440 0.6
248 1400 3560 2.7
248 1600 4100 0.5
248 1800 4200 4.8
249 0 0 4.3
249 200 860 1.1
249 400 1080 2.5
249 600 1580 0.6
249 800 1700 4.2
249 1000 2540 4.5
249 1200 3440 0.6
249 1400 3560 2.7
249 1600 4100 0.5
249 1800 4200 4.8
250 0 0 4.3
250 200 860 1.1
250 400 1080 2.5
250 600 1580 0.6
250 800 1700 4.2
250 1000 2540 4.5
250 1200 3440 0.6
250 1400 3560 2.7
250 1600 4100 0.5
250 1800 4200 4.8
251 0 0 4.3
251 200 860 1.1
251 400 1080 2.5
251 600 1580 0.6
251 800 1700 4.2
251 1000 2540 4.5
251 1200 3440 0.6
251 1400 3560 2.7
251 1600 4100 0.5
251 1800 4200 4.8
252 0 0 4.3
252 200 860 1.1
252 400 1080 2.5
252 600 1580 0.6
252 800 1700 4.2
252 1000 2540 4.5
252 1200 3440 0.6
252 1400 3560 2.7
252 1600 4100 0.5
252 1800 4200 4.8
253 0 0 4.3
253 200 860 1.1
253 400 1080 2.5
253 600 1580 0.6
253 800 1700 4.2
253 1000 2540 4.5
253 1200 3440 0.6
253 1400 3560 2.7
253 1600 4100 0.5
253 1800 4200 4.8
254 0 0 4.3
254 200 860 1.1
254 400 1080 2.5
254 600 1580 0.6
254 800 1700 4.2
254 1000 2540 4.5
254 1200 3440 0.6
254 1400 3560 2.7
254 1600 4100 0.5
254 1800 4200 4.8
255 0 0 4.3
255 200 860 1.1
255 400 1080 2.5
255 600 1580 0.6
255 800 1700 4.2
255 1000 2540 4.5
255 1200 3440 0.6
255 1400 3560 2.7
255 1600 4100 0.5
255 1800 4200 4.8
256 0 0 4.3
256 200 860 1.1
256 400 1080 2.5
256 600 1580 0.6
256 800 1700 4.2
256 1000 2540 4.5
256 1200 3440 0.6
256 1400 3560 2.7
256 1600 4100 0.5
256 1800 4200 4.8
257 0 0 4.3
257 200 860 1.1
257 400 1080 2.5
257 600 1580 0.6
257 800 1700 4.2
257 1000 2540 4.5
257 1200 3440 0.6
257 1400 3560 2.7
257 1600 4100 0.5
257 1800 4200 4.8
258 0 0 4.3
258 200 860 1.1
258 400 1080 2.5
258 600 1580 0.6
258 800 1700 4.2
258 1000 2540 4.5
258 1200 3440 0.6
258 1400 3560 2.7
258 1600 4100 0.5
258 1800 4200 4.8
259 0 0 4.3
259 200 860 1.1
259 400 1080 2.5
259 600 1580 0.6
259 800 1700 4.2
259 1000 2540 4.5
259 1200 3440 0.6
259 1400 3560 2.7
259 1600 4100 0.5
259 1800 4200 4.8
260 0 0 4.3
260 200 860 1.1
260 400 1080 2.5
260 600 1580 0.6
260 800 1700 4.2
260 1000 2540 4.5
260 1200 3440 0.6
260 1400 3560 2.7
260 1600 4100 0.5
260 1800 4200 4.8
261 0 0 4.3
261 200 860 1.1
261 400 1080 2.5
261 600 1580 0.6
261 800 1700 4.2
261 1000 2540 4.5
261 1200 3440 0.6
261 1400 3560 2.7
261 1600 4100 0.5
261 1800 4200 4.8
262 0 0 4.3
262 200 860 1.1
262 400 1080 2.5
262 600 1580 0.6
262 800 1700 4.2
262 1000 2540 4.5
262 1200 3440 0.6
262 1400 3560 2.7
262 1600 4100 0.5
262 1800 4200 4.8
263 0 0 4.3
263 200 860 1.1
263 400 1080 2.5
263 600 1580 0.6
263 800 1700 4.2
263 1000 2540 4.5
263 1200 3440 0.6
263 1400 3560 2.7
263 1600 4100 0.5
263 1800 4200 4.8
264 0 0 4.3
264 200 860 1.1
264 400 1080 2.5
264 600 1580 0.6
264 800 1700 4.2
264 1000 2540 4.5
264 1200 3440 0.6
264 1400 3560 2.7
264 1600 4100 0.5
264 1800 4200 4.8
265 0 0 4.3
265 200 860 1.1
265 400 1080 2.5
265 600 1580 0.6
265 800 1700 4.2
265 1000 2540 4.5
265 1200 3440 0.6
265 1400 3560 2.7
265 1600 4100 0.5
265 1800 4200 4.8
266 0 0 4.3
266 200 860 1.1
266 400 1080 2.5
266 600 1580 0.6
266 800 1700 4.2
266 1000 2540 4.5
266 1200 3440 0.6
266 1400 3560 2.7
266 1600 4100 0.5
266 1800 4200 4.8
267 0 0 4.3
267 200 860 1.1
267 400 1080 2.5
267 600 1580 0.6
267 800 1700 4.2
267 1000 2540 4.5
267 1200 3440 0.6
267 1400 3560 2.7
267 1600 4100 0.5
267 1800 4200 4.8
268 0 0 4.3
268 200 860 1.1
268 400 1080 2.5
268 600 1580 0.6
268 800 1700 4.2
268 1000 2540 4.5
268 1200 3440 0.6
268 1400 3560 2.7
268 1600 4100 0.5
268 1800 4200 4.8
269 0 0 4.3
269 200 860 1.1
269 400 1080 2.5
269 600 1580 0.6
269 800 1700 4.2
269 1000 2540 4.5
269 1200 3440 0.6
269 1400 3560 2.7
269 1600 4100 0.5
269 1800 4200 4.8
270 0 0 4.3
270 200 860 1.1
270 400 1080 2.5
270 600 1580 0.6
270 800 1700 4.2
270 1000 2540 4.5
270 1200 3440 0.6
270 1400 3560 2.7
270 1600 4100 0.5
270 1800 4200 4.8
271 0 0 4.3
271 200 860 1.1
271 400 1080 2.5
271 600 1580 0.6
271 800 1700 4.2
271 1000 2540 4.5
271 1200 3440 0.6
271 1400 3560 2.7
271 1600 4100 0.5
271 1800 4200 4.8
272 0 0 4.3
272 200 860 1.1
272 400 1080 2.5
272 600 1580 0.6
272 800 1700 4.2
272 1000 2540 4.5
272 1200 3440 0.6
272 1400 3560 2.7
272 1600 4100 0.5
272 1800 4200 4.8
273 0 0 4.3
273 200 860 1.1
273 400 1080 2.5
273 600 1580 0.6
273 800 1700 4.2
273 1000 2540 4.5
273 1200 3440 0.6
273 1400 3560 2.7
273 1600 4100 0.5
273 1800 4200 4.8
274 0 0 4.3
274 200 860 1.1
274 400 1080 2.5
274 600 1580 0.6
274 800 1700 4.2
274 1000 2540 4.5
274 1200 3440 0.6
274 1400 3560 2.7
274 1600 4100 0.5
274 1800 4200 4.8
275 0 0 4.3
275 200 860 1.1
275 400 1080 2.5
275 600 1580 0.6
275 800 1700 4.2
275 1000 2540 4.5
275 1200 3440 0.6
275 1400 3560 2.7
275 1600 4100 0.5
275 1800 4200 4.8
276 0 0 4.3
276 200 860 1.1
276 400 1080 2.5
276 600 1580 0.6
276 800 1700 4.2
276 1000 2540 4.5
276 1200 3440 0.6
276 1400 3560 2.7
276 1600 4100 0.5
276 1800 4200 4.8
277 0 0 4.3
277 200 860 1.1
277 400 1080 2.5
277 600 1580 0.6
277 800 1700 4.2
277 1000 2540 4.5
277 1200 3440 0.6
277 1400 3560 2.7
277 1600 4100 0.5
277 1800 4200 4.8
278 0 0 4.3
278 200 860 1.1
278 400 1080 2.5
278 600 1580 0.6
278 800 1700 4.2
278 1000 2540 4.5
278 1200 3440 0.6
278 1400 3560 2.7
278 1600 4100 0.5
278 1800 4200 4.8
279 0 0 4.3
279 200 860 1.1
279 400 1080 2.5
279 600 1580 0.6
279 800 1700 4.2
279 1000 2540 4.5
279 1200 3440 0.6
279 1400 3560 2.7
279 1600 4100 0.5
279 1800 4200 4.8
280 0 0 4.3
280 200 860 1.1
280 400 1080 2.5
280 600 1580 0.6
280 800 1700 4.2
280 1000 2540 4.5
280 1200 3440 0.6
280 1400 3560 2.7
280 1600 4100 0.5
280 1800 4200 4.8
281 0 0 4.3
281 200 860 1.1
281 400 1080 2.5
281 600 1580 0.6
281 800 1700 4.2
281 1000 2540 4.5
281 1200 3440 0.6
281 1400 3560 2.7
281 1600 4100 0.5
281 1800 4200 4.8
282 0 0 4.3
282 200 860 1.1
282 400 1080 2.5
282 600 1580 0.6
282 800 1700 4.2
282 1000 2540 4.5
282 1200 3440 0.6
282 1400 3560 2.7
282 1600 4100 0.5
282 1800 4200 4.8
283 0 0 4.3
283 200 860 1.1
283 400 1080 2.5
283 600 1580 0.6
283 800 1700 4.2
283 1000 2540 4.5
283 1200 3440 0.6
283 1400 3560 2.7
283 1600 4100 0.5
283 1800 4200 4.8
284 0 0 4.3
284 200 860 1.1
284 400 1080 2.5
284 600 1580 0.6
284 800 1700 4.2
284 1000 2540 4.5
284 1200 3440 0.6
284 1400 3560 2.7
284 1600 4100 0.5
284 1800 4200 4.8
285 0 0 4.3
285 200 860 1.1
285 400 1080 2.5
285 600 1580 0.6
285 800 1700 4.2
285 1000 2540 4.5
285 1200 3440 0.6
285 1400 3560 2.7
285 1600 4100 0.5
285 1800 4200 4.8
286 0 0 4.3
286 200 860 1.1
286 400 1080 2.5
286 600 1580 0.6
286 800 1700 4.2
286 1000 2540 4.5
286 1200 3440 0.6
286 1400 3560 2.7
286 1600 4100 0.5
286 1800 4200 4.8
287 0 0 4.3
287 200 860 1.1
287 400 1080 2.5
287 600 1580 0.6
287 800 1700 4.2
287 1000 2540 4.5
287 1200 3440 0.6
287 1400 3560 2.7
287 1600 4100 0.5
287 1800 4200 4.8
288 0 0 4.3
288 200 860 1.1
288 400 1080 2.5
288 600 1580 0.6
288 800 1700 4.2
288 1000 2540 4.5
288 1200 3440 0.6
288 1400 3560 2.7
288 1600 4100 0.5
288 1800 4200 4.8
289 0 0 4.3
289 200 860 1.1
289 400 1080 2.5
289 600 1580 0.6
289 800 1700 4.2
289 1000 2540 4.5
289 1200 3440 0.6
289 1400 3560 2.7
289 1600 4100 0.5
289 1800 4200 4.8
290 0 0 4.3
290 200 860 1.1
290 400 1080 2.5
290 600 1580 0.6
290 800 1700 4.2
290 1000 2540 4.5
290 1200 3440 0.6
290 1400 3560 2.7
290 1600 4100 0.5
290 1800 4200 4.8
291 0 0 4.3
291 200 860 1.1
291 400 1080 2.5
291 600 1580 0.6
291 800 1700 4.2
291 1000 2540 4.5
291 1200 3440 0.6
291 1400 3560 2.7
291 1600 4100 0.5
291 1800 4200 4.8
292 0 0 4.3
292 200 860 1.1
292 400 1080 2.5
292 600 1580 0.6
292 800 1700 4.2
292 1000 2540 4.5
292 1200 3440 0.6
292 1400 3560 2.7
292 1600 4100 0.5
292 1800 4200 4.8
293 0 0 4.3
293 200 860 1.1
293 400 1080 2.5
293 600 1580 0.6
293 800 1700 4.2
293 1000 2540 4.5
293 1200 3440 0.6
293 1400 3560 2.7
293 1600 4100 0.5
293 1800 4200 4.8
294 0 0 4.3
294 200 860 1.1
294 400 1080 2.5
294 600 1580 0.6
294 800 1700 4.2
294 1000 2540 4.5
294 1200 3440 0.6
294 1400 3560 2.7
294 1600 4100 0.5
294 1800 4200 4.8
295 0 0 4.3
295 200 860 1.1
295 400 1080 2.5
295 600 1580 0.6
295 800 1700 4.2
295 1000 2540 4.5
295 1200 3440 0.6
295 1400 3560 2.7
295 1600 4100 0.5
295 1800 4200 4.8
296 0 0 4.3
296 200 860 1.1
296 400 1080 2.5
296 600 1580 0.6
296 800 1700 4.2
296 1000 2540 4.5
296 1200 3440 0.6
296 1400 3560 2.7
296 1600 4100 0.5
296 1800 4200 4.8
297 0 0 4.3
297 200 860 1.1
297 400 1080 2.5
297 600 1580 0.6
297 800 1700 4.2
297 1000 2540 4.5
297 1200 3440 0.6
297 1400 3560 2.7
297 1600 4100 0.5
297 1800 4200 4.8
298 0 0 4.3
298 200 860 1.1
298 400 1080 2.5
298 600 1580 0.6
298 800 1700 4.2
298 1000 2540 4.5
298 1200 3440 0.6
298 1400 3560 2.7
298 1600 4100 0.5
298 1800 4200 4.8
299 0 0 4.3
299 200 860 1.1
299 400 1080 2.5
299 600 1580 0.6
299 800 1700 4.2
299 1000 2540 4.5
299 1200 3440 0.6
299 1400 3560 2.7
299 1600 4100 0.5
299 1800 4200 4.8
300 0 0 4.3
300 200 860 1.1
300 400 1080 2.5
300 600 1580 0.6
300 800 1700 4.2
300 1000 2540 4.5
300 1200 3440 0.6
300 1400 3560 2.7
300 1600 4100 0.5
300 1800 4200 4.8
301 0 0 4.3
301 200 860 1.1
301 400 1080 2.5
301 600 1580 0.6
301 800 1700 4.2
301 1000 2540 4.5
301 1200 3440 0.6
301 1400 3560 2.7
301 1600 4100 0.5
301 1800 4200 4.8
302 0 0 4.3
302 200 860 1.1
302 400 1080 2.5
302 600 1580 0.6
302 800 1700 4.2
302 1000 2540 4.5
302 1200 3440 0.6
302 1400 3560 2.7
302 1600 4100 0.5
302 1800 4200 4.8
303 0 0 4.3
303 200 860 1.1
303 400 1080 2.5
303 600 1580 0.6
303 800 1700 4.2
303 1000 2540 4.5
303 1200 3440 0.6
303 1400 3560 2.7
303 1600 4100 0.5
303 1800 4200 4.8
304 0 0 4.3
304 200 860 1.1
304 400 1080 2.5
304 600 1580 0.6
304 800 1700 4.2
304 1000 2540 4.5
304 1200 3440 0.6
304 1400 3560 2.7
304 1600 4100 0.5
304 1800 4200 4.8
305 0 0 4.3
305 200 860 1.1
305 400 1080 2.5
305 600 1580 0.6
305 800 1700 4.2
305 1000 2540 4.5
305 1200 3440 0.6
305 1400 3560 2.7
305 1600 4100 0.5
305 1800 4200 4.8
306 0 0 4.3
306 200 860 1.1
306 400 1080 2.5
306 600 1580 0.6
306 800 1700 4.2
306 1000 2540 4.5
306 1200 3440 0.6
306 1400 3560 2.7
306 1600 4100 0.5
306 1800 4200 4.8
307 0 0 4.3
307 200 860 1.1
307 400 1080 2.5
307 600 1580 0.6
307 800 1700 4.2
307 1000 2540 4.5
307 1200 3440 0.6
307 1400 3560 2.7
307 1600 4100 0.5
307 1800 4200 4.8
308 0 0 4.3
308 200 860 1.1
308 400 1080 2.5
308 600 1580 0.6
308 800 1700 4.2
308 1000 2540 4.5
308 1200 3440 0.6
308 1400 3560 2.7
308 1600 4100 0.5
308 1800 4200 4.8
309 0 0 4.3
309 200 860 1.1
309 400 1080 2.5
309 600 1580 0.6
309 800 1700 4.2
309 1000 2540 4.5
309 1200 3440 0.6
309 1400 3560 2.7
309 1600 4100 0.5
309 1800 4200 4.8
310 0 0 4.3
310 200 860 1.1
310 400 1080 2.5
310 600 1580 0.6
310 800 1700 4.2
310 1000 2540 4.5
310 1200 3440 0.6
310 1400 3560 2.7
310 1600 4100 0.5
310 1800 4200 4.8
311 0 0 4.3
311 200 860 1.1
311 400 1080 2.5
311 600 1580 0.6
311 800 1700 4.2
311 1000 2540 4.5
311 1200 3440 0.6
311 1400 3560 2.7
311 1600 4100 0.5
311 1800 4200 4.8
312 0 0 4.3
312 200 860 1.1
312 400 1080 2.5
312 600 1580 0.6
312 800 1700 4.2
312 1000 2540 4.5
312 1200 3440 0.6
312 1400 3560 2.7
312 1600 4100 0.5
312 1800 4200 4.8
313 0 0 4.3
313 200 860 1.1
313 400 1080 2.5
313 600 1580 0.6
313 800 1700 4.2
313 1000 2540 4.5
313 1200 3440 0.6
313 1400 3560 2.7
313 1600 4100 0.5
313 1800 4200 4.8
314 0 0 4.3
314 200 860 1.1
314 400 1080 2.5
314 600 1580 0.6
314 800 1700 4.2
314 1000 2540 4.5
314 1200 3440 0.6
314 1400 3560 2.7
314 1600 4100 0.5
314 1800 4200 4.8
315 0 0 4.3
315 200 860 1.1
315 400 1080 2.5
315 600 1580 0.6
315 800 1700 4.2
315 1000 2540 4.5
315 1200 3440 0.6
315 1400 3560 2.7
315 1600 4100 0.5
315 1800 4200 4.8
316 0 0 4.3
316 200 860 1.1
316 400 1080 2.5
316 600 1580 0.6
316 800 1700 4.2
316 1000 2540 4.5
316 1200 3440 0.6
316 1400 3560 2.7
316 1600 4100 0.5
316 1800 4200 4.8
317 0 0 4.3
317 200 860 1.1
317 400 1080 2.5
317 600 1580 0.6
317 800 1700 4.2
317 1000 2540 4.5
317 1200 3440 0.6
317 1400 3560 2.7
317 1600 4100 0.5
317 1800 4200 4.8
318 0 0 4.3
318 200 860 1.1
318 400 1080 2.5
318 600 1580 0.6
318 800 1700 4.2
318 1000 2540 4.5
318 1200 3440 0.6
318 1400 3560 2.7
318 1600 4100 0.5
318 1800 4200 4.8
319 0 0 4.3
319 200 860 1.1
319 400 1080 2.5
319 600 1580 0.6
319 800 1700 4.2
319 1000 2540 4.5
319 1200 3440 0.6
319 1400 3560 2.7
319 1600 4100 0.5
319 1800 4200 4.8
320 0 0 4.3
320 200 860 1.1
320 400 1080 2.5
320 600 1580 0.6
320 800 1700 4.2
320 1000 2540 4.5
320 1200 3440 0.6
320 1400 3560 2.7
320 1600 4100 0.5
320 1800 4200 4.8
321 0 0 4.3
321 200 860 1.1
321 400 1080 2.5
321 600 1580 0.6
321 800 1700 4.2
321 1000 2540 4.5
321 1200 3440 0.6
321 1400 3560 2.7
321 1600 4100 0.5
321 1800 4200 4.8
322 0 0 4.3
322 200 860 1.1
322 400 1080 2.5
322 600 1580 0.6
322 800 1700 4.2
322 1000 2540 4.5
322 1200 3440 0.6
322 1400 3560 2.7
322 1600 4100 0.5
322 1800 4200 4.8
323 0 0 4.3
323 200 860 1.1
323 400 1080 2.5
323 600 1580 0.6
323 800 1700 4.2
323 1000 2540 4.5
323 1200 3440 0.6
323 1400 3560 2.7
323 1600 4100 0.5
323 1800 4200 4.8
324 0 0 4.3
324 200 860 1.1
324 400 1080 2.5
324 600 1580 0.6
324 800 1700 4.2
324 1000 2540 4.5
324 1200 3440 0.6
324 1400 3560 2.7
324 1600 4100 0.5
324 1800 4200 4.8
325 0 0 4.3
325 200 860 1.1
325 400 1080 2.5
325 600 1580 0.6
325 800 1700 4.2
325 1000 2540 4.5
325 1200 3440 0.6
325 1400 3560 2.7
325 1600 4100 0.5
325 1800 4200 4.8
326 0 0 4.3
326 200 860 1.1
326 400 1080 2.5
326 600 1580 0.6
326 800 1700 4.2
326 1000 2540 4.5
326 1200 3440 0.6
326 1400 3560 2.7
326 1600 4100 0.5
326 1800 4200 4.8
327 0 0 4.3
327 200 860 1.1
327 400 1080 2.5
327 600 1580 0.6
327 800 1700 4.2
327 1000 2540 4.5
327 1200 3440 0.6
327 1400 3560 2.7
327 1600 4100 0.5
327 1800 4200 4.8
328 0 0 4.3
328 200 860 1.1
328 400 1080 2.5
328 600 1580 0.6
328 800 1700 4.2
328 1000 2540 4.5
328 1200 3440 0.6
328 1400 3560 2.7
328 1600 4100 0.5
328 1800 4200 4.8
329 0 0 4.3
329 200 860 1.1
329 400 1080 2.5
329 600 1580 0.6
329 800 1700 4.2
329 1000 2540 4.5
329 1200 3440 0.6
329 1400 3560 2.7
329 1600 4100 0.5
329 1800 4200 4.8
330 0 0 4.3
330 200 860 1.1
330 400 1080 2.5
330 600 1580 0.6
330 800 1700 4.2
330 1000 2540 4.5
330 1200 3440 0.6
330 1400 3560 2.7
330 1600 4100 0.5
330 1800 4200 4.8
331 0 0 4.3
331 200 860 1.1
331 400 1080 2.5
331 600 1580 0.6
331 800 1700 4.2
331 1000 2540 4.5
331 1200 3440 0.6
331 1400 3560 2.7
331 1600 4100 0.5
331 1800 4200 4.8
332 0 0 4.3
332 200 860 1.1
332 400 1080 2.5
332 600 1580 0.6
332 800 1700 4.2
332 1000 2540 4.5
332 1200 3440 0.6
332 1400 3560 2.7
332 1600 4100 0.5
332 1800 4200 4.8
333 0 0 4.3
333 200 860 1.1
333 400 1080 2.5
333 600 1580 0.6
333 800 1700 4.2
333 1000 2540 4.5
333 1200 3440 0.6
333 1400 3560 2.7
333 1600 4100 0.5
333 1800 4200 4.8
334 0 0 4.3
334 200 860 1.1
334 400 1080 2.5
334 600 1580 0.6
334 800 1700 4.2
334 1000 2540 4.5
334 1200 3440 0.6
334 1400 3560 2.7
334 1600 4100 0.5
334 1800 4200 4.8
335 0 0 4.3
335 200 860 1.1
335 400 1080 2.5
335 600 1580 0.6
335 800 1700 4.2
335 1000 2540 4.5
335 1200 3440 0.6
335 1400 3560 2.7
335 1600 4100 0.5
335 1800 4200 4.8
336 0 0 4.3
336 200 860 1.1
336 400 1080 2.5
336 600 1580 0.6
336 800 1700 4.2
336 1000 2540 4.5
336 1200 3440 0.6
336 1400 3560 2.7
336 1600 4100 0.5
336 1800 4200 4.8
337 0 0 4.3
337 200 860 1.1
337 400 1080 2.5
337 600 1580 0.6
337 800 1700 4.2
337 1000 2540 4.5
337 1200 3440 0.6
337 1400 3560 2.7
337 1600 4100 0.5
337 1800 4200 4.8
338 0 0 4.3
338 200 860 1.1
338 400 1080 2.5
338 600 1580 0.6
338 800 1700 4.2
338 1000 2540 4.5
338 1200 3440 0.6
338 1400 3560 2.7
338 1600 4100 0.5
338 1800 4200 4.8
339 0 0 4.3
339 200 860 1.1
339 400 1080 2.5
339 600 1580 0.6
339 800 1700 4.2
339 1000 2540 4.5
339 1200 3440 0.6
339 1400 3560 2.7
339 1600 4100 0.5
339 1800 4200 4.8
340 0 0 4.3
340 200 860 1.1
340 400 1080 2.5
340 600 1580 0.6
340 800 1700 4.2
340 1000 2540 4.5
340 1200 3440 0.6
340 1400 3560 2.7
340 1600 4100 0.5
340 1800 4200 4.8
341 0 0 4.3
341 200 860 1.1
341 400 1080 2.5
341 600 1580 0.6
341 800 1700 4.2
341 1000 2540 4.5
341 1200 3440 0.6
341 1400 3560 2.7
341 1600 4100 0.5
341 1800 4200 4.8
342 0 0 4.3
342 200 860 1.1
342 400 1080 2.5
342 600 1580 0.6
342 800 1700 4.2
342 1000 2540 4.5
342 1200 3440 0.6
342 1400 3560 2.7
342 1600 4100 0.5
342 1800 4200 4.8
343 0 0 4.3
343 200 860 1.1
343 400 1080 2.5
343 600 1580 0.6
343 800 1700 4.2
343 1000 2540 4.5
343 1200 3440 0.6
343 1400 3560 2.7
343 1600 4100 0.5
343 1800 4200 4.8
344 0 0 4.3
344 200 860 1.1
344 400 1080 2.5
344 600 1580 0.6
344 800 1700 4.2
344 1000 2540 4.5
344 1200 3440 0.6
344 1400 3560 2.7
344 1600 4100 0.5
344 1800 4200 4.8
345 0 0 4.3
345 200 860 1.1
345 400 1080 2.5
345 600 1580 0.6
345 800 1700 4.2
345 1000 2540 4.5
345 1200 3440 0.6
345 1400 3560 2.7
345 1600 4100 0.5
345 1800 4200 4.8
346 0 0 4.3
346 200 860 1.1
346 400 1080 2.5
346 600 1580 0.6
346 800 1700 4.2
346 1000 2540 4.5
346 1200 3440 0.6
346 1400 3560 2.7
346 1600 4100 0.5
346 1800 4200 4.8
347 0 0 4.3
347 200 860 1.1
347 400 1080 2.5
347 600 1580 0.6
347 800 1700 4.2
347 1000 2540 4.5
347 1200 3440 0.6
347 1400 3560 2.7
347 1600 4100 0.5
347 1800 4200 4.8
348 0 0 4.3
348 200 860 1.1
348 400 1080 2.5
348 600 1580 0.6
348 800 1700 4.2
348 1000 2540 4.5
348 1200 3440 0.6
348 1400 3560 2.7
348 1600 4100 0.5
348 1800 4200 4.8
349 0 0 4.3
349 200 860 1.1
349 400 1080 2.5
349 600 1580 0.6
349 800 1700 4.2
349 1000 2540 4.5
349 1200 3440 0.6
349 1400 3560 2.7
349 1600 4100 0.5
349 1800 4200 4.8
350 0 0 4.3
350 200 860 1.1
350 400 1080 2.5
350 600 1580 0.6
350 800 1700 4.2
350 1000 2540 4.5
350 1200 3440 0.6
350 1400 3560 2.7
350 1600 4100 0.5
350 1800 4200 4.8
351 0 0 4.3
351 200 860 1.1
351 400 1080 2.5
351 600 1580 0.6
351 800 1700 4.2
351 1000 2540 4.5
351 1200 3440 0.6
351 1400 3560 2.7
351 1600 4100 0.5
351 1800 4200 4.8
352 0 0 4.3
352 200 860 1.1
352 400 1080 2.5
352 600 1580 0.6
352 800 1700 4.2
352 1000 2540 4.5
352 1200 3440 0.6
352 1400 3560 2.7
352 1600 4100 0.5
352 1800 4200 4.8
353 0 0 4.3
353 200 860 1.1
353 400 1080 2.5
353 600 1580 0.6
353 800 1700 4.2
353 1000 2540 4.5
353 1200 3440 0.6
353 1400 3560 2.7
353 1600 4100 0.5
353 1800 4200 4.8
354 0 0 4.3
354 200 860 1.1
354 400 1080 2.5
354 600 1580 0.6
354 800 1700 4.2
354 1000 2540 4.5
354 1200 3440 0.6
354 1400 3560 2.7
354 1600 4100 0.5
354 1800 4200 4.8
355 0 0 4.3
355 200 860 1.1
355 400 1080 2.5
355 600 1580 0.6
355 800 1700 4.2
355 1000 2540 4.5
355 1200 3440 0.6
355 1400 3560 2.7
355 1600 4100 0.5
355 1800 4200 4.8
356 0 0 4.3
356 200 860 1.1
356 400 1080 2.5
356 600 1580 0.6
356 800 1700 4.2
356 1000 2540 4.5
356 1200 3440 0.6
356 1400 3560 2.7
356 1600 4100 0.5
356 1800 4200 4.8
357 0 0 4.3
357 200 860 1.1
357 400 1080 2.5
357 600 1580 0.6
357 800 1700 4.2
357 1000 2540 4.5
357 1200 3440 0.6
357 1400 3560 2.7
357 1600 4100 0.5
357 1800 4200 4.8
358 0 0 4.3
358 200 860 1.1
358 400 1080 2.5
358 600 1580 0.6
358 800 1700 4.2
358 1000 2540 4.5
358 1200 3440 0.6
358 1400 3560 2.7
358 1600 4100 0.5
358 1800 4200 4.8
359 0 0 4.3
359 200 860 1.1
359 400 1080 2.5
359 600 1580 0.6
359 800 1700 4.2
359 1000 2540 4.5
359 1200 3440 0.6
359 1400 3560 2.7
359 1600 4100 0.5
359 1800 4200 4.8
360 0 0 4.3
360 200 860 1.1
360 400 1080 2.5
360 600 1580 0.6
360 800 1700 4.2
360 1000 2540 4.5
360 1200 3440 0.6
360 1400 3560 2.7
360 1600 4100 0.5
360 1800 4200 4.8
361 0 0 4.3
361 200 860 1.1
361 400 1080 2.5
361 600 1580 0.6
361 800 1700 4.2
361 1000 2540 4.5
361 1200 3440 0.6
361 1400 3560 2.7
361 1600 4100 0.5
361 1800 4200 4.8
362 0 0 4.3
362 200 860 1.1
362 400 1080 2.5
362 600 1580 0.6
362 800 1700 4.2
362 1000 2540 4.5
362 1200 3440 0.6
362 1400 3560 2.7
362 1600 4100 0.5
362 1800 4200 4.8
363 0 0 4.3
363 200 860 1.1
363 400 1080 2.5
363 600 1580 0.6
363 800 1700 4.2
363 1000 2540 4.5
363 1200 3440 0.6
363 1400 3560 2.7
363 1600 4100 0.5
363 1800 4200 4.8
364 0 0 4.3
364 200 860 1.1
364 400 1080 2.5
364 600 1580 0.6
364 800 1700 4.2
364 1000 2540 4.5
364 1200 3440 0.6
364 1400 3560 2.7
364 1600 4100 0.5
364 1800 4200 4.8
365 0 0 4.3
365 200 860 1.1
365 400 1080 2.5
365 600 1580 0.6
365 800 1700 4.2
365 1000 2540 4.5
365 1200 3440 0.6
365 1400 3560 2.7
365 1600 4100 0.5
365 1800 4200 4.8
366 0 0 4.3
366 200 860 1.1
366 400 1080 2.5
366 600 1580 0.6
366 800 1700 4.2
366 1000 2540 4.5
366 1200 3440 0.6
366 1400 3560 2.7
366 1600 4100 0.5
366 1800 4200 4.8
367 0 0 4.3
367 200 860 1.1
367 400 1080 2.5
367 600 1580 0.6
367 800 1700 4.2
367 1000 2540 4.5
367 1200 3440 0.6
367 1400 3560 2.7
367 1600 4100 0.5
367 1800 4200 4.8
368 0 0 4.3
368 200 860 1.1
368 400 1080 2.5
368 600 1580 0.6
368 800 1700 4.2
368 1000 2540 4.5
368 1200 3440 0.6
368 1400 3560 2.7
368 1600 4100 0.5
368 1800 4200 4.8
369 0 0 4.3
369 200 860 1.1
369 400 1080 2.5
369 600 1580 0.6
369 800 1700 4.2
369 1000 2540 4.5
369 1200 3440 0.6
369 1400 3560 2.7
369 1600 4100 0.5
369 1800 4200 4.8
370 0 0 4.3
370 200 860 1.1
370 400 1080 2.5
370 600 1580 0.6
370 800 1700 4.2
370 1000 2540 4.5
370 1200 3440 0.6
370 1400 3560 2.7
370 1600 4100 0.5
370 1800 4200 4.8
371 0 0 4.3
371 200 860 1.1
371 400 1080 2.5
371 600 1580 0.6
371 800 1700 4.2
371 1000 2540 4.5
371 1200 3440 0.6
371 1400 3560 2.7
371 1600 4100 0.5
371 1800 4200 4.8
372 0 0 4.3
372 200 860 1.1
372 400 1080 2.5
372 600 1580 0.6
372 800 1700 4.2
372 1000 2540 4.5
372 1200 3440 0.6
372 1400 3560 2.7
372 1600 4100 0.5
372 1800 4200 4.8
373 0 0 4.3
373 200 860 1.1
373 400 1080 2.5
373 600 1580 0.6
373 800 1700 4.2
373 1000 2540 4.5
373 1200 3440 0.6
373 1400 3560 2.7
373 1600 4100 0.5
373 1800 4200 4.8
374 0 0 4.3
374 200 860 1.1
374 400 1080 2.5
374 600 1580 0.6
374 800 1700 4.2
374 1000 2540 4.5
374 1200 3440 0.6
374 1400 3560 2.7
374 1600 4100 0.5
374 1800 4200 4.8
375 0 0 4.3
375 200 860 1.1
375 400 1080 2.5
375 600 1580 0.6
375 800 1700 4.2
375 1000 2540 4.5
375 1200 3440 0.6
375 1400 3560 2.7
375 1600 4100 0.5
375 1800 4200 4.8
376 0 0 4.3
376 200 860 1.1
376 400 1080 2.5
376 600 1580 0.6
376 800 1700 4.2
376 1000 2540 4.5
376 1200 3440 0.6
376 1400 3560 2.7
376 1600 4100 0.5
376 1800 4200 4.8
377 0 0 4.3
377 200 860 1.1
377 400 1080 2.5
377 600 1580 0.6
377 800 1700 4.2
377 1000 2540 4.5
377 1200 3440 0.6
377 1400 3560 2.7
377 1600 4100 0.5
377 1800 4200 4.8
378 0 0 4.3
378 200 860 1.1
378 400 1080 2.5
378 600 1580 0.6
378 800 1700 4.2
378 1000 2540 4.5
378 1200 3440 0.6
378 1400 3560 2.7
378 1600 4100 0.5
378 1800 4200 4.8
379 0 0 4.3
379 200 860 1.1
379 400 1080 2.5
379 600 1580 0.6
379 800 1700 4.2
379 1000 2540 4.5
379 1200 3440 0.6
379 1400 3560 2.7
379 1600 4100 0.5
379 1800 4200 4.8
380 0 0 4.3
380 200 860 1.1
380 400 1080 2.5
380 600 1580 0.6
380 800 1700 4.2
380 1000 2540 4.5
380 1200 3440 0.6
380 1400 3560 2.7
380 1600 4100 0.5
380 1800 4200 4.8
381 0 0 4.3
381 200 860 1.1
381 400 1080 2.5
381 600 1580 0.6
381 800 1700 4.2
381 1000 2540 4.5
381 1200 3440 0.6
381 1400 3560 2.7
381 1600 4100 0.5
381 1800 4200 4.8
382 0 0 4.3
382 200 860 1.1
382 400 1080 2.5
382 600 1580 0.6
382 800 1700 4.2
382 1000 2540 4.5
382 1200 3440 0.6
382 1400 3560 2.7
382 1600 4100 0.5
382 1800 4200 4.8
383 0 0 4.3
383 200 860 1.1
383 400 1080 2.5
383 600 1580 0.6
383 800 1700 4.2
383 1000 2540 4.5
383 1200 3440 0.6
383 1400 3560 2.7
383 1600 4100 0.5
383 1800 4200 4.8
384 0 0 4.3
384 200 860 1.1
384 400 1080 2.5
384 600 1580 0.6
384 800 1700 4.2
384 1000 2540 4.5
384 1200 3440 0.6
384 1400 3560 2.7
384 1600 4100 0.5
384 1800 4200 4.8
385 0 0 4.3
385 200 860 1.1
385 400 1080 2.5
385 600 1580 0.6
385 800 1700 4.2
385 1000 2540 4.5
385 1200 3440 0.6
385 1400 3560 2.7
385 1600 4100 0.5
385 1800 4200 4.8
386 0 0 4.3
386 200 860 1.1
386 400 1080 2.5
386 600 1580 0.6
386 800 1700 4.2
386 1000 2540 4.5
386 1200 3440 0.6
386 1400 3560 2.7
386 1600 4100 0.5
386 1800 4200 4.8
387 0 0 4.3
387 200 860 1.1
387 400 1080 2.5
387 600 1580 0.6
387 800 1700 4.2
387 1000 2540 4.5
387 1200 3440 0.6
387 1400 3560 2.7
387 1600 4100 0.5
387 1800 4200 4.8
388 0 0 4.3
388 200 860 1.1
388 400 1080 2.5
388 600 1580 0.6
388 800 1700 4.2
388 1000 2540 4.5
388 1200 3440 0.6
388 1400 3560 2.7
388 1600 4100 0.5
388 1800 4200 4.8
389 0 0 4.3
389 200 860 1.1
389 400 1080 2.5
389 600 1580 0.6
389 800 1700 4.2
389 1000 2540 4.5
389 1200 3440 0.6
389 1400 3560 2.7
389 1600 4100 0.5
389 1800 4200 4.8
390 0 0 4.3
390 200 860 1.1
390 400 1080 2.5
390 600 1580 0.6
390 800 1700 4.2
390 1000 2540 4.5
390 1200 3440 0.6
390 1400 3560 2.7
390 1600 4100 0.5
390 1800 4200 4.8
391 0 0 4.3
391 200 860 1.1
391 400 1080 2.5
391 600 1580 0.6
391 800 1700 4.2
391 1000 2540 4.5
391 1200 3440 0.6
391 1400 3560 2.7
391 1600 4100 0.5
391 1800 4200 4.8
392 0 0 4.3
392 200 860 1.1
392 400 1080 2.5
392 600 1580 0.6
392 800 1700 4.2
392 1000 2540 4.5
392 1200 3440 0.6
392 1400 3560 2.7
392 1600 4100 0.5
392 1800 4200 4.8
393 0 0 4.3
393 200 860 1.1
393 400 1080 2.5
393 600 1580 0.6
393 800 1700 4.2
393 1000 2540 4.5
393 1200 3440 0.6
393 1400 3560 2.7
393 1600 4100 0.5
393 1800 4200 4.8
394 0 0 4.3
394 200 860 1.1
394 400 1080 2.5
394 600 1580 0.6
394 800 1700 4.2
394 1000 2540 4.5
394 1200 3440 0.6
394 1400 3560 2.7
394 1600 4100 0.5
394 1800 4200 4.8
395 0 0 4.3
395 200 860 1.1
395 400 1080 2.5
395 600 1580 0.6
395 800 1700 4.2
395 1000 2540 4.5
395 1200 3440 0.6
395 1400 3560 2.7
395 1600 4100 0.5
395 1800 4200 4.8
396 0 0 4.3
396 200 860 1.1
396 400 1080 2.5
396 600 1580 0.6
396 800 1700 4.2
396 1000 2540 4.5
396 1200 3440 0.6
396 1400 3560 2.7
396 1600 4100 0.5
396 1800 4200 4.8
397 0 0 4.3
397 200 860 1.1
397 400 1080 2.5
397 600 1580 0.6
397 800 1700 4.2
397 1000 2540 4.5
397 1200 3440 0.6
397 1400 3560 2.7
397 1600 4100 0.5
397 1800 4200 4.8
398 0 0 4.3
398 200 860 1.1
398 400 1080 2.5
398 600 1580 0.6
398 800 1700 4.2
398 1000 2540 4.5
398 1200 3440 0.6
398 1400 3560 2.7
398 1600 4100 0.5
398 1800 4200 4.8
399 0 0 4.3
399 200 860 1.1
399 400 1080 2.5
399 600 1580 0.6
399 800 1700 4.2
399 1000 2540 4.5
399 1200 3440 0.6
399 1400 3560 2.7
399 1600 4100 0.5
399 1800 4200 4.8
400 0 0 4.3
400 200 860 1.1
400 400 1080 2.5
400 600 1580 0.6
400 800 1700 4.2
400 1000 2540 4.5
400 1200 3440 0.6
400 1400 3560 2.7
400 1600 4100 0.5
400 1800 4200 4.8
401 0 0 4.3
401 200 860 1.1
401 400 1080 2.5
401 600 1580 0.6
401 800 1700 4.2
401 1000 2540 4.5
401 1200 3440 0.6
401 1400 3560 2.7
401 1600 4100 0.5
401 1800 4200 4.8
402 0 0 4.3
402 200 860 1.1
402 400 1080 2.5
402 600 1580 0.6
402 800 1700 4.2
402 1000 2540 4.5
402 1200 3440 0.6
402 1400 3560 2.7
402 1600 4100 0.5
402 1800 4200 4.8
403 0 0 4.3
403 200 860 1.1
403 400 1080 2.5
403 600 1580 0.6
403 800 1700 4.2
403 1000 2540 4.5
403 1200 3440 0.6
403 1400 3560 2.7
403 1600 4100 0.5
403 1800 4200 4.8
404 0 0 4.3
404 200 860 1.1
404 400 1080 2.5
404 600 1580 0.6
404 800 1700 4.2
404 1000 2540 4.5
404 1200 3440 0.6
404 1400 3560 2.7
404 1600 4100 0.5
404 1800 4200 4.8
405 0 0 4.3
405 200 860 1.1
405 400 1080 2.5
405 600 1580 0.6
405 800 1700 4.2
405 1000 2540 4.5
405 1200 3440 0.6
405 1400 3560 2.7
405 1600 4100 0.5
405 1800 4200 4.8
406 0 0 4.3
406 200 860 1.1
406 400 1080 2.5
406 600 1580 0.6
406 800 1700 4.2
406 1000 2540 4.5
406 1200 3440 0.6
406 1400 3560 2.7
406 1600 4100 0.5
406 1800 4200 4.8
407 0 0 4.3
407 200 860 1.1
407 400 1080 2.5
407 600 1580 0.6
407 800 1700 4.2
407 1000 2540 4.5
407 1200 3440 0.6
407 1400 3560 2.7
407 1600 4100 0.5
407 1800 4200 4.8
408 0 0 4.3
408 200 860 1.1
408 400 1080 2.5
408 600 1580 0.6
408 800 1700 4.2
408 1000 2540 4.5
408 1200 3440 0.6
408 1400 3560 2.7
408 1600 4100 0.5
408 1800 4200 4.8
409 0 0 4.3
409 200 860 1.1
409 400 1080 2.5
409 600 1580 0.6
409 800 1700 4.2
409 1000 2540 4.5
409 1200 3440 0.6
409 1400 3560 2.7
409 1600 4100 0.5
409 1800 4200 4.8
410 0 0 4.3
410 200 860 1.1
410 400 1080 2.5
410 600 1580 0.6
410 800 1700 4.2
410 1000 2540 4.5
410 1200 3440 0.6
410 1400 3560 2.7
410 1600 4100 0.5
410 1800 4200 4.8
411 0 0 4.3
411 200 860 1.1
411 400 1080 2.5
411 600 1580 0.6
411 800 1700 4.2
411 1000 2540 4.5
411 1200 3440 0.6
411 1400 3560 2.7
411 1600 4100 0.5
411 1800 4200 4.8
412 0 0 4.3
412 200 860 1.1
412 400 1080 2.5
412 600 1580 0.6
412 800 1700 4.2
412 1000 2540 4.5
412 1200 3440 0.6
412 1400 3560 2.7
412 1600 4100 0.5
412 1800 4200 4.8
413 0 0 4.3
413 200 860 1.1
413 400 1080 2.5
413 600 1580 0.6
413 800 1700 4.2
413 1000 2540 4.5
413 1200 3440 0.6
413 1400 3560 2.7
413 1600 4100 0.5
413 1800 4200 4.8
414 0 0 4.3
414 200 860 1.1
414 400 1080 2.5
414 600 1580 0.6
414 800 1700 4.2
414 1000 2540 4.5
414 1200 3440 0.6
414 1400 3560 2.7
414 1600 4100 0.5
414 1800 4200 4.8
415 0 0 4.3
415 200 860 1.1
415 400 1080 2.5
415 600 1580 0.6
415 800 1700 4.2
415 1000 2540 4.5
415 1200 3440 0.6
415 1400 3560 2.7
415 1600 4100 0.5
415 1800 4200 4.8
416 0 0 4.3
416 200 860 1.1
416 400 1080 2.5
416 600 1580 0.6
416 800 1700 4.2
416 1000 2540 4.5
416 1200 3440 0.6
416 1400 3560 2.7
416 1600 4100 0.5
416 1800 4200 4.8
417 0 0 4.3
417 200 860 1.1
417 400 1080 2.5
417 600 1580 0.6
417 800 1700 4.2
417 1000 2540 4.5
417 1200 3440 0.6
417 1400 3560 2.7
417 1600 4100 0.5
417 1800 4200 4.8
418 0 0 4.3
418 200 860 1.1
418 400 1080 2.5
418 600 1580 0.6
418 800 1700 4.2
418 1000 2540 4.5
418 1200 3440 0.6
418 1400 3560 2.7
418 1600 4100 0.5
418 1800 4200 4.8
419 0 0 4.3
419 200 860 1.1
419 400 1080 2.5
419 600 1580 0.6
419 800 1700 4.2
419 1000 2540 4.5
419 1200 3440 0.6
419 1400 3560 2.7
419 1600 4100 0.5
419 1800 4200 4.8
420 0 0 4.3
420 200 860 1.1
420 400 1080 2.5
420 600 1580 0.6
420 800 1700 4.2
420 1000 2540 4.5
420 1200 3440 0.6
420 1400 3560 2.7
420 1600 4100 0.5
420 1800 4200 4.8
421 0 0 4.3
421 200 860 1.1
421 400 1080 2.5
421 600 1580 0.6
421 800 1700 4.2
421 1000 2540 4.5
421 1200 3440 0.6
421 1400 3560 2.7
421 1600 4100 0.5
421 1800 4200 4.8
422 0 0 4.3
422 200 860 1.1
422 400 1080 2.5
422 600 1580 0.6
422 800 1700 4.2
422 1000 2540 4.5
422 1200 3440 0.6
422 1400 3560 2.7
422 1600 4100 0.5
422 1800 4200 4.8
423 0 0 4.3
423 200 860 1.1
423 400 1080 2.5
423 600 1580 0.6
423 800 1700 4.2
423 1000 2540 4.5
423 1200 3440 0.6
423 1400 3560 2.7
423 1600 4100 0.5
423 1800 4200 4.8
424 0 0 4.3
424 200 860 1.1
424 400 1080 2.5
424 600 1580 0.6
424 800 1700 4.2
424 1000 2540 4.5
424 1200 3440 0.6
424 1400 3560 2.7
424 1600 4100 0.5
424 1800 4200 4.8
425 0 0 4.3
425 200 860 1.1
425 400 1080 2.5
425 600 1580 0.6
425 800 1700 4.2
425 1000 2540 4.5
425 1200 3440 0.6
425 1400 3560 2.7
425 1600 4100 0.5
425 1800 4200 4.8
426 0 0 4.3
426 200 860 1.1
426 400 1080 2.5
426 600 1580 0.6
426 800 1700 4.2
426 1000 2540 4.5
426 1200 3440 0.6
426 1400 3560 2.7
426 1600 4100 0.5
426 1800 4200 4.8
427 0 0 4.3
427 200 860 1.1
427 400 1080 2.5
427 600 1580 0.6
427 800 1700 4.2
427 1000 2540 4.5
427 1200 3440 0.6
427 1400 3560 2.7
427 1600 4100 0.5
427 1800 4200 4.8
428 0 0 4.3
428 200 860 1.1
428 400 1080 2.5
428 600 1580 0.6
428 800 1700 4.2
428 1000 2540 4.5
428 1200 3440 0.6
428 1400 3560 2.7
428 1600 4100 0.5
428 1800 4200 4.8
429 0 0 4.3
429 200 860 1.1
429 400 1080 2.5
429 600 1580 0.6
429 800 1700 4.2
429 1000 2540 4.5
429 1200 3440 0.6
429 1400 3560 2.7
429 1600 4100 0.5
429 1800 4200 4.8
430 0 0 4.3
430 200 860 1.1
430 400 1080 2.5
430 600 1580 0.6
430 800 1700 4.2
430 1000 2540 4.5
430 1200 3440 0.6
430 1400 3560 2.7
430 1600 4100 0.5
430 1800 4200 4.8
431 0 0 4.3
431 200 860 1.1
431 400 1080 2.5
431 600 1580 0.6
431 800 1700 4.2
431 1000 2540 4.5
431 1200 3440 0.6
431 1400 3560 2.7
431 1600 4100 0.5
431 1800 4200 4.8
432 0 0 4.3
432 200 860 1.1
432 400 1080 2.5
432 600 1580 0.6
432 800 1700 4.2
432 1000 2540 4.5
432 1200 3440 0.6
432 1400 3560 2.7
432 1600 4100 0.5
432 1800 4200 4.8
433 0 0 4.3
433 200 860 1.1
433 400 1080 2.5
433 600 1580 0.6
433 800 1700 4.2
433 1000 2540 4.5
433 1200 3440 0.6
433 1400 3560 2.7
433 1600 4100 0.5
433 1800 4200 4.8
434 0 0 4.3
434 200 860 1.1
434 400 1080 2.5
434 600 1580 0.6
434 800 1700 4.2
434 1000 2540 4.5
434 1200 3440 0.6
434 1400 3560 2.7
434 1600 4100 0.5
434 1800 4200 4.8
435 0 0 4.3
435 200 860 1.1
435 400 1080 2.5
435 600 1580 0.6
435 800 1700 4.2
435 1000 2540 4.5
435 1200 3440 0.6
435 1400 3560 2.7
435 1600 4100 0.5
435 1800 4200 4.8
436 0 0 4.3
436 200 860 1.1
436 400 1080 2.5
436 600 1580 0.6
436 800 1700 4.2
436 1000 2540 4.5
436 1200 3440 0.6
436 1400 3560 2.7
436 1600 4100 0.5
436 1800 4200 4.8
437 0 0 4.3
437 200 860 1.1
437 400 1080 2.5
437 600 1580 0.6
437 800 1700 4.2
437 1000 2540 4.5
437 1200 3440 0.6
437 1400 3560 2.7
437 1600 4100 0.5
437 1800 4200 4.8
438 0 0 4.3
438 200 860 1.1
438 400 1080 2.5
438 600 1580 0.6
438 800 1700 4.2
438 1000 2540 4.5
438 1200 3440 0.6
438 1400 3560 2.7
438 1600 4100 0.5
438 1800 4200 4.8
439 0 0 4.3
439 200 860 1.1
439 400 1080 2.5
439 600 1580 0.6
439 800 1700 4.2
439 1000 2540 4.5
439 1200 3440 0.6
439 1400 3560 2.7
439 1600 4100 0.5
439 1800 4200 4.8
440 0 0 4.3
440 200 860 1.1
440 400 1080 2.5
440 600 1580 0.6
440 800 1700 4.2
440 1000 2540 4.5
440 1200 3440 0.6
440 1400 3560 2.7
440 1600 4100 0.5
440 1800 4200 4.8
441 0 0 4.3
441 200 860 1.1
441 400 1080 2.5
441 600 1580 0.6
441 800 1700 4.2
441 1000 2540 4.5
441 1200 3440 0.6
441 1400 3560 2.7
441 1600 4100 0.5
441 1800 4200 4.8
442 0 0 4.3
442 200 860 1.1
442 400 1080 2.5
442 600 1580 0.6
442 800 1700 4.2
442 1000 2540 4.5
442 1200 3440 0.6
442 1400 3560 2.7
442 1600 4100 0.5
442 1800 4200 4.8
443 0 0 4.3
443 200 860 1.1
443 400 1080 2.5
443 600 1580 0.6
443 800 1700 4.2
443 1000 2540 4.5
443 1200 3440 0.6
443 1400 3560 2.7
443 1600 4100 0.5
443 1800 4200 4.8
444 0 0 4.3
444 200 860 1.1
444 400 1080 2.5
444 600 1580 0.6
444 800 1700 4.2
444 1000 2540 4.5
444 1200 3440 0.6
444 1400 3560 2.7
444 1600 4100 0.5
444 1800 4200 4.8
445 0 0 4.3
445 200 860 1.1
445 400 1080 2.5
445 600 1580 0.6
445 800 1700 4.2
445 1000 2540 4.5
445 1200 3440 0.6
445 1400 3560 2.7
445 1600 4100 0.5
445 1800 4200 4.8
446 0 0 4.3
446 200 860 1.1
446 400 1080 2.5
446 600 1580 0.6
446 800 1700 4.2
446 1000 2540 4.5
446 1200 3440 0.6
446 1400 3560 2.7
446 1600 4100 0.5
446 1800 4200 4.8
447 0 0 4.3
447 200 860 1.1
447 400 1080 2.5
447 600 1580 0.6
447 800 1700 4.2
447 1000 2540 4.5
447 1200 3440 0.6
447 1400 3560 2.7
447 1600 4100 0.5
447 1800 4200 4.8
448 0 0 4.3
448 200 860 1.1
448 400 1080 2.5
448 600 1580 0.6
448 800 1700 4.2
448 1000 2540 4.5
448 1200 3440 0.6
448 1400 3560 2.7
448 1600 4100 0.5
448 1800 4200 4.8
449 0 0 4.3
449 200 860 1.1
449 400 1080 2.5
449 600 1580 0.6
449 800 1700 4.2
449 1000 2540 4.5
449 1200 3440 0.6
449 1400 3560 2.7
449 1600 4100 0.5
449 1800 4200 4.8
450 0 0 4.3
450 200 860 1.1
450 400 1080 2.5
450 600 1580 0.6
450 800 1700 4.2
450 1000 2540 4.5
450 1200 3440 0.6
450 1400 3560 2.7
450 1600 4100 0.5
450 1800 4200 4.8
451 0 0 4.3
451 200 860 1.1
451 400 1080 2.5
451 600 1580 0.6
451 800 1700 4.2
451 1000 2540 4.5
451 1200 3440 0.6
451 1400 3560 2.7
451 1600 4100 0.5
451 1800 4200 4.8
452 0 0 4.3
452 200 860 1.1
452 400 1080 2.5
452 600 1580 0.6
452 800 1700 4.2
452 1000 2540 4.5
452 1200 3440 0.6
452 1400 3560 2.7
452 1600 4100 0.5
452 1800 4200 4.8
453 0 0 4.3
453 200 860 1.1
453 400 1080 2.5
453 600 1580 0.6
453 800 1700 4.2
453 1000 2540 4.5
453 1200 3440 0.6
453 1400 3560 2.7
453 1600 4100 0.5
453 1800 4200 4.8
454 0 0 4.3
454 200 860 1.1
454 400 1080 2.5
454 600 1580 0.6
454 800 1700 4.2
454 1000 2540 4.5
454 1200 3440 0.6
454 1400 3560 2.7
454 1600 4100 0.5
454 1800 4200 4.8
455 0 0 4.3
455 200 860 1.1
455 400 1080 2.5
455 600 1580 0.6
455 800 1700 4.2
455 1000 2540 4.5
455 1200 3440 0.6
455 1400 3560 2.7
455 1600 4100 0.5
455 1800 4200 4.8
456 0 0 4.3
456 200 860 1.1
456 400 1080 2.5
456 600 1580 0.6
456 800 1700 4.2
456 1000 2540 4.5
456 1200 3440 0.6
456 1400 3560 2.7
456 1600 4100 0.5
456 1800 4200 4.8
457 0 0 4.3
457 200 860 1.1
457 400 1080 2.5
457 600 1580 0.6
457 800 1700 4.2
457 1000 2540 4.5
457 1200 3440 0.6
457 1400 3560 2.7
457 1600 4100 0.5
457 1800 4200 4.8
458 0 0 4.3
458 200 860 1.1
458 400 1080 2.5
458 600 1580 0.6
458 800 1700 4.2
458 1000 2540 4.5
458 1200 3440 0.6
458 1400 3560 2.7
458 1600 4100 0.5
458 1800 4200 4.8
459 0 0 4.3
459 200 860 1.1
459 400 1080 2.5
459 600 1580 0.6
459 800 1700 4.2
459 1000 2540 4.5
459 1200 3440 0.6
459 1400 3560 2.7
459 1600 4100 0.5
459 1800 4200 4.8
460 0 0 4.3
460 200 860 1.1
460 400 1080 2.5
460 600 1580 0.6
460 800 1700 4.2
460 1000 2540 4.5
460 1200 3440 0.6
460 1400 3560 2.7
460 1600 4100 0.5
460 1800 4200 4.8
461 0 0 4.3
461 200 860 1.1
461 400 1080 2.5
461 600 1580 0.6
461 800 1700 4.2
461 1000 2540 4.5
461 1200 3440 0.6
461 1400 3560 2.7
461 1600 4100 0.5
461 1800 4200 4.8
462 0 0 4.3
462 200 860 1.1
462 400 1080 2.5
462 600 1580 0.6
462 800 1700 4.2
462 1000 2540 4.5
462 1200 3440 0.6
462 1400 3560 2.7
462 1600 4100 0.5
462 1800 4200 4.8
463 0 0 4.3
463 200 860 1.1
463 400 1080 2.5
463 600 1580 0.6
463 800 1700 4.2
463 1000 2540 4.5
463 1200 3440 0.6
463 1400 3560 2.7
463 1600 4100 0.5
463 1800 4200 4.8
464 0 0 4.3
464 200 860 1.1
464 400 1080 2.5
464 600 1580 0.6
464 800 1700 4.2
464 1000 2540 4.5
464 1200 3440 0.6
464 1400 3560 2.7
464 1600 4100 0.5
464 1800 4200 4.8
465 0 0 4.3
465 200 860 1.1
465 400 1080 2.5
465 600 1580 0.6
465 800 1700 4.2
465 1000 2540 4.5
465 1200 3440 0.6
465 1400 3560 2.7
465 1600 4100 0.5
465 1800 4200 4.8
466 0 0 4.3
466 200 860 1.1
466 400 1080 2.5
466 600 1580 0.6
466 800 1700 4.2
466 1000 2540 4.5
466 1200 3440 0.6
466 1400 3560 2.7
466 1600 4100 0.5
466 1800 4200 4.8
467 0 0 4.3
467 200 860 1.1
467 400 1080 2.5
467 600 1580 0.6
467 800 1700 4.2
467 1000 2540 4.5
467 1200 3440 0.6
467 1400 3560 2.7
467 1600 4100 0.5
467 1800 4200 4.8
468 0 0 4.3
468 200 860 1.1
468 400 1080 2.5
468 600 1580 0.6
468 800 1700 4.2
468 1000 2540 4.5
468 1200 3440 0.6
468 1400 3560 2.7
468 1600 4100 0.5
468 1800 4200 4.8
469 0 0 4.3
469 200 860 1.1
469 400 1080 2.5
469 600 1580 0.6
469 800 1700 4.2
469 1000 2540 4.5
469 1200 3440 0.6
469 1400 3560 2.7
469 1600 4100 0.5
469 1800 4200 4.8
470 0 0 4.3
470 200 860 1.1
470 400 1080 2.5
470 600 1580 0.6
470 800 1700 4.2
470 1000 2540 4.5
470 1200 3440 0.6
470 1400 3560 2.7
470 1600 4100 0.5
470 1800 4200 4.8
471 0 0 4.3
471 200 860 1.1
471 400 1080 2.5
471 600 1580 0.6
471 800 1700 4.2
471 1000 2540 4.5
471 1200 3440 0.6
471 1400 3560 2.7
471 1600 4100 0.5
471 1800 4200 4.8
472 0 0 4.3
472 200 860 1.1
472 400 1080 2.5
472 600 1580 0.6
472 800 1700 4.2
472 1000 2540 4.5
472 1200 3440 0.6
472 1400 3560 2.7
472 1600 4100 0.5
472 1800 4200 4.8
473 0 0 4.3
473 200 860 1.1
473 400 1080 2.5
473 600 1580 0.6
473 800 1700 4.2
473 1000 2540 4.5
473 1200 3440 0.6
473 1400 3560 2.7
473 1600 4100 0.5
473 1800 4200 4.8
474 0 0 4.3
474 200 860 1.1
474 400 1080 2.5
474 600 1580 0.6
474 800 1700 4.2
474 1000 2540 4.5
474 1200 3440 0.6
474 1400 3560 2.7
474 1600 4100 0.5
474 1800 4200 4.8
475 0 0 4.3
475 200 860 1.1
475 400 1080 2.5
475 600 1580 0.6
475 800 1700 4.2
475 1000 2540 4.5
475 1200 3440 0.6
475 1400 3560 2.7
475 1600 4100 0.5
475 1800 4200 4.8
476 0 0 4.3
476 200 860 1.1
476 400 1080 2.5
476 600 1580 0.6
476 800 1700 4.2
476 1000 2540 4.5
476 1200 3440 0.6
476 1400 3560 2.7
476 1600 4100 0.5
476 1800 4200 4.8
477 0 0 4.3
477 200 860 1.1
477 400 1080 2.5
477 600 1580 0.6
477 800 1700 4.2
477 1000 2540 4.5
477 1200 3440 0.6
477 1400 3560 2.7
477 1600 4100 0.5
477 1800 4200 4.8
478 0 0 4.3
478 200 860 1.1
478 400 1080 2.5
478 600 1580 0.6
478 800 1700 4.2
478 1000 2540 4.5
478 1200 3440 0.6
478 1400 3560 2.7
478 1600 4100 0.5
478 1800 4200 4.8
479 0 0 4.3
479 200 860 1.1
479 400 1080 2.5
479 600 1580 0.6
479 800 1700 4.2
479 1000 2540 4.5
479 1200 3440 0.6
479 1400 3560 2.7
479 1600 4100 0.5
479 1800 4200 4.8
480 0 0 4.3
480 200 860 1.1
480 400 1080 2.5
480 600 1580 0.6
480 800 1700 4.2
480 1000 2540 4.5
480 1200 3440 0.6
480 1400 3560 2.7
480 1600 4100 0.5
480 1800 4200 4.8
481 0 0 4.3
481 200 860 1.1
481 400 1080 2.5
481 600 1580 0.6
481 800 1700 4.2
481 1000 2540 4.5
481 1200 3440 0.6
481 1400 3560 2.7
481 1600 4100 0.5
481 1800 4200 4.8
482 0 0 4.3
482 200 860 1.1
482 400 1080 2.5
482 600 1580 0.6
482 800 1700 4.2
482 1000 2540 4.5
482 1200 3440 0.6
482 1400 3560 2.7
482 1600 4100 0.5
482 1800 4200 4.8
483 0 0 4.3
483 200 860 1.1
483 400 1080 2.5
483 600 1580 0.6
483 800 1700 4.2
483 1000 2540 4.5
483 1200 3440 0.6
483 1400 3560 2.7
483 1600 4100 0.5
483 1800 4200 4.8
484 0 0 4.3
484 200 860 1.1
484 400 1080 2.5
484 600 1580 0.6
484 800 1700 4.2
484 1000 2540 4.5
484 1200 3440 0.6
484 1400 3560 2.7
484 1600 4100 0.5
484 1800 4200 4.8
485 0 0 4.3
485 200 860 1.1
485 400 1080 2.5
485 600 1580 0.6
485 800 1700 4.2
485 1000 2540 4.5
485 1200 3440 0.6
485 1400 3560 2.7
485 1600 4100 0.5
485 1800 4200 4.8
486 0 0 4.3
486 200 860 1.1
486 400 1080 2.5
486 600 1580 0.6
486 800 1700 4.2
486 1000 2540 4.5
486 1200 3440 0.6
486 1400 3560 2.7
486 1600 4100 0.5
486 1800 4200 4.8
487 0 0 4.3
487 200 860 1.1
487 400 1080 2.5
487 600 1580 0.6
487 800 1700 4.2
487 1000 2540 4.5
487 1200 3440 0.6
487 1400 3560 2.7
487 1600 4100 0.5
487 1800 4200 4.8
488 0 0 4.3
488 200 860 1.1
488 400 1080 2.5
488 600 1580 0.6
488 800 1700 4.2
488 1000 2540 4.5
488 1200 3440 0.6
488 1400 3560 2.7
488 1600 4100 0.5
488 1800 4200 4.8
489 0 0 4.3
489 200 860 1.1
489 400 1080 2.5
489 600 1580 0.6
489 800 1700 4.2
489 1000 2540 4.5
489 1200 3440 0.6
489 1400 3560 2.7
489 1600 4100 0.5
489 1800 4200 4.8
490 0 0 4.3
490 200 860 1.1
490 400 1080 2.5
490 600 1580 0.6
490 800 1700 4.2
490 1000 2540 4.5
490 1200 3440 0.6
490 1400 3560 2.7
490 1600 4100 0.5
490 1800 4200 4.8
491 0 0 4.3
491 200 860 1.1
491 400 1080 2.5
491 600 1580 0.6
491 800 1700 4.2
491 1000 2540 4.5
491 1200 3440 0.6
491 1400 3560 2.7
491 1600 4100 0.5
491 1800 4200 4.8
492 0 0 4.3
492 200 860 1.1
492 400 1080 2.5
492 600 1580 0.6
492 800 1700 4.2
492 1000 2540 4.5
492 1200 3440 0.6
492 1400 3560 2.7
492 1600 4100 0.5
492 1800 4200 4.8
493 0 0 4.3
493 200 860 1.1
493 400 1080 2.5
493 600 1580 0.6
493 800 1700 4.2
493 1000 2540 4.5
493 1200 3440 0.6
493 1400 3560 2.7
493 1600 4100 0.5
493 1800 4200 4.8
494 0 0 4.3
494 200 860 1.1
494 400 1080 2.5
494 600 1580 0.6
494 800 1700 4.2
494 1000 2540 4.5
494 1200 3440 0.6
494 1400 3560 2.7
494 1600 4100 0.5
494 1800 4200 4.8
495 0 0 4.3
495 200 860 1.1
495 400 1080 2.5
495 600 1580 0.6
495 800 1700 4.2
495 1000 2540 4.5
495 1200 3440 0.6
495 1400 3560 2.7
495 1600 4100 0.5
495 1800 4200 4.8
496 0 0 4.3
496 200 860 1.1
496 400 1080 2.5
496 600 1580 0.6
496 800 1700 4.2
496 1000 2540 4.5
496 1200 3440 0.6
496 1400 3560 2.7
496 1600 4100 0.5
496 1800 4200 4.8
497 0 0 4.3
497 200 860 1.1
497 400 1080 2.5
497 600 1580 0.6
497 800 1700 4.2
497 1000 2540 4.5
497 1200 3440 0.6
497 1400 3560 2.7
497 1600 4100 0.5
497 1800 4200 4.8
498 0 0 4.3
498 200 860 1.1
498 400 1080 2.5
498 600 1580 0.6
498 800 1700 4.2
498 1000 2540 4.5
498 1200 3440 0.6
498 1400 3560 2.7
498 1600 4100 0.5
498 1800 4200 4.8
499 0 0 4.3
499 200 860 1.1
499 400 1080 2.5
499 600 1580 0.6
499 800 1700 4.2
499 1000 2540 4.5
499 1200 3440 0.6
499 1400 3560 2.7
499 1600 4100 0.5
499 1800 4200 4.8
