1000 4
0 0 0 3.6
0 25 90 0.8
0 50 110 1.3
0 75 142.5 3.7
1 0 0 3.6
1 25 90 0.8
1 50 110 1.3
1 75 142.5 3.7
2 0 0 3.6
2 25 90 0.8
2 50 110 1.3
2 75 142.5 3.7
3 0 0 3.6
3 25 90 0.8
3 50 110 1.3
3 75 142.5 3.7
4 0 0 3.6
4 25 90 0.8
4 50 110 1.3
4 75 142.5 3.7
5 0 0 3.6
5 25 90 0.8
5 50 110 1.3
5 75 142.5 3.7
6 0 0 3.6
6 25 90 0.8
6 50 110 1.3
6 75 142.5 3.7
7 0 0 3.6
7 25 90 0.8
7 50 110 1.3
7 75 142.5 3.7
8 0 0 3.6
8 25 90 0.8
8 50 110 1.3
8 75 142.5 3.7
9 0 0 3.6
9 25 90 0.8
9 50 110 1.3
9 75 142.5 3.7
10 0 0 3.6
10 25 90 0.8
10 50 110 1.3
10 75 142.5 3.7
11 0 0 3.6
11 25 90 0.8
11 50 110 1.3
11 75 142.5 3.7
12 0 0 3.6
12 25 90 0.8
12 50 110 1.3
12 75 142.5 3.7
13 0 0 3.6
13 25 90 0.8
13 50 110 1.3
13 75 142.5 3.7
14 0 0 3.6
14 25 90 0.8
14 50 110 1.3
14 75 142.5 3.7
15 0 0 3.6
15 25 90 0.8
15 50 110 1.3
15 75 142.5 3.7
16 0 0 3.6
16 25 90 0.8
16 50 110 1.3
16 75 142.5 3.7
17 0 0 3.6
17 25 90 0.8
17 50 110 1.3
17 75 142.5 3.7
18 0 0 3.6
18 25 90 0.8
18 50 110 1.3
18 75 142.5 3.7
19 0 0 3.6
19 25 90 0.8
19 50 110 1.3
19 75 142.5 3.7
20 0 0 3.6
20 25 90 0.8
20 50 110 1.3
20 75 142.5 3.7
21 0 0 3.6
21 25 90 0.8
21 50 110 1.3
21 75 142.5 3.7
22 0 0 3.6
22 25 90 0.8
22 50 110 1.3
22 75 142.5 3.7
23 0 0 3.6
23 25 90 0.8
23 50 110 1.3
23 75 142.5 3.7
24 0 0 3.6
24 25 90 0.8
24 50 110 1.3
24 75 142.5 3.7
25 0 0 3.6
25 25 90 0.8
25 50 110 1.3
25 75 142.5 3.7
26 0 0 3.6
26 25 90 0.8
26 50 110 1.3
26 75 142.5 3.7
27 0 0 3.6
27 25 90 0.8
27 50 110 1.3
27 75 142.5 3.7
28 0 0 3.6
28 25 90 0.8
28 50 110 1.3
28 75 142.5 3.7
29 0 0 3.6
29 25 90 0.8
29 50 110 1.3
29 75 142.5 3.7
30 0 0 3.6
30 25 90 0.8
30 50 110 1.3
30 75 142.5 3.7
31 0 0 3.6
31 25 90 0.8
31 50 110 1.3
31 75 142.5 3.7
32 0 0 3.6
32 25 90 0.8
32 50 110 1.3
32 75 142.5 3.7
33 0 0 3.6
33 25 90 0.8
33 50 110 1.3
33 75 142.5 3.7
34 0 0 3.6
34 25 90 0.8
34 50 110 1.3
34 75 142.5 3.7
35 0 0 3.6
35 25 90 0.8
35 50 110 1.3
35 75 142.5 3.7
36 0 0 3.6
36 25 90 0.8
36 50 110 1.3
36 75 142.5 3.7
37 0 0 3.6
37 25 90 0.8
37 50 110 1.3
37 75 142.5 3.7
38 0 0 3.6
38 25 90 0.8
38 50 110 1.3
38 75 142.5 3.7
39 0 0 3.6
39 25 90 0.8
39 50 110 1.3
39 75 142.5 3.7
40 0 0 3.6
40 25 90 0.8
40 50 110 1.3
40 75 142.5 3.7
41 0 0 3.6
41 25 90 0.8
41 50 110 1.3
41 75 142.5 3.7
42 0 0 3.6
42 25 90 0.8
42 50 110 1.3
42 75 142.5 3.7
43 0 0 3.6
43 25 90 0.8
43 50 110 1.3
43 75 142.5 3.7
44 0 0 3.6
44 25 90 0.8
44 50 110 1.3
44 75 142.5 3.7
45 0 0 3.6
45 25 90 0.8
45 50 110 1.3
45 75 142.5 3.7
46 0 0 3.6
46 25 90 0.8
46 50 110 1.3
46 75 142.5 3.7
47 0 0 3.6
47 25 90 0.8
47 50 110 1.3
47 75 142.5 3.7
48 0 0 3.6
48 25 90 0.8
48 50 110 1.3
48 75 142.5 3.7
49 0 0 3.6
49 25 90 0.8
49 50 110 1.3
49 75 142.5 3.7
50 0 0 3.6
50 25 90 0.8
50 50 110 1.3
50 75 142.5 3.7
51 0 0 3.6
51 25 90 0.8
51 50 110 1.3
51 75 142.5 3.7
52 0 0 3.6
52 25 90 0.8
52 50 110 1.3
52 75 142.5 3.7
53 0 0 3.6
53 25 90 0.8
53 50 110 1.3
53 75 142.5 3.7
54 0 0 3.6
54 25 90 0.8
54 50 110 1.3
54 75 142.5 3.7
55 0 0 3.6
55 25 90 0.8
55 50 110 1.3
55 75 142.5 3.7
56 0 0 3.6
56 25 90 0.8
56 50 110 1.3
56 75 142.5 3.7
57 0 0 3.6
57 25 90 0.8
57 50 110 1.3
57 75 142.5 3.7
58 0 0 3.6
58 25 90 0.8
58 50 110 1.3
58 75 142.5 3.7
59 0 0 3.6
59 25 90 0.8
59 50 110 1.3
59 75 142.5 3.7
60 0 0 3.6
60 25 90 0.8
60 50 110 1.3
60 75 142.5 3.7
61 0 0 3.6
61 25 90 0.8
61 50 110 1.3
61 75 142.5 3.7
62 0 0 3.6
62 25 90 0.8
62 50 110 1.3
62 75 142.5 3.7
63 0 0 3.6
63 25 90 0.8
63 50 110 1.3
63 75 142.5 3.7
64 0 0 3.6
64 25 90 0.8
64 50 110 1.3
64 75 142.5 3.7
65 0 0 3.6
65 25 90 0.8
65 50 110 1.3
65 75 142.5 3.7
66 0 0 3.6
66 25 90 0.8
66 50 110 1.3
66 75 142.5 3.7
67 0 0 3.6
67 25 90 0.8
67 50 110 1.3
67 75 142.5 3.7
68 0 0 3.6
68 25 90 0.8
68 50 110 1.3
68 75 142.5 3.7
69 0 0 3.6
69 25 90 0.8
69 50 110 1.3
69 75 142.5 3.7
70 0 0 3.6
70 25 90 0.8
70 50 110 1.3
70 75 142.5 3.7
71 0 0 3.6
71 25 90 0.8
71 50 110 1.3
71 75 142.5 3.7
72 0 0 3.6
72 25 90 0.8
72 50 110 1.3
72 75 142.5 3.7
73 0 0 3.6
73 25 90 0.8
73 50 110 1.3
73 75 142.5 3.7
74 0 0 3.6
74 25 90 0.8
74 50 110 1.3
74 75 142.5 3.7
75 0 0 3.6
75 25 90 0.8
75 50 110 1.3
75 75 142.5 3.7
76 0 0 3.6
76 25 90 0.8
76 50 110 1.3
76 75 142.5 3.7
77 0 0 3.6
77 25 90 0.8
77 50 110 1.3
77 75 142.5 3.7
78 0 0 3.6
78 25 90 0.8
78 50 110 1.3
78 75 142.5 3.7
79 0 0 3.6
79 25 90 0.8
79 50 110 1.3
79 75 142.5 3.7
80 0 0 3.6
80 25 90 0.8
80 50 110 1.3
80 75 142.5 3.7
81 0 0 3.6
81 25 90 0.8
81 50 110 1.3
81 75 142.5 3.7
82 0 0 3.6
82 25 90 0.8
82 50 110 1.3
82 75 142.5 3.7
83 0 0 3.6
83 25 90 0.8
83 50 110 1.3
83 75 142.5 3.7
84 0 0 3.6
84 25 90 0.8
84 50 110 1.3
84 75 142.5 3.7
85 0 0 3.6
85 25 90 0.8
85 50 110 1.3
85 75 142.5 3.7
86 0 0 3.6
86 25 90 0.8
86 50 110 1.3
86 75 142.5 3.7
87 0 0 3.6
87 25 90 0.8
87 50 110 1.3
87 75 142.5 3.7
88 0 0 3.6
88 25 90 0.8
88 50 110 1.3
88 75 142.5 3.7
89 0 0 3.6
89 25 90 0.8
89 50 110 1.3
89 75 142.5 3.7
90 0 0 3.6
90 25 90 0.8
90 50 110 1.3
90 75 142.5 3.7
91 0 0 3.6
91 25 90 0.8
91 50 110 1.3
91 75 142.5 3.7
92 0 0 3.6
92 25 90 0.8
92 50 110 1.3
92 75 142.5 3.7
93 0 0 3.6
93 25 90 0.8
93 50 110 1.3
93 75 142.5 3.7
94 0 0 3.6
94 25 90 0.8
94 50 110 1.3
94 75 142.5 3.7
95 0 0 3.6
95 25 90 0.8
95 50 110 1.3
95 75 142.5 3.7
96 0 0 3.6
96 25 90 0.8
96 50 110 1.3
96 75 142.5 3.7
97 0 0 3.6
97 25 90 0.8
97 50 110 1.3
97 75 142.5 3.7
98 0 0 3.6
98 25 90 0.8
98 50 110 1.3
98 75 142.5 3.7
99 0 0 3.6
99 25 90 0.8
99 50 110 1.3
99 75 142.5 3.7
100 0 0 3.6
100 25 90 0.8
100 50 110 1.3
100 75 142.5 3.7
101 0 0 3.6
101 25 90 0.8
101 50 110 1.3
101 75 142.5 3.7
102 0 0 3.6
102 25 90 0.8
102 50 110 1.3
102 75 142.5 3.7
103 0 0 3.6
103 25 90 0.8
103 50 110 1.3
103 75 142.5 3.7
104 0 0 3.6
104 25 90 0.8
104 50 110 1.3
104 75 142.5 3.7
105 0 0 3.6
105 25 90 0.8
105 50 110 1.3
105 75 142.5 3.7
106 0 0 3.6
106 25 90 0.8
106 50 110 1.3
106 75 142.5 3.7
107 0 0 3.6
107 25 90 0.8
107 50 110 1.3
107 75 142.5 3.7
108 0 0 3.6
108 25 90 0.8
108 50 110 1.3
108 75 142.5 3.7
109 0 0 3.6
109 25 90 0.8
109 50 110 1.3
109 75 142.5 3.7
110 0 0 3.6
110 25 90 0.8
110 50 110 1.3
110 75 142.5 3.7
111 0 0 3.6
111 25 90 0.8
111 50 110 1.3
111 75 142.5 3.7
112 0 0 3.6
112 25 90 0.8
112 50 110 1.3
112 75 142.5 3.7
113 0 0 3.6
113 25 90 0.8
113 50 110 1.3
113 75 142.5 3.7
114 0 0 3.6
114 25 90 0.8
114 50 110 1.3
114 75 142.5 3.7
115 0 0 3.6
115 25 90 0.8
115 50 110 1.3
115 75 142.5 3.7
116 0 0 3.6
116 25 90 0.8
116 50 110 1.3
116 75 142.5 3.7
117 0 0 3.6
117 25 90 0.8
117 50 110 1.3
117 75 142.5 3.7
118 0 0 3.6
118 25 90 0.8
118 50 110 1.3
118 75 142.5 3.7
119 0 0 3.6
119 25 90 0.8
119 50 110 1.3
119 75 142.5 3.7
120 0 0 3.6
120 25 90 0.8
120 50 110 1.3
120 75 142.5 3.7
121 0 0 3.6
121 25 90 0.8
121 50 110 1.3
121 75 142.5 3.7
122 0 0 3.6
122 25 90 0.8
122 50 110 1.3
122 75 142.5 3.7
123 0 0 3.6
123 25 90 0.8
123 50 110 1.3
123 75 142.5 3.7
124 0 0 3.6
124 25 90 0.8
124 50 110 1.3
124 75 142.5 3.7
125 0 0 3.6
125 25 90 0.8
125 50 110 1.3
125 75 142.5 3.7
126 0 0 3.6
126 25 90 0.8
126 50 110 1.3
126 75 142.5 3.7
127 0 0 3.6
127 25 90 0.8
127 50 110 1.3
127 75 142.5 3.7
128 0 0 3.6
128 25 90 0.8
128 50 110 1.3
128 75 142.5 3.7
129 0 0 3.6
129 25 90 0.8
129 50 110 1.3
129 75 142.5 3.7
130 0 0 3.6
130 25 90 0.8
130 50 110 1.3
130 75 142.5 3.7
131 0 0 3.6
131 25 90 0.8
131 50 110 1.3
131 75 142.5 3.7
132 0 0 3.6
132 25 90 0.8
132 50 110 1.3
132 75 142.5 3.7
133 0 0 3.6
133 25 90 0.8
133 50 110 1.3
133 75 142.5 3.7
134 0 0 3.6
134 25 90 0.8
134 50 110 1.3
134 75 142.5 3.7
135 0 0 3.6
135 25 90 0.8
135 50 110 1.3
135 75 142.5 3.7
136 0 0 3.6
136 25 90 0.8
136 50 110 1.3
136 75 142.5 3.7
137 0 0 3.6
137 25 90 0.8
137 50 110 1.3
137 75 142.5 3.7
138 0 0 3.6
138 25 90 0.8
138 50 110 1.3
138 75 142.5 3.7
139 0 0 3.6
139 25 90 0.8
139 50 110 1.3
139 75 142.5 3.7
140 0 0 3.6
140 25 90 0.8
140 50 110 1.3
140 75 142.5 3.7
141 0 0 3.6
141 25 90 0.8
141 50 110 1.3
141 75 142.5 3.7
142 0 0 3.6
142 25 90 0.8
142 50 110 1.3
142 75 142.5 3.7
143 0 0 3.6
143 25 90 0.8
143 50 110 1.3
143 75 142.5 3.7
144 0 0 3.6
144 25 90 0.8
144 50 110 1.3
144 75 142.5 3.7
145 0 0 3.6
145 25 90 0.8
145 50 110 1.3
145 75 142.5 3.7
146 0 0 3.6
146 25 90 0.8
146 50 110 1.3
146 75 142.5 3.7
147 0 0 3.6
147 25 90 0.8
147 50 110 1.3
147 75 142.5 3.7
148 0 0 3.6
148 25 90 0.8
148 50 110 1.3
148 75 142.5 3.7
149 0 0 3.6
149 25 90 0.8
149 50 110 1.3
149 75 142.5 3.7
150 0 0 3.6
150 25 90 0.8
150 50 110 1.3
150 75 142.5 3.7
151 0 0 3.6
151 25 90 0.8
151 50 110 1.3
151 75 142.5 3.7
152 0 0 3.6
152 25 90 0.8
152 50 110 1.3
152 75 142.5 3.7
153 0 0 3.6
153 25 90 0.8
153 50 110 1.3
153 75 142.5 3.7
154 0 0 3.6
154 25 90 0.8
154 50 110 1.3
154 75 142.5 3.7
155 0 0 3.6
155 25 90 0.8
155 50 110 1.3
155 75 142.5 3.7
156 0 0 3.6
156 25 90 0.8
156 50 110 1.3
156 75 142.5 3.7
157 0 0 3.6
157 25 90 0.8
157 50 110 1.3
157 75 142.5 3.7
158 0 0 3.6
158 25 90 0.8
158 50 110 1.3
158 75 142.5 3.7
159 0 0 3.6
159 25 90 0.8
159 50 110 1.3
159 75 142.5 3.7
160 0 0 3.6
160 25 90 0.8
160 50 110 1.3
160 75 142.5 3.7
161 0 0 3.6
161 25 90 0.8
161 50 110 1.3
161 75 142.5 3.7
162 0 0 3.6
162 25 90 0.8
162 50 110 1.3
162 75 142.5 3.7
163 0 0 3.6
163 25 90 0.8
163 50 110 1.3
163 75 142.5 3.7
164 0 0 3.6
164 25 90 0.8
164 50 110 1.3
164 75 142.5 3.7
165 0 0 3.6
165 25 90 0.8
165 50 110 1.3
165 75 142.5 3.7
166 0 0 3.6
166 25 90 0.8
166 50 110 1.3
166 75 142.5 3.7
167 0 0 3.6
167 25 90 0.8
167 50 110 1.3
167 75 142.5 3.7
168 0 0 3.6
168 25 90 0.8
168 50 110 1.3
168 75 142.5 3.7
169 0 0 3.6
169 25 90 0.8
169 50 110 1.3
169 75 142.5 3.7
170 0 0 3.6
170 25 90 0.8
170 50 110 1.3
170 75 142.5 3.7
171 0 0 3.6
171 25 90 0.8
171 50 110 1.3
171 75 142.5 3.7
172 0 0 3.6
172 25 90 0.8
172 50 110 1.3
172 75 142.5 3.7
173 0 0 3.6
173 25 90 0.8
173 50 110 1.3
173 75 142.5 3.7
174 0 0 3.6
174 25 90 0.8
174 50 110 1.3
174 75 142.5 3.7
175 0 0 3.6
175 25 90 0.8
175 50 110 1.3
175 75 142.5 3.7
176 0 0 3.6
176 25 90 0.8
176 50 110 1.3
176 75 142.5 3.7
177 0 0 3.6
177 25 90 0.8
177 50 110 1.3
177 75 142.5 3.7
178 0 0 3.6
178 25 90 0.8
178 50 110 1.3
178 75 142.5 3.7
179 0 0 3.6
179 25 90 0.8
179 50 110 1.3
179 75 142.5 3.7
180 0 0 3.6
180 25 90 0.8
180 50 110 1.3
180 75 142.5 3.7
181 0 0 3.6
181 25 90 0.8
181 50 110 1.3
181 75 142.5 3.7
182 0 0 3.6
182 25 90 0.8
182 50 110 1.3
182 75 142.5 3.7
183 0 0 3.6
183 25 90 0.8
183 50 110 1.3
183 75 142.5 3.7
184 0 0 3.6
184 25 90 0.8
184 50 110 1.3
184 75 142.5 3.7
185 0 0 3.6
185 25 90 0.8
185 50 110 1.3
185 75 142.5 3.7
186 0 0 3.6
186 25 90 0.8
186 50 110 1.3
186 75 142.5 3.7
187 0 0 3.6
187 25 90 0.8
187 50 110 1.3
187 75 142.5 3.7
188 0 0 3.6
188 25 90 0.8
188 50 110 1.3
188 75 142.5 3.7
189 0 0 3.6
189 25 90 0.8
189 50 110 1.3
189 75 142.5 3.7
190 0 0 3.6
190 25 90 0.8
190 50 110 1.3
190 75 142.5 3.7
191 0 0 3.6
191 25 90 0.8
191 50 110 1.3
191 75 142.5 3.7
192 0 0 3.6
192 25 90 0.8
192 50 110 1.3
192 75 142.5 3.7
193 0 0 3.6
193 25 90 0.8
193 50 110 1.3
193 75 142.5 3.7
194 0 0 3.6
194 25 90 0.8
194 50 110 1.3
194 75 142.5 3.7
195 0 0 3.6
195 25 90 0.8
195 50 110 1.3
195 75 142.5 3.7
196 0 0 3.6
196 25 90 0.8
196 50 110 1.3
196 75 142.5 3.7
197 0 0 3.6
197 25 90 0.8
197 50 110 1.3
197 75 142.5 3.7
198 0 0 3.6
198 25 90 0.8
198 50 110 1.3
198 75 142.5 3.7
199 0 0 3.6
199 25 90 0.8
199 50 110 1.3
199 75 142.5 3.7
200 0 0 3.6
200 25 90 0.8
200 50 110 1.3
200 75 142.5 3.7
201 0 0 3.6
201 25 90 0.8
201 50 110 1.3
201 75 142.5 3.7
202 0 0 3.6
202 25 90 0.8
202 50 110 1.3
202 75 142.5 3.7
203 0 0 3.6
203 25 90 0.8
203 50 110 1.3
203 75 142.5 3.7
204 0 0 3.6
204 25 90 0.8
204 50 110 1.3
204 75 142.5 3.7
205 0 0 3.6
205 25 90 0.8
205 50 110 1.3
205 75 142.5 3.7
206 0 0 3.6
206 25 90 0.8
206 50 110 1.3
206 75 142.5 3.7
207 0 0 3.6
207 25 90 0.8
207 50 110 1.3
207 75 142.5 3.7
208 0 0 3.6
208 25 90 0.8
208 50 110 1.3
208 75 142.5 3.7
209 0 0 3.6
209 25 90 0.8
209 50 110 1.3
209 75 142.5 3.7
210 0 0 3.6
210 25 90 0.8
210 50 110 1.3
210 75 142.5 3.7
211 0 0 3.6
211 25 90 0.8
211 50 110 1.3
211 75 142.5 3.7
212 0 0 3.6
212 25 90 0.8
212 50 110 1.3
212 75 142.5 3.7
213 0 0 3.6
213 25 90 0.8
213 50 110 1.3
213 75 142.5 3.7
214 0 0 3.6
214 25 90 0.8
214 50 110 1.3
214 75 142.5 3.7
215 0 0 3.6
215 25 90 0.8
215 50 110 1.3
215 75 142.5 3.7
216 0 0 3.6
216 25 90 0.8
216 50 110 1.3
216 75 142.5 3.7
217 0 0 3.6
217 25 90 0.8
217 50 110 1.3
217 75 142.5 3.7
218 0 0 3.6
218 25 90 0.8
218 50 110 1.3
218 75 142.5 3.7
219 0 0 3.6
219 25 90 0.8
219 50 110 1.3
219 75 142.5 3.7
220 0 0 3.6
220 25 90 0.8
220 50 110 1.3
220 75 142.5 3.7
221 0 0 3.6
221 25 90 0.8
221 50 110 1.3
221 75 142.5 3.7
222 0 0 3.6
222 25 90 0.8
222 50 110 1.3
222 75 142.5 3.7
223 0 0 3.6
223 25 90 0.8
223 50 110 1.3
223 75 142.5 3.7
224 0 0 3.6
224 25 90 0.8
224 50 110 1.3
224 75 142.5 3.7
225 0 0 3.6
225 25 90 0.8
225 50 110 1.3
225 75 142.5 3.7
226 0 0 3.6
226 25 90 0.8
226 50 110 1.3
226 75 142.5 3.7
227 0 0 3.6
227 25 90 0.8
227 50 110 1.3
227 75 142.5 3.7
228 0 0 3.6
228 25 90 0.8
228 50 110 1.3
228 75 142.5 3.7
229 0 0 3.6
229 25 90 0.8
229 50 110 1.3
229 75 142.5 3.7
230 0 0 3.6
230 25 90 0.8
230 50 110 1.3
230 75 142.5 3.7
231 0 0 3.6
231 25 90 0.8
231 50 110 1.3
231 75 142.5 3.7
232 0 0 3.6
232 25 90 0.8
232 50 110 1.3
232 75 142.5 3.7
233 0 0 3.6
233 25 90 0.8
233 50 110 1.3
233 75 142.5 3.7
234 0 0 3.6
234 25 90 0.8
234 50 110 1.3
234 75 142.5 3.7
235 0 0 3.6
235 25 90 0.8
235 50 110 1.3
235 75 142.5 3.7
236 0 0 3.6
236 25 90 0.8
236 50 110 1.3
236 75 142.5 3.7
237 0 0 3.6
237 25 90 0.8
237 50 110 1.3
237 75 142.5 3.7
238 0 0 3.6
238 25 90 0.8
238 50 110 1.3
238 75 142.5 3.7
239 0 0 3.6
239 25 90 0.8
239 50 110 1.3
239 75 142.5 3.7
240 0 0 3.6
240 25 90 0.8
240 50 110 1.3
240 75 142.5 3.7
241 0 0 3.6
241 25 90 0.8
241 50 110 1.3
241 75 142.5 3.7
242 0 0 3.6
242 25 90 0.8
242 50 110 1.3
242 75 142.5 3.7
243 0 0 3.6
243 25 90 0.8
243 50 110 1.3
243 75 142.5 3.7
244 0 0 3.6
244 25 90 0.8
244 50 110 1.3
244 75 142.5 3.7
245 0 0 3.6
245 25 90 0.8
245 50 110 1.3
245 75 142.5 3.7
246 0 0 3.6
246 25 90 0.8
246 50 110 1.3
246 75 142.5 3.7
247 0 0 3.6
247 25 90 0.8
247 50 110 1.3
247 75 142.5 3.7
248 0 0 3.6
248 25 90 0.8
248 50 110 1.3
248 75 142.5 3.7
249 0 0 3.6
249 25 90 0.8
249 50 110 1.3
249 75 142.5 3.7
250 0 0 3.6
250 25 90 0.8
250 50 110 1.3
250 75 142.5 3.7
251 0 0 3.6
251 25 90 0.8
251 50 110 1.3
251 75 142.5 3.7
252 0 0 3.6
252 25 90 0.8
252 50 110 1.3
252 75 142.5 3.7
253 0 0 3.6
253 25 90 0.8
253 50 110 1.3
253 75 142.5 3.7
254 0 0 3.6
254 25 90 0.8
254 50 110 1.3
254 75 142.5 3.7
255 0 0 3.6
255 25 90 0.8
255 50 110 1.3
255 75 142.5 3.7
256 0 0 3.6
256 25 90 0.8
256 50 110 1.3
256 75 142.5 3.7
257 0 0 3.6
257 25 90 0.8
257 50 110 1.3
257 75 142.5 3.7
258 0 0 3.6
258 25 90 0.8
258 50 110 1.3
258 75 142.5 3.7
259 0 0 3.6
259 25 90 0.8
259 50 110 1.3
259 75 142.5 3.7
260 0 0 3.6
260 25 90 0.8
260 50 110 1.3
260 75 142.5 3.7
261 0 0 3.6
261 25 90 0.8
261 50 110 1.3
261 75 142.5 3.7
262 0 0 3.6
262 25 90 0.8
262 50 110 1.3
262 75 142.5 3.7
263 0 0 3.6
263 25 90 0.8
263 50 110 1.3
263 75 142.5 3.7
264 0 0 3.6
264 25 90 0.8
264 50 110 1.3
264 75 142.5 3.7
265 0 0 3.6
265 25 90 0.8
265 50 110 1.3
265 75 142.5 3.7
266 0 0 3.6
266 25 90 0.8
266 50 110 1.3
266 75 142.5 3.7
267 0 0 3.6
267 25 90 0.8
267 50 110 1.3
267 75 142.5 3.7
268 0 0 3.6
268 25 90 0.8
268 50 110 1.3
268 75 142.5 3.7
269 0 0 3.6
269 25 90 0.8
269 50 110 1.3
269 75 142.5 3.7
270 0 0 3.6
270 25 90 0.8
270 50 110 1.3
270 75 142.5 3.7
271 0 0 3.6
271 25 90 0.8
271 50 110 1.3
271 75 142.5 3.7
272 0 0 3.6
272 25 90 0.8
272 50 110 1.3
272 75 142.5 3.7
273 0 0 3.6
273 25 90 0.8
273 50 110 1.3
273 75 142.5 3.7
274 0 0 3.6
274 25 90 0.8
274 50 110 1.3
274 75 142.5 3.7
275 0 0 3.6
275 25 90 0.8
275 50 110 1.3
275 75 142.5 3.7
276 0 0 3.6
276 25 90 0.8
276 50 110 1.3
276 75 142.5 3.7
277 0 0 3.6
277 25 90 0.8
277 50 110 1.3
277 75 142.5 3.7
278 0 0 3.6
278 25 90 0.8
278 50 110 1.3
278 75 142.5 3.7
279 0 0 3.6
279 25 90 0.8
279 50 110 1.3
279 75 142.5 3.7
280 0 0 3.6
280 25 90 0.8
280 50 110 1.3
280 75 142.5 3.7
281 0 0 3.6
281 25 90 0.8
281 50 110 1.3
281 75 142.5 3.7
282 0 0 3.6
282 25 90 0.8
282 50 110 1.3
282 75 142.5 3.7
283 0 0 3.6
283 25 90 0.8
283 50 110 1.3
283 75 142.5 3.7
284 0 0 3.6
284 25 90 0.8
284 50 110 1.3
284 75 142.5 3.7
285 0 0 3.6
285 25 90 0.8
285 50 110 1.3
285 75 142.5 3.7
286 0 0 3.6
286 25 90 0.8
286 50 110 1.3
286 75 142.5 3.7
287 0 0 3.6
287 25 90 0.8
287 50 110 1.3
287 75 142.5 3.7
288 0 0 3.6
288 25 90 0.8
288 50 110 1.3
288 75 142.5 3.7
289 0 0 3.6
289 25 90 0.8
289 50 110 1.3
289 75 142.5 3.7
290 0 0 3.6
290 25 90 0.8
290 50 110 1.3
290 75 142.5 3.7
291 0 0 3.6
291 25 90 0.8
291 50 110 1.3
291 75 142.5 3.7
292 0 0 3.6
292 25 90 0.8
292 50 110 1.3
292 75 142.5 3.7
293 0 0 3.6
293 25 90 0.8
293 50 110 1.3
293 75 142.5 3.7
294 0 0 3.6
294 25 90 0.8
294 50 110 1.3
294 75 142.5 3.7
295 0 0 3.6
295 25 90 0.8
295 50 110 1.3
295 75 142.5 3.7
296 0 0 3.6
296 25 90 0.8
296 50 110 1.3
296 75 142.5 3.7
297 0 0 3.6
297 25 90 0.8
297 50 110 1.3
297 75 142.5 3.7
298 0 0 3.6
298 25 90 0.8
298 50 110 1.3
298 75 142.5 3.7
299 0 0 3.6
299 25 90 0.8
299 50 110 1.3
299 75 142.5 3.7
300 0 0 3.6
300 25 90 0.8
300 50 110 1.3
300 75 142.5 3.7
301 0 0 3.6
301 25 90 0.8
301 50 110 1.3
301 75 142.5 3.7
302 0 0 3.6
302 25 90 0.8
302 50 110 1.3
302 75 142.5 3.7
303 0 0 3.6
303 25 90 0.8
303 50 110 1.3
303 75 142.5 3.7
304 0 0 3.6
304 25 90 0.8
304 50 110 1.3
304 75 142.5 3.7
305 0 0 3.6
305 25 90 0.8
305 50 110 1.3
305 75 142.5 3.7
306 0 0 3.6
306 25 90 0.8
306 50 110 1.3
306 75 142.5 3.7
307 0 0 3.6
307 25 90 0.8
307 50 110 1.3
307 75 142.5 3.7
308 0 0 3.6
308 25 90 0.8
308 50 110 1.3
308 75 142.5 3.7
309 0 0 3.6
309 25 90 0.8
309 50 110 1.3
309 75 142.5 3.7
310 0 0 3.6
310 25 90 0.8
310 50 110 1.3
310 75 142.5 3.7
311 0 0 3.6
311 25 90 0.8
311 50 110 1.3
311 75 142.5 3.7
312 0 0 3.6
312 25 90 0.8
312 50 110 1.3
312 75 142.5 3.7
313 0 0 3.6
313 25 90 0.8
313 50 110 1.3
313 75 142.5 3.7
314 0 0 3.6
314 25 90 0.8
314 50 110 1.3
314 75 142.5 3.7
315 0 0 3.6
315 25 90 0.8
315 50 110 1.3
315 75 142.5 3.7
316 0 0 3.6
316 25 90 0.8
316 50 110 1.3
316 75 142.5 3.7
317 0 0 3.6
317 25 90 0.8
317 50 110 1.3
317 75 142.5 3.7
318 0 0 3.6
318 25 90 0.8
318 50 110 1.3
318 75 142.5 3.7
319 0 0 3.6
319 25 90 0.8
319 50 110 1.3
319 75 142.5 3.7
320 0 0 3.6
320 25 90 0.8
320 50 110 1.3
320 75 142.5 3.7
321 0 0 3.6
321 25 90 0.8
321 50 110 1.3
321 75 142.5 3.7
322 0 0 3.6
322 25 90 0.8
322 50 110 1.3
322 75 142.5 3.7
323 0 0 3.6
323 25 90 0.8
323 50 110 1.3
323 75 142.5 3.7
324 0 0 3.6
324 25 90 0.8
324 50 110 1.3
324 75 142.5 3.7
325 0 0 3.6
325 25 90 0.8
325 50 110 1.3
325 75 142.5 3.7
326 0 0 3.6
326 25 90 0.8
326 50 110 1.3
326 75 142.5 3.7
327 0 0 3.6
327 25 90 0.8
327 50 110 1.3
327 75 142.5 3.7
328 0 0 3.6
328 25 90 0.8
328 50 110 1.3
328 75 142.5 3.7
329 0 0 3.6
329 25 90 0.8
329 50 110 1.3
329 75 142.5 3.7
330 0 0 3.6
330 25 90 0.8
330 50 110 1.3
330 75 142.5 3.7
331 0 0 3.6
331 25 90 0.8
331 50 110 1.3
331 75 142.5 3.7
332 0 0 3.6
332 25 90 0.8
332 50 110 1.3
332 75 142.5 3.7
333 0 0 3.6
333 25 90 0.8
333 50 110 1.3
333 75 142.5 3.7
334 0 0 3.6
334 25 90 0.8
334 50 110 1.3
334 75 142.5 3.7
335 0 0 3.6
335 25 90 0.8
335 50 110 1.3
335 75 142.5 3.7
336 0 0 3.6
336 25 90 0.8
336 50 110 1.3
336 75 142.5 3.7
337 0 0 3.6
337 25 90 0.8
337 50 110 1.3
337 75 142.5 3.7
338 0 0 3.6
338 25 90 0.8
338 50 110 1.3
338 75 142.5 3.7
339 0 0 3.6
339 25 90 0.8
339 50 110 1.3
339 75 142.5 3.7
340 0 0 3.6
340 25 90 0.8
340 50 110 1.3
340 75 142.5 3.7
341 0 0 3.6
341 25 90 0.8
341 50 110 1.3
341 75 142.5 3.7
342 0 0 3.6
342 25 90 0.8
342 50 110 1.3
342 75 142.5 3.7
343 0 0 3.6
343 25 90 0.8
343 50 110 1.3
343 75 142.5 3.7
344 0 0 3.6
344 25 90 0.8
344 50 110 1.3
344 75 142.5 3.7
345 0 0 3.6
345 25 90 0.8
345 50 110 1.3
345 75 142.5 3.7
346 0 0 3.6
346 25 90 0.8
346 50 110 1.3
346 75 142.5 3.7
347 0 0 3.6
347 25 90 0.8
347 50 110 1.3
347 75 142.5 3.7
348 0 0 3.6
348 25 90 0.8
348 50 110 1.3
348 75 142.5 3.7
349 0 0 3.6
349 25 90 0.8
349 50 110 1.3
349 75 142.5 3.7
350 0 0 3.6
350 25 90 0.8
350 50 110 1.3
350 75 142.5 3.7
351 0 0 3.6
351 25 90 0.8
351 50 110 1.3
351 75 142.5 3.7
352 0 0 3.6
352 25 90 0.8
352 50 110 1.3
352 75 142.5 3.7
353 0 0 3.6
353 25 90 0.8
353 50 110 1.3
353 75 142.5 3.7
354 0 0 3.6
354 25 90 0.8
354 50 110 1.3
354 75 142.5 3.7
355 0 0 3.6
355 25 90 0.8
355 50 110 1.3
355 75 142.5 3.7
356 0 0 3.6
356 25 90 0.8
356 50 110 1.3
356 75 142.5 3.7
357 0 0 3.6
357 25 90 0.8
357 50 110 1.3
357 75 142.5 3.7
358 0 0 3.6
358 25 90 0.8
358 50 110 1.3
358 75 142.5 3.7
359 0 0 3.6
359 25 90 0.8
359 50 110 1.3
359 75 142.5 3.7
360 0 0 3.6
360 25 90 0.8
360 50 110 1.3
360 75 142.5 3.7
361 0 0 3.6
361 25 90 0.8
361 50 110 1.3
361 75 142.5 3.7
362 0 0 3.6
362 25 90 0.8
362 50 110 1.3
362 75 142.5 3.7
363 0 0 3.6
363 25 90 0.8
363 50 110 1.3
363 75 142.5 3.7
364 0 0 3.6
364 25 90 0.8
364 50 110 1.3
364 75 142.5 3.7
365 0 0 3.6
365 25 90 0.8
365 50 110 1.3
365 75 142.5 3.7
366 0 0 3.6
366 25 90 0.8
366 50 110 1.3
366 75 142.5 3.7
367 0 0 3.6
367 25 90 0.8
367 50 110 1.3
367 75 142.5 3.7
368 0 0 3.6
368 25 90 0.8
368 50 110 1.3
368 75 142.5 3.7
369 0 0 3.6
369 25 90 0.8
369 50 110 1.3
369 75 142.5 3.7
370 0 0 3.6
370 25 90 0.8
370 50 110 1.3
370 75 142.5 3.7
371 0 0 3.6
371 25 90 0.8
371 50 110 1.3
371 75 142.5 3.7
372 0 0 3.6
372 25 90 0.8
372 50 110 1.3
372 75 142.5 3.7
373 0 0 3.6
373 25 90 0.8
373 50 110 1.3
373 75 142.5 3.7
374 0 0 3.6
374 25 90 0.8
374 50 110 1.3
374 75 142.5 3.7
375 0 0 3.6
375 25 90 0.8
375 50 110 1.3
375 75 142.5 3.7
376 0 0 3.6
376 25 90 0.8
376 50 110 1.3
376 75 142.5 3.7
377 0 0 3.6
377 25 90 0.8
377 50 110 1.3
377 75 142.5 3.7
378 0 0 3.6
378 25 90 0.8
378 50 110 1.3
378 75 142.5 3.7
379 0 0 3.6
379 25 90 0.8
379 50 110 1.3
379 75 142.5 3.7
380 0 0 3.6
380 25 90 0.8
380 50 110 1.3
380 75 142.5 3.7
381 0 0 3.6
381 25 90 0.8
381 50 110 1.3
381 75 142.5 3.7
382 0 0 3.6
382 25 90 0.8
382 50 110 1.3
382 75 142.5 3.7
383 0 0 3.6
383 25 90 0.8
383 50 110 1.3
383 75 142.5 3.7
384 0 0 3.6
384 25 90 0.8
384 50 110 1.3
384 75 142.5 3.7
385 0 0 3.6
385 25 90 0.8
385 50 110 1.3
385 75 142.5 3.7
386 0 0 3.6
386 25 90 0.8
386 50 110 1.3
386 75 142.5 3.7
387 0 0 3.6
387 25 90 0.8
387 50 110 1.3
387 75 142.5 3.7
388 0 0 3.6
388 25 90 0.8
388 50 110 1.3
388 75 142.5 3.7
389 0 0 3.6
389 25 90 0.8
389 50 110 1.3
389 75 142.5 3.7
390 0 0 3.6
390 25 90 0.8
390 50 110 1.3
390 75 142.5 3.7
391 0 0 3.6
391 25 90 0.8
391 50 110 1.3
391 75 142.5 3.7
392 0 0 3.6
392 25 90 0.8
392 50 110 1.3
392 75 142.5 3.7
393 0 0 3.6
393 25 90 0.8
393 50 110 1.3
393 75 142.5 3.7
394 0 0 3.6
394 25 90 0.8
394 50 110 1.3
394 75 142.5 3.7
395 0 0 3.6
395 25 90 0.8
395 50 110 1.3
395 75 142.5 3.7
396 0 0 3.6
396 25 90 0.8
396 50 110 1.3
396 75 142.5 3.7
397 0 0 3.6
397 25 90 0.8
397 50 110 1.3
397 75 142.5 3.7
398 0 0 3.6
398 25 90 0.8
398 50 110 1.3
398 75 142.5 3.7
399 0 0 3.6
399 25 90 0.8
399 50 110 1.3
399 75 142.5 3.7
400 0 0 3.6
400 25 90 0.8
400 50 110 1.3
400 75 142.5 3.7
401 0 0 3.6
401 25 90 0.8
401 50 110 1.3
401 75 142.5 3.7
402 0 0 3.6
402 25 90 0.8
402 50 110 1.3
402 75 142.5 3.7
403 0 0 3.6
403 25 90 0.8
403 50 110 1.3
403 75 142.5 3.7
404 0 0 3.6
404 25 90 0.8
404 50 110 1.3
404 75 142.5 3.7
405 0 0 3.6
405 25 90 0.8
405 50 110 1.3
405 75 142.5 3.7
406 0 0 3.6
406 25 90 0.8
406 50 110 1.3
406 75 142.5 3.7
407 0 0 3.6
407 25 90 0.8
407 50 110 1.3
407 75 142.5 3.7
408 0 0 3.6
408 25 90 0.8
408 50 110 1.3
408 75 142.5 3.7
409 0 0 3.6
409 25 90 0.8
409 50 110 1.3
409 75 142.5 3.7
410 0 0 3.6
410 25 90 0.8
410 50 110 1.3
410 75 142.5 3.7
411 0 0 3.6
411 25 90 0.8
411 50 110 1.3
411 75 142.5 3.7
412 0 0 3.6
412 25 90 0.8
412 50 110 1.3
412 75 142.5 3.7
413 0 0 3.6
413 25 90 0.8
413 50 110 1.3
413 75 142.5 3.7
414 0 0 3.6
414 25 90 0.8
414 50 110 1.3
414 75 142.5 3.7
415 0 0 3.6
415 25 90 0.8
415 50 110 1.3
415 75 142.5 3.7
416 0 0 3.6
416 25 90 0.8
416 50 110 1.3
416 75 142.5 3.7
417 0 0 3.6
417 25 90 0.8
417 50 110 1.3
417 75 142.5 3.7
418 0 0 3.6
418 25 90 0.8
418 50 110 1.3
418 75 142.5 3.7
419 0 0 3.6
419 25 90 0.8
419 50 110 1.3
419 75 142.5 3.7
420 0 0 3.6
420 25 90 0.8
420 50 110 1.3
420 75 142.5 3.7
421 0 0 3.6
421 25 90 0.8
421 50 110 1.3
421 75 142.5 3.7
422 0 0 3.6
422 25 90 0.8
422 50 110 1.3
422 75 142.5 3.7
423 0 0 3.6
423 25 90 0.8
423 50 110 1.3
423 75 142.5 3.7
424 0 0 3.6
424 25 90 0.8
424 50 110 1.3
424 75 142.5 3.7
425 0 0 3.6
425 25 90 0.8
425 50 110 1.3
425 75 142.5 3.7
426 0 0 3.6
426 25 90 0.8
426 50 110 1.3
426 75 142.5 3.7
427 0 0 3.6
427 25 90 0.8
427 50 110 1.3
427 75 142.5 3.7
428 0 0 3.6
428 25 90 0.8
428 50 110 1.3
428 75 142.5 3.7
429 0 0 3.6
429 25 90 0.8
429 50 110 1.3
429 75 142.5 3.7
430 0 0 3.6
430 25 90 0.8
430 50 110 1.3
430 75 142.5 3.7
431 0 0 3.6
431 25 90 0.8
431 50 110 1.3
431 75 142.5 3.7
432 0 0 3.6
432 25 90 0.8
432 50 110 1.3
432 75 142.5 3.7
433 0 0 3.6
433 25 90 0.8
433 50 110 1.3
433 75 142.5 3.7
434 0 0 3.6
434 25 90 0.8
434 50 110 1.3
434 75 142.5 3.7
435 0 0 3.6
435 25 90 0.8
435 50 110 1.3
435 75 142.5 3.7
436 0 0 3.6
436 25 90 0.8
436 50 110 1.3
436 75 142.5 3.7
437 0 0 3.6
437 25 90 0.8
437 50 110 1.3
437 75 142.5 3.7
438 0 0 3.6
438 25 90 0.8
438 50 110 1.3
438 75 142.5 3.7
439 0 0 3.6
439 25 90 0.8
439 50 110 1.3
439 75 142.5 3.7
440 0 0 3.6
440 25 90 0.8
440 50 110 1.3
440 75 142.5 3.7
441 0 0 3.6
441 25 90 0.8
441 50 110 1.3
441 75 142.5 3.7
442 0 0 3.6
442 25 90 0.8
442 50 110 1.3
442 75 142.5 3.7
443 0 0 3.6
443 25 90 0.8
443 50 110 1.3
443 75 142.5 3.7
444 0 0 3.6
444 25 90 0.8
444 50 110 1.3
444 75 142.5 3.7
445 0 0 3.6
445 25 90 0.8
445 50 110 1.3
445 75 142.5 3.7
446 0 0 3.6
446 25 90 0.8
446 50 110 1.3
446 75 142.5 3.7
447 0 0 3.6
447 25 90 0.8
447 50 110 1.3
447 75 142.5 3.7
448 0 0 3.6
448 25 90 0.8
448 50 110 1.3
448 75 142.5 3.7
449 0 0 3.6
449 25 90 0.8
449 50 110 1.3
449 75 142.5 3.7
450 0 0 3.6
450 25 90 0.8
450 50 110 1.3
450 75 142.5 3.7
451 0 0 3.6
451 25 90 0.8
451 50 110 1.3
451 75 142.5 3.7
452 0 0 3.6
452 25 90 0.8
452 50 110 1.3
452 75 142.5 3.7
453 0 0 3.6
453 25 90 0.8
453 50 110 1.3
453 75 142.5 3.7
454 0 0 3.6
454 25 90 0.8
454 50 110 1.3
454 75 142.5 3.7
455 0 0 3.6
455 25 90 0.8
455 50 110 1.3
455 75 142.5 3.7
456 0 0 3.6
456 25 90 0.8
456 50 110 1.3
456 75 142.5 3.7
457 0 0 3.6
457 25 90 0.8
457 50 110 1.3
457 75 142.5 3.7
458 0 0 3.6
458 25 90 0.8
458 50 110 1.3
458 75 142.5 3.7
459 0 0 3.6
459 25 90 0.8
459 50 110 1.3
459 75 142.5 3.7
460 0 0 3.6
460 25 90 0.8
460 50 110 1.3
460 75 142.5 3.7
461 0 0 3.6
461 25 90 0.8
461 50 110 1.3
461 75 142.5 3.7
462 0 0 3.6
462 25 90 0.8
462 50 110 1.3
462 75 142.5 3.7
463 0 0 3.6
463 25 90 0.8
463 50 110 1.3
463 75 142.5 3.7
464 0 0 3.6
464 25 90 0.8
464 50 110 1.3
464 75 142.5 3.7
465 0 0 3.6
465 25 90 0.8
465 50 110 1.3
465 75 142.5 3.7
466 0 0 3.6
466 25 90 0.8
466 50 110 1.3
466 75 142.5 3.7
467 0 0 3.6
467 25 90 0.8
467 50 110 1.3
467 75 142.5 3.7
468 0 0 3.6
468 25 90 0.8
468 50 110 1.3
468 75 142.5 3.7
469 0 0 3.6
469 25 90 0.8
469 50 110 1.3
469 75 142.5 3.7
470 0 0 3.6
470 25 90 0.8
470 50 110 1.3
470 75 142.5 3.7
471 0 0 3.6
471 25 90 0.8
471 50 110 1.3
471 75 142.5 3.7
472 0 0 3.6
472 25 90 0.8
472 50 110 1.3
472 75 142.5 3.7
473 0 0 3.6
473 25 90 0.8
473 50 110 1.3
473 75 142.5 3.7
474 0 0 3.6
474 25 90 0.8
474 50 110 1.3
474 75 142.5 3.7
475 0 0 3.6
475 25 90 0.8
475 50 110 1.3
475 75 142.5 3.7
476 0 0 3.6
476 25 90 0.8
476 50 110 1.3
476 75 142.5 3.7
477 0 0 3.6
477 25 90 0.8
477 50 110 1.3
477 75 142.5 3.7
478 0 0 3.6
478 25 90 0.8
478 50 110 1.3
478 75 142.5 3.7
479 0 0 3.6
479 25 90 0.8
479 50 110 1.3
479 75 142.5 3.7
480 0 0 3.6
480 25 90 0.8
480 50 110 1.3
480 75 142.5 3.7
481 0 0 3.6
481 25 90 0.8
481 50 110 1.3
481 75 142.5 3.7
482 0 0 3.6
482 25 90 0.8
482 50 110 1.3
482 75 142.5 3.7
483 0 0 3.6
483 25 90 0.8
483 50 110 1.3
483 75 142.5 3.7
484 0 0 3.6
484 25 90 0.8
484 50 110 1.3
484 75 142.5 3.7
485 0 0 3.6
485 25 90 0.8
485 50 110 1.3
485 75 142.5 3.7
486 0 0 3.6
486 25 90 0.8
486 50 110 1.3
486 75 142.5 3.7
487 0 0 3.6
487 25 90 0.8
487 50 110 1.3
487 75 142.5 3.7
488 0 0 3.6
488 25 90 0.8
488 50 110 1.3
488 75 142.5 3.7
489 0 0 3.6
489 25 90 0.8
489 50 110 1.3
489 75 142.5 3.7
490 0 0 3.6
490 25 90 0.8
490 50 110 1.3
490 75 142.5 3.7
491 0 0 3.6
491 25 90 0.8
491 50 110 1.3
491 75 142.5 3.7
492 0 0 3.6
492 25 90 0.8
492 50 110 1.3
492 75 142.5 3.7
493 0 0 3.6
493 25 90 0.8
493 50 110 1.3
493 75 142.5 3.7
494 0 0 3.6
494 25 90 0.8
494 50 110 1.3
494 75 142.5 3.7
495 0 0 3.6
495 25 90 0.8
495 50 110 1.3
495 75 142.5 3.7
496 0 0 3.6
496 25 90 0.8
496 50 110 1.3
496 75 142.5 3.7
497 0 0 3.6
497 25 90 0.8
497 50 110 1.3
497 75 142.5 3.7
498 0 0 3.6
498 25 90 0.8
498 50 110 1.3
498 75 142.5 3.7
499 0 0 3.6
499 25 90 0.8
499 50 110 1.3
499 75 142.5 3.7
500 0 0 3.6
500 25 90 0.8
500 50 110 1.3
500 75 142.5 3.7
501 0 0 3.6
501 25 90 0.8
501 50 110 1.3
501 75 142.5 3.7
502 0 0 3.6
502 25 90 0.8
502 50 110 1.3
502 75 142.5 3.7
503 0 0 3.6
503 25 90 0.8
503 50 110 1.3
503 75 142.5 3.7
504 0 0 3.6
504 25 90 0.8
504 50 110 1.3
504 75 142.5 3.7
505 0 0 3.6
505 25 90 0.8
505 50 110 1.3
505 75 142.5 3.7
506 0 0 3.6
506 25 90 0.8
506 50 110 1.3
506 75 142.5 3.7
507 0 0 3.6
507 25 90 0.8
507 50 110 1.3
507 75 142.5 3.7
508 0 0 3.6
508 25 90 0.8
508 50 110 1.3
508 75 142.5 3.7
509 0 0 3.6
509 25 90 0.8
509 50 110 1.3
509 75 142.5 3.7
510 0 0 3.6
510 25 90 0.8
510 50 110 1.3
510 75 142.5 3.7
511 0 0 3.6
511 25 90 0.8
511 50 110 1.3
511 75 142.5 3.7
512 0 0 3.6
512 25 90 0.8
512 50 110 1.3
512 75 142.5 3.7
513 0 0 3.6
513 25 90 0.8
513 50 110 1.3
513 75 142.5 3.7
514 0 0 3.6
514 25 90 0.8
514 50 110 1.3
514 75 142.5 3.7
515 0 0 3.6
515 25 90 0.8
515 50 110 1.3
515 75 142.5 3.7
516 0 0 3.6
516 25 90 0.8
516 50 110 1.3
516 75 142.5 3.7
517 0 0 3.6
517 25 90 0.8
517 50 110 1.3
517 75 142.5 3.7
518 0 0 3.6
518 25 90 0.8
518 50 110 1.3
518 75 142.5 3.7
519 0 0 3.6
519 25 90 0.8
519 50 110 1.3
519 75 142.5 3.7
520 0 0 3.6
520 25 90 0.8
520 50 110 1.3
520 75 142.5 3.7
521 0 0 3.6
521 25 90 0.8
521 50 110 1.3
521 75 142.5 3.7
522 0 0 3.6
522 25 90 0.8
522 50 110 1.3
522 75 142.5 3.7
523 0 0 3.6
523 25 90 0.8
523 50 110 1.3
523 75 142.5 3.7
524 0 0 3.6
524 25 90 0.8
524 50 110 1.3
524 75 142.5 3.7
525 0 0 3.6
525 25 90 0.8
525 50 110 1.3
525 75 142.5 3.7
526 0 0 3.6
526 25 90 0.8
526 50 110 1.3
526 75 142.5 3.7
527 0 0 3.6
527 25 90 0.8
527 50 110 1.3
527 75 142.5 3.7
528 0 0 3.6
528 25 90 0.8
528 50 110 1.3
528 75 142.5 3.7
529 0 0 3.6
529 25 90 0.8
529 50 110 1.3
529 75 142.5 3.7
530 0 0 3.6
530 25 90 0.8
530 50 110 1.3
530 75 142.5 3.7
531 0 0 3.6
531 25 90 0.8
531 50 110 1.3
531 75 142.5 3.7
532 0 0 3.6
532 25 90 0.8
532 50 110 1.3
532 75 142.5 3.7
533 0 0 3.6
533 25 90 0.8
533 50 110 1.3
533 75 142.5 3.7
534 0 0 3.6
534 25 90 0.8
534 50 110 1.3
534 75 142.5 3.7
535 0 0 3.6
535 25 90 0.8
535 50 110 1.3
535 75 142.5 3.7
536 0 0 3.6
536 25 90 0.8
536 50 110 1.3
536 75 142.5 3.7
537 0 0 3.6
537 25 90 0.8
537 50 110 1.3
537 75 142.5 3.7
538 0 0 3.6
538 25 90 0.8
538 50 110 1.3
538 75 142.5 3.7
539 0 0 3.6
539 25 90 0.8
539 50 110 1.3
539 75 142.5 3.7
540 0 0 3.6
540 25 90 0.8
540 50 110 1.3
540 75 142.5 3.7
541 0 0 3.6
541 25 90 0.8
541 50 110 1.3
541 75 142.5 3.7
542 0 0 3.6
542 25 90 0.8
542 50 110 1.3
542 75 142.5 3.7
543 0 0 3.6
543 25 90 0.8
543 50 110 1.3
543 75 142.5 3.7
544 0 0 3.6
544 25 90 0.8
544 50 110 1.3
544 75 142.5 3.7
545 0 0 3.6
545 25 90 0.8
545 50 110 1.3
545 75 142.5 3.7
546 0 0 3.6
546 25 90 0.8
546 50 110 1.3
546 75 142.5 3.7
547 0 0 3.6
547 25 90 0.8
547 50 110 1.3
547 75 142.5 3.7
548 0 0 3.6
548 25 90 0.8
548 50 110 1.3
548 75 142.5 3.7
549 0 0 3.6
549 25 90 0.8
549 50 110 1.3
549 75 142.5 3.7
550 0 0 3.6
550 25 90 0.8
550 50 110 1.3
550 75 142.5 3.7
551 0 0 3.6
551 25 90 0.8
551 50 110 1.3
551 75 142.5 3.7
552 0 0 3.6
552 25 90 0.8
552 50 110 1.3
552 75 142.5 3.7
553 0 0 3.6
553 25 90 0.8
553 50 110 1.3
553 75 142.5 3.7
554 0 0 3.6
554 25 90 0.8
554 50 110 1.3
554 75 142.5 3.7
555 0 0 3.6
555 25 90 0.8
555 50 110 1.3
555 75 142.5 3.7
556 0 0 3.6
556 25 90 0.8
556 50 110 1.3
556 75 142.5 3.7
557 0 0 3.6
557 25 90 0.8
557 50 110 1.3
557 75 142.5 3.7
558 0 0 3.6
558 25 90 0.8
558 50 110 1.3
558 75 142.5 3.7
559 0 0 3.6
559 25 90 0.8
559 50 110 1.3
559 75 142.5 3.7
560 0 0 3.6
560 25 90 0.8
560 50 110 1.3
560 75 142.5 3.7
561 0 0 3.6
561 25 90 0.8
561 50 110 1.3
561 75 142.5 3.7
562 0 0 3.6
562 25 90 0.8
562 50 110 1.3
562 75 142.5 3.7
563 0 0 3.6
563 25 90 0.8
563 50 110 1.3
563 75 142.5 3.7
564 0 0 3.6
564 25 90 0.8
564 50 110 1.3
564 75 142.5 3.7
565 0 0 3.6
565 25 90 0.8
565 50 110 1.3
565 75 142.5 3.7
566 0 0 3.6
566 25 90 0.8
566 50 110 1.3
566 75 142.5 3.7
567 0 0 3.6
567 25 90 0.8
567 50 110 1.3
567 75 142.5 3.7
568 0 0 3.6
568 25 90 0.8
568 50 110 1.3
568 75 142.5 3.7
569 0 0 3.6
569 25 90 0.8
569 50 110 1.3
569 75 142.5 3.7
570 0 0 3.6
570 25 90 0.8
570 50 110 1.3
570 75 142.5 3.7
571 0 0 3.6
571 25 90 0.8
571 50 110 1.3
571 75 142.5 3.7
572 0 0 3.6
572 25 90 0.8
572 50 110 1.3
572 75 142.5 3.7
573 0 0 3.6
573 25 90 0.8
573 50 110 1.3
573 75 142.5 3.7
574 0 0 3.6
574 25 90 0.8
574 50 110 1.3
574 75 142.5 3.7
575 0 0 3.6
575 25 90 0.8
575 50 110 1.3
575 75 142.5 3.7
576 0 0 3.6
576 25 90 0.8
576 50 110 1.3
576 75 142.5 3.7
577 0 0 3.6
577 25 90 0.8
577 50 110 1.3
577 75 142.5 3.7
578 0 0 3.6
578 25 90 0.8
578 50 110 1.3
578 75 142.5 3.7
579 0 0 3.6
579 25 90 0.8
579 50 110 1.3
579 75 142.5 3.7
580 0 0 3.6
580 25 90 0.8
580 50 110 1.3
580 75 142.5 3.7
581 0 0 3.6
581 25 90 0.8
581 50 110 1.3
581 75 142.5 3.7
582 0 0 3.6
582 25 90 0.8
582 50 110 1.3
582 75 142.5 3.7
583 0 0 3.6
583 25 90 0.8
583 50 110 1.3
583 75 142.5 3.7
584 0 0 3.6
584 25 90 0.8
584 50 110 1.3
584 75 142.5 3.7
585 0 0 3.6
585 25 90 0.8
585 50 110 1.3
585 75 142.5 3.7
586 0 0 3.6
586 25 90 0.8
586 50 110 1.3
586 75 142.5 3.7
587 0 0 3.6
587 25 90 0.8
587 50 110 1.3
587 75 142.5 3.7
588 0 0 3.6
588 25 90 0.8
588 50 110 1.3
588 75 142.5 3.7
589 0 0 3.6
589 25 90 0.8
589 50 110 1.3
589 75 142.5 3.7
590 0 0 3.6
590 25 90 0.8
590 50 110 1.3
590 75 142.5 3.7
591 0 0 3.6
591 25 90 0.8
591 50 110 1.3
591 75 142.5 3.7
592 0 0 3.6
592 25 90 0.8
592 50 110 1.3
592 75 142.5 3.7
593 0 0 3.6
593 25 90 0.8
593 50 110 1.3
593 75 142.5 3.7
594 0 0 3.6
594 25 90 0.8
594 50 110 1.3
594 75 142.5 3.7
595 0 0 3.6
595 25 90 0.8
595 50 110 1.3
595 75 142.5 3.7
596 0 0 3.6
596 25 90 0.8
596 50 110 1.3
596 75 142.5 3.7
597 0 0 3.6
597 25 90 0.8
597 50 110 1.3
597 75 142.5 3.7
598 0 0 3.6
598 25 90 0.8
598 50 110 1.3
598 75 142.5 3.7
599 0 0 3.6
599 25 90 0.8
599 50 110 1.3
599 75 142.5 3.7
600 0 0 3.6
600 25 90 0.8
600 50 110 1.3
600 75 142.5 3.7
601 0 0 3.6
601 25 90 0.8
601 50 110 1.3
601 75 142.5 3.7
602 0 0 3.6
602 25 90 0.8
602 50 110 1.3
602 75 142.5 3.7
603 0 0 3.6
603 25 90 0.8
603 50 110 1.3
603 75 142.5 3.7
604 0 0 3.6
604 25 90 0.8
604 50 110 1.3
604 75 142.5 3.7
605 0 0 3.6
605 25 90 0.8
605 50 110 1.3
605 75 142.5 3.7
606 0 0 3.6
606 25 90 0.8
606 50 110 1.3
606 75 142.5 3.7
607 0 0 3.6
607 25 90 0.8
607 50 110 1.3
607 75 142.5 3.7
608 0 0 3.6
608 25 90 0.8
608 50 110 1.3
608 75 142.5 3.7
609 0 0 3.6
609 25 90 0.8
609 50 110 1.3
609 75 142.5 3.7
610 0 0 3.6
610 25 90 0.8
610 50 110 1.3
610 75 142.5 3.7
611 0 0 3.6
611 25 90 0.8
611 50 110 1.3
611 75 142.5 3.7
612 0 0 3.6
612 25 90 0.8
612 50 110 1.3
612 75 142.5 3.7
613 0 0 3.6
613 25 90 0.8
613 50 110 1.3
613 75 142.5 3.7
614 0 0 3.6
614 25 90 0.8
614 50 110 1.3
614 75 142.5 3.7
615 0 0 3.6
615 25 90 0.8
615 50 110 1.3
615 75 142.5 3.7
616 0 0 3.6
616 25 90 0.8
616 50 110 1.3
616 75 142.5 3.7
617 0 0 3.6
617 25 90 0.8
617 50 110 1.3
617 75 142.5 3.7
618 0 0 3.6
618 25 90 0.8
618 50 110 1.3
618 75 142.5 3.7
619 0 0 3.6
619 25 90 0.8
619 50 110 1.3
619 75 142.5 3.7
620 0 0 3.6
620 25 90 0.8
620 50 110 1.3
620 75 142.5 3.7
621 0 0 3.6
621 25 90 0.8
621 50 110 1.3
621 75 142.5 3.7
622 0 0 3.6
622 25 90 0.8
622 50 110 1.3
622 75 142.5 3.7
623 0 0 3.6
623 25 90 0.8
623 50 110 1.3
623 75 142.5 3.7
624 0 0 3.6
624 25 90 0.8
624 50 110 1.3
624 75 142.5 3.7
625 0 0 3.6
625 25 90 0.8
625 50 110 1.3
625 75 142.5 3.7
626 0 0 3.6
626 25 90 0.8
626 50 110 1.3
626 75 142.5 3.7
627 0 0 3.6
627 25 90 0.8
627 50 110 1.3
627 75 142.5 3.7
628 0 0 3.6
628 25 90 0.8
628 50 110 1.3
628 75 142.5 3.7
629 0 0 3.6
629 25 90 0.8
629 50 110 1.3
629 75 142.5 3.7
630 0 0 3.6
630 25 90 0.8
630 50 110 1.3
630 75 142.5 3.7
631 0 0 3.6
631 25 90 0.8
631 50 110 1.3
631 75 142.5 3.7
632 0 0 3.6
632 25 90 0.8
632 50 110 1.3
632 75 142.5 3.7
633 0 0 3.6
633 25 90 0.8
633 50 110 1.3
633 75 142.5 3.7
634 0 0 3.6
634 25 90 0.8
634 50 110 1.3
634 75 142.5 3.7
635 0 0 3.6
635 25 90 0.8
635 50 110 1.3
635 75 142.5 3.7
636 0 0 3.6
636 25 90 0.8
636 50 110 1.3
636 75 142.5 3.7
637 0 0 3.6
637 25 90 0.8
637 50 110 1.3
637 75 142.5 3.7
638 0 0 3.6
638 25 90 0.8
638 50 110 1.3
638 75 142.5 3.7
639 0 0 3.6
639 25 90 0.8
639 50 110 1.3
639 75 142.5 3.7
640 0 0 3.6
640 25 90 0.8
640 50 110 1.3
640 75 142.5 3.7
641 0 0 3.6
641 25 90 0.8
641 50 110 1.3
641 75 142.5 3.7
642 0 0 3.6
642 25 90 0.8
642 50 110 1.3
642 75 142.5 3.7
643 0 0 3.6
643 25 90 0.8
643 50 110 1.3
643 75 142.5 3.7
644 0 0 3.6
644 25 90 0.8
644 50 110 1.3
644 75 142.5 3.7
645 0 0 3.6
645 25 90 0.8
645 50 110 1.3
645 75 142.5 3.7
646 0 0 3.6
646 25 90 0.8
646 50 110 1.3
646 75 142.5 3.7
647 0 0 3.6
647 25 90 0.8
647 50 110 1.3
647 75 142.5 3.7
648 0 0 3.6
648 25 90 0.8
648 50 110 1.3
648 75 142.5 3.7
649 0 0 3.6
649 25 90 0.8
649 50 110 1.3
649 75 142.5 3.7
650 0 0 3.6
650 25 90 0.8
650 50 110 1.3
650 75 142.5 3.7
651 0 0 3.6
651 25 90 0.8
651 50 110 1.3
651 75 142.5 3.7
652 0 0 3.6
652 25 90 0.8
652 50 110 1.3
652 75 142.5 3.7
653 0 0 3.6
653 25 90 0.8
653 50 110 1.3
653 75 142.5 3.7
654 0 0 3.6
654 25 90 0.8
654 50 110 1.3
654 75 142.5 3.7
655 0 0 3.6
655 25 90 0.8
655 50 110 1.3
655 75 142.5 3.7
656 0 0 3.6
656 25 90 0.8
656 50 110 1.3
656 75 142.5 3.7
657 0 0 3.6
657 25 90 0.8
657 50 110 1.3
657 75 142.5 3.7
658 0 0 3.6
658 25 90 0.8
658 50 110 1.3
658 75 142.5 3.7
659 0 0 3.6
659 25 90 0.8
659 50 110 1.3
659 75 142.5 3.7
660 0 0 3.6
660 25 90 0.8
660 50 110 1.3
660 75 142.5 3.7
661 0 0 3.6
661 25 90 0.8
661 50 110 1.3
661 75 142.5 3.7
662 0 0 3.6
662 25 90 0.8
662 50 110 1.3
662 75 142.5 3.7
663 0 0 3.6
663 25 90 0.8
663 50 110 1.3
663 75 142.5 3.7
664 0 0 3.6
664 25 90 0.8
664 50 110 1.3
664 75 142.5 3.7
665 0 0 3.6
665 25 90 0.8
665 50 110 1.3
665 75 142.5 3.7
666 0 0 3.6
666 25 90 0.8
666 50 110 1.3
666 75 142.5 3.7
667 0 0 3.6
667 25 90 0.8
667 50 110 1.3
667 75 142.5 3.7
668 0 0 3.6
668 25 90 0.8
668 50 110 1.3
668 75 142.5 3.7
669 0 0 3.6
669 25 90 0.8
669 50 110 1.3
669 75 142.5 3.7
670 0 0 3.6
670 25 90 0.8
670 50 110 1.3
670 75 142.5 3.7
671 0 0 3.6
671 25 90 0.8
671 50 110 1.3
671 75 142.5 3.7
672 0 0 3.6
672 25 90 0.8
672 50 110 1.3
672 75 142.5 3.7
673 0 0 3.6
673 25 90 0.8
673 50 110 1.3
673 75 142.5 3.7
674 0 0 3.6
674 25 90 0.8
674 50 110 1.3
674 75 142.5 3.7
675 0 0 3.6
675 25 90 0.8
675 50 110 1.3
675 75 142.5 3.7
676 0 0 3.6
676 25 90 0.8
676 50 110 1.3
676 75 142.5 3.7
677 0 0 3.6
677 25 90 0.8
677 50 110 1.3
677 75 142.5 3.7
678 0 0 3.6
678 25 90 0.8
678 50 110 1.3
678 75 142.5 3.7
679 0 0 3.6
679 25 90 0.8
679 50 110 1.3
679 75 142.5 3.7
680 0 0 3.6
680 25 90 0.8
680 50 110 1.3
680 75 142.5 3.7
681 0 0 3.6
681 25 90 0.8
681 50 110 1.3
681 75 142.5 3.7
682 0 0 3.6
682 25 90 0.8
682 50 110 1.3
682 75 142.5 3.7
683 0 0 3.6
683 25 90 0.8
683 50 110 1.3
683 75 142.5 3.7
684 0 0 3.6
684 25 90 0.8
684 50 110 1.3
684 75 142.5 3.7
685 0 0 3.6
685 25 90 0.8
685 50 110 1.3
685 75 142.5 3.7
686 0 0 3.6
686 25 90 0.8
686 50 110 1.3
686 75 142.5 3.7
687 0 0 3.6
687 25 90 0.8
687 50 110 1.3
687 75 142.5 3.7
688 0 0 3.6
688 25 90 0.8
688 50 110 1.3
688 75 142.5 3.7
689 0 0 3.6
689 25 90 0.8
689 50 110 1.3
689 75 142.5 3.7
690 0 0 3.6
690 25 90 0.8
690 50 110 1.3
690 75 142.5 3.7
691 0 0 3.6
691 25 90 0.8
691 50 110 1.3
691 75 142.5 3.7
692 0 0 3.6
692 25 90 0.8
692 50 110 1.3
692 75 142.5 3.7
693 0 0 3.6
693 25 90 0.8
693 50 110 1.3
693 75 142.5 3.7
694 0 0 3.6
694 25 90 0.8
694 50 110 1.3
694 75 142.5 3.7
695 0 0 3.6
695 25 90 0.8
695 50 110 1.3
695 75 142.5 3.7
696 0 0 3.6
696 25 90 0.8
696 50 110 1.3
696 75 142.5 3.7
697 0 0 3.6
697 25 90 0.8
697 50 110 1.3
697 75 142.5 3.7
698 0 0 3.6
698 25 90 0.8
698 50 110 1.3
698 75 142.5 3.7
699 0 0 3.6
699 25 90 0.8
699 50 110 1.3
699 75 142.5 3.7
700 0 0 3.6
700 25 90 0.8
700 50 110 1.3
700 75 142.5 3.7
701 0 0 3.6
701 25 90 0.8
701 50 110 1.3
701 75 142.5 3.7
702 0 0 3.6
702 25 90 0.8
702 50 110 1.3
702 75 142.5 3.7
703 0 0 3.6
703 25 90 0.8
703 50 110 1.3
703 75 142.5 3.7
704 0 0 3.6
704 25 90 0.8
704 50 110 1.3
704 75 142.5 3.7
705 0 0 3.6
705 25 90 0.8
705 50 110 1.3
705 75 142.5 3.7
706 0 0 3.6
706 25 90 0.8
706 50 110 1.3
706 75 142.5 3.7
707 0 0 3.6
707 25 90 0.8
707 50 110 1.3
707 75 142.5 3.7
708 0 0 3.6
708 25 90 0.8
708 50 110 1.3
708 75 142.5 3.7
709 0 0 3.6
709 25 90 0.8
709 50 110 1.3
709 75 142.5 3.7
710 0 0 3.6
710 25 90 0.8
710 50 110 1.3
710 75 142.5 3.7
711 0 0 3.6
711 25 90 0.8
711 50 110 1.3
711 75 142.5 3.7
712 0 0 3.6
712 25 90 0.8
712 50 110 1.3
712 75 142.5 3.7
713 0 0 3.6
713 25 90 0.8
713 50 110 1.3
713 75 142.5 3.7
714 0 0 3.6
714 25 90 0.8
714 50 110 1.3
714 75 142.5 3.7
715 0 0 3.6
715 25 90 0.8
715 50 110 1.3
715 75 142.5 3.7
716 0 0 3.6
716 25 90 0.8
716 50 110 1.3
716 75 142.5 3.7
717 0 0 3.6
717 25 90 0.8
717 50 110 1.3
717 75 142.5 3.7
718 0 0 3.6
718 25 90 0.8
718 50 110 1.3
718 75 142.5 3.7
719 0 0 3.6
719 25 90 0.8
719 50 110 1.3
719 75 142.5 3.7
720 0 0 3.6
720 25 90 0.8
720 50 110 1.3
720 75 142.5 3.7
721 0 0 3.6
721 25 90 0.8
721 50 110 1.3
721 75 142.5 3.7
722 0 0 3.6
722 25 90 0.8
722 50 110 1.3
722 75 142.5 3.7
723 0 0 3.6
723 25 90 0.8
723 50 110 1.3
723 75 142.5 3.7
724 0 0 3.6
724 25 90 0.8
724 50 110 1.3
724 75 142.5 3.7
725 0 0 3.6
725 25 90 0.8
725 50 110 1.3
725 75 142.5 3.7
726 0 0 3.6
726 25 90 0.8
726 50 110 1.3
726 75 142.5 3.7
727 0 0 3.6
727 25 90 0.8
727 50 110 1.3
727 75 142.5 3.7
728 0 0 3.6
728 25 90 0.8
728 50 110 1.3
728 75 142.5 3.7
729 0 0 3.6
729 25 90 0.8
729 50 110 1.3
729 75 142.5 3.7
730 0 0 3.6
730 25 90 0.8
730 50 110 1.3
730 75 142.5 3.7
731 0 0 3.6
731 25 90 0.8
731 50 110 1.3
731 75 142.5 3.7
732 0 0 3.6
732 25 90 0.8
732 50 110 1.3
732 75 142.5 3.7
733 0 0 3.6
733 25 90 0.8
733 50 110 1.3
733 75 142.5 3.7
734 0 0 3.6
734 25 90 0.8
734 50 110 1.3
734 75 142.5 3.7
735 0 0 3.6
735 25 90 0.8
735 50 110 1.3
735 75 142.5 3.7
736 0 0 3.6
736 25 90 0.8
736 50 110 1.3
736 75 142.5 3.7
737 0 0 3.6
737 25 90 0.8
737 50 110 1.3
737 75 142.5 3.7
738 0 0 3.6
738 25 90 0.8
738 50 110 1.3
738 75 142.5 3.7
739 0 0 3.6
739 25 90 0.8
739 50 110 1.3
739 75 142.5 3.7
740 0 0 3.6
740 25 90 0.8
740 50 110 1.3
740 75 142.5 3.7
741 0 0 3.6
741 25 90 0.8
741 50 110 1.3
741 75 142.5 3.7
742 0 0 3.6
742 25 90 0.8
742 50 110 1.3
742 75 142.5 3.7
743 0 0 3.6
743 25 90 0.8
743 50 110 1.3
743 75 142.5 3.7
744 0 0 3.6
744 25 90 0.8
744 50 110 1.3
744 75 142.5 3.7
745 0 0 3.6
745 25 90 0.8
745 50 110 1.3
745 75 142.5 3.7
746 0 0 3.6
746 25 90 0.8
746 50 110 1.3
746 75 142.5 3.7
747 0 0 3.6
747 25 90 0.8
747 50 110 1.3
747 75 142.5 3.7
748 0 0 3.6
748 25 90 0.8
748 50 110 1.3
748 75 142.5 3.7
749 0 0 3.6
749 25 90 0.8
749 50 110 1.3
749 75 142.5 3.7
750 0 0 3.6
750 25 90 0.8
750 50 110 1.3
750 75 142.5 3.7
751 0 0 3.6
751 25 90 0.8
751 50 110 1.3
751 75 142.5 3.7
752 0 0 3.6
752 25 90 0.8
752 50 110 1.3
752 75 142.5 3.7
753 0 0 3.6
753 25 90 0.8
753 50 110 1.3
753 75 142.5 3.7
754 0 0 3.6
754 25 90 0.8
754 50 110 1.3
754 75 142.5 3.7
755 0 0 3.6
755 25 90 0.8
755 50 110 1.3
755 75 142.5 3.7
756 0 0 3.6
756 25 90 0.8
756 50 110 1.3
756 75 142.5 3.7
757 0 0 3.6
757 25 90 0.8
757 50 110 1.3
757 75 142.5 3.7
758 0 0 3.6
758 25 90 0.8
758 50 110 1.3
758 75 142.5 3.7
759 0 0 3.6
759 25 90 0.8
759 50 110 1.3
759 75 142.5 3.7
760 0 0 3.6
760 25 90 0.8
760 50 110 1.3
760 75 142.5 3.7
761 0 0 3.6
761 25 90 0.8
761 50 110 1.3
761 75 142.5 3.7
762 0 0 3.6
762 25 90 0.8
762 50 110 1.3
762 75 142.5 3.7
763 0 0 3.6
763 25 90 0.8
763 50 110 1.3
763 75 142.5 3.7
764 0 0 3.6
764 25 90 0.8
764 50 110 1.3
764 75 142.5 3.7
765 0 0 3.6
765 25 90 0.8
765 50 110 1.3
765 75 142.5 3.7
766 0 0 3.6
766 25 90 0.8
766 50 110 1.3
766 75 142.5 3.7
767 0 0 3.6
767 25 90 0.8
767 50 110 1.3
767 75 142.5 3.7
768 0 0 3.6
768 25 90 0.8
768 50 110 1.3
768 75 142.5 3.7
769 0 0 3.6
769 25 90 0.8
769 50 110 1.3
769 75 142.5 3.7
770 0 0 3.6
770 25 90 0.8
770 50 110 1.3
770 75 142.5 3.7
771 0 0 3.6
771 25 90 0.8
771 50 110 1.3
771 75 142.5 3.7
772 0 0 3.6
772 25 90 0.8
772 50 110 1.3
772 75 142.5 3.7
773 0 0 3.6
773 25 90 0.8
773 50 110 1.3
773 75 142.5 3.7
774 0 0 3.6
774 25 90 0.8
774 50 110 1.3
774 75 142.5 3.7
775 0 0 3.6
775 25 90 0.8
775 50 110 1.3
775 75 142.5 3.7
776 0 0 3.6
776 25 90 0.8
776 50 110 1.3
776 75 142.5 3.7
777 0 0 3.6
777 25 90 0.8
777 50 110 1.3
777 75 142.5 3.7
778 0 0 3.6
778 25 90 0.8
778 50 110 1.3
778 75 142.5 3.7
779 0 0 3.6
779 25 90 0.8
779 50 110 1.3
779 75 142.5 3.7
780 0 0 3.6
780 25 90 0.8
780 50 110 1.3
780 75 142.5 3.7
781 0 0 3.6
781 25 90 0.8
781 50 110 1.3
781 75 142.5 3.7
782 0 0 3.6
782 25 90 0.8
782 50 110 1.3
782 75 142.5 3.7
783 0 0 3.6
783 25 90 0.8
783 50 110 1.3
783 75 142.5 3.7
784 0 0 3.6
784 25 90 0.8
784 50 110 1.3
784 75 142.5 3.7
785 0 0 3.6
785 25 90 0.8
785 50 110 1.3
785 75 142.5 3.7
786 0 0 3.6
786 25 90 0.8
786 50 110 1.3
786 75 142.5 3.7
787 0 0 3.6
787 25 90 0.8
787 50 110 1.3
787 75 142.5 3.7
788 0 0 3.6
788 25 90 0.8
788 50 110 1.3
788 75 142.5 3.7
789 0 0 3.6
789 25 90 0.8
789 50 110 1.3
789 75 142.5 3.7
790 0 0 3.6
790 25 90 0.8
790 50 110 1.3
790 75 142.5 3.7
791 0 0 3.6
791 25 90 0.8
791 50 110 1.3
791 75 142.5 3.7
792 0 0 3.6
792 25 90 0.8
792 50 110 1.3
792 75 142.5 3.7
793 0 0 3.6
793 25 90 0.8
793 50 110 1.3
793 75 142.5 3.7
794 0 0 3.6
794 25 90 0.8
794 50 110 1.3
794 75 142.5 3.7
795 0 0 3.6
795 25 90 0.8
795 50 110 1.3
795 75 142.5 3.7
796 0 0 3.6
796 25 90 0.8
796 50 110 1.3
796 75 142.5 3.7
797 0 0 3.6
797 25 90 0.8
797 50 110 1.3
797 75 142.5 3.7
798 0 0 3.6
798 25 90 0.8
798 50 110 1.3
798 75 142.5 3.7
799 0 0 3.6
799 25 90 0.8
799 50 110 1.3
799 75 142.5 3.7
800 0 0 3.6
800 25 90 0.8
800 50 110 1.3
800 75 142.5 3.7
801 0 0 3.6
801 25 90 0.8
801 50 110 1.3
801 75 142.5 3.7
802 0 0 3.6
802 25 90 0.8
802 50 110 1.3
802 75 142.5 3.7
803 0 0 3.6
803 25 90 0.8
803 50 110 1.3
803 75 142.5 3.7
804 0 0 3.6
804 25 90 0.8
804 50 110 1.3
804 75 142.5 3.7
805 0 0 3.6
805 25 90 0.8
805 50 110 1.3
805 75 142.5 3.7
806 0 0 3.6
806 25 90 0.8
806 50 110 1.3
806 75 142.5 3.7
807 0 0 3.6
807 25 90 0.8
807 50 110 1.3
807 75 142.5 3.7
808 0 0 3.6
808 25 90 0.8
808 50 110 1.3
808 75 142.5 3.7
809 0 0 3.6
809 25 90 0.8
809 50 110 1.3
809 75 142.5 3.7
810 0 0 3.6
810 25 90 0.8
810 50 110 1.3
810 75 142.5 3.7
811 0 0 3.6
811 25 90 0.8
811 50 110 1.3
811 75 142.5 3.7
812 0 0 3.6
812 25 90 0.8
812 50 110 1.3
812 75 142.5 3.7
813 0 0 3.6
813 25 90 0.8
813 50 110 1.3
813 75 142.5 3.7
814 0 0 3.6
814 25 90 0.8
814 50 110 1.3
814 75 142.5 3.7
815 0 0 3.6
815 25 90 0.8
815 50 110 1.3
815 75 142.5 3.7
816 0 0 3.6
816 25 90 0.8
816 50 110 1.3
816 75 142.5 3.7
817 0 0 3.6
817 25 90 0.8
817 50 110 1.3
817 75 142.5 3.7
818 0 0 3.6
818 25 90 0.8
818 50 110 1.3
818 75 142.5 3.7
819 0 0 3.6
819 25 90 0.8
819 50 110 1.3
819 75 142.5 3.7
820 0 0 3.6
820 25 90 0.8
820 50 110 1.3
820 75 142.5 3.7
821 0 0 3.6
821 25 90 0.8
821 50 110 1.3
821 75 142.5 3.7
822 0 0 3.6
822 25 90 0.8
822 50 110 1.3
822 75 142.5 3.7
823 0 0 3.6
823 25 90 0.8
823 50 110 1.3
823 75 142.5 3.7
824 0 0 3.6
824 25 90 0.8
824 50 110 1.3
824 75 142.5 3.7
825 0 0 3.6
825 25 90 0.8
825 50 110 1.3
825 75 142.5 3.7
826 0 0 3.6
826 25 90 0.8
826 50 110 1.3
826 75 142.5 3.7
827 0 0 3.6
827 25 90 0.8
827 50 110 1.3
827 75 142.5 3.7
828 0 0 3.6
828 25 90 0.8
828 50 110 1.3
828 75 142.5 3.7
829 0 0 3.6
829 25 90 0.8
829 50 110 1.3
829 75 142.5 3.7
830 0 0 3.6
830 25 90 0.8
830 50 110 1.3
830 75 142.5 3.7
831 0 0 3.6
831 25 90 0.8
831 50 110 1.3
831 75 142.5 3.7
832 0 0 3.6
832 25 90 0.8
832 50 110 1.3
832 75 142.5 3.7
833 0 0 3.6
833 25 90 0.8
833 50 110 1.3
833 75 142.5 3.7
834 0 0 3.6
834 25 90 0.8
834 50 110 1.3
834 75 142.5 3.7
835 0 0 3.6
835 25 90 0.8
835 50 110 1.3
835 75 142.5 3.7
836 0 0 3.6
836 25 90 0.8
836 50 110 1.3
836 75 142.5 3.7
837 0 0 3.6
837 25 90 0.8
837 50 110 1.3
837 75 142.5 3.7
838 0 0 3.6
838 25 90 0.8
838 50 110 1.3
838 75 142.5 3.7
839 0 0 3.6
839 25 90 0.8
839 50 110 1.3
839 75 142.5 3.7
840 0 0 3.6
840 25 90 0.8
840 50 110 1.3
840 75 142.5 3.7
841 0 0 3.6
841 25 90 0.8
841 50 110 1.3
841 75 142.5 3.7
842 0 0 3.6
842 25 90 0.8
842 50 110 1.3
842 75 142.5 3.7
843 0 0 3.6
843 25 90 0.8
843 50 110 1.3
843 75 142.5 3.7
844 0 0 3.6
844 25 90 0.8
844 50 110 1.3
844 75 142.5 3.7
845 0 0 3.6
845 25 90 0.8
845 50 110 1.3
845 75 142.5 3.7
846 0 0 3.6
846 25 90 0.8
846 50 110 1.3
846 75 142.5 3.7
847 0 0 3.6
847 25 90 0.8
847 50 110 1.3
847 75 142.5 3.7
848 0 0 3.6
848 25 90 0.8
848 50 110 1.3
848 75 142.5 3.7
849 0 0 3.6
849 25 90 0.8
849 50 110 1.3
849 75 142.5 3.7
850 0 0 3.6
850 25 90 0.8
850 50 110 1.3
850 75 142.5 3.7
851 0 0 3.6
851 25 90 0.8
851 50 110 1.3
851 75 142.5 3.7
852 0 0 3.6
852 25 90 0.8
852 50 110 1.3
852 75 142.5 3.7
853 0 0 3.6
853 25 90 0.8
853 50 110 1.3
853 75 142.5 3.7
854 0 0 3.6
854 25 90 0.8
854 50 110 1.3
854 75 142.5 3.7
855 0 0 3.6
855 25 90 0.8
855 50 110 1.3
855 75 142.5 3.7
856 0 0 3.6
856 25 90 0.8
856 50 110 1.3
856 75 142.5 3.7
857 0 0 3.6
857 25 90 0.8
857 50 110 1.3
857 75 142.5 3.7
858 0 0 3.6
858 25 90 0.8
858 50 110 1.3
858 75 142.5 3.7
859 0 0 3.6
859 25 90 0.8
859 50 110 1.3
859 75 142.5 3.7
860 0 0 3.6
860 25 90 0.8
860 50 110 1.3
860 75 142.5 3.7
861 0 0 3.6
861 25 90 0.8
861 50 110 1.3
861 75 142.5 3.7
862 0 0 3.6
862 25 90 0.8
862 50 110 1.3
862 75 142.5 3.7
863 0 0 3.6
863 25 90 0.8
863 50 110 1.3
863 75 142.5 3.7
864 0 0 3.6
864 25 90 0.8
864 50 110 1.3
864 75 142.5 3.7
865 0 0 3.6
865 25 90 0.8
865 50 110 1.3
865 75 142.5 3.7
866 0 0 3.6
866 25 90 0.8
866 50 110 1.3
866 75 142.5 3.7
867 0 0 3.6
867 25 90 0.8
867 50 110 1.3
867 75 142.5 3.7
868 0 0 3.6
868 25 90 0.8
868 50 110 1.3
868 75 142.5 3.7
869 0 0 3.6
869 25 90 0.8
869 50 110 1.3
869 75 142.5 3.7
870 0 0 3.6
870 25 90 0.8
870 50 110 1.3
870 75 142.5 3.7
871 0 0 3.6
871 25 90 0.8
871 50 110 1.3
871 75 142.5 3.7
872 0 0 3.6
872 25 90 0.8
872 50 110 1.3
872 75 142.5 3.7
873 0 0 3.6
873 25 90 0.8
873 50 110 1.3
873 75 142.5 3.7
874 0 0 3.6
874 25 90 0.8
874 50 110 1.3
874 75 142.5 3.7
875 0 0 3.6
875 25 90 0.8
875 50 110 1.3
875 75 142.5 3.7
876 0 0 3.6
876 25 90 0.8
876 50 110 1.3
876 75 142.5 3.7
877 0 0 3.6
877 25 90 0.8
877 50 110 1.3
877 75 142.5 3.7
878 0 0 3.6
878 25 90 0.8
878 50 110 1.3
878 75 142.5 3.7
879 0 0 3.6
879 25 90 0.8
879 50 110 1.3
879 75 142.5 3.7
880 0 0 3.6
880 25 90 0.8
880 50 110 1.3
880 75 142.5 3.7
881 0 0 3.6
881 25 90 0.8
881 50 110 1.3
881 75 142.5 3.7
882 0 0 3.6
882 25 90 0.8
882 50 110 1.3
882 75 142.5 3.7
883 0 0 3.6
883 25 90 0.8
883 50 110 1.3
883 75 142.5 3.7
884 0 0 3.6
884 25 90 0.8
884 50 110 1.3
884 75 142.5 3.7
885 0 0 3.6
885 25 90 0.8
885 50 110 1.3
885 75 142.5 3.7
886 0 0 3.6
886 25 90 0.8
886 50 110 1.3
886 75 142.5 3.7
887 0 0 3.6
887 25 90 0.8
887 50 110 1.3
887 75 142.5 3.7
888 0 0 3.6
888 25 90 0.8
888 50 110 1.3
888 75 142.5 3.7
889 0 0 3.6
889 25 90 0.8
889 50 110 1.3
889 75 142.5 3.7
890 0 0 3.6
890 25 90 0.8
890 50 110 1.3
890 75 142.5 3.7
891 0 0 3.6
891 25 90 0.8
891 50 110 1.3
891 75 142.5 3.7
892 0 0 3.6
892 25 90 0.8
892 50 110 1.3
892 75 142.5 3.7
893 0 0 3.6
893 25 90 0.8
893 50 110 1.3
893 75 142.5 3.7
894 0 0 3.6
894 25 90 0.8
894 50 110 1.3
894 75 142.5 3.7
895 0 0 3.6
895 25 90 0.8
895 50 110 1.3
895 75 142.5 3.7
896 0 0 3.6
896 25 90 0.8
896 50 110 1.3
896 75 142.5 3.7
897 0 0 3.6
897 25 90 0.8
897 50 110 1.3
897 75 142.5 3.7
898 0 0 3.6
898 25 90 0.8
898 50 110 1.3
898 75 142.5 3.7
899 0 0 3.6
899 25 90 0.8
899 50 110 1.3
899 75 142.5 3.7
900 0 0 3.6
900 25 90 0.8
900 50 110 1.3
900 75 142.5 3.7
901 0 0 3.6
901 25 90 0.8
901 50 110 1.3
901 75 142.5 3.7
902 0 0 3.6
902 25 90 0.8
902 50 110 1.3
902 75 142.5 3.7
903 0 0 3.6
903 25 90 0.8
903 50 110 1.3
903 75 142.5 3.7
904 0 0 3.6
904 25 90 0.8
904 50 110 1.3
904 75 142.5 3.7
905 0 0 3.6
905 25 90 0.8
905 50 110 1.3
905 75 142.5 3.7
906 0 0 3.6
906 25 90 0.8
906 50 110 1.3
906 75 142.5 3.7
907 0 0 3.6
907 25 90 0.8
907 50 110 1.3
907 75 142.5 3.7
908 0 0 3.6
908 25 90 0.8
908 50 110 1.3
908 75 142.5 3.7
909 0 0 3.6
909 25 90 0.8
909 50 110 1.3
909 75 142.5 3.7
910 0 0 3.6
910 25 90 0.8
910 50 110 1.3
910 75 142.5 3.7
911 0 0 3.6
911 25 90 0.8
911 50 110 1.3
911 75 142.5 3.7
912 0 0 3.6
912 25 90 0.8
912 50 110 1.3
912 75 142.5 3.7
913 0 0 3.6
913 25 90 0.8
913 50 110 1.3
913 75 142.5 3.7
914 0 0 3.6
914 25 90 0.8
914 50 110 1.3
914 75 142.5 3.7
915 0 0 3.6
915 25 90 0.8
915 50 110 1.3
915 75 142.5 3.7
916 0 0 3.6
916 25 90 0.8
916 50 110 1.3
916 75 142.5 3.7
917 0 0 3.6
917 25 90 0.8
917 50 110 1.3
917 75 142.5 3.7
918 0 0 3.6
918 25 90 0.8
918 50 110 1.3
918 75 142.5 3.7
919 0 0 3.6
919 25 90 0.8
919 50 110 1.3
919 75 142.5 3.7
920 0 0 3.6
920 25 90 0.8
920 50 110 1.3
920 75 142.5 3.7
921 0 0 3.6
921 25 90 0.8
921 50 110 1.3
921 75 142.5 3.7
922 0 0 3.6
922 25 90 0.8
922 50 110 1.3
922 75 142.5 3.7
923 0 0 3.6
923 25 90 0.8
923 50 110 1.3
923 75 142.5 3.7
924 0 0 3.6
924 25 90 0.8
924 50 110 1.3
924 75 142.5 3.7
925 0 0 3.6
925 25 90 0.8
925 50 110 1.3
925 75 142.5 3.7
926 0 0 3.6
926 25 90 0.8
926 50 110 1.3
926 75 142.5 3.7
927 0 0 3.6
927 25 90 0.8
927 50 110 1.3
927 75 142.5 3.7
928 0 0 3.6
928 25 90 0.8
928 50 110 1.3
928 75 142.5 3.7
929 0 0 3.6
929 25 90 0.8
929 50 110 1.3
929 75 142.5 3.7
930 0 0 3.6
930 25 90 0.8
930 50 110 1.3
930 75 142.5 3.7
931 0 0 3.6
931 25 90 0.8
931 50 110 1.3
931 75 142.5 3.7
932 0 0 3.6
932 25 90 0.8
932 50 110 1.3
932 75 142.5 3.7
933 0 0 3.6
933 25 90 0.8
933 50 110 1.3
933 75 142.5 3.7
934 0 0 3.6
934 25 90 0.8
934 50 110 1.3
934 75 142.5 3.7
935 0 0 3.6
935 25 90 0.8
935 50 110 1.3
935 75 142.5 3.7
936 0 0 3.6
936 25 90 0.8
936 50 110 1.3
936 75 142.5 3.7
937 0 0 3.6
937 25 90 0.8
937 50 110 1.3
937 75 142.5 3.7
938 0 0 3.6
938 25 90 0.8
938 50 110 1.3
938 75 142.5 3.7
939 0 0 3.6
939 25 90 0.8
939 50 110 1.3
939 75 142.5 3.7
940 0 0 3.6
940 25 90 0.8
940 50 110 1.3
940 75 142.5 3.7
941 0 0 3.6
941 25 90 0.8
941 50 110 1.3
941 75 142.5 3.7
942 0 0 3.6
942 25 90 0.8
942 50 110 1.3
942 75 142.5 3.7
943 0 0 3.6
943 25 90 0.8
943 50 110 1.3
943 75 142.5 3.7
944 0 0 3.6
944 25 90 0.8
944 50 110 1.3
944 75 142.5 3.7
945 0 0 3.6
945 25 90 0.8
945 50 110 1.3
945 75 142.5 3.7
946 0 0 3.6
946 25 90 0.8
946 50 110 1.3
946 75 142.5 3.7
947 0 0 3.6
947 25 90 0.8
947 50 110 1.3
947 75 142.5 3.7
948 0 0 3.6
948 25 90 0.8
948 50 110 1.3
948 75 142.5 3.7
949 0 0 3.6
949 25 90 0.8
949 50 110 1.3
949 75 142.5 3.7
950 0 0 3.6
950 25 90 0.8
950 50 110 1.3
950 75 142.5 3.7
951 0 0 3.6
951 25 90 0.8
951 50 110 1.3
951 75 142.5 3.7
952 0 0 3.6
952 25 90 0.8
952 50 110 1.3
952 75 142.5 3.7
953 0 0 3.6
953 25 90 0.8
953 50 110 1.3
953 75 142.5 3.7
954 0 0 3.6
954 25 90 0.8
954 50 110 1.3
954 75 142.5 3.7
955 0 0 3.6
955 25 90 0.8
955 50 110 1.3
955 75 142.5 3.7
956 0 0 3.6
956 25 90 0.8
956 50 110 1.3
956 75 142.5 3.7
957 0 0 3.6
957 25 90 0.8
957 50 110 1.3
957 75 142.5 3.7
958 0 0 3.6
958 25 90 0.8
958 50 110 1.3
958 75 142.5 3.7
959 0 0 3.6
959 25 90 0.8
959 50 110 1.3
959 75 142.5 3.7
960 0 0 3.6
960 25 90 0.8
960 50 110 1.3
960 75 142.5 3.7
961 0 0 3.6
961 25 90 0.8
961 50 110 1.3
961 75 142.5 3.7
962 0 0 3.6
962 25 90 0.8
962 50 110 1.3
962 75 142.5 3.7
963 0 0 3.6
963 25 90 0.8
963 50 110 1.3
963 75 142.5 3.7
964 0 0 3.6
964 25 90 0.8
964 50 110 1.3
964 75 142.5 3.7
965 0 0 3.6
965 25 90 0.8
965 50 110 1.3
965 75 142.5 3.7
966 0 0 3.6
966 25 90 0.8
966 50 110 1.3
966 75 142.5 3.7
967 0 0 3.6
967 25 90 0.8
967 50 110 1.3
967 75 142.5 3.7
968 0 0 3.6
968 25 90 0.8
968 50 110 1.3
968 75 142.5 3.7
969 0 0 3.6
969 25 90 0.8
969 50 110 1.3
969 75 142.5 3.7
970 0 0 3.6
970 25 90 0.8
970 50 110 1.3
970 75 142.5 3.7
971 0 0 3.6
971 25 90 0.8
971 50 110 1.3
971 75 142.5 3.7
972 0 0 3.6
972 25 90 0.8
972 50 110 1.3
972 75 142.5 3.7
973 0 0 3.6
973 25 90 0.8
973 50 110 1.3
973 75 142.5 3.7
974 0 0 3.6
974 25 90 0.8
974 50 110 1.3
974 75 142.5 3.7
975 0 0 3.6
975 25 90 0.8
975 50 110 1.3
975 75 142.5 3.7
976 0 0 3.6
976 25 90 0.8
976 50 110 1.3
976 75 142.5 3.7
977 0 0 3.6
977 25 90 0.8
977 50 110 1.3
977 75 142.5 3.7
978 0 0 3.6
978 25 90 0.8
978 50 110 1.3
978 75 142.5 3.7
979 0 0 3.6
979 25 90 0.8
979 50 110 1.3
979 75 142.5 3.7
980 0 0 3.6
980 25 90 0.8
980 50 110 1.3
980 75 142.5 3.7
981 0 0 3.6
981 25 90 0.8
981 50 110 1.3
981 75 142.5 3.7
982 0 0 3.6
982 25 90 0.8
982 50 110 1.3
982 75 142.5 3.7
983 0 0 3.6
983 25 90 0.8
983 50 110 1.3
983 75 142.5 3.7
984 0 0 3.6
984 25 90 0.8
984 50 110 1.3
984 75 142.5 3.7
985 0 0 3.6
985 25 90 0.8
985 50 110 1.3
985 75 142.5 3.7
986 0 0 3.6
986 25 90 0.8
986 50 110 1.3
986 75 142.5 3.7
987 0 0 3.6
987 25 90 0.8
987 50 110 1.3
987 75 142.5 3.7
988 0 0 3.6
988 25 90 0.8
988 50 110 1.3
988 75 142.5 3.7
989 0 0 3.6
989 25 90 0.8
989 50 110 1.3
989 75 142.5 3.7
990 0 0 3.6
990 25 90 0.8
990 50 110 1.3
990 75 142.5 3.7
991 0 0 3.6
991 25 90 0.8
991 50 110 1.3
991 75 142.5 3.7
992 0 0 3.6
992 25 90 0.8
992 50 110 1.3
992 75 142.5 3.7
993 0 0 3.6
993 25 90 0.8
993 50 110 1.3
993 75 142.5 3.7
994 0 0 3.6
994 25 90 0.8
994 50 110 1.3
994 75 142.5 3.7
995 0 0 3.6
995 25 90 0.8
995 50 110 1.3
995 75 142.5 3.7
996 0 0 3.6
996 25 90 0.8
996 50 110 1.3
996 75 142.5 3.7
997 0 0 3.6
997 25 90 0.8
997 50 110 1.3
997 75 142.5 3.7
998 0 0 3.6
998 25 90 0.8
998 50 110 1.3
998 75 142.5 3.7
999 0 0 3.6
999 25 90 0.8
999 50 110 1.3
999 75 142.5 3.7
