100 4
0 0 0 1.9
0 500 950 1.5
0 1000 1700 1.3
0 1500 2350 0.5
1 0 0 1.9
1 500 950 1.5
1 1000 1700 1.3
1 1500 2350 0.5
2 0 0 1.9
2 500 950 1.5
2 1000 1700 1.3
2 1500 2350 0.5
3 0 0 1.9
3 500 950 1.5
3 1000 1700 1.3
3 1500 2350 0.5
4 0 0 1.9
4 500 950 1.5
4 1000 1700 1.3
4 1500 2350 0.5
5 0 0 1.9
5 500 950 1.5
5 1000 1700 1.3
5 1500 2350 0.5
6 0 0 1.9
6 500 950 1.5
6 1000 1700 1.3
6 1500 2350 0.5
7 0 0 1.9
7 500 950 1.5
7 1000 1700 1.3
7 1500 2350 0.5
8 0 0 1.9
8 500 950 1.5
8 1000 1700 1.3
8 1500 2350 0.5
9 0 0 1.9
9 500 950 1.5
9 1000 1700 1.3
9 1500 2350 0.5
10 0 0 1.9
10 500 950 1.5
10 1000 1700 1.3
10 1500 2350 0.5
11 0 0 1.9
11 500 950 1.5
11 1000 1700 1.3
11 1500 2350 0.5
12 0 0 1.9
12 500 950 1.5
12 1000 1700 1.3
12 1500 2350 0.5
13 0 0 1.9
13 500 950 1.5
13 1000 1700 1.3
13 1500 2350 0.5
14 0 0 1.9
14 500 950 1.5
14 1000 1700 1.3
14 1500 2350 0.5
15 0 0 1.9
15 500 950 1.5
15 1000 1700 1.3
15 1500 2350 0.5
16 0 0 1.9
16 500 950 1.5
16 1000 1700 1.3
16 1500 2350 0.5
17 0 0 1.9
17 500 950 1.5
17 1000 1700 1.3
17 1500 2350 0.5
18 0 0 1.9
18 500 950 1.5
18 1000 1700 1.3
18 1500 2350 0.5
19 0 0 1.9
19 500 950 1.5
19 1000 1700 1.3
19 1500 2350 0.5
20 0 0 1.9
20 500 950 1.5
20 1000 1700 1.3
20 1500 2350 0.5
21 0 0 1.9
21 500 950 1.5
21 1000 1700 1.3
21 1500 2350 0.5
22 0 0 1.9
22 500 950 1.5
22 1000 1700 1.3
22 1500 2350 0.5
23 0 0 1.9
23 500 950 1.5
23 1000 1700 1.3
23 1500 2350 0.5
24 0 0 1.9
24 500 950 1.5
24 1000 1700 1.3
24 1500 2350 0.5
25 0 0 1.9
25 500 950 1.5
25 1000 1700 1.3
25 1500 2350 0.5
26 0 0 1.9
26 500 950 1.5
26 1000 1700 1.3
26 1500 2350 0.5
27 0 0 1.9
27 500 950 1.5
27 1000 1700 1.3
27 1500 2350 0.5
28 0 0 1.9
28 500 950 1.5
28 1000 1700 1.3
28 1500 2350 0.5
29 0 0 1.9
29 500 950 1.5
29 1000 1700 1.3
29 1500 2350 0.5
30 0 0 1.9
30 500 950 1.5
30 1000 1700 1.3
30 1500 2350 0.5
31 0 0 1.9
31 500 950 1.5
31 1000 1700 1.3
31 1500 2350 0.5
32 0 0 1.9
32 500 950 1.5
32 1000 1700 1.3
32 1500 2350 0.5
33 0 0 1.9
33 500 950 1.5
33 1000 1700 1.3
33 1500 2350 0.5
34 0 0 1.9
34 500 950 1.5
34 1000 1700 1.3
34 1500 2350 0.5
35 0 0 1.9
35 500 950 1.5
35 1000 1700 1.3
35 1500 2350 0.5
36 0 0 1.9
36 500 950 1.5
36 1000 1700 1.3
36 1500 2350 0.5
37 0 0 1.9
37 500 950 1.5
37 1000 1700 1.3
37 1500 2350 0.5
38 0 0 1.9
38 500 950 1.5
38 1000 1700 1.3
38 1500 2350 0.5
39 0 0 1.9
39 500 950 1.5
39 1000 1700 1.3
39 1500 2350 0.5
40 0 0 1.9
40 500 950 1.5
40 1000 1700 1.3
40 1500 2350 0.5
41 0 0 1.9
41 500 950 1.5
41 1000 1700 1.3
41 1500 2350 0.5
42 0 0 1.9
42 500 950 1.5
42 1000 1700 1.3
42 1500 2350 0.5
43 0 0 1.9
43 500 950 1.5
43 1000 1700 1.3
43 1500 2350 0.5
44 0 0 1.9
44 500 950 1.5
44 1000 1700 1.3
44 1500 2350 0.5
45 0 0 1.9
45 500 950 1.5
45 1000 1700 1.3
45 1500 2350 0.5
46 0 0 1.9
46 500 950 1.5
46 1000 1700 1.3
46 1500 2350 0.5
47 0 0 1.9
47 500 950 1.5
47 1000 1700 1.3
47 1500 2350 0.5
48 0 0 1.9
48 500 950 1.5
48 1000 1700 1.3
48 1500 2350 0.5
49 0 0 1.9
49 500 950 1.5
49 1000 1700 1.3
49 1500 2350 0.5
50 0 0 1.9
50 500 950 1.5
50 1000 1700 1.3
50 1500 2350 0.5
51 0 0 1.9
51 500 950 1.5
51 1000 1700 1.3
51 1500 2350 0.5
52 0 0 1.9
52 500 950 1.5
52 1000 1700 1.3
52 1500 2350 0.5
53 0 0 1.9
53 500 950 1.5
53 1000 1700 1.3
53 1500 2350 0.5
54 0 0 1.9
54 500 950 1.5
54 1000 1700 1.3
54 1500 2350 0.5
55 0 0 1.9
55 500 950 1.5
55 1000 1700 1.3
55 1500 2350 0.5
56 0 0 1.9
56 500 950 1.5
56 1000 1700 1.3
56 1500 2350 0.5
57 0 0 1.9
57 500 950 1.5
57 1000 1700 1.3
57 1500 2350 0.5
58 0 0 1.9
58 500 950 1.5
58 1000 1700 1.3
58 1500 2350 0.5
59 0 0 1.9
59 500 950 1.5
59 1000 1700 1.3
59 1500 2350 0.5
60 0 0 1.9
60 500 950 1.5
60 1000 1700 1.3
60 1500 2350 0.5
61 0 0 1.9
61 500 950 1.5
61 1000 1700 1.3
61 1500 2350 0.5
62 0 0 1.9
62 500 950 1.5
62 1000 1700 1.3
62 1500 2350 0.5
63 0 0 1.9
63 500 950 1.5
63 1000 1700 1.3
63 1500 2350 0.5
64 0 0 1.9
64 500 950 1.5
64 1000 1700 1.3
64 1500 2350 0.5
65 0 0 1.9
65 500 950 1.5
65 1000 1700 1.3
65 1500 2350 0.5
66 0 0 1.9
66 500 950 1.5
66 1000 1700 1.3
66 1500 2350 0.5
67 0 0 1.9
67 500 950 1.5
67 1000 1700 1.3
67 1500 2350 0.5
68 0 0 1.9
68 500 950 1.5
68 1000 1700 1.3
68 1500 2350 0.5
69 0 0 1.9
69 500 950 1.5
69 1000 1700 1.3
69 1500 2350 0.5
70 0 0 1.9
70 500 950 1.5
70 1000 1700 1.3
70 1500 2350 0.5
71 0 0 1.9
71 500 950 1.5
71 1000 1700 1.3
71 1500 2350 0.5
72 0 0 1.9
72 500 950 1.5
72 1000 1700 1.3
72 1500 2350 0.5
73 0 0 1.9
73 500 950 1.5
73 1000 1700 1.3
73 1500 2350 0.5
74 0 0 1.9
74 500 950 1.5
74 1000 1700 1.3
74 1500 2350 0.5
75 0 0 1.9
75 500 950 1.5
75 1000 1700 1.3
75 1500 2350 0.5
76 0 0 1.9
76 500 950 1.5
76 1000 1700 1.3
76 1500 2350 0.5
77 0 0 1.9
77 500 950 1.5
77 1000 1700 1.3
77 1500 2350 0.5
78 0 0 1.9
78 500 950 1.5
78 1000 1700 1.3
78 1500 2350 0.5
79 0 0 1.9
79 500 950 1.5
79 1000 1700 1.3
79 1500 2350 0.5
80 0 0 1.9
80 500 950 1.5
80 1000 1700 1.3
80 1500 2350 0.5
81 0 0 1.9
81 500 950 1.5
81 1000 1700 1.3
81 1500 2350 0.5
82 0 0 1.9
82 500 950 1.5
82 1000 1700 1.3
82 1500 2350 0.5
83 0 0 1.9
83 500 950 1.5
83 1000 1700 1.3
83 1500 2350 0.5
84 0 0 1.9
84 500 950 1.5
84 1000 1700 1.3
84 1500 2350 0.5
85 0 0 1.9
85 500 950 1.5
85 1000 1700 1.3
85 1500 2350 0.5
86 0 0 1.9
86 500 950 1.5
86 1000 1700 1.3
86 1500 2350 0.5
87 0 0 1.9
87 500 950 1.5
87 1000 1700 1.3
87 1500 2350 0.5
88 0 0 1.9
88 500 950 1.5
88 1000 1700 1.3
88 1500 2350 0.5
89 0 0 1.9
89 500 950 1.5
89 1000 1700 1.3
89 1500 2350 0.5
90 0 0 1.9
90 500 950 1.5
90 1000 1700 1.3
90 1500 2350 0.5
91 0 0 1.9
91 500 950 1.5
91 1000 1700 1.3
91 1500 2350 0.5
92 0 0 1.9
92 500 950 1.5
92 1000 1700 1.3
92 1500 2350 0.5
93 0 0 1.9
93 500 950 1.5
93 1000 1700 1.3
93 1500 2350 0.5
94 0 0 1.9
94 500 950 1.5
94 1000 1700 1.3
94 1500 2350 0.5
95 0 0 1.9
95 500 950 1.5
95 1000 1700 1.3
95 1500 2350 0.5
96 0 0 1.9
96 500 950 1.5
96 1000 1700 1.3
96 1500 2350 0.5
97 0 0 1.9
97 500 950 1.5
97 1000 1700 1.3
97 1500 2350 0.5
98 0 0 1.9
98 500 950 1.5
98 1000 1700 1.3
98 1500 2350 0.5
99 0 0 1.9
99 500 950 1.5
99 1000 1700 1.3
99 1500 2350 0.5
