100 4
0 0 0 4.5
0 500 2250 2.5
0 1000 3500 4.2
0 1500 5600 1.8
1 0 0 4.5
1 500 2250 2.5
1 1000 3500 4.2
1 1500 5600 1.8
2 0 0 4.5
2 500 2250 2.5
2 1000 3500 4.2
2 1500 5600 1.8
3 0 0 4.5
3 500 2250 2.5
3 1000 3500 4.2
3 1500 5600 1.8
4 0 0 4.5
4 500 2250 2.5
4 1000 3500 4.2
4 1500 5600 1.8
5 0 0 4.5
5 500 2250 2.5
5 1000 3500 4.2
5 1500 5600 1.8
6 0 0 4.5
6 500 2250 2.5
6 1000 3500 4.2
6 1500 5600 1.8
7 0 0 4.5
7 500 2250 2.5
7 1000 3500 4.2
7 1500 5600 1.8
8 0 0 4.5
8 500 2250 2.5
8 1000 3500 4.2
8 1500 5600 1.8
9 0 0 4.5
9 500 2250 2.5
9 1000 3500 4.2
9 1500 5600 1.8
10 0 0 4.5
10 500 2250 2.5
10 1000 3500 4.2
10 1500 5600 1.8
11 0 0 4.5
11 500 2250 2.5
11 1000 3500 4.2
11 1500 5600 1.8
12 0 0 4.5
12 500 2250 2.5
12 1000 3500 4.2
12 1500 5600 1.8
13 0 0 4.5
13 500 2250 2.5
13 1000 3500 4.2
13 1500 5600 1.8
14 0 0 4.5
14 500 2250 2.5
14 1000 3500 4.2
14 1500 5600 1.8
15 0 0 4.5
15 500 2250 2.5
15 1000 3500 4.2
15 1500 5600 1.8
16 0 0 4.5
16 500 2250 2.5
16 1000 3500 4.2
16 1500 5600 1.8
17 0 0 4.5
17 500 2250 2.5
17 1000 3500 4.2
17 1500 5600 1.8
18 0 0 4.5
18 500 2250 2.5
18 1000 3500 4.2
18 1500 5600 1.8
19 0 0 4.5
19 500 2250 2.5
19 1000 3500 4.2
19 1500 5600 1.8
20 0 0 4.5
20 500 2250 2.5
20 1000 3500 4.2
20 1500 5600 1.8
21 0 0 4.5
21 500 2250 2.5
21 1000 3500 4.2
21 1500 5600 1.8
22 0 0 4.5
22 500 2250 2.5
22 1000 3500 4.2
22 1500 5600 1.8
23 0 0 4.5
23 500 2250 2.5
23 1000 3500 4.2
23 1500 5600 1.8
24 0 0 4.5
24 500 2250 2.5
24 1000 3500 4.2
24 1500 5600 1.8
25 0 0 4.5
25 500 2250 2.5
25 1000 3500 4.2
25 1500 5600 1.8
26 0 0 4.5
26 500 2250 2.5
26 1000 3500 4.2
26 1500 5600 1.8
27 0 0 4.5
27 500 2250 2.5
27 1000 3500 4.2
27 1500 5600 1.8
28 0 0 4.5
28 500 2250 2.5
28 1000 3500 4.2
28 1500 5600 1.8
29 0 0 4.5
29 500 2250 2.5
29 1000 3500 4.2
29 1500 5600 1.8
30 0 0 4.5
30 500 2250 2.5
30 1000 3500 4.2
30 1500 5600 1.8
31 0 0 4.5
31 500 2250 2.5
31 1000 3500 4.2
31 1500 5600 1.8
32 0 0 4.5
32 500 2250 2.5
32 1000 3500 4.2
32 1500 5600 1.8
33 0 0 4.5
33 500 2250 2.5
33 1000 3500 4.2
33 1500 5600 1.8
34 0 0 4.5
34 500 2250 2.5
34 1000 3500 4.2
34 1500 5600 1.8
35 0 0 4.5
35 500 2250 2.5
35 1000 3500 4.2
35 1500 5600 1.8
36 0 0 4.5
36 500 2250 2.5
36 1000 3500 4.2
36 1500 5600 1.8
37 0 0 4.5
37 500 2250 2.5
37 1000 3500 4.2
37 1500 5600 1.8
38 0 0 4.5
38 500 2250 2.5
38 1000 3500 4.2
38 1500 5600 1.8
39 0 0 4.5
39 500 2250 2.5
39 1000 3500 4.2
39 1500 5600 1.8
40 0 0 4.5
40 500 2250 2.5
40 1000 3500 4.2
40 1500 5600 1.8
41 0 0 4.5
41 500 2250 2.5
41 1000 3500 4.2
41 1500 5600 1.8
42 0 0 4.5
42 500 2250 2.5
42 1000 3500 4.2
42 1500 5600 1.8
43 0 0 4.5
43 500 2250 2.5
43 1000 3500 4.2
43 1500 5600 1.8
44 0 0 4.5
44 500 2250 2.5
44 1000 3500 4.2
44 1500 5600 1.8
45 0 0 4.5
45 500 2250 2.5
45 1000 3500 4.2
45 1500 5600 1.8
46 0 0 4.5
46 500 2250 2.5
46 1000 3500 4.2
46 1500 5600 1.8
47 0 0 4.5
47 500 2250 2.5
47 1000 3500 4.2
47 1500 5600 1.8
48 0 0 4.5
48 500 2250 2.5
48 1000 3500 4.2
48 1500 5600 1.8
49 0 0 4.5
49 500 2250 2.5
49 1000 3500 4.2
49 1500 5600 1.8
50 0 0 4.5
50 500 2250 2.5
50 1000 3500 4.2
50 1500 5600 1.8
51 0 0 4.5
51 500 2250 2.5
51 1000 3500 4.2
51 1500 5600 1.8
52 0 0 4.5
52 500 2250 2.5
52 1000 3500 4.2
52 1500 5600 1.8
53 0 0 4.5
53 500 2250 2.5
53 1000 3500 4.2
53 1500 5600 1.8
54 0 0 4.5
54 500 2250 2.5
54 1000 3500 4.2
54 1500 5600 1.8
55 0 0 4.5
55 500 2250 2.5
55 1000 3500 4.2
55 1500 5600 1.8
56 0 0 4.5
56 500 2250 2.5
56 1000 3500 4.2
56 1500 5600 1.8
57 0 0 4.5
57 500 2250 2.5
57 1000 3500 4.2
57 1500 5600 1.8
58 0 0 4.5
58 500 2250 2.5
58 1000 3500 4.2
58 1500 5600 1.8
59 0 0 4.5
59 500 2250 2.5
59 1000 3500 4.2
59 1500 5600 1.8
60 0 0 4.5
60 500 2250 2.5
60 1000 3500 4.2
60 1500 5600 1.8
61 0 0 4.5
61 500 2250 2.5
61 1000 3500 4.2
61 1500 5600 1.8
62 0 0 4.5
62 500 2250 2.5
62 1000 3500 4.2
62 1500 5600 1.8
63 0 0 4.5
63 500 2250 2.5
63 1000 3500 4.2
63 1500 5600 1.8
64 0 0 4.5
64 500 2250 2.5
64 1000 3500 4.2
64 1500 5600 1.8
65 0 0 4.5
65 500 2250 2.5
65 1000 3500 4.2
65 1500 5600 1.8
66 0 0 4.5
66 500 2250 2.5
66 1000 3500 4.2
66 1500 5600 1.8
67 0 0 4.5
67 500 2250 2.5
67 1000 3500 4.2
67 1500 5600 1.8
68 0 0 4.5
68 500 2250 2.5
68 1000 3500 4.2
68 1500 5600 1.8
69 0 0 4.5
69 500 2250 2.5
69 1000 3500 4.2
69 1500 5600 1.8
70 0 0 4.5
70 500 2250 2.5
70 1000 3500 4.2
70 1500 5600 1.8
71 0 0 4.5
71 500 2250 2.5
71 1000 3500 4.2
71 1500 5600 1.8
72 0 0 4.5
72 500 2250 2.5
72 1000 3500 4.2
72 1500 5600 1.8
73 0 0 4.5
73 500 2250 2.5
73 1000 3500 4.2
73 1500 5600 1.8
74 0 0 4.5
74 500 2250 2.5
74 1000 3500 4.2
74 1500 5600 1.8
75 0 0 4.5
75 500 2250 2.5
75 1000 3500 4.2
75 1500 5600 1.8
76 0 0 4.5
76 500 2250 2.5
76 1000 3500 4.2
76 1500 5600 1.8
77 0 0 4.5
77 500 2250 2.5
77 1000 3500 4.2
77 1500 5600 1.8
78 0 0 4.5
78 500 2250 2.5
78 1000 3500 4.2
78 1500 5600 1.8
79 0 0 4.5
79 500 2250 2.5
79 1000 3500 4.2
79 1500 5600 1.8
80 0 0 4.5
80 500 2250 2.5
80 1000 3500 4.2
80 1500 5600 1.8
81 0 0 4.5
81 500 2250 2.5
81 1000 3500 4.2
81 1500 5600 1.8
82 0 0 4.5
82 500 2250 2.5
82 1000 3500 4.2
82 1500 5600 1.8
83 0 0 4.5
83 500 2250 2.5
83 1000 3500 4.2
83 1500 5600 1.8
84 0 0 4.5
84 500 2250 2.5
84 1000 3500 4.2
84 1500 5600 1.8
85 0 0 4.5
85 500 2250 2.5
85 1000 3500 4.2
85 1500 5600 1.8
86 0 0 4.5
86 500 2250 2.5
86 1000 3500 4.2
86 1500 5600 1.8
87 0 0 4.5
87 500 2250 2.5
87 1000 3500 4.2
87 1500 5600 1.8
88 0 0 4.5
88 500 2250 2.5
88 1000 3500 4.2
88 1500 5600 1.8
89 0 0 4.5
89 500 2250 2.5
89 1000 3500 4.2
89 1500 5600 1.8
90 0 0 4.5
90 500 2250 2.5
90 1000 3500 4.2
90 1500 5600 1.8
91 0 0 4.5
91 500 2250 2.5
91 1000 3500 4.2
91 1500 5600 1.8
92 0 0 4.5
92 500 2250 2.5
92 1000 3500 4.2
92 1500 5600 1.8
93 0 0 4.5
93 500 2250 2.5
93 1000 3500 4.2
93 1500 5600 1.8
94 0 0 4.5
94 500 2250 2.5
94 1000 3500 4.2
94 1500 5600 1.8
95 0 0 4.5
95 500 2250 2.5
95 1000 3500 4.2
95 1500 5600 1.8
96 0 0 4.5
96 500 2250 2.5
96 1000 3500 4.2
96 1500 5600 1.8
97 0 0 4.5
97 500 2250 2.5
97 1000 3500 4.2
97 1500 5600 1.8
98 0 0 4.5
98 500 2250 2.5
98 1000 3500 4.2
98 1500 5600 1.8
99 0 0 4.5
99 500 2250 2.5
99 1000 3500 4.2
99 1500 5600 1.8
