20 4
0 0 0 0.8
0 25 20 0.8
0 50 40 1.8
0 75 85 3.7
1 0 0 0.8
1 25 20 0.8
1 50 40 1.8
1 75 85 3.7
2 0 0 0.8
2 25 20 0.8
2 50 40 1.8
2 75 85 3.7
3 0 0 0.8
3 25 20 0.8
3 50 40 1.8
3 75 85 3.7
4 0 0 0.8
4 25 20 0.8
4 50 40 1.8
4 75 85 3.7
5 0 0 0.8
5 25 20 0.8
5 50 40 1.8
5 75 85 3.7
6 0 0 0.8
6 25 20 0.8
6 50 40 1.8
6 75 85 3.7
7 0 0 0.8
7 25 20 0.8
7 50 40 1.8
7 75 85 3.7
8 0 0 0.8
8 25 20 0.8
8 50 40 1.8
8 75 85 3.7
9 0 0 0.8
9 25 20 0.8
9 50 40 1.8
9 75 85 3.7
10 0 0 0.8
10 25 20 0.8
10 50 40 1.8
10 75 85 3.7
11 0 0 0.8
11 25 20 0.8
11 50 40 1.8
11 75 85 3.7
12 0 0 0.8
12 25 20 0.8
12 50 40 1.8
12 75 85 3.7
13 0 0 0.8
13 25 20 0.8
13 50 40 1.8
13 75 85 3.7
14 0 0 0.8
14 25 20 0.8
14 50 40 1.8
14 75 85 3.7
15 0 0 0.8
15 25 20 0.8
15 50 40 1.8
15 75 85 3.7
16 0 0 0.8
16 25 20 0.8
16 50 40 1.8
16 75 85 3.7
17 0 0 0.8
17 25 20 0.8
17 50 40 1.8
17 75 85 3.7
18 0 0 0.8
18 25 20 0.8
18 50 40 1.8
18 75 85 3.7
19 0 0 0.8
19 25 20 0.8
19 50 40 1.8
19 75 85 3.7
