100 4
0 0 0 2.1
0 500 1050 4.7
0 1000 3400 1.2
0 1500 4000 1.5
1 0 0 2.1
1 500 1050 4.7
1 1000 3400 1.2
1 1500 4000 1.5
2 0 0 2.1
2 500 1050 4.7
2 1000 3400 1.2
2 1500 4000 1.5
3 0 0 2.1
3 500 1050 4.7
3 1000 3400 1.2
3 1500 4000 1.5
4 0 0 2.1
4 500 1050 4.7
4 1000 3400 1.2
4 1500 4000 1.5
5 0 0 2.1
5 500 1050 4.7
5 1000 3400 1.2
5 1500 4000 1.5
6 0 0 2.1
6 500 1050 4.7
6 1000 3400 1.2
6 1500 4000 1.5
7 0 0 2.1
7 500 1050 4.7
7 1000 3400 1.2
7 1500 4000 1.5
8 0 0 2.1
8 500 1050 4.7
8 1000 3400 1.2
8 1500 4000 1.5
9 0 0 2.1
9 500 1050 4.7
9 1000 3400 1.2
9 1500 4000 1.5
10 0 0 2.1
10 500 1050 4.7
10 1000 3400 1.2
10 1500 4000 1.5
11 0 0 2.1
11 500 1050 4.7
11 1000 3400 1.2
11 1500 4000 1.5
12 0 0 2.1
12 500 1050 4.7
12 1000 3400 1.2
12 1500 4000 1.5
13 0 0 2.1
13 500 1050 4.7
13 1000 3400 1.2
13 1500 4000 1.5
14 0 0 2.1
14 500 1050 4.7
14 1000 3400 1.2
14 1500 4000 1.5
15 0 0 2.1
15 500 1050 4.7
15 1000 3400 1.2
15 1500 4000 1.5
16 0 0 2.1
16 500 1050 4.7
16 1000 3400 1.2
16 1500 4000 1.5
17 0 0 2.1
17 500 1050 4.7
17 1000 3400 1.2
17 1500 4000 1.5
18 0 0 2.1
18 500 1050 4.7
18 1000 3400 1.2
18 1500 4000 1.5
19 0 0 2.1
19 500 1050 4.7
19 1000 3400 1.2
19 1500 4000 1.5
20 0 0 2.1
20 500 1050 4.7
20 1000 3400 1.2
20 1500 4000 1.5
21 0 0 2.1
21 500 1050 4.7
21 1000 3400 1.2
21 1500 4000 1.5
22 0 0 2.1
22 500 1050 4.7
22 1000 3400 1.2
22 1500 4000 1.5
23 0 0 2.1
23 500 1050 4.7
23 1000 3400 1.2
23 1500 4000 1.5
24 0 0 2.1
24 500 1050 4.7
24 1000 3400 1.2
24 1500 4000 1.5
25 0 0 2.1
25 500 1050 4.7
25 1000 3400 1.2
25 1500 4000 1.5
26 0 0 2.1
26 500 1050 4.7
26 1000 3400 1.2
26 1500 4000 1.5
27 0 0 2.1
27 500 1050 4.7
27 1000 3400 1.2
27 1500 4000 1.5
28 0 0 2.1
28 500 1050 4.7
28 1000 3400 1.2
28 1500 4000 1.5
29 0 0 2.1
29 500 1050 4.7
29 1000 3400 1.2
29 1500 4000 1.5
30 0 0 2.1
30 500 1050 4.7
30 1000 3400 1.2
30 1500 4000 1.5
31 0 0 2.1
31 500 1050 4.7
31 1000 3400 1.2
31 1500 4000 1.5
32 0 0 2.1
32 500 1050 4.7
32 1000 3400 1.2
32 1500 4000 1.5
33 0 0 2.1
33 500 1050 4.7
33 1000 3400 1.2
33 1500 4000 1.5
34 0 0 2.1
34 500 1050 4.7
34 1000 3400 1.2
34 1500 4000 1.5
35 0 0 2.1
35 500 1050 4.7
35 1000 3400 1.2
35 1500 4000 1.5
36 0 0 2.1
36 500 1050 4.7
36 1000 3400 1.2
36 1500 4000 1.5
37 0 0 2.1
37 500 1050 4.7
37 1000 3400 1.2
37 1500 4000 1.5
38 0 0 2.1
38 500 1050 4.7
38 1000 3400 1.2
38 1500 4000 1.5
39 0 0 2.1
39 500 1050 4.7
39 1000 3400 1.2
39 1500 4000 1.5
40 0 0 2.1
40 500 1050 4.7
40 1000 3400 1.2
40 1500 4000 1.5
41 0 0 2.1
41 500 1050 4.7
41 1000 3400 1.2
41 1500 4000 1.5
42 0 0 2.1
42 500 1050 4.7
42 1000 3400 1.2
42 1500 4000 1.5
43 0 0 2.1
43 500 1050 4.7
43 1000 3400 1.2
43 1500 4000 1.5
44 0 0 2.1
44 500 1050 4.7
44 1000 3400 1.2
44 1500 4000 1.5
45 0 0 2.1
45 500 1050 4.7
45 1000 3400 1.2
45 1500 4000 1.5
46 0 0 2.1
46 500 1050 4.7
46 1000 3400 1.2
46 1500 4000 1.5
47 0 0 2.1
47 500 1050 4.7
47 1000 3400 1.2
47 1500 4000 1.5
48 0 0 2.1
48 500 1050 4.7
48 1000 3400 1.2
48 1500 4000 1.5
49 0 0 2.1
49 500 1050 4.7
49 1000 3400 1.2
49 1500 4000 1.5
50 0 0 2.1
50 500 1050 4.7
50 1000 3400 1.2
50 1500 4000 1.5
51 0 0 2.1
51 500 1050 4.7
51 1000 3400 1.2
51 1500 4000 1.5
52 0 0 2.1
52 500 1050 4.7
52 1000 3400 1.2
52 1500 4000 1.5
53 0 0 2.1
53 500 1050 4.7
53 1000 3400 1.2
53 1500 4000 1.5
54 0 0 2.1
54 500 1050 4.7
54 1000 3400 1.2
54 1500 4000 1.5
55 0 0 2.1
55 500 1050 4.7
55 1000 3400 1.2
55 1500 4000 1.5
56 0 0 2.1
56 500 1050 4.7
56 1000 3400 1.2
56 1500 4000 1.5
57 0 0 2.1
57 500 1050 4.7
57 1000 3400 1.2
57 1500 4000 1.5
58 0 0 2.1
58 500 1050 4.7
58 1000 3400 1.2
58 1500 4000 1.5
59 0 0 2.1
59 500 1050 4.7
59 1000 3400 1.2
59 1500 4000 1.5
60 0 0 2.1
60 500 1050 4.7
60 1000 3400 1.2
60 1500 4000 1.5
61 0 0 2.1
61 500 1050 4.7
61 1000 3400 1.2
61 1500 4000 1.5
62 0 0 2.1
62 500 1050 4.7
62 1000 3400 1.2
62 1500 4000 1.5
63 0 0 2.1
63 500 1050 4.7
63 1000 3400 1.2
63 1500 4000 1.5
64 0 0 2.1
64 500 1050 4.7
64 1000 3400 1.2
64 1500 4000 1.5
65 0 0 2.1
65 500 1050 4.7
65 1000 3400 1.2
65 1500 4000 1.5
66 0 0 2.1
66 500 1050 4.7
66 1000 3400 1.2
66 1500 4000 1.5
67 0 0 2.1
67 500 1050 4.7
67 1000 3400 1.2
67 1500 4000 1.5
68 0 0 2.1
68 500 1050 4.7
68 1000 3400 1.2
68 1500 4000 1.5
69 0 0 2.1
69 500 1050 4.7
69 1000 3400 1.2
69 1500 4000 1.5
70 0 0 2.1
70 500 1050 4.7
70 1000 3400 1.2
70 1500 4000 1.5
71 0 0 2.1
71 500 1050 4.7
71 1000 3400 1.2
71 1500 4000 1.5
72 0 0 2.1
72 500 1050 4.7
72 1000 3400 1.2
72 1500 4000 1.5
73 0 0 2.1
73 500 1050 4.7
73 1000 3400 1.2
73 1500 4000 1.5
74 0 0 2.1
74 500 1050 4.7
74 1000 3400 1.2
74 1500 4000 1.5
75 0 0 2.1
75 500 1050 4.7
75 1000 3400 1.2
75 1500 4000 1.5
76 0 0 2.1
76 500 1050 4.7
76 1000 3400 1.2
76 1500 4000 1.5
77 0 0 2.1
77 500 1050 4.7
77 1000 3400 1.2
77 1500 4000 1.5
78 0 0 2.1
78 500 1050 4.7
78 1000 3400 1.2
78 1500 4000 1.5
79 0 0 2.1
79 500 1050 4.7
79 1000 3400 1.2
79 1500 4000 1.5
80 0 0 2.1
80 500 1050 4.7
80 1000 3400 1.2
80 1500 4000 1.5
81 0 0 2.1
81 500 1050 4.7
81 1000 3400 1.2
81 1500 4000 1.5
82 0 0 2.1
82 500 1050 4.7
82 1000 3400 1.2
82 1500 4000 1.5
83 0 0 2.1
83 500 1050 4.7
83 1000 3400 1.2
83 1500 4000 1.5
84 0 0 2.1
84 500 1050 4.7
84 1000 3400 1.2
84 1500 4000 1.5
85 0 0 2.1
85 500 1050 4.7
85 1000 3400 1.2
85 1500 4000 1.5
86 0 0 2.1
86 500 1050 4.7
86 1000 3400 1.2
86 1500 4000 1.5
87 0 0 2.1
87 500 1050 4.7
87 1000 3400 1.2
87 1500 4000 1.5
88 0 0 2.1
88 500 1050 4.7
88 1000 3400 1.2
88 1500 4000 1.5
89 0 0 2.1
89 500 1050 4.7
89 1000 3400 1.2
89 1500 4000 1.5
90 0 0 2.1
90 500 1050 4.7
90 1000 3400 1.2
90 1500 4000 1.5
91 0 0 2.1
91 500 1050 4.7
91 1000 3400 1.2
91 1500 4000 1.5
92 0 0 2.1
92 500 1050 4.7
92 1000 3400 1.2
92 1500 4000 1.5
93 0 0 2.1
93 500 1050 4.7
93 1000 3400 1.2
93 1500 4000 1.5
94 0 0 2.1
94 500 1050 4.7
94 1000 3400 1.2
94 1500 4000 1.5
95 0 0 2.1
95 500 1050 4.7
95 1000 3400 1.2
95 1500 4000 1.5
96 0 0 2.1
96 500 1050 4.7
96 1000 3400 1.2
96 1500 4000 1.5
97 0 0 2.1
97 500 1050 4.7
97 1000 3400 1.2
97 1500 4000 1.5
98 0 0 2.1
98 500 1050 4.7
98 1000 3400 1.2
98 1500 4000 1.5
99 0 0 2.1
99 500 1050 4.7
99 1000 3400 1.2
99 1500 4000 1.5
