1000 4
0 0 0 4.2
0 500 2100 3.4
0 1000 3800 3.2
0 1500 5400 4.1
1 0 0 4.2
1 500 2100 3.4
1 1000 3800 3.2
1 1500 5400 4.1
2 0 0 4.2
2 500 2100 3.4
2 1000 3800 3.2
2 1500 5400 4.1
3 0 0 4.2
3 500 2100 3.4
3 1000 3800 3.2
3 1500 5400 4.1
4 0 0 4.2
4 500 2100 3.4
4 1000 3800 3.2
4 1500 5400 4.1
5 0 0 4.2
5 500 2100 3.4
5 1000 3800 3.2
5 1500 5400 4.1
6 0 0 4.2
6 500 2100 3.4
6 1000 3800 3.2
6 1500 5400 4.1
7 0 0 4.2
7 500 2100 3.4
7 1000 3800 3.2
7 1500 5400 4.1
8 0 0 4.2
8 500 2100 3.4
8 1000 3800 3.2
8 1500 5400 4.1
9 0 0 4.2
9 500 2100 3.4
9 1000 3800 3.2
9 1500 5400 4.1
10 0 0 4.2
10 500 2100 3.4
10 1000 3800 3.2
10 1500 5400 4.1
11 0 0 4.2
11 500 2100 3.4
11 1000 3800 3.2
11 1500 5400 4.1
12 0 0 4.2
12 500 2100 3.4
12 1000 3800 3.2
12 1500 5400 4.1
13 0 0 4.2
13 500 2100 3.4
13 1000 3800 3.2
13 1500 5400 4.1
14 0 0 4.2
14 500 2100 3.4
14 1000 3800 3.2
14 1500 5400 4.1
15 0 0 4.2
15 500 2100 3.4
15 1000 3800 3.2
15 1500 5400 4.1
16 0 0 4.2
16 500 2100 3.4
16 1000 3800 3.2
16 1500 5400 4.1
17 0 0 4.2
17 500 2100 3.4
17 1000 3800 3.2
17 1500 5400 4.1
18 0 0 4.2
18 500 2100 3.4
18 1000 3800 3.2
18 1500 5400 4.1
19 0 0 4.2
19 500 2100 3.4
19 1000 3800 3.2
19 1500 5400 4.1
20 0 0 4.2
20 500 2100 3.4
20 1000 3800 3.2
20 1500 5400 4.1
21 0 0 4.2
21 500 2100 3.4
21 1000 3800 3.2
21 1500 5400 4.1
22 0 0 4.2
22 500 2100 3.4
22 1000 3800 3.2
22 1500 5400 4.1
23 0 0 4.2
23 500 2100 3.4
23 1000 3800 3.2
23 1500 5400 4.1
24 0 0 4.2
24 500 2100 3.4
24 1000 3800 3.2
24 1500 5400 4.1
25 0 0 4.2
25 500 2100 3.4
25 1000 3800 3.2
25 1500 5400 4.1
26 0 0 4.2
26 500 2100 3.4
26 1000 3800 3.2
26 1500 5400 4.1
27 0 0 4.2
27 500 2100 3.4
27 1000 3800 3.2
27 1500 5400 4.1
28 0 0 4.2
28 500 2100 3.4
28 1000 3800 3.2
28 1500 5400 4.1
29 0 0 4.2
29 500 2100 3.4
29 1000 3800 3.2
29 1500 5400 4.1
30 0 0 4.2
30 500 2100 3.4
30 1000 3800 3.2
30 1500 5400 4.1
31 0 0 4.2
31 500 2100 3.4
31 1000 3800 3.2
31 1500 5400 4.1
32 0 0 4.2
32 500 2100 3.4
32 1000 3800 3.2
32 1500 5400 4.1
33 0 0 4.2
33 500 2100 3.4
33 1000 3800 3.2
33 1500 5400 4.1
34 0 0 4.2
34 500 2100 3.4
34 1000 3800 3.2
34 1500 5400 4.1
35 0 0 4.2
35 500 2100 3.4
35 1000 3800 3.2
35 1500 5400 4.1
36 0 0 4.2
36 500 2100 3.4
36 1000 3800 3.2
36 1500 5400 4.1
37 0 0 4.2
37 500 2100 3.4
37 1000 3800 3.2
37 1500 5400 4.1
38 0 0 4.2
38 500 2100 3.4
38 1000 3800 3.2
38 1500 5400 4.1
39 0 0 4.2
39 500 2100 3.4
39 1000 3800 3.2
39 1500 5400 4.1
40 0 0 4.2
40 500 2100 3.4
40 1000 3800 3.2
40 1500 5400 4.1
41 0 0 4.2
41 500 2100 3.4
41 1000 3800 3.2
41 1500 5400 4.1
42 0 0 4.2
42 500 2100 3.4
42 1000 3800 3.2
42 1500 5400 4.1
43 0 0 4.2
43 500 2100 3.4
43 1000 3800 3.2
43 1500 5400 4.1
44 0 0 4.2
44 500 2100 3.4
44 1000 3800 3.2
44 1500 5400 4.1
45 0 0 4.2
45 500 2100 3.4
45 1000 3800 3.2
45 1500 5400 4.1
46 0 0 4.2
46 500 2100 3.4
46 1000 3800 3.2
46 1500 5400 4.1
47 0 0 4.2
47 500 2100 3.4
47 1000 3800 3.2
47 1500 5400 4.1
48 0 0 4.2
48 500 2100 3.4
48 1000 3800 3.2
48 1500 5400 4.1
49 0 0 4.2
49 500 2100 3.4
49 1000 3800 3.2
49 1500 5400 4.1
50 0 0 4.2
50 500 2100 3.4
50 1000 3800 3.2
50 1500 5400 4.1
51 0 0 4.2
51 500 2100 3.4
51 1000 3800 3.2
51 1500 5400 4.1
52 0 0 4.2
52 500 2100 3.4
52 1000 3800 3.2
52 1500 5400 4.1
53 0 0 4.2
53 500 2100 3.4
53 1000 3800 3.2
53 1500 5400 4.1
54 0 0 4.2
54 500 2100 3.4
54 1000 3800 3.2
54 1500 5400 4.1
55 0 0 4.2
55 500 2100 3.4
55 1000 3800 3.2
55 1500 5400 4.1
56 0 0 4.2
56 500 2100 3.4
56 1000 3800 3.2
56 1500 5400 4.1
57 0 0 4.2
57 500 2100 3.4
57 1000 3800 3.2
57 1500 5400 4.1
58 0 0 4.2
58 500 2100 3.4
58 1000 3800 3.2
58 1500 5400 4.1
59 0 0 4.2
59 500 2100 3.4
59 1000 3800 3.2
59 1500 5400 4.1
60 0 0 4.2
60 500 2100 3.4
60 1000 3800 3.2
60 1500 5400 4.1
61 0 0 4.2
61 500 2100 3.4
61 1000 3800 3.2
61 1500 5400 4.1
62 0 0 4.2
62 500 2100 3.4
62 1000 3800 3.2
62 1500 5400 4.1
63 0 0 4.2
63 500 2100 3.4
63 1000 3800 3.2
63 1500 5400 4.1
64 0 0 4.2
64 500 2100 3.4
64 1000 3800 3.2
64 1500 5400 4.1
65 0 0 4.2
65 500 2100 3.4
65 1000 3800 3.2
65 1500 5400 4.1
66 0 0 4.2
66 500 2100 3.4
66 1000 3800 3.2
66 1500 5400 4.1
67 0 0 4.2
67 500 2100 3.4
67 1000 3800 3.2
67 1500 5400 4.1
68 0 0 4.2
68 500 2100 3.4
68 1000 3800 3.2
68 1500 5400 4.1
69 0 0 4.2
69 500 2100 3.4
69 1000 3800 3.2
69 1500 5400 4.1
70 0 0 4.2
70 500 2100 3.4
70 1000 3800 3.2
70 1500 5400 4.1
71 0 0 4.2
71 500 2100 3.4
71 1000 3800 3.2
71 1500 5400 4.1
72 0 0 4.2
72 500 2100 3.4
72 1000 3800 3.2
72 1500 5400 4.1
73 0 0 4.2
73 500 2100 3.4
73 1000 3800 3.2
73 1500 5400 4.1
74 0 0 4.2
74 500 2100 3.4
74 1000 3800 3.2
74 1500 5400 4.1
75 0 0 4.2
75 500 2100 3.4
75 1000 3800 3.2
75 1500 5400 4.1
76 0 0 4.2
76 500 2100 3.4
76 1000 3800 3.2
76 1500 5400 4.1
77 0 0 4.2
77 500 2100 3.4
77 1000 3800 3.2
77 1500 5400 4.1
78 0 0 4.2
78 500 2100 3.4
78 1000 3800 3.2
78 1500 5400 4.1
79 0 0 4.2
79 500 2100 3.4
79 1000 3800 3.2
79 1500 5400 4.1
80 0 0 4.2
80 500 2100 3.4
80 1000 3800 3.2
80 1500 5400 4.1
81 0 0 4.2
81 500 2100 3.4
81 1000 3800 3.2
81 1500 5400 4.1
82 0 0 4.2
82 500 2100 3.4
82 1000 3800 3.2
82 1500 5400 4.1
83 0 0 4.2
83 500 2100 3.4
83 1000 3800 3.2
83 1500 5400 4.1
84 0 0 4.2
84 500 2100 3.4
84 1000 3800 3.2
84 1500 5400 4.1
85 0 0 4.2
85 500 2100 3.4
85 1000 3800 3.2
85 1500 5400 4.1
86 0 0 4.2
86 500 2100 3.4
86 1000 3800 3.2
86 1500 5400 4.1
87 0 0 4.2
87 500 2100 3.4
87 1000 3800 3.2
87 1500 5400 4.1
88 0 0 4.2
88 500 2100 3.4
88 1000 3800 3.2
88 1500 5400 4.1
89 0 0 4.2
89 500 2100 3.4
89 1000 3800 3.2
89 1500 5400 4.1
90 0 0 4.2
90 500 2100 3.4
90 1000 3800 3.2
90 1500 5400 4.1
91 0 0 4.2
91 500 2100 3.4
91 1000 3800 3.2
91 1500 5400 4.1
92 0 0 4.2
92 500 2100 3.4
92 1000 3800 3.2
92 1500 5400 4.1
93 0 0 4.2
93 500 2100 3.4
93 1000 3800 3.2
93 1500 5400 4.1
94 0 0 4.2
94 500 2100 3.4
94 1000 3800 3.2
94 1500 5400 4.1
95 0 0 4.2
95 500 2100 3.4
95 1000 3800 3.2
95 1500 5400 4.1
96 0 0 4.2
96 500 2100 3.4
96 1000 3800 3.2
96 1500 5400 4.1
97 0 0 4.2
97 500 2100 3.4
97 1000 3800 3.2
97 1500 5400 4.1
98 0 0 4.2
98 500 2100 3.4
98 1000 3800 3.2
98 1500 5400 4.1
99 0 0 4.2
99 500 2100 3.4
99 1000 3800 3.2
99 1500 5400 4.1
100 0 0 4.2
100 500 2100 3.4
100 1000 3800 3.2
100 1500 5400 4.1
101 0 0 4.2
101 500 2100 3.4
101 1000 3800 3.2
101 1500 5400 4.1
102 0 0 4.2
102 500 2100 3.4
102 1000 3800 3.2
102 1500 5400 4.1
103 0 0 4.2
103 500 2100 3.4
103 1000 3800 3.2
103 1500 5400 4.1
104 0 0 4.2
104 500 2100 3.4
104 1000 3800 3.2
104 1500 5400 4.1
105 0 0 4.2
105 500 2100 3.4
105 1000 3800 3.2
105 1500 5400 4.1
106 0 0 4.2
106 500 2100 3.4
106 1000 3800 3.2
106 1500 5400 4.1
107 0 0 4.2
107 500 2100 3.4
107 1000 3800 3.2
107 1500 5400 4.1
108 0 0 4.2
108 500 2100 3.4
108 1000 3800 3.2
108 1500 5400 4.1
109 0 0 4.2
109 500 2100 3.4
109 1000 3800 3.2
109 1500 5400 4.1
110 0 0 4.2
110 500 2100 3.4
110 1000 3800 3.2
110 1500 5400 4.1
111 0 0 4.2
111 500 2100 3.4
111 1000 3800 3.2
111 1500 5400 4.1
112 0 0 4.2
112 500 2100 3.4
112 1000 3800 3.2
112 1500 5400 4.1
113 0 0 4.2
113 500 2100 3.4
113 1000 3800 3.2
113 1500 5400 4.1
114 0 0 4.2
114 500 2100 3.4
114 1000 3800 3.2
114 1500 5400 4.1
115 0 0 4.2
115 500 2100 3.4
115 1000 3800 3.2
115 1500 5400 4.1
116 0 0 4.2
116 500 2100 3.4
116 1000 3800 3.2
116 1500 5400 4.1
117 0 0 4.2
117 500 2100 3.4
117 1000 3800 3.2
117 1500 5400 4.1
118 0 0 4.2
118 500 2100 3.4
118 1000 3800 3.2
118 1500 5400 4.1
119 0 0 4.2
119 500 2100 3.4
119 1000 3800 3.2
119 1500 5400 4.1
120 0 0 4.2
120 500 2100 3.4
120 1000 3800 3.2
120 1500 5400 4.1
121 0 0 4.2
121 500 2100 3.4
121 1000 3800 3.2
121 1500 5400 4.1
122 0 0 4.2
122 500 2100 3.4
122 1000 3800 3.2
122 1500 5400 4.1
123 0 0 4.2
123 500 2100 3.4
123 1000 3800 3.2
123 1500 5400 4.1
124 0 0 4.2
124 500 2100 3.4
124 1000 3800 3.2
124 1500 5400 4.1
125 0 0 4.2
125 500 2100 3.4
125 1000 3800 3.2
125 1500 5400 4.1
126 0 0 4.2
126 500 2100 3.4
126 1000 3800 3.2
126 1500 5400 4.1
127 0 0 4.2
127 500 2100 3.4
127 1000 3800 3.2
127 1500 5400 4.1
128 0 0 4.2
128 500 2100 3.4
128 1000 3800 3.2
128 1500 5400 4.1
129 0 0 4.2
129 500 2100 3.4
129 1000 3800 3.2
129 1500 5400 4.1
130 0 0 4.2
130 500 2100 3.4
130 1000 3800 3.2
130 1500 5400 4.1
131 0 0 4.2
131 500 2100 3.4
131 1000 3800 3.2
131 1500 5400 4.1
132 0 0 4.2
132 500 2100 3.4
132 1000 3800 3.2
132 1500 5400 4.1
133 0 0 4.2
133 500 2100 3.4
133 1000 3800 3.2
133 1500 5400 4.1
134 0 0 4.2
134 500 2100 3.4
134 1000 3800 3.2
134 1500 5400 4.1
135 0 0 4.2
135 500 2100 3.4
135 1000 3800 3.2
135 1500 5400 4.1
136 0 0 4.2
136 500 2100 3.4
136 1000 3800 3.2
136 1500 5400 4.1
137 0 0 4.2
137 500 2100 3.4
137 1000 3800 3.2
137 1500 5400 4.1
138 0 0 4.2
138 500 2100 3.4
138 1000 3800 3.2
138 1500 5400 4.1
139 0 0 4.2
139 500 2100 3.4
139 1000 3800 3.2
139 1500 5400 4.1
140 0 0 4.2
140 500 2100 3.4
140 1000 3800 3.2
140 1500 5400 4.1
141 0 0 4.2
141 500 2100 3.4
141 1000 3800 3.2
141 1500 5400 4.1
142 0 0 4.2
142 500 2100 3.4
142 1000 3800 3.2
142 1500 5400 4.1
143 0 0 4.2
143 500 2100 3.4
143 1000 3800 3.2
143 1500 5400 4.1
144 0 0 4.2
144 500 2100 3.4
144 1000 3800 3.2
144 1500 5400 4.1
145 0 0 4.2
145 500 2100 3.4
145 1000 3800 3.2
145 1500 5400 4.1
146 0 0 4.2
146 500 2100 3.4
146 1000 3800 3.2
146 1500 5400 4.1
147 0 0 4.2
147 500 2100 3.4
147 1000 3800 3.2
147 1500 5400 4.1
148 0 0 4.2
148 500 2100 3.4
148 1000 3800 3.2
148 1500 5400 4.1
149 0 0 4.2
149 500 2100 3.4
149 1000 3800 3.2
149 1500 5400 4.1
150 0 0 4.2
150 500 2100 3.4
150 1000 3800 3.2
150 1500 5400 4.1
151 0 0 4.2
151 500 2100 3.4
151 1000 3800 3.2
151 1500 5400 4.1
152 0 0 4.2
152 500 2100 3.4
152 1000 3800 3.2
152 1500 5400 4.1
153 0 0 4.2
153 500 2100 3.4
153 1000 3800 3.2
153 1500 5400 4.1
154 0 0 4.2
154 500 2100 3.4
154 1000 3800 3.2
154 1500 5400 4.1
155 0 0 4.2
155 500 2100 3.4
155 1000 3800 3.2
155 1500 5400 4.1
156 0 0 4.2
156 500 2100 3.4
156 1000 3800 3.2
156 1500 5400 4.1
157 0 0 4.2
157 500 2100 3.4
157 1000 3800 3.2
157 1500 5400 4.1
158 0 0 4.2
158 500 2100 3.4
158 1000 3800 3.2
158 1500 5400 4.1
159 0 0 4.2
159 500 2100 3.4
159 1000 3800 3.2
159 1500 5400 4.1
160 0 0 4.2
160 500 2100 3.4
160 1000 3800 3.2
160 1500 5400 4.1
161 0 0 4.2
161 500 2100 3.4
161 1000 3800 3.2
161 1500 5400 4.1
162 0 0 4.2
162 500 2100 3.4
162 1000 3800 3.2
162 1500 5400 4.1
163 0 0 4.2
163 500 2100 3.4
163 1000 3800 3.2
163 1500 5400 4.1
164 0 0 4.2
164 500 2100 3.4
164 1000 3800 3.2
164 1500 5400 4.1
165 0 0 4.2
165 500 2100 3.4
165 1000 3800 3.2
165 1500 5400 4.1
166 0 0 4.2
166 500 2100 3.4
166 1000 3800 3.2
166 1500 5400 4.1
167 0 0 4.2
167 500 2100 3.4
167 1000 3800 3.2
167 1500 5400 4.1
168 0 0 4.2
168 500 2100 3.4
168 1000 3800 3.2
168 1500 5400 4.1
169 0 0 4.2
169 500 2100 3.4
169 1000 3800 3.2
169 1500 5400 4.1
170 0 0 4.2
170 500 2100 3.4
170 1000 3800 3.2
170 1500 5400 4.1
171 0 0 4.2
171 500 2100 3.4
171 1000 3800 3.2
171 1500 5400 4.1
172 0 0 4.2
172 500 2100 3.4
172 1000 3800 3.2
172 1500 5400 4.1
173 0 0 4.2
173 500 2100 3.4
173 1000 3800 3.2
173 1500 5400 4.1
174 0 0 4.2
174 500 2100 3.4
174 1000 3800 3.2
174 1500 5400 4.1
175 0 0 4.2
175 500 2100 3.4
175 1000 3800 3.2
175 1500 5400 4.1
176 0 0 4.2
176 500 2100 3.4
176 1000 3800 3.2
176 1500 5400 4.1
177 0 0 4.2
177 500 2100 3.4
177 1000 3800 3.2
177 1500 5400 4.1
178 0 0 4.2
178 500 2100 3.4
178 1000 3800 3.2
178 1500 5400 4.1
179 0 0 4.2
179 500 2100 3.4
179 1000 3800 3.2
179 1500 5400 4.1
180 0 0 4.2
180 500 2100 3.4
180 1000 3800 3.2
180 1500 5400 4.1
181 0 0 4.2
181 500 2100 3.4
181 1000 3800 3.2
181 1500 5400 4.1
182 0 0 4.2
182 500 2100 3.4
182 1000 3800 3.2
182 1500 5400 4.1
183 0 0 4.2
183 500 2100 3.4
183 1000 3800 3.2
183 1500 5400 4.1
184 0 0 4.2
184 500 2100 3.4
184 1000 3800 3.2
184 1500 5400 4.1
185 0 0 4.2
185 500 2100 3.4
185 1000 3800 3.2
185 1500 5400 4.1
186 0 0 4.2
186 500 2100 3.4
186 1000 3800 3.2
186 1500 5400 4.1
187 0 0 4.2
187 500 2100 3.4
187 1000 3800 3.2
187 1500 5400 4.1
188 0 0 4.2
188 500 2100 3.4
188 1000 3800 3.2
188 1500 5400 4.1
189 0 0 4.2
189 500 2100 3.4
189 1000 3800 3.2
189 1500 5400 4.1
190 0 0 4.2
190 500 2100 3.4
190 1000 3800 3.2
190 1500 5400 4.1
191 0 0 4.2
191 500 2100 3.4
191 1000 3800 3.2
191 1500 5400 4.1
192 0 0 4.2
192 500 2100 3.4
192 1000 3800 3.2
192 1500 5400 4.1
193 0 0 4.2
193 500 2100 3.4
193 1000 3800 3.2
193 1500 5400 4.1
194 0 0 4.2
194 500 2100 3.4
194 1000 3800 3.2
194 1500 5400 4.1
195 0 0 4.2
195 500 2100 3.4
195 1000 3800 3.2
195 1500 5400 4.1
196 0 0 4.2
196 500 2100 3.4
196 1000 3800 3.2
196 1500 5400 4.1
197 0 0 4.2
197 500 2100 3.4
197 1000 3800 3.2
197 1500 5400 4.1
198 0 0 4.2
198 500 2100 3.4
198 1000 3800 3.2
198 1500 5400 4.1
199 0 0 4.2
199 500 2100 3.4
199 1000 3800 3.2
199 1500 5400 4.1
200 0 0 4.2
200 500 2100 3.4
200 1000 3800 3.2
200 1500 5400 4.1
201 0 0 4.2
201 500 2100 3.4
201 1000 3800 3.2
201 1500 5400 4.1
202 0 0 4.2
202 500 2100 3.4
202 1000 3800 3.2
202 1500 5400 4.1
203 0 0 4.2
203 500 2100 3.4
203 1000 3800 3.2
203 1500 5400 4.1
204 0 0 4.2
204 500 2100 3.4
204 1000 3800 3.2
204 1500 5400 4.1
205 0 0 4.2
205 500 2100 3.4
205 1000 3800 3.2
205 1500 5400 4.1
206 0 0 4.2
206 500 2100 3.4
206 1000 3800 3.2
206 1500 5400 4.1
207 0 0 4.2
207 500 2100 3.4
207 1000 3800 3.2
207 1500 5400 4.1
208 0 0 4.2
208 500 2100 3.4
208 1000 3800 3.2
208 1500 5400 4.1
209 0 0 4.2
209 500 2100 3.4
209 1000 3800 3.2
209 1500 5400 4.1
210 0 0 4.2
210 500 2100 3.4
210 1000 3800 3.2
210 1500 5400 4.1
211 0 0 4.2
211 500 2100 3.4
211 1000 3800 3.2
211 1500 5400 4.1
212 0 0 4.2
212 500 2100 3.4
212 1000 3800 3.2
212 1500 5400 4.1
213 0 0 4.2
213 500 2100 3.4
213 1000 3800 3.2
213 1500 5400 4.1
214 0 0 4.2
214 500 2100 3.4
214 1000 3800 3.2
214 1500 5400 4.1
215 0 0 4.2
215 500 2100 3.4
215 1000 3800 3.2
215 1500 5400 4.1
216 0 0 4.2
216 500 2100 3.4
216 1000 3800 3.2
216 1500 5400 4.1
217 0 0 4.2
217 500 2100 3.4
217 1000 3800 3.2
217 1500 5400 4.1
218 0 0 4.2
218 500 2100 3.4
218 1000 3800 3.2
218 1500 5400 4.1
219 0 0 4.2
219 500 2100 3.4
219 1000 3800 3.2
219 1500 5400 4.1
220 0 0 4.2
220 500 2100 3.4
220 1000 3800 3.2
220 1500 5400 4.1
221 0 0 4.2
221 500 2100 3.4
221 1000 3800 3.2
221 1500 5400 4.1
222 0 0 4.2
222 500 2100 3.4
222 1000 3800 3.2
222 1500 5400 4.1
223 0 0 4.2
223 500 2100 3.4
223 1000 3800 3.2
223 1500 5400 4.1
224 0 0 4.2
224 500 2100 3.4
224 1000 3800 3.2
224 1500 5400 4.1
225 0 0 4.2
225 500 2100 3.4
225 1000 3800 3.2
225 1500 5400 4.1
226 0 0 4.2
226 500 2100 3.4
226 1000 3800 3.2
226 1500 5400 4.1
227 0 0 4.2
227 500 2100 3.4
227 1000 3800 3.2
227 1500 5400 4.1
228 0 0 4.2
228 500 2100 3.4
228 1000 3800 3.2
228 1500 5400 4.1
229 0 0 4.2
229 500 2100 3.4
229 1000 3800 3.2
229 1500 5400 4.1
230 0 0 4.2
230 500 2100 3.4
230 1000 3800 3.2
230 1500 5400 4.1
231 0 0 4.2
231 500 2100 3.4
231 1000 3800 3.2
231 1500 5400 4.1
232 0 0 4.2
232 500 2100 3.4
232 1000 3800 3.2
232 1500 5400 4.1
233 0 0 4.2
233 500 2100 3.4
233 1000 3800 3.2
233 1500 5400 4.1
234 0 0 4.2
234 500 2100 3.4
234 1000 3800 3.2
234 1500 5400 4.1
235 0 0 4.2
235 500 2100 3.4
235 1000 3800 3.2
235 1500 5400 4.1
236 0 0 4.2
236 500 2100 3.4
236 1000 3800 3.2
236 1500 5400 4.1
237 0 0 4.2
237 500 2100 3.4
237 1000 3800 3.2
237 1500 5400 4.1
238 0 0 4.2
238 500 2100 3.4
238 1000 3800 3.2
238 1500 5400 4.1
239 0 0 4.2
239 500 2100 3.4
239 1000 3800 3.2
239 1500 5400 4.1
240 0 0 4.2
240 500 2100 3.4
240 1000 3800 3.2
240 1500 5400 4.1
241 0 0 4.2
241 500 2100 3.4
241 1000 3800 3.2
241 1500 5400 4.1
242 0 0 4.2
242 500 2100 3.4
242 1000 3800 3.2
242 1500 5400 4.1
243 0 0 4.2
243 500 2100 3.4
243 1000 3800 3.2
243 1500 5400 4.1
244 0 0 4.2
244 500 2100 3.4
244 1000 3800 3.2
244 1500 5400 4.1
245 0 0 4.2
245 500 2100 3.4
245 1000 3800 3.2
245 1500 5400 4.1
246 0 0 4.2
246 500 2100 3.4
246 1000 3800 3.2
246 1500 5400 4.1
247 0 0 4.2
247 500 2100 3.4
247 1000 3800 3.2
247 1500 5400 4.1
248 0 0 4.2
248 500 2100 3.4
248 1000 3800 3.2
248 1500 5400 4.1
249 0 0 4.2
249 500 2100 3.4
249 1000 3800 3.2
249 1500 5400 4.1
250 0 0 4.2
250 500 2100 3.4
250 1000 3800 3.2
250 1500 5400 4.1
251 0 0 4.2
251 500 2100 3.4
251 1000 3800 3.2
251 1500 5400 4.1
252 0 0 4.2
252 500 2100 3.4
252 1000 3800 3.2
252 1500 5400 4.1
253 0 0 4.2
253 500 2100 3.4
253 1000 3800 3.2
253 1500 5400 4.1
254 0 0 4.2
254 500 2100 3.4
254 1000 3800 3.2
254 1500 5400 4.1
255 0 0 4.2
255 500 2100 3.4
255 1000 3800 3.2
255 1500 5400 4.1
256 0 0 4.2
256 500 2100 3.4
256 1000 3800 3.2
256 1500 5400 4.1
257 0 0 4.2
257 500 2100 3.4
257 1000 3800 3.2
257 1500 5400 4.1
258 0 0 4.2
258 500 2100 3.4
258 1000 3800 3.2
258 1500 5400 4.1
259 0 0 4.2
259 500 2100 3.4
259 1000 3800 3.2
259 1500 5400 4.1
260 0 0 4.2
260 500 2100 3.4
260 1000 3800 3.2
260 1500 5400 4.1
261 0 0 4.2
261 500 2100 3.4
261 1000 3800 3.2
261 1500 5400 4.1
262 0 0 4.2
262 500 2100 3.4
262 1000 3800 3.2
262 1500 5400 4.1
263 0 0 4.2
263 500 2100 3.4
263 1000 3800 3.2
263 1500 5400 4.1
264 0 0 4.2
264 500 2100 3.4
264 1000 3800 3.2
264 1500 5400 4.1
265 0 0 4.2
265 500 2100 3.4
265 1000 3800 3.2
265 1500 5400 4.1
266 0 0 4.2
266 500 2100 3.4
266 1000 3800 3.2
266 1500 5400 4.1
267 0 0 4.2
267 500 2100 3.4
267 1000 3800 3.2
267 1500 5400 4.1
268 0 0 4.2
268 500 2100 3.4
268 1000 3800 3.2
268 1500 5400 4.1
269 0 0 4.2
269 500 2100 3.4
269 1000 3800 3.2
269 1500 5400 4.1
270 0 0 4.2
270 500 2100 3.4
270 1000 3800 3.2
270 1500 5400 4.1
271 0 0 4.2
271 500 2100 3.4
271 1000 3800 3.2
271 1500 5400 4.1
272 0 0 4.2
272 500 2100 3.4
272 1000 3800 3.2
272 1500 5400 4.1
273 0 0 4.2
273 500 2100 3.4
273 1000 3800 3.2
273 1500 5400 4.1
274 0 0 4.2
274 500 2100 3.4
274 1000 3800 3.2
274 1500 5400 4.1
275 0 0 4.2
275 500 2100 3.4
275 1000 3800 3.2
275 1500 5400 4.1
276 0 0 4.2
276 500 2100 3.4
276 1000 3800 3.2
276 1500 5400 4.1
277 0 0 4.2
277 500 2100 3.4
277 1000 3800 3.2
277 1500 5400 4.1
278 0 0 4.2
278 500 2100 3.4
278 1000 3800 3.2
278 1500 5400 4.1
279 0 0 4.2
279 500 2100 3.4
279 1000 3800 3.2
279 1500 5400 4.1
280 0 0 4.2
280 500 2100 3.4
280 1000 3800 3.2
280 1500 5400 4.1
281 0 0 4.2
281 500 2100 3.4
281 1000 3800 3.2
281 1500 5400 4.1
282 0 0 4.2
282 500 2100 3.4
282 1000 3800 3.2
282 1500 5400 4.1
283 0 0 4.2
283 500 2100 3.4
283 1000 3800 3.2
283 1500 5400 4.1
284 0 0 4.2
284 500 2100 3.4
284 1000 3800 3.2
284 1500 5400 4.1
285 0 0 4.2
285 500 2100 3.4
285 1000 3800 3.2
285 1500 5400 4.1
286 0 0 4.2
286 500 2100 3.4
286 1000 3800 3.2
286 1500 5400 4.1
287 0 0 4.2
287 500 2100 3.4
287 1000 3800 3.2
287 1500 5400 4.1
288 0 0 4.2
288 500 2100 3.4
288 1000 3800 3.2
288 1500 5400 4.1
289 0 0 4.2
289 500 2100 3.4
289 1000 3800 3.2
289 1500 5400 4.1
290 0 0 4.2
290 500 2100 3.4
290 1000 3800 3.2
290 1500 5400 4.1
291 0 0 4.2
291 500 2100 3.4
291 1000 3800 3.2
291 1500 5400 4.1
292 0 0 4.2
292 500 2100 3.4
292 1000 3800 3.2
292 1500 5400 4.1
293 0 0 4.2
293 500 2100 3.4
293 1000 3800 3.2
293 1500 5400 4.1
294 0 0 4.2
294 500 2100 3.4
294 1000 3800 3.2
294 1500 5400 4.1
295 0 0 4.2
295 500 2100 3.4
295 1000 3800 3.2
295 1500 5400 4.1
296 0 0 4.2
296 500 2100 3.4
296 1000 3800 3.2
296 1500 5400 4.1
297 0 0 4.2
297 500 2100 3.4
297 1000 3800 3.2
297 1500 5400 4.1
298 0 0 4.2
298 500 2100 3.4
298 1000 3800 3.2
298 1500 5400 4.1
299 0 0 4.2
299 500 2100 3.4
299 1000 3800 3.2
299 1500 5400 4.1
300 0 0 4.2
300 500 2100 3.4
300 1000 3800 3.2
300 1500 5400 4.1
301 0 0 4.2
301 500 2100 3.4
301 1000 3800 3.2
301 1500 5400 4.1
302 0 0 4.2
302 500 2100 3.4
302 1000 3800 3.2
302 1500 5400 4.1
303 0 0 4.2
303 500 2100 3.4
303 1000 3800 3.2
303 1500 5400 4.1
304 0 0 4.2
304 500 2100 3.4
304 1000 3800 3.2
304 1500 5400 4.1
305 0 0 4.2
305 500 2100 3.4
305 1000 3800 3.2
305 1500 5400 4.1
306 0 0 4.2
306 500 2100 3.4
306 1000 3800 3.2
306 1500 5400 4.1
307 0 0 4.2
307 500 2100 3.4
307 1000 3800 3.2
307 1500 5400 4.1
308 0 0 4.2
308 500 2100 3.4
308 1000 3800 3.2
308 1500 5400 4.1
309 0 0 4.2
309 500 2100 3.4
309 1000 3800 3.2
309 1500 5400 4.1
310 0 0 4.2
310 500 2100 3.4
310 1000 3800 3.2
310 1500 5400 4.1
311 0 0 4.2
311 500 2100 3.4
311 1000 3800 3.2
311 1500 5400 4.1
312 0 0 4.2
312 500 2100 3.4
312 1000 3800 3.2
312 1500 5400 4.1
313 0 0 4.2
313 500 2100 3.4
313 1000 3800 3.2
313 1500 5400 4.1
314 0 0 4.2
314 500 2100 3.4
314 1000 3800 3.2
314 1500 5400 4.1
315 0 0 4.2
315 500 2100 3.4
315 1000 3800 3.2
315 1500 5400 4.1
316 0 0 4.2
316 500 2100 3.4
316 1000 3800 3.2
316 1500 5400 4.1
317 0 0 4.2
317 500 2100 3.4
317 1000 3800 3.2
317 1500 5400 4.1
318 0 0 4.2
318 500 2100 3.4
318 1000 3800 3.2
318 1500 5400 4.1
319 0 0 4.2
319 500 2100 3.4
319 1000 3800 3.2
319 1500 5400 4.1
320 0 0 4.2
320 500 2100 3.4
320 1000 3800 3.2
320 1500 5400 4.1
321 0 0 4.2
321 500 2100 3.4
321 1000 3800 3.2
321 1500 5400 4.1
322 0 0 4.2
322 500 2100 3.4
322 1000 3800 3.2
322 1500 5400 4.1
323 0 0 4.2
323 500 2100 3.4
323 1000 3800 3.2
323 1500 5400 4.1
324 0 0 4.2
324 500 2100 3.4
324 1000 3800 3.2
324 1500 5400 4.1
325 0 0 4.2
325 500 2100 3.4
325 1000 3800 3.2
325 1500 5400 4.1
326 0 0 4.2
326 500 2100 3.4
326 1000 3800 3.2
326 1500 5400 4.1
327 0 0 4.2
327 500 2100 3.4
327 1000 3800 3.2
327 1500 5400 4.1
328 0 0 4.2
328 500 2100 3.4
328 1000 3800 3.2
328 1500 5400 4.1
329 0 0 4.2
329 500 2100 3.4
329 1000 3800 3.2
329 1500 5400 4.1
330 0 0 4.2
330 500 2100 3.4
330 1000 3800 3.2
330 1500 5400 4.1
331 0 0 4.2
331 500 2100 3.4
331 1000 3800 3.2
331 1500 5400 4.1
332 0 0 4.2
332 500 2100 3.4
332 1000 3800 3.2
332 1500 5400 4.1
333 0 0 4.2
333 500 2100 3.4
333 1000 3800 3.2
333 1500 5400 4.1
334 0 0 4.2
334 500 2100 3.4
334 1000 3800 3.2
334 1500 5400 4.1
335 0 0 4.2
335 500 2100 3.4
335 1000 3800 3.2
335 1500 5400 4.1
336 0 0 4.2
336 500 2100 3.4
336 1000 3800 3.2
336 1500 5400 4.1
337 0 0 4.2
337 500 2100 3.4
337 1000 3800 3.2
337 1500 5400 4.1
338 0 0 4.2
338 500 2100 3.4
338 1000 3800 3.2
338 1500 5400 4.1
339 0 0 4.2
339 500 2100 3.4
339 1000 3800 3.2
339 1500 5400 4.1
340 0 0 4.2
340 500 2100 3.4
340 1000 3800 3.2
340 1500 5400 4.1
341 0 0 4.2
341 500 2100 3.4
341 1000 3800 3.2
341 1500 5400 4.1
342 0 0 4.2
342 500 2100 3.4
342 1000 3800 3.2
342 1500 5400 4.1
343 0 0 4.2
343 500 2100 3.4
343 1000 3800 3.2
343 1500 5400 4.1
344 0 0 4.2
344 500 2100 3.4
344 1000 3800 3.2
344 1500 5400 4.1
345 0 0 4.2
345 500 2100 3.4
345 1000 3800 3.2
345 1500 5400 4.1
346 0 0 4.2
346 500 2100 3.4
346 1000 3800 3.2
346 1500 5400 4.1
347 0 0 4.2
347 500 2100 3.4
347 1000 3800 3.2
347 1500 5400 4.1
348 0 0 4.2
348 500 2100 3.4
348 1000 3800 3.2
348 1500 5400 4.1
349 0 0 4.2
349 500 2100 3.4
349 1000 3800 3.2
349 1500 5400 4.1
350 0 0 4.2
350 500 2100 3.4
350 1000 3800 3.2
350 1500 5400 4.1
351 0 0 4.2
351 500 2100 3.4
351 1000 3800 3.2
351 1500 5400 4.1
352 0 0 4.2
352 500 2100 3.4
352 1000 3800 3.2
352 1500 5400 4.1
353 0 0 4.2
353 500 2100 3.4
353 1000 3800 3.2
353 1500 5400 4.1
354 0 0 4.2
354 500 2100 3.4
354 1000 3800 3.2
354 1500 5400 4.1
355 0 0 4.2
355 500 2100 3.4
355 1000 3800 3.2
355 1500 5400 4.1
356 0 0 4.2
356 500 2100 3.4
356 1000 3800 3.2
356 1500 5400 4.1
357 0 0 4.2
357 500 2100 3.4
357 1000 3800 3.2
357 1500 5400 4.1
358 0 0 4.2
358 500 2100 3.4
358 1000 3800 3.2
358 1500 5400 4.1
359 0 0 4.2
359 500 2100 3.4
359 1000 3800 3.2
359 1500 5400 4.1
360 0 0 4.2
360 500 2100 3.4
360 1000 3800 3.2
360 1500 5400 4.1
361 0 0 4.2
361 500 2100 3.4
361 1000 3800 3.2
361 1500 5400 4.1
362 0 0 4.2
362 500 2100 3.4
362 1000 3800 3.2
362 1500 5400 4.1
363 0 0 4.2
363 500 2100 3.4
363 1000 3800 3.2
363 1500 5400 4.1
364 0 0 4.2
364 500 2100 3.4
364 1000 3800 3.2
364 1500 5400 4.1
365 0 0 4.2
365 500 2100 3.4
365 1000 3800 3.2
365 1500 5400 4.1
366 0 0 4.2
366 500 2100 3.4
366 1000 3800 3.2
366 1500 5400 4.1
367 0 0 4.2
367 500 2100 3.4
367 1000 3800 3.2
367 1500 5400 4.1
368 0 0 4.2
368 500 2100 3.4
368 1000 3800 3.2
368 1500 5400 4.1
369 0 0 4.2
369 500 2100 3.4
369 1000 3800 3.2
369 1500 5400 4.1
370 0 0 4.2
370 500 2100 3.4
370 1000 3800 3.2
370 1500 5400 4.1
371 0 0 4.2
371 500 2100 3.4
371 1000 3800 3.2
371 1500 5400 4.1
372 0 0 4.2
372 500 2100 3.4
372 1000 3800 3.2
372 1500 5400 4.1
373 0 0 4.2
373 500 2100 3.4
373 1000 3800 3.2
373 1500 5400 4.1
374 0 0 4.2
374 500 2100 3.4
374 1000 3800 3.2
374 1500 5400 4.1
375 0 0 4.2
375 500 2100 3.4
375 1000 3800 3.2
375 1500 5400 4.1
376 0 0 4.2
376 500 2100 3.4
376 1000 3800 3.2
376 1500 5400 4.1
377 0 0 4.2
377 500 2100 3.4
377 1000 3800 3.2
377 1500 5400 4.1
378 0 0 4.2
378 500 2100 3.4
378 1000 3800 3.2
378 1500 5400 4.1
379 0 0 4.2
379 500 2100 3.4
379 1000 3800 3.2
379 1500 5400 4.1
380 0 0 4.2
380 500 2100 3.4
380 1000 3800 3.2
380 1500 5400 4.1
381 0 0 4.2
381 500 2100 3.4
381 1000 3800 3.2
381 1500 5400 4.1
382 0 0 4.2
382 500 2100 3.4
382 1000 3800 3.2
382 1500 5400 4.1
383 0 0 4.2
383 500 2100 3.4
383 1000 3800 3.2
383 1500 5400 4.1
384 0 0 4.2
384 500 2100 3.4
384 1000 3800 3.2
384 1500 5400 4.1
385 0 0 4.2
385 500 2100 3.4
385 1000 3800 3.2
385 1500 5400 4.1
386 0 0 4.2
386 500 2100 3.4
386 1000 3800 3.2
386 1500 5400 4.1
387 0 0 4.2
387 500 2100 3.4
387 1000 3800 3.2
387 1500 5400 4.1
388 0 0 4.2
388 500 2100 3.4
388 1000 3800 3.2
388 1500 5400 4.1
389 0 0 4.2
389 500 2100 3.4
389 1000 3800 3.2
389 1500 5400 4.1
390 0 0 4.2
390 500 2100 3.4
390 1000 3800 3.2
390 1500 5400 4.1
391 0 0 4.2
391 500 2100 3.4
391 1000 3800 3.2
391 1500 5400 4.1
392 0 0 4.2
392 500 2100 3.4
392 1000 3800 3.2
392 1500 5400 4.1
393 0 0 4.2
393 500 2100 3.4
393 1000 3800 3.2
393 1500 5400 4.1
394 0 0 4.2
394 500 2100 3.4
394 1000 3800 3.2
394 1500 5400 4.1
395 0 0 4.2
395 500 2100 3.4
395 1000 3800 3.2
395 1500 5400 4.1
396 0 0 4.2
396 500 2100 3.4
396 1000 3800 3.2
396 1500 5400 4.1
397 0 0 4.2
397 500 2100 3.4
397 1000 3800 3.2
397 1500 5400 4.1
398 0 0 4.2
398 500 2100 3.4
398 1000 3800 3.2
398 1500 5400 4.1
399 0 0 4.2
399 500 2100 3.4
399 1000 3800 3.2
399 1500 5400 4.1
400 0 0 4.2
400 500 2100 3.4
400 1000 3800 3.2
400 1500 5400 4.1
401 0 0 4.2
401 500 2100 3.4
401 1000 3800 3.2
401 1500 5400 4.1
402 0 0 4.2
402 500 2100 3.4
402 1000 3800 3.2
402 1500 5400 4.1
403 0 0 4.2
403 500 2100 3.4
403 1000 3800 3.2
403 1500 5400 4.1
404 0 0 4.2
404 500 2100 3.4
404 1000 3800 3.2
404 1500 5400 4.1
405 0 0 4.2
405 500 2100 3.4
405 1000 3800 3.2
405 1500 5400 4.1
406 0 0 4.2
406 500 2100 3.4
406 1000 3800 3.2
406 1500 5400 4.1
407 0 0 4.2
407 500 2100 3.4
407 1000 3800 3.2
407 1500 5400 4.1
408 0 0 4.2
408 500 2100 3.4
408 1000 3800 3.2
408 1500 5400 4.1
409 0 0 4.2
409 500 2100 3.4
409 1000 3800 3.2
409 1500 5400 4.1
410 0 0 4.2
410 500 2100 3.4
410 1000 3800 3.2
410 1500 5400 4.1
411 0 0 4.2
411 500 2100 3.4
411 1000 3800 3.2
411 1500 5400 4.1
412 0 0 4.2
412 500 2100 3.4
412 1000 3800 3.2
412 1500 5400 4.1
413 0 0 4.2
413 500 2100 3.4
413 1000 3800 3.2
413 1500 5400 4.1
414 0 0 4.2
414 500 2100 3.4
414 1000 3800 3.2
414 1500 5400 4.1
415 0 0 4.2
415 500 2100 3.4
415 1000 3800 3.2
415 1500 5400 4.1
416 0 0 4.2
416 500 2100 3.4
416 1000 3800 3.2
416 1500 5400 4.1
417 0 0 4.2
417 500 2100 3.4
417 1000 3800 3.2
417 1500 5400 4.1
418 0 0 4.2
418 500 2100 3.4
418 1000 3800 3.2
418 1500 5400 4.1
419 0 0 4.2
419 500 2100 3.4
419 1000 3800 3.2
419 1500 5400 4.1
420 0 0 4.2
420 500 2100 3.4
420 1000 3800 3.2
420 1500 5400 4.1
421 0 0 4.2
421 500 2100 3.4
421 1000 3800 3.2
421 1500 5400 4.1
422 0 0 4.2
422 500 2100 3.4
422 1000 3800 3.2
422 1500 5400 4.1
423 0 0 4.2
423 500 2100 3.4
423 1000 3800 3.2
423 1500 5400 4.1
424 0 0 4.2
424 500 2100 3.4
424 1000 3800 3.2
424 1500 5400 4.1
425 0 0 4.2
425 500 2100 3.4
425 1000 3800 3.2
425 1500 5400 4.1
426 0 0 4.2
426 500 2100 3.4
426 1000 3800 3.2
426 1500 5400 4.1
427 0 0 4.2
427 500 2100 3.4
427 1000 3800 3.2
427 1500 5400 4.1
428 0 0 4.2
428 500 2100 3.4
428 1000 3800 3.2
428 1500 5400 4.1
429 0 0 4.2
429 500 2100 3.4
429 1000 3800 3.2
429 1500 5400 4.1
430 0 0 4.2
430 500 2100 3.4
430 1000 3800 3.2
430 1500 5400 4.1
431 0 0 4.2
431 500 2100 3.4
431 1000 3800 3.2
431 1500 5400 4.1
432 0 0 4.2
432 500 2100 3.4
432 1000 3800 3.2
432 1500 5400 4.1
433 0 0 4.2
433 500 2100 3.4
433 1000 3800 3.2
433 1500 5400 4.1
434 0 0 4.2
434 500 2100 3.4
434 1000 3800 3.2
434 1500 5400 4.1
435 0 0 4.2
435 500 2100 3.4
435 1000 3800 3.2
435 1500 5400 4.1
436 0 0 4.2
436 500 2100 3.4
436 1000 3800 3.2
436 1500 5400 4.1
437 0 0 4.2
437 500 2100 3.4
437 1000 3800 3.2
437 1500 5400 4.1
438 0 0 4.2
438 500 2100 3.4
438 1000 3800 3.2
438 1500 5400 4.1
439 0 0 4.2
439 500 2100 3.4
439 1000 3800 3.2
439 1500 5400 4.1
440 0 0 4.2
440 500 2100 3.4
440 1000 3800 3.2
440 1500 5400 4.1
441 0 0 4.2
441 500 2100 3.4
441 1000 3800 3.2
441 1500 5400 4.1
442 0 0 4.2
442 500 2100 3.4
442 1000 3800 3.2
442 1500 5400 4.1
443 0 0 4.2
443 500 2100 3.4
443 1000 3800 3.2
443 1500 5400 4.1
444 0 0 4.2
444 500 2100 3.4
444 1000 3800 3.2
444 1500 5400 4.1
445 0 0 4.2
445 500 2100 3.4
445 1000 3800 3.2
445 1500 5400 4.1
446 0 0 4.2
446 500 2100 3.4
446 1000 3800 3.2
446 1500 5400 4.1
447 0 0 4.2
447 500 2100 3.4
447 1000 3800 3.2
447 1500 5400 4.1
448 0 0 4.2
448 500 2100 3.4
448 1000 3800 3.2
448 1500 5400 4.1
449 0 0 4.2
449 500 2100 3.4
449 1000 3800 3.2
449 1500 5400 4.1
450 0 0 4.2
450 500 2100 3.4
450 1000 3800 3.2
450 1500 5400 4.1
451 0 0 4.2
451 500 2100 3.4
451 1000 3800 3.2
451 1500 5400 4.1
452 0 0 4.2
452 500 2100 3.4
452 1000 3800 3.2
452 1500 5400 4.1
453 0 0 4.2
453 500 2100 3.4
453 1000 3800 3.2
453 1500 5400 4.1
454 0 0 4.2
454 500 2100 3.4
454 1000 3800 3.2
454 1500 5400 4.1
455 0 0 4.2
455 500 2100 3.4
455 1000 3800 3.2
455 1500 5400 4.1
456 0 0 4.2
456 500 2100 3.4
456 1000 3800 3.2
456 1500 5400 4.1
457 0 0 4.2
457 500 2100 3.4
457 1000 3800 3.2
457 1500 5400 4.1
458 0 0 4.2
458 500 2100 3.4
458 1000 3800 3.2
458 1500 5400 4.1
459 0 0 4.2
459 500 2100 3.4
459 1000 3800 3.2
459 1500 5400 4.1
460 0 0 4.2
460 500 2100 3.4
460 1000 3800 3.2
460 1500 5400 4.1
461 0 0 4.2
461 500 2100 3.4
461 1000 3800 3.2
461 1500 5400 4.1
462 0 0 4.2
462 500 2100 3.4
462 1000 3800 3.2
462 1500 5400 4.1
463 0 0 4.2
463 500 2100 3.4
463 1000 3800 3.2
463 1500 5400 4.1
464 0 0 4.2
464 500 2100 3.4
464 1000 3800 3.2
464 1500 5400 4.1
465 0 0 4.2
465 500 2100 3.4
465 1000 3800 3.2
465 1500 5400 4.1
466 0 0 4.2
466 500 2100 3.4
466 1000 3800 3.2
466 1500 5400 4.1
467 0 0 4.2
467 500 2100 3.4
467 1000 3800 3.2
467 1500 5400 4.1
468 0 0 4.2
468 500 2100 3.4
468 1000 3800 3.2
468 1500 5400 4.1
469 0 0 4.2
469 500 2100 3.4
469 1000 3800 3.2
469 1500 5400 4.1
470 0 0 4.2
470 500 2100 3.4
470 1000 3800 3.2
470 1500 5400 4.1
471 0 0 4.2
471 500 2100 3.4
471 1000 3800 3.2
471 1500 5400 4.1
472 0 0 4.2
472 500 2100 3.4
472 1000 3800 3.2
472 1500 5400 4.1
473 0 0 4.2
473 500 2100 3.4
473 1000 3800 3.2
473 1500 5400 4.1
474 0 0 4.2
474 500 2100 3.4
474 1000 3800 3.2
474 1500 5400 4.1
475 0 0 4.2
475 500 2100 3.4
475 1000 3800 3.2
475 1500 5400 4.1
476 0 0 4.2
476 500 2100 3.4
476 1000 3800 3.2
476 1500 5400 4.1
477 0 0 4.2
477 500 2100 3.4
477 1000 3800 3.2
477 1500 5400 4.1
478 0 0 4.2
478 500 2100 3.4
478 1000 3800 3.2
478 1500 5400 4.1
479 0 0 4.2
479 500 2100 3.4
479 1000 3800 3.2
479 1500 5400 4.1
480 0 0 4.2
480 500 2100 3.4
480 1000 3800 3.2
480 1500 5400 4.1
481 0 0 4.2
481 500 2100 3.4
481 1000 3800 3.2
481 1500 5400 4.1
482 0 0 4.2
482 500 2100 3.4
482 1000 3800 3.2
482 1500 5400 4.1
483 0 0 4.2
483 500 2100 3.4
483 1000 3800 3.2
483 1500 5400 4.1
484 0 0 4.2
484 500 2100 3.4
484 1000 3800 3.2
484 1500 5400 4.1
485 0 0 4.2
485 500 2100 3.4
485 1000 3800 3.2
485 1500 5400 4.1
486 0 0 4.2
486 500 2100 3.4
486 1000 3800 3.2
486 1500 5400 4.1
487 0 0 4.2
487 500 2100 3.4
487 1000 3800 3.2
487 1500 5400 4.1
488 0 0 4.2
488 500 2100 3.4
488 1000 3800 3.2
488 1500 5400 4.1
489 0 0 4.2
489 500 2100 3.4
489 1000 3800 3.2
489 1500 5400 4.1
490 0 0 4.2
490 500 2100 3.4
490 1000 3800 3.2
490 1500 5400 4.1
491 0 0 4.2
491 500 2100 3.4
491 1000 3800 3.2
491 1500 5400 4.1
492 0 0 4.2
492 500 2100 3.4
492 1000 3800 3.2
492 1500 5400 4.1
493 0 0 4.2
493 500 2100 3.4
493 1000 3800 3.2
493 1500 5400 4.1
494 0 0 4.2
494 500 2100 3.4
494 1000 3800 3.2
494 1500 5400 4.1
495 0 0 4.2
495 500 2100 3.4
495 1000 3800 3.2
495 1500 5400 4.1
496 0 0 4.2
496 500 2100 3.4
496 1000 3800 3.2
496 1500 5400 4.1
497 0 0 4.2
497 500 2100 3.4
497 1000 3800 3.2
497 1500 5400 4.1
498 0 0 4.2
498 500 2100 3.4
498 1000 3800 3.2
498 1500 5400 4.1
499 0 0 4.2
499 500 2100 3.4
499 1000 3800 3.2
499 1500 5400 4.1
500 0 0 4.2
500 500 2100 3.4
500 1000 3800 3.2
500 1500 5400 4.1
501 0 0 4.2
501 500 2100 3.4
501 1000 3800 3.2
501 1500 5400 4.1
502 0 0 4.2
502 500 2100 3.4
502 1000 3800 3.2
502 1500 5400 4.1
503 0 0 4.2
503 500 2100 3.4
503 1000 3800 3.2
503 1500 5400 4.1
504 0 0 4.2
504 500 2100 3.4
504 1000 3800 3.2
504 1500 5400 4.1
505 0 0 4.2
505 500 2100 3.4
505 1000 3800 3.2
505 1500 5400 4.1
506 0 0 4.2
506 500 2100 3.4
506 1000 3800 3.2
506 1500 5400 4.1
507 0 0 4.2
507 500 2100 3.4
507 1000 3800 3.2
507 1500 5400 4.1
508 0 0 4.2
508 500 2100 3.4
508 1000 3800 3.2
508 1500 5400 4.1
509 0 0 4.2
509 500 2100 3.4
509 1000 3800 3.2
509 1500 5400 4.1
510 0 0 4.2
510 500 2100 3.4
510 1000 3800 3.2
510 1500 5400 4.1
511 0 0 4.2
511 500 2100 3.4
511 1000 3800 3.2
511 1500 5400 4.1
512 0 0 4.2
512 500 2100 3.4
512 1000 3800 3.2
512 1500 5400 4.1
513 0 0 4.2
513 500 2100 3.4
513 1000 3800 3.2
513 1500 5400 4.1
514 0 0 4.2
514 500 2100 3.4
514 1000 3800 3.2
514 1500 5400 4.1
515 0 0 4.2
515 500 2100 3.4
515 1000 3800 3.2
515 1500 5400 4.1
516 0 0 4.2
516 500 2100 3.4
516 1000 3800 3.2
516 1500 5400 4.1
517 0 0 4.2
517 500 2100 3.4
517 1000 3800 3.2
517 1500 5400 4.1
518 0 0 4.2
518 500 2100 3.4
518 1000 3800 3.2
518 1500 5400 4.1
519 0 0 4.2
519 500 2100 3.4
519 1000 3800 3.2
519 1500 5400 4.1
520 0 0 4.2
520 500 2100 3.4
520 1000 3800 3.2
520 1500 5400 4.1
521 0 0 4.2
521 500 2100 3.4
521 1000 3800 3.2
521 1500 5400 4.1
522 0 0 4.2
522 500 2100 3.4
522 1000 3800 3.2
522 1500 5400 4.1
523 0 0 4.2
523 500 2100 3.4
523 1000 3800 3.2
523 1500 5400 4.1
524 0 0 4.2
524 500 2100 3.4
524 1000 3800 3.2
524 1500 5400 4.1
525 0 0 4.2
525 500 2100 3.4
525 1000 3800 3.2
525 1500 5400 4.1
526 0 0 4.2
526 500 2100 3.4
526 1000 3800 3.2
526 1500 5400 4.1
527 0 0 4.2
527 500 2100 3.4
527 1000 3800 3.2
527 1500 5400 4.1
528 0 0 4.2
528 500 2100 3.4
528 1000 3800 3.2
528 1500 5400 4.1
529 0 0 4.2
529 500 2100 3.4
529 1000 3800 3.2
529 1500 5400 4.1
530 0 0 4.2
530 500 2100 3.4
530 1000 3800 3.2
530 1500 5400 4.1
531 0 0 4.2
531 500 2100 3.4
531 1000 3800 3.2
531 1500 5400 4.1
532 0 0 4.2
532 500 2100 3.4
532 1000 3800 3.2
532 1500 5400 4.1
533 0 0 4.2
533 500 2100 3.4
533 1000 3800 3.2
533 1500 5400 4.1
534 0 0 4.2
534 500 2100 3.4
534 1000 3800 3.2
534 1500 5400 4.1
535 0 0 4.2
535 500 2100 3.4
535 1000 3800 3.2
535 1500 5400 4.1
536 0 0 4.2
536 500 2100 3.4
536 1000 3800 3.2
536 1500 5400 4.1
537 0 0 4.2
537 500 2100 3.4
537 1000 3800 3.2
537 1500 5400 4.1
538 0 0 4.2
538 500 2100 3.4
538 1000 3800 3.2
538 1500 5400 4.1
539 0 0 4.2
539 500 2100 3.4
539 1000 3800 3.2
539 1500 5400 4.1
540 0 0 4.2
540 500 2100 3.4
540 1000 3800 3.2
540 1500 5400 4.1
541 0 0 4.2
541 500 2100 3.4
541 1000 3800 3.2
541 1500 5400 4.1
542 0 0 4.2
542 500 2100 3.4
542 1000 3800 3.2
542 1500 5400 4.1
543 0 0 4.2
543 500 2100 3.4
543 1000 3800 3.2
543 1500 5400 4.1
544 0 0 4.2
544 500 2100 3.4
544 1000 3800 3.2
544 1500 5400 4.1
545 0 0 4.2
545 500 2100 3.4
545 1000 3800 3.2
545 1500 5400 4.1
546 0 0 4.2
546 500 2100 3.4
546 1000 3800 3.2
546 1500 5400 4.1
547 0 0 4.2
547 500 2100 3.4
547 1000 3800 3.2
547 1500 5400 4.1
548 0 0 4.2
548 500 2100 3.4
548 1000 3800 3.2
548 1500 5400 4.1
549 0 0 4.2
549 500 2100 3.4
549 1000 3800 3.2
549 1500 5400 4.1
550 0 0 4.2
550 500 2100 3.4
550 1000 3800 3.2
550 1500 5400 4.1
551 0 0 4.2
551 500 2100 3.4
551 1000 3800 3.2
551 1500 5400 4.1
552 0 0 4.2
552 500 2100 3.4
552 1000 3800 3.2
552 1500 5400 4.1
553 0 0 4.2
553 500 2100 3.4
553 1000 3800 3.2
553 1500 5400 4.1
554 0 0 4.2
554 500 2100 3.4
554 1000 3800 3.2
554 1500 5400 4.1
555 0 0 4.2
555 500 2100 3.4
555 1000 3800 3.2
555 1500 5400 4.1
556 0 0 4.2
556 500 2100 3.4
556 1000 3800 3.2
556 1500 5400 4.1
557 0 0 4.2
557 500 2100 3.4
557 1000 3800 3.2
557 1500 5400 4.1
558 0 0 4.2
558 500 2100 3.4
558 1000 3800 3.2
558 1500 5400 4.1
559 0 0 4.2
559 500 2100 3.4
559 1000 3800 3.2
559 1500 5400 4.1
560 0 0 4.2
560 500 2100 3.4
560 1000 3800 3.2
560 1500 5400 4.1
561 0 0 4.2
561 500 2100 3.4
561 1000 3800 3.2
561 1500 5400 4.1
562 0 0 4.2
562 500 2100 3.4
562 1000 3800 3.2
562 1500 5400 4.1
563 0 0 4.2
563 500 2100 3.4
563 1000 3800 3.2
563 1500 5400 4.1
564 0 0 4.2
564 500 2100 3.4
564 1000 3800 3.2
564 1500 5400 4.1
565 0 0 4.2
565 500 2100 3.4
565 1000 3800 3.2
565 1500 5400 4.1
566 0 0 4.2
566 500 2100 3.4
566 1000 3800 3.2
566 1500 5400 4.1
567 0 0 4.2
567 500 2100 3.4
567 1000 3800 3.2
567 1500 5400 4.1
568 0 0 4.2
568 500 2100 3.4
568 1000 3800 3.2
568 1500 5400 4.1
569 0 0 4.2
569 500 2100 3.4
569 1000 3800 3.2
569 1500 5400 4.1
570 0 0 4.2
570 500 2100 3.4
570 1000 3800 3.2
570 1500 5400 4.1
571 0 0 4.2
571 500 2100 3.4
571 1000 3800 3.2
571 1500 5400 4.1
572 0 0 4.2
572 500 2100 3.4
572 1000 3800 3.2
572 1500 5400 4.1
573 0 0 4.2
573 500 2100 3.4
573 1000 3800 3.2
573 1500 5400 4.1
574 0 0 4.2
574 500 2100 3.4
574 1000 3800 3.2
574 1500 5400 4.1
575 0 0 4.2
575 500 2100 3.4
575 1000 3800 3.2
575 1500 5400 4.1
576 0 0 4.2
576 500 2100 3.4
576 1000 3800 3.2
576 1500 5400 4.1
577 0 0 4.2
577 500 2100 3.4
577 1000 3800 3.2
577 1500 5400 4.1
578 0 0 4.2
578 500 2100 3.4
578 1000 3800 3.2
578 1500 5400 4.1
579 0 0 4.2
579 500 2100 3.4
579 1000 3800 3.2
579 1500 5400 4.1
580 0 0 4.2
580 500 2100 3.4
580 1000 3800 3.2
580 1500 5400 4.1
581 0 0 4.2
581 500 2100 3.4
581 1000 3800 3.2
581 1500 5400 4.1
582 0 0 4.2
582 500 2100 3.4
582 1000 3800 3.2
582 1500 5400 4.1
583 0 0 4.2
583 500 2100 3.4
583 1000 3800 3.2
583 1500 5400 4.1
584 0 0 4.2
584 500 2100 3.4
584 1000 3800 3.2
584 1500 5400 4.1
585 0 0 4.2
585 500 2100 3.4
585 1000 3800 3.2
585 1500 5400 4.1
586 0 0 4.2
586 500 2100 3.4
586 1000 3800 3.2
586 1500 5400 4.1
587 0 0 4.2
587 500 2100 3.4
587 1000 3800 3.2
587 1500 5400 4.1
588 0 0 4.2
588 500 2100 3.4
588 1000 3800 3.2
588 1500 5400 4.1
589 0 0 4.2
589 500 2100 3.4
589 1000 3800 3.2
589 1500 5400 4.1
590 0 0 4.2
590 500 2100 3.4
590 1000 3800 3.2
590 1500 5400 4.1
591 0 0 4.2
591 500 2100 3.4
591 1000 3800 3.2
591 1500 5400 4.1
592 0 0 4.2
592 500 2100 3.4
592 1000 3800 3.2
592 1500 5400 4.1
593 0 0 4.2
593 500 2100 3.4
593 1000 3800 3.2
593 1500 5400 4.1
594 0 0 4.2
594 500 2100 3.4
594 1000 3800 3.2
594 1500 5400 4.1
595 0 0 4.2
595 500 2100 3.4
595 1000 3800 3.2
595 1500 5400 4.1
596 0 0 4.2
596 500 2100 3.4
596 1000 3800 3.2
596 1500 5400 4.1
597 0 0 4.2
597 500 2100 3.4
597 1000 3800 3.2
597 1500 5400 4.1
598 0 0 4.2
598 500 2100 3.4
598 1000 3800 3.2
598 1500 5400 4.1
599 0 0 4.2
599 500 2100 3.4
599 1000 3800 3.2
599 1500 5400 4.1
600 0 0 4.2
600 500 2100 3.4
600 1000 3800 3.2
600 1500 5400 4.1
601 0 0 4.2
601 500 2100 3.4
601 1000 3800 3.2
601 1500 5400 4.1
602 0 0 4.2
602 500 2100 3.4
602 1000 3800 3.2
602 1500 5400 4.1
603 0 0 4.2
603 500 2100 3.4
603 1000 3800 3.2
603 1500 5400 4.1
604 0 0 4.2
604 500 2100 3.4
604 1000 3800 3.2
604 1500 5400 4.1
605 0 0 4.2
605 500 2100 3.4
605 1000 3800 3.2
605 1500 5400 4.1
606 0 0 4.2
606 500 2100 3.4
606 1000 3800 3.2
606 1500 5400 4.1
607 0 0 4.2
607 500 2100 3.4
607 1000 3800 3.2
607 1500 5400 4.1
608 0 0 4.2
608 500 2100 3.4
608 1000 3800 3.2
608 1500 5400 4.1
609 0 0 4.2
609 500 2100 3.4
609 1000 3800 3.2
609 1500 5400 4.1
610 0 0 4.2
610 500 2100 3.4
610 1000 3800 3.2
610 1500 5400 4.1
611 0 0 4.2
611 500 2100 3.4
611 1000 3800 3.2
611 1500 5400 4.1
612 0 0 4.2
612 500 2100 3.4
612 1000 3800 3.2
612 1500 5400 4.1
613 0 0 4.2
613 500 2100 3.4
613 1000 3800 3.2
613 1500 5400 4.1
614 0 0 4.2
614 500 2100 3.4
614 1000 3800 3.2
614 1500 5400 4.1
615 0 0 4.2
615 500 2100 3.4
615 1000 3800 3.2
615 1500 5400 4.1
616 0 0 4.2
616 500 2100 3.4
616 1000 3800 3.2
616 1500 5400 4.1
617 0 0 4.2
617 500 2100 3.4
617 1000 3800 3.2
617 1500 5400 4.1
618 0 0 4.2
618 500 2100 3.4
618 1000 3800 3.2
618 1500 5400 4.1
619 0 0 4.2
619 500 2100 3.4
619 1000 3800 3.2
619 1500 5400 4.1
620 0 0 4.2
620 500 2100 3.4
620 1000 3800 3.2
620 1500 5400 4.1
621 0 0 4.2
621 500 2100 3.4
621 1000 3800 3.2
621 1500 5400 4.1
622 0 0 4.2
622 500 2100 3.4
622 1000 3800 3.2
622 1500 5400 4.1
623 0 0 4.2
623 500 2100 3.4
623 1000 3800 3.2
623 1500 5400 4.1
624 0 0 4.2
624 500 2100 3.4
624 1000 3800 3.2
624 1500 5400 4.1
625 0 0 4.2
625 500 2100 3.4
625 1000 3800 3.2
625 1500 5400 4.1
626 0 0 4.2
626 500 2100 3.4
626 1000 3800 3.2
626 1500 5400 4.1
627 0 0 4.2
627 500 2100 3.4
627 1000 3800 3.2
627 1500 5400 4.1
628 0 0 4.2
628 500 2100 3.4
628 1000 3800 3.2
628 1500 5400 4.1
629 0 0 4.2
629 500 2100 3.4
629 1000 3800 3.2
629 1500 5400 4.1
630 0 0 4.2
630 500 2100 3.4
630 1000 3800 3.2
630 1500 5400 4.1
631 0 0 4.2
631 500 2100 3.4
631 1000 3800 3.2
631 1500 5400 4.1
632 0 0 4.2
632 500 2100 3.4
632 1000 3800 3.2
632 1500 5400 4.1
633 0 0 4.2
633 500 2100 3.4
633 1000 3800 3.2
633 1500 5400 4.1
634 0 0 4.2
634 500 2100 3.4
634 1000 3800 3.2
634 1500 5400 4.1
635 0 0 4.2
635 500 2100 3.4
635 1000 3800 3.2
635 1500 5400 4.1
636 0 0 4.2
636 500 2100 3.4
636 1000 3800 3.2
636 1500 5400 4.1
637 0 0 4.2
637 500 2100 3.4
637 1000 3800 3.2
637 1500 5400 4.1
638 0 0 4.2
638 500 2100 3.4
638 1000 3800 3.2
638 1500 5400 4.1
639 0 0 4.2
639 500 2100 3.4
639 1000 3800 3.2
639 1500 5400 4.1
640 0 0 4.2
640 500 2100 3.4
640 1000 3800 3.2
640 1500 5400 4.1
641 0 0 4.2
641 500 2100 3.4
641 1000 3800 3.2
641 1500 5400 4.1
642 0 0 4.2
642 500 2100 3.4
642 1000 3800 3.2
642 1500 5400 4.1
643 0 0 4.2
643 500 2100 3.4
643 1000 3800 3.2
643 1500 5400 4.1
644 0 0 4.2
644 500 2100 3.4
644 1000 3800 3.2
644 1500 5400 4.1
645 0 0 4.2
645 500 2100 3.4
645 1000 3800 3.2
645 1500 5400 4.1
646 0 0 4.2
646 500 2100 3.4
646 1000 3800 3.2
646 1500 5400 4.1
647 0 0 4.2
647 500 2100 3.4
647 1000 3800 3.2
647 1500 5400 4.1
648 0 0 4.2
648 500 2100 3.4
648 1000 3800 3.2
648 1500 5400 4.1
649 0 0 4.2
649 500 2100 3.4
649 1000 3800 3.2
649 1500 5400 4.1
650 0 0 4.2
650 500 2100 3.4
650 1000 3800 3.2
650 1500 5400 4.1
651 0 0 4.2
651 500 2100 3.4
651 1000 3800 3.2
651 1500 5400 4.1
652 0 0 4.2
652 500 2100 3.4
652 1000 3800 3.2
652 1500 5400 4.1
653 0 0 4.2
653 500 2100 3.4
653 1000 3800 3.2
653 1500 5400 4.1
654 0 0 4.2
654 500 2100 3.4
654 1000 3800 3.2
654 1500 5400 4.1
655 0 0 4.2
655 500 2100 3.4
655 1000 3800 3.2
655 1500 5400 4.1
656 0 0 4.2
656 500 2100 3.4
656 1000 3800 3.2
656 1500 5400 4.1
657 0 0 4.2
657 500 2100 3.4
657 1000 3800 3.2
657 1500 5400 4.1
658 0 0 4.2
658 500 2100 3.4
658 1000 3800 3.2
658 1500 5400 4.1
659 0 0 4.2
659 500 2100 3.4
659 1000 3800 3.2
659 1500 5400 4.1
660 0 0 4.2
660 500 2100 3.4
660 1000 3800 3.2
660 1500 5400 4.1
661 0 0 4.2
661 500 2100 3.4
661 1000 3800 3.2
661 1500 5400 4.1
662 0 0 4.2
662 500 2100 3.4
662 1000 3800 3.2
662 1500 5400 4.1
663 0 0 4.2
663 500 2100 3.4
663 1000 3800 3.2
663 1500 5400 4.1
664 0 0 4.2
664 500 2100 3.4
664 1000 3800 3.2
664 1500 5400 4.1
665 0 0 4.2
665 500 2100 3.4
665 1000 3800 3.2
665 1500 5400 4.1
666 0 0 4.2
666 500 2100 3.4
666 1000 3800 3.2
666 1500 5400 4.1
667 0 0 4.2
667 500 2100 3.4
667 1000 3800 3.2
667 1500 5400 4.1
668 0 0 4.2
668 500 2100 3.4
668 1000 3800 3.2
668 1500 5400 4.1
669 0 0 4.2
669 500 2100 3.4
669 1000 3800 3.2
669 1500 5400 4.1
670 0 0 4.2
670 500 2100 3.4
670 1000 3800 3.2
670 1500 5400 4.1
671 0 0 4.2
671 500 2100 3.4
671 1000 3800 3.2
671 1500 5400 4.1
672 0 0 4.2
672 500 2100 3.4
672 1000 3800 3.2
672 1500 5400 4.1
673 0 0 4.2
673 500 2100 3.4
673 1000 3800 3.2
673 1500 5400 4.1
674 0 0 4.2
674 500 2100 3.4
674 1000 3800 3.2
674 1500 5400 4.1
675 0 0 4.2
675 500 2100 3.4
675 1000 3800 3.2
675 1500 5400 4.1
676 0 0 4.2
676 500 2100 3.4
676 1000 3800 3.2
676 1500 5400 4.1
677 0 0 4.2
677 500 2100 3.4
677 1000 3800 3.2
677 1500 5400 4.1
678 0 0 4.2
678 500 2100 3.4
678 1000 3800 3.2
678 1500 5400 4.1
679 0 0 4.2
679 500 2100 3.4
679 1000 3800 3.2
679 1500 5400 4.1
680 0 0 4.2
680 500 2100 3.4
680 1000 3800 3.2
680 1500 5400 4.1
681 0 0 4.2
681 500 2100 3.4
681 1000 3800 3.2
681 1500 5400 4.1
682 0 0 4.2
682 500 2100 3.4
682 1000 3800 3.2
682 1500 5400 4.1
683 0 0 4.2
683 500 2100 3.4
683 1000 3800 3.2
683 1500 5400 4.1
684 0 0 4.2
684 500 2100 3.4
684 1000 3800 3.2
684 1500 5400 4.1
685 0 0 4.2
685 500 2100 3.4
685 1000 3800 3.2
685 1500 5400 4.1
686 0 0 4.2
686 500 2100 3.4
686 1000 3800 3.2
686 1500 5400 4.1
687 0 0 4.2
687 500 2100 3.4
687 1000 3800 3.2
687 1500 5400 4.1
688 0 0 4.2
688 500 2100 3.4
688 1000 3800 3.2
688 1500 5400 4.1
689 0 0 4.2
689 500 2100 3.4
689 1000 3800 3.2
689 1500 5400 4.1
690 0 0 4.2
690 500 2100 3.4
690 1000 3800 3.2
690 1500 5400 4.1
691 0 0 4.2
691 500 2100 3.4
691 1000 3800 3.2
691 1500 5400 4.1
692 0 0 4.2
692 500 2100 3.4
692 1000 3800 3.2
692 1500 5400 4.1
693 0 0 4.2
693 500 2100 3.4
693 1000 3800 3.2
693 1500 5400 4.1
694 0 0 4.2
694 500 2100 3.4
694 1000 3800 3.2
694 1500 5400 4.1
695 0 0 4.2
695 500 2100 3.4
695 1000 3800 3.2
695 1500 5400 4.1
696 0 0 4.2
696 500 2100 3.4
696 1000 3800 3.2
696 1500 5400 4.1
697 0 0 4.2
697 500 2100 3.4
697 1000 3800 3.2
697 1500 5400 4.1
698 0 0 4.2
698 500 2100 3.4
698 1000 3800 3.2
698 1500 5400 4.1
699 0 0 4.2
699 500 2100 3.4
699 1000 3800 3.2
699 1500 5400 4.1
700 0 0 4.2
700 500 2100 3.4
700 1000 3800 3.2
700 1500 5400 4.1
701 0 0 4.2
701 500 2100 3.4
701 1000 3800 3.2
701 1500 5400 4.1
702 0 0 4.2
702 500 2100 3.4
702 1000 3800 3.2
702 1500 5400 4.1
703 0 0 4.2
703 500 2100 3.4
703 1000 3800 3.2
703 1500 5400 4.1
704 0 0 4.2
704 500 2100 3.4
704 1000 3800 3.2
704 1500 5400 4.1
705 0 0 4.2
705 500 2100 3.4
705 1000 3800 3.2
705 1500 5400 4.1
706 0 0 4.2
706 500 2100 3.4
706 1000 3800 3.2
706 1500 5400 4.1
707 0 0 4.2
707 500 2100 3.4
707 1000 3800 3.2
707 1500 5400 4.1
708 0 0 4.2
708 500 2100 3.4
708 1000 3800 3.2
708 1500 5400 4.1
709 0 0 4.2
709 500 2100 3.4
709 1000 3800 3.2
709 1500 5400 4.1
710 0 0 4.2
710 500 2100 3.4
710 1000 3800 3.2
710 1500 5400 4.1
711 0 0 4.2
711 500 2100 3.4
711 1000 3800 3.2
711 1500 5400 4.1
712 0 0 4.2
712 500 2100 3.4
712 1000 3800 3.2
712 1500 5400 4.1
713 0 0 4.2
713 500 2100 3.4
713 1000 3800 3.2
713 1500 5400 4.1
714 0 0 4.2
714 500 2100 3.4
714 1000 3800 3.2
714 1500 5400 4.1
715 0 0 4.2
715 500 2100 3.4
715 1000 3800 3.2
715 1500 5400 4.1
716 0 0 4.2
716 500 2100 3.4
716 1000 3800 3.2
716 1500 5400 4.1
717 0 0 4.2
717 500 2100 3.4
717 1000 3800 3.2
717 1500 5400 4.1
718 0 0 4.2
718 500 2100 3.4
718 1000 3800 3.2
718 1500 5400 4.1
719 0 0 4.2
719 500 2100 3.4
719 1000 3800 3.2
719 1500 5400 4.1
720 0 0 4.2
720 500 2100 3.4
720 1000 3800 3.2
720 1500 5400 4.1
721 0 0 4.2
721 500 2100 3.4
721 1000 3800 3.2
721 1500 5400 4.1
722 0 0 4.2
722 500 2100 3.4
722 1000 3800 3.2
722 1500 5400 4.1
723 0 0 4.2
723 500 2100 3.4
723 1000 3800 3.2
723 1500 5400 4.1
724 0 0 4.2
724 500 2100 3.4
724 1000 3800 3.2
724 1500 5400 4.1
725 0 0 4.2
725 500 2100 3.4
725 1000 3800 3.2
725 1500 5400 4.1
726 0 0 4.2
726 500 2100 3.4
726 1000 3800 3.2
726 1500 5400 4.1
727 0 0 4.2
727 500 2100 3.4
727 1000 3800 3.2
727 1500 5400 4.1
728 0 0 4.2
728 500 2100 3.4
728 1000 3800 3.2
728 1500 5400 4.1
729 0 0 4.2
729 500 2100 3.4
729 1000 3800 3.2
729 1500 5400 4.1
730 0 0 4.2
730 500 2100 3.4
730 1000 3800 3.2
730 1500 5400 4.1
731 0 0 4.2
731 500 2100 3.4
731 1000 3800 3.2
731 1500 5400 4.1
732 0 0 4.2
732 500 2100 3.4
732 1000 3800 3.2
732 1500 5400 4.1
733 0 0 4.2
733 500 2100 3.4
733 1000 3800 3.2
733 1500 5400 4.1
734 0 0 4.2
734 500 2100 3.4
734 1000 3800 3.2
734 1500 5400 4.1
735 0 0 4.2
735 500 2100 3.4
735 1000 3800 3.2
735 1500 5400 4.1
736 0 0 4.2
736 500 2100 3.4
736 1000 3800 3.2
736 1500 5400 4.1
737 0 0 4.2
737 500 2100 3.4
737 1000 3800 3.2
737 1500 5400 4.1
738 0 0 4.2
738 500 2100 3.4
738 1000 3800 3.2
738 1500 5400 4.1
739 0 0 4.2
739 500 2100 3.4
739 1000 3800 3.2
739 1500 5400 4.1
740 0 0 4.2
740 500 2100 3.4
740 1000 3800 3.2
740 1500 5400 4.1
741 0 0 4.2
741 500 2100 3.4
741 1000 3800 3.2
741 1500 5400 4.1
742 0 0 4.2
742 500 2100 3.4
742 1000 3800 3.2
742 1500 5400 4.1
743 0 0 4.2
743 500 2100 3.4
743 1000 3800 3.2
743 1500 5400 4.1
744 0 0 4.2
744 500 2100 3.4
744 1000 3800 3.2
744 1500 5400 4.1
745 0 0 4.2
745 500 2100 3.4
745 1000 3800 3.2
745 1500 5400 4.1
746 0 0 4.2
746 500 2100 3.4
746 1000 3800 3.2
746 1500 5400 4.1
747 0 0 4.2
747 500 2100 3.4
747 1000 3800 3.2
747 1500 5400 4.1
748 0 0 4.2
748 500 2100 3.4
748 1000 3800 3.2
748 1500 5400 4.1
749 0 0 4.2
749 500 2100 3.4
749 1000 3800 3.2
749 1500 5400 4.1
750 0 0 4.2
750 500 2100 3.4
750 1000 3800 3.2
750 1500 5400 4.1
751 0 0 4.2
751 500 2100 3.4
751 1000 3800 3.2
751 1500 5400 4.1
752 0 0 4.2
752 500 2100 3.4
752 1000 3800 3.2
752 1500 5400 4.1
753 0 0 4.2
753 500 2100 3.4
753 1000 3800 3.2
753 1500 5400 4.1
754 0 0 4.2
754 500 2100 3.4
754 1000 3800 3.2
754 1500 5400 4.1
755 0 0 4.2
755 500 2100 3.4
755 1000 3800 3.2
755 1500 5400 4.1
756 0 0 4.2
756 500 2100 3.4
756 1000 3800 3.2
756 1500 5400 4.1
757 0 0 4.2
757 500 2100 3.4
757 1000 3800 3.2
757 1500 5400 4.1
758 0 0 4.2
758 500 2100 3.4
758 1000 3800 3.2
758 1500 5400 4.1
759 0 0 4.2
759 500 2100 3.4
759 1000 3800 3.2
759 1500 5400 4.1
760 0 0 4.2
760 500 2100 3.4
760 1000 3800 3.2
760 1500 5400 4.1
761 0 0 4.2
761 500 2100 3.4
761 1000 3800 3.2
761 1500 5400 4.1
762 0 0 4.2
762 500 2100 3.4
762 1000 3800 3.2
762 1500 5400 4.1
763 0 0 4.2
763 500 2100 3.4
763 1000 3800 3.2
763 1500 5400 4.1
764 0 0 4.2
764 500 2100 3.4
764 1000 3800 3.2
764 1500 5400 4.1
765 0 0 4.2
765 500 2100 3.4
765 1000 3800 3.2
765 1500 5400 4.1
766 0 0 4.2
766 500 2100 3.4
766 1000 3800 3.2
766 1500 5400 4.1
767 0 0 4.2
767 500 2100 3.4
767 1000 3800 3.2
767 1500 5400 4.1
768 0 0 4.2
768 500 2100 3.4
768 1000 3800 3.2
768 1500 5400 4.1
769 0 0 4.2
769 500 2100 3.4
769 1000 3800 3.2
769 1500 5400 4.1
770 0 0 4.2
770 500 2100 3.4
770 1000 3800 3.2
770 1500 5400 4.1
771 0 0 4.2
771 500 2100 3.4
771 1000 3800 3.2
771 1500 5400 4.1
772 0 0 4.2
772 500 2100 3.4
772 1000 3800 3.2
772 1500 5400 4.1
773 0 0 4.2
773 500 2100 3.4
773 1000 3800 3.2
773 1500 5400 4.1
774 0 0 4.2
774 500 2100 3.4
774 1000 3800 3.2
774 1500 5400 4.1
775 0 0 4.2
775 500 2100 3.4
775 1000 3800 3.2
775 1500 5400 4.1
776 0 0 4.2
776 500 2100 3.4
776 1000 3800 3.2
776 1500 5400 4.1
777 0 0 4.2
777 500 2100 3.4
777 1000 3800 3.2
777 1500 5400 4.1
778 0 0 4.2
778 500 2100 3.4
778 1000 3800 3.2
778 1500 5400 4.1
779 0 0 4.2
779 500 2100 3.4
779 1000 3800 3.2
779 1500 5400 4.1
780 0 0 4.2
780 500 2100 3.4
780 1000 3800 3.2
780 1500 5400 4.1
781 0 0 4.2
781 500 2100 3.4
781 1000 3800 3.2
781 1500 5400 4.1
782 0 0 4.2
782 500 2100 3.4
782 1000 3800 3.2
782 1500 5400 4.1
783 0 0 4.2
783 500 2100 3.4
783 1000 3800 3.2
783 1500 5400 4.1
784 0 0 4.2
784 500 2100 3.4
784 1000 3800 3.2
784 1500 5400 4.1
785 0 0 4.2
785 500 2100 3.4
785 1000 3800 3.2
785 1500 5400 4.1
786 0 0 4.2
786 500 2100 3.4
786 1000 3800 3.2
786 1500 5400 4.1
787 0 0 4.2
787 500 2100 3.4
787 1000 3800 3.2
787 1500 5400 4.1
788 0 0 4.2
788 500 2100 3.4
788 1000 3800 3.2
788 1500 5400 4.1
789 0 0 4.2
789 500 2100 3.4
789 1000 3800 3.2
789 1500 5400 4.1
790 0 0 4.2
790 500 2100 3.4
790 1000 3800 3.2
790 1500 5400 4.1
791 0 0 4.2
791 500 2100 3.4
791 1000 3800 3.2
791 1500 5400 4.1
792 0 0 4.2
792 500 2100 3.4
792 1000 3800 3.2
792 1500 5400 4.1
793 0 0 4.2
793 500 2100 3.4
793 1000 3800 3.2
793 1500 5400 4.1
794 0 0 4.2
794 500 2100 3.4
794 1000 3800 3.2
794 1500 5400 4.1
795 0 0 4.2
795 500 2100 3.4
795 1000 3800 3.2
795 1500 5400 4.1
796 0 0 4.2
796 500 2100 3.4
796 1000 3800 3.2
796 1500 5400 4.1
797 0 0 4.2
797 500 2100 3.4
797 1000 3800 3.2
797 1500 5400 4.1
798 0 0 4.2
798 500 2100 3.4
798 1000 3800 3.2
798 1500 5400 4.1
799 0 0 4.2
799 500 2100 3.4
799 1000 3800 3.2
799 1500 5400 4.1
800 0 0 4.2
800 500 2100 3.4
800 1000 3800 3.2
800 1500 5400 4.1
801 0 0 4.2
801 500 2100 3.4
801 1000 3800 3.2
801 1500 5400 4.1
802 0 0 4.2
802 500 2100 3.4
802 1000 3800 3.2
802 1500 5400 4.1
803 0 0 4.2
803 500 2100 3.4
803 1000 3800 3.2
803 1500 5400 4.1
804 0 0 4.2
804 500 2100 3.4
804 1000 3800 3.2
804 1500 5400 4.1
805 0 0 4.2
805 500 2100 3.4
805 1000 3800 3.2
805 1500 5400 4.1
806 0 0 4.2
806 500 2100 3.4
806 1000 3800 3.2
806 1500 5400 4.1
807 0 0 4.2
807 500 2100 3.4
807 1000 3800 3.2
807 1500 5400 4.1
808 0 0 4.2
808 500 2100 3.4
808 1000 3800 3.2
808 1500 5400 4.1
809 0 0 4.2
809 500 2100 3.4
809 1000 3800 3.2
809 1500 5400 4.1
810 0 0 4.2
810 500 2100 3.4
810 1000 3800 3.2
810 1500 5400 4.1
811 0 0 4.2
811 500 2100 3.4
811 1000 3800 3.2
811 1500 5400 4.1
812 0 0 4.2
812 500 2100 3.4
812 1000 3800 3.2
812 1500 5400 4.1
813 0 0 4.2
813 500 2100 3.4
813 1000 3800 3.2
813 1500 5400 4.1
814 0 0 4.2
814 500 2100 3.4
814 1000 3800 3.2
814 1500 5400 4.1
815 0 0 4.2
815 500 2100 3.4
815 1000 3800 3.2
815 1500 5400 4.1
816 0 0 4.2
816 500 2100 3.4
816 1000 3800 3.2
816 1500 5400 4.1
817 0 0 4.2
817 500 2100 3.4
817 1000 3800 3.2
817 1500 5400 4.1
818 0 0 4.2
818 500 2100 3.4
818 1000 3800 3.2
818 1500 5400 4.1
819 0 0 4.2
819 500 2100 3.4
819 1000 3800 3.2
819 1500 5400 4.1
820 0 0 4.2
820 500 2100 3.4
820 1000 3800 3.2
820 1500 5400 4.1
821 0 0 4.2
821 500 2100 3.4
821 1000 3800 3.2
821 1500 5400 4.1
822 0 0 4.2
822 500 2100 3.4
822 1000 3800 3.2
822 1500 5400 4.1
823 0 0 4.2
823 500 2100 3.4
823 1000 3800 3.2
823 1500 5400 4.1
824 0 0 4.2
824 500 2100 3.4
824 1000 3800 3.2
824 1500 5400 4.1
825 0 0 4.2
825 500 2100 3.4
825 1000 3800 3.2
825 1500 5400 4.1
826 0 0 4.2
826 500 2100 3.4
826 1000 3800 3.2
826 1500 5400 4.1
827 0 0 4.2
827 500 2100 3.4
827 1000 3800 3.2
827 1500 5400 4.1
828 0 0 4.2
828 500 2100 3.4
828 1000 3800 3.2
828 1500 5400 4.1
829 0 0 4.2
829 500 2100 3.4
829 1000 3800 3.2
829 1500 5400 4.1
830 0 0 4.2
830 500 2100 3.4
830 1000 3800 3.2
830 1500 5400 4.1
831 0 0 4.2
831 500 2100 3.4
831 1000 3800 3.2
831 1500 5400 4.1
832 0 0 4.2
832 500 2100 3.4
832 1000 3800 3.2
832 1500 5400 4.1
833 0 0 4.2
833 500 2100 3.4
833 1000 3800 3.2
833 1500 5400 4.1
834 0 0 4.2
834 500 2100 3.4
834 1000 3800 3.2
834 1500 5400 4.1
835 0 0 4.2
835 500 2100 3.4
835 1000 3800 3.2
835 1500 5400 4.1
836 0 0 4.2
836 500 2100 3.4
836 1000 3800 3.2
836 1500 5400 4.1
837 0 0 4.2
837 500 2100 3.4
837 1000 3800 3.2
837 1500 5400 4.1
838 0 0 4.2
838 500 2100 3.4
838 1000 3800 3.2
838 1500 5400 4.1
839 0 0 4.2
839 500 2100 3.4
839 1000 3800 3.2
839 1500 5400 4.1
840 0 0 4.2
840 500 2100 3.4
840 1000 3800 3.2
840 1500 5400 4.1
841 0 0 4.2
841 500 2100 3.4
841 1000 3800 3.2
841 1500 5400 4.1
842 0 0 4.2
842 500 2100 3.4
842 1000 3800 3.2
842 1500 5400 4.1
843 0 0 4.2
843 500 2100 3.4
843 1000 3800 3.2
843 1500 5400 4.1
844 0 0 4.2
844 500 2100 3.4
844 1000 3800 3.2
844 1500 5400 4.1
845 0 0 4.2
845 500 2100 3.4
845 1000 3800 3.2
845 1500 5400 4.1
846 0 0 4.2
846 500 2100 3.4
846 1000 3800 3.2
846 1500 5400 4.1
847 0 0 4.2
847 500 2100 3.4
847 1000 3800 3.2
847 1500 5400 4.1
848 0 0 4.2
848 500 2100 3.4
848 1000 3800 3.2
848 1500 5400 4.1
849 0 0 4.2
849 500 2100 3.4
849 1000 3800 3.2
849 1500 5400 4.1
850 0 0 4.2
850 500 2100 3.4
850 1000 3800 3.2
850 1500 5400 4.1
851 0 0 4.2
851 500 2100 3.4
851 1000 3800 3.2
851 1500 5400 4.1
852 0 0 4.2
852 500 2100 3.4
852 1000 3800 3.2
852 1500 5400 4.1
853 0 0 4.2
853 500 2100 3.4
853 1000 3800 3.2
853 1500 5400 4.1
854 0 0 4.2
854 500 2100 3.4
854 1000 3800 3.2
854 1500 5400 4.1
855 0 0 4.2
855 500 2100 3.4
855 1000 3800 3.2
855 1500 5400 4.1
856 0 0 4.2
856 500 2100 3.4
856 1000 3800 3.2
856 1500 5400 4.1
857 0 0 4.2
857 500 2100 3.4
857 1000 3800 3.2
857 1500 5400 4.1
858 0 0 4.2
858 500 2100 3.4
858 1000 3800 3.2
858 1500 5400 4.1
859 0 0 4.2
859 500 2100 3.4
859 1000 3800 3.2
859 1500 5400 4.1
860 0 0 4.2
860 500 2100 3.4
860 1000 3800 3.2
860 1500 5400 4.1
861 0 0 4.2
861 500 2100 3.4
861 1000 3800 3.2
861 1500 5400 4.1
862 0 0 4.2
862 500 2100 3.4
862 1000 3800 3.2
862 1500 5400 4.1
863 0 0 4.2
863 500 2100 3.4
863 1000 3800 3.2
863 1500 5400 4.1
864 0 0 4.2
864 500 2100 3.4
864 1000 3800 3.2
864 1500 5400 4.1
865 0 0 4.2
865 500 2100 3.4
865 1000 3800 3.2
865 1500 5400 4.1
866 0 0 4.2
866 500 2100 3.4
866 1000 3800 3.2
866 1500 5400 4.1
867 0 0 4.2
867 500 2100 3.4
867 1000 3800 3.2
867 1500 5400 4.1
868 0 0 4.2
868 500 2100 3.4
868 1000 3800 3.2
868 1500 5400 4.1
869 0 0 4.2
869 500 2100 3.4
869 1000 3800 3.2
869 1500 5400 4.1
870 0 0 4.2
870 500 2100 3.4
870 1000 3800 3.2
870 1500 5400 4.1
871 0 0 4.2
871 500 2100 3.4
871 1000 3800 3.2
871 1500 5400 4.1
872 0 0 4.2
872 500 2100 3.4
872 1000 3800 3.2
872 1500 5400 4.1
873 0 0 4.2
873 500 2100 3.4
873 1000 3800 3.2
873 1500 5400 4.1
874 0 0 4.2
874 500 2100 3.4
874 1000 3800 3.2
874 1500 5400 4.1
875 0 0 4.2
875 500 2100 3.4
875 1000 3800 3.2
875 1500 5400 4.1
876 0 0 4.2
876 500 2100 3.4
876 1000 3800 3.2
876 1500 5400 4.1
877 0 0 4.2
877 500 2100 3.4
877 1000 3800 3.2
877 1500 5400 4.1
878 0 0 4.2
878 500 2100 3.4
878 1000 3800 3.2
878 1500 5400 4.1
879 0 0 4.2
879 500 2100 3.4
879 1000 3800 3.2
879 1500 5400 4.1
880 0 0 4.2
880 500 2100 3.4
880 1000 3800 3.2
880 1500 5400 4.1
881 0 0 4.2
881 500 2100 3.4
881 1000 3800 3.2
881 1500 5400 4.1
882 0 0 4.2
882 500 2100 3.4
882 1000 3800 3.2
882 1500 5400 4.1
883 0 0 4.2
883 500 2100 3.4
883 1000 3800 3.2
883 1500 5400 4.1
884 0 0 4.2
884 500 2100 3.4
884 1000 3800 3.2
884 1500 5400 4.1
885 0 0 4.2
885 500 2100 3.4
885 1000 3800 3.2
885 1500 5400 4.1
886 0 0 4.2
886 500 2100 3.4
886 1000 3800 3.2
886 1500 5400 4.1
887 0 0 4.2
887 500 2100 3.4
887 1000 3800 3.2
887 1500 5400 4.1
888 0 0 4.2
888 500 2100 3.4
888 1000 3800 3.2
888 1500 5400 4.1
889 0 0 4.2
889 500 2100 3.4
889 1000 3800 3.2
889 1500 5400 4.1
890 0 0 4.2
890 500 2100 3.4
890 1000 3800 3.2
890 1500 5400 4.1
891 0 0 4.2
891 500 2100 3.4
891 1000 3800 3.2
891 1500 5400 4.1
892 0 0 4.2
892 500 2100 3.4
892 1000 3800 3.2
892 1500 5400 4.1
893 0 0 4.2
893 500 2100 3.4
893 1000 3800 3.2
893 1500 5400 4.1
894 0 0 4.2
894 500 2100 3.4
894 1000 3800 3.2
894 1500 5400 4.1
895 0 0 4.2
895 500 2100 3.4
895 1000 3800 3.2
895 1500 5400 4.1
896 0 0 4.2
896 500 2100 3.4
896 1000 3800 3.2
896 1500 5400 4.1
897 0 0 4.2
897 500 2100 3.4
897 1000 3800 3.2
897 1500 5400 4.1
898 0 0 4.2
898 500 2100 3.4
898 1000 3800 3.2
898 1500 5400 4.1
899 0 0 4.2
899 500 2100 3.4
899 1000 3800 3.2
899 1500 5400 4.1
900 0 0 4.2
900 500 2100 3.4
900 1000 3800 3.2
900 1500 5400 4.1
901 0 0 4.2
901 500 2100 3.4
901 1000 3800 3.2
901 1500 5400 4.1
902 0 0 4.2
902 500 2100 3.4
902 1000 3800 3.2
902 1500 5400 4.1
903 0 0 4.2
903 500 2100 3.4
903 1000 3800 3.2
903 1500 5400 4.1
904 0 0 4.2
904 500 2100 3.4
904 1000 3800 3.2
904 1500 5400 4.1
905 0 0 4.2
905 500 2100 3.4
905 1000 3800 3.2
905 1500 5400 4.1
906 0 0 4.2
906 500 2100 3.4
906 1000 3800 3.2
906 1500 5400 4.1
907 0 0 4.2
907 500 2100 3.4
907 1000 3800 3.2
907 1500 5400 4.1
908 0 0 4.2
908 500 2100 3.4
908 1000 3800 3.2
908 1500 5400 4.1
909 0 0 4.2
909 500 2100 3.4
909 1000 3800 3.2
909 1500 5400 4.1
910 0 0 4.2
910 500 2100 3.4
910 1000 3800 3.2
910 1500 5400 4.1
911 0 0 4.2
911 500 2100 3.4
911 1000 3800 3.2
911 1500 5400 4.1
912 0 0 4.2
912 500 2100 3.4
912 1000 3800 3.2
912 1500 5400 4.1
913 0 0 4.2
913 500 2100 3.4
913 1000 3800 3.2
913 1500 5400 4.1
914 0 0 4.2
914 500 2100 3.4
914 1000 3800 3.2
914 1500 5400 4.1
915 0 0 4.2
915 500 2100 3.4
915 1000 3800 3.2
915 1500 5400 4.1
916 0 0 4.2
916 500 2100 3.4
916 1000 3800 3.2
916 1500 5400 4.1
917 0 0 4.2
917 500 2100 3.4
917 1000 3800 3.2
917 1500 5400 4.1
918 0 0 4.2
918 500 2100 3.4
918 1000 3800 3.2
918 1500 5400 4.1
919 0 0 4.2
919 500 2100 3.4
919 1000 3800 3.2
919 1500 5400 4.1
920 0 0 4.2
920 500 2100 3.4
920 1000 3800 3.2
920 1500 5400 4.1
921 0 0 4.2
921 500 2100 3.4
921 1000 3800 3.2
921 1500 5400 4.1
922 0 0 4.2
922 500 2100 3.4
922 1000 3800 3.2
922 1500 5400 4.1
923 0 0 4.2
923 500 2100 3.4
923 1000 3800 3.2
923 1500 5400 4.1
924 0 0 4.2
924 500 2100 3.4
924 1000 3800 3.2
924 1500 5400 4.1
925 0 0 4.2
925 500 2100 3.4
925 1000 3800 3.2
925 1500 5400 4.1
926 0 0 4.2
926 500 2100 3.4
926 1000 3800 3.2
926 1500 5400 4.1
927 0 0 4.2
927 500 2100 3.4
927 1000 3800 3.2
927 1500 5400 4.1
928 0 0 4.2
928 500 2100 3.4
928 1000 3800 3.2
928 1500 5400 4.1
929 0 0 4.2
929 500 2100 3.4
929 1000 3800 3.2
929 1500 5400 4.1
930 0 0 4.2
930 500 2100 3.4
930 1000 3800 3.2
930 1500 5400 4.1
931 0 0 4.2
931 500 2100 3.4
931 1000 3800 3.2
931 1500 5400 4.1
932 0 0 4.2
932 500 2100 3.4
932 1000 3800 3.2
932 1500 5400 4.1
933 0 0 4.2
933 500 2100 3.4
933 1000 3800 3.2
933 1500 5400 4.1
934 0 0 4.2
934 500 2100 3.4
934 1000 3800 3.2
934 1500 5400 4.1
935 0 0 4.2
935 500 2100 3.4
935 1000 3800 3.2
935 1500 5400 4.1
936 0 0 4.2
936 500 2100 3.4
936 1000 3800 3.2
936 1500 5400 4.1
937 0 0 4.2
937 500 2100 3.4
937 1000 3800 3.2
937 1500 5400 4.1
938 0 0 4.2
938 500 2100 3.4
938 1000 3800 3.2
938 1500 5400 4.1
939 0 0 4.2
939 500 2100 3.4
939 1000 3800 3.2
939 1500 5400 4.1
940 0 0 4.2
940 500 2100 3.4
940 1000 3800 3.2
940 1500 5400 4.1
941 0 0 4.2
941 500 2100 3.4
941 1000 3800 3.2
941 1500 5400 4.1
942 0 0 4.2
942 500 2100 3.4
942 1000 3800 3.2
942 1500 5400 4.1
943 0 0 4.2
943 500 2100 3.4
943 1000 3800 3.2
943 1500 5400 4.1
944 0 0 4.2
944 500 2100 3.4
944 1000 3800 3.2
944 1500 5400 4.1
945 0 0 4.2
945 500 2100 3.4
945 1000 3800 3.2
945 1500 5400 4.1
946 0 0 4.2
946 500 2100 3.4
946 1000 3800 3.2
946 1500 5400 4.1
947 0 0 4.2
947 500 2100 3.4
947 1000 3800 3.2
947 1500 5400 4.1
948 0 0 4.2
948 500 2100 3.4
948 1000 3800 3.2
948 1500 5400 4.1
949 0 0 4.2
949 500 2100 3.4
949 1000 3800 3.2
949 1500 5400 4.1
950 0 0 4.2
950 500 2100 3.4
950 1000 3800 3.2
950 1500 5400 4.1
951 0 0 4.2
951 500 2100 3.4
951 1000 3800 3.2
951 1500 5400 4.1
952 0 0 4.2
952 500 2100 3.4
952 1000 3800 3.2
952 1500 5400 4.1
953 0 0 4.2
953 500 2100 3.4
953 1000 3800 3.2
953 1500 5400 4.1
954 0 0 4.2
954 500 2100 3.4
954 1000 3800 3.2
954 1500 5400 4.1
955 0 0 4.2
955 500 2100 3.4
955 1000 3800 3.2
955 1500 5400 4.1
956 0 0 4.2
956 500 2100 3.4
956 1000 3800 3.2
956 1500 5400 4.1
957 0 0 4.2
957 500 2100 3.4
957 1000 3800 3.2
957 1500 5400 4.1
958 0 0 4.2
958 500 2100 3.4
958 1000 3800 3.2
958 1500 5400 4.1
959 0 0 4.2
959 500 2100 3.4
959 1000 3800 3.2
959 1500 5400 4.1
960 0 0 4.2
960 500 2100 3.4
960 1000 3800 3.2
960 1500 5400 4.1
961 0 0 4.2
961 500 2100 3.4
961 1000 3800 3.2
961 1500 5400 4.1
962 0 0 4.2
962 500 2100 3.4
962 1000 3800 3.2
962 1500 5400 4.1
963 0 0 4.2
963 500 2100 3.4
963 1000 3800 3.2
963 1500 5400 4.1
964 0 0 4.2
964 500 2100 3.4
964 1000 3800 3.2
964 1500 5400 4.1
965 0 0 4.2
965 500 2100 3.4
965 1000 3800 3.2
965 1500 5400 4.1
966 0 0 4.2
966 500 2100 3.4
966 1000 3800 3.2
966 1500 5400 4.1
967 0 0 4.2
967 500 2100 3.4
967 1000 3800 3.2
967 1500 5400 4.1
968 0 0 4.2
968 500 2100 3.4
968 1000 3800 3.2
968 1500 5400 4.1
969 0 0 4.2
969 500 2100 3.4
969 1000 3800 3.2
969 1500 5400 4.1
970 0 0 4.2
970 500 2100 3.4
970 1000 3800 3.2
970 1500 5400 4.1
971 0 0 4.2
971 500 2100 3.4
971 1000 3800 3.2
971 1500 5400 4.1
972 0 0 4.2
972 500 2100 3.4
972 1000 3800 3.2
972 1500 5400 4.1
973 0 0 4.2
973 500 2100 3.4
973 1000 3800 3.2
973 1500 5400 4.1
974 0 0 4.2
974 500 2100 3.4
974 1000 3800 3.2
974 1500 5400 4.1
975 0 0 4.2
975 500 2100 3.4
975 1000 3800 3.2
975 1500 5400 4.1
976 0 0 4.2
976 500 2100 3.4
976 1000 3800 3.2
976 1500 5400 4.1
977 0 0 4.2
977 500 2100 3.4
977 1000 3800 3.2
977 1500 5400 4.1
978 0 0 4.2
978 500 2100 3.4
978 1000 3800 3.2
978 1500 5400 4.1
979 0 0 4.2
979 500 2100 3.4
979 1000 3800 3.2
979 1500 5400 4.1
980 0 0 4.2
980 500 2100 3.4
980 1000 3800 3.2
980 1500 5400 4.1
981 0 0 4.2
981 500 2100 3.4
981 1000 3800 3.2
981 1500 5400 4.1
982 0 0 4.2
982 500 2100 3.4
982 1000 3800 3.2
982 1500 5400 4.1
983 0 0 4.2
983 500 2100 3.4
983 1000 3800 3.2
983 1500 5400 4.1
984 0 0 4.2
984 500 2100 3.4
984 1000 3800 3.2
984 1500 5400 4.1
985 0 0 4.2
985 500 2100 3.4
985 1000 3800 3.2
985 1500 5400 4.1
986 0 0 4.2
986 500 2100 3.4
986 1000 3800 3.2
986 1500 5400 4.1
987 0 0 4.2
987 500 2100 3.4
987 1000 3800 3.2
987 1500 5400 4.1
988 0 0 4.2
988 500 2100 3.4
988 1000 3800 3.2
988 1500 5400 4.1
989 0 0 4.2
989 500 2100 3.4
989 1000 3800 3.2
989 1500 5400 4.1
990 0 0 4.2
990 500 2100 3.4
990 1000 3800 3.2
990 1500 5400 4.1
991 0 0 4.2
991 500 2100 3.4
991 1000 3800 3.2
991 1500 5400 4.1
992 0 0 4.2
992 500 2100 3.4
992 1000 3800 3.2
992 1500 5400 4.1
993 0 0 4.2
993 500 2100 3.4
993 1000 3800 3.2
993 1500 5400 4.1
994 0 0 4.2
994 500 2100 3.4
994 1000 3800 3.2
994 1500 5400 4.1
995 0 0 4.2
995 500 2100 3.4
995 1000 3800 3.2
995 1500 5400 4.1
996 0 0 4.2
996 500 2100 3.4
996 1000 3800 3.2
996 1500 5400 4.1
997 0 0 4.2
997 500 2100 3.4
997 1000 3800 3.2
997 1500 5400 4.1
998 0 0 4.2
998 500 2100 3.4
998 1000 3800 3.2
998 1500 5400 4.1
999 0 0 4.2
999 500 2100 3.4
999 1000 3800 3.2
999 1500 5400 4.1
