500 4
0 0 0 4.8
0 25 120 2.6
0 50 185 4.4
0 75 295 4.3
1 0 0 4.8
1 25 120 2.6
1 50 185 4.4
1 75 295 4.3
2 0 0 4.8
2 25 120 2.6
2 50 185 4.4
2 75 295 4.3
3 0 0 4.8
3 25 120 2.6
3 50 185 4.4
3 75 295 4.3
4 0 0 4.8
4 25 120 2.6
4 50 185 4.4
4 75 295 4.3
5 0 0 4.8
5 25 120 2.6
5 50 185 4.4
5 75 295 4.3
6 0 0 4.8
6 25 120 2.6
6 50 185 4.4
6 75 295 4.3
7 0 0 4.8
7 25 120 2.6
7 50 185 4.4
7 75 295 4.3
8 0 0 4.8
8 25 120 2.6
8 50 185 4.4
8 75 295 4.3
9 0 0 4.8
9 25 120 2.6
9 50 185 4.4
9 75 295 4.3
10 0 0 4.8
10 25 120 2.6
10 50 185 4.4
10 75 295 4.3
11 0 0 4.8
11 25 120 2.6
11 50 185 4.4
11 75 295 4.3
12 0 0 4.8
12 25 120 2.6
12 50 185 4.4
12 75 295 4.3
13 0 0 4.8
13 25 120 2.6
13 50 185 4.4
13 75 295 4.3
14 0 0 4.8
14 25 120 2.6
14 50 185 4.4
14 75 295 4.3
15 0 0 4.8
15 25 120 2.6
15 50 185 4.4
15 75 295 4.3
16 0 0 4.8
16 25 120 2.6
16 50 185 4.4
16 75 295 4.3
17 0 0 4.8
17 25 120 2.6
17 50 185 4.4
17 75 295 4.3
18 0 0 4.8
18 25 120 2.6
18 50 185 4.4
18 75 295 4.3
19 0 0 4.8
19 25 120 2.6
19 50 185 4.4
19 75 295 4.3
20 0 0 4.8
20 25 120 2.6
20 50 185 4.4
20 75 295 4.3
21 0 0 4.8
21 25 120 2.6
21 50 185 4.4
21 75 295 4.3
22 0 0 4.8
22 25 120 2.6
22 50 185 4.4
22 75 295 4.3
23 0 0 4.8
23 25 120 2.6
23 50 185 4.4
23 75 295 4.3
24 0 0 4.8
24 25 120 2.6
24 50 185 4.4
24 75 295 4.3
25 0 0 4.8
25 25 120 2.6
25 50 185 4.4
25 75 295 4.3
26 0 0 4.8
26 25 120 2.6
26 50 185 4.4
26 75 295 4.3
27 0 0 4.8
27 25 120 2.6
27 50 185 4.4
27 75 295 4.3
28 0 0 4.8
28 25 120 2.6
28 50 185 4.4
28 75 295 4.3
29 0 0 4.8
29 25 120 2.6
29 50 185 4.4
29 75 295 4.3
30 0 0 4.8
30 25 120 2.6
30 50 185 4.4
30 75 295 4.3
31 0 0 4.8
31 25 120 2.6
31 50 185 4.4
31 75 295 4.3
32 0 0 4.8
32 25 120 2.6
32 50 185 4.4
32 75 295 4.3
33 0 0 4.8
33 25 120 2.6
33 50 185 4.4
33 75 295 4.3
34 0 0 4.8
34 25 120 2.6
34 50 185 4.4
34 75 295 4.3
35 0 0 4.8
35 25 120 2.6
35 50 185 4.4
35 75 295 4.3
36 0 0 4.8
36 25 120 2.6
36 50 185 4.4
36 75 295 4.3
37 0 0 4.8
37 25 120 2.6
37 50 185 4.4
37 75 295 4.3
38 0 0 4.8
38 25 120 2.6
38 50 185 4.4
38 75 295 4.3
39 0 0 4.8
39 25 120 2.6
39 50 185 4.4
39 75 295 4.3
40 0 0 4.8
40 25 120 2.6
40 50 185 4.4
40 75 295 4.3
41 0 0 4.8
41 25 120 2.6
41 50 185 4.4
41 75 295 4.3
42 0 0 4.8
42 25 120 2.6
42 50 185 4.4
42 75 295 4.3
43 0 0 4.8
43 25 120 2.6
43 50 185 4.4
43 75 295 4.3
44 0 0 4.8
44 25 120 2.6
44 50 185 4.4
44 75 295 4.3
45 0 0 4.8
45 25 120 2.6
45 50 185 4.4
45 75 295 4.3
46 0 0 4.8
46 25 120 2.6
46 50 185 4.4
46 75 295 4.3
47 0 0 4.8
47 25 120 2.6
47 50 185 4.4
47 75 295 4.3
48 0 0 4.8
48 25 120 2.6
48 50 185 4.4
48 75 295 4.3
49 0 0 4.8
49 25 120 2.6
49 50 185 4.4
49 75 295 4.3
50 0 0 4.8
50 25 120 2.6
50 50 185 4.4
50 75 295 4.3
51 0 0 4.8
51 25 120 2.6
51 50 185 4.4
51 75 295 4.3
52 0 0 4.8
52 25 120 2.6
52 50 185 4.4
52 75 295 4.3
53 0 0 4.8
53 25 120 2.6
53 50 185 4.4
53 75 295 4.3
54 0 0 4.8
54 25 120 2.6
54 50 185 4.4
54 75 295 4.3
55 0 0 4.8
55 25 120 2.6
55 50 185 4.4
55 75 295 4.3
56 0 0 4.8
56 25 120 2.6
56 50 185 4.4
56 75 295 4.3
57 0 0 4.8
57 25 120 2.6
57 50 185 4.4
57 75 295 4.3
58 0 0 4.8
58 25 120 2.6
58 50 185 4.4
58 75 295 4.3
59 0 0 4.8
59 25 120 2.6
59 50 185 4.4
59 75 295 4.3
60 0 0 4.8
60 25 120 2.6
60 50 185 4.4
60 75 295 4.3
61 0 0 4.8
61 25 120 2.6
61 50 185 4.4
61 75 295 4.3
62 0 0 4.8
62 25 120 2.6
62 50 185 4.4
62 75 295 4.3
63 0 0 4.8
63 25 120 2.6
63 50 185 4.4
63 75 295 4.3
64 0 0 4.8
64 25 120 2.6
64 50 185 4.4
64 75 295 4.3
65 0 0 4.8
65 25 120 2.6
65 50 185 4.4
65 75 295 4.3
66 0 0 4.8
66 25 120 2.6
66 50 185 4.4
66 75 295 4.3
67 0 0 4.8
67 25 120 2.6
67 50 185 4.4
67 75 295 4.3
68 0 0 4.8
68 25 120 2.6
68 50 185 4.4
68 75 295 4.3
69 0 0 4.8
69 25 120 2.6
69 50 185 4.4
69 75 295 4.3
70 0 0 4.8
70 25 120 2.6
70 50 185 4.4
70 75 295 4.3
71 0 0 4.8
71 25 120 2.6
71 50 185 4.4
71 75 295 4.3
72 0 0 4.8
72 25 120 2.6
72 50 185 4.4
72 75 295 4.3
73 0 0 4.8
73 25 120 2.6
73 50 185 4.4
73 75 295 4.3
74 0 0 4.8
74 25 120 2.6
74 50 185 4.4
74 75 295 4.3
75 0 0 4.8
75 25 120 2.6
75 50 185 4.4
75 75 295 4.3
76 0 0 4.8
76 25 120 2.6
76 50 185 4.4
76 75 295 4.3
77 0 0 4.8
77 25 120 2.6
77 50 185 4.4
77 75 295 4.3
78 0 0 4.8
78 25 120 2.6
78 50 185 4.4
78 75 295 4.3
79 0 0 4.8
79 25 120 2.6
79 50 185 4.4
79 75 295 4.3
80 0 0 4.8
80 25 120 2.6
80 50 185 4.4
80 75 295 4.3
81 0 0 4.8
81 25 120 2.6
81 50 185 4.4
81 75 295 4.3
82 0 0 4.8
82 25 120 2.6
82 50 185 4.4
82 75 295 4.3
83 0 0 4.8
83 25 120 2.6
83 50 185 4.4
83 75 295 4.3
84 0 0 4.8
84 25 120 2.6
84 50 185 4.4
84 75 295 4.3
85 0 0 4.8
85 25 120 2.6
85 50 185 4.4
85 75 295 4.3
86 0 0 4.8
86 25 120 2.6
86 50 185 4.4
86 75 295 4.3
87 0 0 4.8
87 25 120 2.6
87 50 185 4.4
87 75 295 4.3
88 0 0 4.8
88 25 120 2.6
88 50 185 4.4
88 75 295 4.3
89 0 0 4.8
89 25 120 2.6
89 50 185 4.4
89 75 295 4.3
90 0 0 4.8
90 25 120 2.6
90 50 185 4.4
90 75 295 4.3
91 0 0 4.8
91 25 120 2.6
91 50 185 4.4
91 75 295 4.3
92 0 0 4.8
92 25 120 2.6
92 50 185 4.4
92 75 295 4.3
93 0 0 4.8
93 25 120 2.6
93 50 185 4.4
93 75 295 4.3
94 0 0 4.8
94 25 120 2.6
94 50 185 4.4
94 75 295 4.3
95 0 0 4.8
95 25 120 2.6
95 50 185 4.4
95 75 295 4.3
96 0 0 4.8
96 25 120 2.6
96 50 185 4.4
96 75 295 4.3
97 0 0 4.8
97 25 120 2.6
97 50 185 4.4
97 75 295 4.3
98 0 0 4.8
98 25 120 2.6
98 50 185 4.4
98 75 295 4.3
99 0 0 4.8
99 25 120 2.6
99 50 185 4.4
99 75 295 4.3
100 0 0 4.8
100 25 120 2.6
100 50 185 4.4
100 75 295 4.3
101 0 0 4.8
101 25 120 2.6
101 50 185 4.4
101 75 295 4.3
102 0 0 4.8
102 25 120 2.6
102 50 185 4.4
102 75 295 4.3
103 0 0 4.8
103 25 120 2.6
103 50 185 4.4
103 75 295 4.3
104 0 0 4.8
104 25 120 2.6
104 50 185 4.4
104 75 295 4.3
105 0 0 4.8
105 25 120 2.6
105 50 185 4.4
105 75 295 4.3
106 0 0 4.8
106 25 120 2.6
106 50 185 4.4
106 75 295 4.3
107 0 0 4.8
107 25 120 2.6
107 50 185 4.4
107 75 295 4.3
108 0 0 4.8
108 25 120 2.6
108 50 185 4.4
108 75 295 4.3
109 0 0 4.8
109 25 120 2.6
109 50 185 4.4
109 75 295 4.3
110 0 0 4.8
110 25 120 2.6
110 50 185 4.4
110 75 295 4.3
111 0 0 4.8
111 25 120 2.6
111 50 185 4.4
111 75 295 4.3
112 0 0 4.8
112 25 120 2.6
112 50 185 4.4
112 75 295 4.3
113 0 0 4.8
113 25 120 2.6
113 50 185 4.4
113 75 295 4.3
114 0 0 4.8
114 25 120 2.6
114 50 185 4.4
114 75 295 4.3
115 0 0 4.8
115 25 120 2.6
115 50 185 4.4
115 75 295 4.3
116 0 0 4.8
116 25 120 2.6
116 50 185 4.4
116 75 295 4.3
117 0 0 4.8
117 25 120 2.6
117 50 185 4.4
117 75 295 4.3
118 0 0 4.8
118 25 120 2.6
118 50 185 4.4
118 75 295 4.3
119 0 0 4.8
119 25 120 2.6
119 50 185 4.4
119 75 295 4.3
120 0 0 4.8
120 25 120 2.6
120 50 185 4.4
120 75 295 4.3
121 0 0 4.8
121 25 120 2.6
121 50 185 4.4
121 75 295 4.3
122 0 0 4.8
122 25 120 2.6
122 50 185 4.4
122 75 295 4.3
123 0 0 4.8
123 25 120 2.6
123 50 185 4.4
123 75 295 4.3
124 0 0 4.8
124 25 120 2.6
124 50 185 4.4
124 75 295 4.3
125 0 0 4.8
125 25 120 2.6
125 50 185 4.4
125 75 295 4.3
126 0 0 4.8
126 25 120 2.6
126 50 185 4.4
126 75 295 4.3
127 0 0 4.8
127 25 120 2.6
127 50 185 4.4
127 75 295 4.3
128 0 0 4.8
128 25 120 2.6
128 50 185 4.4
128 75 295 4.3
129 0 0 4.8
129 25 120 2.6
129 50 185 4.4
129 75 295 4.3
130 0 0 4.8
130 25 120 2.6
130 50 185 4.4
130 75 295 4.3
131 0 0 4.8
131 25 120 2.6
131 50 185 4.4
131 75 295 4.3
132 0 0 4.8
132 25 120 2.6
132 50 185 4.4
132 75 295 4.3
133 0 0 4.8
133 25 120 2.6
133 50 185 4.4
133 75 295 4.3
134 0 0 4.8
134 25 120 2.6
134 50 185 4.4
134 75 295 4.3
135 0 0 4.8
135 25 120 2.6
135 50 185 4.4
135 75 295 4.3
136 0 0 4.8
136 25 120 2.6
136 50 185 4.4
136 75 295 4.3
137 0 0 4.8
137 25 120 2.6
137 50 185 4.4
137 75 295 4.3
138 0 0 4.8
138 25 120 2.6
138 50 185 4.4
138 75 295 4.3
139 0 0 4.8
139 25 120 2.6
139 50 185 4.4
139 75 295 4.3
140 0 0 4.8
140 25 120 2.6
140 50 185 4.4
140 75 295 4.3
141 0 0 4.8
141 25 120 2.6
141 50 185 4.4
141 75 295 4.3
142 0 0 4.8
142 25 120 2.6
142 50 185 4.4
142 75 295 4.3
143 0 0 4.8
143 25 120 2.6
143 50 185 4.4
143 75 295 4.3
144 0 0 4.8
144 25 120 2.6
144 50 185 4.4
144 75 295 4.3
145 0 0 4.8
145 25 120 2.6
145 50 185 4.4
145 75 295 4.3
146 0 0 4.8
146 25 120 2.6
146 50 185 4.4
146 75 295 4.3
147 0 0 4.8
147 25 120 2.6
147 50 185 4.4
147 75 295 4.3
148 0 0 4.8
148 25 120 2.6
148 50 185 4.4
148 75 295 4.3
149 0 0 4.8
149 25 120 2.6
149 50 185 4.4
149 75 295 4.3
150 0 0 4.8
150 25 120 2.6
150 50 185 4.4
150 75 295 4.3
151 0 0 4.8
151 25 120 2.6
151 50 185 4.4
151 75 295 4.3
152 0 0 4.8
152 25 120 2.6
152 50 185 4.4
152 75 295 4.3
153 0 0 4.8
153 25 120 2.6
153 50 185 4.4
153 75 295 4.3
154 0 0 4.8
154 25 120 2.6
154 50 185 4.4
154 75 295 4.3
155 0 0 4.8
155 25 120 2.6
155 50 185 4.4
155 75 295 4.3
156 0 0 4.8
156 25 120 2.6
156 50 185 4.4
156 75 295 4.3
157 0 0 4.8
157 25 120 2.6
157 50 185 4.4
157 75 295 4.3
158 0 0 4.8
158 25 120 2.6
158 50 185 4.4
158 75 295 4.3
159 0 0 4.8
159 25 120 2.6
159 50 185 4.4
159 75 295 4.3
160 0 0 4.8
160 25 120 2.6
160 50 185 4.4
160 75 295 4.3
161 0 0 4.8
161 25 120 2.6
161 50 185 4.4
161 75 295 4.3
162 0 0 4.8
162 25 120 2.6
162 50 185 4.4
162 75 295 4.3
163 0 0 4.8
163 25 120 2.6
163 50 185 4.4
163 75 295 4.3
164 0 0 4.8
164 25 120 2.6
164 50 185 4.4
164 75 295 4.3
165 0 0 4.8
165 25 120 2.6
165 50 185 4.4
165 75 295 4.3
166 0 0 4.8
166 25 120 2.6
166 50 185 4.4
166 75 295 4.3
167 0 0 4.8
167 25 120 2.6
167 50 185 4.4
167 75 295 4.3
168 0 0 4.8
168 25 120 2.6
168 50 185 4.4
168 75 295 4.3
169 0 0 4.8
169 25 120 2.6
169 50 185 4.4
169 75 295 4.3
170 0 0 4.8
170 25 120 2.6
170 50 185 4.4
170 75 295 4.3
171 0 0 4.8
171 25 120 2.6
171 50 185 4.4
171 75 295 4.3
172 0 0 4.8
172 25 120 2.6
172 50 185 4.4
172 75 295 4.3
173 0 0 4.8
173 25 120 2.6
173 50 185 4.4
173 75 295 4.3
174 0 0 4.8
174 25 120 2.6
174 50 185 4.4
174 75 295 4.3
175 0 0 4.8
175 25 120 2.6
175 50 185 4.4
175 75 295 4.3
176 0 0 4.8
176 25 120 2.6
176 50 185 4.4
176 75 295 4.3
177 0 0 4.8
177 25 120 2.6
177 50 185 4.4
177 75 295 4.3
178 0 0 4.8
178 25 120 2.6
178 50 185 4.4
178 75 295 4.3
179 0 0 4.8
179 25 120 2.6
179 50 185 4.4
179 75 295 4.3
180 0 0 4.8
180 25 120 2.6
180 50 185 4.4
180 75 295 4.3
181 0 0 4.8
181 25 120 2.6
181 50 185 4.4
181 75 295 4.3
182 0 0 4.8
182 25 120 2.6
182 50 185 4.4
182 75 295 4.3
183 0 0 4.8
183 25 120 2.6
183 50 185 4.4
183 75 295 4.3
184 0 0 4.8
184 25 120 2.6
184 50 185 4.4
184 75 295 4.3
185 0 0 4.8
185 25 120 2.6
185 50 185 4.4
185 75 295 4.3
186 0 0 4.8
186 25 120 2.6
186 50 185 4.4
186 75 295 4.3
187 0 0 4.8
187 25 120 2.6
187 50 185 4.4
187 75 295 4.3
188 0 0 4.8
188 25 120 2.6
188 50 185 4.4
188 75 295 4.3
189 0 0 4.8
189 25 120 2.6
189 50 185 4.4
189 75 295 4.3
190 0 0 4.8
190 25 120 2.6
190 50 185 4.4
190 75 295 4.3
191 0 0 4.8
191 25 120 2.6
191 50 185 4.4
191 75 295 4.3
192 0 0 4.8
192 25 120 2.6
192 50 185 4.4
192 75 295 4.3
193 0 0 4.8
193 25 120 2.6
193 50 185 4.4
193 75 295 4.3
194 0 0 4.8
194 25 120 2.6
194 50 185 4.4
194 75 295 4.3
195 0 0 4.8
195 25 120 2.6
195 50 185 4.4
195 75 295 4.3
196 0 0 4.8
196 25 120 2.6
196 50 185 4.4
196 75 295 4.3
197 0 0 4.8
197 25 120 2.6
197 50 185 4.4
197 75 295 4.3
198 0 0 4.8
198 25 120 2.6
198 50 185 4.4
198 75 295 4.3
199 0 0 4.8
199 25 120 2.6
199 50 185 4.4
199 75 295 4.3
200 0 0 4.8
200 25 120 2.6
200 50 185 4.4
200 75 295 4.3
201 0 0 4.8
201 25 120 2.6
201 50 185 4.4
201 75 295 4.3
202 0 0 4.8
202 25 120 2.6
202 50 185 4.4
202 75 295 4.3
203 0 0 4.8
203 25 120 2.6
203 50 185 4.4
203 75 295 4.3
204 0 0 4.8
204 25 120 2.6
204 50 185 4.4
204 75 295 4.3
205 0 0 4.8
205 25 120 2.6
205 50 185 4.4
205 75 295 4.3
206 0 0 4.8
206 25 120 2.6
206 50 185 4.4
206 75 295 4.3
207 0 0 4.8
207 25 120 2.6
207 50 185 4.4
207 75 295 4.3
208 0 0 4.8
208 25 120 2.6
208 50 185 4.4
208 75 295 4.3
209 0 0 4.8
209 25 120 2.6
209 50 185 4.4
209 75 295 4.3
210 0 0 4.8
210 25 120 2.6
210 50 185 4.4
210 75 295 4.3
211 0 0 4.8
211 25 120 2.6
211 50 185 4.4
211 75 295 4.3
212 0 0 4.8
212 25 120 2.6
212 50 185 4.4
212 75 295 4.3
213 0 0 4.8
213 25 120 2.6
213 50 185 4.4
213 75 295 4.3
214 0 0 4.8
214 25 120 2.6
214 50 185 4.4
214 75 295 4.3
215 0 0 4.8
215 25 120 2.6
215 50 185 4.4
215 75 295 4.3
216 0 0 4.8
216 25 120 2.6
216 50 185 4.4
216 75 295 4.3
217 0 0 4.8
217 25 120 2.6
217 50 185 4.4
217 75 295 4.3
218 0 0 4.8
218 25 120 2.6
218 50 185 4.4
218 75 295 4.3
219 0 0 4.8
219 25 120 2.6
219 50 185 4.4
219 75 295 4.3
220 0 0 4.8
220 25 120 2.6
220 50 185 4.4
220 75 295 4.3
221 0 0 4.8
221 25 120 2.6
221 50 185 4.4
221 75 295 4.3
222 0 0 4.8
222 25 120 2.6
222 50 185 4.4
222 75 295 4.3
223 0 0 4.8
223 25 120 2.6
223 50 185 4.4
223 75 295 4.3
224 0 0 4.8
224 25 120 2.6
224 50 185 4.4
224 75 295 4.3
225 0 0 4.8
225 25 120 2.6
225 50 185 4.4
225 75 295 4.3
226 0 0 4.8
226 25 120 2.6
226 50 185 4.4
226 75 295 4.3
227 0 0 4.8
227 25 120 2.6
227 50 185 4.4
227 75 295 4.3
228 0 0 4.8
228 25 120 2.6
228 50 185 4.4
228 75 295 4.3
229 0 0 4.8
229 25 120 2.6
229 50 185 4.4
229 75 295 4.3
230 0 0 4.8
230 25 120 2.6
230 50 185 4.4
230 75 295 4.3
231 0 0 4.8
231 25 120 2.6
231 50 185 4.4
231 75 295 4.3
232 0 0 4.8
232 25 120 2.6
232 50 185 4.4
232 75 295 4.3
233 0 0 4.8
233 25 120 2.6
233 50 185 4.4
233 75 295 4.3
234 0 0 4.8
234 25 120 2.6
234 50 185 4.4
234 75 295 4.3
235 0 0 4.8
235 25 120 2.6
235 50 185 4.4
235 75 295 4.3
236 0 0 4.8
236 25 120 2.6
236 50 185 4.4
236 75 295 4.3
237 0 0 4.8
237 25 120 2.6
237 50 185 4.4
237 75 295 4.3
238 0 0 4.8
238 25 120 2.6
238 50 185 4.4
238 75 295 4.3
239 0 0 4.8
239 25 120 2.6
239 50 185 4.4
239 75 295 4.3
240 0 0 4.8
240 25 120 2.6
240 50 185 4.4
240 75 295 4.3
241 0 0 4.8
241 25 120 2.6
241 50 185 4.4
241 75 295 4.3
242 0 0 4.8
242 25 120 2.6
242 50 185 4.4
242 75 295 4.3
243 0 0 4.8
243 25 120 2.6
243 50 185 4.4
243 75 295 4.3
244 0 0 4.8
244 25 120 2.6
244 50 185 4.4
244 75 295 4.3
245 0 0 4.8
245 25 120 2.6
245 50 185 4.4
245 75 295 4.3
246 0 0 4.8
246 25 120 2.6
246 50 185 4.4
246 75 295 4.3
247 0 0 4.8
247 25 120 2.6
247 50 185 4.4
247 75 295 4.3
248 0 0 4.8
248 25 120 2.6
248 50 185 4.4
248 75 295 4.3
249 0 0 4.8
249 25 120 2.6
249 50 185 4.4
249 75 295 4.3
250 0 0 4.8
250 25 120 2.6
250 50 185 4.4
250 75 295 4.3
251 0 0 4.8
251 25 120 2.6
251 50 185 4.4
251 75 295 4.3
252 0 0 4.8
252 25 120 2.6
252 50 185 4.4
252 75 295 4.3
253 0 0 4.8
253 25 120 2.6
253 50 185 4.4
253 75 295 4.3
254 0 0 4.8
254 25 120 2.6
254 50 185 4.4
254 75 295 4.3
255 0 0 4.8
255 25 120 2.6
255 50 185 4.4
255 75 295 4.3
256 0 0 4.8
256 25 120 2.6
256 50 185 4.4
256 75 295 4.3
257 0 0 4.8
257 25 120 2.6
257 50 185 4.4
257 75 295 4.3
258 0 0 4.8
258 25 120 2.6
258 50 185 4.4
258 75 295 4.3
259 0 0 4.8
259 25 120 2.6
259 50 185 4.4
259 75 295 4.3
260 0 0 4.8
260 25 120 2.6
260 50 185 4.4
260 75 295 4.3
261 0 0 4.8
261 25 120 2.6
261 50 185 4.4
261 75 295 4.3
262 0 0 4.8
262 25 120 2.6
262 50 185 4.4
262 75 295 4.3
263 0 0 4.8
263 25 120 2.6
263 50 185 4.4
263 75 295 4.3
264 0 0 4.8
264 25 120 2.6
264 50 185 4.4
264 75 295 4.3
265 0 0 4.8
265 25 120 2.6
265 50 185 4.4
265 75 295 4.3
266 0 0 4.8
266 25 120 2.6
266 50 185 4.4
266 75 295 4.3
267 0 0 4.8
267 25 120 2.6
267 50 185 4.4
267 75 295 4.3
268 0 0 4.8
268 25 120 2.6
268 50 185 4.4
268 75 295 4.3
269 0 0 4.8
269 25 120 2.6
269 50 185 4.4
269 75 295 4.3
270 0 0 4.8
270 25 120 2.6
270 50 185 4.4
270 75 295 4.3
271 0 0 4.8
271 25 120 2.6
271 50 185 4.4
271 75 295 4.3
272 0 0 4.8
272 25 120 2.6
272 50 185 4.4
272 75 295 4.3
273 0 0 4.8
273 25 120 2.6
273 50 185 4.4
273 75 295 4.3
274 0 0 4.8
274 25 120 2.6
274 50 185 4.4
274 75 295 4.3
275 0 0 4.8
275 25 120 2.6
275 50 185 4.4
275 75 295 4.3
276 0 0 4.8
276 25 120 2.6
276 50 185 4.4
276 75 295 4.3
277 0 0 4.8
277 25 120 2.6
277 50 185 4.4
277 75 295 4.3
278 0 0 4.8
278 25 120 2.6
278 50 185 4.4
278 75 295 4.3
279 0 0 4.8
279 25 120 2.6
279 50 185 4.4
279 75 295 4.3
280 0 0 4.8
280 25 120 2.6
280 50 185 4.4
280 75 295 4.3
281 0 0 4.8
281 25 120 2.6
281 50 185 4.4
281 75 295 4.3
282 0 0 4.8
282 25 120 2.6
282 50 185 4.4
282 75 295 4.3
283 0 0 4.8
283 25 120 2.6
283 50 185 4.4
283 75 295 4.3
284 0 0 4.8
284 25 120 2.6
284 50 185 4.4
284 75 295 4.3
285 0 0 4.8
285 25 120 2.6
285 50 185 4.4
285 75 295 4.3
286 0 0 4.8
286 25 120 2.6
286 50 185 4.4
286 75 295 4.3
287 0 0 4.8
287 25 120 2.6
287 50 185 4.4
287 75 295 4.3
288 0 0 4.8
288 25 120 2.6
288 50 185 4.4
288 75 295 4.3
289 0 0 4.8
289 25 120 2.6
289 50 185 4.4
289 75 295 4.3
290 0 0 4.8
290 25 120 2.6
290 50 185 4.4
290 75 295 4.3
291 0 0 4.8
291 25 120 2.6
291 50 185 4.4
291 75 295 4.3
292 0 0 4.8
292 25 120 2.6
292 50 185 4.4
292 75 295 4.3
293 0 0 4.8
293 25 120 2.6
293 50 185 4.4
293 75 295 4.3
294 0 0 4.8
294 25 120 2.6
294 50 185 4.4
294 75 295 4.3
295 0 0 4.8
295 25 120 2.6
295 50 185 4.4
295 75 295 4.3
296 0 0 4.8
296 25 120 2.6
296 50 185 4.4
296 75 295 4.3
297 0 0 4.8
297 25 120 2.6
297 50 185 4.4
297 75 295 4.3
298 0 0 4.8
298 25 120 2.6
298 50 185 4.4
298 75 295 4.3
299 0 0 4.8
299 25 120 2.6
299 50 185 4.4
299 75 295 4.3
300 0 0 4.8
300 25 120 2.6
300 50 185 4.4
300 75 295 4.3
301 0 0 4.8
301 25 120 2.6
301 50 185 4.4
301 75 295 4.3
302 0 0 4.8
302 25 120 2.6
302 50 185 4.4
302 75 295 4.3
303 0 0 4.8
303 25 120 2.6
303 50 185 4.4
303 75 295 4.3
304 0 0 4.8
304 25 120 2.6
304 50 185 4.4
304 75 295 4.3
305 0 0 4.8
305 25 120 2.6
305 50 185 4.4
305 75 295 4.3
306 0 0 4.8
306 25 120 2.6
306 50 185 4.4
306 75 295 4.3
307 0 0 4.8
307 25 120 2.6
307 50 185 4.4
307 75 295 4.3
308 0 0 4.8
308 25 120 2.6
308 50 185 4.4
308 75 295 4.3
309 0 0 4.8
309 25 120 2.6
309 50 185 4.4
309 75 295 4.3
310 0 0 4.8
310 25 120 2.6
310 50 185 4.4
310 75 295 4.3
311 0 0 4.8
311 25 120 2.6
311 50 185 4.4
311 75 295 4.3
312 0 0 4.8
312 25 120 2.6
312 50 185 4.4
312 75 295 4.3
313 0 0 4.8
313 25 120 2.6
313 50 185 4.4
313 75 295 4.3
314 0 0 4.8
314 25 120 2.6
314 50 185 4.4
314 75 295 4.3
315 0 0 4.8
315 25 120 2.6
315 50 185 4.4
315 75 295 4.3
316 0 0 4.8
316 25 120 2.6
316 50 185 4.4
316 75 295 4.3
317 0 0 4.8
317 25 120 2.6
317 50 185 4.4
317 75 295 4.3
318 0 0 4.8
318 25 120 2.6
318 50 185 4.4
318 75 295 4.3
319 0 0 4.8
319 25 120 2.6
319 50 185 4.4
319 75 295 4.3
320 0 0 4.8
320 25 120 2.6
320 50 185 4.4
320 75 295 4.3
321 0 0 4.8
321 25 120 2.6
321 50 185 4.4
321 75 295 4.3
322 0 0 4.8
322 25 120 2.6
322 50 185 4.4
322 75 295 4.3
323 0 0 4.8
323 25 120 2.6
323 50 185 4.4
323 75 295 4.3
324 0 0 4.8
324 25 120 2.6
324 50 185 4.4
324 75 295 4.3
325 0 0 4.8
325 25 120 2.6
325 50 185 4.4
325 75 295 4.3
326 0 0 4.8
326 25 120 2.6
326 50 185 4.4
326 75 295 4.3
327 0 0 4.8
327 25 120 2.6
327 50 185 4.4
327 75 295 4.3
328 0 0 4.8
328 25 120 2.6
328 50 185 4.4
328 75 295 4.3
329 0 0 4.8
329 25 120 2.6
329 50 185 4.4
329 75 295 4.3
330 0 0 4.8
330 25 120 2.6
330 50 185 4.4
330 75 295 4.3
331 0 0 4.8
331 25 120 2.6
331 50 185 4.4
331 75 295 4.3
332 0 0 4.8
332 25 120 2.6
332 50 185 4.4
332 75 295 4.3
333 0 0 4.8
333 25 120 2.6
333 50 185 4.4
333 75 295 4.3
334 0 0 4.8
334 25 120 2.6
334 50 185 4.4
334 75 295 4.3
335 0 0 4.8
335 25 120 2.6
335 50 185 4.4
335 75 295 4.3
336 0 0 4.8
336 25 120 2.6
336 50 185 4.4
336 75 295 4.3
337 0 0 4.8
337 25 120 2.6
337 50 185 4.4
337 75 295 4.3
338 0 0 4.8
338 25 120 2.6
338 50 185 4.4
338 75 295 4.3
339 0 0 4.8
339 25 120 2.6
339 50 185 4.4
339 75 295 4.3
340 0 0 4.8
340 25 120 2.6
340 50 185 4.4
340 75 295 4.3
341 0 0 4.8
341 25 120 2.6
341 50 185 4.4
341 75 295 4.3
342 0 0 4.8
342 25 120 2.6
342 50 185 4.4
342 75 295 4.3
343 0 0 4.8
343 25 120 2.6
343 50 185 4.4
343 75 295 4.3
344 0 0 4.8
344 25 120 2.6
344 50 185 4.4
344 75 295 4.3
345 0 0 4.8
345 25 120 2.6
345 50 185 4.4
345 75 295 4.3
346 0 0 4.8
346 25 120 2.6
346 50 185 4.4
346 75 295 4.3
347 0 0 4.8
347 25 120 2.6
347 50 185 4.4
347 75 295 4.3
348 0 0 4.8
348 25 120 2.6
348 50 185 4.4
348 75 295 4.3
349 0 0 4.8
349 25 120 2.6
349 50 185 4.4
349 75 295 4.3
350 0 0 4.8
350 25 120 2.6
350 50 185 4.4
350 75 295 4.3
351 0 0 4.8
351 25 120 2.6
351 50 185 4.4
351 75 295 4.3
352 0 0 4.8
352 25 120 2.6
352 50 185 4.4
352 75 295 4.3
353 0 0 4.8
353 25 120 2.6
353 50 185 4.4
353 75 295 4.3
354 0 0 4.8
354 25 120 2.6
354 50 185 4.4
354 75 295 4.3
355 0 0 4.8
355 25 120 2.6
355 50 185 4.4
355 75 295 4.3
356 0 0 4.8
356 25 120 2.6
356 50 185 4.4
356 75 295 4.3
357 0 0 4.8
357 25 120 2.6
357 50 185 4.4
357 75 295 4.3
358 0 0 4.8
358 25 120 2.6
358 50 185 4.4
358 75 295 4.3
359 0 0 4.8
359 25 120 2.6
359 50 185 4.4
359 75 295 4.3
360 0 0 4.8
360 25 120 2.6
360 50 185 4.4
360 75 295 4.3
361 0 0 4.8
361 25 120 2.6
361 50 185 4.4
361 75 295 4.3
362 0 0 4.8
362 25 120 2.6
362 50 185 4.4
362 75 295 4.3
363 0 0 4.8
363 25 120 2.6
363 50 185 4.4
363 75 295 4.3
364 0 0 4.8
364 25 120 2.6
364 50 185 4.4
364 75 295 4.3
365 0 0 4.8
365 25 120 2.6
365 50 185 4.4
365 75 295 4.3
366 0 0 4.8
366 25 120 2.6
366 50 185 4.4
366 75 295 4.3
367 0 0 4.8
367 25 120 2.6
367 50 185 4.4
367 75 295 4.3
368 0 0 4.8
368 25 120 2.6
368 50 185 4.4
368 75 295 4.3
369 0 0 4.8
369 25 120 2.6
369 50 185 4.4
369 75 295 4.3
370 0 0 4.8
370 25 120 2.6
370 50 185 4.4
370 75 295 4.3
371 0 0 4.8
371 25 120 2.6
371 50 185 4.4
371 75 295 4.3
372 0 0 4.8
372 25 120 2.6
372 50 185 4.4
372 75 295 4.3
373 0 0 4.8
373 25 120 2.6
373 50 185 4.4
373 75 295 4.3
374 0 0 4.8
374 25 120 2.6
374 50 185 4.4
374 75 295 4.3
375 0 0 4.8
375 25 120 2.6
375 50 185 4.4
375 75 295 4.3
376 0 0 4.8
376 25 120 2.6
376 50 185 4.4
376 75 295 4.3
377 0 0 4.8
377 25 120 2.6
377 50 185 4.4
377 75 295 4.3
378 0 0 4.8
378 25 120 2.6
378 50 185 4.4
378 75 295 4.3
379 0 0 4.8
379 25 120 2.6
379 50 185 4.4
379 75 295 4.3
380 0 0 4.8
380 25 120 2.6
380 50 185 4.4
380 75 295 4.3
381 0 0 4.8
381 25 120 2.6
381 50 185 4.4
381 75 295 4.3
382 0 0 4.8
382 25 120 2.6
382 50 185 4.4
382 75 295 4.3
383 0 0 4.8
383 25 120 2.6
383 50 185 4.4
383 75 295 4.3
384 0 0 4.8
384 25 120 2.6
384 50 185 4.4
384 75 295 4.3
385 0 0 4.8
385 25 120 2.6
385 50 185 4.4
385 75 295 4.3
386 0 0 4.8
386 25 120 2.6
386 50 185 4.4
386 75 295 4.3
387 0 0 4.8
387 25 120 2.6
387 50 185 4.4
387 75 295 4.3
388 0 0 4.8
388 25 120 2.6
388 50 185 4.4
388 75 295 4.3
389 0 0 4.8
389 25 120 2.6
389 50 185 4.4
389 75 295 4.3
390 0 0 4.8
390 25 120 2.6
390 50 185 4.4
390 75 295 4.3
391 0 0 4.8
391 25 120 2.6
391 50 185 4.4
391 75 295 4.3
392 0 0 4.8
392 25 120 2.6
392 50 185 4.4
392 75 295 4.3
393 0 0 4.8
393 25 120 2.6
393 50 185 4.4
393 75 295 4.3
394 0 0 4.8
394 25 120 2.6
394 50 185 4.4
394 75 295 4.3
395 0 0 4.8
395 25 120 2.6
395 50 185 4.4
395 75 295 4.3
396 0 0 4.8
396 25 120 2.6
396 50 185 4.4
396 75 295 4.3
397 0 0 4.8
397 25 120 2.6
397 50 185 4.4
397 75 295 4.3
398 0 0 4.8
398 25 120 2.6
398 50 185 4.4
398 75 295 4.3
399 0 0 4.8
399 25 120 2.6
399 50 185 4.4
399 75 295 4.3
400 0 0 4.8
400 25 120 2.6
400 50 185 4.4
400 75 295 4.3
401 0 0 4.8
401 25 120 2.6
401 50 185 4.4
401 75 295 4.3
402 0 0 4.8
402 25 120 2.6
402 50 185 4.4
402 75 295 4.3
403 0 0 4.8
403 25 120 2.6
403 50 185 4.4
403 75 295 4.3
404 0 0 4.8
404 25 120 2.6
404 50 185 4.4
404 75 295 4.3
405 0 0 4.8
405 25 120 2.6
405 50 185 4.4
405 75 295 4.3
406 0 0 4.8
406 25 120 2.6
406 50 185 4.4
406 75 295 4.3
407 0 0 4.8
407 25 120 2.6
407 50 185 4.4
407 75 295 4.3
408 0 0 4.8
408 25 120 2.6
408 50 185 4.4
408 75 295 4.3
409 0 0 4.8
409 25 120 2.6
409 50 185 4.4
409 75 295 4.3
410 0 0 4.8
410 25 120 2.6
410 50 185 4.4
410 75 295 4.3
411 0 0 4.8
411 25 120 2.6
411 50 185 4.4
411 75 295 4.3
412 0 0 4.8
412 25 120 2.6
412 50 185 4.4
412 75 295 4.3
413 0 0 4.8
413 25 120 2.6
413 50 185 4.4
413 75 295 4.3
414 0 0 4.8
414 25 120 2.6
414 50 185 4.4
414 75 295 4.3
415 0 0 4.8
415 25 120 2.6
415 50 185 4.4
415 75 295 4.3
416 0 0 4.8
416 25 120 2.6
416 50 185 4.4
416 75 295 4.3
417 0 0 4.8
417 25 120 2.6
417 50 185 4.4
417 75 295 4.3
418 0 0 4.8
418 25 120 2.6
418 50 185 4.4
418 75 295 4.3
419 0 0 4.8
419 25 120 2.6
419 50 185 4.4
419 75 295 4.3
420 0 0 4.8
420 25 120 2.6
420 50 185 4.4
420 75 295 4.3
421 0 0 4.8
421 25 120 2.6
421 50 185 4.4
421 75 295 4.3
422 0 0 4.8
422 25 120 2.6
422 50 185 4.4
422 75 295 4.3
423 0 0 4.8
423 25 120 2.6
423 50 185 4.4
423 75 295 4.3
424 0 0 4.8
424 25 120 2.6
424 50 185 4.4
424 75 295 4.3
425 0 0 4.8
425 25 120 2.6
425 50 185 4.4
425 75 295 4.3
426 0 0 4.8
426 25 120 2.6
426 50 185 4.4
426 75 295 4.3
427 0 0 4.8
427 25 120 2.6
427 50 185 4.4
427 75 295 4.3
428 0 0 4.8
428 25 120 2.6
428 50 185 4.4
428 75 295 4.3
429 0 0 4.8
429 25 120 2.6
429 50 185 4.4
429 75 295 4.3
430 0 0 4.8
430 25 120 2.6
430 50 185 4.4
430 75 295 4.3
431 0 0 4.8
431 25 120 2.6
431 50 185 4.4
431 75 295 4.3
432 0 0 4.8
432 25 120 2.6
432 50 185 4.4
432 75 295 4.3
433 0 0 4.8
433 25 120 2.6
433 50 185 4.4
433 75 295 4.3
434 0 0 4.8
434 25 120 2.6
434 50 185 4.4
434 75 295 4.3
435 0 0 4.8
435 25 120 2.6
435 50 185 4.4
435 75 295 4.3
436 0 0 4.8
436 25 120 2.6
436 50 185 4.4
436 75 295 4.3
437 0 0 4.8
437 25 120 2.6
437 50 185 4.4
437 75 295 4.3
438 0 0 4.8
438 25 120 2.6
438 50 185 4.4
438 75 295 4.3
439 0 0 4.8
439 25 120 2.6
439 50 185 4.4
439 75 295 4.3
440 0 0 4.8
440 25 120 2.6
440 50 185 4.4
440 75 295 4.3
441 0 0 4.8
441 25 120 2.6
441 50 185 4.4
441 75 295 4.3
442 0 0 4.8
442 25 120 2.6
442 50 185 4.4
442 75 295 4.3
443 0 0 4.8
443 25 120 2.6
443 50 185 4.4
443 75 295 4.3
444 0 0 4.8
444 25 120 2.6
444 50 185 4.4
444 75 295 4.3
445 0 0 4.8
445 25 120 2.6
445 50 185 4.4
445 75 295 4.3
446 0 0 4.8
446 25 120 2.6
446 50 185 4.4
446 75 295 4.3
447 0 0 4.8
447 25 120 2.6
447 50 185 4.4
447 75 295 4.3
448 0 0 4.8
448 25 120 2.6
448 50 185 4.4
448 75 295 4.3
449 0 0 4.8
449 25 120 2.6
449 50 185 4.4
449 75 295 4.3
450 0 0 4.8
450 25 120 2.6
450 50 185 4.4
450 75 295 4.3
451 0 0 4.8
451 25 120 2.6
451 50 185 4.4
451 75 295 4.3
452 0 0 4.8
452 25 120 2.6
452 50 185 4.4
452 75 295 4.3
453 0 0 4.8
453 25 120 2.6
453 50 185 4.4
453 75 295 4.3
454 0 0 4.8
454 25 120 2.6
454 50 185 4.4
454 75 295 4.3
455 0 0 4.8
455 25 120 2.6
455 50 185 4.4
455 75 295 4.3
456 0 0 4.8
456 25 120 2.6
456 50 185 4.4
456 75 295 4.3
457 0 0 4.8
457 25 120 2.6
457 50 185 4.4
457 75 295 4.3
458 0 0 4.8
458 25 120 2.6
458 50 185 4.4
458 75 295 4.3
459 0 0 4.8
459 25 120 2.6
459 50 185 4.4
459 75 295 4.3
460 0 0 4.8
460 25 120 2.6
460 50 185 4.4
460 75 295 4.3
461 0 0 4.8
461 25 120 2.6
461 50 185 4.4
461 75 295 4.3
462 0 0 4.8
462 25 120 2.6
462 50 185 4.4
462 75 295 4.3
463 0 0 4.8
463 25 120 2.6
463 50 185 4.4
463 75 295 4.3
464 0 0 4.8
464 25 120 2.6
464 50 185 4.4
464 75 295 4.3
465 0 0 4.8
465 25 120 2.6
465 50 185 4.4
465 75 295 4.3
466 0 0 4.8
466 25 120 2.6
466 50 185 4.4
466 75 295 4.3
467 0 0 4.8
467 25 120 2.6
467 50 185 4.4
467 75 295 4.3
468 0 0 4.8
468 25 120 2.6
468 50 185 4.4
468 75 295 4.3
469 0 0 4.8
469 25 120 2.6
469 50 185 4.4
469 75 295 4.3
470 0 0 4.8
470 25 120 2.6
470 50 185 4.4
470 75 295 4.3
471 0 0 4.8
471 25 120 2.6
471 50 185 4.4
471 75 295 4.3
472 0 0 4.8
472 25 120 2.6
472 50 185 4.4
472 75 295 4.3
473 0 0 4.8
473 25 120 2.6
473 50 185 4.4
473 75 295 4.3
474 0 0 4.8
474 25 120 2.6
474 50 185 4.4
474 75 295 4.3
475 0 0 4.8
475 25 120 2.6
475 50 185 4.4
475 75 295 4.3
476 0 0 4.8
476 25 120 2.6
476 50 185 4.4
476 75 295 4.3
477 0 0 4.8
477 25 120 2.6
477 50 185 4.4
477 75 295 4.3
478 0 0 4.8
478 25 120 2.6
478 50 185 4.4
478 75 295 4.3
479 0 0 4.8
479 25 120 2.6
479 50 185 4.4
479 75 295 4.3
480 0 0 4.8
480 25 120 2.6
480 50 185 4.4
480 75 295 4.3
481 0 0 4.8
481 25 120 2.6
481 50 185 4.4
481 75 295 4.3
482 0 0 4.8
482 25 120 2.6
482 50 185 4.4
482 75 295 4.3
483 0 0 4.8
483 25 120 2.6
483 50 185 4.4
483 75 295 4.3
484 0 0 4.8
484 25 120 2.6
484 50 185 4.4
484 75 295 4.3
485 0 0 4.8
485 25 120 2.6
485 50 185 4.4
485 75 295 4.3
486 0 0 4.8
486 25 120 2.6
486 50 185 4.4
486 75 295 4.3
487 0 0 4.8
487 25 120 2.6
487 50 185 4.4
487 75 295 4.3
488 0 0 4.8
488 25 120 2.6
488 50 185 4.4
488 75 295 4.3
489 0 0 4.8
489 25 120 2.6
489 50 185 4.4
489 75 295 4.3
490 0 0 4.8
490 25 120 2.6
490 50 185 4.4
490 75 295 4.3
491 0 0 4.8
491 25 120 2.6
491 50 185 4.4
491 75 295 4.3
492 0 0 4.8
492 25 120 2.6
492 50 185 4.4
492 75 295 4.3
493 0 0 4.8
493 25 120 2.6
493 50 185 4.4
493 75 295 4.3
494 0 0 4.8
494 25 120 2.6
494 50 185 4.4
494 75 295 4.3
495 0 0 4.8
495 25 120 2.6
495 50 185 4.4
495 75 295 4.3
496 0 0 4.8
496 25 120 2.6
496 50 185 4.4
496 75 295 4.3
497 0 0 4.8
497 25 120 2.6
497 50 185 4.4
497 75 295 4.3
498 0 0 4.8
498 25 120 2.6
498 50 185 4.4
498 75 295 4.3
499 0 0 4.8
499 25 120 2.6
499 50 185 4.4
499 75 295 4.3
