100 4
0 0 0 3.9
0 25 97.5 0.8
0 50 117.5 3.2
0 75 197.5 4.4
1 0 0 3.9
1 25 97.5 0.8
1 50 117.5 3.2
1 75 197.5 4.4
2 0 0 3.9
2 25 97.5 0.8
2 50 117.5 3.2
2 75 197.5 4.4
3 0 0 3.9
3 25 97.5 0.8
3 50 117.5 3.2
3 75 197.5 4.4
4 0 0 3.9
4 25 97.5 0.8
4 50 117.5 3.2
4 75 197.5 4.4
5 0 0 3.9
5 25 97.5 0.8
5 50 117.5 3.2
5 75 197.5 4.4
6 0 0 3.9
6 25 97.5 0.8
6 50 117.5 3.2
6 75 197.5 4.4
7 0 0 3.9
7 25 97.5 0.8
7 50 117.5 3.2
7 75 197.5 4.4
8 0 0 3.9
8 25 97.5 0.8
8 50 117.5 3.2
8 75 197.5 4.4
9 0 0 3.9
9 25 97.5 0.8
9 50 117.5 3.2
9 75 197.5 4.4
10 0 0 3.9
10 25 97.5 0.8
10 50 117.5 3.2
10 75 197.5 4.4
11 0 0 3.9
11 25 97.5 0.8
11 50 117.5 3.2
11 75 197.5 4.4
12 0 0 3.9
12 25 97.5 0.8
12 50 117.5 3.2
12 75 197.5 4.4
13 0 0 3.9
13 25 97.5 0.8
13 50 117.5 3.2
13 75 197.5 4.4
14 0 0 3.9
14 25 97.5 0.8
14 50 117.5 3.2
14 75 197.5 4.4
15 0 0 3.9
15 25 97.5 0.8
15 50 117.5 3.2
15 75 197.5 4.4
16 0 0 3.9
16 25 97.5 0.8
16 50 117.5 3.2
16 75 197.5 4.4
17 0 0 3.9
17 25 97.5 0.8
17 50 117.5 3.2
17 75 197.5 4.4
18 0 0 3.9
18 25 97.5 0.8
18 50 117.5 3.2
18 75 197.5 4.4
19 0 0 3.9
19 25 97.5 0.8
19 50 117.5 3.2
19 75 197.5 4.4
20 0 0 3.9
20 25 97.5 0.8
20 50 117.5 3.2
20 75 197.5 4.4
21 0 0 3.9
21 25 97.5 0.8
21 50 117.5 3.2
21 75 197.5 4.4
22 0 0 3.9
22 25 97.5 0.8
22 50 117.5 3.2
22 75 197.5 4.4
23 0 0 3.9
23 25 97.5 0.8
23 50 117.5 3.2
23 75 197.5 4.4
24 0 0 3.9
24 25 97.5 0.8
24 50 117.5 3.2
24 75 197.5 4.4
25 0 0 3.9
25 25 97.5 0.8
25 50 117.5 3.2
25 75 197.5 4.4
26 0 0 3.9
26 25 97.5 0.8
26 50 117.5 3.2
26 75 197.5 4.4
27 0 0 3.9
27 25 97.5 0.8
27 50 117.5 3.2
27 75 197.5 4.4
28 0 0 3.9
28 25 97.5 0.8
28 50 117.5 3.2
28 75 197.5 4.4
29 0 0 3.9
29 25 97.5 0.8
29 50 117.5 3.2
29 75 197.5 4.4
30 0 0 3.9
30 25 97.5 0.8
30 50 117.5 3.2
30 75 197.5 4.4
31 0 0 3.9
31 25 97.5 0.8
31 50 117.5 3.2
31 75 197.5 4.4
32 0 0 3.9
32 25 97.5 0.8
32 50 117.5 3.2
32 75 197.5 4.4
33 0 0 3.9
33 25 97.5 0.8
33 50 117.5 3.2
33 75 197.5 4.4
34 0 0 3.9
34 25 97.5 0.8
34 50 117.5 3.2
34 75 197.5 4.4
35 0 0 3.9
35 25 97.5 0.8
35 50 117.5 3.2
35 75 197.5 4.4
36 0 0 3.9
36 25 97.5 0.8
36 50 117.5 3.2
36 75 197.5 4.4
37 0 0 3.9
37 25 97.5 0.8
37 50 117.5 3.2
37 75 197.5 4.4
38 0 0 3.9
38 25 97.5 0.8
38 50 117.5 3.2
38 75 197.5 4.4
39 0 0 3.9
39 25 97.5 0.8
39 50 117.5 3.2
39 75 197.5 4.4
40 0 0 3.9
40 25 97.5 0.8
40 50 117.5 3.2
40 75 197.5 4.4
41 0 0 3.9
41 25 97.5 0.8
41 50 117.5 3.2
41 75 197.5 4.4
42 0 0 3.9
42 25 97.5 0.8
42 50 117.5 3.2
42 75 197.5 4.4
43 0 0 3.9
43 25 97.5 0.8
43 50 117.5 3.2
43 75 197.5 4.4
44 0 0 3.9
44 25 97.5 0.8
44 50 117.5 3.2
44 75 197.5 4.4
45 0 0 3.9
45 25 97.5 0.8
45 50 117.5 3.2
45 75 197.5 4.4
46 0 0 3.9
46 25 97.5 0.8
46 50 117.5 3.2
46 75 197.5 4.4
47 0 0 3.9
47 25 97.5 0.8
47 50 117.5 3.2
47 75 197.5 4.4
48 0 0 3.9
48 25 97.5 0.8
48 50 117.5 3.2
48 75 197.5 4.4
49 0 0 3.9
49 25 97.5 0.8
49 50 117.5 3.2
49 75 197.5 4.4
50 0 0 3.9
50 25 97.5 0.8
50 50 117.5 3.2
50 75 197.5 4.4
51 0 0 3.9
51 25 97.5 0.8
51 50 117.5 3.2
51 75 197.5 4.4
52 0 0 3.9
52 25 97.5 0.8
52 50 117.5 3.2
52 75 197.5 4.4
53 0 0 3.9
53 25 97.5 0.8
53 50 117.5 3.2
53 75 197.5 4.4
54 0 0 3.9
54 25 97.5 0.8
54 50 117.5 3.2
54 75 197.5 4.4
55 0 0 3.9
55 25 97.5 0.8
55 50 117.5 3.2
55 75 197.5 4.4
56 0 0 3.9
56 25 97.5 0.8
56 50 117.5 3.2
56 75 197.5 4.4
57 0 0 3.9
57 25 97.5 0.8
57 50 117.5 3.2
57 75 197.5 4.4
58 0 0 3.9
58 25 97.5 0.8
58 50 117.5 3.2
58 75 197.5 4.4
59 0 0 3.9
59 25 97.5 0.8
59 50 117.5 3.2
59 75 197.5 4.4
60 0 0 3.9
60 25 97.5 0.8
60 50 117.5 3.2
60 75 197.5 4.4
61 0 0 3.9
61 25 97.5 0.8
61 50 117.5 3.2
61 75 197.5 4.4
62 0 0 3.9
62 25 97.5 0.8
62 50 117.5 3.2
62 75 197.5 4.4
63 0 0 3.9
63 25 97.5 0.8
63 50 117.5 3.2
63 75 197.5 4.4
64 0 0 3.9
64 25 97.5 0.8
64 50 117.5 3.2
64 75 197.5 4.4
65 0 0 3.9
65 25 97.5 0.8
65 50 117.5 3.2
65 75 197.5 4.4
66 0 0 3.9
66 25 97.5 0.8
66 50 117.5 3.2
66 75 197.5 4.4
67 0 0 3.9
67 25 97.5 0.8
67 50 117.5 3.2
67 75 197.5 4.4
68 0 0 3.9
68 25 97.5 0.8
68 50 117.5 3.2
68 75 197.5 4.4
69 0 0 3.9
69 25 97.5 0.8
69 50 117.5 3.2
69 75 197.5 4.4
70 0 0 3.9
70 25 97.5 0.8
70 50 117.5 3.2
70 75 197.5 4.4
71 0 0 3.9
71 25 97.5 0.8
71 50 117.5 3.2
71 75 197.5 4.4
72 0 0 3.9
72 25 97.5 0.8
72 50 117.5 3.2
72 75 197.5 4.4
73 0 0 3.9
73 25 97.5 0.8
73 50 117.5 3.2
73 75 197.5 4.4
74 0 0 3.9
74 25 97.5 0.8
74 50 117.5 3.2
74 75 197.5 4.4
75 0 0 3.9
75 25 97.5 0.8
75 50 117.5 3.2
75 75 197.5 4.4
76 0 0 3.9
76 25 97.5 0.8
76 50 117.5 3.2
76 75 197.5 4.4
77 0 0 3.9
77 25 97.5 0.8
77 50 117.5 3.2
77 75 197.5 4.4
78 0 0 3.9
78 25 97.5 0.8
78 50 117.5 3.2
78 75 197.5 4.4
79 0 0 3.9
79 25 97.5 0.8
79 50 117.5 3.2
79 75 197.5 4.4
80 0 0 3.9
80 25 97.5 0.8
80 50 117.5 3.2
80 75 197.5 4.4
81 0 0 3.9
81 25 97.5 0.8
81 50 117.5 3.2
81 75 197.5 4.4
82 0 0 3.9
82 25 97.5 0.8
82 50 117.5 3.2
82 75 197.5 4.4
83 0 0 3.9
83 25 97.5 0.8
83 50 117.5 3.2
83 75 197.5 4.4
84 0 0 3.9
84 25 97.5 0.8
84 50 117.5 3.2
84 75 197.5 4.4
85 0 0 3.9
85 25 97.5 0.8
85 50 117.5 3.2
85 75 197.5 4.4
86 0 0 3.9
86 25 97.5 0.8
86 50 117.5 3.2
86 75 197.5 4.4
87 0 0 3.9
87 25 97.5 0.8
87 50 117.5 3.2
87 75 197.5 4.4
88 0 0 3.9
88 25 97.5 0.8
88 50 117.5 3.2
88 75 197.5 4.4
89 0 0 3.9
89 25 97.5 0.8
89 50 117.5 3.2
89 75 197.5 4.4
90 0 0 3.9
90 25 97.5 0.8
90 50 117.5 3.2
90 75 197.5 4.4
91 0 0 3.9
91 25 97.5 0.8
91 50 117.5 3.2
91 75 197.5 4.4
92 0 0 3.9
92 25 97.5 0.8
92 50 117.5 3.2
92 75 197.5 4.4
93 0 0 3.9
93 25 97.5 0.8
93 50 117.5 3.2
93 75 197.5 4.4
94 0 0 3.9
94 25 97.5 0.8
94 50 117.5 3.2
94 75 197.5 4.4
95 0 0 3.9
95 25 97.5 0.8
95 50 117.5 3.2
95 75 197.5 4.4
96 0 0 3.9
96 25 97.5 0.8
96 50 117.5 3.2
96 75 197.5 4.4
97 0 0 3.9
97 25 97.5 0.8
97 50 117.5 3.2
97 75 197.5 4.4
98 0 0 3.9
98 25 97.5 0.8
98 50 117.5 3.2
98 75 197.5 4.4
99 0 0 3.9
99 25 97.5 0.8
99 50 117.5 3.2
99 75 197.5 4.4
