20 10
0 0 0 3.6
0 10 36 3.8
0 20 74 2.2
0 30 96 3.9
0 40 135 4.3
0 50 178 3.6
0 60 214 4.3
0 70 257 4.6
0 80 303 4.5
0 90 348 4.4
1 0 0 3.6
1 10 36 3.8
1 20 74 2.2
1 30 96 3.9
1 40 135 4.3
1 50 178 3.6
1 60 214 4.3
1 70 257 4.6
1 80 303 4.5
1 90 348 4.4
2 0 0 3.6
2 10 36 3.8
2 20 74 2.2
2 30 96 3.9
2 40 135 4.3
2 50 178 3.6
2 60 214 4.3
2 70 257 4.6
2 80 303 4.5
2 90 348 4.4
3 0 0 3.6
3 10 36 3.8
3 20 74 2.2
3 30 96 3.9
3 40 135 4.3
3 50 178 3.6
3 60 214 4.3
3 70 257 4.6
3 80 303 4.5
3 90 348 4.4
4 0 0 3.6
4 10 36 3.8
4 20 74 2.2
4 30 96 3.9
4 40 135 4.3
4 50 178 3.6
4 60 214 4.3
4 70 257 4.6
4 80 303 4.5
4 90 348 4.4
5 0 0 3.6
5 10 36 3.8
5 20 74 2.2
5 30 96 3.9
5 40 135 4.3
5 50 178 3.6
5 60 214 4.3
5 70 257 4.6
5 80 303 4.5
5 90 348 4.4
6 0 0 3.6
6 10 36 3.8
6 20 74 2.2
6 30 96 3.9
6 40 135 4.3
6 50 178 3.6
6 60 214 4.3
6 70 257 4.6
6 80 303 4.5
6 90 348 4.4
7 0 0 3.6
7 10 36 3.8
7 20 74 2.2
7 30 96 3.9
7 40 135 4.3
7 50 178 3.6
7 60 214 4.3
7 70 257 4.6
7 80 303 4.5
7 90 348 4.4
8 0 0 3.6
8 10 36 3.8
8 20 74 2.2
8 30 96 3.9
8 40 135 4.3
8 50 178 3.6
8 60 214 4.3
8 70 257 4.6
8 80 303 4.5
8 90 348 4.4
9 0 0 3.6
9 10 36 3.8
9 20 74 2.2
9 30 96 3.9
9 40 135 4.3
9 50 178 3.6
9 60 214 4.3
9 70 257 4.6
9 80 303 4.5
9 90 348 4.4
10 0 0 3.6
10 10 36 3.8
10 20 74 2.2
10 30 96 3.9
10 40 135 4.3
10 50 178 3.6
10 60 214 4.3
10 70 257 4.6
10 80 303 4.5
10 90 348 4.4
11 0 0 3.6
11 10 36 3.8
11 20 74 2.2
11 30 96 3.9
11 40 135 4.3
11 50 178 3.6
11 60 214 4.3
11 70 257 4.6
11 80 303 4.5
11 90 348 4.4
12 0 0 3.6
12 10 36 3.8
12 20 74 2.2
12 30 96 3.9
12 40 135 4.3
12 50 178 3.6
12 60 214 4.3
12 70 257 4.6
12 80 303 4.5
12 90 348 4.4
13 0 0 3.6
13 10 36 3.8
13 20 74 2.2
13 30 96 3.9
13 40 135 4.3
13 50 178 3.6
13 60 214 4.3
13 70 257 4.6
13 80 303 4.5
13 90 348 4.4
14 0 0 3.6
14 10 36 3.8
14 20 74 2.2
14 30 96 3.9
14 40 135 4.3
14 50 178 3.6
14 60 214 4.3
14 70 257 4.6
14 80 303 4.5
14 90 348 4.4
15 0 0 3.6
15 10 36 3.8
15 20 74 2.2
15 30 96 3.9
15 40 135 4.3
15 50 178 3.6
15 60 214 4.3
15 70 257 4.6
15 80 303 4.5
15 90 348 4.4
16 0 0 3.6
16 10 36 3.8
16 20 74 2.2
16 30 96 3.9
16 40 135 4.3
16 50 178 3.6
16 60 214 4.3
16 70 257 4.6
16 80 303 4.5
16 90 348 4.4
17 0 0 3.6
17 10 36 3.8
17 20 74 2.2
17 30 96 3.9
17 40 135 4.3
17 50 178 3.6
17 60 214 4.3
17 70 257 4.6
17 80 303 4.5
17 90 348 4.4
18 0 0 3.6
18 10 36 3.8
18 20 74 2.2
18 30 96 3.9
18 40 135 4.3
18 50 178 3.6
18 60 214 4.3
18 70 257 4.6
18 80 303 4.5
18 90 348 4.4
19 0 0 3.6
19 10 36 3.8
19 20 74 2.2
19 30 96 3.9
19 40 135 4.3
19 50 178 3.6
19 60 214 4.3
19 70 257 4.6
19 80 303 4.5
19 90 348 4.4
