100 10
0 0 0 2
0 200 400 1.3
0 400 660 4.8
0 600 1620 4.8
0 800 2580 3
0 1000 3180 4.8
0 1200 4140 2.2
0 1400 4580 3.9
0 1600 5360 4.8
0 1800 6320 2.6
1 0 0 2
1 200 400 1.3
1 400 660 4.8
1 600 1620 4.8
1 800 2580 3
1 1000 3180 4.8
1 1200 4140 2.2
1 1400 4580 3.9
1 1600 5360 4.8
1 1800 6320 2.6
2 0 0 2
2 200 400 1.3
2 400 660 4.8
2 600 1620 4.8
2 800 2580 3
2 1000 3180 4.8
2 1200 4140 2.2
2 1400 4580 3.9
2 1600 5360 4.8
2 1800 6320 2.6
3 0 0 2
3 200 400 1.3
3 400 660 4.8
3 600 1620 4.8
3 800 2580 3
3 1000 3180 4.8
3 1200 4140 2.2
3 1400 4580 3.9
3 1600 5360 4.8
3 1800 6320 2.6
4 0 0 2
4 200 400 1.3
4 400 660 4.8
4 600 1620 4.8
4 800 2580 3
4 1000 3180 4.8
4 1200 4140 2.2
4 1400 4580 3.9
4 1600 5360 4.8
4 1800 6320 2.6
5 0 0 2
5 200 400 1.3
5 400 660 4.8
5 600 1620 4.8
5 800 2580 3
5 1000 3180 4.8
5 1200 4140 2.2
5 1400 4580 3.9
5 1600 5360 4.8
5 1800 6320 2.6
6 0 0 2
6 200 400 1.3
6 400 660 4.8
6 600 1620 4.8
6 800 2580 3
6 1000 3180 4.8
6 1200 4140 2.2
6 1400 4580 3.9
6 1600 5360 4.8
6 1800 6320 2.6
7 0 0 2
7 200 400 1.3
7 400 660 4.8
7 600 1620 4.8
7 800 2580 3
7 1000 3180 4.8
7 1200 4140 2.2
7 1400 4580 3.9
7 1600 5360 4.8
7 1800 6320 2.6
8 0 0 2
8 200 400 1.3
8 400 660 4.8
8 600 1620 4.8
8 800 2580 3
8 1000 3180 4.8
8 1200 4140 2.2
8 1400 4580 3.9
8 1600 5360 4.8
8 1800 6320 2.6
9 0 0 2
9 200 400 1.3
9 400 660 4.8
9 600 1620 4.8
9 800 2580 3
9 1000 3180 4.8
9 1200 4140 2.2
9 1400 4580 3.9
9 1600 5360 4.8
9 1800 6320 2.6
10 0 0 2
10 200 400 1.3
10 400 660 4.8
10 600 1620 4.8
10 800 2580 3
10 1000 3180 4.8
10 1200 4140 2.2
10 1400 4580 3.9
10 1600 5360 4.8
10 1800 6320 2.6
11 0 0 2
11 200 400 1.3
11 400 660 4.8
11 600 1620 4.8
11 800 2580 3
11 1000 3180 4.8
11 1200 4140 2.2
11 1400 4580 3.9
11 1600 5360 4.8
11 1800 6320 2.6
12 0 0 2
12 200 400 1.3
12 400 660 4.8
12 600 1620 4.8
12 800 2580 3
12 1000 3180 4.8
12 1200 4140 2.2
12 1400 4580 3.9
12 1600 5360 4.8
12 1800 6320 2.6
13 0 0 2
13 200 400 1.3
13 400 660 4.8
13 600 1620 4.8
13 800 2580 3
13 1000 3180 4.8
13 1200 4140 2.2
13 1400 4580 3.9
13 1600 5360 4.8
13 1800 6320 2.6
14 0 0 2
14 200 400 1.3
14 400 660 4.8
14 600 1620 4.8
14 800 2580 3
14 1000 3180 4.8
14 1200 4140 2.2
14 1400 4580 3.9
14 1600 5360 4.8
14 1800 6320 2.6
15 0 0 2
15 200 400 1.3
15 400 660 4.8
15 600 1620 4.8
15 800 2580 3
15 1000 3180 4.8
15 1200 4140 2.2
15 1400 4580 3.9
15 1600 5360 4.8
15 1800 6320 2.6
16 0 0 2
16 200 400 1.3
16 400 660 4.8
16 600 1620 4.8
16 800 2580 3
16 1000 3180 4.8
16 1200 4140 2.2
16 1400 4580 3.9
16 1600 5360 4.8
16 1800 6320 2.6
17 0 0 2
17 200 400 1.3
17 400 660 4.8
17 600 1620 4.8
17 800 2580 3
17 1000 3180 4.8
17 1200 4140 2.2
17 1400 4580 3.9
17 1600 5360 4.8
17 1800 6320 2.6
18 0 0 2
18 200 400 1.3
18 400 660 4.8
18 600 1620 4.8
18 800 2580 3
18 1000 3180 4.8
18 1200 4140 2.2
18 1400 4580 3.9
18 1600 5360 4.8
18 1800 6320 2.6
19 0 0 2
19 200 400 1.3
19 400 660 4.8
19 600 1620 4.8
19 800 2580 3
19 1000 3180 4.8
19 1200 4140 2.2
19 1400 4580 3.9
19 1600 5360 4.8
19 1800 6320 2.6
20 0 0 2
20 200 400 1.3
20 400 660 4.8
20 600 1620 4.8
20 800 2580 3
20 1000 3180 4.8
20 1200 4140 2.2
20 1400 4580 3.9
20 1600 5360 4.8
20 1800 6320 2.6
21 0 0 2
21 200 400 1.3
21 400 660 4.8
21 600 1620 4.8
21 800 2580 3
21 1000 3180 4.8
21 1200 4140 2.2
21 1400 4580 3.9
21 1600 5360 4.8
21 1800 6320 2.6
22 0 0 2
22 200 400 1.3
22 400 660 4.8
22 600 1620 4.8
22 800 2580 3
22 1000 3180 4.8
22 1200 4140 2.2
22 1400 4580 3.9
22 1600 5360 4.8
22 1800 6320 2.6
23 0 0 2
23 200 400 1.3
23 400 660 4.8
23 600 1620 4.8
23 800 2580 3
23 1000 3180 4.8
23 1200 4140 2.2
23 1400 4580 3.9
23 1600 5360 4.8
23 1800 6320 2.6
24 0 0 2
24 200 400 1.3
24 400 660 4.8
24 600 1620 4.8
24 800 2580 3
24 1000 3180 4.8
24 1200 4140 2.2
24 1400 4580 3.9
24 1600 5360 4.8
24 1800 6320 2.6
25 0 0 2
25 200 400 1.3
25 400 660 4.8
25 600 1620 4.8
25 800 2580 3
25 1000 3180 4.8
25 1200 4140 2.2
25 1400 4580 3.9
25 1600 5360 4.8
25 1800 6320 2.6
26 0 0 2
26 200 400 1.3
26 400 660 4.8
26 600 1620 4.8
26 800 2580 3
26 1000 3180 4.8
26 1200 4140 2.2
26 1400 4580 3.9
26 1600 5360 4.8
26 1800 6320 2.6
27 0 0 2
27 200 400 1.3
27 400 660 4.8
27 600 1620 4.8
27 800 2580 3
27 1000 3180 4.8
27 1200 4140 2.2
27 1400 4580 3.9
27 1600 5360 4.8
27 1800 6320 2.6
28 0 0 2
28 200 400 1.3
28 400 660 4.8
28 600 1620 4.8
28 800 2580 3
28 1000 3180 4.8
28 1200 4140 2.2
28 1400 4580 3.9
28 1600 5360 4.8
28 1800 6320 2.6
29 0 0 2
29 200 400 1.3
29 400 660 4.8
29 600 1620 4.8
29 800 2580 3
29 1000 3180 4.8
29 1200 4140 2.2
29 1400 4580 3.9
29 1600 5360 4.8
29 1800 6320 2.6
30 0 0 2
30 200 400 1.3
30 400 660 4.8
30 600 1620 4.8
30 800 2580 3
30 1000 3180 4.8
30 1200 4140 2.2
30 1400 4580 3.9
30 1600 5360 4.8
30 1800 6320 2.6
31 0 0 2
31 200 400 1.3
31 400 660 4.8
31 600 1620 4.8
31 800 2580 3
31 1000 3180 4.8
31 1200 4140 2.2
31 1400 4580 3.9
31 1600 5360 4.8
31 1800 6320 2.6
32 0 0 2
32 200 400 1.3
32 400 660 4.8
32 600 1620 4.8
32 800 2580 3
32 1000 3180 4.8
32 1200 4140 2.2
32 1400 4580 3.9
32 1600 5360 4.8
32 1800 6320 2.6
33 0 0 2
33 200 400 1.3
33 400 660 4.8
33 600 1620 4.8
33 800 2580 3
33 1000 3180 4.8
33 1200 4140 2.2
33 1400 4580 3.9
33 1600 5360 4.8
33 1800 6320 2.6
34 0 0 2
34 200 400 1.3
34 400 660 4.8
34 600 1620 4.8
34 800 2580 3
34 1000 3180 4.8
34 1200 4140 2.2
34 1400 4580 3.9
34 1600 5360 4.8
34 1800 6320 2.6
35 0 0 2
35 200 400 1.3
35 400 660 4.8
35 600 1620 4.8
35 800 2580 3
35 1000 3180 4.8
35 1200 4140 2.2
35 1400 4580 3.9
35 1600 5360 4.8
35 1800 6320 2.6
36 0 0 2
36 200 400 1.3
36 400 660 4.8
36 600 1620 4.8
36 800 2580 3
36 1000 3180 4.8
36 1200 4140 2.2
36 1400 4580 3.9
36 1600 5360 4.8
36 1800 6320 2.6
37 0 0 2
37 200 400 1.3
37 400 660 4.8
37 600 1620 4.8
37 800 2580 3
37 1000 3180 4.8
37 1200 4140 2.2
37 1400 4580 3.9
37 1600 5360 4.8
37 1800 6320 2.6
38 0 0 2
38 200 400 1.3
38 400 660 4.8
38 600 1620 4.8
38 800 2580 3
38 1000 3180 4.8
38 1200 4140 2.2
38 1400 4580 3.9
38 1600 5360 4.8
38 1800 6320 2.6
39 0 0 2
39 200 400 1.3
39 400 660 4.8
39 600 1620 4.8
39 800 2580 3
39 1000 3180 4.8
39 1200 4140 2.2
39 1400 4580 3.9
39 1600 5360 4.8
39 1800 6320 2.6
40 0 0 2
40 200 400 1.3
40 400 660 4.8
40 600 1620 4.8
40 800 2580 3
40 1000 3180 4.8
40 1200 4140 2.2
40 1400 4580 3.9
40 1600 5360 4.8
40 1800 6320 2.6
41 0 0 2
41 200 400 1.3
41 400 660 4.8
41 600 1620 4.8
41 800 2580 3
41 1000 3180 4.8
41 1200 4140 2.2
41 1400 4580 3.9
41 1600 5360 4.8
41 1800 6320 2.6
42 0 0 2
42 200 400 1.3
42 400 660 4.8
42 600 1620 4.8
42 800 2580 3
42 1000 3180 4.8
42 1200 4140 2.2
42 1400 4580 3.9
42 1600 5360 4.8
42 1800 6320 2.6
43 0 0 2
43 200 400 1.3
43 400 660 4.8
43 600 1620 4.8
43 800 2580 3
43 1000 3180 4.8
43 1200 4140 2.2
43 1400 4580 3.9
43 1600 5360 4.8
43 1800 6320 2.6
44 0 0 2
44 200 400 1.3
44 400 660 4.8
44 600 1620 4.8
44 800 2580 3
44 1000 3180 4.8
44 1200 4140 2.2
44 1400 4580 3.9
44 1600 5360 4.8
44 1800 6320 2.6
45 0 0 2
45 200 400 1.3
45 400 660 4.8
45 600 1620 4.8
45 800 2580 3
45 1000 3180 4.8
45 1200 4140 2.2
45 1400 4580 3.9
45 1600 5360 4.8
45 1800 6320 2.6
46 0 0 2
46 200 400 1.3
46 400 660 4.8
46 600 1620 4.8
46 800 2580 3
46 1000 3180 4.8
46 1200 4140 2.2
46 1400 4580 3.9
46 1600 5360 4.8
46 1800 6320 2.6
47 0 0 2
47 200 400 1.3
47 400 660 4.8
47 600 1620 4.8
47 800 2580 3
47 1000 3180 4.8
47 1200 4140 2.2
47 1400 4580 3.9
47 1600 5360 4.8
47 1800 6320 2.6
48 0 0 2
48 200 400 1.3
48 400 660 4.8
48 600 1620 4.8
48 800 2580 3
48 1000 3180 4.8
48 1200 4140 2.2
48 1400 4580 3.9
48 1600 5360 4.8
48 1800 6320 2.6
49 0 0 2
49 200 400 1.3
49 400 660 4.8
49 600 1620 4.8
49 800 2580 3
49 1000 3180 4.8
49 1200 4140 2.2
49 1400 4580 3.9
49 1600 5360 4.8
49 1800 6320 2.6
50 0 0 2
50 200 400 1.3
50 400 660 4.8
50 600 1620 4.8
50 800 2580 3
50 1000 3180 4.8
50 1200 4140 2.2
50 1400 4580 3.9
50 1600 5360 4.8
50 1800 6320 2.6
51 0 0 2
51 200 400 1.3
51 400 660 4.8
51 600 1620 4.8
51 800 2580 3
51 1000 3180 4.8
51 1200 4140 2.2
51 1400 4580 3.9
51 1600 5360 4.8
51 1800 6320 2.6
52 0 0 2
52 200 400 1.3
52 400 660 4.8
52 600 1620 4.8
52 800 2580 3
52 1000 3180 4.8
52 1200 4140 2.2
52 1400 4580 3.9
52 1600 5360 4.8
52 1800 6320 2.6
53 0 0 2
53 200 400 1.3
53 400 660 4.8
53 600 1620 4.8
53 800 2580 3
53 1000 3180 4.8
53 1200 4140 2.2
53 1400 4580 3.9
53 1600 5360 4.8
53 1800 6320 2.6
54 0 0 2
54 200 400 1.3
54 400 660 4.8
54 600 1620 4.8
54 800 2580 3
54 1000 3180 4.8
54 1200 4140 2.2
54 1400 4580 3.9
54 1600 5360 4.8
54 1800 6320 2.6
55 0 0 2
55 200 400 1.3
55 400 660 4.8
55 600 1620 4.8
55 800 2580 3
55 1000 3180 4.8
55 1200 4140 2.2
55 1400 4580 3.9
55 1600 5360 4.8
55 1800 6320 2.6
56 0 0 2
56 200 400 1.3
56 400 660 4.8
56 600 1620 4.8
56 800 2580 3
56 1000 3180 4.8
56 1200 4140 2.2
56 1400 4580 3.9
56 1600 5360 4.8
56 1800 6320 2.6
57 0 0 2
57 200 400 1.3
57 400 660 4.8
57 600 1620 4.8
57 800 2580 3
57 1000 3180 4.8
57 1200 4140 2.2
57 1400 4580 3.9
57 1600 5360 4.8
57 1800 6320 2.6
58 0 0 2
58 200 400 1.3
58 400 660 4.8
58 600 1620 4.8
58 800 2580 3
58 1000 3180 4.8
58 1200 4140 2.2
58 1400 4580 3.9
58 1600 5360 4.8
58 1800 6320 2.6
59 0 0 2
59 200 400 1.3
59 400 660 4.8
59 600 1620 4.8
59 800 2580 3
59 1000 3180 4.8
59 1200 4140 2.2
59 1400 4580 3.9
59 1600 5360 4.8
59 1800 6320 2.6
60 0 0 2
60 200 400 1.3
60 400 660 4.8
60 600 1620 4.8
60 800 2580 3
60 1000 3180 4.8
60 1200 4140 2.2
60 1400 4580 3.9
60 1600 5360 4.8
60 1800 6320 2.6
61 0 0 2
61 200 400 1.3
61 400 660 4.8
61 600 1620 4.8
61 800 2580 3
61 1000 3180 4.8
61 1200 4140 2.2
61 1400 4580 3.9
61 1600 5360 4.8
61 1800 6320 2.6
62 0 0 2
62 200 400 1.3
62 400 660 4.8
62 600 1620 4.8
62 800 2580 3
62 1000 3180 4.8
62 1200 4140 2.2
62 1400 4580 3.9
62 1600 5360 4.8
62 1800 6320 2.6
63 0 0 2
63 200 400 1.3
63 400 660 4.8
63 600 1620 4.8
63 800 2580 3
63 1000 3180 4.8
63 1200 4140 2.2
63 1400 4580 3.9
63 1600 5360 4.8
63 1800 6320 2.6
64 0 0 2
64 200 400 1.3
64 400 660 4.8
64 600 1620 4.8
64 800 2580 3
64 1000 3180 4.8
64 1200 4140 2.2
64 1400 4580 3.9
64 1600 5360 4.8
64 1800 6320 2.6
65 0 0 2
65 200 400 1.3
65 400 660 4.8
65 600 1620 4.8
65 800 2580 3
65 1000 3180 4.8
65 1200 4140 2.2
65 1400 4580 3.9
65 1600 5360 4.8
65 1800 6320 2.6
66 0 0 2
66 200 400 1.3
66 400 660 4.8
66 600 1620 4.8
66 800 2580 3
66 1000 3180 4.8
66 1200 4140 2.2
66 1400 4580 3.9
66 1600 5360 4.8
66 1800 6320 2.6
67 0 0 2
67 200 400 1.3
67 400 660 4.8
67 600 1620 4.8
67 800 2580 3
67 1000 3180 4.8
67 1200 4140 2.2
67 1400 4580 3.9
67 1600 5360 4.8
67 1800 6320 2.6
68 0 0 2
68 200 400 1.3
68 400 660 4.8
68 600 1620 4.8
68 800 2580 3
68 1000 3180 4.8
68 1200 4140 2.2
68 1400 4580 3.9
68 1600 5360 4.8
68 1800 6320 2.6
69 0 0 2
69 200 400 1.3
69 400 660 4.8
69 600 1620 4.8
69 800 2580 3
69 1000 3180 4.8
69 1200 4140 2.2
69 1400 4580 3.9
69 1600 5360 4.8
69 1800 6320 2.6
70 0 0 2
70 200 400 1.3
70 400 660 4.8
70 600 1620 4.8
70 800 2580 3
70 1000 3180 4.8
70 1200 4140 2.2
70 1400 4580 3.9
70 1600 5360 4.8
70 1800 6320 2.6
71 0 0 2
71 200 400 1.3
71 400 660 4.8
71 600 1620 4.8
71 800 2580 3
71 1000 3180 4.8
71 1200 4140 2.2
71 1400 4580 3.9
71 1600 5360 4.8
71 1800 6320 2.6
72 0 0 2
72 200 400 1.3
72 400 660 4.8
72 600 1620 4.8
72 800 2580 3
72 1000 3180 4.8
72 1200 4140 2.2
72 1400 4580 3.9
72 1600 5360 4.8
72 1800 6320 2.6
73 0 0 2
73 200 400 1.3
73 400 660 4.8
73 600 1620 4.8
73 800 2580 3
73 1000 3180 4.8
73 1200 4140 2.2
73 1400 4580 3.9
73 1600 5360 4.8
73 1800 6320 2.6
74 0 0 2
74 200 400 1.3
74 400 660 4.8
74 600 1620 4.8
74 800 2580 3
74 1000 3180 4.8
74 1200 4140 2.2
74 1400 4580 3.9
74 1600 5360 4.8
74 1800 6320 2.6
75 0 0 2
75 200 400 1.3
75 400 660 4.8
75 600 1620 4.8
75 800 2580 3
75 1000 3180 4.8
75 1200 4140 2.2
75 1400 4580 3.9
75 1600 5360 4.8
75 1800 6320 2.6
76 0 0 2
76 200 400 1.3
76 400 660 4.8
76 600 1620 4.8
76 800 2580 3
76 1000 3180 4.8
76 1200 4140 2.2
76 1400 4580 3.9
76 1600 5360 4.8
76 1800 6320 2.6
77 0 0 2
77 200 400 1.3
77 400 660 4.8
77 600 1620 4.8
77 800 2580 3
77 1000 3180 4.8
77 1200 4140 2.2
77 1400 4580 3.9
77 1600 5360 4.8
77 1800 6320 2.6
78 0 0 2
78 200 400 1.3
78 400 660 4.8
78 600 1620 4.8
78 800 2580 3
78 1000 3180 4.8
78 1200 4140 2.2
78 1400 4580 3.9
78 1600 5360 4.8
78 1800 6320 2.6
79 0 0 2
79 200 400 1.3
79 400 660 4.8
79 600 1620 4.8
79 800 2580 3
79 1000 3180 4.8
79 1200 4140 2.2
79 1400 4580 3.9
79 1600 5360 4.8
79 1800 6320 2.6
80 0 0 2
80 200 400 1.3
80 400 660 4.8
80 600 1620 4.8
80 800 2580 3
80 1000 3180 4.8
80 1200 4140 2.2
80 1400 4580 3.9
80 1600 5360 4.8
80 1800 6320 2.6
81 0 0 2
81 200 400 1.3
81 400 660 4.8
81 600 1620 4.8
81 800 2580 3
81 1000 3180 4.8
81 1200 4140 2.2
81 1400 4580 3.9
81 1600 5360 4.8
81 1800 6320 2.6
82 0 0 2
82 200 400 1.3
82 400 660 4.8
82 600 1620 4.8
82 800 2580 3
82 1000 3180 4.8
82 1200 4140 2.2
82 1400 4580 3.9
82 1600 5360 4.8
82 1800 6320 2.6
83 0 0 2
83 200 400 1.3
83 400 660 4.8
83 600 1620 4.8
83 800 2580 3
83 1000 3180 4.8
83 1200 4140 2.2
83 1400 4580 3.9
83 1600 5360 4.8
83 1800 6320 2.6
84 0 0 2
84 200 400 1.3
84 400 660 4.8
84 600 1620 4.8
84 800 2580 3
84 1000 3180 4.8
84 1200 4140 2.2
84 1400 4580 3.9
84 1600 5360 4.8
84 1800 6320 2.6
85 0 0 2
85 200 400 1.3
85 400 660 4.8
85 600 1620 4.8
85 800 2580 3
85 1000 3180 4.8
85 1200 4140 2.2
85 1400 4580 3.9
85 1600 5360 4.8
85 1800 6320 2.6
86 0 0 2
86 200 400 1.3
86 400 660 4.8
86 600 1620 4.8
86 800 2580 3
86 1000 3180 4.8
86 1200 4140 2.2
86 1400 4580 3.9
86 1600 5360 4.8
86 1800 6320 2.6
87 0 0 2
87 200 400 1.3
87 400 660 4.8
87 600 1620 4.8
87 800 2580 3
87 1000 3180 4.8
87 1200 4140 2.2
87 1400 4580 3.9
87 1600 5360 4.8
87 1800 6320 2.6
88 0 0 2
88 200 400 1.3
88 400 660 4.8
88 600 1620 4.8
88 800 2580 3
88 1000 3180 4.8
88 1200 4140 2.2
88 1400 4580 3.9
88 1600 5360 4.8
88 1800 6320 2.6
89 0 0 2
89 200 400 1.3
89 400 660 4.8
89 600 1620 4.8
89 800 2580 3
89 1000 3180 4.8
89 1200 4140 2.2
89 1400 4580 3.9
89 1600 5360 4.8
89 1800 6320 2.6
90 0 0 2
90 200 400 1.3
90 400 660 4.8
90 600 1620 4.8
90 800 2580 3
90 1000 3180 4.8
90 1200 4140 2.2
90 1400 4580 3.9
90 1600 5360 4.8
90 1800 6320 2.6
91 0 0 2
91 200 400 1.3
91 400 660 4.8
91 600 1620 4.8
91 800 2580 3
91 1000 3180 4.8
91 1200 4140 2.2
91 1400 4580 3.9
91 1600 5360 4.8
91 1800 6320 2.6
92 0 0 2
92 200 400 1.3
92 400 660 4.8
92 600 1620 4.8
92 800 2580 3
92 1000 3180 4.8
92 1200 4140 2.2
92 1400 4580 3.9
92 1600 5360 4.8
92 1800 6320 2.6
93 0 0 2
93 200 400 1.3
93 400 660 4.8
93 600 1620 4.8
93 800 2580 3
93 1000 3180 4.8
93 1200 4140 2.2
93 1400 4580 3.9
93 1600 5360 4.8
93 1800 6320 2.6
94 0 0 2
94 200 400 1.3
94 400 660 4.8
94 600 1620 4.8
94 800 2580 3
94 1000 3180 4.8
94 1200 4140 2.2
94 1400 4580 3.9
94 1600 5360 4.8
94 1800 6320 2.6
95 0 0 2
95 200 400 1.3
95 400 660 4.8
95 600 1620 4.8
95 800 2580 3
95 1000 3180 4.8
95 1200 4140 2.2
95 1400 4580 3.9
95 1600 5360 4.8
95 1800 6320 2.6
96 0 0 2
96 200 400 1.3
96 400 660 4.8
96 600 1620 4.8
96 800 2580 3
96 1000 3180 4.8
96 1200 4140 2.2
96 1400 4580 3.9
96 1600 5360 4.8
96 1800 6320 2.6
97 0 0 2
97 200 400 1.3
97 400 660 4.8
97 600 1620 4.8
97 800 2580 3
97 1000 3180 4.8
97 1200 4140 2.2
97 1400 4580 3.9
97 1600 5360 4.8
97 1800 6320 2.6
98 0 0 2
98 200 400 1.3
98 400 660 4.8
98 600 1620 4.8
98 800 2580 3
98 1000 3180 4.8
98 1200 4140 2.2
98 1400 4580 3.9
98 1600 5360 4.8
98 1800 6320 2.6
99 0 0 2
99 200 400 1.3
99 400 660 4.8
99 600 1620 4.8
99 800 2580 3
99 1000 3180 4.8
99 1200 4140 2.2
99 1400 4580 3.9
99 1600 5360 4.8
99 1800 6320 2.6
