500 10
0 0 0 0.7
0 200 140 2.9
0 400 720 2.1
0 600 1140 2.4
0 800 1620 3.3
0 1000 2280 3.8
0 1200 3040 4.6
0 1400 3960 2.4
0 1600 4440 3.2
0 1800 5080 1.7
1 0 0 0.7
1 200 140 2.9
1 400 720 2.1
1 600 1140 2.4
1 800 1620 3.3
1 1000 2280 3.8
1 1200 3040 4.6
1 1400 3960 2.4
1 1600 4440 3.2
1 1800 5080 1.7
2 0 0 0.7
2 200 140 2.9
2 400 720 2.1
2 600 1140 2.4
2 800 1620 3.3
2 1000 2280 3.8
2 1200 3040 4.6
2 1400 3960 2.4
2 1600 4440 3.2
2 1800 5080 1.7
3 0 0 0.7
3 200 140 2.9
3 400 720 2.1
3 600 1140 2.4
3 800 1620 3.3
3 1000 2280 3.8
3 1200 3040 4.6
3 1400 3960 2.4
3 1600 4440 3.2
3 1800 5080 1.7
4 0 0 0.7
4 200 140 2.9
4 400 720 2.1
4 600 1140 2.4
4 800 1620 3.3
4 1000 2280 3.8
4 1200 3040 4.6
4 1400 3960 2.4
4 1600 4440 3.2
4 1800 5080 1.7
5 0 0 0.7
5 200 140 2.9
5 400 720 2.1
5 600 1140 2.4
5 800 1620 3.3
5 1000 2280 3.8
5 1200 3040 4.6
5 1400 3960 2.4
5 1600 4440 3.2
5 1800 5080 1.7
6 0 0 0.7
6 200 140 2.9
6 400 720 2.1
6 600 1140 2.4
6 800 1620 3.3
6 1000 2280 3.8
6 1200 3040 4.6
6 1400 3960 2.4
6 1600 4440 3.2
6 1800 5080 1.7
7 0 0 0.7
7 200 140 2.9
7 400 720 2.1
7 600 1140 2.4
7 800 1620 3.3
7 1000 2280 3.8
7 1200 3040 4.6
7 1400 3960 2.4
7 1600 4440 3.2
7 1800 5080 1.7
8 0 0 0.7
8 200 140 2.9
8 400 720 2.1
8 600 1140 2.4
8 800 1620 3.3
8 1000 2280 3.8
8 1200 3040 4.6
8 1400 3960 2.4
8 1600 4440 3.2
8 1800 5080 1.7
9 0 0 0.7
9 200 140 2.9
9 400 720 2.1
9 600 1140 2.4
9 800 1620 3.3
9 1000 2280 3.8
9 1200 3040 4.6
9 1400 3960 2.4
9 1600 4440 3.2
9 1800 5080 1.7
10 0 0 0.7
10 200 140 2.9
10 400 720 2.1
10 600 1140 2.4
10 800 1620 3.3
10 1000 2280 3.8
10 1200 3040 4.6
10 1400 3960 2.4
10 1600 4440 3.2
10 1800 5080 1.7
11 0 0 0.7
11 200 140 2.9
11 400 720 2.1
11 600 1140 2.4
11 800 1620 3.3
11 1000 2280 3.8
11 1200 3040 4.6
11 1400 3960 2.4
11 1600 4440 3.2
11 1800 5080 1.7
12 0 0 0.7
12 200 140 2.9
12 400 720 2.1
12 600 1140 2.4
12 800 1620 3.3
12 1000 2280 3.8
12 1200 3040 4.6
12 1400 3960 2.4
12 1600 4440 3.2
12 1800 5080 1.7
13 0 0 0.7
13 200 140 2.9
13 400 720 2.1
13 600 1140 2.4
13 800 1620 3.3
13 1000 2280 3.8
13 1200 3040 4.6
13 1400 3960 2.4
13 1600 4440 3.2
13 1800 5080 1.7
14 0 0 0.7
14 200 140 2.9
14 400 720 2.1
14 600 1140 2.4
14 800 1620 3.3
14 1000 2280 3.8
14 1200 3040 4.6
14 1400 3960 2.4
14 1600 4440 3.2
14 1800 5080 1.7
15 0 0 0.7
15 200 140 2.9
15 400 720 2.1
15 600 1140 2.4
15 800 1620 3.3
15 1000 2280 3.8
15 1200 3040 4.6
15 1400 3960 2.4
15 1600 4440 3.2
15 1800 5080 1.7
16 0 0 0.7
16 200 140 2.9
16 400 720 2.1
16 600 1140 2.4
16 800 1620 3.3
16 1000 2280 3.8
16 1200 3040 4.6
16 1400 3960 2.4
16 1600 4440 3.2
16 1800 5080 1.7
17 0 0 0.7
17 200 140 2.9
17 400 720 2.1
17 600 1140 2.4
17 800 1620 3.3
17 1000 2280 3.8
17 1200 3040 4.6
17 1400 3960 2.4
17 1600 4440 3.2
17 1800 5080 1.7
18 0 0 0.7
18 200 140 2.9
18 400 720 2.1
18 600 1140 2.4
18 800 1620 3.3
18 1000 2280 3.8
18 1200 3040 4.6
18 1400 3960 2.4
18 1600 4440 3.2
18 1800 5080 1.7
19 0 0 0.7
19 200 140 2.9
19 400 720 2.1
19 600 1140 2.4
19 800 1620 3.3
19 1000 2280 3.8
19 1200 3040 4.6
19 1400 3960 2.4
19 1600 4440 3.2
19 1800 5080 1.7
20 0 0 0.7
20 200 140 2.9
20 400 720 2.1
20 600 1140 2.4
20 800 1620 3.3
20 1000 2280 3.8
20 1200 3040 4.6
20 1400 3960 2.4
20 1600 4440 3.2
20 1800 5080 1.7
21 0 0 0.7
21 200 140 2.9
21 400 720 2.1
21 600 1140 2.4
21 800 1620 3.3
21 1000 2280 3.8
21 1200 3040 4.6
21 1400 3960 2.4
21 1600 4440 3.2
21 1800 5080 1.7
22 0 0 0.7
22 200 140 2.9
22 400 720 2.1
22 600 1140 2.4
22 800 1620 3.3
22 1000 2280 3.8
22 1200 3040 4.6
22 1400 3960 2.4
22 1600 4440 3.2
22 1800 5080 1.7
23 0 0 0.7
23 200 140 2.9
23 400 720 2.1
23 600 1140 2.4
23 800 1620 3.3
23 1000 2280 3.8
23 1200 3040 4.6
23 1400 3960 2.4
23 1600 4440 3.2
23 1800 5080 1.7
24 0 0 0.7
24 200 140 2.9
24 400 720 2.1
24 600 1140 2.4
24 800 1620 3.3
24 1000 2280 3.8
24 1200 3040 4.6
24 1400 3960 2.4
24 1600 4440 3.2
24 1800 5080 1.7
25 0 0 0.7
25 200 140 2.9
25 400 720 2.1
25 600 1140 2.4
25 800 1620 3.3
25 1000 2280 3.8
25 1200 3040 4.6
25 1400 3960 2.4
25 1600 4440 3.2
25 1800 5080 1.7
26 0 0 0.7
26 200 140 2.9
26 400 720 2.1
26 600 1140 2.4
26 800 1620 3.3
26 1000 2280 3.8
26 1200 3040 4.6
26 1400 3960 2.4
26 1600 4440 3.2
26 1800 5080 1.7
27 0 0 0.7
27 200 140 2.9
27 400 720 2.1
27 600 1140 2.4
27 800 1620 3.3
27 1000 2280 3.8
27 1200 3040 4.6
27 1400 3960 2.4
27 1600 4440 3.2
27 1800 5080 1.7
28 0 0 0.7
28 200 140 2.9
28 400 720 2.1
28 600 1140 2.4
28 800 1620 3.3
28 1000 2280 3.8
28 1200 3040 4.6
28 1400 3960 2.4
28 1600 4440 3.2
28 1800 5080 1.7
29 0 0 0.7
29 200 140 2.9
29 400 720 2.1
29 600 1140 2.4
29 800 1620 3.3
29 1000 2280 3.8
29 1200 3040 4.6
29 1400 3960 2.4
29 1600 4440 3.2
29 1800 5080 1.7
30 0 0 0.7
30 200 140 2.9
30 400 720 2.1
30 600 1140 2.4
30 800 1620 3.3
30 1000 2280 3.8
30 1200 3040 4.6
30 1400 3960 2.4
30 1600 4440 3.2
30 1800 5080 1.7
31 0 0 0.7
31 200 140 2.9
31 400 720 2.1
31 600 1140 2.4
31 800 1620 3.3
31 1000 2280 3.8
31 1200 3040 4.6
31 1400 3960 2.4
31 1600 4440 3.2
31 1800 5080 1.7
32 0 0 0.7
32 200 140 2.9
32 400 720 2.1
32 600 1140 2.4
32 800 1620 3.3
32 1000 2280 3.8
32 1200 3040 4.6
32 1400 3960 2.4
32 1600 4440 3.2
32 1800 5080 1.7
33 0 0 0.7
33 200 140 2.9
33 400 720 2.1
33 600 1140 2.4
33 800 1620 3.3
33 1000 2280 3.8
33 1200 3040 4.6
33 1400 3960 2.4
33 1600 4440 3.2
33 1800 5080 1.7
34 0 0 0.7
34 200 140 2.9
34 400 720 2.1
34 600 1140 2.4
34 800 1620 3.3
34 1000 2280 3.8
34 1200 3040 4.6
34 1400 3960 2.4
34 1600 4440 3.2
34 1800 5080 1.7
35 0 0 0.7
35 200 140 2.9
35 400 720 2.1
35 600 1140 2.4
35 800 1620 3.3
35 1000 2280 3.8
35 1200 3040 4.6
35 1400 3960 2.4
35 1600 4440 3.2
35 1800 5080 1.7
36 0 0 0.7
36 200 140 2.9
36 400 720 2.1
36 600 1140 2.4
36 800 1620 3.3
36 1000 2280 3.8
36 1200 3040 4.6
36 1400 3960 2.4
36 1600 4440 3.2
36 1800 5080 1.7
37 0 0 0.7
37 200 140 2.9
37 400 720 2.1
37 600 1140 2.4
37 800 1620 3.3
37 1000 2280 3.8
37 1200 3040 4.6
37 1400 3960 2.4
37 1600 4440 3.2
37 1800 5080 1.7
38 0 0 0.7
38 200 140 2.9
38 400 720 2.1
38 600 1140 2.4
38 800 1620 3.3
38 1000 2280 3.8
38 1200 3040 4.6
38 1400 3960 2.4
38 1600 4440 3.2
38 1800 5080 1.7
39 0 0 0.7
39 200 140 2.9
39 400 720 2.1
39 600 1140 2.4
39 800 1620 3.3
39 1000 2280 3.8
39 1200 3040 4.6
39 1400 3960 2.4
39 1600 4440 3.2
39 1800 5080 1.7
40 0 0 0.7
40 200 140 2.9
40 400 720 2.1
40 600 1140 2.4
40 800 1620 3.3
40 1000 2280 3.8
40 1200 3040 4.6
40 1400 3960 2.4
40 1600 4440 3.2
40 1800 5080 1.7
41 0 0 0.7
41 200 140 2.9
41 400 720 2.1
41 600 1140 2.4
41 800 1620 3.3
41 1000 2280 3.8
41 1200 3040 4.6
41 1400 3960 2.4
41 1600 4440 3.2
41 1800 5080 1.7
42 0 0 0.7
42 200 140 2.9
42 400 720 2.1
42 600 1140 2.4
42 800 1620 3.3
42 1000 2280 3.8
42 1200 3040 4.6
42 1400 3960 2.4
42 1600 4440 3.2
42 1800 5080 1.7
43 0 0 0.7
43 200 140 2.9
43 400 720 2.1
43 600 1140 2.4
43 800 1620 3.3
43 1000 2280 3.8
43 1200 3040 4.6
43 1400 3960 2.4
43 1600 4440 3.2
43 1800 5080 1.7
44 0 0 0.7
44 200 140 2.9
44 400 720 2.1
44 600 1140 2.4
44 800 1620 3.3
44 1000 2280 3.8
44 1200 3040 4.6
44 1400 3960 2.4
44 1600 4440 3.2
44 1800 5080 1.7
45 0 0 0.7
45 200 140 2.9
45 400 720 2.1
45 600 1140 2.4
45 800 1620 3.3
45 1000 2280 3.8
45 1200 3040 4.6
45 1400 3960 2.4
45 1600 4440 3.2
45 1800 5080 1.7
46 0 0 0.7
46 200 140 2.9
46 400 720 2.1
46 600 1140 2.4
46 800 1620 3.3
46 1000 2280 3.8
46 1200 3040 4.6
46 1400 3960 2.4
46 1600 4440 3.2
46 1800 5080 1.7
47 0 0 0.7
47 200 140 2.9
47 400 720 2.1
47 600 1140 2.4
47 800 1620 3.3
47 1000 2280 3.8
47 1200 3040 4.6
47 1400 3960 2.4
47 1600 4440 3.2
47 1800 5080 1.7
48 0 0 0.7
48 200 140 2.9
48 400 720 2.1
48 600 1140 2.4
48 800 1620 3.3
48 1000 2280 3.8
48 1200 3040 4.6
48 1400 3960 2.4
48 1600 4440 3.2
48 1800 5080 1.7
49 0 0 0.7
49 200 140 2.9
49 400 720 2.1
49 600 1140 2.4
49 800 1620 3.3
49 1000 2280 3.8
49 1200 3040 4.6
49 1400 3960 2.4
49 1600 4440 3.2
49 1800 5080 1.7
50 0 0 0.7
50 200 140 2.9
50 400 720 2.1
50 600 1140 2.4
50 800 1620 3.3
50 1000 2280 3.8
50 1200 3040 4.6
50 1400 3960 2.4
50 1600 4440 3.2
50 1800 5080 1.7
51 0 0 0.7
51 200 140 2.9
51 400 720 2.1
51 600 1140 2.4
51 800 1620 3.3
51 1000 2280 3.8
51 1200 3040 4.6
51 1400 3960 2.4
51 1600 4440 3.2
51 1800 5080 1.7
52 0 0 0.7
52 200 140 2.9
52 400 720 2.1
52 600 1140 2.4
52 800 1620 3.3
52 1000 2280 3.8
52 1200 3040 4.6
52 1400 3960 2.4
52 1600 4440 3.2
52 1800 5080 1.7
53 0 0 0.7
53 200 140 2.9
53 400 720 2.1
53 600 1140 2.4
53 800 1620 3.3
53 1000 2280 3.8
53 1200 3040 4.6
53 1400 3960 2.4
53 1600 4440 3.2
53 1800 5080 1.7
54 0 0 0.7
54 200 140 2.9
54 400 720 2.1
54 600 1140 2.4
54 800 1620 3.3
54 1000 2280 3.8
54 1200 3040 4.6
54 1400 3960 2.4
54 1600 4440 3.2
54 1800 5080 1.7
55 0 0 0.7
55 200 140 2.9
55 400 720 2.1
55 600 1140 2.4
55 800 1620 3.3
55 1000 2280 3.8
55 1200 3040 4.6
55 1400 3960 2.4
55 1600 4440 3.2
55 1800 5080 1.7
56 0 0 0.7
56 200 140 2.9
56 400 720 2.1
56 600 1140 2.4
56 800 1620 3.3
56 1000 2280 3.8
56 1200 3040 4.6
56 1400 3960 2.4
56 1600 4440 3.2
56 1800 5080 1.7
57 0 0 0.7
57 200 140 2.9
57 400 720 2.1
57 600 1140 2.4
57 800 1620 3.3
57 1000 2280 3.8
57 1200 3040 4.6
57 1400 3960 2.4
57 1600 4440 3.2
57 1800 5080 1.7
58 0 0 0.7
58 200 140 2.9
58 400 720 2.1
58 600 1140 2.4
58 800 1620 3.3
58 1000 2280 3.8
58 1200 3040 4.6
58 1400 3960 2.4
58 1600 4440 3.2
58 1800 5080 1.7
59 0 0 0.7
59 200 140 2.9
59 400 720 2.1
59 600 1140 2.4
59 800 1620 3.3
59 1000 2280 3.8
59 1200 3040 4.6
59 1400 3960 2.4
59 1600 4440 3.2
59 1800 5080 1.7
60 0 0 0.7
60 200 140 2.9
60 400 720 2.1
60 600 1140 2.4
60 800 1620 3.3
60 1000 2280 3.8
60 1200 3040 4.6
60 1400 3960 2.4
60 1600 4440 3.2
60 1800 5080 1.7
61 0 0 0.7
61 200 140 2.9
61 400 720 2.1
61 600 1140 2.4
61 800 1620 3.3
61 1000 2280 3.8
61 1200 3040 4.6
61 1400 3960 2.4
61 1600 4440 3.2
61 1800 5080 1.7
62 0 0 0.7
62 200 140 2.9
62 400 720 2.1
62 600 1140 2.4
62 800 1620 3.3
62 1000 2280 3.8
62 1200 3040 4.6
62 1400 3960 2.4
62 1600 4440 3.2
62 1800 5080 1.7
63 0 0 0.7
63 200 140 2.9
63 400 720 2.1
63 600 1140 2.4
63 800 1620 3.3
63 1000 2280 3.8
63 1200 3040 4.6
63 1400 3960 2.4
63 1600 4440 3.2
63 1800 5080 1.7
64 0 0 0.7
64 200 140 2.9
64 400 720 2.1
64 600 1140 2.4
64 800 1620 3.3
64 1000 2280 3.8
64 1200 3040 4.6
64 1400 3960 2.4
64 1600 4440 3.2
64 1800 5080 1.7
65 0 0 0.7
65 200 140 2.9
65 400 720 2.1
65 600 1140 2.4
65 800 1620 3.3
65 1000 2280 3.8
65 1200 3040 4.6
65 1400 3960 2.4
65 1600 4440 3.2
65 1800 5080 1.7
66 0 0 0.7
66 200 140 2.9
66 400 720 2.1
66 600 1140 2.4
66 800 1620 3.3
66 1000 2280 3.8
66 1200 3040 4.6
66 1400 3960 2.4
66 1600 4440 3.2
66 1800 5080 1.7
67 0 0 0.7
67 200 140 2.9
67 400 720 2.1
67 600 1140 2.4
67 800 1620 3.3
67 1000 2280 3.8
67 1200 3040 4.6
67 1400 3960 2.4
67 1600 4440 3.2
67 1800 5080 1.7
68 0 0 0.7
68 200 140 2.9
68 400 720 2.1
68 600 1140 2.4
68 800 1620 3.3
68 1000 2280 3.8
68 1200 3040 4.6
68 1400 3960 2.4
68 1600 4440 3.2
68 1800 5080 1.7
69 0 0 0.7
69 200 140 2.9
69 400 720 2.1
69 600 1140 2.4
69 800 1620 3.3
69 1000 2280 3.8
69 1200 3040 4.6
69 1400 3960 2.4
69 1600 4440 3.2
69 1800 5080 1.7
70 0 0 0.7
70 200 140 2.9
70 400 720 2.1
70 600 1140 2.4
70 800 1620 3.3
70 1000 2280 3.8
70 1200 3040 4.6
70 1400 3960 2.4
70 1600 4440 3.2
70 1800 5080 1.7
71 0 0 0.7
71 200 140 2.9
71 400 720 2.1
71 600 1140 2.4
71 800 1620 3.3
71 1000 2280 3.8
71 1200 3040 4.6
71 1400 3960 2.4
71 1600 4440 3.2
71 1800 5080 1.7
72 0 0 0.7
72 200 140 2.9
72 400 720 2.1
72 600 1140 2.4
72 800 1620 3.3
72 1000 2280 3.8
72 1200 3040 4.6
72 1400 3960 2.4
72 1600 4440 3.2
72 1800 5080 1.7
73 0 0 0.7
73 200 140 2.9
73 400 720 2.1
73 600 1140 2.4
73 800 1620 3.3
73 1000 2280 3.8
73 1200 3040 4.6
73 1400 3960 2.4
73 1600 4440 3.2
73 1800 5080 1.7
74 0 0 0.7
74 200 140 2.9
74 400 720 2.1
74 600 1140 2.4
74 800 1620 3.3
74 1000 2280 3.8
74 1200 3040 4.6
74 1400 3960 2.4
74 1600 4440 3.2
74 1800 5080 1.7
75 0 0 0.7
75 200 140 2.9
75 400 720 2.1
75 600 1140 2.4
75 800 1620 3.3
75 1000 2280 3.8
75 1200 3040 4.6
75 1400 3960 2.4
75 1600 4440 3.2
75 1800 5080 1.7
76 0 0 0.7
76 200 140 2.9
76 400 720 2.1
76 600 1140 2.4
76 800 1620 3.3
76 1000 2280 3.8
76 1200 3040 4.6
76 1400 3960 2.4
76 1600 4440 3.2
76 1800 5080 1.7
77 0 0 0.7
77 200 140 2.9
77 400 720 2.1
77 600 1140 2.4
77 800 1620 3.3
77 1000 2280 3.8
77 1200 3040 4.6
77 1400 3960 2.4
77 1600 4440 3.2
77 1800 5080 1.7
78 0 0 0.7
78 200 140 2.9
78 400 720 2.1
78 600 1140 2.4
78 800 1620 3.3
78 1000 2280 3.8
78 1200 3040 4.6
78 1400 3960 2.4
78 1600 4440 3.2
78 1800 5080 1.7
79 0 0 0.7
79 200 140 2.9
79 400 720 2.1
79 600 1140 2.4
79 800 1620 3.3
79 1000 2280 3.8
79 1200 3040 4.6
79 1400 3960 2.4
79 1600 4440 3.2
79 1800 5080 1.7
80 0 0 0.7
80 200 140 2.9
80 400 720 2.1
80 600 1140 2.4
80 800 1620 3.3
80 1000 2280 3.8
80 1200 3040 4.6
80 1400 3960 2.4
80 1600 4440 3.2
80 1800 5080 1.7
81 0 0 0.7
81 200 140 2.9
81 400 720 2.1
81 600 1140 2.4
81 800 1620 3.3
81 1000 2280 3.8
81 1200 3040 4.6
81 1400 3960 2.4
81 1600 4440 3.2
81 1800 5080 1.7
82 0 0 0.7
82 200 140 2.9
82 400 720 2.1
82 600 1140 2.4
82 800 1620 3.3
82 1000 2280 3.8
82 1200 3040 4.6
82 1400 3960 2.4
82 1600 4440 3.2
82 1800 5080 1.7
83 0 0 0.7
83 200 140 2.9
83 400 720 2.1
83 600 1140 2.4
83 800 1620 3.3
83 1000 2280 3.8
83 1200 3040 4.6
83 1400 3960 2.4
83 1600 4440 3.2
83 1800 5080 1.7
84 0 0 0.7
84 200 140 2.9
84 400 720 2.1
84 600 1140 2.4
84 800 1620 3.3
84 1000 2280 3.8
84 1200 3040 4.6
84 1400 3960 2.4
84 1600 4440 3.2
84 1800 5080 1.7
85 0 0 0.7
85 200 140 2.9
85 400 720 2.1
85 600 1140 2.4
85 800 1620 3.3
85 1000 2280 3.8
85 1200 3040 4.6
85 1400 3960 2.4
85 1600 4440 3.2
85 1800 5080 1.7
86 0 0 0.7
86 200 140 2.9
86 400 720 2.1
86 600 1140 2.4
86 800 1620 3.3
86 1000 2280 3.8
86 1200 3040 4.6
86 1400 3960 2.4
86 1600 4440 3.2
86 1800 5080 1.7
87 0 0 0.7
87 200 140 2.9
87 400 720 2.1
87 600 1140 2.4
87 800 1620 3.3
87 1000 2280 3.8
87 1200 3040 4.6
87 1400 3960 2.4
87 1600 4440 3.2
87 1800 5080 1.7
88 0 0 0.7
88 200 140 2.9
88 400 720 2.1
88 600 1140 2.4
88 800 1620 3.3
88 1000 2280 3.8
88 1200 3040 4.6
88 1400 3960 2.4
88 1600 4440 3.2
88 1800 5080 1.7
89 0 0 0.7
89 200 140 2.9
89 400 720 2.1
89 600 1140 2.4
89 800 1620 3.3
89 1000 2280 3.8
89 1200 3040 4.6
89 1400 3960 2.4
89 1600 4440 3.2
89 1800 5080 1.7
90 0 0 0.7
90 200 140 2.9
90 400 720 2.1
90 600 1140 2.4
90 800 1620 3.3
90 1000 2280 3.8
90 1200 3040 4.6
90 1400 3960 2.4
90 1600 4440 3.2
90 1800 5080 1.7
91 0 0 0.7
91 200 140 2.9
91 400 720 2.1
91 600 1140 2.4
91 800 1620 3.3
91 1000 2280 3.8
91 1200 3040 4.6
91 1400 3960 2.4
91 1600 4440 3.2
91 1800 5080 1.7
92 0 0 0.7
92 200 140 2.9
92 400 720 2.1
92 600 1140 2.4
92 800 1620 3.3
92 1000 2280 3.8
92 1200 3040 4.6
92 1400 3960 2.4
92 1600 4440 3.2
92 1800 5080 1.7
93 0 0 0.7
93 200 140 2.9
93 400 720 2.1
93 600 1140 2.4
93 800 1620 3.3
93 1000 2280 3.8
93 1200 3040 4.6
93 1400 3960 2.4
93 1600 4440 3.2
93 1800 5080 1.7
94 0 0 0.7
94 200 140 2.9
94 400 720 2.1
94 600 1140 2.4
94 800 1620 3.3
94 1000 2280 3.8
94 1200 3040 4.6
94 1400 3960 2.4
94 1600 4440 3.2
94 1800 5080 1.7
95 0 0 0.7
95 200 140 2.9
95 400 720 2.1
95 600 1140 2.4
95 800 1620 3.3
95 1000 2280 3.8
95 1200 3040 4.6
95 1400 3960 2.4
95 1600 4440 3.2
95 1800 5080 1.7
96 0 0 0.7
96 200 140 2.9
96 400 720 2.1
96 600 1140 2.4
96 800 1620 3.3
96 1000 2280 3.8
96 1200 3040 4.6
96 1400 3960 2.4
96 1600 4440 3.2
96 1800 5080 1.7
97 0 0 0.7
97 200 140 2.9
97 400 720 2.1
97 600 1140 2.4
97 800 1620 3.3
97 1000 2280 3.8
97 1200 3040 4.6
97 1400 3960 2.4
97 1600 4440 3.2
97 1800 5080 1.7
98 0 0 0.7
98 200 140 2.9
98 400 720 2.1
98 600 1140 2.4
98 800 1620 3.3
98 1000 2280 3.8
98 1200 3040 4.6
98 1400 3960 2.4
98 1600 4440 3.2
98 1800 5080 1.7
99 0 0 0.7
99 200 140 2.9
99 400 720 2.1
99 600 1140 2.4
99 800 1620 3.3
99 1000 2280 3.8
99 1200 3040 4.6
99 1400 3960 2.4
99 1600 4440 3.2
99 1800 5080 1.7
100 0 0 0.7
100 200 140 2.9
100 400 720 2.1
100 600 1140 2.4
100 800 1620 3.3
100 1000 2280 3.8
100 1200 3040 4.6
100 1400 3960 2.4
100 1600 4440 3.2
100 1800 5080 1.7
101 0 0 0.7
101 200 140 2.9
101 400 720 2.1
101 600 1140 2.4
101 800 1620 3.3
101 1000 2280 3.8
101 1200 3040 4.6
101 1400 3960 2.4
101 1600 4440 3.2
101 1800 5080 1.7
102 0 0 0.7
102 200 140 2.9
102 400 720 2.1
102 600 1140 2.4
102 800 1620 3.3
102 1000 2280 3.8
102 1200 3040 4.6
102 1400 3960 2.4
102 1600 4440 3.2
102 1800 5080 1.7
103 0 0 0.7
103 200 140 2.9
103 400 720 2.1
103 600 1140 2.4
103 800 1620 3.3
103 1000 2280 3.8
103 1200 3040 4.6
103 1400 3960 2.4
103 1600 4440 3.2
103 1800 5080 1.7
104 0 0 0.7
104 200 140 2.9
104 400 720 2.1
104 600 1140 2.4
104 800 1620 3.3
104 1000 2280 3.8
104 1200 3040 4.6
104 1400 3960 2.4
104 1600 4440 3.2
104 1800 5080 1.7
105 0 0 0.7
105 200 140 2.9
105 400 720 2.1
105 600 1140 2.4
105 800 1620 3.3
105 1000 2280 3.8
105 1200 3040 4.6
105 1400 3960 2.4
105 1600 4440 3.2
105 1800 5080 1.7
106 0 0 0.7
106 200 140 2.9
106 400 720 2.1
106 600 1140 2.4
106 800 1620 3.3
106 1000 2280 3.8
106 1200 3040 4.6
106 1400 3960 2.4
106 1600 4440 3.2
106 1800 5080 1.7
107 0 0 0.7
107 200 140 2.9
107 400 720 2.1
107 600 1140 2.4
107 800 1620 3.3
107 1000 2280 3.8
107 1200 3040 4.6
107 1400 3960 2.4
107 1600 4440 3.2
107 1800 5080 1.7
108 0 0 0.7
108 200 140 2.9
108 400 720 2.1
108 600 1140 2.4
108 800 1620 3.3
108 1000 2280 3.8
108 1200 3040 4.6
108 1400 3960 2.4
108 1600 4440 3.2
108 1800 5080 1.7
109 0 0 0.7
109 200 140 2.9
109 400 720 2.1
109 600 1140 2.4
109 800 1620 3.3
109 1000 2280 3.8
109 1200 3040 4.6
109 1400 3960 2.4
109 1600 4440 3.2
109 1800 5080 1.7
110 0 0 0.7
110 200 140 2.9
110 400 720 2.1
110 600 1140 2.4
110 800 1620 3.3
110 1000 2280 3.8
110 1200 3040 4.6
110 1400 3960 2.4
110 1600 4440 3.2
110 1800 5080 1.7
111 0 0 0.7
111 200 140 2.9
111 400 720 2.1
111 600 1140 2.4
111 800 1620 3.3
111 1000 2280 3.8
111 1200 3040 4.6
111 1400 3960 2.4
111 1600 4440 3.2
111 1800 5080 1.7
112 0 0 0.7
112 200 140 2.9
112 400 720 2.1
112 600 1140 2.4
112 800 1620 3.3
112 1000 2280 3.8
112 1200 3040 4.6
112 1400 3960 2.4
112 1600 4440 3.2
112 1800 5080 1.7
113 0 0 0.7
113 200 140 2.9
113 400 720 2.1
113 600 1140 2.4
113 800 1620 3.3
113 1000 2280 3.8
113 1200 3040 4.6
113 1400 3960 2.4
113 1600 4440 3.2
113 1800 5080 1.7
114 0 0 0.7
114 200 140 2.9
114 400 720 2.1
114 600 1140 2.4
114 800 1620 3.3
114 1000 2280 3.8
114 1200 3040 4.6
114 1400 3960 2.4
114 1600 4440 3.2
114 1800 5080 1.7
115 0 0 0.7
115 200 140 2.9
115 400 720 2.1
115 600 1140 2.4
115 800 1620 3.3
115 1000 2280 3.8
115 1200 3040 4.6
115 1400 3960 2.4
115 1600 4440 3.2
115 1800 5080 1.7
116 0 0 0.7
116 200 140 2.9
116 400 720 2.1
116 600 1140 2.4
116 800 1620 3.3
116 1000 2280 3.8
116 1200 3040 4.6
116 1400 3960 2.4
116 1600 4440 3.2
116 1800 5080 1.7
117 0 0 0.7
117 200 140 2.9
117 400 720 2.1
117 600 1140 2.4
117 800 1620 3.3
117 1000 2280 3.8
117 1200 3040 4.6
117 1400 3960 2.4
117 1600 4440 3.2
117 1800 5080 1.7
118 0 0 0.7
118 200 140 2.9
118 400 720 2.1
118 600 1140 2.4
118 800 1620 3.3
118 1000 2280 3.8
118 1200 3040 4.6
118 1400 3960 2.4
118 1600 4440 3.2
118 1800 5080 1.7
119 0 0 0.7
119 200 140 2.9
119 400 720 2.1
119 600 1140 2.4
119 800 1620 3.3
119 1000 2280 3.8
119 1200 3040 4.6
119 1400 3960 2.4
119 1600 4440 3.2
119 1800 5080 1.7
120 0 0 0.7
120 200 140 2.9
120 400 720 2.1
120 600 1140 2.4
120 800 1620 3.3
120 1000 2280 3.8
120 1200 3040 4.6
120 1400 3960 2.4
120 1600 4440 3.2
120 1800 5080 1.7
121 0 0 0.7
121 200 140 2.9
121 400 720 2.1
121 600 1140 2.4
121 800 1620 3.3
121 1000 2280 3.8
121 1200 3040 4.6
121 1400 3960 2.4
121 1600 4440 3.2
121 1800 5080 1.7
122 0 0 0.7
122 200 140 2.9
122 400 720 2.1
122 600 1140 2.4
122 800 1620 3.3
122 1000 2280 3.8
122 1200 3040 4.6
122 1400 3960 2.4
122 1600 4440 3.2
122 1800 5080 1.7
123 0 0 0.7
123 200 140 2.9
123 400 720 2.1
123 600 1140 2.4
123 800 1620 3.3
123 1000 2280 3.8
123 1200 3040 4.6
123 1400 3960 2.4
123 1600 4440 3.2
123 1800 5080 1.7
124 0 0 0.7
124 200 140 2.9
124 400 720 2.1
124 600 1140 2.4
124 800 1620 3.3
124 1000 2280 3.8
124 1200 3040 4.6
124 1400 3960 2.4
124 1600 4440 3.2
124 1800 5080 1.7
125 0 0 0.7
125 200 140 2.9
125 400 720 2.1
125 600 1140 2.4
125 800 1620 3.3
125 1000 2280 3.8
125 1200 3040 4.6
125 1400 3960 2.4
125 1600 4440 3.2
125 1800 5080 1.7
126 0 0 0.7
126 200 140 2.9
126 400 720 2.1
126 600 1140 2.4
126 800 1620 3.3
126 1000 2280 3.8
126 1200 3040 4.6
126 1400 3960 2.4
126 1600 4440 3.2
126 1800 5080 1.7
127 0 0 0.7
127 200 140 2.9
127 400 720 2.1
127 600 1140 2.4
127 800 1620 3.3
127 1000 2280 3.8
127 1200 3040 4.6
127 1400 3960 2.4
127 1600 4440 3.2
127 1800 5080 1.7
128 0 0 0.7
128 200 140 2.9
128 400 720 2.1
128 600 1140 2.4
128 800 1620 3.3
128 1000 2280 3.8
128 1200 3040 4.6
128 1400 3960 2.4
128 1600 4440 3.2
128 1800 5080 1.7
129 0 0 0.7
129 200 140 2.9
129 400 720 2.1
129 600 1140 2.4
129 800 1620 3.3
129 1000 2280 3.8
129 1200 3040 4.6
129 1400 3960 2.4
129 1600 4440 3.2
129 1800 5080 1.7
130 0 0 0.7
130 200 140 2.9
130 400 720 2.1
130 600 1140 2.4
130 800 1620 3.3
130 1000 2280 3.8
130 1200 3040 4.6
130 1400 3960 2.4
130 1600 4440 3.2
130 1800 5080 1.7
131 0 0 0.7
131 200 140 2.9
131 400 720 2.1
131 600 1140 2.4
131 800 1620 3.3
131 1000 2280 3.8
131 1200 3040 4.6
131 1400 3960 2.4
131 1600 4440 3.2
131 1800 5080 1.7
132 0 0 0.7
132 200 140 2.9
132 400 720 2.1
132 600 1140 2.4
132 800 1620 3.3
132 1000 2280 3.8
132 1200 3040 4.6
132 1400 3960 2.4
132 1600 4440 3.2
132 1800 5080 1.7
133 0 0 0.7
133 200 140 2.9
133 400 720 2.1
133 600 1140 2.4
133 800 1620 3.3
133 1000 2280 3.8
133 1200 3040 4.6
133 1400 3960 2.4
133 1600 4440 3.2
133 1800 5080 1.7
134 0 0 0.7
134 200 140 2.9
134 400 720 2.1
134 600 1140 2.4
134 800 1620 3.3
134 1000 2280 3.8
134 1200 3040 4.6
134 1400 3960 2.4
134 1600 4440 3.2
134 1800 5080 1.7
135 0 0 0.7
135 200 140 2.9
135 400 720 2.1
135 600 1140 2.4
135 800 1620 3.3
135 1000 2280 3.8
135 1200 3040 4.6
135 1400 3960 2.4
135 1600 4440 3.2
135 1800 5080 1.7
136 0 0 0.7
136 200 140 2.9
136 400 720 2.1
136 600 1140 2.4
136 800 1620 3.3
136 1000 2280 3.8
136 1200 3040 4.6
136 1400 3960 2.4
136 1600 4440 3.2
136 1800 5080 1.7
137 0 0 0.7
137 200 140 2.9
137 400 720 2.1
137 600 1140 2.4
137 800 1620 3.3
137 1000 2280 3.8
137 1200 3040 4.6
137 1400 3960 2.4
137 1600 4440 3.2
137 1800 5080 1.7
138 0 0 0.7
138 200 140 2.9
138 400 720 2.1
138 600 1140 2.4
138 800 1620 3.3
138 1000 2280 3.8
138 1200 3040 4.6
138 1400 3960 2.4
138 1600 4440 3.2
138 1800 5080 1.7
139 0 0 0.7
139 200 140 2.9
139 400 720 2.1
139 600 1140 2.4
139 800 1620 3.3
139 1000 2280 3.8
139 1200 3040 4.6
139 1400 3960 2.4
139 1600 4440 3.2
139 1800 5080 1.7
140 0 0 0.7
140 200 140 2.9
140 400 720 2.1
140 600 1140 2.4
140 800 1620 3.3
140 1000 2280 3.8
140 1200 3040 4.6
140 1400 3960 2.4
140 1600 4440 3.2
140 1800 5080 1.7
141 0 0 0.7
141 200 140 2.9
141 400 720 2.1
141 600 1140 2.4
141 800 1620 3.3
141 1000 2280 3.8
141 1200 3040 4.6
141 1400 3960 2.4
141 1600 4440 3.2
141 1800 5080 1.7
142 0 0 0.7
142 200 140 2.9
142 400 720 2.1
142 600 1140 2.4
142 800 1620 3.3
142 1000 2280 3.8
142 1200 3040 4.6
142 1400 3960 2.4
142 1600 4440 3.2
142 1800 5080 1.7
143 0 0 0.7
143 200 140 2.9
143 400 720 2.1
143 600 1140 2.4
143 800 1620 3.3
143 1000 2280 3.8
143 1200 3040 4.6
143 1400 3960 2.4
143 1600 4440 3.2
143 1800 5080 1.7
144 0 0 0.7
144 200 140 2.9
144 400 720 2.1
144 600 1140 2.4
144 800 1620 3.3
144 1000 2280 3.8
144 1200 3040 4.6
144 1400 3960 2.4
144 1600 4440 3.2
144 1800 5080 1.7
145 0 0 0.7
145 200 140 2.9
145 400 720 2.1
145 600 1140 2.4
145 800 1620 3.3
145 1000 2280 3.8
145 1200 3040 4.6
145 1400 3960 2.4
145 1600 4440 3.2
145 1800 5080 1.7
146 0 0 0.7
146 200 140 2.9
146 400 720 2.1
146 600 1140 2.4
146 800 1620 3.3
146 1000 2280 3.8
146 1200 3040 4.6
146 1400 3960 2.4
146 1600 4440 3.2
146 1800 5080 1.7
147 0 0 0.7
147 200 140 2.9
147 400 720 2.1
147 600 1140 2.4
147 800 1620 3.3
147 1000 2280 3.8
147 1200 3040 4.6
147 1400 3960 2.4
147 1600 4440 3.2
147 1800 5080 1.7
148 0 0 0.7
148 200 140 2.9
148 400 720 2.1
148 600 1140 2.4
148 800 1620 3.3
148 1000 2280 3.8
148 1200 3040 4.6
148 1400 3960 2.4
148 1600 4440 3.2
148 1800 5080 1.7
149 0 0 0.7
149 200 140 2.9
149 400 720 2.1
149 600 1140 2.4
149 800 1620 3.3
149 1000 2280 3.8
149 1200 3040 4.6
149 1400 3960 2.4
149 1600 4440 3.2
149 1800 5080 1.7
150 0 0 0.7
150 200 140 2.9
150 400 720 2.1
150 600 1140 2.4
150 800 1620 3.3
150 1000 2280 3.8
150 1200 3040 4.6
150 1400 3960 2.4
150 1600 4440 3.2
150 1800 5080 1.7
151 0 0 0.7
151 200 140 2.9
151 400 720 2.1
151 600 1140 2.4
151 800 1620 3.3
151 1000 2280 3.8
151 1200 3040 4.6
151 1400 3960 2.4
151 1600 4440 3.2
151 1800 5080 1.7
152 0 0 0.7
152 200 140 2.9
152 400 720 2.1
152 600 1140 2.4
152 800 1620 3.3
152 1000 2280 3.8
152 1200 3040 4.6
152 1400 3960 2.4
152 1600 4440 3.2
152 1800 5080 1.7
153 0 0 0.7
153 200 140 2.9
153 400 720 2.1
153 600 1140 2.4
153 800 1620 3.3
153 1000 2280 3.8
153 1200 3040 4.6
153 1400 3960 2.4
153 1600 4440 3.2
153 1800 5080 1.7
154 0 0 0.7
154 200 140 2.9
154 400 720 2.1
154 600 1140 2.4
154 800 1620 3.3
154 1000 2280 3.8
154 1200 3040 4.6
154 1400 3960 2.4
154 1600 4440 3.2
154 1800 5080 1.7
155 0 0 0.7
155 200 140 2.9
155 400 720 2.1
155 600 1140 2.4
155 800 1620 3.3
155 1000 2280 3.8
155 1200 3040 4.6
155 1400 3960 2.4
155 1600 4440 3.2
155 1800 5080 1.7
156 0 0 0.7
156 200 140 2.9
156 400 720 2.1
156 600 1140 2.4
156 800 1620 3.3
156 1000 2280 3.8
156 1200 3040 4.6
156 1400 3960 2.4
156 1600 4440 3.2
156 1800 5080 1.7
157 0 0 0.7
157 200 140 2.9
157 400 720 2.1
157 600 1140 2.4
157 800 1620 3.3
157 1000 2280 3.8
157 1200 3040 4.6
157 1400 3960 2.4
157 1600 4440 3.2
157 1800 5080 1.7
158 0 0 0.7
158 200 140 2.9
158 400 720 2.1
158 600 1140 2.4
158 800 1620 3.3
158 1000 2280 3.8
158 1200 3040 4.6
158 1400 3960 2.4
158 1600 4440 3.2
158 1800 5080 1.7
159 0 0 0.7
159 200 140 2.9
159 400 720 2.1
159 600 1140 2.4
159 800 1620 3.3
159 1000 2280 3.8
159 1200 3040 4.6
159 1400 3960 2.4
159 1600 4440 3.2
159 1800 5080 1.7
160 0 0 0.7
160 200 140 2.9
160 400 720 2.1
160 600 1140 2.4
160 800 1620 3.3
160 1000 2280 3.8
160 1200 3040 4.6
160 1400 3960 2.4
160 1600 4440 3.2
160 1800 5080 1.7
161 0 0 0.7
161 200 140 2.9
161 400 720 2.1
161 600 1140 2.4
161 800 1620 3.3
161 1000 2280 3.8
161 1200 3040 4.6
161 1400 3960 2.4
161 1600 4440 3.2
161 1800 5080 1.7
162 0 0 0.7
162 200 140 2.9
162 400 720 2.1
162 600 1140 2.4
162 800 1620 3.3
162 1000 2280 3.8
162 1200 3040 4.6
162 1400 3960 2.4
162 1600 4440 3.2
162 1800 5080 1.7
163 0 0 0.7
163 200 140 2.9
163 400 720 2.1
163 600 1140 2.4
163 800 1620 3.3
163 1000 2280 3.8
163 1200 3040 4.6
163 1400 3960 2.4
163 1600 4440 3.2
163 1800 5080 1.7
164 0 0 0.7
164 200 140 2.9
164 400 720 2.1
164 600 1140 2.4
164 800 1620 3.3
164 1000 2280 3.8
164 1200 3040 4.6
164 1400 3960 2.4
164 1600 4440 3.2
164 1800 5080 1.7
165 0 0 0.7
165 200 140 2.9
165 400 720 2.1
165 600 1140 2.4
165 800 1620 3.3
165 1000 2280 3.8
165 1200 3040 4.6
165 1400 3960 2.4
165 1600 4440 3.2
165 1800 5080 1.7
166 0 0 0.7
166 200 140 2.9
166 400 720 2.1
166 600 1140 2.4
166 800 1620 3.3
166 1000 2280 3.8
166 1200 3040 4.6
166 1400 3960 2.4
166 1600 4440 3.2
166 1800 5080 1.7
167 0 0 0.7
167 200 140 2.9
167 400 720 2.1
167 600 1140 2.4
167 800 1620 3.3
167 1000 2280 3.8
167 1200 3040 4.6
167 1400 3960 2.4
167 1600 4440 3.2
167 1800 5080 1.7
168 0 0 0.7
168 200 140 2.9
168 400 720 2.1
168 600 1140 2.4
168 800 1620 3.3
168 1000 2280 3.8
168 1200 3040 4.6
168 1400 3960 2.4
168 1600 4440 3.2
168 1800 5080 1.7
169 0 0 0.7
169 200 140 2.9
169 400 720 2.1
169 600 1140 2.4
169 800 1620 3.3
169 1000 2280 3.8
169 1200 3040 4.6
169 1400 3960 2.4
169 1600 4440 3.2
169 1800 5080 1.7
170 0 0 0.7
170 200 140 2.9
170 400 720 2.1
170 600 1140 2.4
170 800 1620 3.3
170 1000 2280 3.8
170 1200 3040 4.6
170 1400 3960 2.4
170 1600 4440 3.2
170 1800 5080 1.7
171 0 0 0.7
171 200 140 2.9
171 400 720 2.1
171 600 1140 2.4
171 800 1620 3.3
171 1000 2280 3.8
171 1200 3040 4.6
171 1400 3960 2.4
171 1600 4440 3.2
171 1800 5080 1.7
172 0 0 0.7
172 200 140 2.9
172 400 720 2.1
172 600 1140 2.4
172 800 1620 3.3
172 1000 2280 3.8
172 1200 3040 4.6
172 1400 3960 2.4
172 1600 4440 3.2
172 1800 5080 1.7
173 0 0 0.7
173 200 140 2.9
173 400 720 2.1
173 600 1140 2.4
173 800 1620 3.3
173 1000 2280 3.8
173 1200 3040 4.6
173 1400 3960 2.4
173 1600 4440 3.2
173 1800 5080 1.7
174 0 0 0.7
174 200 140 2.9
174 400 720 2.1
174 600 1140 2.4
174 800 1620 3.3
174 1000 2280 3.8
174 1200 3040 4.6
174 1400 3960 2.4
174 1600 4440 3.2
174 1800 5080 1.7
175 0 0 0.7
175 200 140 2.9
175 400 720 2.1
175 600 1140 2.4
175 800 1620 3.3
175 1000 2280 3.8
175 1200 3040 4.6
175 1400 3960 2.4
175 1600 4440 3.2
175 1800 5080 1.7
176 0 0 0.7
176 200 140 2.9
176 400 720 2.1
176 600 1140 2.4
176 800 1620 3.3
176 1000 2280 3.8
176 1200 3040 4.6
176 1400 3960 2.4
176 1600 4440 3.2
176 1800 5080 1.7
177 0 0 0.7
177 200 140 2.9
177 400 720 2.1
177 600 1140 2.4
177 800 1620 3.3
177 1000 2280 3.8
177 1200 3040 4.6
177 1400 3960 2.4
177 1600 4440 3.2
177 1800 5080 1.7
178 0 0 0.7
178 200 140 2.9
178 400 720 2.1
178 600 1140 2.4
178 800 1620 3.3
178 1000 2280 3.8
178 1200 3040 4.6
178 1400 3960 2.4
178 1600 4440 3.2
178 1800 5080 1.7
179 0 0 0.7
179 200 140 2.9
179 400 720 2.1
179 600 1140 2.4
179 800 1620 3.3
179 1000 2280 3.8
179 1200 3040 4.6
179 1400 3960 2.4
179 1600 4440 3.2
179 1800 5080 1.7
180 0 0 0.7
180 200 140 2.9
180 400 720 2.1
180 600 1140 2.4
180 800 1620 3.3
180 1000 2280 3.8
180 1200 3040 4.6
180 1400 3960 2.4
180 1600 4440 3.2
180 1800 5080 1.7
181 0 0 0.7
181 200 140 2.9
181 400 720 2.1
181 600 1140 2.4
181 800 1620 3.3
181 1000 2280 3.8
181 1200 3040 4.6
181 1400 3960 2.4
181 1600 4440 3.2
181 1800 5080 1.7
182 0 0 0.7
182 200 140 2.9
182 400 720 2.1
182 600 1140 2.4
182 800 1620 3.3
182 1000 2280 3.8
182 1200 3040 4.6
182 1400 3960 2.4
182 1600 4440 3.2
182 1800 5080 1.7
183 0 0 0.7
183 200 140 2.9
183 400 720 2.1
183 600 1140 2.4
183 800 1620 3.3
183 1000 2280 3.8
183 1200 3040 4.6
183 1400 3960 2.4
183 1600 4440 3.2
183 1800 5080 1.7
184 0 0 0.7
184 200 140 2.9
184 400 720 2.1
184 600 1140 2.4
184 800 1620 3.3
184 1000 2280 3.8
184 1200 3040 4.6
184 1400 3960 2.4
184 1600 4440 3.2
184 1800 5080 1.7
185 0 0 0.7
185 200 140 2.9
185 400 720 2.1
185 600 1140 2.4
185 800 1620 3.3
185 1000 2280 3.8
185 1200 3040 4.6
185 1400 3960 2.4
185 1600 4440 3.2
185 1800 5080 1.7
186 0 0 0.7
186 200 140 2.9
186 400 720 2.1
186 600 1140 2.4
186 800 1620 3.3
186 1000 2280 3.8
186 1200 3040 4.6
186 1400 3960 2.4
186 1600 4440 3.2
186 1800 5080 1.7
187 0 0 0.7
187 200 140 2.9
187 400 720 2.1
187 600 1140 2.4
187 800 1620 3.3
187 1000 2280 3.8
187 1200 3040 4.6
187 1400 3960 2.4
187 1600 4440 3.2
187 1800 5080 1.7
188 0 0 0.7
188 200 140 2.9
188 400 720 2.1
188 600 1140 2.4
188 800 1620 3.3
188 1000 2280 3.8
188 1200 3040 4.6
188 1400 3960 2.4
188 1600 4440 3.2
188 1800 5080 1.7
189 0 0 0.7
189 200 140 2.9
189 400 720 2.1
189 600 1140 2.4
189 800 1620 3.3
189 1000 2280 3.8
189 1200 3040 4.6
189 1400 3960 2.4
189 1600 4440 3.2
189 1800 5080 1.7
190 0 0 0.7
190 200 140 2.9
190 400 720 2.1
190 600 1140 2.4
190 800 1620 3.3
190 1000 2280 3.8
190 1200 3040 4.6
190 1400 3960 2.4
190 1600 4440 3.2
190 1800 5080 1.7
191 0 0 0.7
191 200 140 2.9
191 400 720 2.1
191 600 1140 2.4
191 800 1620 3.3
191 1000 2280 3.8
191 1200 3040 4.6
191 1400 3960 2.4
191 1600 4440 3.2
191 1800 5080 1.7
192 0 0 0.7
192 200 140 2.9
192 400 720 2.1
192 600 1140 2.4
192 800 1620 3.3
192 1000 2280 3.8
192 1200 3040 4.6
192 1400 3960 2.4
192 1600 4440 3.2
192 1800 5080 1.7
193 0 0 0.7
193 200 140 2.9
193 400 720 2.1
193 600 1140 2.4
193 800 1620 3.3
193 1000 2280 3.8
193 1200 3040 4.6
193 1400 3960 2.4
193 1600 4440 3.2
193 1800 5080 1.7
194 0 0 0.7
194 200 140 2.9
194 400 720 2.1
194 600 1140 2.4
194 800 1620 3.3
194 1000 2280 3.8
194 1200 3040 4.6
194 1400 3960 2.4
194 1600 4440 3.2
194 1800 5080 1.7
195 0 0 0.7
195 200 140 2.9
195 400 720 2.1
195 600 1140 2.4
195 800 1620 3.3
195 1000 2280 3.8
195 1200 3040 4.6
195 1400 3960 2.4
195 1600 4440 3.2
195 1800 5080 1.7
196 0 0 0.7
196 200 140 2.9
196 400 720 2.1
196 600 1140 2.4
196 800 1620 3.3
196 1000 2280 3.8
196 1200 3040 4.6
196 1400 3960 2.4
196 1600 4440 3.2
196 1800 5080 1.7
197 0 0 0.7
197 200 140 2.9
197 400 720 2.1
197 600 1140 2.4
197 800 1620 3.3
197 1000 2280 3.8
197 1200 3040 4.6
197 1400 3960 2.4
197 1600 4440 3.2
197 1800 5080 1.7
198 0 0 0.7
198 200 140 2.9
198 400 720 2.1
198 600 1140 2.4
198 800 1620 3.3
198 1000 2280 3.8
198 1200 3040 4.6
198 1400 3960 2.4
198 1600 4440 3.2
198 1800 5080 1.7
199 0 0 0.7
199 200 140 2.9
199 400 720 2.1
199 600 1140 2.4
199 800 1620 3.3
199 1000 2280 3.8
199 1200 3040 4.6
199 1400 3960 2.4
199 1600 4440 3.2
199 1800 5080 1.7
200 0 0 0.7
200 200 140 2.9
200 400 720 2.1
200 600 1140 2.4
200 800 1620 3.3
200 1000 2280 3.8
200 1200 3040 4.6
200 1400 3960 2.4
200 1600 4440 3.2
200 1800 5080 1.7
201 0 0 0.7
201 200 140 2.9
201 400 720 2.1
201 600 1140 2.4
201 800 1620 3.3
201 1000 2280 3.8
201 1200 3040 4.6
201 1400 3960 2.4
201 1600 4440 3.2
201 1800 5080 1.7
202 0 0 0.7
202 200 140 2.9
202 400 720 2.1
202 600 1140 2.4
202 800 1620 3.3
202 1000 2280 3.8
202 1200 3040 4.6
202 1400 3960 2.4
202 1600 4440 3.2
202 1800 5080 1.7
203 0 0 0.7
203 200 140 2.9
203 400 720 2.1
203 600 1140 2.4
203 800 1620 3.3
203 1000 2280 3.8
203 1200 3040 4.6
203 1400 3960 2.4
203 1600 4440 3.2
203 1800 5080 1.7
204 0 0 0.7
204 200 140 2.9
204 400 720 2.1
204 600 1140 2.4
204 800 1620 3.3
204 1000 2280 3.8
204 1200 3040 4.6
204 1400 3960 2.4
204 1600 4440 3.2
204 1800 5080 1.7
205 0 0 0.7
205 200 140 2.9
205 400 720 2.1
205 600 1140 2.4
205 800 1620 3.3
205 1000 2280 3.8
205 1200 3040 4.6
205 1400 3960 2.4
205 1600 4440 3.2
205 1800 5080 1.7
206 0 0 0.7
206 200 140 2.9
206 400 720 2.1
206 600 1140 2.4
206 800 1620 3.3
206 1000 2280 3.8
206 1200 3040 4.6
206 1400 3960 2.4
206 1600 4440 3.2
206 1800 5080 1.7
207 0 0 0.7
207 200 140 2.9
207 400 720 2.1
207 600 1140 2.4
207 800 1620 3.3
207 1000 2280 3.8
207 1200 3040 4.6
207 1400 3960 2.4
207 1600 4440 3.2
207 1800 5080 1.7
208 0 0 0.7
208 200 140 2.9
208 400 720 2.1
208 600 1140 2.4
208 800 1620 3.3
208 1000 2280 3.8
208 1200 3040 4.6
208 1400 3960 2.4
208 1600 4440 3.2
208 1800 5080 1.7
209 0 0 0.7
209 200 140 2.9
209 400 720 2.1
209 600 1140 2.4
209 800 1620 3.3
209 1000 2280 3.8
209 1200 3040 4.6
209 1400 3960 2.4
209 1600 4440 3.2
209 1800 5080 1.7
210 0 0 0.7
210 200 140 2.9
210 400 720 2.1
210 600 1140 2.4
210 800 1620 3.3
210 1000 2280 3.8
210 1200 3040 4.6
210 1400 3960 2.4
210 1600 4440 3.2
210 1800 5080 1.7
211 0 0 0.7
211 200 140 2.9
211 400 720 2.1
211 600 1140 2.4
211 800 1620 3.3
211 1000 2280 3.8
211 1200 3040 4.6
211 1400 3960 2.4
211 1600 4440 3.2
211 1800 5080 1.7
212 0 0 0.7
212 200 140 2.9
212 400 720 2.1
212 600 1140 2.4
212 800 1620 3.3
212 1000 2280 3.8
212 1200 3040 4.6
212 1400 3960 2.4
212 1600 4440 3.2
212 1800 5080 1.7
213 0 0 0.7
213 200 140 2.9
213 400 720 2.1
213 600 1140 2.4
213 800 1620 3.3
213 1000 2280 3.8
213 1200 3040 4.6
213 1400 3960 2.4
213 1600 4440 3.2
213 1800 5080 1.7
214 0 0 0.7
214 200 140 2.9
214 400 720 2.1
214 600 1140 2.4
214 800 1620 3.3
214 1000 2280 3.8
214 1200 3040 4.6
214 1400 3960 2.4
214 1600 4440 3.2
214 1800 5080 1.7
215 0 0 0.7
215 200 140 2.9
215 400 720 2.1
215 600 1140 2.4
215 800 1620 3.3
215 1000 2280 3.8
215 1200 3040 4.6
215 1400 3960 2.4
215 1600 4440 3.2
215 1800 5080 1.7
216 0 0 0.7
216 200 140 2.9
216 400 720 2.1
216 600 1140 2.4
216 800 1620 3.3
216 1000 2280 3.8
216 1200 3040 4.6
216 1400 3960 2.4
216 1600 4440 3.2
216 1800 5080 1.7
217 0 0 0.7
217 200 140 2.9
217 400 720 2.1
217 600 1140 2.4
217 800 1620 3.3
217 1000 2280 3.8
217 1200 3040 4.6
217 1400 3960 2.4
217 1600 4440 3.2
217 1800 5080 1.7
218 0 0 0.7
218 200 140 2.9
218 400 720 2.1
218 600 1140 2.4
218 800 1620 3.3
218 1000 2280 3.8
218 1200 3040 4.6
218 1400 3960 2.4
218 1600 4440 3.2
218 1800 5080 1.7
219 0 0 0.7
219 200 140 2.9
219 400 720 2.1
219 600 1140 2.4
219 800 1620 3.3
219 1000 2280 3.8
219 1200 3040 4.6
219 1400 3960 2.4
219 1600 4440 3.2
219 1800 5080 1.7
220 0 0 0.7
220 200 140 2.9
220 400 720 2.1
220 600 1140 2.4
220 800 1620 3.3
220 1000 2280 3.8
220 1200 3040 4.6
220 1400 3960 2.4
220 1600 4440 3.2
220 1800 5080 1.7
221 0 0 0.7
221 200 140 2.9
221 400 720 2.1
221 600 1140 2.4
221 800 1620 3.3
221 1000 2280 3.8
221 1200 3040 4.6
221 1400 3960 2.4
221 1600 4440 3.2
221 1800 5080 1.7
222 0 0 0.7
222 200 140 2.9
222 400 720 2.1
222 600 1140 2.4
222 800 1620 3.3
222 1000 2280 3.8
222 1200 3040 4.6
222 1400 3960 2.4
222 1600 4440 3.2
222 1800 5080 1.7
223 0 0 0.7
223 200 140 2.9
223 400 720 2.1
223 600 1140 2.4
223 800 1620 3.3
223 1000 2280 3.8
223 1200 3040 4.6
223 1400 3960 2.4
223 1600 4440 3.2
223 1800 5080 1.7
224 0 0 0.7
224 200 140 2.9
224 400 720 2.1
224 600 1140 2.4
224 800 1620 3.3
224 1000 2280 3.8
224 1200 3040 4.6
224 1400 3960 2.4
224 1600 4440 3.2
224 1800 5080 1.7
225 0 0 0.7
225 200 140 2.9
225 400 720 2.1
225 600 1140 2.4
225 800 1620 3.3
225 1000 2280 3.8
225 1200 3040 4.6
225 1400 3960 2.4
225 1600 4440 3.2
225 1800 5080 1.7
226 0 0 0.7
226 200 140 2.9
226 400 720 2.1
226 600 1140 2.4
226 800 1620 3.3
226 1000 2280 3.8
226 1200 3040 4.6
226 1400 3960 2.4
226 1600 4440 3.2
226 1800 5080 1.7
227 0 0 0.7
227 200 140 2.9
227 400 720 2.1
227 600 1140 2.4
227 800 1620 3.3
227 1000 2280 3.8
227 1200 3040 4.6
227 1400 3960 2.4
227 1600 4440 3.2
227 1800 5080 1.7
228 0 0 0.7
228 200 140 2.9
228 400 720 2.1
228 600 1140 2.4
228 800 1620 3.3
228 1000 2280 3.8
228 1200 3040 4.6
228 1400 3960 2.4
228 1600 4440 3.2
228 1800 5080 1.7
229 0 0 0.7
229 200 140 2.9
229 400 720 2.1
229 600 1140 2.4
229 800 1620 3.3
229 1000 2280 3.8
229 1200 3040 4.6
229 1400 3960 2.4
229 1600 4440 3.2
229 1800 5080 1.7
230 0 0 0.7
230 200 140 2.9
230 400 720 2.1
230 600 1140 2.4
230 800 1620 3.3
230 1000 2280 3.8
230 1200 3040 4.6
230 1400 3960 2.4
230 1600 4440 3.2
230 1800 5080 1.7
231 0 0 0.7
231 200 140 2.9
231 400 720 2.1
231 600 1140 2.4
231 800 1620 3.3
231 1000 2280 3.8
231 1200 3040 4.6
231 1400 3960 2.4
231 1600 4440 3.2
231 1800 5080 1.7
232 0 0 0.7
232 200 140 2.9
232 400 720 2.1
232 600 1140 2.4
232 800 1620 3.3
232 1000 2280 3.8
232 1200 3040 4.6
232 1400 3960 2.4
232 1600 4440 3.2
232 1800 5080 1.7
233 0 0 0.7
233 200 140 2.9
233 400 720 2.1
233 600 1140 2.4
233 800 1620 3.3
233 1000 2280 3.8
233 1200 3040 4.6
233 1400 3960 2.4
233 1600 4440 3.2
233 1800 5080 1.7
234 0 0 0.7
234 200 140 2.9
234 400 720 2.1
234 600 1140 2.4
234 800 1620 3.3
234 1000 2280 3.8
234 1200 3040 4.6
234 1400 3960 2.4
234 1600 4440 3.2
234 1800 5080 1.7
235 0 0 0.7
235 200 140 2.9
235 400 720 2.1
235 600 1140 2.4
235 800 1620 3.3
235 1000 2280 3.8
235 1200 3040 4.6
235 1400 3960 2.4
235 1600 4440 3.2
235 1800 5080 1.7
236 0 0 0.7
236 200 140 2.9
236 400 720 2.1
236 600 1140 2.4
236 800 1620 3.3
236 1000 2280 3.8
236 1200 3040 4.6
236 1400 3960 2.4
236 1600 4440 3.2
236 1800 5080 1.7
237 0 0 0.7
237 200 140 2.9
237 400 720 2.1
237 600 1140 2.4
237 800 1620 3.3
237 1000 2280 3.8
237 1200 3040 4.6
237 1400 3960 2.4
237 1600 4440 3.2
237 1800 5080 1.7
238 0 0 0.7
238 200 140 2.9
238 400 720 2.1
238 600 1140 2.4
238 800 1620 3.3
238 1000 2280 3.8
238 1200 3040 4.6
238 1400 3960 2.4
238 1600 4440 3.2
238 1800 5080 1.7
239 0 0 0.7
239 200 140 2.9
239 400 720 2.1
239 600 1140 2.4
239 800 1620 3.3
239 1000 2280 3.8
239 1200 3040 4.6
239 1400 3960 2.4
239 1600 4440 3.2
239 1800 5080 1.7
240 0 0 0.7
240 200 140 2.9
240 400 720 2.1
240 600 1140 2.4
240 800 1620 3.3
240 1000 2280 3.8
240 1200 3040 4.6
240 1400 3960 2.4
240 1600 4440 3.2
240 1800 5080 1.7
241 0 0 0.7
241 200 140 2.9
241 400 720 2.1
241 600 1140 2.4
241 800 1620 3.3
241 1000 2280 3.8
241 1200 3040 4.6
241 1400 3960 2.4
241 1600 4440 3.2
241 1800 5080 1.7
242 0 0 0.7
242 200 140 2.9
242 400 720 2.1
242 600 1140 2.4
242 800 1620 3.3
242 1000 2280 3.8
242 1200 3040 4.6
242 1400 3960 2.4
242 1600 4440 3.2
242 1800 5080 1.7
243 0 0 0.7
243 200 140 2.9
243 400 720 2.1
243 600 1140 2.4
243 800 1620 3.3
243 1000 2280 3.8
243 1200 3040 4.6
243 1400 3960 2.4
243 1600 4440 3.2
243 1800 5080 1.7
244 0 0 0.7
244 200 140 2.9
244 400 720 2.1
244 600 1140 2.4
244 800 1620 3.3
244 1000 2280 3.8
244 1200 3040 4.6
244 1400 3960 2.4
244 1600 4440 3.2
244 1800 5080 1.7
245 0 0 0.7
245 200 140 2.9
245 400 720 2.1
245 600 1140 2.4
245 800 1620 3.3
245 1000 2280 3.8
245 1200 3040 4.6
245 1400 3960 2.4
245 1600 4440 3.2
245 1800 5080 1.7
246 0 0 0.7
246 200 140 2.9
246 400 720 2.1
246 600 1140 2.4
246 800 1620 3.3
246 1000 2280 3.8
246 1200 3040 4.6
246 1400 3960 2.4
246 1600 4440 3.2
246 1800 5080 1.7
247 0 0 0.7
247 200 140 2.9
247 400 720 2.1
247 600 1140 2.4
247 800 1620 3.3
247 1000 2280 3.8
247 1200 3040 4.6
247 1400 3960 2.4
247 1600 4440 3.2
247 1800 5080 1.7
248 0 0 0.7
248 200 140 2.9
248 400 720 2.1
248 600 1140 2.4
248 800 1620 3.3
248 1000 2280 3.8
248 1200 3040 4.6
248 1400 3960 2.4
248 1600 4440 3.2
248 1800 5080 1.7
249 0 0 0.7
249 200 140 2.9
249 400 720 2.1
249 600 1140 2.4
249 800 1620 3.3
249 1000 2280 3.8
249 1200 3040 4.6
249 1400 3960 2.4
249 1600 4440 3.2
249 1800 5080 1.7
250 0 0 0.7
250 200 140 2.9
250 400 720 2.1
250 600 1140 2.4
250 800 1620 3.3
250 1000 2280 3.8
250 1200 3040 4.6
250 1400 3960 2.4
250 1600 4440 3.2
250 1800 5080 1.7
251 0 0 0.7
251 200 140 2.9
251 400 720 2.1
251 600 1140 2.4
251 800 1620 3.3
251 1000 2280 3.8
251 1200 3040 4.6
251 1400 3960 2.4
251 1600 4440 3.2
251 1800 5080 1.7
252 0 0 0.7
252 200 140 2.9
252 400 720 2.1
252 600 1140 2.4
252 800 1620 3.3
252 1000 2280 3.8
252 1200 3040 4.6
252 1400 3960 2.4
252 1600 4440 3.2
252 1800 5080 1.7
253 0 0 0.7
253 200 140 2.9
253 400 720 2.1
253 600 1140 2.4
253 800 1620 3.3
253 1000 2280 3.8
253 1200 3040 4.6
253 1400 3960 2.4
253 1600 4440 3.2
253 1800 5080 1.7
254 0 0 0.7
254 200 140 2.9
254 400 720 2.1
254 600 1140 2.4
254 800 1620 3.3
254 1000 2280 3.8
254 1200 3040 4.6
254 1400 3960 2.4
254 1600 4440 3.2
254 1800 5080 1.7
255 0 0 0.7
255 200 140 2.9
255 400 720 2.1
255 600 1140 2.4
255 800 1620 3.3
255 1000 2280 3.8
255 1200 3040 4.6
255 1400 3960 2.4
255 1600 4440 3.2
255 1800 5080 1.7
256 0 0 0.7
256 200 140 2.9
256 400 720 2.1
256 600 1140 2.4
256 800 1620 3.3
256 1000 2280 3.8
256 1200 3040 4.6
256 1400 3960 2.4
256 1600 4440 3.2
256 1800 5080 1.7
257 0 0 0.7
257 200 140 2.9
257 400 720 2.1
257 600 1140 2.4
257 800 1620 3.3
257 1000 2280 3.8
257 1200 3040 4.6
257 1400 3960 2.4
257 1600 4440 3.2
257 1800 5080 1.7
258 0 0 0.7
258 200 140 2.9
258 400 720 2.1
258 600 1140 2.4
258 800 1620 3.3
258 1000 2280 3.8
258 1200 3040 4.6
258 1400 3960 2.4
258 1600 4440 3.2
258 1800 5080 1.7
259 0 0 0.7
259 200 140 2.9
259 400 720 2.1
259 600 1140 2.4
259 800 1620 3.3
259 1000 2280 3.8
259 1200 3040 4.6
259 1400 3960 2.4
259 1600 4440 3.2
259 1800 5080 1.7
260 0 0 0.7
260 200 140 2.9
260 400 720 2.1
260 600 1140 2.4
260 800 1620 3.3
260 1000 2280 3.8
260 1200 3040 4.6
260 1400 3960 2.4
260 1600 4440 3.2
260 1800 5080 1.7
261 0 0 0.7
261 200 140 2.9
261 400 720 2.1
261 600 1140 2.4
261 800 1620 3.3
261 1000 2280 3.8
261 1200 3040 4.6
261 1400 3960 2.4
261 1600 4440 3.2
261 1800 5080 1.7
262 0 0 0.7
262 200 140 2.9
262 400 720 2.1
262 600 1140 2.4
262 800 1620 3.3
262 1000 2280 3.8
262 1200 3040 4.6
262 1400 3960 2.4
262 1600 4440 3.2
262 1800 5080 1.7
263 0 0 0.7
263 200 140 2.9
263 400 720 2.1
263 600 1140 2.4
263 800 1620 3.3
263 1000 2280 3.8
263 1200 3040 4.6
263 1400 3960 2.4
263 1600 4440 3.2
263 1800 5080 1.7
264 0 0 0.7
264 200 140 2.9
264 400 720 2.1
264 600 1140 2.4
264 800 1620 3.3
264 1000 2280 3.8
264 1200 3040 4.6
264 1400 3960 2.4
264 1600 4440 3.2
264 1800 5080 1.7
265 0 0 0.7
265 200 140 2.9
265 400 720 2.1
265 600 1140 2.4
265 800 1620 3.3
265 1000 2280 3.8
265 1200 3040 4.6
265 1400 3960 2.4
265 1600 4440 3.2
265 1800 5080 1.7
266 0 0 0.7
266 200 140 2.9
266 400 720 2.1
266 600 1140 2.4
266 800 1620 3.3
266 1000 2280 3.8
266 1200 3040 4.6
266 1400 3960 2.4
266 1600 4440 3.2
266 1800 5080 1.7
267 0 0 0.7
267 200 140 2.9
267 400 720 2.1
267 600 1140 2.4
267 800 1620 3.3
267 1000 2280 3.8
267 1200 3040 4.6
267 1400 3960 2.4
267 1600 4440 3.2
267 1800 5080 1.7
268 0 0 0.7
268 200 140 2.9
268 400 720 2.1
268 600 1140 2.4
268 800 1620 3.3
268 1000 2280 3.8
268 1200 3040 4.6
268 1400 3960 2.4
268 1600 4440 3.2
268 1800 5080 1.7
269 0 0 0.7
269 200 140 2.9
269 400 720 2.1
269 600 1140 2.4
269 800 1620 3.3
269 1000 2280 3.8
269 1200 3040 4.6
269 1400 3960 2.4
269 1600 4440 3.2
269 1800 5080 1.7
270 0 0 0.7
270 200 140 2.9
270 400 720 2.1
270 600 1140 2.4
270 800 1620 3.3
270 1000 2280 3.8
270 1200 3040 4.6
270 1400 3960 2.4
270 1600 4440 3.2
270 1800 5080 1.7
271 0 0 0.7
271 200 140 2.9
271 400 720 2.1
271 600 1140 2.4
271 800 1620 3.3
271 1000 2280 3.8
271 1200 3040 4.6
271 1400 3960 2.4
271 1600 4440 3.2
271 1800 5080 1.7
272 0 0 0.7
272 200 140 2.9
272 400 720 2.1
272 600 1140 2.4
272 800 1620 3.3
272 1000 2280 3.8
272 1200 3040 4.6
272 1400 3960 2.4
272 1600 4440 3.2
272 1800 5080 1.7
273 0 0 0.7
273 200 140 2.9
273 400 720 2.1
273 600 1140 2.4
273 800 1620 3.3
273 1000 2280 3.8
273 1200 3040 4.6
273 1400 3960 2.4
273 1600 4440 3.2
273 1800 5080 1.7
274 0 0 0.7
274 200 140 2.9
274 400 720 2.1
274 600 1140 2.4
274 800 1620 3.3
274 1000 2280 3.8
274 1200 3040 4.6
274 1400 3960 2.4
274 1600 4440 3.2
274 1800 5080 1.7
275 0 0 0.7
275 200 140 2.9
275 400 720 2.1
275 600 1140 2.4
275 800 1620 3.3
275 1000 2280 3.8
275 1200 3040 4.6
275 1400 3960 2.4
275 1600 4440 3.2
275 1800 5080 1.7
276 0 0 0.7
276 200 140 2.9
276 400 720 2.1
276 600 1140 2.4
276 800 1620 3.3
276 1000 2280 3.8
276 1200 3040 4.6
276 1400 3960 2.4
276 1600 4440 3.2
276 1800 5080 1.7
277 0 0 0.7
277 200 140 2.9
277 400 720 2.1
277 600 1140 2.4
277 800 1620 3.3
277 1000 2280 3.8
277 1200 3040 4.6
277 1400 3960 2.4
277 1600 4440 3.2
277 1800 5080 1.7
278 0 0 0.7
278 200 140 2.9
278 400 720 2.1
278 600 1140 2.4
278 800 1620 3.3
278 1000 2280 3.8
278 1200 3040 4.6
278 1400 3960 2.4
278 1600 4440 3.2
278 1800 5080 1.7
279 0 0 0.7
279 200 140 2.9
279 400 720 2.1
279 600 1140 2.4
279 800 1620 3.3
279 1000 2280 3.8
279 1200 3040 4.6
279 1400 3960 2.4
279 1600 4440 3.2
279 1800 5080 1.7
280 0 0 0.7
280 200 140 2.9
280 400 720 2.1
280 600 1140 2.4
280 800 1620 3.3
280 1000 2280 3.8
280 1200 3040 4.6
280 1400 3960 2.4
280 1600 4440 3.2
280 1800 5080 1.7
281 0 0 0.7
281 200 140 2.9
281 400 720 2.1
281 600 1140 2.4
281 800 1620 3.3
281 1000 2280 3.8
281 1200 3040 4.6
281 1400 3960 2.4
281 1600 4440 3.2
281 1800 5080 1.7
282 0 0 0.7
282 200 140 2.9
282 400 720 2.1
282 600 1140 2.4
282 800 1620 3.3
282 1000 2280 3.8
282 1200 3040 4.6
282 1400 3960 2.4
282 1600 4440 3.2
282 1800 5080 1.7
283 0 0 0.7
283 200 140 2.9
283 400 720 2.1
283 600 1140 2.4
283 800 1620 3.3
283 1000 2280 3.8
283 1200 3040 4.6
283 1400 3960 2.4
283 1600 4440 3.2
283 1800 5080 1.7
284 0 0 0.7
284 200 140 2.9
284 400 720 2.1
284 600 1140 2.4
284 800 1620 3.3
284 1000 2280 3.8
284 1200 3040 4.6
284 1400 3960 2.4
284 1600 4440 3.2
284 1800 5080 1.7
285 0 0 0.7
285 200 140 2.9
285 400 720 2.1
285 600 1140 2.4
285 800 1620 3.3
285 1000 2280 3.8
285 1200 3040 4.6
285 1400 3960 2.4
285 1600 4440 3.2
285 1800 5080 1.7
286 0 0 0.7
286 200 140 2.9
286 400 720 2.1
286 600 1140 2.4
286 800 1620 3.3
286 1000 2280 3.8
286 1200 3040 4.6
286 1400 3960 2.4
286 1600 4440 3.2
286 1800 5080 1.7
287 0 0 0.7
287 200 140 2.9
287 400 720 2.1
287 600 1140 2.4
287 800 1620 3.3
287 1000 2280 3.8
287 1200 3040 4.6
287 1400 3960 2.4
287 1600 4440 3.2
287 1800 5080 1.7
288 0 0 0.7
288 200 140 2.9
288 400 720 2.1
288 600 1140 2.4
288 800 1620 3.3
288 1000 2280 3.8
288 1200 3040 4.6
288 1400 3960 2.4
288 1600 4440 3.2
288 1800 5080 1.7
289 0 0 0.7
289 200 140 2.9
289 400 720 2.1
289 600 1140 2.4
289 800 1620 3.3
289 1000 2280 3.8
289 1200 3040 4.6
289 1400 3960 2.4
289 1600 4440 3.2
289 1800 5080 1.7
290 0 0 0.7
290 200 140 2.9
290 400 720 2.1
290 600 1140 2.4
290 800 1620 3.3
290 1000 2280 3.8
290 1200 3040 4.6
290 1400 3960 2.4
290 1600 4440 3.2
290 1800 5080 1.7
291 0 0 0.7
291 200 140 2.9
291 400 720 2.1
291 600 1140 2.4
291 800 1620 3.3
291 1000 2280 3.8
291 1200 3040 4.6
291 1400 3960 2.4
291 1600 4440 3.2
291 1800 5080 1.7
292 0 0 0.7
292 200 140 2.9
292 400 720 2.1
292 600 1140 2.4
292 800 1620 3.3
292 1000 2280 3.8
292 1200 3040 4.6
292 1400 3960 2.4
292 1600 4440 3.2
292 1800 5080 1.7
293 0 0 0.7
293 200 140 2.9
293 400 720 2.1
293 600 1140 2.4
293 800 1620 3.3
293 1000 2280 3.8
293 1200 3040 4.6
293 1400 3960 2.4
293 1600 4440 3.2
293 1800 5080 1.7
294 0 0 0.7
294 200 140 2.9
294 400 720 2.1
294 600 1140 2.4
294 800 1620 3.3
294 1000 2280 3.8
294 1200 3040 4.6
294 1400 3960 2.4
294 1600 4440 3.2
294 1800 5080 1.7
295 0 0 0.7
295 200 140 2.9
295 400 720 2.1
295 600 1140 2.4
295 800 1620 3.3
295 1000 2280 3.8
295 1200 3040 4.6
295 1400 3960 2.4
295 1600 4440 3.2
295 1800 5080 1.7
296 0 0 0.7
296 200 140 2.9
296 400 720 2.1
296 600 1140 2.4
296 800 1620 3.3
296 1000 2280 3.8
296 1200 3040 4.6
296 1400 3960 2.4
296 1600 4440 3.2
296 1800 5080 1.7
297 0 0 0.7
297 200 140 2.9
297 400 720 2.1
297 600 1140 2.4
297 800 1620 3.3
297 1000 2280 3.8
297 1200 3040 4.6
297 1400 3960 2.4
297 1600 4440 3.2
297 1800 5080 1.7
298 0 0 0.7
298 200 140 2.9
298 400 720 2.1
298 600 1140 2.4
298 800 1620 3.3
298 1000 2280 3.8
298 1200 3040 4.6
298 1400 3960 2.4
298 1600 4440 3.2
298 1800 5080 1.7
299 0 0 0.7
299 200 140 2.9
299 400 720 2.1
299 600 1140 2.4
299 800 1620 3.3
299 1000 2280 3.8
299 1200 3040 4.6
299 1400 3960 2.4
299 1600 4440 3.2
299 1800 5080 1.7
300 0 0 0.7
300 200 140 2.9
300 400 720 2.1
300 600 1140 2.4
300 800 1620 3.3
300 1000 2280 3.8
300 1200 3040 4.6
300 1400 3960 2.4
300 1600 4440 3.2
300 1800 5080 1.7
301 0 0 0.7
301 200 140 2.9
301 400 720 2.1
301 600 1140 2.4
301 800 1620 3.3
301 1000 2280 3.8
301 1200 3040 4.6
301 1400 3960 2.4
301 1600 4440 3.2
301 1800 5080 1.7
302 0 0 0.7
302 200 140 2.9
302 400 720 2.1
302 600 1140 2.4
302 800 1620 3.3
302 1000 2280 3.8
302 1200 3040 4.6
302 1400 3960 2.4
302 1600 4440 3.2
302 1800 5080 1.7
303 0 0 0.7
303 200 140 2.9
303 400 720 2.1
303 600 1140 2.4
303 800 1620 3.3
303 1000 2280 3.8
303 1200 3040 4.6
303 1400 3960 2.4
303 1600 4440 3.2
303 1800 5080 1.7
304 0 0 0.7
304 200 140 2.9
304 400 720 2.1
304 600 1140 2.4
304 800 1620 3.3
304 1000 2280 3.8
304 1200 3040 4.6
304 1400 3960 2.4
304 1600 4440 3.2
304 1800 5080 1.7
305 0 0 0.7
305 200 140 2.9
305 400 720 2.1
305 600 1140 2.4
305 800 1620 3.3
305 1000 2280 3.8
305 1200 3040 4.6
305 1400 3960 2.4
305 1600 4440 3.2
305 1800 5080 1.7
306 0 0 0.7
306 200 140 2.9
306 400 720 2.1
306 600 1140 2.4
306 800 1620 3.3
306 1000 2280 3.8
306 1200 3040 4.6
306 1400 3960 2.4
306 1600 4440 3.2
306 1800 5080 1.7
307 0 0 0.7
307 200 140 2.9
307 400 720 2.1
307 600 1140 2.4
307 800 1620 3.3
307 1000 2280 3.8
307 1200 3040 4.6
307 1400 3960 2.4
307 1600 4440 3.2
307 1800 5080 1.7
308 0 0 0.7
308 200 140 2.9
308 400 720 2.1
308 600 1140 2.4
308 800 1620 3.3
308 1000 2280 3.8
308 1200 3040 4.6
308 1400 3960 2.4
308 1600 4440 3.2
308 1800 5080 1.7
309 0 0 0.7
309 200 140 2.9
309 400 720 2.1
309 600 1140 2.4
309 800 1620 3.3
309 1000 2280 3.8
309 1200 3040 4.6
309 1400 3960 2.4
309 1600 4440 3.2
309 1800 5080 1.7
310 0 0 0.7
310 200 140 2.9
310 400 720 2.1
310 600 1140 2.4
310 800 1620 3.3
310 1000 2280 3.8
310 1200 3040 4.6
310 1400 3960 2.4
310 1600 4440 3.2
310 1800 5080 1.7
311 0 0 0.7
311 200 140 2.9
311 400 720 2.1
311 600 1140 2.4
311 800 1620 3.3
311 1000 2280 3.8
311 1200 3040 4.6
311 1400 3960 2.4
311 1600 4440 3.2
311 1800 5080 1.7
312 0 0 0.7
312 200 140 2.9
312 400 720 2.1
312 600 1140 2.4
312 800 1620 3.3
312 1000 2280 3.8
312 1200 3040 4.6
312 1400 3960 2.4
312 1600 4440 3.2
312 1800 5080 1.7
313 0 0 0.7
313 200 140 2.9
313 400 720 2.1
313 600 1140 2.4
313 800 1620 3.3
313 1000 2280 3.8
313 1200 3040 4.6
313 1400 3960 2.4
313 1600 4440 3.2
313 1800 5080 1.7
314 0 0 0.7
314 200 140 2.9
314 400 720 2.1
314 600 1140 2.4
314 800 1620 3.3
314 1000 2280 3.8
314 1200 3040 4.6
314 1400 3960 2.4
314 1600 4440 3.2
314 1800 5080 1.7
315 0 0 0.7
315 200 140 2.9
315 400 720 2.1
315 600 1140 2.4
315 800 1620 3.3
315 1000 2280 3.8
315 1200 3040 4.6
315 1400 3960 2.4
315 1600 4440 3.2
315 1800 5080 1.7
316 0 0 0.7
316 200 140 2.9
316 400 720 2.1
316 600 1140 2.4
316 800 1620 3.3
316 1000 2280 3.8
316 1200 3040 4.6
316 1400 3960 2.4
316 1600 4440 3.2
316 1800 5080 1.7
317 0 0 0.7
317 200 140 2.9
317 400 720 2.1
317 600 1140 2.4
317 800 1620 3.3
317 1000 2280 3.8
317 1200 3040 4.6
317 1400 3960 2.4
317 1600 4440 3.2
317 1800 5080 1.7
318 0 0 0.7
318 200 140 2.9
318 400 720 2.1
318 600 1140 2.4
318 800 1620 3.3
318 1000 2280 3.8
318 1200 3040 4.6
318 1400 3960 2.4
318 1600 4440 3.2
318 1800 5080 1.7
319 0 0 0.7
319 200 140 2.9
319 400 720 2.1
319 600 1140 2.4
319 800 1620 3.3
319 1000 2280 3.8
319 1200 3040 4.6
319 1400 3960 2.4
319 1600 4440 3.2
319 1800 5080 1.7
320 0 0 0.7
320 200 140 2.9
320 400 720 2.1
320 600 1140 2.4
320 800 1620 3.3
320 1000 2280 3.8
320 1200 3040 4.6
320 1400 3960 2.4
320 1600 4440 3.2
320 1800 5080 1.7
321 0 0 0.7
321 200 140 2.9
321 400 720 2.1
321 600 1140 2.4
321 800 1620 3.3
321 1000 2280 3.8
321 1200 3040 4.6
321 1400 3960 2.4
321 1600 4440 3.2
321 1800 5080 1.7
322 0 0 0.7
322 200 140 2.9
322 400 720 2.1
322 600 1140 2.4
322 800 1620 3.3
322 1000 2280 3.8
322 1200 3040 4.6
322 1400 3960 2.4
322 1600 4440 3.2
322 1800 5080 1.7
323 0 0 0.7
323 200 140 2.9
323 400 720 2.1
323 600 1140 2.4
323 800 1620 3.3
323 1000 2280 3.8
323 1200 3040 4.6
323 1400 3960 2.4
323 1600 4440 3.2
323 1800 5080 1.7
324 0 0 0.7
324 200 140 2.9
324 400 720 2.1
324 600 1140 2.4
324 800 1620 3.3
324 1000 2280 3.8
324 1200 3040 4.6
324 1400 3960 2.4
324 1600 4440 3.2
324 1800 5080 1.7
325 0 0 0.7
325 200 140 2.9
325 400 720 2.1
325 600 1140 2.4
325 800 1620 3.3
325 1000 2280 3.8
325 1200 3040 4.6
325 1400 3960 2.4
325 1600 4440 3.2
325 1800 5080 1.7
326 0 0 0.7
326 200 140 2.9
326 400 720 2.1
326 600 1140 2.4
326 800 1620 3.3
326 1000 2280 3.8
326 1200 3040 4.6
326 1400 3960 2.4
326 1600 4440 3.2
326 1800 5080 1.7
327 0 0 0.7
327 200 140 2.9
327 400 720 2.1
327 600 1140 2.4
327 800 1620 3.3
327 1000 2280 3.8
327 1200 3040 4.6
327 1400 3960 2.4
327 1600 4440 3.2
327 1800 5080 1.7
328 0 0 0.7
328 200 140 2.9
328 400 720 2.1
328 600 1140 2.4
328 800 1620 3.3
328 1000 2280 3.8
328 1200 3040 4.6
328 1400 3960 2.4
328 1600 4440 3.2
328 1800 5080 1.7
329 0 0 0.7
329 200 140 2.9
329 400 720 2.1
329 600 1140 2.4
329 800 1620 3.3
329 1000 2280 3.8
329 1200 3040 4.6
329 1400 3960 2.4
329 1600 4440 3.2
329 1800 5080 1.7
330 0 0 0.7
330 200 140 2.9
330 400 720 2.1
330 600 1140 2.4
330 800 1620 3.3
330 1000 2280 3.8
330 1200 3040 4.6
330 1400 3960 2.4
330 1600 4440 3.2
330 1800 5080 1.7
331 0 0 0.7
331 200 140 2.9
331 400 720 2.1
331 600 1140 2.4
331 800 1620 3.3
331 1000 2280 3.8
331 1200 3040 4.6
331 1400 3960 2.4
331 1600 4440 3.2
331 1800 5080 1.7
332 0 0 0.7
332 200 140 2.9
332 400 720 2.1
332 600 1140 2.4
332 800 1620 3.3
332 1000 2280 3.8
332 1200 3040 4.6
332 1400 3960 2.4
332 1600 4440 3.2
332 1800 5080 1.7
333 0 0 0.7
333 200 140 2.9
333 400 720 2.1
333 600 1140 2.4
333 800 1620 3.3
333 1000 2280 3.8
333 1200 3040 4.6
333 1400 3960 2.4
333 1600 4440 3.2
333 1800 5080 1.7
334 0 0 0.7
334 200 140 2.9
334 400 720 2.1
334 600 1140 2.4
334 800 1620 3.3
334 1000 2280 3.8
334 1200 3040 4.6
334 1400 3960 2.4
334 1600 4440 3.2
334 1800 5080 1.7
335 0 0 0.7
335 200 140 2.9
335 400 720 2.1
335 600 1140 2.4
335 800 1620 3.3
335 1000 2280 3.8
335 1200 3040 4.6
335 1400 3960 2.4
335 1600 4440 3.2
335 1800 5080 1.7
336 0 0 0.7
336 200 140 2.9
336 400 720 2.1
336 600 1140 2.4
336 800 1620 3.3
336 1000 2280 3.8
336 1200 3040 4.6
336 1400 3960 2.4
336 1600 4440 3.2
336 1800 5080 1.7
337 0 0 0.7
337 200 140 2.9
337 400 720 2.1
337 600 1140 2.4
337 800 1620 3.3
337 1000 2280 3.8
337 1200 3040 4.6
337 1400 3960 2.4
337 1600 4440 3.2
337 1800 5080 1.7
338 0 0 0.7
338 200 140 2.9
338 400 720 2.1
338 600 1140 2.4
338 800 1620 3.3
338 1000 2280 3.8
338 1200 3040 4.6
338 1400 3960 2.4
338 1600 4440 3.2
338 1800 5080 1.7
339 0 0 0.7
339 200 140 2.9
339 400 720 2.1
339 600 1140 2.4
339 800 1620 3.3
339 1000 2280 3.8
339 1200 3040 4.6
339 1400 3960 2.4
339 1600 4440 3.2
339 1800 5080 1.7
340 0 0 0.7
340 200 140 2.9
340 400 720 2.1
340 600 1140 2.4
340 800 1620 3.3
340 1000 2280 3.8
340 1200 3040 4.6
340 1400 3960 2.4
340 1600 4440 3.2
340 1800 5080 1.7
341 0 0 0.7
341 200 140 2.9
341 400 720 2.1
341 600 1140 2.4
341 800 1620 3.3
341 1000 2280 3.8
341 1200 3040 4.6
341 1400 3960 2.4
341 1600 4440 3.2
341 1800 5080 1.7
342 0 0 0.7
342 200 140 2.9
342 400 720 2.1
342 600 1140 2.4
342 800 1620 3.3
342 1000 2280 3.8
342 1200 3040 4.6
342 1400 3960 2.4
342 1600 4440 3.2
342 1800 5080 1.7
343 0 0 0.7
343 200 140 2.9
343 400 720 2.1
343 600 1140 2.4
343 800 1620 3.3
343 1000 2280 3.8
343 1200 3040 4.6
343 1400 3960 2.4
343 1600 4440 3.2
343 1800 5080 1.7
344 0 0 0.7
344 200 140 2.9
344 400 720 2.1
344 600 1140 2.4
344 800 1620 3.3
344 1000 2280 3.8
344 1200 3040 4.6
344 1400 3960 2.4
344 1600 4440 3.2
344 1800 5080 1.7
345 0 0 0.7
345 200 140 2.9
345 400 720 2.1
345 600 1140 2.4
345 800 1620 3.3
345 1000 2280 3.8
345 1200 3040 4.6
345 1400 3960 2.4
345 1600 4440 3.2
345 1800 5080 1.7
346 0 0 0.7
346 200 140 2.9
346 400 720 2.1
346 600 1140 2.4
346 800 1620 3.3
346 1000 2280 3.8
346 1200 3040 4.6
346 1400 3960 2.4
346 1600 4440 3.2
346 1800 5080 1.7
347 0 0 0.7
347 200 140 2.9
347 400 720 2.1
347 600 1140 2.4
347 800 1620 3.3
347 1000 2280 3.8
347 1200 3040 4.6
347 1400 3960 2.4
347 1600 4440 3.2
347 1800 5080 1.7
348 0 0 0.7
348 200 140 2.9
348 400 720 2.1
348 600 1140 2.4
348 800 1620 3.3
348 1000 2280 3.8
348 1200 3040 4.6
348 1400 3960 2.4
348 1600 4440 3.2
348 1800 5080 1.7
349 0 0 0.7
349 200 140 2.9
349 400 720 2.1
349 600 1140 2.4
349 800 1620 3.3
349 1000 2280 3.8
349 1200 3040 4.6
349 1400 3960 2.4
349 1600 4440 3.2
349 1800 5080 1.7
350 0 0 0.7
350 200 140 2.9
350 400 720 2.1
350 600 1140 2.4
350 800 1620 3.3
350 1000 2280 3.8
350 1200 3040 4.6
350 1400 3960 2.4
350 1600 4440 3.2
350 1800 5080 1.7
351 0 0 0.7
351 200 140 2.9
351 400 720 2.1
351 600 1140 2.4
351 800 1620 3.3
351 1000 2280 3.8
351 1200 3040 4.6
351 1400 3960 2.4
351 1600 4440 3.2
351 1800 5080 1.7
352 0 0 0.7
352 200 140 2.9
352 400 720 2.1
352 600 1140 2.4
352 800 1620 3.3
352 1000 2280 3.8
352 1200 3040 4.6
352 1400 3960 2.4
352 1600 4440 3.2
352 1800 5080 1.7
353 0 0 0.7
353 200 140 2.9
353 400 720 2.1
353 600 1140 2.4
353 800 1620 3.3
353 1000 2280 3.8
353 1200 3040 4.6
353 1400 3960 2.4
353 1600 4440 3.2
353 1800 5080 1.7
354 0 0 0.7
354 200 140 2.9
354 400 720 2.1
354 600 1140 2.4
354 800 1620 3.3
354 1000 2280 3.8
354 1200 3040 4.6
354 1400 3960 2.4
354 1600 4440 3.2
354 1800 5080 1.7
355 0 0 0.7
355 200 140 2.9
355 400 720 2.1
355 600 1140 2.4
355 800 1620 3.3
355 1000 2280 3.8
355 1200 3040 4.6
355 1400 3960 2.4
355 1600 4440 3.2
355 1800 5080 1.7
356 0 0 0.7
356 200 140 2.9
356 400 720 2.1
356 600 1140 2.4
356 800 1620 3.3
356 1000 2280 3.8
356 1200 3040 4.6
356 1400 3960 2.4
356 1600 4440 3.2
356 1800 5080 1.7
357 0 0 0.7
357 200 140 2.9
357 400 720 2.1
357 600 1140 2.4
357 800 1620 3.3
357 1000 2280 3.8
357 1200 3040 4.6
357 1400 3960 2.4
357 1600 4440 3.2
357 1800 5080 1.7
358 0 0 0.7
358 200 140 2.9
358 400 720 2.1
358 600 1140 2.4
358 800 1620 3.3
358 1000 2280 3.8
358 1200 3040 4.6
358 1400 3960 2.4
358 1600 4440 3.2
358 1800 5080 1.7
359 0 0 0.7
359 200 140 2.9
359 400 720 2.1
359 600 1140 2.4
359 800 1620 3.3
359 1000 2280 3.8
359 1200 3040 4.6
359 1400 3960 2.4
359 1600 4440 3.2
359 1800 5080 1.7
360 0 0 0.7
360 200 140 2.9
360 400 720 2.1
360 600 1140 2.4
360 800 1620 3.3
360 1000 2280 3.8
360 1200 3040 4.6
360 1400 3960 2.4
360 1600 4440 3.2
360 1800 5080 1.7
361 0 0 0.7
361 200 140 2.9
361 400 720 2.1
361 600 1140 2.4
361 800 1620 3.3
361 1000 2280 3.8
361 1200 3040 4.6
361 1400 3960 2.4
361 1600 4440 3.2
361 1800 5080 1.7
362 0 0 0.7
362 200 140 2.9
362 400 720 2.1
362 600 1140 2.4
362 800 1620 3.3
362 1000 2280 3.8
362 1200 3040 4.6
362 1400 3960 2.4
362 1600 4440 3.2
362 1800 5080 1.7
363 0 0 0.7
363 200 140 2.9
363 400 720 2.1
363 600 1140 2.4
363 800 1620 3.3
363 1000 2280 3.8
363 1200 3040 4.6
363 1400 3960 2.4
363 1600 4440 3.2
363 1800 5080 1.7
364 0 0 0.7
364 200 140 2.9
364 400 720 2.1
364 600 1140 2.4
364 800 1620 3.3
364 1000 2280 3.8
364 1200 3040 4.6
364 1400 3960 2.4
364 1600 4440 3.2
364 1800 5080 1.7
365 0 0 0.7
365 200 140 2.9
365 400 720 2.1
365 600 1140 2.4
365 800 1620 3.3
365 1000 2280 3.8
365 1200 3040 4.6
365 1400 3960 2.4
365 1600 4440 3.2
365 1800 5080 1.7
366 0 0 0.7
366 200 140 2.9
366 400 720 2.1
366 600 1140 2.4
366 800 1620 3.3
366 1000 2280 3.8
366 1200 3040 4.6
366 1400 3960 2.4
366 1600 4440 3.2
366 1800 5080 1.7
367 0 0 0.7
367 200 140 2.9
367 400 720 2.1
367 600 1140 2.4
367 800 1620 3.3
367 1000 2280 3.8
367 1200 3040 4.6
367 1400 3960 2.4
367 1600 4440 3.2
367 1800 5080 1.7
368 0 0 0.7
368 200 140 2.9
368 400 720 2.1
368 600 1140 2.4
368 800 1620 3.3
368 1000 2280 3.8
368 1200 3040 4.6
368 1400 3960 2.4
368 1600 4440 3.2
368 1800 5080 1.7
369 0 0 0.7
369 200 140 2.9
369 400 720 2.1
369 600 1140 2.4
369 800 1620 3.3
369 1000 2280 3.8
369 1200 3040 4.6
369 1400 3960 2.4
369 1600 4440 3.2
369 1800 5080 1.7
370 0 0 0.7
370 200 140 2.9
370 400 720 2.1
370 600 1140 2.4
370 800 1620 3.3
370 1000 2280 3.8
370 1200 3040 4.6
370 1400 3960 2.4
370 1600 4440 3.2
370 1800 5080 1.7
371 0 0 0.7
371 200 140 2.9
371 400 720 2.1
371 600 1140 2.4
371 800 1620 3.3
371 1000 2280 3.8
371 1200 3040 4.6
371 1400 3960 2.4
371 1600 4440 3.2
371 1800 5080 1.7
372 0 0 0.7
372 200 140 2.9
372 400 720 2.1
372 600 1140 2.4
372 800 1620 3.3
372 1000 2280 3.8
372 1200 3040 4.6
372 1400 3960 2.4
372 1600 4440 3.2
372 1800 5080 1.7
373 0 0 0.7
373 200 140 2.9
373 400 720 2.1
373 600 1140 2.4
373 800 1620 3.3
373 1000 2280 3.8
373 1200 3040 4.6
373 1400 3960 2.4
373 1600 4440 3.2
373 1800 5080 1.7
374 0 0 0.7
374 200 140 2.9
374 400 720 2.1
374 600 1140 2.4
374 800 1620 3.3
374 1000 2280 3.8
374 1200 3040 4.6
374 1400 3960 2.4
374 1600 4440 3.2
374 1800 5080 1.7
375 0 0 0.7
375 200 140 2.9
375 400 720 2.1
375 600 1140 2.4
375 800 1620 3.3
375 1000 2280 3.8
375 1200 3040 4.6
375 1400 3960 2.4
375 1600 4440 3.2
375 1800 5080 1.7
376 0 0 0.7
376 200 140 2.9
376 400 720 2.1
376 600 1140 2.4
376 800 1620 3.3
376 1000 2280 3.8
376 1200 3040 4.6
376 1400 3960 2.4
376 1600 4440 3.2
376 1800 5080 1.7
377 0 0 0.7
377 200 140 2.9
377 400 720 2.1
377 600 1140 2.4
377 800 1620 3.3
377 1000 2280 3.8
377 1200 3040 4.6
377 1400 3960 2.4
377 1600 4440 3.2
377 1800 5080 1.7
378 0 0 0.7
378 200 140 2.9
378 400 720 2.1
378 600 1140 2.4
378 800 1620 3.3
378 1000 2280 3.8
378 1200 3040 4.6
378 1400 3960 2.4
378 1600 4440 3.2
378 1800 5080 1.7
379 0 0 0.7
379 200 140 2.9
379 400 720 2.1
379 600 1140 2.4
379 800 1620 3.3
379 1000 2280 3.8
379 1200 3040 4.6
379 1400 3960 2.4
379 1600 4440 3.2
379 1800 5080 1.7
380 0 0 0.7
380 200 140 2.9
380 400 720 2.1
380 600 1140 2.4
380 800 1620 3.3
380 1000 2280 3.8
380 1200 3040 4.6
380 1400 3960 2.4
380 1600 4440 3.2
380 1800 5080 1.7
381 0 0 0.7
381 200 140 2.9
381 400 720 2.1
381 600 1140 2.4
381 800 1620 3.3
381 1000 2280 3.8
381 1200 3040 4.6
381 1400 3960 2.4
381 1600 4440 3.2
381 1800 5080 1.7
382 0 0 0.7
382 200 140 2.9
382 400 720 2.1
382 600 1140 2.4
382 800 1620 3.3
382 1000 2280 3.8
382 1200 3040 4.6
382 1400 3960 2.4
382 1600 4440 3.2
382 1800 5080 1.7
383 0 0 0.7
383 200 140 2.9
383 400 720 2.1
383 600 1140 2.4
383 800 1620 3.3
383 1000 2280 3.8
383 1200 3040 4.6
383 1400 3960 2.4
383 1600 4440 3.2
383 1800 5080 1.7
384 0 0 0.7
384 200 140 2.9
384 400 720 2.1
384 600 1140 2.4
384 800 1620 3.3
384 1000 2280 3.8
384 1200 3040 4.6
384 1400 3960 2.4
384 1600 4440 3.2
384 1800 5080 1.7
385 0 0 0.7
385 200 140 2.9
385 400 720 2.1
385 600 1140 2.4
385 800 1620 3.3
385 1000 2280 3.8
385 1200 3040 4.6
385 1400 3960 2.4
385 1600 4440 3.2
385 1800 5080 1.7
386 0 0 0.7
386 200 140 2.9
386 400 720 2.1
386 600 1140 2.4
386 800 1620 3.3
386 1000 2280 3.8
386 1200 3040 4.6
386 1400 3960 2.4
386 1600 4440 3.2
386 1800 5080 1.7
387 0 0 0.7
387 200 140 2.9
387 400 720 2.1
387 600 1140 2.4
387 800 1620 3.3
387 1000 2280 3.8
387 1200 3040 4.6
387 1400 3960 2.4
387 1600 4440 3.2
387 1800 5080 1.7
388 0 0 0.7
388 200 140 2.9
388 400 720 2.1
388 600 1140 2.4
388 800 1620 3.3
388 1000 2280 3.8
388 1200 3040 4.6
388 1400 3960 2.4
388 1600 4440 3.2
388 1800 5080 1.7
389 0 0 0.7
389 200 140 2.9
389 400 720 2.1
389 600 1140 2.4
389 800 1620 3.3
389 1000 2280 3.8
389 1200 3040 4.6
389 1400 3960 2.4
389 1600 4440 3.2
389 1800 5080 1.7
390 0 0 0.7
390 200 140 2.9
390 400 720 2.1
390 600 1140 2.4
390 800 1620 3.3
390 1000 2280 3.8
390 1200 3040 4.6
390 1400 3960 2.4
390 1600 4440 3.2
390 1800 5080 1.7
391 0 0 0.7
391 200 140 2.9
391 400 720 2.1
391 600 1140 2.4
391 800 1620 3.3
391 1000 2280 3.8
391 1200 3040 4.6
391 1400 3960 2.4
391 1600 4440 3.2
391 1800 5080 1.7
392 0 0 0.7
392 200 140 2.9
392 400 720 2.1
392 600 1140 2.4
392 800 1620 3.3
392 1000 2280 3.8
392 1200 3040 4.6
392 1400 3960 2.4
392 1600 4440 3.2
392 1800 5080 1.7
393 0 0 0.7
393 200 140 2.9
393 400 720 2.1
393 600 1140 2.4
393 800 1620 3.3
393 1000 2280 3.8
393 1200 3040 4.6
393 1400 3960 2.4
393 1600 4440 3.2
393 1800 5080 1.7
394 0 0 0.7
394 200 140 2.9
394 400 720 2.1
394 600 1140 2.4
394 800 1620 3.3
394 1000 2280 3.8
394 1200 3040 4.6
394 1400 3960 2.4
394 1600 4440 3.2
394 1800 5080 1.7
395 0 0 0.7
395 200 140 2.9
395 400 720 2.1
395 600 1140 2.4
395 800 1620 3.3
395 1000 2280 3.8
395 1200 3040 4.6
395 1400 3960 2.4
395 1600 4440 3.2
395 1800 5080 1.7
396 0 0 0.7
396 200 140 2.9
396 400 720 2.1
396 600 1140 2.4
396 800 1620 3.3
396 1000 2280 3.8
396 1200 3040 4.6
396 1400 3960 2.4
396 1600 4440 3.2
396 1800 5080 1.7
397 0 0 0.7
397 200 140 2.9
397 400 720 2.1
397 600 1140 2.4
397 800 1620 3.3
397 1000 2280 3.8
397 1200 3040 4.6
397 1400 3960 2.4
397 1600 4440 3.2
397 1800 5080 1.7
398 0 0 0.7
398 200 140 2.9
398 400 720 2.1
398 600 1140 2.4
398 800 1620 3.3
398 1000 2280 3.8
398 1200 3040 4.6
398 1400 3960 2.4
398 1600 4440 3.2
398 1800 5080 1.7
399 0 0 0.7
399 200 140 2.9
399 400 720 2.1
399 600 1140 2.4
399 800 1620 3.3
399 1000 2280 3.8
399 1200 3040 4.6
399 1400 3960 2.4
399 1600 4440 3.2
399 1800 5080 1.7
400 0 0 0.7
400 200 140 2.9
400 400 720 2.1
400 600 1140 2.4
400 800 1620 3.3
400 1000 2280 3.8
400 1200 3040 4.6
400 1400 3960 2.4
400 1600 4440 3.2
400 1800 5080 1.7
401 0 0 0.7
401 200 140 2.9
401 400 720 2.1
401 600 1140 2.4
401 800 1620 3.3
401 1000 2280 3.8
401 1200 3040 4.6
401 1400 3960 2.4
401 1600 4440 3.2
401 1800 5080 1.7
402 0 0 0.7
402 200 140 2.9
402 400 720 2.1
402 600 1140 2.4
402 800 1620 3.3
402 1000 2280 3.8
402 1200 3040 4.6
402 1400 3960 2.4
402 1600 4440 3.2
402 1800 5080 1.7
403 0 0 0.7
403 200 140 2.9
403 400 720 2.1
403 600 1140 2.4
403 800 1620 3.3
403 1000 2280 3.8
403 1200 3040 4.6
403 1400 3960 2.4
403 1600 4440 3.2
403 1800 5080 1.7
404 0 0 0.7
404 200 140 2.9
404 400 720 2.1
404 600 1140 2.4
404 800 1620 3.3
404 1000 2280 3.8
404 1200 3040 4.6
404 1400 3960 2.4
404 1600 4440 3.2
404 1800 5080 1.7
405 0 0 0.7
405 200 140 2.9
405 400 720 2.1
405 600 1140 2.4
405 800 1620 3.3
405 1000 2280 3.8
405 1200 3040 4.6
405 1400 3960 2.4
405 1600 4440 3.2
405 1800 5080 1.7
406 0 0 0.7
406 200 140 2.9
406 400 720 2.1
406 600 1140 2.4
406 800 1620 3.3
406 1000 2280 3.8
406 1200 3040 4.6
406 1400 3960 2.4
406 1600 4440 3.2
406 1800 5080 1.7
407 0 0 0.7
407 200 140 2.9
407 400 720 2.1
407 600 1140 2.4
407 800 1620 3.3
407 1000 2280 3.8
407 1200 3040 4.6
407 1400 3960 2.4
407 1600 4440 3.2
407 1800 5080 1.7
408 0 0 0.7
408 200 140 2.9
408 400 720 2.1
408 600 1140 2.4
408 800 1620 3.3
408 1000 2280 3.8
408 1200 3040 4.6
408 1400 3960 2.4
408 1600 4440 3.2
408 1800 5080 1.7
409 0 0 0.7
409 200 140 2.9
409 400 720 2.1
409 600 1140 2.4
409 800 1620 3.3
409 1000 2280 3.8
409 1200 3040 4.6
409 1400 3960 2.4
409 1600 4440 3.2
409 1800 5080 1.7
410 0 0 0.7
410 200 140 2.9
410 400 720 2.1
410 600 1140 2.4
410 800 1620 3.3
410 1000 2280 3.8
410 1200 3040 4.6
410 1400 3960 2.4
410 1600 4440 3.2
410 1800 5080 1.7
411 0 0 0.7
411 200 140 2.9
411 400 720 2.1
411 600 1140 2.4
411 800 1620 3.3
411 1000 2280 3.8
411 1200 3040 4.6
411 1400 3960 2.4
411 1600 4440 3.2
411 1800 5080 1.7
412 0 0 0.7
412 200 140 2.9
412 400 720 2.1
412 600 1140 2.4
412 800 1620 3.3
412 1000 2280 3.8
412 1200 3040 4.6
412 1400 3960 2.4
412 1600 4440 3.2
412 1800 5080 1.7
413 0 0 0.7
413 200 140 2.9
413 400 720 2.1
413 600 1140 2.4
413 800 1620 3.3
413 1000 2280 3.8
413 1200 3040 4.6
413 1400 3960 2.4
413 1600 4440 3.2
413 1800 5080 1.7
414 0 0 0.7
414 200 140 2.9
414 400 720 2.1
414 600 1140 2.4
414 800 1620 3.3
414 1000 2280 3.8
414 1200 3040 4.6
414 1400 3960 2.4
414 1600 4440 3.2
414 1800 5080 1.7
415 0 0 0.7
415 200 140 2.9
415 400 720 2.1
415 600 1140 2.4
415 800 1620 3.3
415 1000 2280 3.8
415 1200 3040 4.6
415 1400 3960 2.4
415 1600 4440 3.2
415 1800 5080 1.7
416 0 0 0.7
416 200 140 2.9
416 400 720 2.1
416 600 1140 2.4
416 800 1620 3.3
416 1000 2280 3.8
416 1200 3040 4.6
416 1400 3960 2.4
416 1600 4440 3.2
416 1800 5080 1.7
417 0 0 0.7
417 200 140 2.9
417 400 720 2.1
417 600 1140 2.4
417 800 1620 3.3
417 1000 2280 3.8
417 1200 3040 4.6
417 1400 3960 2.4
417 1600 4440 3.2
417 1800 5080 1.7
418 0 0 0.7
418 200 140 2.9
418 400 720 2.1
418 600 1140 2.4
418 800 1620 3.3
418 1000 2280 3.8
418 1200 3040 4.6
418 1400 3960 2.4
418 1600 4440 3.2
418 1800 5080 1.7
419 0 0 0.7
419 200 140 2.9
419 400 720 2.1
419 600 1140 2.4
419 800 1620 3.3
419 1000 2280 3.8
419 1200 3040 4.6
419 1400 3960 2.4
419 1600 4440 3.2
419 1800 5080 1.7
420 0 0 0.7
420 200 140 2.9
420 400 720 2.1
420 600 1140 2.4
420 800 1620 3.3
420 1000 2280 3.8
420 1200 3040 4.6
420 1400 3960 2.4
420 1600 4440 3.2
420 1800 5080 1.7
421 0 0 0.7
421 200 140 2.9
421 400 720 2.1
421 600 1140 2.4
421 800 1620 3.3
421 1000 2280 3.8
421 1200 3040 4.6
421 1400 3960 2.4
421 1600 4440 3.2
421 1800 5080 1.7
422 0 0 0.7
422 200 140 2.9
422 400 720 2.1
422 600 1140 2.4
422 800 1620 3.3
422 1000 2280 3.8
422 1200 3040 4.6
422 1400 3960 2.4
422 1600 4440 3.2
422 1800 5080 1.7
423 0 0 0.7
423 200 140 2.9
423 400 720 2.1
423 600 1140 2.4
423 800 1620 3.3
423 1000 2280 3.8
423 1200 3040 4.6
423 1400 3960 2.4
423 1600 4440 3.2
423 1800 5080 1.7
424 0 0 0.7
424 200 140 2.9
424 400 720 2.1
424 600 1140 2.4
424 800 1620 3.3
424 1000 2280 3.8
424 1200 3040 4.6
424 1400 3960 2.4
424 1600 4440 3.2
424 1800 5080 1.7
425 0 0 0.7
425 200 140 2.9
425 400 720 2.1
425 600 1140 2.4
425 800 1620 3.3
425 1000 2280 3.8
425 1200 3040 4.6
425 1400 3960 2.4
425 1600 4440 3.2
425 1800 5080 1.7
426 0 0 0.7
426 200 140 2.9
426 400 720 2.1
426 600 1140 2.4
426 800 1620 3.3
426 1000 2280 3.8
426 1200 3040 4.6
426 1400 3960 2.4
426 1600 4440 3.2
426 1800 5080 1.7
427 0 0 0.7
427 200 140 2.9
427 400 720 2.1
427 600 1140 2.4
427 800 1620 3.3
427 1000 2280 3.8
427 1200 3040 4.6
427 1400 3960 2.4
427 1600 4440 3.2
427 1800 5080 1.7
428 0 0 0.7
428 200 140 2.9
428 400 720 2.1
428 600 1140 2.4
428 800 1620 3.3
428 1000 2280 3.8
428 1200 3040 4.6
428 1400 3960 2.4
428 1600 4440 3.2
428 1800 5080 1.7
429 0 0 0.7
429 200 140 2.9
429 400 720 2.1
429 600 1140 2.4
429 800 1620 3.3
429 1000 2280 3.8
429 1200 3040 4.6
429 1400 3960 2.4
429 1600 4440 3.2
429 1800 5080 1.7
430 0 0 0.7
430 200 140 2.9
430 400 720 2.1
430 600 1140 2.4
430 800 1620 3.3
430 1000 2280 3.8
430 1200 3040 4.6
430 1400 3960 2.4
430 1600 4440 3.2
430 1800 5080 1.7
431 0 0 0.7
431 200 140 2.9
431 400 720 2.1
431 600 1140 2.4
431 800 1620 3.3
431 1000 2280 3.8
431 1200 3040 4.6
431 1400 3960 2.4
431 1600 4440 3.2
431 1800 5080 1.7
432 0 0 0.7
432 200 140 2.9
432 400 720 2.1
432 600 1140 2.4
432 800 1620 3.3
432 1000 2280 3.8
432 1200 3040 4.6
432 1400 3960 2.4
432 1600 4440 3.2
432 1800 5080 1.7
433 0 0 0.7
433 200 140 2.9
433 400 720 2.1
433 600 1140 2.4
433 800 1620 3.3
433 1000 2280 3.8
433 1200 3040 4.6
433 1400 3960 2.4
433 1600 4440 3.2
433 1800 5080 1.7
434 0 0 0.7
434 200 140 2.9
434 400 720 2.1
434 600 1140 2.4
434 800 1620 3.3
434 1000 2280 3.8
434 1200 3040 4.6
434 1400 3960 2.4
434 1600 4440 3.2
434 1800 5080 1.7
435 0 0 0.7
435 200 140 2.9
435 400 720 2.1
435 600 1140 2.4
435 800 1620 3.3
435 1000 2280 3.8
435 1200 3040 4.6
435 1400 3960 2.4
435 1600 4440 3.2
435 1800 5080 1.7
436 0 0 0.7
436 200 140 2.9
436 400 720 2.1
436 600 1140 2.4
436 800 1620 3.3
436 1000 2280 3.8
436 1200 3040 4.6
436 1400 3960 2.4
436 1600 4440 3.2
436 1800 5080 1.7
437 0 0 0.7
437 200 140 2.9
437 400 720 2.1
437 600 1140 2.4
437 800 1620 3.3
437 1000 2280 3.8
437 1200 3040 4.6
437 1400 3960 2.4
437 1600 4440 3.2
437 1800 5080 1.7
438 0 0 0.7
438 200 140 2.9
438 400 720 2.1
438 600 1140 2.4
438 800 1620 3.3
438 1000 2280 3.8
438 1200 3040 4.6
438 1400 3960 2.4
438 1600 4440 3.2
438 1800 5080 1.7
439 0 0 0.7
439 200 140 2.9
439 400 720 2.1
439 600 1140 2.4
439 800 1620 3.3
439 1000 2280 3.8
439 1200 3040 4.6
439 1400 3960 2.4
439 1600 4440 3.2
439 1800 5080 1.7
440 0 0 0.7
440 200 140 2.9
440 400 720 2.1
440 600 1140 2.4
440 800 1620 3.3
440 1000 2280 3.8
440 1200 3040 4.6
440 1400 3960 2.4
440 1600 4440 3.2
440 1800 5080 1.7
441 0 0 0.7
441 200 140 2.9
441 400 720 2.1
441 600 1140 2.4
441 800 1620 3.3
441 1000 2280 3.8
441 1200 3040 4.6
441 1400 3960 2.4
441 1600 4440 3.2
441 1800 5080 1.7
442 0 0 0.7
442 200 140 2.9
442 400 720 2.1
442 600 1140 2.4
442 800 1620 3.3
442 1000 2280 3.8
442 1200 3040 4.6
442 1400 3960 2.4
442 1600 4440 3.2
442 1800 5080 1.7
443 0 0 0.7
443 200 140 2.9
443 400 720 2.1
443 600 1140 2.4
443 800 1620 3.3
443 1000 2280 3.8
443 1200 3040 4.6
443 1400 3960 2.4
443 1600 4440 3.2
443 1800 5080 1.7
444 0 0 0.7
444 200 140 2.9
444 400 720 2.1
444 600 1140 2.4
444 800 1620 3.3
444 1000 2280 3.8
444 1200 3040 4.6
444 1400 3960 2.4
444 1600 4440 3.2
444 1800 5080 1.7
445 0 0 0.7
445 200 140 2.9
445 400 720 2.1
445 600 1140 2.4
445 800 1620 3.3
445 1000 2280 3.8
445 1200 3040 4.6
445 1400 3960 2.4
445 1600 4440 3.2
445 1800 5080 1.7
446 0 0 0.7
446 200 140 2.9
446 400 720 2.1
446 600 1140 2.4
446 800 1620 3.3
446 1000 2280 3.8
446 1200 3040 4.6
446 1400 3960 2.4
446 1600 4440 3.2
446 1800 5080 1.7
447 0 0 0.7
447 200 140 2.9
447 400 720 2.1
447 600 1140 2.4
447 800 1620 3.3
447 1000 2280 3.8
447 1200 3040 4.6
447 1400 3960 2.4
447 1600 4440 3.2
447 1800 5080 1.7
448 0 0 0.7
448 200 140 2.9
448 400 720 2.1
448 600 1140 2.4
448 800 1620 3.3
448 1000 2280 3.8
448 1200 3040 4.6
448 1400 3960 2.4
448 1600 4440 3.2
448 1800 5080 1.7
449 0 0 0.7
449 200 140 2.9
449 400 720 2.1
449 600 1140 2.4
449 800 1620 3.3
449 1000 2280 3.8
449 1200 3040 4.6
449 1400 3960 2.4
449 1600 4440 3.2
449 1800 5080 1.7
450 0 0 0.7
450 200 140 2.9
450 400 720 2.1
450 600 1140 2.4
450 800 1620 3.3
450 1000 2280 3.8
450 1200 3040 4.6
450 1400 3960 2.4
450 1600 4440 3.2
450 1800 5080 1.7
451 0 0 0.7
451 200 140 2.9
451 400 720 2.1
451 600 1140 2.4
451 800 1620 3.3
451 1000 2280 3.8
451 1200 3040 4.6
451 1400 3960 2.4
451 1600 4440 3.2
451 1800 5080 1.7
452 0 0 0.7
452 200 140 2.9
452 400 720 2.1
452 600 1140 2.4
452 800 1620 3.3
452 1000 2280 3.8
452 1200 3040 4.6
452 1400 3960 2.4
452 1600 4440 3.2
452 1800 5080 1.7
453 0 0 0.7
453 200 140 2.9
453 400 720 2.1
453 600 1140 2.4
453 800 1620 3.3
453 1000 2280 3.8
453 1200 3040 4.6
453 1400 3960 2.4
453 1600 4440 3.2
453 1800 5080 1.7
454 0 0 0.7
454 200 140 2.9
454 400 720 2.1
454 600 1140 2.4
454 800 1620 3.3
454 1000 2280 3.8
454 1200 3040 4.6
454 1400 3960 2.4
454 1600 4440 3.2
454 1800 5080 1.7
455 0 0 0.7
455 200 140 2.9
455 400 720 2.1
455 600 1140 2.4
455 800 1620 3.3
455 1000 2280 3.8
455 1200 3040 4.6
455 1400 3960 2.4
455 1600 4440 3.2
455 1800 5080 1.7
456 0 0 0.7
456 200 140 2.9
456 400 720 2.1
456 600 1140 2.4
456 800 1620 3.3
456 1000 2280 3.8
456 1200 3040 4.6
456 1400 3960 2.4
456 1600 4440 3.2
456 1800 5080 1.7
457 0 0 0.7
457 200 140 2.9
457 400 720 2.1
457 600 1140 2.4
457 800 1620 3.3
457 1000 2280 3.8
457 1200 3040 4.6
457 1400 3960 2.4
457 1600 4440 3.2
457 1800 5080 1.7
458 0 0 0.7
458 200 140 2.9
458 400 720 2.1
458 600 1140 2.4
458 800 1620 3.3
458 1000 2280 3.8
458 1200 3040 4.6
458 1400 3960 2.4
458 1600 4440 3.2
458 1800 5080 1.7
459 0 0 0.7
459 200 140 2.9
459 400 720 2.1
459 600 1140 2.4
459 800 1620 3.3
459 1000 2280 3.8
459 1200 3040 4.6
459 1400 3960 2.4
459 1600 4440 3.2
459 1800 5080 1.7
460 0 0 0.7
460 200 140 2.9
460 400 720 2.1
460 600 1140 2.4
460 800 1620 3.3
460 1000 2280 3.8
460 1200 3040 4.6
460 1400 3960 2.4
460 1600 4440 3.2
460 1800 5080 1.7
461 0 0 0.7
461 200 140 2.9
461 400 720 2.1
461 600 1140 2.4
461 800 1620 3.3
461 1000 2280 3.8
461 1200 3040 4.6
461 1400 3960 2.4
461 1600 4440 3.2
461 1800 5080 1.7
462 0 0 0.7
462 200 140 2.9
462 400 720 2.1
462 600 1140 2.4
462 800 1620 3.3
462 1000 2280 3.8
462 1200 3040 4.6
462 1400 3960 2.4
462 1600 4440 3.2
462 1800 5080 1.7
463 0 0 0.7
463 200 140 2.9
463 400 720 2.1
463 600 1140 2.4
463 800 1620 3.3
463 1000 2280 3.8
463 1200 3040 4.6
463 1400 3960 2.4
463 1600 4440 3.2
463 1800 5080 1.7
464 0 0 0.7
464 200 140 2.9
464 400 720 2.1
464 600 1140 2.4
464 800 1620 3.3
464 1000 2280 3.8
464 1200 3040 4.6
464 1400 3960 2.4
464 1600 4440 3.2
464 1800 5080 1.7
465 0 0 0.7
465 200 140 2.9
465 400 720 2.1
465 600 1140 2.4
465 800 1620 3.3
465 1000 2280 3.8
465 1200 3040 4.6
465 1400 3960 2.4
465 1600 4440 3.2
465 1800 5080 1.7
466 0 0 0.7
466 200 140 2.9
466 400 720 2.1
466 600 1140 2.4
466 800 1620 3.3
466 1000 2280 3.8
466 1200 3040 4.6
466 1400 3960 2.4
466 1600 4440 3.2
466 1800 5080 1.7
467 0 0 0.7
467 200 140 2.9
467 400 720 2.1
467 600 1140 2.4
467 800 1620 3.3
467 1000 2280 3.8
467 1200 3040 4.6
467 1400 3960 2.4
467 1600 4440 3.2
467 1800 5080 1.7
468 0 0 0.7
468 200 140 2.9
468 400 720 2.1
468 600 1140 2.4
468 800 1620 3.3
468 1000 2280 3.8
468 1200 3040 4.6
468 1400 3960 2.4
468 1600 4440 3.2
468 1800 5080 1.7
469 0 0 0.7
469 200 140 2.9
469 400 720 2.1
469 600 1140 2.4
469 800 1620 3.3
469 1000 2280 3.8
469 1200 3040 4.6
469 1400 3960 2.4
469 1600 4440 3.2
469 1800 5080 1.7
470 0 0 0.7
470 200 140 2.9
470 400 720 2.1
470 600 1140 2.4
470 800 1620 3.3
470 1000 2280 3.8
470 1200 3040 4.6
470 1400 3960 2.4
470 1600 4440 3.2
470 1800 5080 1.7
471 0 0 0.7
471 200 140 2.9
471 400 720 2.1
471 600 1140 2.4
471 800 1620 3.3
471 1000 2280 3.8
471 1200 3040 4.6
471 1400 3960 2.4
471 1600 4440 3.2
471 1800 5080 1.7
472 0 0 0.7
472 200 140 2.9
472 400 720 2.1
472 600 1140 2.4
472 800 1620 3.3
472 1000 2280 3.8
472 1200 3040 4.6
472 1400 3960 2.4
472 1600 4440 3.2
472 1800 5080 1.7
473 0 0 0.7
473 200 140 2.9
473 400 720 2.1
473 600 1140 2.4
473 800 1620 3.3
473 1000 2280 3.8
473 1200 3040 4.6
473 1400 3960 2.4
473 1600 4440 3.2
473 1800 5080 1.7
474 0 0 0.7
474 200 140 2.9
474 400 720 2.1
474 600 1140 2.4
474 800 1620 3.3
474 1000 2280 3.8
474 1200 3040 4.6
474 1400 3960 2.4
474 1600 4440 3.2
474 1800 5080 1.7
475 0 0 0.7
475 200 140 2.9
475 400 720 2.1
475 600 1140 2.4
475 800 1620 3.3
475 1000 2280 3.8
475 1200 3040 4.6
475 1400 3960 2.4
475 1600 4440 3.2
475 1800 5080 1.7
476 0 0 0.7
476 200 140 2.9
476 400 720 2.1
476 600 1140 2.4
476 800 1620 3.3
476 1000 2280 3.8
476 1200 3040 4.6
476 1400 3960 2.4
476 1600 4440 3.2
476 1800 5080 1.7
477 0 0 0.7
477 200 140 2.9
477 400 720 2.1
477 600 1140 2.4
477 800 1620 3.3
477 1000 2280 3.8
477 1200 3040 4.6
477 1400 3960 2.4
477 1600 4440 3.2
477 1800 5080 1.7
478 0 0 0.7
478 200 140 2.9
478 400 720 2.1
478 600 1140 2.4
478 800 1620 3.3
478 1000 2280 3.8
478 1200 3040 4.6
478 1400 3960 2.4
478 1600 4440 3.2
478 1800 5080 1.7
479 0 0 0.7
479 200 140 2.9
479 400 720 2.1
479 600 1140 2.4
479 800 1620 3.3
479 1000 2280 3.8
479 1200 3040 4.6
479 1400 3960 2.4
479 1600 4440 3.2
479 1800 5080 1.7
480 0 0 0.7
480 200 140 2.9
480 400 720 2.1
480 600 1140 2.4
480 800 1620 3.3
480 1000 2280 3.8
480 1200 3040 4.6
480 1400 3960 2.4
480 1600 4440 3.2
480 1800 5080 1.7
481 0 0 0.7
481 200 140 2.9
481 400 720 2.1
481 600 1140 2.4
481 800 1620 3.3
481 1000 2280 3.8
481 1200 3040 4.6
481 1400 3960 2.4
481 1600 4440 3.2
481 1800 5080 1.7
482 0 0 0.7
482 200 140 2.9
482 400 720 2.1
482 600 1140 2.4
482 800 1620 3.3
482 1000 2280 3.8
482 1200 3040 4.6
482 1400 3960 2.4
482 1600 4440 3.2
482 1800 5080 1.7
483 0 0 0.7
483 200 140 2.9
483 400 720 2.1
483 600 1140 2.4
483 800 1620 3.3
483 1000 2280 3.8
483 1200 3040 4.6
483 1400 3960 2.4
483 1600 4440 3.2
483 1800 5080 1.7
484 0 0 0.7
484 200 140 2.9
484 400 720 2.1
484 600 1140 2.4
484 800 1620 3.3
484 1000 2280 3.8
484 1200 3040 4.6
484 1400 3960 2.4
484 1600 4440 3.2
484 1800 5080 1.7
485 0 0 0.7
485 200 140 2.9
485 400 720 2.1
485 600 1140 2.4
485 800 1620 3.3
485 1000 2280 3.8
485 1200 3040 4.6
485 1400 3960 2.4
485 1600 4440 3.2
485 1800 5080 1.7
486 0 0 0.7
486 200 140 2.9
486 400 720 2.1
486 600 1140 2.4
486 800 1620 3.3
486 1000 2280 3.8
486 1200 3040 4.6
486 1400 3960 2.4
486 1600 4440 3.2
486 1800 5080 1.7
487 0 0 0.7
487 200 140 2.9
487 400 720 2.1
487 600 1140 2.4
487 800 1620 3.3
487 1000 2280 3.8
487 1200 3040 4.6
487 1400 3960 2.4
487 1600 4440 3.2
487 1800 5080 1.7
488 0 0 0.7
488 200 140 2.9
488 400 720 2.1
488 600 1140 2.4
488 800 1620 3.3
488 1000 2280 3.8
488 1200 3040 4.6
488 1400 3960 2.4
488 1600 4440 3.2
488 1800 5080 1.7
489 0 0 0.7
489 200 140 2.9
489 400 720 2.1
489 600 1140 2.4
489 800 1620 3.3
489 1000 2280 3.8
489 1200 3040 4.6
489 1400 3960 2.4
489 1600 4440 3.2
489 1800 5080 1.7
490 0 0 0.7
490 200 140 2.9
490 400 720 2.1
490 600 1140 2.4
490 800 1620 3.3
490 1000 2280 3.8
490 1200 3040 4.6
490 1400 3960 2.4
490 1600 4440 3.2
490 1800 5080 1.7
491 0 0 0.7
491 200 140 2.9
491 400 720 2.1
491 600 1140 2.4
491 800 1620 3.3
491 1000 2280 3.8
491 1200 3040 4.6
491 1400 3960 2.4
491 1600 4440 3.2
491 1800 5080 1.7
492 0 0 0.7
492 200 140 2.9
492 400 720 2.1
492 600 1140 2.4
492 800 1620 3.3
492 1000 2280 3.8
492 1200 3040 4.6
492 1400 3960 2.4
492 1600 4440 3.2
492 1800 5080 1.7
493 0 0 0.7
493 200 140 2.9
493 400 720 2.1
493 600 1140 2.4
493 800 1620 3.3
493 1000 2280 3.8
493 1200 3040 4.6
493 1400 3960 2.4
493 1600 4440 3.2
493 1800 5080 1.7
494 0 0 0.7
494 200 140 2.9
494 400 720 2.1
494 600 1140 2.4
494 800 1620 3.3
494 1000 2280 3.8
494 1200 3040 4.6
494 1400 3960 2.4
494 1600 4440 3.2
494 1800 5080 1.7
495 0 0 0.7
495 200 140 2.9
495 400 720 2.1
495 600 1140 2.4
495 800 1620 3.3
495 1000 2280 3.8
495 1200 3040 4.6
495 1400 3960 2.4
495 1600 4440 3.2
495 1800 5080 1.7
496 0 0 0.7
496 200 140 2.9
496 400 720 2.1
496 600 1140 2.4
496 800 1620 3.3
496 1000 2280 3.8
496 1200 3040 4.6
496 1400 3960 2.4
496 1600 4440 3.2
496 1800 5080 1.7
497 0 0 0.7
497 200 140 2.9
497 400 720 2.1
497 600 1140 2.4
497 800 1620 3.3
497 1000 2280 3.8
497 1200 3040 4.6
497 1400 3960 2.4
497 1600 4440 3.2
497 1800 5080 1.7
498 0 0 0.7
498 200 140 2.9
498 400 720 2.1
498 600 1140 2.4
498 800 1620 3.3
498 1000 2280 3.8
498 1200 3040 4.6
498 1400 3960 2.4
498 1600 4440 3.2
498 1800 5080 1.7
499 0 0 0.7
499 200 140 2.9
499 400 720 2.1
499 600 1140 2.4
499 800 1620 3.3
499 1000 2280 3.8
499 1200 3040 4.6
499 1400 3960 2.4
499 1600 4440 3.2
499 1800 5080 1.7
