100 4
0 0 0 4
0 500 2000 4.7
0 1000 4350 0.7
0 1500 4700 4.1
1 0 0 4
1 500 2000 4.7
1 1000 4350 0.7
1 1500 4700 4.1
2 0 0 4
2 500 2000 4.7
2 1000 4350 0.7
2 1500 4700 4.1
3 0 0 4
3 500 2000 4.7
3 1000 4350 0.7
3 1500 4700 4.1
4 0 0 4
4 500 2000 4.7
4 1000 4350 0.7
4 1500 4700 4.1
5 0 0 4
5 500 2000 4.7
5 1000 4350 0.7
5 1500 4700 4.1
6 0 0 4
6 500 2000 4.7
6 1000 4350 0.7
6 1500 4700 4.1
7 0 0 4
7 500 2000 4.7
7 1000 4350 0.7
7 1500 4700 4.1
8 0 0 4
8 500 2000 4.7
8 1000 4350 0.7
8 1500 4700 4.1
9 0 0 4
9 500 2000 4.7
9 1000 4350 0.7
9 1500 4700 4.1
10 0 0 4
10 500 2000 4.7
10 1000 4350 0.7
10 1500 4700 4.1
11 0 0 4
11 500 2000 4.7
11 1000 4350 0.7
11 1500 4700 4.1
12 0 0 4
12 500 2000 4.7
12 1000 4350 0.7
12 1500 4700 4.1
13 0 0 4
13 500 2000 4.7
13 1000 4350 0.7
13 1500 4700 4.1
14 0 0 4
14 500 2000 4.7
14 1000 4350 0.7
14 1500 4700 4.1
15 0 0 4
15 500 2000 4.7
15 1000 4350 0.7
15 1500 4700 4.1
16 0 0 4
16 500 2000 4.7
16 1000 4350 0.7
16 1500 4700 4.1
17 0 0 4
17 500 2000 4.7
17 1000 4350 0.7
17 1500 4700 4.1
18 0 0 4
18 500 2000 4.7
18 1000 4350 0.7
18 1500 4700 4.1
19 0 0 4
19 500 2000 4.7
19 1000 4350 0.7
19 1500 4700 4.1
20 0 0 4
20 500 2000 4.7
20 1000 4350 0.7
20 1500 4700 4.1
21 0 0 4
21 500 2000 4.7
21 1000 4350 0.7
21 1500 4700 4.1
22 0 0 4
22 500 2000 4.7
22 1000 4350 0.7
22 1500 4700 4.1
23 0 0 4
23 500 2000 4.7
23 1000 4350 0.7
23 1500 4700 4.1
24 0 0 4
24 500 2000 4.7
24 1000 4350 0.7
24 1500 4700 4.1
25 0 0 4
25 500 2000 4.7
25 1000 4350 0.7
25 1500 4700 4.1
26 0 0 4
26 500 2000 4.7
26 1000 4350 0.7
26 1500 4700 4.1
27 0 0 4
27 500 2000 4.7
27 1000 4350 0.7
27 1500 4700 4.1
28 0 0 4
28 500 2000 4.7
28 1000 4350 0.7
28 1500 4700 4.1
29 0 0 4
29 500 2000 4.7
29 1000 4350 0.7
29 1500 4700 4.1
30 0 0 4
30 500 2000 4.7
30 1000 4350 0.7
30 1500 4700 4.1
31 0 0 4
31 500 2000 4.7
31 1000 4350 0.7
31 1500 4700 4.1
32 0 0 4
32 500 2000 4.7
32 1000 4350 0.7
32 1500 4700 4.1
33 0 0 4
33 500 2000 4.7
33 1000 4350 0.7
33 1500 4700 4.1
34 0 0 4
34 500 2000 4.7
34 1000 4350 0.7
34 1500 4700 4.1
35 0 0 4
35 500 2000 4.7
35 1000 4350 0.7
35 1500 4700 4.1
36 0 0 4
36 500 2000 4.7
36 1000 4350 0.7
36 1500 4700 4.1
37 0 0 4
37 500 2000 4.7
37 1000 4350 0.7
37 1500 4700 4.1
38 0 0 4
38 500 2000 4.7
38 1000 4350 0.7
38 1500 4700 4.1
39 0 0 4
39 500 2000 4.7
39 1000 4350 0.7
39 1500 4700 4.1
40 0 0 4
40 500 2000 4.7
40 1000 4350 0.7
40 1500 4700 4.1
41 0 0 4
41 500 2000 4.7
41 1000 4350 0.7
41 1500 4700 4.1
42 0 0 4
42 500 2000 4.7
42 1000 4350 0.7
42 1500 4700 4.1
43 0 0 4
43 500 2000 4.7
43 1000 4350 0.7
43 1500 4700 4.1
44 0 0 4
44 500 2000 4.7
44 1000 4350 0.7
44 1500 4700 4.1
45 0 0 4
45 500 2000 4.7
45 1000 4350 0.7
45 1500 4700 4.1
46 0 0 4
46 500 2000 4.7
46 1000 4350 0.7
46 1500 4700 4.1
47 0 0 4
47 500 2000 4.7
47 1000 4350 0.7
47 1500 4700 4.1
48 0 0 4
48 500 2000 4.7
48 1000 4350 0.7
48 1500 4700 4.1
49 0 0 4
49 500 2000 4.7
49 1000 4350 0.7
49 1500 4700 4.1
50 0 0 4
50 500 2000 4.7
50 1000 4350 0.7
50 1500 4700 4.1
51 0 0 4
51 500 2000 4.7
51 1000 4350 0.7
51 1500 4700 4.1
52 0 0 4
52 500 2000 4.7
52 1000 4350 0.7
52 1500 4700 4.1
53 0 0 4
53 500 2000 4.7
53 1000 4350 0.7
53 1500 4700 4.1
54 0 0 4
54 500 2000 4.7
54 1000 4350 0.7
54 1500 4700 4.1
55 0 0 4
55 500 2000 4.7
55 1000 4350 0.7
55 1500 4700 4.1
56 0 0 4
56 500 2000 4.7
56 1000 4350 0.7
56 1500 4700 4.1
57 0 0 4
57 500 2000 4.7
57 1000 4350 0.7
57 1500 4700 4.1
58 0 0 4
58 500 2000 4.7
58 1000 4350 0.7
58 1500 4700 4.1
59 0 0 4
59 500 2000 4.7
59 1000 4350 0.7
59 1500 4700 4.1
60 0 0 4
60 500 2000 4.7
60 1000 4350 0.7
60 1500 4700 4.1
61 0 0 4
61 500 2000 4.7
61 1000 4350 0.7
61 1500 4700 4.1
62 0 0 4
62 500 2000 4.7
62 1000 4350 0.7
62 1500 4700 4.1
63 0 0 4
63 500 2000 4.7
63 1000 4350 0.7
63 1500 4700 4.1
64 0 0 4
64 500 2000 4.7
64 1000 4350 0.7
64 1500 4700 4.1
65 0 0 4
65 500 2000 4.7
65 1000 4350 0.7
65 1500 4700 4.1
66 0 0 4
66 500 2000 4.7
66 1000 4350 0.7
66 1500 4700 4.1
67 0 0 4
67 500 2000 4.7
67 1000 4350 0.7
67 1500 4700 4.1
68 0 0 4
68 500 2000 4.7
68 1000 4350 0.7
68 1500 4700 4.1
69 0 0 4
69 500 2000 4.7
69 1000 4350 0.7
69 1500 4700 4.1
70 0 0 4
70 500 2000 4.7
70 1000 4350 0.7
70 1500 4700 4.1
71 0 0 4
71 500 2000 4.7
71 1000 4350 0.7
71 1500 4700 4.1
72 0 0 4
72 500 2000 4.7
72 1000 4350 0.7
72 1500 4700 4.1
73 0 0 4
73 500 2000 4.7
73 1000 4350 0.7
73 1500 4700 4.1
74 0 0 4
74 500 2000 4.7
74 1000 4350 0.7
74 1500 4700 4.1
75 0 0 4
75 500 2000 4.7
75 1000 4350 0.7
75 1500 4700 4.1
76 0 0 4
76 500 2000 4.7
76 1000 4350 0.7
76 1500 4700 4.1
77 0 0 4
77 500 2000 4.7
77 1000 4350 0.7
77 1500 4700 4.1
78 0 0 4
78 500 2000 4.7
78 1000 4350 0.7
78 1500 4700 4.1
79 0 0 4
79 500 2000 4.7
79 1000 4350 0.7
79 1500 4700 4.1
80 0 0 4
80 500 2000 4.7
80 1000 4350 0.7
80 1500 4700 4.1
81 0 0 4
81 500 2000 4.7
81 1000 4350 0.7
81 1500 4700 4.1
82 0 0 4
82 500 2000 4.7
82 1000 4350 0.7
82 1500 4700 4.1
83 0 0 4
83 500 2000 4.7
83 1000 4350 0.7
83 1500 4700 4.1
84 0 0 4
84 500 2000 4.7
84 1000 4350 0.7
84 1500 4700 4.1
85 0 0 4
85 500 2000 4.7
85 1000 4350 0.7
85 1500 4700 4.1
86 0 0 4
86 500 2000 4.7
86 1000 4350 0.7
86 1500 4700 4.1
87 0 0 4
87 500 2000 4.7
87 1000 4350 0.7
87 1500 4700 4.1
88 0 0 4
88 500 2000 4.7
88 1000 4350 0.7
88 1500 4700 4.1
89 0 0 4
89 500 2000 4.7
89 1000 4350 0.7
89 1500 4700 4.1
90 0 0 4
90 500 2000 4.7
90 1000 4350 0.7
90 1500 4700 4.1
91 0 0 4
91 500 2000 4.7
91 1000 4350 0.7
91 1500 4700 4.1
92 0 0 4
92 500 2000 4.7
92 1000 4350 0.7
92 1500 4700 4.1
93 0 0 4
93 500 2000 4.7
93 1000 4350 0.7
93 1500 4700 4.1
94 0 0 4
94 500 2000 4.7
94 1000 4350 0.7
94 1500 4700 4.1
95 0 0 4
95 500 2000 4.7
95 1000 4350 0.7
95 1500 4700 4.1
96 0 0 4
96 500 2000 4.7
96 1000 4350 0.7
96 1500 4700 4.1
97 0 0 4
97 500 2000 4.7
97 1000 4350 0.7
97 1500 4700 4.1
98 0 0 4
98 500 2000 4.7
98 1000 4350 0.7
98 1500 4700 4.1
99 0 0 4
99 500 2000 4.7
99 1000 4350 0.7
99 1500 4700 4.1
