20 4
0 0 0 1.5
0 500 750 2.7
0 1000 2100 1.5
0 1500 2850 4.6
1 0 0 1.5
1 500 750 2.7
1 1000 2100 1.5
1 1500 2850 4.6
2 0 0 1.5
2 500 750 2.7
2 1000 2100 1.5
2 1500 2850 4.6
3 0 0 1.5
3 500 750 2.7
3 1000 2100 1.5
3 1500 2850 4.6
4 0 0 1.5
4 500 750 2.7
4 1000 2100 1.5
4 1500 2850 4.6
5 0 0 1.5
5 500 750 2.7
5 1000 2100 1.5
5 1500 2850 4.6
6 0 0 1.5
6 500 750 2.7
6 1000 2100 1.5
6 1500 2850 4.6
7 0 0 1.5
7 500 750 2.7
7 1000 2100 1.5
7 1500 2850 4.6
8 0 0 1.5
8 500 750 2.7
8 1000 2100 1.5
8 1500 2850 4.6
9 0 0 1.5
9 500 750 2.7
9 1000 2100 1.5
9 1500 2850 4.6
10 0 0 1.5
10 500 750 2.7
10 1000 2100 1.5
10 1500 2850 4.6
11 0 0 1.5
11 500 750 2.7
11 1000 2100 1.5
11 1500 2850 4.6
12 0 0 1.5
12 500 750 2.7
12 1000 2100 1.5
12 1500 2850 4.6
13 0 0 1.5
13 500 750 2.7
13 1000 2100 1.5
13 1500 2850 4.6
14 0 0 1.5
14 500 750 2.7
14 1000 2100 1.5
14 1500 2850 4.6
15 0 0 1.5
15 500 750 2.7
15 1000 2100 1.5
15 1500 2850 4.6
16 0 0 1.5
16 500 750 2.7
16 1000 2100 1.5
16 1500 2850 4.6
17 0 0 1.5
17 500 750 2.7
17 1000 2100 1.5
17 1500 2850 4.6
18 0 0 1.5
18 500 750 2.7
18 1000 2100 1.5
18 1500 2850 4.6
19 0 0 1.5
19 500 750 2.7
19 1000 2100 1.5
19 1500 2850 4.6
