500 4
0 0 0 3.5
0 500 1750 1.3
0 1000 2400 3.2
0 1500 4000 0.9
1 0 0 3.5
1 500 1750 1.3
1 1000 2400 3.2
1 1500 4000 0.9
2 0 0 3.5
2 500 1750 1.3
2 1000 2400 3.2
2 1500 4000 0.9
3 0 0 3.5
3 500 1750 1.3
3 1000 2400 3.2
3 1500 4000 0.9
4 0 0 3.5
4 500 1750 1.3
4 1000 2400 3.2
4 1500 4000 0.9
5 0 0 3.5
5 500 1750 1.3
5 1000 2400 3.2
5 1500 4000 0.9
6 0 0 3.5
6 500 1750 1.3
6 1000 2400 3.2
6 1500 4000 0.9
7 0 0 3.5
7 500 1750 1.3
7 1000 2400 3.2
7 1500 4000 0.9
8 0 0 3.5
8 500 1750 1.3
8 1000 2400 3.2
8 1500 4000 0.9
9 0 0 3.5
9 500 1750 1.3
9 1000 2400 3.2
9 1500 4000 0.9
10 0 0 3.5
10 500 1750 1.3
10 1000 2400 3.2
10 1500 4000 0.9
11 0 0 3.5
11 500 1750 1.3
11 1000 2400 3.2
11 1500 4000 0.9
12 0 0 3.5
12 500 1750 1.3
12 1000 2400 3.2
12 1500 4000 0.9
13 0 0 3.5
13 500 1750 1.3
13 1000 2400 3.2
13 1500 4000 0.9
14 0 0 3.5
14 500 1750 1.3
14 1000 2400 3.2
14 1500 4000 0.9
15 0 0 3.5
15 500 1750 1.3
15 1000 2400 3.2
15 1500 4000 0.9
16 0 0 3.5
16 500 1750 1.3
16 1000 2400 3.2
16 1500 4000 0.9
17 0 0 3.5
17 500 1750 1.3
17 1000 2400 3.2
17 1500 4000 0.9
18 0 0 3.5
18 500 1750 1.3
18 1000 2400 3.2
18 1500 4000 0.9
19 0 0 3.5
19 500 1750 1.3
19 1000 2400 3.2
19 1500 4000 0.9
20 0 0 3.5
20 500 1750 1.3
20 1000 2400 3.2
20 1500 4000 0.9
21 0 0 3.5
21 500 1750 1.3
21 1000 2400 3.2
21 1500 4000 0.9
22 0 0 3.5
22 500 1750 1.3
22 1000 2400 3.2
22 1500 4000 0.9
23 0 0 3.5
23 500 1750 1.3
23 1000 2400 3.2
23 1500 4000 0.9
24 0 0 3.5
24 500 1750 1.3
24 1000 2400 3.2
24 1500 4000 0.9
25 0 0 3.5
25 500 1750 1.3
25 1000 2400 3.2
25 1500 4000 0.9
26 0 0 3.5
26 500 1750 1.3
26 1000 2400 3.2
26 1500 4000 0.9
27 0 0 3.5
27 500 1750 1.3
27 1000 2400 3.2
27 1500 4000 0.9
28 0 0 3.5
28 500 1750 1.3
28 1000 2400 3.2
28 1500 4000 0.9
29 0 0 3.5
29 500 1750 1.3
29 1000 2400 3.2
29 1500 4000 0.9
30 0 0 3.5
30 500 1750 1.3
30 1000 2400 3.2
30 1500 4000 0.9
31 0 0 3.5
31 500 1750 1.3
31 1000 2400 3.2
31 1500 4000 0.9
32 0 0 3.5
32 500 1750 1.3
32 1000 2400 3.2
32 1500 4000 0.9
33 0 0 3.5
33 500 1750 1.3
33 1000 2400 3.2
33 1500 4000 0.9
34 0 0 3.5
34 500 1750 1.3
34 1000 2400 3.2
34 1500 4000 0.9
35 0 0 3.5
35 500 1750 1.3
35 1000 2400 3.2
35 1500 4000 0.9
36 0 0 3.5
36 500 1750 1.3
36 1000 2400 3.2
36 1500 4000 0.9
37 0 0 3.5
37 500 1750 1.3
37 1000 2400 3.2
37 1500 4000 0.9
38 0 0 3.5
38 500 1750 1.3
38 1000 2400 3.2
38 1500 4000 0.9
39 0 0 3.5
39 500 1750 1.3
39 1000 2400 3.2
39 1500 4000 0.9
40 0 0 3.5
40 500 1750 1.3
40 1000 2400 3.2
40 1500 4000 0.9
41 0 0 3.5
41 500 1750 1.3
41 1000 2400 3.2
41 1500 4000 0.9
42 0 0 3.5
42 500 1750 1.3
42 1000 2400 3.2
42 1500 4000 0.9
43 0 0 3.5
43 500 1750 1.3
43 1000 2400 3.2
43 1500 4000 0.9
44 0 0 3.5
44 500 1750 1.3
44 1000 2400 3.2
44 1500 4000 0.9
45 0 0 3.5
45 500 1750 1.3
45 1000 2400 3.2
45 1500 4000 0.9
46 0 0 3.5
46 500 1750 1.3
46 1000 2400 3.2
46 1500 4000 0.9
47 0 0 3.5
47 500 1750 1.3
47 1000 2400 3.2
47 1500 4000 0.9
48 0 0 3.5
48 500 1750 1.3
48 1000 2400 3.2
48 1500 4000 0.9
49 0 0 3.5
49 500 1750 1.3
49 1000 2400 3.2
49 1500 4000 0.9
50 0 0 3.5
50 500 1750 1.3
50 1000 2400 3.2
50 1500 4000 0.9
51 0 0 3.5
51 500 1750 1.3
51 1000 2400 3.2
51 1500 4000 0.9
52 0 0 3.5
52 500 1750 1.3
52 1000 2400 3.2
52 1500 4000 0.9
53 0 0 3.5
53 500 1750 1.3
53 1000 2400 3.2
53 1500 4000 0.9
54 0 0 3.5
54 500 1750 1.3
54 1000 2400 3.2
54 1500 4000 0.9
55 0 0 3.5
55 500 1750 1.3
55 1000 2400 3.2
55 1500 4000 0.9
56 0 0 3.5
56 500 1750 1.3
56 1000 2400 3.2
56 1500 4000 0.9
57 0 0 3.5
57 500 1750 1.3
57 1000 2400 3.2
57 1500 4000 0.9
58 0 0 3.5
58 500 1750 1.3
58 1000 2400 3.2
58 1500 4000 0.9
59 0 0 3.5
59 500 1750 1.3
59 1000 2400 3.2
59 1500 4000 0.9
60 0 0 3.5
60 500 1750 1.3
60 1000 2400 3.2
60 1500 4000 0.9
61 0 0 3.5
61 500 1750 1.3
61 1000 2400 3.2
61 1500 4000 0.9
62 0 0 3.5
62 500 1750 1.3
62 1000 2400 3.2
62 1500 4000 0.9
63 0 0 3.5
63 500 1750 1.3
63 1000 2400 3.2
63 1500 4000 0.9
64 0 0 3.5
64 500 1750 1.3
64 1000 2400 3.2
64 1500 4000 0.9
65 0 0 3.5
65 500 1750 1.3
65 1000 2400 3.2
65 1500 4000 0.9
66 0 0 3.5
66 500 1750 1.3
66 1000 2400 3.2
66 1500 4000 0.9
67 0 0 3.5
67 500 1750 1.3
67 1000 2400 3.2
67 1500 4000 0.9
68 0 0 3.5
68 500 1750 1.3
68 1000 2400 3.2
68 1500 4000 0.9
69 0 0 3.5
69 500 1750 1.3
69 1000 2400 3.2
69 1500 4000 0.9
70 0 0 3.5
70 500 1750 1.3
70 1000 2400 3.2
70 1500 4000 0.9
71 0 0 3.5
71 500 1750 1.3
71 1000 2400 3.2
71 1500 4000 0.9
72 0 0 3.5
72 500 1750 1.3
72 1000 2400 3.2
72 1500 4000 0.9
73 0 0 3.5
73 500 1750 1.3
73 1000 2400 3.2
73 1500 4000 0.9
74 0 0 3.5
74 500 1750 1.3
74 1000 2400 3.2
74 1500 4000 0.9
75 0 0 3.5
75 500 1750 1.3
75 1000 2400 3.2
75 1500 4000 0.9
76 0 0 3.5
76 500 1750 1.3
76 1000 2400 3.2
76 1500 4000 0.9
77 0 0 3.5
77 500 1750 1.3
77 1000 2400 3.2
77 1500 4000 0.9
78 0 0 3.5
78 500 1750 1.3
78 1000 2400 3.2
78 1500 4000 0.9
79 0 0 3.5
79 500 1750 1.3
79 1000 2400 3.2
79 1500 4000 0.9
80 0 0 3.5
80 500 1750 1.3
80 1000 2400 3.2
80 1500 4000 0.9
81 0 0 3.5
81 500 1750 1.3
81 1000 2400 3.2
81 1500 4000 0.9
82 0 0 3.5
82 500 1750 1.3
82 1000 2400 3.2
82 1500 4000 0.9
83 0 0 3.5
83 500 1750 1.3
83 1000 2400 3.2
83 1500 4000 0.9
84 0 0 3.5
84 500 1750 1.3
84 1000 2400 3.2
84 1500 4000 0.9
85 0 0 3.5
85 500 1750 1.3
85 1000 2400 3.2
85 1500 4000 0.9
86 0 0 3.5
86 500 1750 1.3
86 1000 2400 3.2
86 1500 4000 0.9
87 0 0 3.5
87 500 1750 1.3
87 1000 2400 3.2
87 1500 4000 0.9
88 0 0 3.5
88 500 1750 1.3
88 1000 2400 3.2
88 1500 4000 0.9
89 0 0 3.5
89 500 1750 1.3
89 1000 2400 3.2
89 1500 4000 0.9
90 0 0 3.5
90 500 1750 1.3
90 1000 2400 3.2
90 1500 4000 0.9
91 0 0 3.5
91 500 1750 1.3
91 1000 2400 3.2
91 1500 4000 0.9
92 0 0 3.5
92 500 1750 1.3
92 1000 2400 3.2
92 1500 4000 0.9
93 0 0 3.5
93 500 1750 1.3
93 1000 2400 3.2
93 1500 4000 0.9
94 0 0 3.5
94 500 1750 1.3
94 1000 2400 3.2
94 1500 4000 0.9
95 0 0 3.5
95 500 1750 1.3
95 1000 2400 3.2
95 1500 4000 0.9
96 0 0 3.5
96 500 1750 1.3
96 1000 2400 3.2
96 1500 4000 0.9
97 0 0 3.5
97 500 1750 1.3
97 1000 2400 3.2
97 1500 4000 0.9
98 0 0 3.5
98 500 1750 1.3
98 1000 2400 3.2
98 1500 4000 0.9
99 0 0 3.5
99 500 1750 1.3
99 1000 2400 3.2
99 1500 4000 0.9
100 0 0 3.5
100 500 1750 1.3
100 1000 2400 3.2
100 1500 4000 0.9
101 0 0 3.5
101 500 1750 1.3
101 1000 2400 3.2
101 1500 4000 0.9
102 0 0 3.5
102 500 1750 1.3
102 1000 2400 3.2
102 1500 4000 0.9
103 0 0 3.5
103 500 1750 1.3
103 1000 2400 3.2
103 1500 4000 0.9
104 0 0 3.5
104 500 1750 1.3
104 1000 2400 3.2
104 1500 4000 0.9
105 0 0 3.5
105 500 1750 1.3
105 1000 2400 3.2
105 1500 4000 0.9
106 0 0 3.5
106 500 1750 1.3
106 1000 2400 3.2
106 1500 4000 0.9
107 0 0 3.5
107 500 1750 1.3
107 1000 2400 3.2
107 1500 4000 0.9
108 0 0 3.5
108 500 1750 1.3
108 1000 2400 3.2
108 1500 4000 0.9
109 0 0 3.5
109 500 1750 1.3
109 1000 2400 3.2
109 1500 4000 0.9
110 0 0 3.5
110 500 1750 1.3
110 1000 2400 3.2
110 1500 4000 0.9
111 0 0 3.5
111 500 1750 1.3
111 1000 2400 3.2
111 1500 4000 0.9
112 0 0 3.5
112 500 1750 1.3
112 1000 2400 3.2
112 1500 4000 0.9
113 0 0 3.5
113 500 1750 1.3
113 1000 2400 3.2
113 1500 4000 0.9
114 0 0 3.5
114 500 1750 1.3
114 1000 2400 3.2
114 1500 4000 0.9
115 0 0 3.5
115 500 1750 1.3
115 1000 2400 3.2
115 1500 4000 0.9
116 0 0 3.5
116 500 1750 1.3
116 1000 2400 3.2
116 1500 4000 0.9
117 0 0 3.5
117 500 1750 1.3
117 1000 2400 3.2
117 1500 4000 0.9
118 0 0 3.5
118 500 1750 1.3
118 1000 2400 3.2
118 1500 4000 0.9
119 0 0 3.5
119 500 1750 1.3
119 1000 2400 3.2
119 1500 4000 0.9
120 0 0 3.5
120 500 1750 1.3
120 1000 2400 3.2
120 1500 4000 0.9
121 0 0 3.5
121 500 1750 1.3
121 1000 2400 3.2
121 1500 4000 0.9
122 0 0 3.5
122 500 1750 1.3
122 1000 2400 3.2
122 1500 4000 0.9
123 0 0 3.5
123 500 1750 1.3
123 1000 2400 3.2
123 1500 4000 0.9
124 0 0 3.5
124 500 1750 1.3
124 1000 2400 3.2
124 1500 4000 0.9
125 0 0 3.5
125 500 1750 1.3
125 1000 2400 3.2
125 1500 4000 0.9
126 0 0 3.5
126 500 1750 1.3
126 1000 2400 3.2
126 1500 4000 0.9
127 0 0 3.5
127 500 1750 1.3
127 1000 2400 3.2
127 1500 4000 0.9
128 0 0 3.5
128 500 1750 1.3
128 1000 2400 3.2
128 1500 4000 0.9
129 0 0 3.5
129 500 1750 1.3
129 1000 2400 3.2
129 1500 4000 0.9
130 0 0 3.5
130 500 1750 1.3
130 1000 2400 3.2
130 1500 4000 0.9
131 0 0 3.5
131 500 1750 1.3
131 1000 2400 3.2
131 1500 4000 0.9
132 0 0 3.5
132 500 1750 1.3
132 1000 2400 3.2
132 1500 4000 0.9
133 0 0 3.5
133 500 1750 1.3
133 1000 2400 3.2
133 1500 4000 0.9
134 0 0 3.5
134 500 1750 1.3
134 1000 2400 3.2
134 1500 4000 0.9
135 0 0 3.5
135 500 1750 1.3
135 1000 2400 3.2
135 1500 4000 0.9
136 0 0 3.5
136 500 1750 1.3
136 1000 2400 3.2
136 1500 4000 0.9
137 0 0 3.5
137 500 1750 1.3
137 1000 2400 3.2
137 1500 4000 0.9
138 0 0 3.5
138 500 1750 1.3
138 1000 2400 3.2
138 1500 4000 0.9
139 0 0 3.5
139 500 1750 1.3
139 1000 2400 3.2
139 1500 4000 0.9
140 0 0 3.5
140 500 1750 1.3
140 1000 2400 3.2
140 1500 4000 0.9
141 0 0 3.5
141 500 1750 1.3
141 1000 2400 3.2
141 1500 4000 0.9
142 0 0 3.5
142 500 1750 1.3
142 1000 2400 3.2
142 1500 4000 0.9
143 0 0 3.5
143 500 1750 1.3
143 1000 2400 3.2
143 1500 4000 0.9
144 0 0 3.5
144 500 1750 1.3
144 1000 2400 3.2
144 1500 4000 0.9
145 0 0 3.5
145 500 1750 1.3
145 1000 2400 3.2
145 1500 4000 0.9
146 0 0 3.5
146 500 1750 1.3
146 1000 2400 3.2
146 1500 4000 0.9
147 0 0 3.5
147 500 1750 1.3
147 1000 2400 3.2
147 1500 4000 0.9
148 0 0 3.5
148 500 1750 1.3
148 1000 2400 3.2
148 1500 4000 0.9
149 0 0 3.5
149 500 1750 1.3
149 1000 2400 3.2
149 1500 4000 0.9
150 0 0 3.5
150 500 1750 1.3
150 1000 2400 3.2
150 1500 4000 0.9
151 0 0 3.5
151 500 1750 1.3
151 1000 2400 3.2
151 1500 4000 0.9
152 0 0 3.5
152 500 1750 1.3
152 1000 2400 3.2
152 1500 4000 0.9
153 0 0 3.5
153 500 1750 1.3
153 1000 2400 3.2
153 1500 4000 0.9
154 0 0 3.5
154 500 1750 1.3
154 1000 2400 3.2
154 1500 4000 0.9
155 0 0 3.5
155 500 1750 1.3
155 1000 2400 3.2
155 1500 4000 0.9
156 0 0 3.5
156 500 1750 1.3
156 1000 2400 3.2
156 1500 4000 0.9
157 0 0 3.5
157 500 1750 1.3
157 1000 2400 3.2
157 1500 4000 0.9
158 0 0 3.5
158 500 1750 1.3
158 1000 2400 3.2
158 1500 4000 0.9
159 0 0 3.5
159 500 1750 1.3
159 1000 2400 3.2
159 1500 4000 0.9
160 0 0 3.5
160 500 1750 1.3
160 1000 2400 3.2
160 1500 4000 0.9
161 0 0 3.5
161 500 1750 1.3
161 1000 2400 3.2
161 1500 4000 0.9
162 0 0 3.5
162 500 1750 1.3
162 1000 2400 3.2
162 1500 4000 0.9
163 0 0 3.5
163 500 1750 1.3
163 1000 2400 3.2
163 1500 4000 0.9
164 0 0 3.5
164 500 1750 1.3
164 1000 2400 3.2
164 1500 4000 0.9
165 0 0 3.5
165 500 1750 1.3
165 1000 2400 3.2
165 1500 4000 0.9
166 0 0 3.5
166 500 1750 1.3
166 1000 2400 3.2
166 1500 4000 0.9
167 0 0 3.5
167 500 1750 1.3
167 1000 2400 3.2
167 1500 4000 0.9
168 0 0 3.5
168 500 1750 1.3
168 1000 2400 3.2
168 1500 4000 0.9
169 0 0 3.5
169 500 1750 1.3
169 1000 2400 3.2
169 1500 4000 0.9
170 0 0 3.5
170 500 1750 1.3
170 1000 2400 3.2
170 1500 4000 0.9
171 0 0 3.5
171 500 1750 1.3
171 1000 2400 3.2
171 1500 4000 0.9
172 0 0 3.5
172 500 1750 1.3
172 1000 2400 3.2
172 1500 4000 0.9
173 0 0 3.5
173 500 1750 1.3
173 1000 2400 3.2
173 1500 4000 0.9
174 0 0 3.5
174 500 1750 1.3
174 1000 2400 3.2
174 1500 4000 0.9
175 0 0 3.5
175 500 1750 1.3
175 1000 2400 3.2
175 1500 4000 0.9
176 0 0 3.5
176 500 1750 1.3
176 1000 2400 3.2
176 1500 4000 0.9
177 0 0 3.5
177 500 1750 1.3
177 1000 2400 3.2
177 1500 4000 0.9
178 0 0 3.5
178 500 1750 1.3
178 1000 2400 3.2
178 1500 4000 0.9
179 0 0 3.5
179 500 1750 1.3
179 1000 2400 3.2
179 1500 4000 0.9
180 0 0 3.5
180 500 1750 1.3
180 1000 2400 3.2
180 1500 4000 0.9
181 0 0 3.5
181 500 1750 1.3
181 1000 2400 3.2
181 1500 4000 0.9
182 0 0 3.5
182 500 1750 1.3
182 1000 2400 3.2
182 1500 4000 0.9
183 0 0 3.5
183 500 1750 1.3
183 1000 2400 3.2
183 1500 4000 0.9
184 0 0 3.5
184 500 1750 1.3
184 1000 2400 3.2
184 1500 4000 0.9
185 0 0 3.5
185 500 1750 1.3
185 1000 2400 3.2
185 1500 4000 0.9
186 0 0 3.5
186 500 1750 1.3
186 1000 2400 3.2
186 1500 4000 0.9
187 0 0 3.5
187 500 1750 1.3
187 1000 2400 3.2
187 1500 4000 0.9
188 0 0 3.5
188 500 1750 1.3
188 1000 2400 3.2
188 1500 4000 0.9
189 0 0 3.5
189 500 1750 1.3
189 1000 2400 3.2
189 1500 4000 0.9
190 0 0 3.5
190 500 1750 1.3
190 1000 2400 3.2
190 1500 4000 0.9
191 0 0 3.5
191 500 1750 1.3
191 1000 2400 3.2
191 1500 4000 0.9
192 0 0 3.5
192 500 1750 1.3
192 1000 2400 3.2
192 1500 4000 0.9
193 0 0 3.5
193 500 1750 1.3
193 1000 2400 3.2
193 1500 4000 0.9
194 0 0 3.5
194 500 1750 1.3
194 1000 2400 3.2
194 1500 4000 0.9
195 0 0 3.5
195 500 1750 1.3
195 1000 2400 3.2
195 1500 4000 0.9
196 0 0 3.5
196 500 1750 1.3
196 1000 2400 3.2
196 1500 4000 0.9
197 0 0 3.5
197 500 1750 1.3
197 1000 2400 3.2
197 1500 4000 0.9
198 0 0 3.5
198 500 1750 1.3
198 1000 2400 3.2
198 1500 4000 0.9
199 0 0 3.5
199 500 1750 1.3
199 1000 2400 3.2
199 1500 4000 0.9
200 0 0 3.5
200 500 1750 1.3
200 1000 2400 3.2
200 1500 4000 0.9
201 0 0 3.5
201 500 1750 1.3
201 1000 2400 3.2
201 1500 4000 0.9
202 0 0 3.5
202 500 1750 1.3
202 1000 2400 3.2
202 1500 4000 0.9
203 0 0 3.5
203 500 1750 1.3
203 1000 2400 3.2
203 1500 4000 0.9
204 0 0 3.5
204 500 1750 1.3
204 1000 2400 3.2
204 1500 4000 0.9
205 0 0 3.5
205 500 1750 1.3
205 1000 2400 3.2
205 1500 4000 0.9
206 0 0 3.5
206 500 1750 1.3
206 1000 2400 3.2
206 1500 4000 0.9
207 0 0 3.5
207 500 1750 1.3
207 1000 2400 3.2
207 1500 4000 0.9
208 0 0 3.5
208 500 1750 1.3
208 1000 2400 3.2
208 1500 4000 0.9
209 0 0 3.5
209 500 1750 1.3
209 1000 2400 3.2
209 1500 4000 0.9
210 0 0 3.5
210 500 1750 1.3
210 1000 2400 3.2
210 1500 4000 0.9
211 0 0 3.5
211 500 1750 1.3
211 1000 2400 3.2
211 1500 4000 0.9
212 0 0 3.5
212 500 1750 1.3
212 1000 2400 3.2
212 1500 4000 0.9
213 0 0 3.5
213 500 1750 1.3
213 1000 2400 3.2
213 1500 4000 0.9
214 0 0 3.5
214 500 1750 1.3
214 1000 2400 3.2
214 1500 4000 0.9
215 0 0 3.5
215 500 1750 1.3
215 1000 2400 3.2
215 1500 4000 0.9
216 0 0 3.5
216 500 1750 1.3
216 1000 2400 3.2
216 1500 4000 0.9
217 0 0 3.5
217 500 1750 1.3
217 1000 2400 3.2
217 1500 4000 0.9
218 0 0 3.5
218 500 1750 1.3
218 1000 2400 3.2
218 1500 4000 0.9
219 0 0 3.5
219 500 1750 1.3
219 1000 2400 3.2
219 1500 4000 0.9
220 0 0 3.5
220 500 1750 1.3
220 1000 2400 3.2
220 1500 4000 0.9
221 0 0 3.5
221 500 1750 1.3
221 1000 2400 3.2
221 1500 4000 0.9
222 0 0 3.5
222 500 1750 1.3
222 1000 2400 3.2
222 1500 4000 0.9
223 0 0 3.5
223 500 1750 1.3
223 1000 2400 3.2
223 1500 4000 0.9
224 0 0 3.5
224 500 1750 1.3
224 1000 2400 3.2
224 1500 4000 0.9
225 0 0 3.5
225 500 1750 1.3
225 1000 2400 3.2
225 1500 4000 0.9
226 0 0 3.5
226 500 1750 1.3
226 1000 2400 3.2
226 1500 4000 0.9
227 0 0 3.5
227 500 1750 1.3
227 1000 2400 3.2
227 1500 4000 0.9
228 0 0 3.5
228 500 1750 1.3
228 1000 2400 3.2
228 1500 4000 0.9
229 0 0 3.5
229 500 1750 1.3
229 1000 2400 3.2
229 1500 4000 0.9
230 0 0 3.5
230 500 1750 1.3
230 1000 2400 3.2
230 1500 4000 0.9
231 0 0 3.5
231 500 1750 1.3
231 1000 2400 3.2
231 1500 4000 0.9
232 0 0 3.5
232 500 1750 1.3
232 1000 2400 3.2
232 1500 4000 0.9
233 0 0 3.5
233 500 1750 1.3
233 1000 2400 3.2
233 1500 4000 0.9
234 0 0 3.5
234 500 1750 1.3
234 1000 2400 3.2
234 1500 4000 0.9
235 0 0 3.5
235 500 1750 1.3
235 1000 2400 3.2
235 1500 4000 0.9
236 0 0 3.5
236 500 1750 1.3
236 1000 2400 3.2
236 1500 4000 0.9
237 0 0 3.5
237 500 1750 1.3
237 1000 2400 3.2
237 1500 4000 0.9
238 0 0 3.5
238 500 1750 1.3
238 1000 2400 3.2
238 1500 4000 0.9
239 0 0 3.5
239 500 1750 1.3
239 1000 2400 3.2
239 1500 4000 0.9
240 0 0 3.5
240 500 1750 1.3
240 1000 2400 3.2
240 1500 4000 0.9
241 0 0 3.5
241 500 1750 1.3
241 1000 2400 3.2
241 1500 4000 0.9
242 0 0 3.5
242 500 1750 1.3
242 1000 2400 3.2
242 1500 4000 0.9
243 0 0 3.5
243 500 1750 1.3
243 1000 2400 3.2
243 1500 4000 0.9
244 0 0 3.5
244 500 1750 1.3
244 1000 2400 3.2
244 1500 4000 0.9
245 0 0 3.5
245 500 1750 1.3
245 1000 2400 3.2
245 1500 4000 0.9
246 0 0 3.5
246 500 1750 1.3
246 1000 2400 3.2
246 1500 4000 0.9
247 0 0 3.5
247 500 1750 1.3
247 1000 2400 3.2
247 1500 4000 0.9
248 0 0 3.5
248 500 1750 1.3
248 1000 2400 3.2
248 1500 4000 0.9
249 0 0 3.5
249 500 1750 1.3
249 1000 2400 3.2
249 1500 4000 0.9
250 0 0 3.5
250 500 1750 1.3
250 1000 2400 3.2
250 1500 4000 0.9
251 0 0 3.5
251 500 1750 1.3
251 1000 2400 3.2
251 1500 4000 0.9
252 0 0 3.5
252 500 1750 1.3
252 1000 2400 3.2
252 1500 4000 0.9
253 0 0 3.5
253 500 1750 1.3
253 1000 2400 3.2
253 1500 4000 0.9
254 0 0 3.5
254 500 1750 1.3
254 1000 2400 3.2
254 1500 4000 0.9
255 0 0 3.5
255 500 1750 1.3
255 1000 2400 3.2
255 1500 4000 0.9
256 0 0 3.5
256 500 1750 1.3
256 1000 2400 3.2
256 1500 4000 0.9
257 0 0 3.5
257 500 1750 1.3
257 1000 2400 3.2
257 1500 4000 0.9
258 0 0 3.5
258 500 1750 1.3
258 1000 2400 3.2
258 1500 4000 0.9
259 0 0 3.5
259 500 1750 1.3
259 1000 2400 3.2
259 1500 4000 0.9
260 0 0 3.5
260 500 1750 1.3
260 1000 2400 3.2
260 1500 4000 0.9
261 0 0 3.5
261 500 1750 1.3
261 1000 2400 3.2
261 1500 4000 0.9
262 0 0 3.5
262 500 1750 1.3
262 1000 2400 3.2
262 1500 4000 0.9
263 0 0 3.5
263 500 1750 1.3
263 1000 2400 3.2
263 1500 4000 0.9
264 0 0 3.5
264 500 1750 1.3
264 1000 2400 3.2
264 1500 4000 0.9
265 0 0 3.5
265 500 1750 1.3
265 1000 2400 3.2
265 1500 4000 0.9
266 0 0 3.5
266 500 1750 1.3
266 1000 2400 3.2
266 1500 4000 0.9
267 0 0 3.5
267 500 1750 1.3
267 1000 2400 3.2
267 1500 4000 0.9
268 0 0 3.5
268 500 1750 1.3
268 1000 2400 3.2
268 1500 4000 0.9
269 0 0 3.5
269 500 1750 1.3
269 1000 2400 3.2
269 1500 4000 0.9
270 0 0 3.5
270 500 1750 1.3
270 1000 2400 3.2
270 1500 4000 0.9
271 0 0 3.5
271 500 1750 1.3
271 1000 2400 3.2
271 1500 4000 0.9
272 0 0 3.5
272 500 1750 1.3
272 1000 2400 3.2
272 1500 4000 0.9
273 0 0 3.5
273 500 1750 1.3
273 1000 2400 3.2
273 1500 4000 0.9
274 0 0 3.5
274 500 1750 1.3
274 1000 2400 3.2
274 1500 4000 0.9
275 0 0 3.5
275 500 1750 1.3
275 1000 2400 3.2
275 1500 4000 0.9
276 0 0 3.5
276 500 1750 1.3
276 1000 2400 3.2
276 1500 4000 0.9
277 0 0 3.5
277 500 1750 1.3
277 1000 2400 3.2
277 1500 4000 0.9
278 0 0 3.5
278 500 1750 1.3
278 1000 2400 3.2
278 1500 4000 0.9
279 0 0 3.5
279 500 1750 1.3
279 1000 2400 3.2
279 1500 4000 0.9
280 0 0 3.5
280 500 1750 1.3
280 1000 2400 3.2
280 1500 4000 0.9
281 0 0 3.5
281 500 1750 1.3
281 1000 2400 3.2
281 1500 4000 0.9
282 0 0 3.5
282 500 1750 1.3
282 1000 2400 3.2
282 1500 4000 0.9
283 0 0 3.5
283 500 1750 1.3
283 1000 2400 3.2
283 1500 4000 0.9
284 0 0 3.5
284 500 1750 1.3
284 1000 2400 3.2
284 1500 4000 0.9
285 0 0 3.5
285 500 1750 1.3
285 1000 2400 3.2
285 1500 4000 0.9
286 0 0 3.5
286 500 1750 1.3
286 1000 2400 3.2
286 1500 4000 0.9
287 0 0 3.5
287 500 1750 1.3
287 1000 2400 3.2
287 1500 4000 0.9
288 0 0 3.5
288 500 1750 1.3
288 1000 2400 3.2
288 1500 4000 0.9
289 0 0 3.5
289 500 1750 1.3
289 1000 2400 3.2
289 1500 4000 0.9
290 0 0 3.5
290 500 1750 1.3
290 1000 2400 3.2
290 1500 4000 0.9
291 0 0 3.5
291 500 1750 1.3
291 1000 2400 3.2
291 1500 4000 0.9
292 0 0 3.5
292 500 1750 1.3
292 1000 2400 3.2
292 1500 4000 0.9
293 0 0 3.5
293 500 1750 1.3
293 1000 2400 3.2
293 1500 4000 0.9
294 0 0 3.5
294 500 1750 1.3
294 1000 2400 3.2
294 1500 4000 0.9
295 0 0 3.5
295 500 1750 1.3
295 1000 2400 3.2
295 1500 4000 0.9
296 0 0 3.5
296 500 1750 1.3
296 1000 2400 3.2
296 1500 4000 0.9
297 0 0 3.5
297 500 1750 1.3
297 1000 2400 3.2
297 1500 4000 0.9
298 0 0 3.5
298 500 1750 1.3
298 1000 2400 3.2
298 1500 4000 0.9
299 0 0 3.5
299 500 1750 1.3
299 1000 2400 3.2
299 1500 4000 0.9
300 0 0 3.5
300 500 1750 1.3
300 1000 2400 3.2
300 1500 4000 0.9
301 0 0 3.5
301 500 1750 1.3
301 1000 2400 3.2
301 1500 4000 0.9
302 0 0 3.5
302 500 1750 1.3
302 1000 2400 3.2
302 1500 4000 0.9
303 0 0 3.5
303 500 1750 1.3
303 1000 2400 3.2
303 1500 4000 0.9
304 0 0 3.5
304 500 1750 1.3
304 1000 2400 3.2
304 1500 4000 0.9
305 0 0 3.5
305 500 1750 1.3
305 1000 2400 3.2
305 1500 4000 0.9
306 0 0 3.5
306 500 1750 1.3
306 1000 2400 3.2
306 1500 4000 0.9
307 0 0 3.5
307 500 1750 1.3
307 1000 2400 3.2
307 1500 4000 0.9
308 0 0 3.5
308 500 1750 1.3
308 1000 2400 3.2
308 1500 4000 0.9
309 0 0 3.5
309 500 1750 1.3
309 1000 2400 3.2
309 1500 4000 0.9
310 0 0 3.5
310 500 1750 1.3
310 1000 2400 3.2
310 1500 4000 0.9
311 0 0 3.5
311 500 1750 1.3
311 1000 2400 3.2
311 1500 4000 0.9
312 0 0 3.5
312 500 1750 1.3
312 1000 2400 3.2
312 1500 4000 0.9
313 0 0 3.5
313 500 1750 1.3
313 1000 2400 3.2
313 1500 4000 0.9
314 0 0 3.5
314 500 1750 1.3
314 1000 2400 3.2
314 1500 4000 0.9
315 0 0 3.5
315 500 1750 1.3
315 1000 2400 3.2
315 1500 4000 0.9
316 0 0 3.5
316 500 1750 1.3
316 1000 2400 3.2
316 1500 4000 0.9
317 0 0 3.5
317 500 1750 1.3
317 1000 2400 3.2
317 1500 4000 0.9
318 0 0 3.5
318 500 1750 1.3
318 1000 2400 3.2
318 1500 4000 0.9
319 0 0 3.5
319 500 1750 1.3
319 1000 2400 3.2
319 1500 4000 0.9
320 0 0 3.5
320 500 1750 1.3
320 1000 2400 3.2
320 1500 4000 0.9
321 0 0 3.5
321 500 1750 1.3
321 1000 2400 3.2
321 1500 4000 0.9
322 0 0 3.5
322 500 1750 1.3
322 1000 2400 3.2
322 1500 4000 0.9
323 0 0 3.5
323 500 1750 1.3
323 1000 2400 3.2
323 1500 4000 0.9
324 0 0 3.5
324 500 1750 1.3
324 1000 2400 3.2
324 1500 4000 0.9
325 0 0 3.5
325 500 1750 1.3
325 1000 2400 3.2
325 1500 4000 0.9
326 0 0 3.5
326 500 1750 1.3
326 1000 2400 3.2
326 1500 4000 0.9
327 0 0 3.5
327 500 1750 1.3
327 1000 2400 3.2
327 1500 4000 0.9
328 0 0 3.5
328 500 1750 1.3
328 1000 2400 3.2
328 1500 4000 0.9
329 0 0 3.5
329 500 1750 1.3
329 1000 2400 3.2
329 1500 4000 0.9
330 0 0 3.5
330 500 1750 1.3
330 1000 2400 3.2
330 1500 4000 0.9
331 0 0 3.5
331 500 1750 1.3
331 1000 2400 3.2
331 1500 4000 0.9
332 0 0 3.5
332 500 1750 1.3
332 1000 2400 3.2
332 1500 4000 0.9
333 0 0 3.5
333 500 1750 1.3
333 1000 2400 3.2
333 1500 4000 0.9
334 0 0 3.5
334 500 1750 1.3
334 1000 2400 3.2
334 1500 4000 0.9
335 0 0 3.5
335 500 1750 1.3
335 1000 2400 3.2
335 1500 4000 0.9
336 0 0 3.5
336 500 1750 1.3
336 1000 2400 3.2
336 1500 4000 0.9
337 0 0 3.5
337 500 1750 1.3
337 1000 2400 3.2
337 1500 4000 0.9
338 0 0 3.5
338 500 1750 1.3
338 1000 2400 3.2
338 1500 4000 0.9
339 0 0 3.5
339 500 1750 1.3
339 1000 2400 3.2
339 1500 4000 0.9
340 0 0 3.5
340 500 1750 1.3
340 1000 2400 3.2
340 1500 4000 0.9
341 0 0 3.5
341 500 1750 1.3
341 1000 2400 3.2
341 1500 4000 0.9
342 0 0 3.5
342 500 1750 1.3
342 1000 2400 3.2
342 1500 4000 0.9
343 0 0 3.5
343 500 1750 1.3
343 1000 2400 3.2
343 1500 4000 0.9
344 0 0 3.5
344 500 1750 1.3
344 1000 2400 3.2
344 1500 4000 0.9
345 0 0 3.5
345 500 1750 1.3
345 1000 2400 3.2
345 1500 4000 0.9
346 0 0 3.5
346 500 1750 1.3
346 1000 2400 3.2
346 1500 4000 0.9
347 0 0 3.5
347 500 1750 1.3
347 1000 2400 3.2
347 1500 4000 0.9
348 0 0 3.5
348 500 1750 1.3
348 1000 2400 3.2
348 1500 4000 0.9
349 0 0 3.5
349 500 1750 1.3
349 1000 2400 3.2
349 1500 4000 0.9
350 0 0 3.5
350 500 1750 1.3
350 1000 2400 3.2
350 1500 4000 0.9
351 0 0 3.5
351 500 1750 1.3
351 1000 2400 3.2
351 1500 4000 0.9
352 0 0 3.5
352 500 1750 1.3
352 1000 2400 3.2
352 1500 4000 0.9
353 0 0 3.5
353 500 1750 1.3
353 1000 2400 3.2
353 1500 4000 0.9
354 0 0 3.5
354 500 1750 1.3
354 1000 2400 3.2
354 1500 4000 0.9
355 0 0 3.5
355 500 1750 1.3
355 1000 2400 3.2
355 1500 4000 0.9
356 0 0 3.5
356 500 1750 1.3
356 1000 2400 3.2
356 1500 4000 0.9
357 0 0 3.5
357 500 1750 1.3
357 1000 2400 3.2
357 1500 4000 0.9
358 0 0 3.5
358 500 1750 1.3
358 1000 2400 3.2
358 1500 4000 0.9
359 0 0 3.5
359 500 1750 1.3
359 1000 2400 3.2
359 1500 4000 0.9
360 0 0 3.5
360 500 1750 1.3
360 1000 2400 3.2
360 1500 4000 0.9
361 0 0 3.5
361 500 1750 1.3
361 1000 2400 3.2
361 1500 4000 0.9
362 0 0 3.5
362 500 1750 1.3
362 1000 2400 3.2
362 1500 4000 0.9
363 0 0 3.5
363 500 1750 1.3
363 1000 2400 3.2
363 1500 4000 0.9
364 0 0 3.5
364 500 1750 1.3
364 1000 2400 3.2
364 1500 4000 0.9
365 0 0 3.5
365 500 1750 1.3
365 1000 2400 3.2
365 1500 4000 0.9
366 0 0 3.5
366 500 1750 1.3
366 1000 2400 3.2
366 1500 4000 0.9
367 0 0 3.5
367 500 1750 1.3
367 1000 2400 3.2
367 1500 4000 0.9
368 0 0 3.5
368 500 1750 1.3
368 1000 2400 3.2
368 1500 4000 0.9
369 0 0 3.5
369 500 1750 1.3
369 1000 2400 3.2
369 1500 4000 0.9
370 0 0 3.5
370 500 1750 1.3
370 1000 2400 3.2
370 1500 4000 0.9
371 0 0 3.5
371 500 1750 1.3
371 1000 2400 3.2
371 1500 4000 0.9
372 0 0 3.5
372 500 1750 1.3
372 1000 2400 3.2
372 1500 4000 0.9
373 0 0 3.5
373 500 1750 1.3
373 1000 2400 3.2
373 1500 4000 0.9
374 0 0 3.5
374 500 1750 1.3
374 1000 2400 3.2
374 1500 4000 0.9
375 0 0 3.5
375 500 1750 1.3
375 1000 2400 3.2
375 1500 4000 0.9
376 0 0 3.5
376 500 1750 1.3
376 1000 2400 3.2
376 1500 4000 0.9
377 0 0 3.5
377 500 1750 1.3
377 1000 2400 3.2
377 1500 4000 0.9
378 0 0 3.5
378 500 1750 1.3
378 1000 2400 3.2
378 1500 4000 0.9
379 0 0 3.5
379 500 1750 1.3
379 1000 2400 3.2
379 1500 4000 0.9
380 0 0 3.5
380 500 1750 1.3
380 1000 2400 3.2
380 1500 4000 0.9
381 0 0 3.5
381 500 1750 1.3
381 1000 2400 3.2
381 1500 4000 0.9
382 0 0 3.5
382 500 1750 1.3
382 1000 2400 3.2
382 1500 4000 0.9
383 0 0 3.5
383 500 1750 1.3
383 1000 2400 3.2
383 1500 4000 0.9
384 0 0 3.5
384 500 1750 1.3
384 1000 2400 3.2
384 1500 4000 0.9
385 0 0 3.5
385 500 1750 1.3
385 1000 2400 3.2
385 1500 4000 0.9
386 0 0 3.5
386 500 1750 1.3
386 1000 2400 3.2
386 1500 4000 0.9
387 0 0 3.5
387 500 1750 1.3
387 1000 2400 3.2
387 1500 4000 0.9
388 0 0 3.5
388 500 1750 1.3
388 1000 2400 3.2
388 1500 4000 0.9
389 0 0 3.5
389 500 1750 1.3
389 1000 2400 3.2
389 1500 4000 0.9
390 0 0 3.5
390 500 1750 1.3
390 1000 2400 3.2
390 1500 4000 0.9
391 0 0 3.5
391 500 1750 1.3
391 1000 2400 3.2
391 1500 4000 0.9
392 0 0 3.5
392 500 1750 1.3
392 1000 2400 3.2
392 1500 4000 0.9
393 0 0 3.5
393 500 1750 1.3
393 1000 2400 3.2
393 1500 4000 0.9
394 0 0 3.5
394 500 1750 1.3
394 1000 2400 3.2
394 1500 4000 0.9
395 0 0 3.5
395 500 1750 1.3
395 1000 2400 3.2
395 1500 4000 0.9
396 0 0 3.5
396 500 1750 1.3
396 1000 2400 3.2
396 1500 4000 0.9
397 0 0 3.5
397 500 1750 1.3
397 1000 2400 3.2
397 1500 4000 0.9
398 0 0 3.5
398 500 1750 1.3
398 1000 2400 3.2
398 1500 4000 0.9
399 0 0 3.5
399 500 1750 1.3
399 1000 2400 3.2
399 1500 4000 0.9
400 0 0 3.5
400 500 1750 1.3
400 1000 2400 3.2
400 1500 4000 0.9
401 0 0 3.5
401 500 1750 1.3
401 1000 2400 3.2
401 1500 4000 0.9
402 0 0 3.5
402 500 1750 1.3
402 1000 2400 3.2
402 1500 4000 0.9
403 0 0 3.5
403 500 1750 1.3
403 1000 2400 3.2
403 1500 4000 0.9
404 0 0 3.5
404 500 1750 1.3
404 1000 2400 3.2
404 1500 4000 0.9
405 0 0 3.5
405 500 1750 1.3
405 1000 2400 3.2
405 1500 4000 0.9
406 0 0 3.5
406 500 1750 1.3
406 1000 2400 3.2
406 1500 4000 0.9
407 0 0 3.5
407 500 1750 1.3
407 1000 2400 3.2
407 1500 4000 0.9
408 0 0 3.5
408 500 1750 1.3
408 1000 2400 3.2
408 1500 4000 0.9
409 0 0 3.5
409 500 1750 1.3
409 1000 2400 3.2
409 1500 4000 0.9
410 0 0 3.5
410 500 1750 1.3
410 1000 2400 3.2
410 1500 4000 0.9
411 0 0 3.5
411 500 1750 1.3
411 1000 2400 3.2
411 1500 4000 0.9
412 0 0 3.5
412 500 1750 1.3
412 1000 2400 3.2
412 1500 4000 0.9
413 0 0 3.5
413 500 1750 1.3
413 1000 2400 3.2
413 1500 4000 0.9
414 0 0 3.5
414 500 1750 1.3
414 1000 2400 3.2
414 1500 4000 0.9
415 0 0 3.5
415 500 1750 1.3
415 1000 2400 3.2
415 1500 4000 0.9
416 0 0 3.5
416 500 1750 1.3
416 1000 2400 3.2
416 1500 4000 0.9
417 0 0 3.5
417 500 1750 1.3
417 1000 2400 3.2
417 1500 4000 0.9
418 0 0 3.5
418 500 1750 1.3
418 1000 2400 3.2
418 1500 4000 0.9
419 0 0 3.5
419 500 1750 1.3
419 1000 2400 3.2
419 1500 4000 0.9
420 0 0 3.5
420 500 1750 1.3
420 1000 2400 3.2
420 1500 4000 0.9
421 0 0 3.5
421 500 1750 1.3
421 1000 2400 3.2
421 1500 4000 0.9
422 0 0 3.5
422 500 1750 1.3
422 1000 2400 3.2
422 1500 4000 0.9
423 0 0 3.5
423 500 1750 1.3
423 1000 2400 3.2
423 1500 4000 0.9
424 0 0 3.5
424 500 1750 1.3
424 1000 2400 3.2
424 1500 4000 0.9
425 0 0 3.5
425 500 1750 1.3
425 1000 2400 3.2
425 1500 4000 0.9
426 0 0 3.5
426 500 1750 1.3
426 1000 2400 3.2
426 1500 4000 0.9
427 0 0 3.5
427 500 1750 1.3
427 1000 2400 3.2
427 1500 4000 0.9
428 0 0 3.5
428 500 1750 1.3
428 1000 2400 3.2
428 1500 4000 0.9
429 0 0 3.5
429 500 1750 1.3
429 1000 2400 3.2
429 1500 4000 0.9
430 0 0 3.5
430 500 1750 1.3
430 1000 2400 3.2
430 1500 4000 0.9
431 0 0 3.5
431 500 1750 1.3
431 1000 2400 3.2
431 1500 4000 0.9
432 0 0 3.5
432 500 1750 1.3
432 1000 2400 3.2
432 1500 4000 0.9
433 0 0 3.5
433 500 1750 1.3
433 1000 2400 3.2
433 1500 4000 0.9
434 0 0 3.5
434 500 1750 1.3
434 1000 2400 3.2
434 1500 4000 0.9
435 0 0 3.5
435 500 1750 1.3
435 1000 2400 3.2
435 1500 4000 0.9
436 0 0 3.5
436 500 1750 1.3
436 1000 2400 3.2
436 1500 4000 0.9
437 0 0 3.5
437 500 1750 1.3
437 1000 2400 3.2
437 1500 4000 0.9
438 0 0 3.5
438 500 1750 1.3
438 1000 2400 3.2
438 1500 4000 0.9
439 0 0 3.5
439 500 1750 1.3
439 1000 2400 3.2
439 1500 4000 0.9
440 0 0 3.5
440 500 1750 1.3
440 1000 2400 3.2
440 1500 4000 0.9
441 0 0 3.5
441 500 1750 1.3
441 1000 2400 3.2
441 1500 4000 0.9
442 0 0 3.5
442 500 1750 1.3
442 1000 2400 3.2
442 1500 4000 0.9
443 0 0 3.5
443 500 1750 1.3
443 1000 2400 3.2
443 1500 4000 0.9
444 0 0 3.5
444 500 1750 1.3
444 1000 2400 3.2
444 1500 4000 0.9
445 0 0 3.5
445 500 1750 1.3
445 1000 2400 3.2
445 1500 4000 0.9
446 0 0 3.5
446 500 1750 1.3
446 1000 2400 3.2
446 1500 4000 0.9
447 0 0 3.5
447 500 1750 1.3
447 1000 2400 3.2
447 1500 4000 0.9
448 0 0 3.5
448 500 1750 1.3
448 1000 2400 3.2
448 1500 4000 0.9
449 0 0 3.5
449 500 1750 1.3
449 1000 2400 3.2
449 1500 4000 0.9
450 0 0 3.5
450 500 1750 1.3
450 1000 2400 3.2
450 1500 4000 0.9
451 0 0 3.5
451 500 1750 1.3
451 1000 2400 3.2
451 1500 4000 0.9
452 0 0 3.5
452 500 1750 1.3
452 1000 2400 3.2
452 1500 4000 0.9
453 0 0 3.5
453 500 1750 1.3
453 1000 2400 3.2
453 1500 4000 0.9
454 0 0 3.5
454 500 1750 1.3
454 1000 2400 3.2
454 1500 4000 0.9
455 0 0 3.5
455 500 1750 1.3
455 1000 2400 3.2
455 1500 4000 0.9
456 0 0 3.5
456 500 1750 1.3
456 1000 2400 3.2
456 1500 4000 0.9
457 0 0 3.5
457 500 1750 1.3
457 1000 2400 3.2
457 1500 4000 0.9
458 0 0 3.5
458 500 1750 1.3
458 1000 2400 3.2
458 1500 4000 0.9
459 0 0 3.5
459 500 1750 1.3
459 1000 2400 3.2
459 1500 4000 0.9
460 0 0 3.5
460 500 1750 1.3
460 1000 2400 3.2
460 1500 4000 0.9
461 0 0 3.5
461 500 1750 1.3
461 1000 2400 3.2
461 1500 4000 0.9
462 0 0 3.5
462 500 1750 1.3
462 1000 2400 3.2
462 1500 4000 0.9
463 0 0 3.5
463 500 1750 1.3
463 1000 2400 3.2
463 1500 4000 0.9
464 0 0 3.5
464 500 1750 1.3
464 1000 2400 3.2
464 1500 4000 0.9
465 0 0 3.5
465 500 1750 1.3
465 1000 2400 3.2
465 1500 4000 0.9
466 0 0 3.5
466 500 1750 1.3
466 1000 2400 3.2
466 1500 4000 0.9
467 0 0 3.5
467 500 1750 1.3
467 1000 2400 3.2
467 1500 4000 0.9
468 0 0 3.5
468 500 1750 1.3
468 1000 2400 3.2
468 1500 4000 0.9
469 0 0 3.5
469 500 1750 1.3
469 1000 2400 3.2
469 1500 4000 0.9
470 0 0 3.5
470 500 1750 1.3
470 1000 2400 3.2
470 1500 4000 0.9
471 0 0 3.5
471 500 1750 1.3
471 1000 2400 3.2
471 1500 4000 0.9
472 0 0 3.5
472 500 1750 1.3
472 1000 2400 3.2
472 1500 4000 0.9
473 0 0 3.5
473 500 1750 1.3
473 1000 2400 3.2
473 1500 4000 0.9
474 0 0 3.5
474 500 1750 1.3
474 1000 2400 3.2
474 1500 4000 0.9
475 0 0 3.5
475 500 1750 1.3
475 1000 2400 3.2
475 1500 4000 0.9
476 0 0 3.5
476 500 1750 1.3
476 1000 2400 3.2
476 1500 4000 0.9
477 0 0 3.5
477 500 1750 1.3
477 1000 2400 3.2
477 1500 4000 0.9
478 0 0 3.5
478 500 1750 1.3
478 1000 2400 3.2
478 1500 4000 0.9
479 0 0 3.5
479 500 1750 1.3
479 1000 2400 3.2
479 1500 4000 0.9
480 0 0 3.5
480 500 1750 1.3
480 1000 2400 3.2
480 1500 4000 0.9
481 0 0 3.5
481 500 1750 1.3
481 1000 2400 3.2
481 1500 4000 0.9
482 0 0 3.5
482 500 1750 1.3
482 1000 2400 3.2
482 1500 4000 0.9
483 0 0 3.5
483 500 1750 1.3
483 1000 2400 3.2
483 1500 4000 0.9
484 0 0 3.5
484 500 1750 1.3
484 1000 2400 3.2
484 1500 4000 0.9
485 0 0 3.5
485 500 1750 1.3
485 1000 2400 3.2
485 1500 4000 0.9
486 0 0 3.5
486 500 1750 1.3
486 1000 2400 3.2
486 1500 4000 0.9
487 0 0 3.5
487 500 1750 1.3
487 1000 2400 3.2
487 1500 4000 0.9
488 0 0 3.5
488 500 1750 1.3
488 1000 2400 3.2
488 1500 4000 0.9
489 0 0 3.5
489 500 1750 1.3
489 1000 2400 3.2
489 1500 4000 0.9
490 0 0 3.5
490 500 1750 1.3
490 1000 2400 3.2
490 1500 4000 0.9
491 0 0 3.5
491 500 1750 1.3
491 1000 2400 3.2
491 1500 4000 0.9
492 0 0 3.5
492 500 1750 1.3
492 1000 2400 3.2
492 1500 4000 0.9
493 0 0 3.5
493 500 1750 1.3
493 1000 2400 3.2
493 1500 4000 0.9
494 0 0 3.5
494 500 1750 1.3
494 1000 2400 3.2
494 1500 4000 0.9
495 0 0 3.5
495 500 1750 1.3
495 1000 2400 3.2
495 1500 4000 0.9
496 0 0 3.5
496 500 1750 1.3
496 1000 2400 3.2
496 1500 4000 0.9
497 0 0 3.5
497 500 1750 1.3
497 1000 2400 3.2
497 1500 4000 0.9
498 0 0 3.5
498 500 1750 1.3
498 1000 2400 3.2
498 1500 4000 0.9
499 0 0 3.5
499 500 1750 1.3
499 1000 2400 3.2
499 1500 4000 0.9
