100 4
0 0 0 1
0 500 500 2.1
0 1000 1550 1
0 1500 2050 4.1
1 0 0 1
1 500 500 2.1
1 1000 1550 1
1 1500 2050 4.1
2 0 0 1
2 500 500 2.1
2 1000 1550 1
2 1500 2050 4.1
3 0 0 1
3 500 500 2.1
3 1000 1550 1
3 1500 2050 4.1
4 0 0 1
4 500 500 2.1
4 1000 1550 1
4 1500 2050 4.1
5 0 0 1
5 500 500 2.1
5 1000 1550 1
5 1500 2050 4.1
6 0 0 1
6 500 500 2.1
6 1000 1550 1
6 1500 2050 4.1
7 0 0 1
7 500 500 2.1
7 1000 1550 1
7 1500 2050 4.1
8 0 0 1
8 500 500 2.1
8 1000 1550 1
8 1500 2050 4.1
9 0 0 1
9 500 500 2.1
9 1000 1550 1
9 1500 2050 4.1
10 0 0 1
10 500 500 2.1
10 1000 1550 1
10 1500 2050 4.1
11 0 0 1
11 500 500 2.1
11 1000 1550 1
11 1500 2050 4.1
12 0 0 1
12 500 500 2.1
12 1000 1550 1
12 1500 2050 4.1
13 0 0 1
13 500 500 2.1
13 1000 1550 1
13 1500 2050 4.1
14 0 0 1
14 500 500 2.1
14 1000 1550 1
14 1500 2050 4.1
15 0 0 1
15 500 500 2.1
15 1000 1550 1
15 1500 2050 4.1
16 0 0 1
16 500 500 2.1
16 1000 1550 1
16 1500 2050 4.1
17 0 0 1
17 500 500 2.1
17 1000 1550 1
17 1500 2050 4.1
18 0 0 1
18 500 500 2.1
18 1000 1550 1
18 1500 2050 4.1
19 0 0 1
19 500 500 2.1
19 1000 1550 1
19 1500 2050 4.1
20 0 0 1
20 500 500 2.1
20 1000 1550 1
20 1500 2050 4.1
21 0 0 1
21 500 500 2.1
21 1000 1550 1
21 1500 2050 4.1
22 0 0 1
22 500 500 2.1
22 1000 1550 1
22 1500 2050 4.1
23 0 0 1
23 500 500 2.1
23 1000 1550 1
23 1500 2050 4.1
24 0 0 1
24 500 500 2.1
24 1000 1550 1
24 1500 2050 4.1
25 0 0 1
25 500 500 2.1
25 1000 1550 1
25 1500 2050 4.1
26 0 0 1
26 500 500 2.1
26 1000 1550 1
26 1500 2050 4.1
27 0 0 1
27 500 500 2.1
27 1000 1550 1
27 1500 2050 4.1
28 0 0 1
28 500 500 2.1
28 1000 1550 1
28 1500 2050 4.1
29 0 0 1
29 500 500 2.1
29 1000 1550 1
29 1500 2050 4.1
30 0 0 1
30 500 500 2.1
30 1000 1550 1
30 1500 2050 4.1
31 0 0 1
31 500 500 2.1
31 1000 1550 1
31 1500 2050 4.1
32 0 0 1
32 500 500 2.1
32 1000 1550 1
32 1500 2050 4.1
33 0 0 1
33 500 500 2.1
33 1000 1550 1
33 1500 2050 4.1
34 0 0 1
34 500 500 2.1
34 1000 1550 1
34 1500 2050 4.1
35 0 0 1
35 500 500 2.1
35 1000 1550 1
35 1500 2050 4.1
36 0 0 1
36 500 500 2.1
36 1000 1550 1
36 1500 2050 4.1
37 0 0 1
37 500 500 2.1
37 1000 1550 1
37 1500 2050 4.1
38 0 0 1
38 500 500 2.1
38 1000 1550 1
38 1500 2050 4.1
39 0 0 1
39 500 500 2.1
39 1000 1550 1
39 1500 2050 4.1
40 0 0 1
40 500 500 2.1
40 1000 1550 1
40 1500 2050 4.1
41 0 0 1
41 500 500 2.1
41 1000 1550 1
41 1500 2050 4.1
42 0 0 1
42 500 500 2.1
42 1000 1550 1
42 1500 2050 4.1
43 0 0 1
43 500 500 2.1
43 1000 1550 1
43 1500 2050 4.1
44 0 0 1
44 500 500 2.1
44 1000 1550 1
44 1500 2050 4.1
45 0 0 1
45 500 500 2.1
45 1000 1550 1
45 1500 2050 4.1
46 0 0 1
46 500 500 2.1
46 1000 1550 1
46 1500 2050 4.1
47 0 0 1
47 500 500 2.1
47 1000 1550 1
47 1500 2050 4.1
48 0 0 1
48 500 500 2.1
48 1000 1550 1
48 1500 2050 4.1
49 0 0 1
49 500 500 2.1
49 1000 1550 1
49 1500 2050 4.1
50 0 0 1
50 500 500 2.1
50 1000 1550 1
50 1500 2050 4.1
51 0 0 1
51 500 500 2.1
51 1000 1550 1
51 1500 2050 4.1
52 0 0 1
52 500 500 2.1
52 1000 1550 1
52 1500 2050 4.1
53 0 0 1
53 500 500 2.1
53 1000 1550 1
53 1500 2050 4.1
54 0 0 1
54 500 500 2.1
54 1000 1550 1
54 1500 2050 4.1
55 0 0 1
55 500 500 2.1
55 1000 1550 1
55 1500 2050 4.1
56 0 0 1
56 500 500 2.1
56 1000 1550 1
56 1500 2050 4.1
57 0 0 1
57 500 500 2.1
57 1000 1550 1
57 1500 2050 4.1
58 0 0 1
58 500 500 2.1
58 1000 1550 1
58 1500 2050 4.1
59 0 0 1
59 500 500 2.1
59 1000 1550 1
59 1500 2050 4.1
60 0 0 1
60 500 500 2.1
60 1000 1550 1
60 1500 2050 4.1
61 0 0 1
61 500 500 2.1
61 1000 1550 1
61 1500 2050 4.1
62 0 0 1
62 500 500 2.1
62 1000 1550 1
62 1500 2050 4.1
63 0 0 1
63 500 500 2.1
63 1000 1550 1
63 1500 2050 4.1
64 0 0 1
64 500 500 2.1
64 1000 1550 1
64 1500 2050 4.1
65 0 0 1
65 500 500 2.1
65 1000 1550 1
65 1500 2050 4.1
66 0 0 1
66 500 500 2.1
66 1000 1550 1
66 1500 2050 4.1
67 0 0 1
67 500 500 2.1
67 1000 1550 1
67 1500 2050 4.1
68 0 0 1
68 500 500 2.1
68 1000 1550 1
68 1500 2050 4.1
69 0 0 1
69 500 500 2.1
69 1000 1550 1
69 1500 2050 4.1
70 0 0 1
70 500 500 2.1
70 1000 1550 1
70 1500 2050 4.1
71 0 0 1
71 500 500 2.1
71 1000 1550 1
71 1500 2050 4.1
72 0 0 1
72 500 500 2.1
72 1000 1550 1
72 1500 2050 4.1
73 0 0 1
73 500 500 2.1
73 1000 1550 1
73 1500 2050 4.1
74 0 0 1
74 500 500 2.1
74 1000 1550 1
74 1500 2050 4.1
75 0 0 1
75 500 500 2.1
75 1000 1550 1
75 1500 2050 4.1
76 0 0 1
76 500 500 2.1
76 1000 1550 1
76 1500 2050 4.1
77 0 0 1
77 500 500 2.1
77 1000 1550 1
77 1500 2050 4.1
78 0 0 1
78 500 500 2.1
78 1000 1550 1
78 1500 2050 4.1
79 0 0 1
79 500 500 2.1
79 1000 1550 1
79 1500 2050 4.1
80 0 0 1
80 500 500 2.1
80 1000 1550 1
80 1500 2050 4.1
81 0 0 1
81 500 500 2.1
81 1000 1550 1
81 1500 2050 4.1
82 0 0 1
82 500 500 2.1
82 1000 1550 1
82 1500 2050 4.1
83 0 0 1
83 500 500 2.1
83 1000 1550 1
83 1500 2050 4.1
84 0 0 1
84 500 500 2.1
84 1000 1550 1
84 1500 2050 4.1
85 0 0 1
85 500 500 2.1
85 1000 1550 1
85 1500 2050 4.1
86 0 0 1
86 500 500 2.1
86 1000 1550 1
86 1500 2050 4.1
87 0 0 1
87 500 500 2.1
87 1000 1550 1
87 1500 2050 4.1
88 0 0 1
88 500 500 2.1
88 1000 1550 1
88 1500 2050 4.1
89 0 0 1
89 500 500 2.1
89 1000 1550 1
89 1500 2050 4.1
90 0 0 1
90 500 500 2.1
90 1000 1550 1
90 1500 2050 4.1
91 0 0 1
91 500 500 2.1
91 1000 1550 1
91 1500 2050 4.1
92 0 0 1
92 500 500 2.1
92 1000 1550 1
92 1500 2050 4.1
93 0 0 1
93 500 500 2.1
93 1000 1550 1
93 1500 2050 4.1
94 0 0 1
94 500 500 2.1
94 1000 1550 1
94 1500 2050 4.1
95 0 0 1
95 500 500 2.1
95 1000 1550 1
95 1500 2050 4.1
96 0 0 1
96 500 500 2.1
96 1000 1550 1
96 1500 2050 4.1
97 0 0 1
97 500 500 2.1
97 1000 1550 1
97 1500 2050 4.1
98 0 0 1
98 500 500 2.1
98 1000 1550 1
98 1500 2050 4.1
99 0 0 1
99 500 500 2.1
99 1000 1550 1
99 1500 2050 4.1
