1000 4
0 0 0 3.9
0 25 97.5 3.4
0 50 182.5 3.3
0 75 265 2.8
1 0 0 3.9
1 25 97.5 3.4
1 50 182.5 3.3
1 75 265 2.8
2 0 0 3.9
2 25 97.5 3.4
2 50 182.5 3.3
2 75 265 2.8
3 0 0 3.9
3 25 97.5 3.4
3 50 182.5 3.3
3 75 265 2.8
4 0 0 3.9
4 25 97.5 3.4
4 50 182.5 3.3
4 75 265 2.8
5 0 0 3.9
5 25 97.5 3.4
5 50 182.5 3.3
5 75 265 2.8
6 0 0 3.9
6 25 97.5 3.4
6 50 182.5 3.3
6 75 265 2.8
7 0 0 3.9
7 25 97.5 3.4
7 50 182.5 3.3
7 75 265 2.8
8 0 0 3.9
8 25 97.5 3.4
8 50 182.5 3.3
8 75 265 2.8
9 0 0 3.9
9 25 97.5 3.4
9 50 182.5 3.3
9 75 265 2.8
10 0 0 3.9
10 25 97.5 3.4
10 50 182.5 3.3
10 75 265 2.8
11 0 0 3.9
11 25 97.5 3.4
11 50 182.5 3.3
11 75 265 2.8
12 0 0 3.9
12 25 97.5 3.4
12 50 182.5 3.3
12 75 265 2.8
13 0 0 3.9
13 25 97.5 3.4
13 50 182.5 3.3
13 75 265 2.8
14 0 0 3.9
14 25 97.5 3.4
14 50 182.5 3.3
14 75 265 2.8
15 0 0 3.9
15 25 97.5 3.4
15 50 182.5 3.3
15 75 265 2.8
16 0 0 3.9
16 25 97.5 3.4
16 50 182.5 3.3
16 75 265 2.8
17 0 0 3.9
17 25 97.5 3.4
17 50 182.5 3.3
17 75 265 2.8
18 0 0 3.9
18 25 97.5 3.4
18 50 182.5 3.3
18 75 265 2.8
19 0 0 3.9
19 25 97.5 3.4
19 50 182.5 3.3
19 75 265 2.8
20 0 0 3.9
20 25 97.5 3.4
20 50 182.5 3.3
20 75 265 2.8
21 0 0 3.9
21 25 97.5 3.4
21 50 182.5 3.3
21 75 265 2.8
22 0 0 3.9
22 25 97.5 3.4
22 50 182.5 3.3
22 75 265 2.8
23 0 0 3.9
23 25 97.5 3.4
23 50 182.5 3.3
23 75 265 2.8
24 0 0 3.9
24 25 97.5 3.4
24 50 182.5 3.3
24 75 265 2.8
25 0 0 3.9
25 25 97.5 3.4
25 50 182.5 3.3
25 75 265 2.8
26 0 0 3.9
26 25 97.5 3.4
26 50 182.5 3.3
26 75 265 2.8
27 0 0 3.9
27 25 97.5 3.4
27 50 182.5 3.3
27 75 265 2.8
28 0 0 3.9
28 25 97.5 3.4
28 50 182.5 3.3
28 75 265 2.8
29 0 0 3.9
29 25 97.5 3.4
29 50 182.5 3.3
29 75 265 2.8
30 0 0 3.9
30 25 97.5 3.4
30 50 182.5 3.3
30 75 265 2.8
31 0 0 3.9
31 25 97.5 3.4
31 50 182.5 3.3
31 75 265 2.8
32 0 0 3.9
32 25 97.5 3.4
32 50 182.5 3.3
32 75 265 2.8
33 0 0 3.9
33 25 97.5 3.4
33 50 182.5 3.3
33 75 265 2.8
34 0 0 3.9
34 25 97.5 3.4
34 50 182.5 3.3
34 75 265 2.8
35 0 0 3.9
35 25 97.5 3.4
35 50 182.5 3.3
35 75 265 2.8
36 0 0 3.9
36 25 97.5 3.4
36 50 182.5 3.3
36 75 265 2.8
37 0 0 3.9
37 25 97.5 3.4
37 50 182.5 3.3
37 75 265 2.8
38 0 0 3.9
38 25 97.5 3.4
38 50 182.5 3.3
38 75 265 2.8
39 0 0 3.9
39 25 97.5 3.4
39 50 182.5 3.3
39 75 265 2.8
40 0 0 3.9
40 25 97.5 3.4
40 50 182.5 3.3
40 75 265 2.8
41 0 0 3.9
41 25 97.5 3.4
41 50 182.5 3.3
41 75 265 2.8
42 0 0 3.9
42 25 97.5 3.4
42 50 182.5 3.3
42 75 265 2.8
43 0 0 3.9
43 25 97.5 3.4
43 50 182.5 3.3
43 75 265 2.8
44 0 0 3.9
44 25 97.5 3.4
44 50 182.5 3.3
44 75 265 2.8
45 0 0 3.9
45 25 97.5 3.4
45 50 182.5 3.3
45 75 265 2.8
46 0 0 3.9
46 25 97.5 3.4
46 50 182.5 3.3
46 75 265 2.8
47 0 0 3.9
47 25 97.5 3.4
47 50 182.5 3.3
47 75 265 2.8
48 0 0 3.9
48 25 97.5 3.4
48 50 182.5 3.3
48 75 265 2.8
49 0 0 3.9
49 25 97.5 3.4
49 50 182.5 3.3
49 75 265 2.8
50 0 0 3.9
50 25 97.5 3.4
50 50 182.5 3.3
50 75 265 2.8
51 0 0 3.9
51 25 97.5 3.4
51 50 182.5 3.3
51 75 265 2.8
52 0 0 3.9
52 25 97.5 3.4
52 50 182.5 3.3
52 75 265 2.8
53 0 0 3.9
53 25 97.5 3.4
53 50 182.5 3.3
53 75 265 2.8
54 0 0 3.9
54 25 97.5 3.4
54 50 182.5 3.3
54 75 265 2.8
55 0 0 3.9
55 25 97.5 3.4
55 50 182.5 3.3
55 75 265 2.8
56 0 0 3.9
56 25 97.5 3.4
56 50 182.5 3.3
56 75 265 2.8
57 0 0 3.9
57 25 97.5 3.4
57 50 182.5 3.3
57 75 265 2.8
58 0 0 3.9
58 25 97.5 3.4
58 50 182.5 3.3
58 75 265 2.8
59 0 0 3.9
59 25 97.5 3.4
59 50 182.5 3.3
59 75 265 2.8
60 0 0 3.9
60 25 97.5 3.4
60 50 182.5 3.3
60 75 265 2.8
61 0 0 3.9
61 25 97.5 3.4
61 50 182.5 3.3
61 75 265 2.8
62 0 0 3.9
62 25 97.5 3.4
62 50 182.5 3.3
62 75 265 2.8
63 0 0 3.9
63 25 97.5 3.4
63 50 182.5 3.3
63 75 265 2.8
64 0 0 3.9
64 25 97.5 3.4
64 50 182.5 3.3
64 75 265 2.8
65 0 0 3.9
65 25 97.5 3.4
65 50 182.5 3.3
65 75 265 2.8
66 0 0 3.9
66 25 97.5 3.4
66 50 182.5 3.3
66 75 265 2.8
67 0 0 3.9
67 25 97.5 3.4
67 50 182.5 3.3
67 75 265 2.8
68 0 0 3.9
68 25 97.5 3.4
68 50 182.5 3.3
68 75 265 2.8
69 0 0 3.9
69 25 97.5 3.4
69 50 182.5 3.3
69 75 265 2.8
70 0 0 3.9
70 25 97.5 3.4
70 50 182.5 3.3
70 75 265 2.8
71 0 0 3.9
71 25 97.5 3.4
71 50 182.5 3.3
71 75 265 2.8
72 0 0 3.9
72 25 97.5 3.4
72 50 182.5 3.3
72 75 265 2.8
73 0 0 3.9
73 25 97.5 3.4
73 50 182.5 3.3
73 75 265 2.8
74 0 0 3.9
74 25 97.5 3.4
74 50 182.5 3.3
74 75 265 2.8
75 0 0 3.9
75 25 97.5 3.4
75 50 182.5 3.3
75 75 265 2.8
76 0 0 3.9
76 25 97.5 3.4
76 50 182.5 3.3
76 75 265 2.8
77 0 0 3.9
77 25 97.5 3.4
77 50 182.5 3.3
77 75 265 2.8
78 0 0 3.9
78 25 97.5 3.4
78 50 182.5 3.3
78 75 265 2.8
79 0 0 3.9
79 25 97.5 3.4
79 50 182.5 3.3
79 75 265 2.8
80 0 0 3.9
80 25 97.5 3.4
80 50 182.5 3.3
80 75 265 2.8
81 0 0 3.9
81 25 97.5 3.4
81 50 182.5 3.3
81 75 265 2.8
82 0 0 3.9
82 25 97.5 3.4
82 50 182.5 3.3
82 75 265 2.8
83 0 0 3.9
83 25 97.5 3.4
83 50 182.5 3.3
83 75 265 2.8
84 0 0 3.9
84 25 97.5 3.4
84 50 182.5 3.3
84 75 265 2.8
85 0 0 3.9
85 25 97.5 3.4
85 50 182.5 3.3
85 75 265 2.8
86 0 0 3.9
86 25 97.5 3.4
86 50 182.5 3.3
86 75 265 2.8
87 0 0 3.9
87 25 97.5 3.4
87 50 182.5 3.3
87 75 265 2.8
88 0 0 3.9
88 25 97.5 3.4
88 50 182.5 3.3
88 75 265 2.8
89 0 0 3.9
89 25 97.5 3.4
89 50 182.5 3.3
89 75 265 2.8
90 0 0 3.9
90 25 97.5 3.4
90 50 182.5 3.3
90 75 265 2.8
91 0 0 3.9
91 25 97.5 3.4
91 50 182.5 3.3
91 75 265 2.8
92 0 0 3.9
92 25 97.5 3.4
92 50 182.5 3.3
92 75 265 2.8
93 0 0 3.9
93 25 97.5 3.4
93 50 182.5 3.3
93 75 265 2.8
94 0 0 3.9
94 25 97.5 3.4
94 50 182.5 3.3
94 75 265 2.8
95 0 0 3.9
95 25 97.5 3.4
95 50 182.5 3.3
95 75 265 2.8
96 0 0 3.9
96 25 97.5 3.4
96 50 182.5 3.3
96 75 265 2.8
97 0 0 3.9
97 25 97.5 3.4
97 50 182.5 3.3
97 75 265 2.8
98 0 0 3.9
98 25 97.5 3.4
98 50 182.5 3.3
98 75 265 2.8
99 0 0 3.9
99 25 97.5 3.4
99 50 182.5 3.3
99 75 265 2.8
100 0 0 3.9
100 25 97.5 3.4
100 50 182.5 3.3
100 75 265 2.8
101 0 0 3.9
101 25 97.5 3.4
101 50 182.5 3.3
101 75 265 2.8
102 0 0 3.9
102 25 97.5 3.4
102 50 182.5 3.3
102 75 265 2.8
103 0 0 3.9
103 25 97.5 3.4
103 50 182.5 3.3
103 75 265 2.8
104 0 0 3.9
104 25 97.5 3.4
104 50 182.5 3.3
104 75 265 2.8
105 0 0 3.9
105 25 97.5 3.4
105 50 182.5 3.3
105 75 265 2.8
106 0 0 3.9
106 25 97.5 3.4
106 50 182.5 3.3
106 75 265 2.8
107 0 0 3.9
107 25 97.5 3.4
107 50 182.5 3.3
107 75 265 2.8
108 0 0 3.9
108 25 97.5 3.4
108 50 182.5 3.3
108 75 265 2.8
109 0 0 3.9
109 25 97.5 3.4
109 50 182.5 3.3
109 75 265 2.8
110 0 0 3.9
110 25 97.5 3.4
110 50 182.5 3.3
110 75 265 2.8
111 0 0 3.9
111 25 97.5 3.4
111 50 182.5 3.3
111 75 265 2.8
112 0 0 3.9
112 25 97.5 3.4
112 50 182.5 3.3
112 75 265 2.8
113 0 0 3.9
113 25 97.5 3.4
113 50 182.5 3.3
113 75 265 2.8
114 0 0 3.9
114 25 97.5 3.4
114 50 182.5 3.3
114 75 265 2.8
115 0 0 3.9
115 25 97.5 3.4
115 50 182.5 3.3
115 75 265 2.8
116 0 0 3.9
116 25 97.5 3.4
116 50 182.5 3.3
116 75 265 2.8
117 0 0 3.9
117 25 97.5 3.4
117 50 182.5 3.3
117 75 265 2.8
118 0 0 3.9
118 25 97.5 3.4
118 50 182.5 3.3
118 75 265 2.8
119 0 0 3.9
119 25 97.5 3.4
119 50 182.5 3.3
119 75 265 2.8
120 0 0 3.9
120 25 97.5 3.4
120 50 182.5 3.3
120 75 265 2.8
121 0 0 3.9
121 25 97.5 3.4
121 50 182.5 3.3
121 75 265 2.8
122 0 0 3.9
122 25 97.5 3.4
122 50 182.5 3.3
122 75 265 2.8
123 0 0 3.9
123 25 97.5 3.4
123 50 182.5 3.3
123 75 265 2.8
124 0 0 3.9
124 25 97.5 3.4
124 50 182.5 3.3
124 75 265 2.8
125 0 0 3.9
125 25 97.5 3.4
125 50 182.5 3.3
125 75 265 2.8
126 0 0 3.9
126 25 97.5 3.4
126 50 182.5 3.3
126 75 265 2.8
127 0 0 3.9
127 25 97.5 3.4
127 50 182.5 3.3
127 75 265 2.8
128 0 0 3.9
128 25 97.5 3.4
128 50 182.5 3.3
128 75 265 2.8
129 0 0 3.9
129 25 97.5 3.4
129 50 182.5 3.3
129 75 265 2.8
130 0 0 3.9
130 25 97.5 3.4
130 50 182.5 3.3
130 75 265 2.8
131 0 0 3.9
131 25 97.5 3.4
131 50 182.5 3.3
131 75 265 2.8
132 0 0 3.9
132 25 97.5 3.4
132 50 182.5 3.3
132 75 265 2.8
133 0 0 3.9
133 25 97.5 3.4
133 50 182.5 3.3
133 75 265 2.8
134 0 0 3.9
134 25 97.5 3.4
134 50 182.5 3.3
134 75 265 2.8
135 0 0 3.9
135 25 97.5 3.4
135 50 182.5 3.3
135 75 265 2.8
136 0 0 3.9
136 25 97.5 3.4
136 50 182.5 3.3
136 75 265 2.8
137 0 0 3.9
137 25 97.5 3.4
137 50 182.5 3.3
137 75 265 2.8
138 0 0 3.9
138 25 97.5 3.4
138 50 182.5 3.3
138 75 265 2.8
139 0 0 3.9
139 25 97.5 3.4
139 50 182.5 3.3
139 75 265 2.8
140 0 0 3.9
140 25 97.5 3.4
140 50 182.5 3.3
140 75 265 2.8
141 0 0 3.9
141 25 97.5 3.4
141 50 182.5 3.3
141 75 265 2.8
142 0 0 3.9
142 25 97.5 3.4
142 50 182.5 3.3
142 75 265 2.8
143 0 0 3.9
143 25 97.5 3.4
143 50 182.5 3.3
143 75 265 2.8
144 0 0 3.9
144 25 97.5 3.4
144 50 182.5 3.3
144 75 265 2.8
145 0 0 3.9
145 25 97.5 3.4
145 50 182.5 3.3
145 75 265 2.8
146 0 0 3.9
146 25 97.5 3.4
146 50 182.5 3.3
146 75 265 2.8
147 0 0 3.9
147 25 97.5 3.4
147 50 182.5 3.3
147 75 265 2.8
148 0 0 3.9
148 25 97.5 3.4
148 50 182.5 3.3
148 75 265 2.8
149 0 0 3.9
149 25 97.5 3.4
149 50 182.5 3.3
149 75 265 2.8
150 0 0 3.9
150 25 97.5 3.4
150 50 182.5 3.3
150 75 265 2.8
151 0 0 3.9
151 25 97.5 3.4
151 50 182.5 3.3
151 75 265 2.8
152 0 0 3.9
152 25 97.5 3.4
152 50 182.5 3.3
152 75 265 2.8
153 0 0 3.9
153 25 97.5 3.4
153 50 182.5 3.3
153 75 265 2.8
154 0 0 3.9
154 25 97.5 3.4
154 50 182.5 3.3
154 75 265 2.8
155 0 0 3.9
155 25 97.5 3.4
155 50 182.5 3.3
155 75 265 2.8
156 0 0 3.9
156 25 97.5 3.4
156 50 182.5 3.3
156 75 265 2.8
157 0 0 3.9
157 25 97.5 3.4
157 50 182.5 3.3
157 75 265 2.8
158 0 0 3.9
158 25 97.5 3.4
158 50 182.5 3.3
158 75 265 2.8
159 0 0 3.9
159 25 97.5 3.4
159 50 182.5 3.3
159 75 265 2.8
160 0 0 3.9
160 25 97.5 3.4
160 50 182.5 3.3
160 75 265 2.8
161 0 0 3.9
161 25 97.5 3.4
161 50 182.5 3.3
161 75 265 2.8
162 0 0 3.9
162 25 97.5 3.4
162 50 182.5 3.3
162 75 265 2.8
163 0 0 3.9
163 25 97.5 3.4
163 50 182.5 3.3
163 75 265 2.8
164 0 0 3.9
164 25 97.5 3.4
164 50 182.5 3.3
164 75 265 2.8
165 0 0 3.9
165 25 97.5 3.4
165 50 182.5 3.3
165 75 265 2.8
166 0 0 3.9
166 25 97.5 3.4
166 50 182.5 3.3
166 75 265 2.8
167 0 0 3.9
167 25 97.5 3.4
167 50 182.5 3.3
167 75 265 2.8
168 0 0 3.9
168 25 97.5 3.4
168 50 182.5 3.3
168 75 265 2.8
169 0 0 3.9
169 25 97.5 3.4
169 50 182.5 3.3
169 75 265 2.8
170 0 0 3.9
170 25 97.5 3.4
170 50 182.5 3.3
170 75 265 2.8
171 0 0 3.9
171 25 97.5 3.4
171 50 182.5 3.3
171 75 265 2.8
172 0 0 3.9
172 25 97.5 3.4
172 50 182.5 3.3
172 75 265 2.8
173 0 0 3.9
173 25 97.5 3.4
173 50 182.5 3.3
173 75 265 2.8
174 0 0 3.9
174 25 97.5 3.4
174 50 182.5 3.3
174 75 265 2.8
175 0 0 3.9
175 25 97.5 3.4
175 50 182.5 3.3
175 75 265 2.8
176 0 0 3.9
176 25 97.5 3.4
176 50 182.5 3.3
176 75 265 2.8
177 0 0 3.9
177 25 97.5 3.4
177 50 182.5 3.3
177 75 265 2.8
178 0 0 3.9
178 25 97.5 3.4
178 50 182.5 3.3
178 75 265 2.8
179 0 0 3.9
179 25 97.5 3.4
179 50 182.5 3.3
179 75 265 2.8
180 0 0 3.9
180 25 97.5 3.4
180 50 182.5 3.3
180 75 265 2.8
181 0 0 3.9
181 25 97.5 3.4
181 50 182.5 3.3
181 75 265 2.8
182 0 0 3.9
182 25 97.5 3.4
182 50 182.5 3.3
182 75 265 2.8
183 0 0 3.9
183 25 97.5 3.4
183 50 182.5 3.3
183 75 265 2.8
184 0 0 3.9
184 25 97.5 3.4
184 50 182.5 3.3
184 75 265 2.8
185 0 0 3.9
185 25 97.5 3.4
185 50 182.5 3.3
185 75 265 2.8
186 0 0 3.9
186 25 97.5 3.4
186 50 182.5 3.3
186 75 265 2.8
187 0 0 3.9
187 25 97.5 3.4
187 50 182.5 3.3
187 75 265 2.8
188 0 0 3.9
188 25 97.5 3.4
188 50 182.5 3.3
188 75 265 2.8
189 0 0 3.9
189 25 97.5 3.4
189 50 182.5 3.3
189 75 265 2.8
190 0 0 3.9
190 25 97.5 3.4
190 50 182.5 3.3
190 75 265 2.8
191 0 0 3.9
191 25 97.5 3.4
191 50 182.5 3.3
191 75 265 2.8
192 0 0 3.9
192 25 97.5 3.4
192 50 182.5 3.3
192 75 265 2.8
193 0 0 3.9
193 25 97.5 3.4
193 50 182.5 3.3
193 75 265 2.8
194 0 0 3.9
194 25 97.5 3.4
194 50 182.5 3.3
194 75 265 2.8
195 0 0 3.9
195 25 97.5 3.4
195 50 182.5 3.3
195 75 265 2.8
196 0 0 3.9
196 25 97.5 3.4
196 50 182.5 3.3
196 75 265 2.8
197 0 0 3.9
197 25 97.5 3.4
197 50 182.5 3.3
197 75 265 2.8
198 0 0 3.9
198 25 97.5 3.4
198 50 182.5 3.3
198 75 265 2.8
199 0 0 3.9
199 25 97.5 3.4
199 50 182.5 3.3
199 75 265 2.8
200 0 0 3.9
200 25 97.5 3.4
200 50 182.5 3.3
200 75 265 2.8
201 0 0 3.9
201 25 97.5 3.4
201 50 182.5 3.3
201 75 265 2.8
202 0 0 3.9
202 25 97.5 3.4
202 50 182.5 3.3
202 75 265 2.8
203 0 0 3.9
203 25 97.5 3.4
203 50 182.5 3.3
203 75 265 2.8
204 0 0 3.9
204 25 97.5 3.4
204 50 182.5 3.3
204 75 265 2.8
205 0 0 3.9
205 25 97.5 3.4
205 50 182.5 3.3
205 75 265 2.8
206 0 0 3.9
206 25 97.5 3.4
206 50 182.5 3.3
206 75 265 2.8
207 0 0 3.9
207 25 97.5 3.4
207 50 182.5 3.3
207 75 265 2.8
208 0 0 3.9
208 25 97.5 3.4
208 50 182.5 3.3
208 75 265 2.8
209 0 0 3.9
209 25 97.5 3.4
209 50 182.5 3.3
209 75 265 2.8
210 0 0 3.9
210 25 97.5 3.4
210 50 182.5 3.3
210 75 265 2.8
211 0 0 3.9
211 25 97.5 3.4
211 50 182.5 3.3
211 75 265 2.8
212 0 0 3.9
212 25 97.5 3.4
212 50 182.5 3.3
212 75 265 2.8
213 0 0 3.9
213 25 97.5 3.4
213 50 182.5 3.3
213 75 265 2.8
214 0 0 3.9
214 25 97.5 3.4
214 50 182.5 3.3
214 75 265 2.8
215 0 0 3.9
215 25 97.5 3.4
215 50 182.5 3.3
215 75 265 2.8
216 0 0 3.9
216 25 97.5 3.4
216 50 182.5 3.3
216 75 265 2.8
217 0 0 3.9
217 25 97.5 3.4
217 50 182.5 3.3
217 75 265 2.8
218 0 0 3.9
218 25 97.5 3.4
218 50 182.5 3.3
218 75 265 2.8
219 0 0 3.9
219 25 97.5 3.4
219 50 182.5 3.3
219 75 265 2.8
220 0 0 3.9
220 25 97.5 3.4
220 50 182.5 3.3
220 75 265 2.8
221 0 0 3.9
221 25 97.5 3.4
221 50 182.5 3.3
221 75 265 2.8
222 0 0 3.9
222 25 97.5 3.4
222 50 182.5 3.3
222 75 265 2.8
223 0 0 3.9
223 25 97.5 3.4
223 50 182.5 3.3
223 75 265 2.8
224 0 0 3.9
224 25 97.5 3.4
224 50 182.5 3.3
224 75 265 2.8
225 0 0 3.9
225 25 97.5 3.4
225 50 182.5 3.3
225 75 265 2.8
226 0 0 3.9
226 25 97.5 3.4
226 50 182.5 3.3
226 75 265 2.8
227 0 0 3.9
227 25 97.5 3.4
227 50 182.5 3.3
227 75 265 2.8
228 0 0 3.9
228 25 97.5 3.4
228 50 182.5 3.3
228 75 265 2.8
229 0 0 3.9
229 25 97.5 3.4
229 50 182.5 3.3
229 75 265 2.8
230 0 0 3.9
230 25 97.5 3.4
230 50 182.5 3.3
230 75 265 2.8
231 0 0 3.9
231 25 97.5 3.4
231 50 182.5 3.3
231 75 265 2.8
232 0 0 3.9
232 25 97.5 3.4
232 50 182.5 3.3
232 75 265 2.8
233 0 0 3.9
233 25 97.5 3.4
233 50 182.5 3.3
233 75 265 2.8
234 0 0 3.9
234 25 97.5 3.4
234 50 182.5 3.3
234 75 265 2.8
235 0 0 3.9
235 25 97.5 3.4
235 50 182.5 3.3
235 75 265 2.8
236 0 0 3.9
236 25 97.5 3.4
236 50 182.5 3.3
236 75 265 2.8
237 0 0 3.9
237 25 97.5 3.4
237 50 182.5 3.3
237 75 265 2.8
238 0 0 3.9
238 25 97.5 3.4
238 50 182.5 3.3
238 75 265 2.8
239 0 0 3.9
239 25 97.5 3.4
239 50 182.5 3.3
239 75 265 2.8
240 0 0 3.9
240 25 97.5 3.4
240 50 182.5 3.3
240 75 265 2.8
241 0 0 3.9
241 25 97.5 3.4
241 50 182.5 3.3
241 75 265 2.8
242 0 0 3.9
242 25 97.5 3.4
242 50 182.5 3.3
242 75 265 2.8
243 0 0 3.9
243 25 97.5 3.4
243 50 182.5 3.3
243 75 265 2.8
244 0 0 3.9
244 25 97.5 3.4
244 50 182.5 3.3
244 75 265 2.8
245 0 0 3.9
245 25 97.5 3.4
245 50 182.5 3.3
245 75 265 2.8
246 0 0 3.9
246 25 97.5 3.4
246 50 182.5 3.3
246 75 265 2.8
247 0 0 3.9
247 25 97.5 3.4
247 50 182.5 3.3
247 75 265 2.8
248 0 0 3.9
248 25 97.5 3.4
248 50 182.5 3.3
248 75 265 2.8
249 0 0 3.9
249 25 97.5 3.4
249 50 182.5 3.3
249 75 265 2.8
250 0 0 3.9
250 25 97.5 3.4
250 50 182.5 3.3
250 75 265 2.8
251 0 0 3.9
251 25 97.5 3.4
251 50 182.5 3.3
251 75 265 2.8
252 0 0 3.9
252 25 97.5 3.4
252 50 182.5 3.3
252 75 265 2.8
253 0 0 3.9
253 25 97.5 3.4
253 50 182.5 3.3
253 75 265 2.8
254 0 0 3.9
254 25 97.5 3.4
254 50 182.5 3.3
254 75 265 2.8
255 0 0 3.9
255 25 97.5 3.4
255 50 182.5 3.3
255 75 265 2.8
256 0 0 3.9
256 25 97.5 3.4
256 50 182.5 3.3
256 75 265 2.8
257 0 0 3.9
257 25 97.5 3.4
257 50 182.5 3.3
257 75 265 2.8
258 0 0 3.9
258 25 97.5 3.4
258 50 182.5 3.3
258 75 265 2.8
259 0 0 3.9
259 25 97.5 3.4
259 50 182.5 3.3
259 75 265 2.8
260 0 0 3.9
260 25 97.5 3.4
260 50 182.5 3.3
260 75 265 2.8
261 0 0 3.9
261 25 97.5 3.4
261 50 182.5 3.3
261 75 265 2.8
262 0 0 3.9
262 25 97.5 3.4
262 50 182.5 3.3
262 75 265 2.8
263 0 0 3.9
263 25 97.5 3.4
263 50 182.5 3.3
263 75 265 2.8
264 0 0 3.9
264 25 97.5 3.4
264 50 182.5 3.3
264 75 265 2.8
265 0 0 3.9
265 25 97.5 3.4
265 50 182.5 3.3
265 75 265 2.8
266 0 0 3.9
266 25 97.5 3.4
266 50 182.5 3.3
266 75 265 2.8
267 0 0 3.9
267 25 97.5 3.4
267 50 182.5 3.3
267 75 265 2.8
268 0 0 3.9
268 25 97.5 3.4
268 50 182.5 3.3
268 75 265 2.8
269 0 0 3.9
269 25 97.5 3.4
269 50 182.5 3.3
269 75 265 2.8
270 0 0 3.9
270 25 97.5 3.4
270 50 182.5 3.3
270 75 265 2.8
271 0 0 3.9
271 25 97.5 3.4
271 50 182.5 3.3
271 75 265 2.8
272 0 0 3.9
272 25 97.5 3.4
272 50 182.5 3.3
272 75 265 2.8
273 0 0 3.9
273 25 97.5 3.4
273 50 182.5 3.3
273 75 265 2.8
274 0 0 3.9
274 25 97.5 3.4
274 50 182.5 3.3
274 75 265 2.8
275 0 0 3.9
275 25 97.5 3.4
275 50 182.5 3.3
275 75 265 2.8
276 0 0 3.9
276 25 97.5 3.4
276 50 182.5 3.3
276 75 265 2.8
277 0 0 3.9
277 25 97.5 3.4
277 50 182.5 3.3
277 75 265 2.8
278 0 0 3.9
278 25 97.5 3.4
278 50 182.5 3.3
278 75 265 2.8
279 0 0 3.9
279 25 97.5 3.4
279 50 182.5 3.3
279 75 265 2.8
280 0 0 3.9
280 25 97.5 3.4
280 50 182.5 3.3
280 75 265 2.8
281 0 0 3.9
281 25 97.5 3.4
281 50 182.5 3.3
281 75 265 2.8
282 0 0 3.9
282 25 97.5 3.4
282 50 182.5 3.3
282 75 265 2.8
283 0 0 3.9
283 25 97.5 3.4
283 50 182.5 3.3
283 75 265 2.8
284 0 0 3.9
284 25 97.5 3.4
284 50 182.5 3.3
284 75 265 2.8
285 0 0 3.9
285 25 97.5 3.4
285 50 182.5 3.3
285 75 265 2.8
286 0 0 3.9
286 25 97.5 3.4
286 50 182.5 3.3
286 75 265 2.8
287 0 0 3.9
287 25 97.5 3.4
287 50 182.5 3.3
287 75 265 2.8
288 0 0 3.9
288 25 97.5 3.4
288 50 182.5 3.3
288 75 265 2.8
289 0 0 3.9
289 25 97.5 3.4
289 50 182.5 3.3
289 75 265 2.8
290 0 0 3.9
290 25 97.5 3.4
290 50 182.5 3.3
290 75 265 2.8
291 0 0 3.9
291 25 97.5 3.4
291 50 182.5 3.3
291 75 265 2.8
292 0 0 3.9
292 25 97.5 3.4
292 50 182.5 3.3
292 75 265 2.8
293 0 0 3.9
293 25 97.5 3.4
293 50 182.5 3.3
293 75 265 2.8
294 0 0 3.9
294 25 97.5 3.4
294 50 182.5 3.3
294 75 265 2.8
295 0 0 3.9
295 25 97.5 3.4
295 50 182.5 3.3
295 75 265 2.8
296 0 0 3.9
296 25 97.5 3.4
296 50 182.5 3.3
296 75 265 2.8
297 0 0 3.9
297 25 97.5 3.4
297 50 182.5 3.3
297 75 265 2.8
298 0 0 3.9
298 25 97.5 3.4
298 50 182.5 3.3
298 75 265 2.8
299 0 0 3.9
299 25 97.5 3.4
299 50 182.5 3.3
299 75 265 2.8
300 0 0 3.9
300 25 97.5 3.4
300 50 182.5 3.3
300 75 265 2.8
301 0 0 3.9
301 25 97.5 3.4
301 50 182.5 3.3
301 75 265 2.8
302 0 0 3.9
302 25 97.5 3.4
302 50 182.5 3.3
302 75 265 2.8
303 0 0 3.9
303 25 97.5 3.4
303 50 182.5 3.3
303 75 265 2.8
304 0 0 3.9
304 25 97.5 3.4
304 50 182.5 3.3
304 75 265 2.8
305 0 0 3.9
305 25 97.5 3.4
305 50 182.5 3.3
305 75 265 2.8
306 0 0 3.9
306 25 97.5 3.4
306 50 182.5 3.3
306 75 265 2.8
307 0 0 3.9
307 25 97.5 3.4
307 50 182.5 3.3
307 75 265 2.8
308 0 0 3.9
308 25 97.5 3.4
308 50 182.5 3.3
308 75 265 2.8
309 0 0 3.9
309 25 97.5 3.4
309 50 182.5 3.3
309 75 265 2.8
310 0 0 3.9
310 25 97.5 3.4
310 50 182.5 3.3
310 75 265 2.8
311 0 0 3.9
311 25 97.5 3.4
311 50 182.5 3.3
311 75 265 2.8
312 0 0 3.9
312 25 97.5 3.4
312 50 182.5 3.3
312 75 265 2.8
313 0 0 3.9
313 25 97.5 3.4
313 50 182.5 3.3
313 75 265 2.8
314 0 0 3.9
314 25 97.5 3.4
314 50 182.5 3.3
314 75 265 2.8
315 0 0 3.9
315 25 97.5 3.4
315 50 182.5 3.3
315 75 265 2.8
316 0 0 3.9
316 25 97.5 3.4
316 50 182.5 3.3
316 75 265 2.8
317 0 0 3.9
317 25 97.5 3.4
317 50 182.5 3.3
317 75 265 2.8
318 0 0 3.9
318 25 97.5 3.4
318 50 182.5 3.3
318 75 265 2.8
319 0 0 3.9
319 25 97.5 3.4
319 50 182.5 3.3
319 75 265 2.8
320 0 0 3.9
320 25 97.5 3.4
320 50 182.5 3.3
320 75 265 2.8
321 0 0 3.9
321 25 97.5 3.4
321 50 182.5 3.3
321 75 265 2.8
322 0 0 3.9
322 25 97.5 3.4
322 50 182.5 3.3
322 75 265 2.8
323 0 0 3.9
323 25 97.5 3.4
323 50 182.5 3.3
323 75 265 2.8
324 0 0 3.9
324 25 97.5 3.4
324 50 182.5 3.3
324 75 265 2.8
325 0 0 3.9
325 25 97.5 3.4
325 50 182.5 3.3
325 75 265 2.8
326 0 0 3.9
326 25 97.5 3.4
326 50 182.5 3.3
326 75 265 2.8
327 0 0 3.9
327 25 97.5 3.4
327 50 182.5 3.3
327 75 265 2.8
328 0 0 3.9
328 25 97.5 3.4
328 50 182.5 3.3
328 75 265 2.8
329 0 0 3.9
329 25 97.5 3.4
329 50 182.5 3.3
329 75 265 2.8
330 0 0 3.9
330 25 97.5 3.4
330 50 182.5 3.3
330 75 265 2.8
331 0 0 3.9
331 25 97.5 3.4
331 50 182.5 3.3
331 75 265 2.8
332 0 0 3.9
332 25 97.5 3.4
332 50 182.5 3.3
332 75 265 2.8
333 0 0 3.9
333 25 97.5 3.4
333 50 182.5 3.3
333 75 265 2.8
334 0 0 3.9
334 25 97.5 3.4
334 50 182.5 3.3
334 75 265 2.8
335 0 0 3.9
335 25 97.5 3.4
335 50 182.5 3.3
335 75 265 2.8
336 0 0 3.9
336 25 97.5 3.4
336 50 182.5 3.3
336 75 265 2.8
337 0 0 3.9
337 25 97.5 3.4
337 50 182.5 3.3
337 75 265 2.8
338 0 0 3.9
338 25 97.5 3.4
338 50 182.5 3.3
338 75 265 2.8
339 0 0 3.9
339 25 97.5 3.4
339 50 182.5 3.3
339 75 265 2.8
340 0 0 3.9
340 25 97.5 3.4
340 50 182.5 3.3
340 75 265 2.8
341 0 0 3.9
341 25 97.5 3.4
341 50 182.5 3.3
341 75 265 2.8
342 0 0 3.9
342 25 97.5 3.4
342 50 182.5 3.3
342 75 265 2.8
343 0 0 3.9
343 25 97.5 3.4
343 50 182.5 3.3
343 75 265 2.8
344 0 0 3.9
344 25 97.5 3.4
344 50 182.5 3.3
344 75 265 2.8
345 0 0 3.9
345 25 97.5 3.4
345 50 182.5 3.3
345 75 265 2.8
346 0 0 3.9
346 25 97.5 3.4
346 50 182.5 3.3
346 75 265 2.8
347 0 0 3.9
347 25 97.5 3.4
347 50 182.5 3.3
347 75 265 2.8
348 0 0 3.9
348 25 97.5 3.4
348 50 182.5 3.3
348 75 265 2.8
349 0 0 3.9
349 25 97.5 3.4
349 50 182.5 3.3
349 75 265 2.8
350 0 0 3.9
350 25 97.5 3.4
350 50 182.5 3.3
350 75 265 2.8
351 0 0 3.9
351 25 97.5 3.4
351 50 182.5 3.3
351 75 265 2.8
352 0 0 3.9
352 25 97.5 3.4
352 50 182.5 3.3
352 75 265 2.8
353 0 0 3.9
353 25 97.5 3.4
353 50 182.5 3.3
353 75 265 2.8
354 0 0 3.9
354 25 97.5 3.4
354 50 182.5 3.3
354 75 265 2.8
355 0 0 3.9
355 25 97.5 3.4
355 50 182.5 3.3
355 75 265 2.8
356 0 0 3.9
356 25 97.5 3.4
356 50 182.5 3.3
356 75 265 2.8
357 0 0 3.9
357 25 97.5 3.4
357 50 182.5 3.3
357 75 265 2.8
358 0 0 3.9
358 25 97.5 3.4
358 50 182.5 3.3
358 75 265 2.8
359 0 0 3.9
359 25 97.5 3.4
359 50 182.5 3.3
359 75 265 2.8
360 0 0 3.9
360 25 97.5 3.4
360 50 182.5 3.3
360 75 265 2.8
361 0 0 3.9
361 25 97.5 3.4
361 50 182.5 3.3
361 75 265 2.8
362 0 0 3.9
362 25 97.5 3.4
362 50 182.5 3.3
362 75 265 2.8
363 0 0 3.9
363 25 97.5 3.4
363 50 182.5 3.3
363 75 265 2.8
364 0 0 3.9
364 25 97.5 3.4
364 50 182.5 3.3
364 75 265 2.8
365 0 0 3.9
365 25 97.5 3.4
365 50 182.5 3.3
365 75 265 2.8
366 0 0 3.9
366 25 97.5 3.4
366 50 182.5 3.3
366 75 265 2.8
367 0 0 3.9
367 25 97.5 3.4
367 50 182.5 3.3
367 75 265 2.8
368 0 0 3.9
368 25 97.5 3.4
368 50 182.5 3.3
368 75 265 2.8
369 0 0 3.9
369 25 97.5 3.4
369 50 182.5 3.3
369 75 265 2.8
370 0 0 3.9
370 25 97.5 3.4
370 50 182.5 3.3
370 75 265 2.8
371 0 0 3.9
371 25 97.5 3.4
371 50 182.5 3.3
371 75 265 2.8
372 0 0 3.9
372 25 97.5 3.4
372 50 182.5 3.3
372 75 265 2.8
373 0 0 3.9
373 25 97.5 3.4
373 50 182.5 3.3
373 75 265 2.8
374 0 0 3.9
374 25 97.5 3.4
374 50 182.5 3.3
374 75 265 2.8
375 0 0 3.9
375 25 97.5 3.4
375 50 182.5 3.3
375 75 265 2.8
376 0 0 3.9
376 25 97.5 3.4
376 50 182.5 3.3
376 75 265 2.8
377 0 0 3.9
377 25 97.5 3.4
377 50 182.5 3.3
377 75 265 2.8
378 0 0 3.9
378 25 97.5 3.4
378 50 182.5 3.3
378 75 265 2.8
379 0 0 3.9
379 25 97.5 3.4
379 50 182.5 3.3
379 75 265 2.8
380 0 0 3.9
380 25 97.5 3.4
380 50 182.5 3.3
380 75 265 2.8
381 0 0 3.9
381 25 97.5 3.4
381 50 182.5 3.3
381 75 265 2.8
382 0 0 3.9
382 25 97.5 3.4
382 50 182.5 3.3
382 75 265 2.8
383 0 0 3.9
383 25 97.5 3.4
383 50 182.5 3.3
383 75 265 2.8
384 0 0 3.9
384 25 97.5 3.4
384 50 182.5 3.3
384 75 265 2.8
385 0 0 3.9
385 25 97.5 3.4
385 50 182.5 3.3
385 75 265 2.8
386 0 0 3.9
386 25 97.5 3.4
386 50 182.5 3.3
386 75 265 2.8
387 0 0 3.9
387 25 97.5 3.4
387 50 182.5 3.3
387 75 265 2.8
388 0 0 3.9
388 25 97.5 3.4
388 50 182.5 3.3
388 75 265 2.8
389 0 0 3.9
389 25 97.5 3.4
389 50 182.5 3.3
389 75 265 2.8
390 0 0 3.9
390 25 97.5 3.4
390 50 182.5 3.3
390 75 265 2.8
391 0 0 3.9
391 25 97.5 3.4
391 50 182.5 3.3
391 75 265 2.8
392 0 0 3.9
392 25 97.5 3.4
392 50 182.5 3.3
392 75 265 2.8
393 0 0 3.9
393 25 97.5 3.4
393 50 182.5 3.3
393 75 265 2.8
394 0 0 3.9
394 25 97.5 3.4
394 50 182.5 3.3
394 75 265 2.8
395 0 0 3.9
395 25 97.5 3.4
395 50 182.5 3.3
395 75 265 2.8
396 0 0 3.9
396 25 97.5 3.4
396 50 182.5 3.3
396 75 265 2.8
397 0 0 3.9
397 25 97.5 3.4
397 50 182.5 3.3
397 75 265 2.8
398 0 0 3.9
398 25 97.5 3.4
398 50 182.5 3.3
398 75 265 2.8
399 0 0 3.9
399 25 97.5 3.4
399 50 182.5 3.3
399 75 265 2.8
400 0 0 3.9
400 25 97.5 3.4
400 50 182.5 3.3
400 75 265 2.8
401 0 0 3.9
401 25 97.5 3.4
401 50 182.5 3.3
401 75 265 2.8
402 0 0 3.9
402 25 97.5 3.4
402 50 182.5 3.3
402 75 265 2.8
403 0 0 3.9
403 25 97.5 3.4
403 50 182.5 3.3
403 75 265 2.8
404 0 0 3.9
404 25 97.5 3.4
404 50 182.5 3.3
404 75 265 2.8
405 0 0 3.9
405 25 97.5 3.4
405 50 182.5 3.3
405 75 265 2.8
406 0 0 3.9
406 25 97.5 3.4
406 50 182.5 3.3
406 75 265 2.8
407 0 0 3.9
407 25 97.5 3.4
407 50 182.5 3.3
407 75 265 2.8
408 0 0 3.9
408 25 97.5 3.4
408 50 182.5 3.3
408 75 265 2.8
409 0 0 3.9
409 25 97.5 3.4
409 50 182.5 3.3
409 75 265 2.8
410 0 0 3.9
410 25 97.5 3.4
410 50 182.5 3.3
410 75 265 2.8
411 0 0 3.9
411 25 97.5 3.4
411 50 182.5 3.3
411 75 265 2.8
412 0 0 3.9
412 25 97.5 3.4
412 50 182.5 3.3
412 75 265 2.8
413 0 0 3.9
413 25 97.5 3.4
413 50 182.5 3.3
413 75 265 2.8
414 0 0 3.9
414 25 97.5 3.4
414 50 182.5 3.3
414 75 265 2.8
415 0 0 3.9
415 25 97.5 3.4
415 50 182.5 3.3
415 75 265 2.8
416 0 0 3.9
416 25 97.5 3.4
416 50 182.5 3.3
416 75 265 2.8
417 0 0 3.9
417 25 97.5 3.4
417 50 182.5 3.3
417 75 265 2.8
418 0 0 3.9
418 25 97.5 3.4
418 50 182.5 3.3
418 75 265 2.8
419 0 0 3.9
419 25 97.5 3.4
419 50 182.5 3.3
419 75 265 2.8
420 0 0 3.9
420 25 97.5 3.4
420 50 182.5 3.3
420 75 265 2.8
421 0 0 3.9
421 25 97.5 3.4
421 50 182.5 3.3
421 75 265 2.8
422 0 0 3.9
422 25 97.5 3.4
422 50 182.5 3.3
422 75 265 2.8
423 0 0 3.9
423 25 97.5 3.4
423 50 182.5 3.3
423 75 265 2.8
424 0 0 3.9
424 25 97.5 3.4
424 50 182.5 3.3
424 75 265 2.8
425 0 0 3.9
425 25 97.5 3.4
425 50 182.5 3.3
425 75 265 2.8
426 0 0 3.9
426 25 97.5 3.4
426 50 182.5 3.3
426 75 265 2.8
427 0 0 3.9
427 25 97.5 3.4
427 50 182.5 3.3
427 75 265 2.8
428 0 0 3.9
428 25 97.5 3.4
428 50 182.5 3.3
428 75 265 2.8
429 0 0 3.9
429 25 97.5 3.4
429 50 182.5 3.3
429 75 265 2.8
430 0 0 3.9
430 25 97.5 3.4
430 50 182.5 3.3
430 75 265 2.8
431 0 0 3.9
431 25 97.5 3.4
431 50 182.5 3.3
431 75 265 2.8
432 0 0 3.9
432 25 97.5 3.4
432 50 182.5 3.3
432 75 265 2.8
433 0 0 3.9
433 25 97.5 3.4
433 50 182.5 3.3
433 75 265 2.8
434 0 0 3.9
434 25 97.5 3.4
434 50 182.5 3.3
434 75 265 2.8
435 0 0 3.9
435 25 97.5 3.4
435 50 182.5 3.3
435 75 265 2.8
436 0 0 3.9
436 25 97.5 3.4
436 50 182.5 3.3
436 75 265 2.8
437 0 0 3.9
437 25 97.5 3.4
437 50 182.5 3.3
437 75 265 2.8
438 0 0 3.9
438 25 97.5 3.4
438 50 182.5 3.3
438 75 265 2.8
439 0 0 3.9
439 25 97.5 3.4
439 50 182.5 3.3
439 75 265 2.8
440 0 0 3.9
440 25 97.5 3.4
440 50 182.5 3.3
440 75 265 2.8
441 0 0 3.9
441 25 97.5 3.4
441 50 182.5 3.3
441 75 265 2.8
442 0 0 3.9
442 25 97.5 3.4
442 50 182.5 3.3
442 75 265 2.8
443 0 0 3.9
443 25 97.5 3.4
443 50 182.5 3.3
443 75 265 2.8
444 0 0 3.9
444 25 97.5 3.4
444 50 182.5 3.3
444 75 265 2.8
445 0 0 3.9
445 25 97.5 3.4
445 50 182.5 3.3
445 75 265 2.8
446 0 0 3.9
446 25 97.5 3.4
446 50 182.5 3.3
446 75 265 2.8
447 0 0 3.9
447 25 97.5 3.4
447 50 182.5 3.3
447 75 265 2.8
448 0 0 3.9
448 25 97.5 3.4
448 50 182.5 3.3
448 75 265 2.8
449 0 0 3.9
449 25 97.5 3.4
449 50 182.5 3.3
449 75 265 2.8
450 0 0 3.9
450 25 97.5 3.4
450 50 182.5 3.3
450 75 265 2.8
451 0 0 3.9
451 25 97.5 3.4
451 50 182.5 3.3
451 75 265 2.8
452 0 0 3.9
452 25 97.5 3.4
452 50 182.5 3.3
452 75 265 2.8
453 0 0 3.9
453 25 97.5 3.4
453 50 182.5 3.3
453 75 265 2.8
454 0 0 3.9
454 25 97.5 3.4
454 50 182.5 3.3
454 75 265 2.8
455 0 0 3.9
455 25 97.5 3.4
455 50 182.5 3.3
455 75 265 2.8
456 0 0 3.9
456 25 97.5 3.4
456 50 182.5 3.3
456 75 265 2.8
457 0 0 3.9
457 25 97.5 3.4
457 50 182.5 3.3
457 75 265 2.8
458 0 0 3.9
458 25 97.5 3.4
458 50 182.5 3.3
458 75 265 2.8
459 0 0 3.9
459 25 97.5 3.4
459 50 182.5 3.3
459 75 265 2.8
460 0 0 3.9
460 25 97.5 3.4
460 50 182.5 3.3
460 75 265 2.8
461 0 0 3.9
461 25 97.5 3.4
461 50 182.5 3.3
461 75 265 2.8
462 0 0 3.9
462 25 97.5 3.4
462 50 182.5 3.3
462 75 265 2.8
463 0 0 3.9
463 25 97.5 3.4
463 50 182.5 3.3
463 75 265 2.8
464 0 0 3.9
464 25 97.5 3.4
464 50 182.5 3.3
464 75 265 2.8
465 0 0 3.9
465 25 97.5 3.4
465 50 182.5 3.3
465 75 265 2.8
466 0 0 3.9
466 25 97.5 3.4
466 50 182.5 3.3
466 75 265 2.8
467 0 0 3.9
467 25 97.5 3.4
467 50 182.5 3.3
467 75 265 2.8
468 0 0 3.9
468 25 97.5 3.4
468 50 182.5 3.3
468 75 265 2.8
469 0 0 3.9
469 25 97.5 3.4
469 50 182.5 3.3
469 75 265 2.8
470 0 0 3.9
470 25 97.5 3.4
470 50 182.5 3.3
470 75 265 2.8
471 0 0 3.9
471 25 97.5 3.4
471 50 182.5 3.3
471 75 265 2.8
472 0 0 3.9
472 25 97.5 3.4
472 50 182.5 3.3
472 75 265 2.8
473 0 0 3.9
473 25 97.5 3.4
473 50 182.5 3.3
473 75 265 2.8
474 0 0 3.9
474 25 97.5 3.4
474 50 182.5 3.3
474 75 265 2.8
475 0 0 3.9
475 25 97.5 3.4
475 50 182.5 3.3
475 75 265 2.8
476 0 0 3.9
476 25 97.5 3.4
476 50 182.5 3.3
476 75 265 2.8
477 0 0 3.9
477 25 97.5 3.4
477 50 182.5 3.3
477 75 265 2.8
478 0 0 3.9
478 25 97.5 3.4
478 50 182.5 3.3
478 75 265 2.8
479 0 0 3.9
479 25 97.5 3.4
479 50 182.5 3.3
479 75 265 2.8
480 0 0 3.9
480 25 97.5 3.4
480 50 182.5 3.3
480 75 265 2.8
481 0 0 3.9
481 25 97.5 3.4
481 50 182.5 3.3
481 75 265 2.8
482 0 0 3.9
482 25 97.5 3.4
482 50 182.5 3.3
482 75 265 2.8
483 0 0 3.9
483 25 97.5 3.4
483 50 182.5 3.3
483 75 265 2.8
484 0 0 3.9
484 25 97.5 3.4
484 50 182.5 3.3
484 75 265 2.8
485 0 0 3.9
485 25 97.5 3.4
485 50 182.5 3.3
485 75 265 2.8
486 0 0 3.9
486 25 97.5 3.4
486 50 182.5 3.3
486 75 265 2.8
487 0 0 3.9
487 25 97.5 3.4
487 50 182.5 3.3
487 75 265 2.8
488 0 0 3.9
488 25 97.5 3.4
488 50 182.5 3.3
488 75 265 2.8
489 0 0 3.9
489 25 97.5 3.4
489 50 182.5 3.3
489 75 265 2.8
490 0 0 3.9
490 25 97.5 3.4
490 50 182.5 3.3
490 75 265 2.8
491 0 0 3.9
491 25 97.5 3.4
491 50 182.5 3.3
491 75 265 2.8
492 0 0 3.9
492 25 97.5 3.4
492 50 182.5 3.3
492 75 265 2.8
493 0 0 3.9
493 25 97.5 3.4
493 50 182.5 3.3
493 75 265 2.8
494 0 0 3.9
494 25 97.5 3.4
494 50 182.5 3.3
494 75 265 2.8
495 0 0 3.9
495 25 97.5 3.4
495 50 182.5 3.3
495 75 265 2.8
496 0 0 3.9
496 25 97.5 3.4
496 50 182.5 3.3
496 75 265 2.8
497 0 0 3.9
497 25 97.5 3.4
497 50 182.5 3.3
497 75 265 2.8
498 0 0 3.9
498 25 97.5 3.4
498 50 182.5 3.3
498 75 265 2.8
499 0 0 3.9
499 25 97.5 3.4
499 50 182.5 3.3
499 75 265 2.8
500 0 0 3.9
500 25 97.5 3.4
500 50 182.5 3.3
500 75 265 2.8
501 0 0 3.9
501 25 97.5 3.4
501 50 182.5 3.3
501 75 265 2.8
502 0 0 3.9
502 25 97.5 3.4
502 50 182.5 3.3
502 75 265 2.8
503 0 0 3.9
503 25 97.5 3.4
503 50 182.5 3.3
503 75 265 2.8
504 0 0 3.9
504 25 97.5 3.4
504 50 182.5 3.3
504 75 265 2.8
505 0 0 3.9
505 25 97.5 3.4
505 50 182.5 3.3
505 75 265 2.8
506 0 0 3.9
506 25 97.5 3.4
506 50 182.5 3.3
506 75 265 2.8
507 0 0 3.9
507 25 97.5 3.4
507 50 182.5 3.3
507 75 265 2.8
508 0 0 3.9
508 25 97.5 3.4
508 50 182.5 3.3
508 75 265 2.8
509 0 0 3.9
509 25 97.5 3.4
509 50 182.5 3.3
509 75 265 2.8
510 0 0 3.9
510 25 97.5 3.4
510 50 182.5 3.3
510 75 265 2.8
511 0 0 3.9
511 25 97.5 3.4
511 50 182.5 3.3
511 75 265 2.8
512 0 0 3.9
512 25 97.5 3.4
512 50 182.5 3.3
512 75 265 2.8
513 0 0 3.9
513 25 97.5 3.4
513 50 182.5 3.3
513 75 265 2.8
514 0 0 3.9
514 25 97.5 3.4
514 50 182.5 3.3
514 75 265 2.8
515 0 0 3.9
515 25 97.5 3.4
515 50 182.5 3.3
515 75 265 2.8
516 0 0 3.9
516 25 97.5 3.4
516 50 182.5 3.3
516 75 265 2.8
517 0 0 3.9
517 25 97.5 3.4
517 50 182.5 3.3
517 75 265 2.8
518 0 0 3.9
518 25 97.5 3.4
518 50 182.5 3.3
518 75 265 2.8
519 0 0 3.9
519 25 97.5 3.4
519 50 182.5 3.3
519 75 265 2.8
520 0 0 3.9
520 25 97.5 3.4
520 50 182.5 3.3
520 75 265 2.8
521 0 0 3.9
521 25 97.5 3.4
521 50 182.5 3.3
521 75 265 2.8
522 0 0 3.9
522 25 97.5 3.4
522 50 182.5 3.3
522 75 265 2.8
523 0 0 3.9
523 25 97.5 3.4
523 50 182.5 3.3
523 75 265 2.8
524 0 0 3.9
524 25 97.5 3.4
524 50 182.5 3.3
524 75 265 2.8
525 0 0 3.9
525 25 97.5 3.4
525 50 182.5 3.3
525 75 265 2.8
526 0 0 3.9
526 25 97.5 3.4
526 50 182.5 3.3
526 75 265 2.8
527 0 0 3.9
527 25 97.5 3.4
527 50 182.5 3.3
527 75 265 2.8
528 0 0 3.9
528 25 97.5 3.4
528 50 182.5 3.3
528 75 265 2.8
529 0 0 3.9
529 25 97.5 3.4
529 50 182.5 3.3
529 75 265 2.8
530 0 0 3.9
530 25 97.5 3.4
530 50 182.5 3.3
530 75 265 2.8
531 0 0 3.9
531 25 97.5 3.4
531 50 182.5 3.3
531 75 265 2.8
532 0 0 3.9
532 25 97.5 3.4
532 50 182.5 3.3
532 75 265 2.8
533 0 0 3.9
533 25 97.5 3.4
533 50 182.5 3.3
533 75 265 2.8
534 0 0 3.9
534 25 97.5 3.4
534 50 182.5 3.3
534 75 265 2.8
535 0 0 3.9
535 25 97.5 3.4
535 50 182.5 3.3
535 75 265 2.8
536 0 0 3.9
536 25 97.5 3.4
536 50 182.5 3.3
536 75 265 2.8
537 0 0 3.9
537 25 97.5 3.4
537 50 182.5 3.3
537 75 265 2.8
538 0 0 3.9
538 25 97.5 3.4
538 50 182.5 3.3
538 75 265 2.8
539 0 0 3.9
539 25 97.5 3.4
539 50 182.5 3.3
539 75 265 2.8
540 0 0 3.9
540 25 97.5 3.4
540 50 182.5 3.3
540 75 265 2.8
541 0 0 3.9
541 25 97.5 3.4
541 50 182.5 3.3
541 75 265 2.8
542 0 0 3.9
542 25 97.5 3.4
542 50 182.5 3.3
542 75 265 2.8
543 0 0 3.9
543 25 97.5 3.4
543 50 182.5 3.3
543 75 265 2.8
544 0 0 3.9
544 25 97.5 3.4
544 50 182.5 3.3
544 75 265 2.8
545 0 0 3.9
545 25 97.5 3.4
545 50 182.5 3.3
545 75 265 2.8
546 0 0 3.9
546 25 97.5 3.4
546 50 182.5 3.3
546 75 265 2.8
547 0 0 3.9
547 25 97.5 3.4
547 50 182.5 3.3
547 75 265 2.8
548 0 0 3.9
548 25 97.5 3.4
548 50 182.5 3.3
548 75 265 2.8
549 0 0 3.9
549 25 97.5 3.4
549 50 182.5 3.3
549 75 265 2.8
550 0 0 3.9
550 25 97.5 3.4
550 50 182.5 3.3
550 75 265 2.8
551 0 0 3.9
551 25 97.5 3.4
551 50 182.5 3.3
551 75 265 2.8
552 0 0 3.9
552 25 97.5 3.4
552 50 182.5 3.3
552 75 265 2.8
553 0 0 3.9
553 25 97.5 3.4
553 50 182.5 3.3
553 75 265 2.8
554 0 0 3.9
554 25 97.5 3.4
554 50 182.5 3.3
554 75 265 2.8
555 0 0 3.9
555 25 97.5 3.4
555 50 182.5 3.3
555 75 265 2.8
556 0 0 3.9
556 25 97.5 3.4
556 50 182.5 3.3
556 75 265 2.8
557 0 0 3.9
557 25 97.5 3.4
557 50 182.5 3.3
557 75 265 2.8
558 0 0 3.9
558 25 97.5 3.4
558 50 182.5 3.3
558 75 265 2.8
559 0 0 3.9
559 25 97.5 3.4
559 50 182.5 3.3
559 75 265 2.8
560 0 0 3.9
560 25 97.5 3.4
560 50 182.5 3.3
560 75 265 2.8
561 0 0 3.9
561 25 97.5 3.4
561 50 182.5 3.3
561 75 265 2.8
562 0 0 3.9
562 25 97.5 3.4
562 50 182.5 3.3
562 75 265 2.8
563 0 0 3.9
563 25 97.5 3.4
563 50 182.5 3.3
563 75 265 2.8
564 0 0 3.9
564 25 97.5 3.4
564 50 182.5 3.3
564 75 265 2.8
565 0 0 3.9
565 25 97.5 3.4
565 50 182.5 3.3
565 75 265 2.8
566 0 0 3.9
566 25 97.5 3.4
566 50 182.5 3.3
566 75 265 2.8
567 0 0 3.9
567 25 97.5 3.4
567 50 182.5 3.3
567 75 265 2.8
568 0 0 3.9
568 25 97.5 3.4
568 50 182.5 3.3
568 75 265 2.8
569 0 0 3.9
569 25 97.5 3.4
569 50 182.5 3.3
569 75 265 2.8
570 0 0 3.9
570 25 97.5 3.4
570 50 182.5 3.3
570 75 265 2.8
571 0 0 3.9
571 25 97.5 3.4
571 50 182.5 3.3
571 75 265 2.8
572 0 0 3.9
572 25 97.5 3.4
572 50 182.5 3.3
572 75 265 2.8
573 0 0 3.9
573 25 97.5 3.4
573 50 182.5 3.3
573 75 265 2.8
574 0 0 3.9
574 25 97.5 3.4
574 50 182.5 3.3
574 75 265 2.8
575 0 0 3.9
575 25 97.5 3.4
575 50 182.5 3.3
575 75 265 2.8
576 0 0 3.9
576 25 97.5 3.4
576 50 182.5 3.3
576 75 265 2.8
577 0 0 3.9
577 25 97.5 3.4
577 50 182.5 3.3
577 75 265 2.8
578 0 0 3.9
578 25 97.5 3.4
578 50 182.5 3.3
578 75 265 2.8
579 0 0 3.9
579 25 97.5 3.4
579 50 182.5 3.3
579 75 265 2.8
580 0 0 3.9
580 25 97.5 3.4
580 50 182.5 3.3
580 75 265 2.8
581 0 0 3.9
581 25 97.5 3.4
581 50 182.5 3.3
581 75 265 2.8
582 0 0 3.9
582 25 97.5 3.4
582 50 182.5 3.3
582 75 265 2.8
583 0 0 3.9
583 25 97.5 3.4
583 50 182.5 3.3
583 75 265 2.8
584 0 0 3.9
584 25 97.5 3.4
584 50 182.5 3.3
584 75 265 2.8
585 0 0 3.9
585 25 97.5 3.4
585 50 182.5 3.3
585 75 265 2.8
586 0 0 3.9
586 25 97.5 3.4
586 50 182.5 3.3
586 75 265 2.8
587 0 0 3.9
587 25 97.5 3.4
587 50 182.5 3.3
587 75 265 2.8
588 0 0 3.9
588 25 97.5 3.4
588 50 182.5 3.3
588 75 265 2.8
589 0 0 3.9
589 25 97.5 3.4
589 50 182.5 3.3
589 75 265 2.8
590 0 0 3.9
590 25 97.5 3.4
590 50 182.5 3.3
590 75 265 2.8
591 0 0 3.9
591 25 97.5 3.4
591 50 182.5 3.3
591 75 265 2.8
592 0 0 3.9
592 25 97.5 3.4
592 50 182.5 3.3
592 75 265 2.8
593 0 0 3.9
593 25 97.5 3.4
593 50 182.5 3.3
593 75 265 2.8
594 0 0 3.9
594 25 97.5 3.4
594 50 182.5 3.3
594 75 265 2.8
595 0 0 3.9
595 25 97.5 3.4
595 50 182.5 3.3
595 75 265 2.8
596 0 0 3.9
596 25 97.5 3.4
596 50 182.5 3.3
596 75 265 2.8
597 0 0 3.9
597 25 97.5 3.4
597 50 182.5 3.3
597 75 265 2.8
598 0 0 3.9
598 25 97.5 3.4
598 50 182.5 3.3
598 75 265 2.8
599 0 0 3.9
599 25 97.5 3.4
599 50 182.5 3.3
599 75 265 2.8
600 0 0 3.9
600 25 97.5 3.4
600 50 182.5 3.3
600 75 265 2.8
601 0 0 3.9
601 25 97.5 3.4
601 50 182.5 3.3
601 75 265 2.8
602 0 0 3.9
602 25 97.5 3.4
602 50 182.5 3.3
602 75 265 2.8
603 0 0 3.9
603 25 97.5 3.4
603 50 182.5 3.3
603 75 265 2.8
604 0 0 3.9
604 25 97.5 3.4
604 50 182.5 3.3
604 75 265 2.8
605 0 0 3.9
605 25 97.5 3.4
605 50 182.5 3.3
605 75 265 2.8
606 0 0 3.9
606 25 97.5 3.4
606 50 182.5 3.3
606 75 265 2.8
607 0 0 3.9
607 25 97.5 3.4
607 50 182.5 3.3
607 75 265 2.8
608 0 0 3.9
608 25 97.5 3.4
608 50 182.5 3.3
608 75 265 2.8
609 0 0 3.9
609 25 97.5 3.4
609 50 182.5 3.3
609 75 265 2.8
610 0 0 3.9
610 25 97.5 3.4
610 50 182.5 3.3
610 75 265 2.8
611 0 0 3.9
611 25 97.5 3.4
611 50 182.5 3.3
611 75 265 2.8
612 0 0 3.9
612 25 97.5 3.4
612 50 182.5 3.3
612 75 265 2.8
613 0 0 3.9
613 25 97.5 3.4
613 50 182.5 3.3
613 75 265 2.8
614 0 0 3.9
614 25 97.5 3.4
614 50 182.5 3.3
614 75 265 2.8
615 0 0 3.9
615 25 97.5 3.4
615 50 182.5 3.3
615 75 265 2.8
616 0 0 3.9
616 25 97.5 3.4
616 50 182.5 3.3
616 75 265 2.8
617 0 0 3.9
617 25 97.5 3.4
617 50 182.5 3.3
617 75 265 2.8
618 0 0 3.9
618 25 97.5 3.4
618 50 182.5 3.3
618 75 265 2.8
619 0 0 3.9
619 25 97.5 3.4
619 50 182.5 3.3
619 75 265 2.8
620 0 0 3.9
620 25 97.5 3.4
620 50 182.5 3.3
620 75 265 2.8
621 0 0 3.9
621 25 97.5 3.4
621 50 182.5 3.3
621 75 265 2.8
622 0 0 3.9
622 25 97.5 3.4
622 50 182.5 3.3
622 75 265 2.8
623 0 0 3.9
623 25 97.5 3.4
623 50 182.5 3.3
623 75 265 2.8
624 0 0 3.9
624 25 97.5 3.4
624 50 182.5 3.3
624 75 265 2.8
625 0 0 3.9
625 25 97.5 3.4
625 50 182.5 3.3
625 75 265 2.8
626 0 0 3.9
626 25 97.5 3.4
626 50 182.5 3.3
626 75 265 2.8
627 0 0 3.9
627 25 97.5 3.4
627 50 182.5 3.3
627 75 265 2.8
628 0 0 3.9
628 25 97.5 3.4
628 50 182.5 3.3
628 75 265 2.8
629 0 0 3.9
629 25 97.5 3.4
629 50 182.5 3.3
629 75 265 2.8
630 0 0 3.9
630 25 97.5 3.4
630 50 182.5 3.3
630 75 265 2.8
631 0 0 3.9
631 25 97.5 3.4
631 50 182.5 3.3
631 75 265 2.8
632 0 0 3.9
632 25 97.5 3.4
632 50 182.5 3.3
632 75 265 2.8
633 0 0 3.9
633 25 97.5 3.4
633 50 182.5 3.3
633 75 265 2.8
634 0 0 3.9
634 25 97.5 3.4
634 50 182.5 3.3
634 75 265 2.8
635 0 0 3.9
635 25 97.5 3.4
635 50 182.5 3.3
635 75 265 2.8
636 0 0 3.9
636 25 97.5 3.4
636 50 182.5 3.3
636 75 265 2.8
637 0 0 3.9
637 25 97.5 3.4
637 50 182.5 3.3
637 75 265 2.8
638 0 0 3.9
638 25 97.5 3.4
638 50 182.5 3.3
638 75 265 2.8
639 0 0 3.9
639 25 97.5 3.4
639 50 182.5 3.3
639 75 265 2.8
640 0 0 3.9
640 25 97.5 3.4
640 50 182.5 3.3
640 75 265 2.8
641 0 0 3.9
641 25 97.5 3.4
641 50 182.5 3.3
641 75 265 2.8
642 0 0 3.9
642 25 97.5 3.4
642 50 182.5 3.3
642 75 265 2.8
643 0 0 3.9
643 25 97.5 3.4
643 50 182.5 3.3
643 75 265 2.8
644 0 0 3.9
644 25 97.5 3.4
644 50 182.5 3.3
644 75 265 2.8
645 0 0 3.9
645 25 97.5 3.4
645 50 182.5 3.3
645 75 265 2.8
646 0 0 3.9
646 25 97.5 3.4
646 50 182.5 3.3
646 75 265 2.8
647 0 0 3.9
647 25 97.5 3.4
647 50 182.5 3.3
647 75 265 2.8
648 0 0 3.9
648 25 97.5 3.4
648 50 182.5 3.3
648 75 265 2.8
649 0 0 3.9
649 25 97.5 3.4
649 50 182.5 3.3
649 75 265 2.8
650 0 0 3.9
650 25 97.5 3.4
650 50 182.5 3.3
650 75 265 2.8
651 0 0 3.9
651 25 97.5 3.4
651 50 182.5 3.3
651 75 265 2.8
652 0 0 3.9
652 25 97.5 3.4
652 50 182.5 3.3
652 75 265 2.8
653 0 0 3.9
653 25 97.5 3.4
653 50 182.5 3.3
653 75 265 2.8
654 0 0 3.9
654 25 97.5 3.4
654 50 182.5 3.3
654 75 265 2.8
655 0 0 3.9
655 25 97.5 3.4
655 50 182.5 3.3
655 75 265 2.8
656 0 0 3.9
656 25 97.5 3.4
656 50 182.5 3.3
656 75 265 2.8
657 0 0 3.9
657 25 97.5 3.4
657 50 182.5 3.3
657 75 265 2.8
658 0 0 3.9
658 25 97.5 3.4
658 50 182.5 3.3
658 75 265 2.8
659 0 0 3.9
659 25 97.5 3.4
659 50 182.5 3.3
659 75 265 2.8
660 0 0 3.9
660 25 97.5 3.4
660 50 182.5 3.3
660 75 265 2.8
661 0 0 3.9
661 25 97.5 3.4
661 50 182.5 3.3
661 75 265 2.8
662 0 0 3.9
662 25 97.5 3.4
662 50 182.5 3.3
662 75 265 2.8
663 0 0 3.9
663 25 97.5 3.4
663 50 182.5 3.3
663 75 265 2.8
664 0 0 3.9
664 25 97.5 3.4
664 50 182.5 3.3
664 75 265 2.8
665 0 0 3.9
665 25 97.5 3.4
665 50 182.5 3.3
665 75 265 2.8
666 0 0 3.9
666 25 97.5 3.4
666 50 182.5 3.3
666 75 265 2.8
667 0 0 3.9
667 25 97.5 3.4
667 50 182.5 3.3
667 75 265 2.8
668 0 0 3.9
668 25 97.5 3.4
668 50 182.5 3.3
668 75 265 2.8
669 0 0 3.9
669 25 97.5 3.4
669 50 182.5 3.3
669 75 265 2.8
670 0 0 3.9
670 25 97.5 3.4
670 50 182.5 3.3
670 75 265 2.8
671 0 0 3.9
671 25 97.5 3.4
671 50 182.5 3.3
671 75 265 2.8
672 0 0 3.9
672 25 97.5 3.4
672 50 182.5 3.3
672 75 265 2.8
673 0 0 3.9
673 25 97.5 3.4
673 50 182.5 3.3
673 75 265 2.8
674 0 0 3.9
674 25 97.5 3.4
674 50 182.5 3.3
674 75 265 2.8
675 0 0 3.9
675 25 97.5 3.4
675 50 182.5 3.3
675 75 265 2.8
676 0 0 3.9
676 25 97.5 3.4
676 50 182.5 3.3
676 75 265 2.8
677 0 0 3.9
677 25 97.5 3.4
677 50 182.5 3.3
677 75 265 2.8
678 0 0 3.9
678 25 97.5 3.4
678 50 182.5 3.3
678 75 265 2.8
679 0 0 3.9
679 25 97.5 3.4
679 50 182.5 3.3
679 75 265 2.8
680 0 0 3.9
680 25 97.5 3.4
680 50 182.5 3.3
680 75 265 2.8
681 0 0 3.9
681 25 97.5 3.4
681 50 182.5 3.3
681 75 265 2.8
682 0 0 3.9
682 25 97.5 3.4
682 50 182.5 3.3
682 75 265 2.8
683 0 0 3.9
683 25 97.5 3.4
683 50 182.5 3.3
683 75 265 2.8
684 0 0 3.9
684 25 97.5 3.4
684 50 182.5 3.3
684 75 265 2.8
685 0 0 3.9
685 25 97.5 3.4
685 50 182.5 3.3
685 75 265 2.8
686 0 0 3.9
686 25 97.5 3.4
686 50 182.5 3.3
686 75 265 2.8
687 0 0 3.9
687 25 97.5 3.4
687 50 182.5 3.3
687 75 265 2.8
688 0 0 3.9
688 25 97.5 3.4
688 50 182.5 3.3
688 75 265 2.8
689 0 0 3.9
689 25 97.5 3.4
689 50 182.5 3.3
689 75 265 2.8
690 0 0 3.9
690 25 97.5 3.4
690 50 182.5 3.3
690 75 265 2.8
691 0 0 3.9
691 25 97.5 3.4
691 50 182.5 3.3
691 75 265 2.8
692 0 0 3.9
692 25 97.5 3.4
692 50 182.5 3.3
692 75 265 2.8
693 0 0 3.9
693 25 97.5 3.4
693 50 182.5 3.3
693 75 265 2.8
694 0 0 3.9
694 25 97.5 3.4
694 50 182.5 3.3
694 75 265 2.8
695 0 0 3.9
695 25 97.5 3.4
695 50 182.5 3.3
695 75 265 2.8
696 0 0 3.9
696 25 97.5 3.4
696 50 182.5 3.3
696 75 265 2.8
697 0 0 3.9
697 25 97.5 3.4
697 50 182.5 3.3
697 75 265 2.8
698 0 0 3.9
698 25 97.5 3.4
698 50 182.5 3.3
698 75 265 2.8
699 0 0 3.9
699 25 97.5 3.4
699 50 182.5 3.3
699 75 265 2.8
700 0 0 3.9
700 25 97.5 3.4
700 50 182.5 3.3
700 75 265 2.8
701 0 0 3.9
701 25 97.5 3.4
701 50 182.5 3.3
701 75 265 2.8
702 0 0 3.9
702 25 97.5 3.4
702 50 182.5 3.3
702 75 265 2.8
703 0 0 3.9
703 25 97.5 3.4
703 50 182.5 3.3
703 75 265 2.8
704 0 0 3.9
704 25 97.5 3.4
704 50 182.5 3.3
704 75 265 2.8
705 0 0 3.9
705 25 97.5 3.4
705 50 182.5 3.3
705 75 265 2.8
706 0 0 3.9
706 25 97.5 3.4
706 50 182.5 3.3
706 75 265 2.8
707 0 0 3.9
707 25 97.5 3.4
707 50 182.5 3.3
707 75 265 2.8
708 0 0 3.9
708 25 97.5 3.4
708 50 182.5 3.3
708 75 265 2.8
709 0 0 3.9
709 25 97.5 3.4
709 50 182.5 3.3
709 75 265 2.8
710 0 0 3.9
710 25 97.5 3.4
710 50 182.5 3.3
710 75 265 2.8
711 0 0 3.9
711 25 97.5 3.4
711 50 182.5 3.3
711 75 265 2.8
712 0 0 3.9
712 25 97.5 3.4
712 50 182.5 3.3
712 75 265 2.8
713 0 0 3.9
713 25 97.5 3.4
713 50 182.5 3.3
713 75 265 2.8
714 0 0 3.9
714 25 97.5 3.4
714 50 182.5 3.3
714 75 265 2.8
715 0 0 3.9
715 25 97.5 3.4
715 50 182.5 3.3
715 75 265 2.8
716 0 0 3.9
716 25 97.5 3.4
716 50 182.5 3.3
716 75 265 2.8
717 0 0 3.9
717 25 97.5 3.4
717 50 182.5 3.3
717 75 265 2.8
718 0 0 3.9
718 25 97.5 3.4
718 50 182.5 3.3
718 75 265 2.8
719 0 0 3.9
719 25 97.5 3.4
719 50 182.5 3.3
719 75 265 2.8
720 0 0 3.9
720 25 97.5 3.4
720 50 182.5 3.3
720 75 265 2.8
721 0 0 3.9
721 25 97.5 3.4
721 50 182.5 3.3
721 75 265 2.8
722 0 0 3.9
722 25 97.5 3.4
722 50 182.5 3.3
722 75 265 2.8
723 0 0 3.9
723 25 97.5 3.4
723 50 182.5 3.3
723 75 265 2.8
724 0 0 3.9
724 25 97.5 3.4
724 50 182.5 3.3
724 75 265 2.8
725 0 0 3.9
725 25 97.5 3.4
725 50 182.5 3.3
725 75 265 2.8
726 0 0 3.9
726 25 97.5 3.4
726 50 182.5 3.3
726 75 265 2.8
727 0 0 3.9
727 25 97.5 3.4
727 50 182.5 3.3
727 75 265 2.8
728 0 0 3.9
728 25 97.5 3.4
728 50 182.5 3.3
728 75 265 2.8
729 0 0 3.9
729 25 97.5 3.4
729 50 182.5 3.3
729 75 265 2.8
730 0 0 3.9
730 25 97.5 3.4
730 50 182.5 3.3
730 75 265 2.8
731 0 0 3.9
731 25 97.5 3.4
731 50 182.5 3.3
731 75 265 2.8
732 0 0 3.9
732 25 97.5 3.4
732 50 182.5 3.3
732 75 265 2.8
733 0 0 3.9
733 25 97.5 3.4
733 50 182.5 3.3
733 75 265 2.8
734 0 0 3.9
734 25 97.5 3.4
734 50 182.5 3.3
734 75 265 2.8
735 0 0 3.9
735 25 97.5 3.4
735 50 182.5 3.3
735 75 265 2.8
736 0 0 3.9
736 25 97.5 3.4
736 50 182.5 3.3
736 75 265 2.8
737 0 0 3.9
737 25 97.5 3.4
737 50 182.5 3.3
737 75 265 2.8
738 0 0 3.9
738 25 97.5 3.4
738 50 182.5 3.3
738 75 265 2.8
739 0 0 3.9
739 25 97.5 3.4
739 50 182.5 3.3
739 75 265 2.8
740 0 0 3.9
740 25 97.5 3.4
740 50 182.5 3.3
740 75 265 2.8
741 0 0 3.9
741 25 97.5 3.4
741 50 182.5 3.3
741 75 265 2.8
742 0 0 3.9
742 25 97.5 3.4
742 50 182.5 3.3
742 75 265 2.8
743 0 0 3.9
743 25 97.5 3.4
743 50 182.5 3.3
743 75 265 2.8
744 0 0 3.9
744 25 97.5 3.4
744 50 182.5 3.3
744 75 265 2.8
745 0 0 3.9
745 25 97.5 3.4
745 50 182.5 3.3
745 75 265 2.8
746 0 0 3.9
746 25 97.5 3.4
746 50 182.5 3.3
746 75 265 2.8
747 0 0 3.9
747 25 97.5 3.4
747 50 182.5 3.3
747 75 265 2.8
748 0 0 3.9
748 25 97.5 3.4
748 50 182.5 3.3
748 75 265 2.8
749 0 0 3.9
749 25 97.5 3.4
749 50 182.5 3.3
749 75 265 2.8
750 0 0 3.9
750 25 97.5 3.4
750 50 182.5 3.3
750 75 265 2.8
751 0 0 3.9
751 25 97.5 3.4
751 50 182.5 3.3
751 75 265 2.8
752 0 0 3.9
752 25 97.5 3.4
752 50 182.5 3.3
752 75 265 2.8
753 0 0 3.9
753 25 97.5 3.4
753 50 182.5 3.3
753 75 265 2.8
754 0 0 3.9
754 25 97.5 3.4
754 50 182.5 3.3
754 75 265 2.8
755 0 0 3.9
755 25 97.5 3.4
755 50 182.5 3.3
755 75 265 2.8
756 0 0 3.9
756 25 97.5 3.4
756 50 182.5 3.3
756 75 265 2.8
757 0 0 3.9
757 25 97.5 3.4
757 50 182.5 3.3
757 75 265 2.8
758 0 0 3.9
758 25 97.5 3.4
758 50 182.5 3.3
758 75 265 2.8
759 0 0 3.9
759 25 97.5 3.4
759 50 182.5 3.3
759 75 265 2.8
760 0 0 3.9
760 25 97.5 3.4
760 50 182.5 3.3
760 75 265 2.8
761 0 0 3.9
761 25 97.5 3.4
761 50 182.5 3.3
761 75 265 2.8
762 0 0 3.9
762 25 97.5 3.4
762 50 182.5 3.3
762 75 265 2.8
763 0 0 3.9
763 25 97.5 3.4
763 50 182.5 3.3
763 75 265 2.8
764 0 0 3.9
764 25 97.5 3.4
764 50 182.5 3.3
764 75 265 2.8
765 0 0 3.9
765 25 97.5 3.4
765 50 182.5 3.3
765 75 265 2.8
766 0 0 3.9
766 25 97.5 3.4
766 50 182.5 3.3
766 75 265 2.8
767 0 0 3.9
767 25 97.5 3.4
767 50 182.5 3.3
767 75 265 2.8
768 0 0 3.9
768 25 97.5 3.4
768 50 182.5 3.3
768 75 265 2.8
769 0 0 3.9
769 25 97.5 3.4
769 50 182.5 3.3
769 75 265 2.8
770 0 0 3.9
770 25 97.5 3.4
770 50 182.5 3.3
770 75 265 2.8
771 0 0 3.9
771 25 97.5 3.4
771 50 182.5 3.3
771 75 265 2.8
772 0 0 3.9
772 25 97.5 3.4
772 50 182.5 3.3
772 75 265 2.8
773 0 0 3.9
773 25 97.5 3.4
773 50 182.5 3.3
773 75 265 2.8
774 0 0 3.9
774 25 97.5 3.4
774 50 182.5 3.3
774 75 265 2.8
775 0 0 3.9
775 25 97.5 3.4
775 50 182.5 3.3
775 75 265 2.8
776 0 0 3.9
776 25 97.5 3.4
776 50 182.5 3.3
776 75 265 2.8
777 0 0 3.9
777 25 97.5 3.4
777 50 182.5 3.3
777 75 265 2.8
778 0 0 3.9
778 25 97.5 3.4
778 50 182.5 3.3
778 75 265 2.8
779 0 0 3.9
779 25 97.5 3.4
779 50 182.5 3.3
779 75 265 2.8
780 0 0 3.9
780 25 97.5 3.4
780 50 182.5 3.3
780 75 265 2.8
781 0 0 3.9
781 25 97.5 3.4
781 50 182.5 3.3
781 75 265 2.8
782 0 0 3.9
782 25 97.5 3.4
782 50 182.5 3.3
782 75 265 2.8
783 0 0 3.9
783 25 97.5 3.4
783 50 182.5 3.3
783 75 265 2.8
784 0 0 3.9
784 25 97.5 3.4
784 50 182.5 3.3
784 75 265 2.8
785 0 0 3.9
785 25 97.5 3.4
785 50 182.5 3.3
785 75 265 2.8
786 0 0 3.9
786 25 97.5 3.4
786 50 182.5 3.3
786 75 265 2.8
787 0 0 3.9
787 25 97.5 3.4
787 50 182.5 3.3
787 75 265 2.8
788 0 0 3.9
788 25 97.5 3.4
788 50 182.5 3.3
788 75 265 2.8
789 0 0 3.9
789 25 97.5 3.4
789 50 182.5 3.3
789 75 265 2.8
790 0 0 3.9
790 25 97.5 3.4
790 50 182.5 3.3
790 75 265 2.8
791 0 0 3.9
791 25 97.5 3.4
791 50 182.5 3.3
791 75 265 2.8
792 0 0 3.9
792 25 97.5 3.4
792 50 182.5 3.3
792 75 265 2.8
793 0 0 3.9
793 25 97.5 3.4
793 50 182.5 3.3
793 75 265 2.8
794 0 0 3.9
794 25 97.5 3.4
794 50 182.5 3.3
794 75 265 2.8
795 0 0 3.9
795 25 97.5 3.4
795 50 182.5 3.3
795 75 265 2.8
796 0 0 3.9
796 25 97.5 3.4
796 50 182.5 3.3
796 75 265 2.8
797 0 0 3.9
797 25 97.5 3.4
797 50 182.5 3.3
797 75 265 2.8
798 0 0 3.9
798 25 97.5 3.4
798 50 182.5 3.3
798 75 265 2.8
799 0 0 3.9
799 25 97.5 3.4
799 50 182.5 3.3
799 75 265 2.8
800 0 0 3.9
800 25 97.5 3.4
800 50 182.5 3.3
800 75 265 2.8
801 0 0 3.9
801 25 97.5 3.4
801 50 182.5 3.3
801 75 265 2.8
802 0 0 3.9
802 25 97.5 3.4
802 50 182.5 3.3
802 75 265 2.8
803 0 0 3.9
803 25 97.5 3.4
803 50 182.5 3.3
803 75 265 2.8
804 0 0 3.9
804 25 97.5 3.4
804 50 182.5 3.3
804 75 265 2.8
805 0 0 3.9
805 25 97.5 3.4
805 50 182.5 3.3
805 75 265 2.8
806 0 0 3.9
806 25 97.5 3.4
806 50 182.5 3.3
806 75 265 2.8
807 0 0 3.9
807 25 97.5 3.4
807 50 182.5 3.3
807 75 265 2.8
808 0 0 3.9
808 25 97.5 3.4
808 50 182.5 3.3
808 75 265 2.8
809 0 0 3.9
809 25 97.5 3.4
809 50 182.5 3.3
809 75 265 2.8
810 0 0 3.9
810 25 97.5 3.4
810 50 182.5 3.3
810 75 265 2.8
811 0 0 3.9
811 25 97.5 3.4
811 50 182.5 3.3
811 75 265 2.8
812 0 0 3.9
812 25 97.5 3.4
812 50 182.5 3.3
812 75 265 2.8
813 0 0 3.9
813 25 97.5 3.4
813 50 182.5 3.3
813 75 265 2.8
814 0 0 3.9
814 25 97.5 3.4
814 50 182.5 3.3
814 75 265 2.8
815 0 0 3.9
815 25 97.5 3.4
815 50 182.5 3.3
815 75 265 2.8
816 0 0 3.9
816 25 97.5 3.4
816 50 182.5 3.3
816 75 265 2.8
817 0 0 3.9
817 25 97.5 3.4
817 50 182.5 3.3
817 75 265 2.8
818 0 0 3.9
818 25 97.5 3.4
818 50 182.5 3.3
818 75 265 2.8
819 0 0 3.9
819 25 97.5 3.4
819 50 182.5 3.3
819 75 265 2.8
820 0 0 3.9
820 25 97.5 3.4
820 50 182.5 3.3
820 75 265 2.8
821 0 0 3.9
821 25 97.5 3.4
821 50 182.5 3.3
821 75 265 2.8
822 0 0 3.9
822 25 97.5 3.4
822 50 182.5 3.3
822 75 265 2.8
823 0 0 3.9
823 25 97.5 3.4
823 50 182.5 3.3
823 75 265 2.8
824 0 0 3.9
824 25 97.5 3.4
824 50 182.5 3.3
824 75 265 2.8
825 0 0 3.9
825 25 97.5 3.4
825 50 182.5 3.3
825 75 265 2.8
826 0 0 3.9
826 25 97.5 3.4
826 50 182.5 3.3
826 75 265 2.8
827 0 0 3.9
827 25 97.5 3.4
827 50 182.5 3.3
827 75 265 2.8
828 0 0 3.9
828 25 97.5 3.4
828 50 182.5 3.3
828 75 265 2.8
829 0 0 3.9
829 25 97.5 3.4
829 50 182.5 3.3
829 75 265 2.8
830 0 0 3.9
830 25 97.5 3.4
830 50 182.5 3.3
830 75 265 2.8
831 0 0 3.9
831 25 97.5 3.4
831 50 182.5 3.3
831 75 265 2.8
832 0 0 3.9
832 25 97.5 3.4
832 50 182.5 3.3
832 75 265 2.8
833 0 0 3.9
833 25 97.5 3.4
833 50 182.5 3.3
833 75 265 2.8
834 0 0 3.9
834 25 97.5 3.4
834 50 182.5 3.3
834 75 265 2.8
835 0 0 3.9
835 25 97.5 3.4
835 50 182.5 3.3
835 75 265 2.8
836 0 0 3.9
836 25 97.5 3.4
836 50 182.5 3.3
836 75 265 2.8
837 0 0 3.9
837 25 97.5 3.4
837 50 182.5 3.3
837 75 265 2.8
838 0 0 3.9
838 25 97.5 3.4
838 50 182.5 3.3
838 75 265 2.8
839 0 0 3.9
839 25 97.5 3.4
839 50 182.5 3.3
839 75 265 2.8
840 0 0 3.9
840 25 97.5 3.4
840 50 182.5 3.3
840 75 265 2.8
841 0 0 3.9
841 25 97.5 3.4
841 50 182.5 3.3
841 75 265 2.8
842 0 0 3.9
842 25 97.5 3.4
842 50 182.5 3.3
842 75 265 2.8
843 0 0 3.9
843 25 97.5 3.4
843 50 182.5 3.3
843 75 265 2.8
844 0 0 3.9
844 25 97.5 3.4
844 50 182.5 3.3
844 75 265 2.8
845 0 0 3.9
845 25 97.5 3.4
845 50 182.5 3.3
845 75 265 2.8
846 0 0 3.9
846 25 97.5 3.4
846 50 182.5 3.3
846 75 265 2.8
847 0 0 3.9
847 25 97.5 3.4
847 50 182.5 3.3
847 75 265 2.8
848 0 0 3.9
848 25 97.5 3.4
848 50 182.5 3.3
848 75 265 2.8
849 0 0 3.9
849 25 97.5 3.4
849 50 182.5 3.3
849 75 265 2.8
850 0 0 3.9
850 25 97.5 3.4
850 50 182.5 3.3
850 75 265 2.8
851 0 0 3.9
851 25 97.5 3.4
851 50 182.5 3.3
851 75 265 2.8
852 0 0 3.9
852 25 97.5 3.4
852 50 182.5 3.3
852 75 265 2.8
853 0 0 3.9
853 25 97.5 3.4
853 50 182.5 3.3
853 75 265 2.8
854 0 0 3.9
854 25 97.5 3.4
854 50 182.5 3.3
854 75 265 2.8
855 0 0 3.9
855 25 97.5 3.4
855 50 182.5 3.3
855 75 265 2.8
856 0 0 3.9
856 25 97.5 3.4
856 50 182.5 3.3
856 75 265 2.8
857 0 0 3.9
857 25 97.5 3.4
857 50 182.5 3.3
857 75 265 2.8
858 0 0 3.9
858 25 97.5 3.4
858 50 182.5 3.3
858 75 265 2.8
859 0 0 3.9
859 25 97.5 3.4
859 50 182.5 3.3
859 75 265 2.8
860 0 0 3.9
860 25 97.5 3.4
860 50 182.5 3.3
860 75 265 2.8
861 0 0 3.9
861 25 97.5 3.4
861 50 182.5 3.3
861 75 265 2.8
862 0 0 3.9
862 25 97.5 3.4
862 50 182.5 3.3
862 75 265 2.8
863 0 0 3.9
863 25 97.5 3.4
863 50 182.5 3.3
863 75 265 2.8
864 0 0 3.9
864 25 97.5 3.4
864 50 182.5 3.3
864 75 265 2.8
865 0 0 3.9
865 25 97.5 3.4
865 50 182.5 3.3
865 75 265 2.8
866 0 0 3.9
866 25 97.5 3.4
866 50 182.5 3.3
866 75 265 2.8
867 0 0 3.9
867 25 97.5 3.4
867 50 182.5 3.3
867 75 265 2.8
868 0 0 3.9
868 25 97.5 3.4
868 50 182.5 3.3
868 75 265 2.8
869 0 0 3.9
869 25 97.5 3.4
869 50 182.5 3.3
869 75 265 2.8
870 0 0 3.9
870 25 97.5 3.4
870 50 182.5 3.3
870 75 265 2.8
871 0 0 3.9
871 25 97.5 3.4
871 50 182.5 3.3
871 75 265 2.8
872 0 0 3.9
872 25 97.5 3.4
872 50 182.5 3.3
872 75 265 2.8
873 0 0 3.9
873 25 97.5 3.4
873 50 182.5 3.3
873 75 265 2.8
874 0 0 3.9
874 25 97.5 3.4
874 50 182.5 3.3
874 75 265 2.8
875 0 0 3.9
875 25 97.5 3.4
875 50 182.5 3.3
875 75 265 2.8
876 0 0 3.9
876 25 97.5 3.4
876 50 182.5 3.3
876 75 265 2.8
877 0 0 3.9
877 25 97.5 3.4
877 50 182.5 3.3
877 75 265 2.8
878 0 0 3.9
878 25 97.5 3.4
878 50 182.5 3.3
878 75 265 2.8
879 0 0 3.9
879 25 97.5 3.4
879 50 182.5 3.3
879 75 265 2.8
880 0 0 3.9
880 25 97.5 3.4
880 50 182.5 3.3
880 75 265 2.8
881 0 0 3.9
881 25 97.5 3.4
881 50 182.5 3.3
881 75 265 2.8
882 0 0 3.9
882 25 97.5 3.4
882 50 182.5 3.3
882 75 265 2.8
883 0 0 3.9
883 25 97.5 3.4
883 50 182.5 3.3
883 75 265 2.8
884 0 0 3.9
884 25 97.5 3.4
884 50 182.5 3.3
884 75 265 2.8
885 0 0 3.9
885 25 97.5 3.4
885 50 182.5 3.3
885 75 265 2.8
886 0 0 3.9
886 25 97.5 3.4
886 50 182.5 3.3
886 75 265 2.8
887 0 0 3.9
887 25 97.5 3.4
887 50 182.5 3.3
887 75 265 2.8
888 0 0 3.9
888 25 97.5 3.4
888 50 182.5 3.3
888 75 265 2.8
889 0 0 3.9
889 25 97.5 3.4
889 50 182.5 3.3
889 75 265 2.8
890 0 0 3.9
890 25 97.5 3.4
890 50 182.5 3.3
890 75 265 2.8
891 0 0 3.9
891 25 97.5 3.4
891 50 182.5 3.3
891 75 265 2.8
892 0 0 3.9
892 25 97.5 3.4
892 50 182.5 3.3
892 75 265 2.8
893 0 0 3.9
893 25 97.5 3.4
893 50 182.5 3.3
893 75 265 2.8
894 0 0 3.9
894 25 97.5 3.4
894 50 182.5 3.3
894 75 265 2.8
895 0 0 3.9
895 25 97.5 3.4
895 50 182.5 3.3
895 75 265 2.8
896 0 0 3.9
896 25 97.5 3.4
896 50 182.5 3.3
896 75 265 2.8
897 0 0 3.9
897 25 97.5 3.4
897 50 182.5 3.3
897 75 265 2.8
898 0 0 3.9
898 25 97.5 3.4
898 50 182.5 3.3
898 75 265 2.8
899 0 0 3.9
899 25 97.5 3.4
899 50 182.5 3.3
899 75 265 2.8
900 0 0 3.9
900 25 97.5 3.4
900 50 182.5 3.3
900 75 265 2.8
901 0 0 3.9
901 25 97.5 3.4
901 50 182.5 3.3
901 75 265 2.8
902 0 0 3.9
902 25 97.5 3.4
902 50 182.5 3.3
902 75 265 2.8
903 0 0 3.9
903 25 97.5 3.4
903 50 182.5 3.3
903 75 265 2.8
904 0 0 3.9
904 25 97.5 3.4
904 50 182.5 3.3
904 75 265 2.8
905 0 0 3.9
905 25 97.5 3.4
905 50 182.5 3.3
905 75 265 2.8
906 0 0 3.9
906 25 97.5 3.4
906 50 182.5 3.3
906 75 265 2.8
907 0 0 3.9
907 25 97.5 3.4
907 50 182.5 3.3
907 75 265 2.8
908 0 0 3.9
908 25 97.5 3.4
908 50 182.5 3.3
908 75 265 2.8
909 0 0 3.9
909 25 97.5 3.4
909 50 182.5 3.3
909 75 265 2.8
910 0 0 3.9
910 25 97.5 3.4
910 50 182.5 3.3
910 75 265 2.8
911 0 0 3.9
911 25 97.5 3.4
911 50 182.5 3.3
911 75 265 2.8
912 0 0 3.9
912 25 97.5 3.4
912 50 182.5 3.3
912 75 265 2.8
913 0 0 3.9
913 25 97.5 3.4
913 50 182.5 3.3
913 75 265 2.8
914 0 0 3.9
914 25 97.5 3.4
914 50 182.5 3.3
914 75 265 2.8
915 0 0 3.9
915 25 97.5 3.4
915 50 182.5 3.3
915 75 265 2.8
916 0 0 3.9
916 25 97.5 3.4
916 50 182.5 3.3
916 75 265 2.8
917 0 0 3.9
917 25 97.5 3.4
917 50 182.5 3.3
917 75 265 2.8
918 0 0 3.9
918 25 97.5 3.4
918 50 182.5 3.3
918 75 265 2.8
919 0 0 3.9
919 25 97.5 3.4
919 50 182.5 3.3
919 75 265 2.8
920 0 0 3.9
920 25 97.5 3.4
920 50 182.5 3.3
920 75 265 2.8
921 0 0 3.9
921 25 97.5 3.4
921 50 182.5 3.3
921 75 265 2.8
922 0 0 3.9
922 25 97.5 3.4
922 50 182.5 3.3
922 75 265 2.8
923 0 0 3.9
923 25 97.5 3.4
923 50 182.5 3.3
923 75 265 2.8
924 0 0 3.9
924 25 97.5 3.4
924 50 182.5 3.3
924 75 265 2.8
925 0 0 3.9
925 25 97.5 3.4
925 50 182.5 3.3
925 75 265 2.8
926 0 0 3.9
926 25 97.5 3.4
926 50 182.5 3.3
926 75 265 2.8
927 0 0 3.9
927 25 97.5 3.4
927 50 182.5 3.3
927 75 265 2.8
928 0 0 3.9
928 25 97.5 3.4
928 50 182.5 3.3
928 75 265 2.8
929 0 0 3.9
929 25 97.5 3.4
929 50 182.5 3.3
929 75 265 2.8
930 0 0 3.9
930 25 97.5 3.4
930 50 182.5 3.3
930 75 265 2.8
931 0 0 3.9
931 25 97.5 3.4
931 50 182.5 3.3
931 75 265 2.8
932 0 0 3.9
932 25 97.5 3.4
932 50 182.5 3.3
932 75 265 2.8
933 0 0 3.9
933 25 97.5 3.4
933 50 182.5 3.3
933 75 265 2.8
934 0 0 3.9
934 25 97.5 3.4
934 50 182.5 3.3
934 75 265 2.8
935 0 0 3.9
935 25 97.5 3.4
935 50 182.5 3.3
935 75 265 2.8
936 0 0 3.9
936 25 97.5 3.4
936 50 182.5 3.3
936 75 265 2.8
937 0 0 3.9
937 25 97.5 3.4
937 50 182.5 3.3
937 75 265 2.8
938 0 0 3.9
938 25 97.5 3.4
938 50 182.5 3.3
938 75 265 2.8
939 0 0 3.9
939 25 97.5 3.4
939 50 182.5 3.3
939 75 265 2.8
940 0 0 3.9
940 25 97.5 3.4
940 50 182.5 3.3
940 75 265 2.8
941 0 0 3.9
941 25 97.5 3.4
941 50 182.5 3.3
941 75 265 2.8
942 0 0 3.9
942 25 97.5 3.4
942 50 182.5 3.3
942 75 265 2.8
943 0 0 3.9
943 25 97.5 3.4
943 50 182.5 3.3
943 75 265 2.8
944 0 0 3.9
944 25 97.5 3.4
944 50 182.5 3.3
944 75 265 2.8
945 0 0 3.9
945 25 97.5 3.4
945 50 182.5 3.3
945 75 265 2.8
946 0 0 3.9
946 25 97.5 3.4
946 50 182.5 3.3
946 75 265 2.8
947 0 0 3.9
947 25 97.5 3.4
947 50 182.5 3.3
947 75 265 2.8
948 0 0 3.9
948 25 97.5 3.4
948 50 182.5 3.3
948 75 265 2.8
949 0 0 3.9
949 25 97.5 3.4
949 50 182.5 3.3
949 75 265 2.8
950 0 0 3.9
950 25 97.5 3.4
950 50 182.5 3.3
950 75 265 2.8
951 0 0 3.9
951 25 97.5 3.4
951 50 182.5 3.3
951 75 265 2.8
952 0 0 3.9
952 25 97.5 3.4
952 50 182.5 3.3
952 75 265 2.8
953 0 0 3.9
953 25 97.5 3.4
953 50 182.5 3.3
953 75 265 2.8
954 0 0 3.9
954 25 97.5 3.4
954 50 182.5 3.3
954 75 265 2.8
955 0 0 3.9
955 25 97.5 3.4
955 50 182.5 3.3
955 75 265 2.8
956 0 0 3.9
956 25 97.5 3.4
956 50 182.5 3.3
956 75 265 2.8
957 0 0 3.9
957 25 97.5 3.4
957 50 182.5 3.3
957 75 265 2.8
958 0 0 3.9
958 25 97.5 3.4
958 50 182.5 3.3
958 75 265 2.8
959 0 0 3.9
959 25 97.5 3.4
959 50 182.5 3.3
959 75 265 2.8
960 0 0 3.9
960 25 97.5 3.4
960 50 182.5 3.3
960 75 265 2.8
961 0 0 3.9
961 25 97.5 3.4
961 50 182.5 3.3
961 75 265 2.8
962 0 0 3.9
962 25 97.5 3.4
962 50 182.5 3.3
962 75 265 2.8
963 0 0 3.9
963 25 97.5 3.4
963 50 182.5 3.3
963 75 265 2.8
964 0 0 3.9
964 25 97.5 3.4
964 50 182.5 3.3
964 75 265 2.8
965 0 0 3.9
965 25 97.5 3.4
965 50 182.5 3.3
965 75 265 2.8
966 0 0 3.9
966 25 97.5 3.4
966 50 182.5 3.3
966 75 265 2.8
967 0 0 3.9
967 25 97.5 3.4
967 50 182.5 3.3
967 75 265 2.8
968 0 0 3.9
968 25 97.5 3.4
968 50 182.5 3.3
968 75 265 2.8
969 0 0 3.9
969 25 97.5 3.4
969 50 182.5 3.3
969 75 265 2.8
970 0 0 3.9
970 25 97.5 3.4
970 50 182.5 3.3
970 75 265 2.8
971 0 0 3.9
971 25 97.5 3.4
971 50 182.5 3.3
971 75 265 2.8
972 0 0 3.9
972 25 97.5 3.4
972 50 182.5 3.3
972 75 265 2.8
973 0 0 3.9
973 25 97.5 3.4
973 50 182.5 3.3
973 75 265 2.8
974 0 0 3.9
974 25 97.5 3.4
974 50 182.5 3.3
974 75 265 2.8
975 0 0 3.9
975 25 97.5 3.4
975 50 182.5 3.3
975 75 265 2.8
976 0 0 3.9
976 25 97.5 3.4
976 50 182.5 3.3
976 75 265 2.8
977 0 0 3.9
977 25 97.5 3.4
977 50 182.5 3.3
977 75 265 2.8
978 0 0 3.9
978 25 97.5 3.4
978 50 182.5 3.3
978 75 265 2.8
979 0 0 3.9
979 25 97.5 3.4
979 50 182.5 3.3
979 75 265 2.8
980 0 0 3.9
980 25 97.5 3.4
980 50 182.5 3.3
980 75 265 2.8
981 0 0 3.9
981 25 97.5 3.4
981 50 182.5 3.3
981 75 265 2.8
982 0 0 3.9
982 25 97.5 3.4
982 50 182.5 3.3
982 75 265 2.8
983 0 0 3.9
983 25 97.5 3.4
983 50 182.5 3.3
983 75 265 2.8
984 0 0 3.9
984 25 97.5 3.4
984 50 182.5 3.3
984 75 265 2.8
985 0 0 3.9
985 25 97.5 3.4
985 50 182.5 3.3
985 75 265 2.8
986 0 0 3.9
986 25 97.5 3.4
986 50 182.5 3.3
986 75 265 2.8
987 0 0 3.9
987 25 97.5 3.4
987 50 182.5 3.3
987 75 265 2.8
988 0 0 3.9
988 25 97.5 3.4
988 50 182.5 3.3
988 75 265 2.8
989 0 0 3.9
989 25 97.5 3.4
989 50 182.5 3.3
989 75 265 2.8
990 0 0 3.9
990 25 97.5 3.4
990 50 182.5 3.3
990 75 265 2.8
991 0 0 3.9
991 25 97.5 3.4
991 50 182.5 3.3
991 75 265 2.8
992 0 0 3.9
992 25 97.5 3.4
992 50 182.5 3.3
992 75 265 2.8
993 0 0 3.9
993 25 97.5 3.4
993 50 182.5 3.3
993 75 265 2.8
994 0 0 3.9
994 25 97.5 3.4
994 50 182.5 3.3
994 75 265 2.8
995 0 0 3.9
995 25 97.5 3.4
995 50 182.5 3.3
995 75 265 2.8
996 0 0 3.9
996 25 97.5 3.4
996 50 182.5 3.3
996 75 265 2.8
997 0 0 3.9
997 25 97.5 3.4
997 50 182.5 3.3
997 75 265 2.8
998 0 0 3.9
998 25 97.5 3.4
998 50 182.5 3.3
998 75 265 2.8
999 0 0 3.9
999 25 97.5 3.4
999 50 182.5 3.3
999 75 265 2.8
