500 10
0 0 0 1.1
0 10 11 3.6
0 20 47 1.1
0 30 58 2
0 40 78 1.2
0 50 90 4.1
0 60 131 2
0 70 151 3.8
0 80 189 3.6
0 90 225 4.5
1 0 0 1.1
1 10 11 3.6
1 20 47 1.1
1 30 58 2
1 40 78 1.2
1 50 90 4.1
1 60 131 2
1 70 151 3.8
1 80 189 3.6
1 90 225 4.5
2 0 0 1.1
2 10 11 3.6
2 20 47 1.1
2 30 58 2
2 40 78 1.2
2 50 90 4.1
2 60 131 2
2 70 151 3.8
2 80 189 3.6
2 90 225 4.5
3 0 0 1.1
3 10 11 3.6
3 20 47 1.1
3 30 58 2
3 40 78 1.2
3 50 90 4.1
3 60 131 2
3 70 151 3.8
3 80 189 3.6
3 90 225 4.5
4 0 0 1.1
4 10 11 3.6
4 20 47 1.1
4 30 58 2
4 40 78 1.2
4 50 90 4.1
4 60 131 2
4 70 151 3.8
4 80 189 3.6
4 90 225 4.5
5 0 0 1.1
5 10 11 3.6
5 20 47 1.1
5 30 58 2
5 40 78 1.2
5 50 90 4.1
5 60 131 2
5 70 151 3.8
5 80 189 3.6
5 90 225 4.5
6 0 0 1.1
6 10 11 3.6
6 20 47 1.1
6 30 58 2
6 40 78 1.2
6 50 90 4.1
6 60 131 2
6 70 151 3.8
6 80 189 3.6
6 90 225 4.5
7 0 0 1.1
7 10 11 3.6
7 20 47 1.1
7 30 58 2
7 40 78 1.2
7 50 90 4.1
7 60 131 2
7 70 151 3.8
7 80 189 3.6
7 90 225 4.5
8 0 0 1.1
8 10 11 3.6
8 20 47 1.1
8 30 58 2
8 40 78 1.2
8 50 90 4.1
8 60 131 2
8 70 151 3.8
8 80 189 3.6
8 90 225 4.5
9 0 0 1.1
9 10 11 3.6
9 20 47 1.1
9 30 58 2
9 40 78 1.2
9 50 90 4.1
9 60 131 2
9 70 151 3.8
9 80 189 3.6
9 90 225 4.5
10 0 0 1.1
10 10 11 3.6
10 20 47 1.1
10 30 58 2
10 40 78 1.2
10 50 90 4.1
10 60 131 2
10 70 151 3.8
10 80 189 3.6
10 90 225 4.5
11 0 0 1.1
11 10 11 3.6
11 20 47 1.1
11 30 58 2
11 40 78 1.2
11 50 90 4.1
11 60 131 2
11 70 151 3.8
11 80 189 3.6
11 90 225 4.5
12 0 0 1.1
12 10 11 3.6
12 20 47 1.1
12 30 58 2
12 40 78 1.2
12 50 90 4.1
12 60 131 2
12 70 151 3.8
12 80 189 3.6
12 90 225 4.5
13 0 0 1.1
13 10 11 3.6
13 20 47 1.1
13 30 58 2
13 40 78 1.2
13 50 90 4.1
13 60 131 2
13 70 151 3.8
13 80 189 3.6
13 90 225 4.5
14 0 0 1.1
14 10 11 3.6
14 20 47 1.1
14 30 58 2
14 40 78 1.2
14 50 90 4.1
14 60 131 2
14 70 151 3.8
14 80 189 3.6
14 90 225 4.5
15 0 0 1.1
15 10 11 3.6
15 20 47 1.1
15 30 58 2
15 40 78 1.2
15 50 90 4.1
15 60 131 2
15 70 151 3.8
15 80 189 3.6
15 90 225 4.5
16 0 0 1.1
16 10 11 3.6
16 20 47 1.1
16 30 58 2
16 40 78 1.2
16 50 90 4.1
16 60 131 2
16 70 151 3.8
16 80 189 3.6
16 90 225 4.5
17 0 0 1.1
17 10 11 3.6
17 20 47 1.1
17 30 58 2
17 40 78 1.2
17 50 90 4.1
17 60 131 2
17 70 151 3.8
17 80 189 3.6
17 90 225 4.5
18 0 0 1.1
18 10 11 3.6
18 20 47 1.1
18 30 58 2
18 40 78 1.2
18 50 90 4.1
18 60 131 2
18 70 151 3.8
18 80 189 3.6
18 90 225 4.5
19 0 0 1.1
19 10 11 3.6
19 20 47 1.1
19 30 58 2
19 40 78 1.2
19 50 90 4.1
19 60 131 2
19 70 151 3.8
19 80 189 3.6
19 90 225 4.5
20 0 0 1.1
20 10 11 3.6
20 20 47 1.1
20 30 58 2
20 40 78 1.2
20 50 90 4.1
20 60 131 2
20 70 151 3.8
20 80 189 3.6
20 90 225 4.5
21 0 0 1.1
21 10 11 3.6
21 20 47 1.1
21 30 58 2
21 40 78 1.2
21 50 90 4.1
21 60 131 2
21 70 151 3.8
21 80 189 3.6
21 90 225 4.5
22 0 0 1.1
22 10 11 3.6
22 20 47 1.1
22 30 58 2
22 40 78 1.2
22 50 90 4.1
22 60 131 2
22 70 151 3.8
22 80 189 3.6
22 90 225 4.5
23 0 0 1.1
23 10 11 3.6
23 20 47 1.1
23 30 58 2
23 40 78 1.2
23 50 90 4.1
23 60 131 2
23 70 151 3.8
23 80 189 3.6
23 90 225 4.5
24 0 0 1.1
24 10 11 3.6
24 20 47 1.1
24 30 58 2
24 40 78 1.2
24 50 90 4.1
24 60 131 2
24 70 151 3.8
24 80 189 3.6
24 90 225 4.5
25 0 0 1.1
25 10 11 3.6
25 20 47 1.1
25 30 58 2
25 40 78 1.2
25 50 90 4.1
25 60 131 2
25 70 151 3.8
25 80 189 3.6
25 90 225 4.5
26 0 0 1.1
26 10 11 3.6
26 20 47 1.1
26 30 58 2
26 40 78 1.2
26 50 90 4.1
26 60 131 2
26 70 151 3.8
26 80 189 3.6
26 90 225 4.5
27 0 0 1.1
27 10 11 3.6
27 20 47 1.1
27 30 58 2
27 40 78 1.2
27 50 90 4.1
27 60 131 2
27 70 151 3.8
27 80 189 3.6
27 90 225 4.5
28 0 0 1.1
28 10 11 3.6
28 20 47 1.1
28 30 58 2
28 40 78 1.2
28 50 90 4.1
28 60 131 2
28 70 151 3.8
28 80 189 3.6
28 90 225 4.5
29 0 0 1.1
29 10 11 3.6
29 20 47 1.1
29 30 58 2
29 40 78 1.2
29 50 90 4.1
29 60 131 2
29 70 151 3.8
29 80 189 3.6
29 90 225 4.5
30 0 0 1.1
30 10 11 3.6
30 20 47 1.1
30 30 58 2
30 40 78 1.2
30 50 90 4.1
30 60 131 2
30 70 151 3.8
30 80 189 3.6
30 90 225 4.5
31 0 0 1.1
31 10 11 3.6
31 20 47 1.1
31 30 58 2
31 40 78 1.2
31 50 90 4.1
31 60 131 2
31 70 151 3.8
31 80 189 3.6
31 90 225 4.5
32 0 0 1.1
32 10 11 3.6
32 20 47 1.1
32 30 58 2
32 40 78 1.2
32 50 90 4.1
32 60 131 2
32 70 151 3.8
32 80 189 3.6
32 90 225 4.5
33 0 0 1.1
33 10 11 3.6
33 20 47 1.1
33 30 58 2
33 40 78 1.2
33 50 90 4.1
33 60 131 2
33 70 151 3.8
33 80 189 3.6
33 90 225 4.5
34 0 0 1.1
34 10 11 3.6
34 20 47 1.1
34 30 58 2
34 40 78 1.2
34 50 90 4.1
34 60 131 2
34 70 151 3.8
34 80 189 3.6
34 90 225 4.5
35 0 0 1.1
35 10 11 3.6
35 20 47 1.1
35 30 58 2
35 40 78 1.2
35 50 90 4.1
35 60 131 2
35 70 151 3.8
35 80 189 3.6
35 90 225 4.5
36 0 0 1.1
36 10 11 3.6
36 20 47 1.1
36 30 58 2
36 40 78 1.2
36 50 90 4.1
36 60 131 2
36 70 151 3.8
36 80 189 3.6
36 90 225 4.5
37 0 0 1.1
37 10 11 3.6
37 20 47 1.1
37 30 58 2
37 40 78 1.2
37 50 90 4.1
37 60 131 2
37 70 151 3.8
37 80 189 3.6
37 90 225 4.5
38 0 0 1.1
38 10 11 3.6
38 20 47 1.1
38 30 58 2
38 40 78 1.2
38 50 90 4.1
38 60 131 2
38 70 151 3.8
38 80 189 3.6
38 90 225 4.5
39 0 0 1.1
39 10 11 3.6
39 20 47 1.1
39 30 58 2
39 40 78 1.2
39 50 90 4.1
39 60 131 2
39 70 151 3.8
39 80 189 3.6
39 90 225 4.5
40 0 0 1.1
40 10 11 3.6
40 20 47 1.1
40 30 58 2
40 40 78 1.2
40 50 90 4.1
40 60 131 2
40 70 151 3.8
40 80 189 3.6
40 90 225 4.5
41 0 0 1.1
41 10 11 3.6
41 20 47 1.1
41 30 58 2
41 40 78 1.2
41 50 90 4.1
41 60 131 2
41 70 151 3.8
41 80 189 3.6
41 90 225 4.5
42 0 0 1.1
42 10 11 3.6
42 20 47 1.1
42 30 58 2
42 40 78 1.2
42 50 90 4.1
42 60 131 2
42 70 151 3.8
42 80 189 3.6
42 90 225 4.5
43 0 0 1.1
43 10 11 3.6
43 20 47 1.1
43 30 58 2
43 40 78 1.2
43 50 90 4.1
43 60 131 2
43 70 151 3.8
43 80 189 3.6
43 90 225 4.5
44 0 0 1.1
44 10 11 3.6
44 20 47 1.1
44 30 58 2
44 40 78 1.2
44 50 90 4.1
44 60 131 2
44 70 151 3.8
44 80 189 3.6
44 90 225 4.5
45 0 0 1.1
45 10 11 3.6
45 20 47 1.1
45 30 58 2
45 40 78 1.2
45 50 90 4.1
45 60 131 2
45 70 151 3.8
45 80 189 3.6
45 90 225 4.5
46 0 0 1.1
46 10 11 3.6
46 20 47 1.1
46 30 58 2
46 40 78 1.2
46 50 90 4.1
46 60 131 2
46 70 151 3.8
46 80 189 3.6
46 90 225 4.5
47 0 0 1.1
47 10 11 3.6
47 20 47 1.1
47 30 58 2
47 40 78 1.2
47 50 90 4.1
47 60 131 2
47 70 151 3.8
47 80 189 3.6
47 90 225 4.5
48 0 0 1.1
48 10 11 3.6
48 20 47 1.1
48 30 58 2
48 40 78 1.2
48 50 90 4.1
48 60 131 2
48 70 151 3.8
48 80 189 3.6
48 90 225 4.5
49 0 0 1.1
49 10 11 3.6
49 20 47 1.1
49 30 58 2
49 40 78 1.2
49 50 90 4.1
49 60 131 2
49 70 151 3.8
49 80 189 3.6
49 90 225 4.5
50 0 0 1.1
50 10 11 3.6
50 20 47 1.1
50 30 58 2
50 40 78 1.2
50 50 90 4.1
50 60 131 2
50 70 151 3.8
50 80 189 3.6
50 90 225 4.5
51 0 0 1.1
51 10 11 3.6
51 20 47 1.1
51 30 58 2
51 40 78 1.2
51 50 90 4.1
51 60 131 2
51 70 151 3.8
51 80 189 3.6
51 90 225 4.5
52 0 0 1.1
52 10 11 3.6
52 20 47 1.1
52 30 58 2
52 40 78 1.2
52 50 90 4.1
52 60 131 2
52 70 151 3.8
52 80 189 3.6
52 90 225 4.5
53 0 0 1.1
53 10 11 3.6
53 20 47 1.1
53 30 58 2
53 40 78 1.2
53 50 90 4.1
53 60 131 2
53 70 151 3.8
53 80 189 3.6
53 90 225 4.5
54 0 0 1.1
54 10 11 3.6
54 20 47 1.1
54 30 58 2
54 40 78 1.2
54 50 90 4.1
54 60 131 2
54 70 151 3.8
54 80 189 3.6
54 90 225 4.5
55 0 0 1.1
55 10 11 3.6
55 20 47 1.1
55 30 58 2
55 40 78 1.2
55 50 90 4.1
55 60 131 2
55 70 151 3.8
55 80 189 3.6
55 90 225 4.5
56 0 0 1.1
56 10 11 3.6
56 20 47 1.1
56 30 58 2
56 40 78 1.2
56 50 90 4.1
56 60 131 2
56 70 151 3.8
56 80 189 3.6
56 90 225 4.5
57 0 0 1.1
57 10 11 3.6
57 20 47 1.1
57 30 58 2
57 40 78 1.2
57 50 90 4.1
57 60 131 2
57 70 151 3.8
57 80 189 3.6
57 90 225 4.5
58 0 0 1.1
58 10 11 3.6
58 20 47 1.1
58 30 58 2
58 40 78 1.2
58 50 90 4.1
58 60 131 2
58 70 151 3.8
58 80 189 3.6
58 90 225 4.5
59 0 0 1.1
59 10 11 3.6
59 20 47 1.1
59 30 58 2
59 40 78 1.2
59 50 90 4.1
59 60 131 2
59 70 151 3.8
59 80 189 3.6
59 90 225 4.5
60 0 0 1.1
60 10 11 3.6
60 20 47 1.1
60 30 58 2
60 40 78 1.2
60 50 90 4.1
60 60 131 2
60 70 151 3.8
60 80 189 3.6
60 90 225 4.5
61 0 0 1.1
61 10 11 3.6
61 20 47 1.1
61 30 58 2
61 40 78 1.2
61 50 90 4.1
61 60 131 2
61 70 151 3.8
61 80 189 3.6
61 90 225 4.5
62 0 0 1.1
62 10 11 3.6
62 20 47 1.1
62 30 58 2
62 40 78 1.2
62 50 90 4.1
62 60 131 2
62 70 151 3.8
62 80 189 3.6
62 90 225 4.5
63 0 0 1.1
63 10 11 3.6
63 20 47 1.1
63 30 58 2
63 40 78 1.2
63 50 90 4.1
63 60 131 2
63 70 151 3.8
63 80 189 3.6
63 90 225 4.5
64 0 0 1.1
64 10 11 3.6
64 20 47 1.1
64 30 58 2
64 40 78 1.2
64 50 90 4.1
64 60 131 2
64 70 151 3.8
64 80 189 3.6
64 90 225 4.5
65 0 0 1.1
65 10 11 3.6
65 20 47 1.1
65 30 58 2
65 40 78 1.2
65 50 90 4.1
65 60 131 2
65 70 151 3.8
65 80 189 3.6
65 90 225 4.5
66 0 0 1.1
66 10 11 3.6
66 20 47 1.1
66 30 58 2
66 40 78 1.2
66 50 90 4.1
66 60 131 2
66 70 151 3.8
66 80 189 3.6
66 90 225 4.5
67 0 0 1.1
67 10 11 3.6
67 20 47 1.1
67 30 58 2
67 40 78 1.2
67 50 90 4.1
67 60 131 2
67 70 151 3.8
67 80 189 3.6
67 90 225 4.5
68 0 0 1.1
68 10 11 3.6
68 20 47 1.1
68 30 58 2
68 40 78 1.2
68 50 90 4.1
68 60 131 2
68 70 151 3.8
68 80 189 3.6
68 90 225 4.5
69 0 0 1.1
69 10 11 3.6
69 20 47 1.1
69 30 58 2
69 40 78 1.2
69 50 90 4.1
69 60 131 2
69 70 151 3.8
69 80 189 3.6
69 90 225 4.5
70 0 0 1.1
70 10 11 3.6
70 20 47 1.1
70 30 58 2
70 40 78 1.2
70 50 90 4.1
70 60 131 2
70 70 151 3.8
70 80 189 3.6
70 90 225 4.5
71 0 0 1.1
71 10 11 3.6
71 20 47 1.1
71 30 58 2
71 40 78 1.2
71 50 90 4.1
71 60 131 2
71 70 151 3.8
71 80 189 3.6
71 90 225 4.5
72 0 0 1.1
72 10 11 3.6
72 20 47 1.1
72 30 58 2
72 40 78 1.2
72 50 90 4.1
72 60 131 2
72 70 151 3.8
72 80 189 3.6
72 90 225 4.5
73 0 0 1.1
73 10 11 3.6
73 20 47 1.1
73 30 58 2
73 40 78 1.2
73 50 90 4.1
73 60 131 2
73 70 151 3.8
73 80 189 3.6
73 90 225 4.5
74 0 0 1.1
74 10 11 3.6
74 20 47 1.1
74 30 58 2
74 40 78 1.2
74 50 90 4.1
74 60 131 2
74 70 151 3.8
74 80 189 3.6
74 90 225 4.5
75 0 0 1.1
75 10 11 3.6
75 20 47 1.1
75 30 58 2
75 40 78 1.2
75 50 90 4.1
75 60 131 2
75 70 151 3.8
75 80 189 3.6
75 90 225 4.5
76 0 0 1.1
76 10 11 3.6
76 20 47 1.1
76 30 58 2
76 40 78 1.2
76 50 90 4.1
76 60 131 2
76 70 151 3.8
76 80 189 3.6
76 90 225 4.5
77 0 0 1.1
77 10 11 3.6
77 20 47 1.1
77 30 58 2
77 40 78 1.2
77 50 90 4.1
77 60 131 2
77 70 151 3.8
77 80 189 3.6
77 90 225 4.5
78 0 0 1.1
78 10 11 3.6
78 20 47 1.1
78 30 58 2
78 40 78 1.2
78 50 90 4.1
78 60 131 2
78 70 151 3.8
78 80 189 3.6
78 90 225 4.5
79 0 0 1.1
79 10 11 3.6
79 20 47 1.1
79 30 58 2
79 40 78 1.2
79 50 90 4.1
79 60 131 2
79 70 151 3.8
79 80 189 3.6
79 90 225 4.5
80 0 0 1.1
80 10 11 3.6
80 20 47 1.1
80 30 58 2
80 40 78 1.2
80 50 90 4.1
80 60 131 2
80 70 151 3.8
80 80 189 3.6
80 90 225 4.5
81 0 0 1.1
81 10 11 3.6
81 20 47 1.1
81 30 58 2
81 40 78 1.2
81 50 90 4.1
81 60 131 2
81 70 151 3.8
81 80 189 3.6
81 90 225 4.5
82 0 0 1.1
82 10 11 3.6
82 20 47 1.1
82 30 58 2
82 40 78 1.2
82 50 90 4.1
82 60 131 2
82 70 151 3.8
82 80 189 3.6
82 90 225 4.5
83 0 0 1.1
83 10 11 3.6
83 20 47 1.1
83 30 58 2
83 40 78 1.2
83 50 90 4.1
83 60 131 2
83 70 151 3.8
83 80 189 3.6
83 90 225 4.5
84 0 0 1.1
84 10 11 3.6
84 20 47 1.1
84 30 58 2
84 40 78 1.2
84 50 90 4.1
84 60 131 2
84 70 151 3.8
84 80 189 3.6
84 90 225 4.5
85 0 0 1.1
85 10 11 3.6
85 20 47 1.1
85 30 58 2
85 40 78 1.2
85 50 90 4.1
85 60 131 2
85 70 151 3.8
85 80 189 3.6
85 90 225 4.5
86 0 0 1.1
86 10 11 3.6
86 20 47 1.1
86 30 58 2
86 40 78 1.2
86 50 90 4.1
86 60 131 2
86 70 151 3.8
86 80 189 3.6
86 90 225 4.5
87 0 0 1.1
87 10 11 3.6
87 20 47 1.1
87 30 58 2
87 40 78 1.2
87 50 90 4.1
87 60 131 2
87 70 151 3.8
87 80 189 3.6
87 90 225 4.5
88 0 0 1.1
88 10 11 3.6
88 20 47 1.1
88 30 58 2
88 40 78 1.2
88 50 90 4.1
88 60 131 2
88 70 151 3.8
88 80 189 3.6
88 90 225 4.5
89 0 0 1.1
89 10 11 3.6
89 20 47 1.1
89 30 58 2
89 40 78 1.2
89 50 90 4.1
89 60 131 2
89 70 151 3.8
89 80 189 3.6
89 90 225 4.5
90 0 0 1.1
90 10 11 3.6
90 20 47 1.1
90 30 58 2
90 40 78 1.2
90 50 90 4.1
90 60 131 2
90 70 151 3.8
90 80 189 3.6
90 90 225 4.5
91 0 0 1.1
91 10 11 3.6
91 20 47 1.1
91 30 58 2
91 40 78 1.2
91 50 90 4.1
91 60 131 2
91 70 151 3.8
91 80 189 3.6
91 90 225 4.5
92 0 0 1.1
92 10 11 3.6
92 20 47 1.1
92 30 58 2
92 40 78 1.2
92 50 90 4.1
92 60 131 2
92 70 151 3.8
92 80 189 3.6
92 90 225 4.5
93 0 0 1.1
93 10 11 3.6
93 20 47 1.1
93 30 58 2
93 40 78 1.2
93 50 90 4.1
93 60 131 2
93 70 151 3.8
93 80 189 3.6
93 90 225 4.5
94 0 0 1.1
94 10 11 3.6
94 20 47 1.1
94 30 58 2
94 40 78 1.2
94 50 90 4.1
94 60 131 2
94 70 151 3.8
94 80 189 3.6
94 90 225 4.5
95 0 0 1.1
95 10 11 3.6
95 20 47 1.1
95 30 58 2
95 40 78 1.2
95 50 90 4.1
95 60 131 2
95 70 151 3.8
95 80 189 3.6
95 90 225 4.5
96 0 0 1.1
96 10 11 3.6
96 20 47 1.1
96 30 58 2
96 40 78 1.2
96 50 90 4.1
96 60 131 2
96 70 151 3.8
96 80 189 3.6
96 90 225 4.5
97 0 0 1.1
97 10 11 3.6
97 20 47 1.1
97 30 58 2
97 40 78 1.2
97 50 90 4.1
97 60 131 2
97 70 151 3.8
97 80 189 3.6
97 90 225 4.5
98 0 0 1.1
98 10 11 3.6
98 20 47 1.1
98 30 58 2
98 40 78 1.2
98 50 90 4.1
98 60 131 2
98 70 151 3.8
98 80 189 3.6
98 90 225 4.5
99 0 0 1.1
99 10 11 3.6
99 20 47 1.1
99 30 58 2
99 40 78 1.2
99 50 90 4.1
99 60 131 2
99 70 151 3.8
99 80 189 3.6
99 90 225 4.5
100 0 0 1.1
100 10 11 3.6
100 20 47 1.1
100 30 58 2
100 40 78 1.2
100 50 90 4.1
100 60 131 2
100 70 151 3.8
100 80 189 3.6
100 90 225 4.5
101 0 0 1.1
101 10 11 3.6
101 20 47 1.1
101 30 58 2
101 40 78 1.2
101 50 90 4.1
101 60 131 2
101 70 151 3.8
101 80 189 3.6
101 90 225 4.5
102 0 0 1.1
102 10 11 3.6
102 20 47 1.1
102 30 58 2
102 40 78 1.2
102 50 90 4.1
102 60 131 2
102 70 151 3.8
102 80 189 3.6
102 90 225 4.5
103 0 0 1.1
103 10 11 3.6
103 20 47 1.1
103 30 58 2
103 40 78 1.2
103 50 90 4.1
103 60 131 2
103 70 151 3.8
103 80 189 3.6
103 90 225 4.5
104 0 0 1.1
104 10 11 3.6
104 20 47 1.1
104 30 58 2
104 40 78 1.2
104 50 90 4.1
104 60 131 2
104 70 151 3.8
104 80 189 3.6
104 90 225 4.5
105 0 0 1.1
105 10 11 3.6
105 20 47 1.1
105 30 58 2
105 40 78 1.2
105 50 90 4.1
105 60 131 2
105 70 151 3.8
105 80 189 3.6
105 90 225 4.5
106 0 0 1.1
106 10 11 3.6
106 20 47 1.1
106 30 58 2
106 40 78 1.2
106 50 90 4.1
106 60 131 2
106 70 151 3.8
106 80 189 3.6
106 90 225 4.5
107 0 0 1.1
107 10 11 3.6
107 20 47 1.1
107 30 58 2
107 40 78 1.2
107 50 90 4.1
107 60 131 2
107 70 151 3.8
107 80 189 3.6
107 90 225 4.5
108 0 0 1.1
108 10 11 3.6
108 20 47 1.1
108 30 58 2
108 40 78 1.2
108 50 90 4.1
108 60 131 2
108 70 151 3.8
108 80 189 3.6
108 90 225 4.5
109 0 0 1.1
109 10 11 3.6
109 20 47 1.1
109 30 58 2
109 40 78 1.2
109 50 90 4.1
109 60 131 2
109 70 151 3.8
109 80 189 3.6
109 90 225 4.5
110 0 0 1.1
110 10 11 3.6
110 20 47 1.1
110 30 58 2
110 40 78 1.2
110 50 90 4.1
110 60 131 2
110 70 151 3.8
110 80 189 3.6
110 90 225 4.5
111 0 0 1.1
111 10 11 3.6
111 20 47 1.1
111 30 58 2
111 40 78 1.2
111 50 90 4.1
111 60 131 2
111 70 151 3.8
111 80 189 3.6
111 90 225 4.5
112 0 0 1.1
112 10 11 3.6
112 20 47 1.1
112 30 58 2
112 40 78 1.2
112 50 90 4.1
112 60 131 2
112 70 151 3.8
112 80 189 3.6
112 90 225 4.5
113 0 0 1.1
113 10 11 3.6
113 20 47 1.1
113 30 58 2
113 40 78 1.2
113 50 90 4.1
113 60 131 2
113 70 151 3.8
113 80 189 3.6
113 90 225 4.5
114 0 0 1.1
114 10 11 3.6
114 20 47 1.1
114 30 58 2
114 40 78 1.2
114 50 90 4.1
114 60 131 2
114 70 151 3.8
114 80 189 3.6
114 90 225 4.5
115 0 0 1.1
115 10 11 3.6
115 20 47 1.1
115 30 58 2
115 40 78 1.2
115 50 90 4.1
115 60 131 2
115 70 151 3.8
115 80 189 3.6
115 90 225 4.5
116 0 0 1.1
116 10 11 3.6
116 20 47 1.1
116 30 58 2
116 40 78 1.2
116 50 90 4.1
116 60 131 2
116 70 151 3.8
116 80 189 3.6
116 90 225 4.5
117 0 0 1.1
117 10 11 3.6
117 20 47 1.1
117 30 58 2
117 40 78 1.2
117 50 90 4.1
117 60 131 2
117 70 151 3.8
117 80 189 3.6
117 90 225 4.5
118 0 0 1.1
118 10 11 3.6
118 20 47 1.1
118 30 58 2
118 40 78 1.2
118 50 90 4.1
118 60 131 2
118 70 151 3.8
118 80 189 3.6
118 90 225 4.5
119 0 0 1.1
119 10 11 3.6
119 20 47 1.1
119 30 58 2
119 40 78 1.2
119 50 90 4.1
119 60 131 2
119 70 151 3.8
119 80 189 3.6
119 90 225 4.5
120 0 0 1.1
120 10 11 3.6
120 20 47 1.1
120 30 58 2
120 40 78 1.2
120 50 90 4.1
120 60 131 2
120 70 151 3.8
120 80 189 3.6
120 90 225 4.5
121 0 0 1.1
121 10 11 3.6
121 20 47 1.1
121 30 58 2
121 40 78 1.2
121 50 90 4.1
121 60 131 2
121 70 151 3.8
121 80 189 3.6
121 90 225 4.5
122 0 0 1.1
122 10 11 3.6
122 20 47 1.1
122 30 58 2
122 40 78 1.2
122 50 90 4.1
122 60 131 2
122 70 151 3.8
122 80 189 3.6
122 90 225 4.5
123 0 0 1.1
123 10 11 3.6
123 20 47 1.1
123 30 58 2
123 40 78 1.2
123 50 90 4.1
123 60 131 2
123 70 151 3.8
123 80 189 3.6
123 90 225 4.5
124 0 0 1.1
124 10 11 3.6
124 20 47 1.1
124 30 58 2
124 40 78 1.2
124 50 90 4.1
124 60 131 2
124 70 151 3.8
124 80 189 3.6
124 90 225 4.5
125 0 0 1.1
125 10 11 3.6
125 20 47 1.1
125 30 58 2
125 40 78 1.2
125 50 90 4.1
125 60 131 2
125 70 151 3.8
125 80 189 3.6
125 90 225 4.5
126 0 0 1.1
126 10 11 3.6
126 20 47 1.1
126 30 58 2
126 40 78 1.2
126 50 90 4.1
126 60 131 2
126 70 151 3.8
126 80 189 3.6
126 90 225 4.5
127 0 0 1.1
127 10 11 3.6
127 20 47 1.1
127 30 58 2
127 40 78 1.2
127 50 90 4.1
127 60 131 2
127 70 151 3.8
127 80 189 3.6
127 90 225 4.5
128 0 0 1.1
128 10 11 3.6
128 20 47 1.1
128 30 58 2
128 40 78 1.2
128 50 90 4.1
128 60 131 2
128 70 151 3.8
128 80 189 3.6
128 90 225 4.5
129 0 0 1.1
129 10 11 3.6
129 20 47 1.1
129 30 58 2
129 40 78 1.2
129 50 90 4.1
129 60 131 2
129 70 151 3.8
129 80 189 3.6
129 90 225 4.5
130 0 0 1.1
130 10 11 3.6
130 20 47 1.1
130 30 58 2
130 40 78 1.2
130 50 90 4.1
130 60 131 2
130 70 151 3.8
130 80 189 3.6
130 90 225 4.5
131 0 0 1.1
131 10 11 3.6
131 20 47 1.1
131 30 58 2
131 40 78 1.2
131 50 90 4.1
131 60 131 2
131 70 151 3.8
131 80 189 3.6
131 90 225 4.5
132 0 0 1.1
132 10 11 3.6
132 20 47 1.1
132 30 58 2
132 40 78 1.2
132 50 90 4.1
132 60 131 2
132 70 151 3.8
132 80 189 3.6
132 90 225 4.5
133 0 0 1.1
133 10 11 3.6
133 20 47 1.1
133 30 58 2
133 40 78 1.2
133 50 90 4.1
133 60 131 2
133 70 151 3.8
133 80 189 3.6
133 90 225 4.5
134 0 0 1.1
134 10 11 3.6
134 20 47 1.1
134 30 58 2
134 40 78 1.2
134 50 90 4.1
134 60 131 2
134 70 151 3.8
134 80 189 3.6
134 90 225 4.5
135 0 0 1.1
135 10 11 3.6
135 20 47 1.1
135 30 58 2
135 40 78 1.2
135 50 90 4.1
135 60 131 2
135 70 151 3.8
135 80 189 3.6
135 90 225 4.5
136 0 0 1.1
136 10 11 3.6
136 20 47 1.1
136 30 58 2
136 40 78 1.2
136 50 90 4.1
136 60 131 2
136 70 151 3.8
136 80 189 3.6
136 90 225 4.5
137 0 0 1.1
137 10 11 3.6
137 20 47 1.1
137 30 58 2
137 40 78 1.2
137 50 90 4.1
137 60 131 2
137 70 151 3.8
137 80 189 3.6
137 90 225 4.5
138 0 0 1.1
138 10 11 3.6
138 20 47 1.1
138 30 58 2
138 40 78 1.2
138 50 90 4.1
138 60 131 2
138 70 151 3.8
138 80 189 3.6
138 90 225 4.5
139 0 0 1.1
139 10 11 3.6
139 20 47 1.1
139 30 58 2
139 40 78 1.2
139 50 90 4.1
139 60 131 2
139 70 151 3.8
139 80 189 3.6
139 90 225 4.5
140 0 0 1.1
140 10 11 3.6
140 20 47 1.1
140 30 58 2
140 40 78 1.2
140 50 90 4.1
140 60 131 2
140 70 151 3.8
140 80 189 3.6
140 90 225 4.5
141 0 0 1.1
141 10 11 3.6
141 20 47 1.1
141 30 58 2
141 40 78 1.2
141 50 90 4.1
141 60 131 2
141 70 151 3.8
141 80 189 3.6
141 90 225 4.5
142 0 0 1.1
142 10 11 3.6
142 20 47 1.1
142 30 58 2
142 40 78 1.2
142 50 90 4.1
142 60 131 2
142 70 151 3.8
142 80 189 3.6
142 90 225 4.5
143 0 0 1.1
143 10 11 3.6
143 20 47 1.1
143 30 58 2
143 40 78 1.2
143 50 90 4.1
143 60 131 2
143 70 151 3.8
143 80 189 3.6
143 90 225 4.5
144 0 0 1.1
144 10 11 3.6
144 20 47 1.1
144 30 58 2
144 40 78 1.2
144 50 90 4.1
144 60 131 2
144 70 151 3.8
144 80 189 3.6
144 90 225 4.5
145 0 0 1.1
145 10 11 3.6
145 20 47 1.1
145 30 58 2
145 40 78 1.2
145 50 90 4.1
145 60 131 2
145 70 151 3.8
145 80 189 3.6
145 90 225 4.5
146 0 0 1.1
146 10 11 3.6
146 20 47 1.1
146 30 58 2
146 40 78 1.2
146 50 90 4.1
146 60 131 2
146 70 151 3.8
146 80 189 3.6
146 90 225 4.5
147 0 0 1.1
147 10 11 3.6
147 20 47 1.1
147 30 58 2
147 40 78 1.2
147 50 90 4.1
147 60 131 2
147 70 151 3.8
147 80 189 3.6
147 90 225 4.5
148 0 0 1.1
148 10 11 3.6
148 20 47 1.1
148 30 58 2
148 40 78 1.2
148 50 90 4.1
148 60 131 2
148 70 151 3.8
148 80 189 3.6
148 90 225 4.5
149 0 0 1.1
149 10 11 3.6
149 20 47 1.1
149 30 58 2
149 40 78 1.2
149 50 90 4.1
149 60 131 2
149 70 151 3.8
149 80 189 3.6
149 90 225 4.5
150 0 0 1.1
150 10 11 3.6
150 20 47 1.1
150 30 58 2
150 40 78 1.2
150 50 90 4.1
150 60 131 2
150 70 151 3.8
150 80 189 3.6
150 90 225 4.5
151 0 0 1.1
151 10 11 3.6
151 20 47 1.1
151 30 58 2
151 40 78 1.2
151 50 90 4.1
151 60 131 2
151 70 151 3.8
151 80 189 3.6
151 90 225 4.5
152 0 0 1.1
152 10 11 3.6
152 20 47 1.1
152 30 58 2
152 40 78 1.2
152 50 90 4.1
152 60 131 2
152 70 151 3.8
152 80 189 3.6
152 90 225 4.5
153 0 0 1.1
153 10 11 3.6
153 20 47 1.1
153 30 58 2
153 40 78 1.2
153 50 90 4.1
153 60 131 2
153 70 151 3.8
153 80 189 3.6
153 90 225 4.5
154 0 0 1.1
154 10 11 3.6
154 20 47 1.1
154 30 58 2
154 40 78 1.2
154 50 90 4.1
154 60 131 2
154 70 151 3.8
154 80 189 3.6
154 90 225 4.5
155 0 0 1.1
155 10 11 3.6
155 20 47 1.1
155 30 58 2
155 40 78 1.2
155 50 90 4.1
155 60 131 2
155 70 151 3.8
155 80 189 3.6
155 90 225 4.5
156 0 0 1.1
156 10 11 3.6
156 20 47 1.1
156 30 58 2
156 40 78 1.2
156 50 90 4.1
156 60 131 2
156 70 151 3.8
156 80 189 3.6
156 90 225 4.5
157 0 0 1.1
157 10 11 3.6
157 20 47 1.1
157 30 58 2
157 40 78 1.2
157 50 90 4.1
157 60 131 2
157 70 151 3.8
157 80 189 3.6
157 90 225 4.5
158 0 0 1.1
158 10 11 3.6
158 20 47 1.1
158 30 58 2
158 40 78 1.2
158 50 90 4.1
158 60 131 2
158 70 151 3.8
158 80 189 3.6
158 90 225 4.5
159 0 0 1.1
159 10 11 3.6
159 20 47 1.1
159 30 58 2
159 40 78 1.2
159 50 90 4.1
159 60 131 2
159 70 151 3.8
159 80 189 3.6
159 90 225 4.5
160 0 0 1.1
160 10 11 3.6
160 20 47 1.1
160 30 58 2
160 40 78 1.2
160 50 90 4.1
160 60 131 2
160 70 151 3.8
160 80 189 3.6
160 90 225 4.5
161 0 0 1.1
161 10 11 3.6
161 20 47 1.1
161 30 58 2
161 40 78 1.2
161 50 90 4.1
161 60 131 2
161 70 151 3.8
161 80 189 3.6
161 90 225 4.5
162 0 0 1.1
162 10 11 3.6
162 20 47 1.1
162 30 58 2
162 40 78 1.2
162 50 90 4.1
162 60 131 2
162 70 151 3.8
162 80 189 3.6
162 90 225 4.5
163 0 0 1.1
163 10 11 3.6
163 20 47 1.1
163 30 58 2
163 40 78 1.2
163 50 90 4.1
163 60 131 2
163 70 151 3.8
163 80 189 3.6
163 90 225 4.5
164 0 0 1.1
164 10 11 3.6
164 20 47 1.1
164 30 58 2
164 40 78 1.2
164 50 90 4.1
164 60 131 2
164 70 151 3.8
164 80 189 3.6
164 90 225 4.5
165 0 0 1.1
165 10 11 3.6
165 20 47 1.1
165 30 58 2
165 40 78 1.2
165 50 90 4.1
165 60 131 2
165 70 151 3.8
165 80 189 3.6
165 90 225 4.5
166 0 0 1.1
166 10 11 3.6
166 20 47 1.1
166 30 58 2
166 40 78 1.2
166 50 90 4.1
166 60 131 2
166 70 151 3.8
166 80 189 3.6
166 90 225 4.5
167 0 0 1.1
167 10 11 3.6
167 20 47 1.1
167 30 58 2
167 40 78 1.2
167 50 90 4.1
167 60 131 2
167 70 151 3.8
167 80 189 3.6
167 90 225 4.5
168 0 0 1.1
168 10 11 3.6
168 20 47 1.1
168 30 58 2
168 40 78 1.2
168 50 90 4.1
168 60 131 2
168 70 151 3.8
168 80 189 3.6
168 90 225 4.5
169 0 0 1.1
169 10 11 3.6
169 20 47 1.1
169 30 58 2
169 40 78 1.2
169 50 90 4.1
169 60 131 2
169 70 151 3.8
169 80 189 3.6
169 90 225 4.5
170 0 0 1.1
170 10 11 3.6
170 20 47 1.1
170 30 58 2
170 40 78 1.2
170 50 90 4.1
170 60 131 2
170 70 151 3.8
170 80 189 3.6
170 90 225 4.5
171 0 0 1.1
171 10 11 3.6
171 20 47 1.1
171 30 58 2
171 40 78 1.2
171 50 90 4.1
171 60 131 2
171 70 151 3.8
171 80 189 3.6
171 90 225 4.5
172 0 0 1.1
172 10 11 3.6
172 20 47 1.1
172 30 58 2
172 40 78 1.2
172 50 90 4.1
172 60 131 2
172 70 151 3.8
172 80 189 3.6
172 90 225 4.5
173 0 0 1.1
173 10 11 3.6
173 20 47 1.1
173 30 58 2
173 40 78 1.2
173 50 90 4.1
173 60 131 2
173 70 151 3.8
173 80 189 3.6
173 90 225 4.5
174 0 0 1.1
174 10 11 3.6
174 20 47 1.1
174 30 58 2
174 40 78 1.2
174 50 90 4.1
174 60 131 2
174 70 151 3.8
174 80 189 3.6
174 90 225 4.5
175 0 0 1.1
175 10 11 3.6
175 20 47 1.1
175 30 58 2
175 40 78 1.2
175 50 90 4.1
175 60 131 2
175 70 151 3.8
175 80 189 3.6
175 90 225 4.5
176 0 0 1.1
176 10 11 3.6
176 20 47 1.1
176 30 58 2
176 40 78 1.2
176 50 90 4.1
176 60 131 2
176 70 151 3.8
176 80 189 3.6
176 90 225 4.5
177 0 0 1.1
177 10 11 3.6
177 20 47 1.1
177 30 58 2
177 40 78 1.2
177 50 90 4.1
177 60 131 2
177 70 151 3.8
177 80 189 3.6
177 90 225 4.5
178 0 0 1.1
178 10 11 3.6
178 20 47 1.1
178 30 58 2
178 40 78 1.2
178 50 90 4.1
178 60 131 2
178 70 151 3.8
178 80 189 3.6
178 90 225 4.5
179 0 0 1.1
179 10 11 3.6
179 20 47 1.1
179 30 58 2
179 40 78 1.2
179 50 90 4.1
179 60 131 2
179 70 151 3.8
179 80 189 3.6
179 90 225 4.5
180 0 0 1.1
180 10 11 3.6
180 20 47 1.1
180 30 58 2
180 40 78 1.2
180 50 90 4.1
180 60 131 2
180 70 151 3.8
180 80 189 3.6
180 90 225 4.5
181 0 0 1.1
181 10 11 3.6
181 20 47 1.1
181 30 58 2
181 40 78 1.2
181 50 90 4.1
181 60 131 2
181 70 151 3.8
181 80 189 3.6
181 90 225 4.5
182 0 0 1.1
182 10 11 3.6
182 20 47 1.1
182 30 58 2
182 40 78 1.2
182 50 90 4.1
182 60 131 2
182 70 151 3.8
182 80 189 3.6
182 90 225 4.5
183 0 0 1.1
183 10 11 3.6
183 20 47 1.1
183 30 58 2
183 40 78 1.2
183 50 90 4.1
183 60 131 2
183 70 151 3.8
183 80 189 3.6
183 90 225 4.5
184 0 0 1.1
184 10 11 3.6
184 20 47 1.1
184 30 58 2
184 40 78 1.2
184 50 90 4.1
184 60 131 2
184 70 151 3.8
184 80 189 3.6
184 90 225 4.5
185 0 0 1.1
185 10 11 3.6
185 20 47 1.1
185 30 58 2
185 40 78 1.2
185 50 90 4.1
185 60 131 2
185 70 151 3.8
185 80 189 3.6
185 90 225 4.5
186 0 0 1.1
186 10 11 3.6
186 20 47 1.1
186 30 58 2
186 40 78 1.2
186 50 90 4.1
186 60 131 2
186 70 151 3.8
186 80 189 3.6
186 90 225 4.5
187 0 0 1.1
187 10 11 3.6
187 20 47 1.1
187 30 58 2
187 40 78 1.2
187 50 90 4.1
187 60 131 2
187 70 151 3.8
187 80 189 3.6
187 90 225 4.5
188 0 0 1.1
188 10 11 3.6
188 20 47 1.1
188 30 58 2
188 40 78 1.2
188 50 90 4.1
188 60 131 2
188 70 151 3.8
188 80 189 3.6
188 90 225 4.5
189 0 0 1.1
189 10 11 3.6
189 20 47 1.1
189 30 58 2
189 40 78 1.2
189 50 90 4.1
189 60 131 2
189 70 151 3.8
189 80 189 3.6
189 90 225 4.5
190 0 0 1.1
190 10 11 3.6
190 20 47 1.1
190 30 58 2
190 40 78 1.2
190 50 90 4.1
190 60 131 2
190 70 151 3.8
190 80 189 3.6
190 90 225 4.5
191 0 0 1.1
191 10 11 3.6
191 20 47 1.1
191 30 58 2
191 40 78 1.2
191 50 90 4.1
191 60 131 2
191 70 151 3.8
191 80 189 3.6
191 90 225 4.5
192 0 0 1.1
192 10 11 3.6
192 20 47 1.1
192 30 58 2
192 40 78 1.2
192 50 90 4.1
192 60 131 2
192 70 151 3.8
192 80 189 3.6
192 90 225 4.5
193 0 0 1.1
193 10 11 3.6
193 20 47 1.1
193 30 58 2
193 40 78 1.2
193 50 90 4.1
193 60 131 2
193 70 151 3.8
193 80 189 3.6
193 90 225 4.5
194 0 0 1.1
194 10 11 3.6
194 20 47 1.1
194 30 58 2
194 40 78 1.2
194 50 90 4.1
194 60 131 2
194 70 151 3.8
194 80 189 3.6
194 90 225 4.5
195 0 0 1.1
195 10 11 3.6
195 20 47 1.1
195 30 58 2
195 40 78 1.2
195 50 90 4.1
195 60 131 2
195 70 151 3.8
195 80 189 3.6
195 90 225 4.5
196 0 0 1.1
196 10 11 3.6
196 20 47 1.1
196 30 58 2
196 40 78 1.2
196 50 90 4.1
196 60 131 2
196 70 151 3.8
196 80 189 3.6
196 90 225 4.5
197 0 0 1.1
197 10 11 3.6
197 20 47 1.1
197 30 58 2
197 40 78 1.2
197 50 90 4.1
197 60 131 2
197 70 151 3.8
197 80 189 3.6
197 90 225 4.5
198 0 0 1.1
198 10 11 3.6
198 20 47 1.1
198 30 58 2
198 40 78 1.2
198 50 90 4.1
198 60 131 2
198 70 151 3.8
198 80 189 3.6
198 90 225 4.5
199 0 0 1.1
199 10 11 3.6
199 20 47 1.1
199 30 58 2
199 40 78 1.2
199 50 90 4.1
199 60 131 2
199 70 151 3.8
199 80 189 3.6
199 90 225 4.5
200 0 0 1.1
200 10 11 3.6
200 20 47 1.1
200 30 58 2
200 40 78 1.2
200 50 90 4.1
200 60 131 2
200 70 151 3.8
200 80 189 3.6
200 90 225 4.5
201 0 0 1.1
201 10 11 3.6
201 20 47 1.1
201 30 58 2
201 40 78 1.2
201 50 90 4.1
201 60 131 2
201 70 151 3.8
201 80 189 3.6
201 90 225 4.5
202 0 0 1.1
202 10 11 3.6
202 20 47 1.1
202 30 58 2
202 40 78 1.2
202 50 90 4.1
202 60 131 2
202 70 151 3.8
202 80 189 3.6
202 90 225 4.5
203 0 0 1.1
203 10 11 3.6
203 20 47 1.1
203 30 58 2
203 40 78 1.2
203 50 90 4.1
203 60 131 2
203 70 151 3.8
203 80 189 3.6
203 90 225 4.5
204 0 0 1.1
204 10 11 3.6
204 20 47 1.1
204 30 58 2
204 40 78 1.2
204 50 90 4.1
204 60 131 2
204 70 151 3.8
204 80 189 3.6
204 90 225 4.5
205 0 0 1.1
205 10 11 3.6
205 20 47 1.1
205 30 58 2
205 40 78 1.2
205 50 90 4.1
205 60 131 2
205 70 151 3.8
205 80 189 3.6
205 90 225 4.5
206 0 0 1.1
206 10 11 3.6
206 20 47 1.1
206 30 58 2
206 40 78 1.2
206 50 90 4.1
206 60 131 2
206 70 151 3.8
206 80 189 3.6
206 90 225 4.5
207 0 0 1.1
207 10 11 3.6
207 20 47 1.1
207 30 58 2
207 40 78 1.2
207 50 90 4.1
207 60 131 2
207 70 151 3.8
207 80 189 3.6
207 90 225 4.5
208 0 0 1.1
208 10 11 3.6
208 20 47 1.1
208 30 58 2
208 40 78 1.2
208 50 90 4.1
208 60 131 2
208 70 151 3.8
208 80 189 3.6
208 90 225 4.5
209 0 0 1.1
209 10 11 3.6
209 20 47 1.1
209 30 58 2
209 40 78 1.2
209 50 90 4.1
209 60 131 2
209 70 151 3.8
209 80 189 3.6
209 90 225 4.5
210 0 0 1.1
210 10 11 3.6
210 20 47 1.1
210 30 58 2
210 40 78 1.2
210 50 90 4.1
210 60 131 2
210 70 151 3.8
210 80 189 3.6
210 90 225 4.5
211 0 0 1.1
211 10 11 3.6
211 20 47 1.1
211 30 58 2
211 40 78 1.2
211 50 90 4.1
211 60 131 2
211 70 151 3.8
211 80 189 3.6
211 90 225 4.5
212 0 0 1.1
212 10 11 3.6
212 20 47 1.1
212 30 58 2
212 40 78 1.2
212 50 90 4.1
212 60 131 2
212 70 151 3.8
212 80 189 3.6
212 90 225 4.5
213 0 0 1.1
213 10 11 3.6
213 20 47 1.1
213 30 58 2
213 40 78 1.2
213 50 90 4.1
213 60 131 2
213 70 151 3.8
213 80 189 3.6
213 90 225 4.5
214 0 0 1.1
214 10 11 3.6
214 20 47 1.1
214 30 58 2
214 40 78 1.2
214 50 90 4.1
214 60 131 2
214 70 151 3.8
214 80 189 3.6
214 90 225 4.5
215 0 0 1.1
215 10 11 3.6
215 20 47 1.1
215 30 58 2
215 40 78 1.2
215 50 90 4.1
215 60 131 2
215 70 151 3.8
215 80 189 3.6
215 90 225 4.5
216 0 0 1.1
216 10 11 3.6
216 20 47 1.1
216 30 58 2
216 40 78 1.2
216 50 90 4.1
216 60 131 2
216 70 151 3.8
216 80 189 3.6
216 90 225 4.5
217 0 0 1.1
217 10 11 3.6
217 20 47 1.1
217 30 58 2
217 40 78 1.2
217 50 90 4.1
217 60 131 2
217 70 151 3.8
217 80 189 3.6
217 90 225 4.5
218 0 0 1.1
218 10 11 3.6
218 20 47 1.1
218 30 58 2
218 40 78 1.2
218 50 90 4.1
218 60 131 2
218 70 151 3.8
218 80 189 3.6
218 90 225 4.5
219 0 0 1.1
219 10 11 3.6
219 20 47 1.1
219 30 58 2
219 40 78 1.2
219 50 90 4.1
219 60 131 2
219 70 151 3.8
219 80 189 3.6
219 90 225 4.5
220 0 0 1.1
220 10 11 3.6
220 20 47 1.1
220 30 58 2
220 40 78 1.2
220 50 90 4.1
220 60 131 2
220 70 151 3.8
220 80 189 3.6
220 90 225 4.5
221 0 0 1.1
221 10 11 3.6
221 20 47 1.1
221 30 58 2
221 40 78 1.2
221 50 90 4.1
221 60 131 2
221 70 151 3.8
221 80 189 3.6
221 90 225 4.5
222 0 0 1.1
222 10 11 3.6
222 20 47 1.1
222 30 58 2
222 40 78 1.2
222 50 90 4.1
222 60 131 2
222 70 151 3.8
222 80 189 3.6
222 90 225 4.5
223 0 0 1.1
223 10 11 3.6
223 20 47 1.1
223 30 58 2
223 40 78 1.2
223 50 90 4.1
223 60 131 2
223 70 151 3.8
223 80 189 3.6
223 90 225 4.5
224 0 0 1.1
224 10 11 3.6
224 20 47 1.1
224 30 58 2
224 40 78 1.2
224 50 90 4.1
224 60 131 2
224 70 151 3.8
224 80 189 3.6
224 90 225 4.5
225 0 0 1.1
225 10 11 3.6
225 20 47 1.1
225 30 58 2
225 40 78 1.2
225 50 90 4.1
225 60 131 2
225 70 151 3.8
225 80 189 3.6
225 90 225 4.5
226 0 0 1.1
226 10 11 3.6
226 20 47 1.1
226 30 58 2
226 40 78 1.2
226 50 90 4.1
226 60 131 2
226 70 151 3.8
226 80 189 3.6
226 90 225 4.5
227 0 0 1.1
227 10 11 3.6
227 20 47 1.1
227 30 58 2
227 40 78 1.2
227 50 90 4.1
227 60 131 2
227 70 151 3.8
227 80 189 3.6
227 90 225 4.5
228 0 0 1.1
228 10 11 3.6
228 20 47 1.1
228 30 58 2
228 40 78 1.2
228 50 90 4.1
228 60 131 2
228 70 151 3.8
228 80 189 3.6
228 90 225 4.5
229 0 0 1.1
229 10 11 3.6
229 20 47 1.1
229 30 58 2
229 40 78 1.2
229 50 90 4.1
229 60 131 2
229 70 151 3.8
229 80 189 3.6
229 90 225 4.5
230 0 0 1.1
230 10 11 3.6
230 20 47 1.1
230 30 58 2
230 40 78 1.2
230 50 90 4.1
230 60 131 2
230 70 151 3.8
230 80 189 3.6
230 90 225 4.5
231 0 0 1.1
231 10 11 3.6
231 20 47 1.1
231 30 58 2
231 40 78 1.2
231 50 90 4.1
231 60 131 2
231 70 151 3.8
231 80 189 3.6
231 90 225 4.5
232 0 0 1.1
232 10 11 3.6
232 20 47 1.1
232 30 58 2
232 40 78 1.2
232 50 90 4.1
232 60 131 2
232 70 151 3.8
232 80 189 3.6
232 90 225 4.5
233 0 0 1.1
233 10 11 3.6
233 20 47 1.1
233 30 58 2
233 40 78 1.2
233 50 90 4.1
233 60 131 2
233 70 151 3.8
233 80 189 3.6
233 90 225 4.5
234 0 0 1.1
234 10 11 3.6
234 20 47 1.1
234 30 58 2
234 40 78 1.2
234 50 90 4.1
234 60 131 2
234 70 151 3.8
234 80 189 3.6
234 90 225 4.5
235 0 0 1.1
235 10 11 3.6
235 20 47 1.1
235 30 58 2
235 40 78 1.2
235 50 90 4.1
235 60 131 2
235 70 151 3.8
235 80 189 3.6
235 90 225 4.5
236 0 0 1.1
236 10 11 3.6
236 20 47 1.1
236 30 58 2
236 40 78 1.2
236 50 90 4.1
236 60 131 2
236 70 151 3.8
236 80 189 3.6
236 90 225 4.5
237 0 0 1.1
237 10 11 3.6
237 20 47 1.1
237 30 58 2
237 40 78 1.2
237 50 90 4.1
237 60 131 2
237 70 151 3.8
237 80 189 3.6
237 90 225 4.5
238 0 0 1.1
238 10 11 3.6
238 20 47 1.1
238 30 58 2
238 40 78 1.2
238 50 90 4.1
238 60 131 2
238 70 151 3.8
238 80 189 3.6
238 90 225 4.5
239 0 0 1.1
239 10 11 3.6
239 20 47 1.1
239 30 58 2
239 40 78 1.2
239 50 90 4.1
239 60 131 2
239 70 151 3.8
239 80 189 3.6
239 90 225 4.5
240 0 0 1.1
240 10 11 3.6
240 20 47 1.1
240 30 58 2
240 40 78 1.2
240 50 90 4.1
240 60 131 2
240 70 151 3.8
240 80 189 3.6
240 90 225 4.5
241 0 0 1.1
241 10 11 3.6
241 20 47 1.1
241 30 58 2
241 40 78 1.2
241 50 90 4.1
241 60 131 2
241 70 151 3.8
241 80 189 3.6
241 90 225 4.5
242 0 0 1.1
242 10 11 3.6
242 20 47 1.1
242 30 58 2
242 40 78 1.2
242 50 90 4.1
242 60 131 2
242 70 151 3.8
242 80 189 3.6
242 90 225 4.5
243 0 0 1.1
243 10 11 3.6
243 20 47 1.1
243 30 58 2
243 40 78 1.2
243 50 90 4.1
243 60 131 2
243 70 151 3.8
243 80 189 3.6
243 90 225 4.5
244 0 0 1.1
244 10 11 3.6
244 20 47 1.1
244 30 58 2
244 40 78 1.2
244 50 90 4.1
244 60 131 2
244 70 151 3.8
244 80 189 3.6
244 90 225 4.5
245 0 0 1.1
245 10 11 3.6
245 20 47 1.1
245 30 58 2
245 40 78 1.2
245 50 90 4.1
245 60 131 2
245 70 151 3.8
245 80 189 3.6
245 90 225 4.5
246 0 0 1.1
246 10 11 3.6
246 20 47 1.1
246 30 58 2
246 40 78 1.2
246 50 90 4.1
246 60 131 2
246 70 151 3.8
246 80 189 3.6
246 90 225 4.5
247 0 0 1.1
247 10 11 3.6
247 20 47 1.1
247 30 58 2
247 40 78 1.2
247 50 90 4.1
247 60 131 2
247 70 151 3.8
247 80 189 3.6
247 90 225 4.5
248 0 0 1.1
248 10 11 3.6
248 20 47 1.1
248 30 58 2
248 40 78 1.2
248 50 90 4.1
248 60 131 2
248 70 151 3.8
248 80 189 3.6
248 90 225 4.5
249 0 0 1.1
249 10 11 3.6
249 20 47 1.1
249 30 58 2
249 40 78 1.2
249 50 90 4.1
249 60 131 2
249 70 151 3.8
249 80 189 3.6
249 90 225 4.5
250 0 0 1.1
250 10 11 3.6
250 20 47 1.1
250 30 58 2
250 40 78 1.2
250 50 90 4.1
250 60 131 2
250 70 151 3.8
250 80 189 3.6
250 90 225 4.5
251 0 0 1.1
251 10 11 3.6
251 20 47 1.1
251 30 58 2
251 40 78 1.2
251 50 90 4.1
251 60 131 2
251 70 151 3.8
251 80 189 3.6
251 90 225 4.5
252 0 0 1.1
252 10 11 3.6
252 20 47 1.1
252 30 58 2
252 40 78 1.2
252 50 90 4.1
252 60 131 2
252 70 151 3.8
252 80 189 3.6
252 90 225 4.5
253 0 0 1.1
253 10 11 3.6
253 20 47 1.1
253 30 58 2
253 40 78 1.2
253 50 90 4.1
253 60 131 2
253 70 151 3.8
253 80 189 3.6
253 90 225 4.5
254 0 0 1.1
254 10 11 3.6
254 20 47 1.1
254 30 58 2
254 40 78 1.2
254 50 90 4.1
254 60 131 2
254 70 151 3.8
254 80 189 3.6
254 90 225 4.5
255 0 0 1.1
255 10 11 3.6
255 20 47 1.1
255 30 58 2
255 40 78 1.2
255 50 90 4.1
255 60 131 2
255 70 151 3.8
255 80 189 3.6
255 90 225 4.5
256 0 0 1.1
256 10 11 3.6
256 20 47 1.1
256 30 58 2
256 40 78 1.2
256 50 90 4.1
256 60 131 2
256 70 151 3.8
256 80 189 3.6
256 90 225 4.5
257 0 0 1.1
257 10 11 3.6
257 20 47 1.1
257 30 58 2
257 40 78 1.2
257 50 90 4.1
257 60 131 2
257 70 151 3.8
257 80 189 3.6
257 90 225 4.5
258 0 0 1.1
258 10 11 3.6
258 20 47 1.1
258 30 58 2
258 40 78 1.2
258 50 90 4.1
258 60 131 2
258 70 151 3.8
258 80 189 3.6
258 90 225 4.5
259 0 0 1.1
259 10 11 3.6
259 20 47 1.1
259 30 58 2
259 40 78 1.2
259 50 90 4.1
259 60 131 2
259 70 151 3.8
259 80 189 3.6
259 90 225 4.5
260 0 0 1.1
260 10 11 3.6
260 20 47 1.1
260 30 58 2
260 40 78 1.2
260 50 90 4.1
260 60 131 2
260 70 151 3.8
260 80 189 3.6
260 90 225 4.5
261 0 0 1.1
261 10 11 3.6
261 20 47 1.1
261 30 58 2
261 40 78 1.2
261 50 90 4.1
261 60 131 2
261 70 151 3.8
261 80 189 3.6
261 90 225 4.5
262 0 0 1.1
262 10 11 3.6
262 20 47 1.1
262 30 58 2
262 40 78 1.2
262 50 90 4.1
262 60 131 2
262 70 151 3.8
262 80 189 3.6
262 90 225 4.5
263 0 0 1.1
263 10 11 3.6
263 20 47 1.1
263 30 58 2
263 40 78 1.2
263 50 90 4.1
263 60 131 2
263 70 151 3.8
263 80 189 3.6
263 90 225 4.5
264 0 0 1.1
264 10 11 3.6
264 20 47 1.1
264 30 58 2
264 40 78 1.2
264 50 90 4.1
264 60 131 2
264 70 151 3.8
264 80 189 3.6
264 90 225 4.5
265 0 0 1.1
265 10 11 3.6
265 20 47 1.1
265 30 58 2
265 40 78 1.2
265 50 90 4.1
265 60 131 2
265 70 151 3.8
265 80 189 3.6
265 90 225 4.5
266 0 0 1.1
266 10 11 3.6
266 20 47 1.1
266 30 58 2
266 40 78 1.2
266 50 90 4.1
266 60 131 2
266 70 151 3.8
266 80 189 3.6
266 90 225 4.5
267 0 0 1.1
267 10 11 3.6
267 20 47 1.1
267 30 58 2
267 40 78 1.2
267 50 90 4.1
267 60 131 2
267 70 151 3.8
267 80 189 3.6
267 90 225 4.5
268 0 0 1.1
268 10 11 3.6
268 20 47 1.1
268 30 58 2
268 40 78 1.2
268 50 90 4.1
268 60 131 2
268 70 151 3.8
268 80 189 3.6
268 90 225 4.5
269 0 0 1.1
269 10 11 3.6
269 20 47 1.1
269 30 58 2
269 40 78 1.2
269 50 90 4.1
269 60 131 2
269 70 151 3.8
269 80 189 3.6
269 90 225 4.5
270 0 0 1.1
270 10 11 3.6
270 20 47 1.1
270 30 58 2
270 40 78 1.2
270 50 90 4.1
270 60 131 2
270 70 151 3.8
270 80 189 3.6
270 90 225 4.5
271 0 0 1.1
271 10 11 3.6
271 20 47 1.1
271 30 58 2
271 40 78 1.2
271 50 90 4.1
271 60 131 2
271 70 151 3.8
271 80 189 3.6
271 90 225 4.5
272 0 0 1.1
272 10 11 3.6
272 20 47 1.1
272 30 58 2
272 40 78 1.2
272 50 90 4.1
272 60 131 2
272 70 151 3.8
272 80 189 3.6
272 90 225 4.5
273 0 0 1.1
273 10 11 3.6
273 20 47 1.1
273 30 58 2
273 40 78 1.2
273 50 90 4.1
273 60 131 2
273 70 151 3.8
273 80 189 3.6
273 90 225 4.5
274 0 0 1.1
274 10 11 3.6
274 20 47 1.1
274 30 58 2
274 40 78 1.2
274 50 90 4.1
274 60 131 2
274 70 151 3.8
274 80 189 3.6
274 90 225 4.5
275 0 0 1.1
275 10 11 3.6
275 20 47 1.1
275 30 58 2
275 40 78 1.2
275 50 90 4.1
275 60 131 2
275 70 151 3.8
275 80 189 3.6
275 90 225 4.5
276 0 0 1.1
276 10 11 3.6
276 20 47 1.1
276 30 58 2
276 40 78 1.2
276 50 90 4.1
276 60 131 2
276 70 151 3.8
276 80 189 3.6
276 90 225 4.5
277 0 0 1.1
277 10 11 3.6
277 20 47 1.1
277 30 58 2
277 40 78 1.2
277 50 90 4.1
277 60 131 2
277 70 151 3.8
277 80 189 3.6
277 90 225 4.5
278 0 0 1.1
278 10 11 3.6
278 20 47 1.1
278 30 58 2
278 40 78 1.2
278 50 90 4.1
278 60 131 2
278 70 151 3.8
278 80 189 3.6
278 90 225 4.5
279 0 0 1.1
279 10 11 3.6
279 20 47 1.1
279 30 58 2
279 40 78 1.2
279 50 90 4.1
279 60 131 2
279 70 151 3.8
279 80 189 3.6
279 90 225 4.5
280 0 0 1.1
280 10 11 3.6
280 20 47 1.1
280 30 58 2
280 40 78 1.2
280 50 90 4.1
280 60 131 2
280 70 151 3.8
280 80 189 3.6
280 90 225 4.5
281 0 0 1.1
281 10 11 3.6
281 20 47 1.1
281 30 58 2
281 40 78 1.2
281 50 90 4.1
281 60 131 2
281 70 151 3.8
281 80 189 3.6
281 90 225 4.5
282 0 0 1.1
282 10 11 3.6
282 20 47 1.1
282 30 58 2
282 40 78 1.2
282 50 90 4.1
282 60 131 2
282 70 151 3.8
282 80 189 3.6
282 90 225 4.5
283 0 0 1.1
283 10 11 3.6
283 20 47 1.1
283 30 58 2
283 40 78 1.2
283 50 90 4.1
283 60 131 2
283 70 151 3.8
283 80 189 3.6
283 90 225 4.5
284 0 0 1.1
284 10 11 3.6
284 20 47 1.1
284 30 58 2
284 40 78 1.2
284 50 90 4.1
284 60 131 2
284 70 151 3.8
284 80 189 3.6
284 90 225 4.5
285 0 0 1.1
285 10 11 3.6
285 20 47 1.1
285 30 58 2
285 40 78 1.2
285 50 90 4.1
285 60 131 2
285 70 151 3.8
285 80 189 3.6
285 90 225 4.5
286 0 0 1.1
286 10 11 3.6
286 20 47 1.1
286 30 58 2
286 40 78 1.2
286 50 90 4.1
286 60 131 2
286 70 151 3.8
286 80 189 3.6
286 90 225 4.5
287 0 0 1.1
287 10 11 3.6
287 20 47 1.1
287 30 58 2
287 40 78 1.2
287 50 90 4.1
287 60 131 2
287 70 151 3.8
287 80 189 3.6
287 90 225 4.5
288 0 0 1.1
288 10 11 3.6
288 20 47 1.1
288 30 58 2
288 40 78 1.2
288 50 90 4.1
288 60 131 2
288 70 151 3.8
288 80 189 3.6
288 90 225 4.5
289 0 0 1.1
289 10 11 3.6
289 20 47 1.1
289 30 58 2
289 40 78 1.2
289 50 90 4.1
289 60 131 2
289 70 151 3.8
289 80 189 3.6
289 90 225 4.5
290 0 0 1.1
290 10 11 3.6
290 20 47 1.1
290 30 58 2
290 40 78 1.2
290 50 90 4.1
290 60 131 2
290 70 151 3.8
290 80 189 3.6
290 90 225 4.5
291 0 0 1.1
291 10 11 3.6
291 20 47 1.1
291 30 58 2
291 40 78 1.2
291 50 90 4.1
291 60 131 2
291 70 151 3.8
291 80 189 3.6
291 90 225 4.5
292 0 0 1.1
292 10 11 3.6
292 20 47 1.1
292 30 58 2
292 40 78 1.2
292 50 90 4.1
292 60 131 2
292 70 151 3.8
292 80 189 3.6
292 90 225 4.5
293 0 0 1.1
293 10 11 3.6
293 20 47 1.1
293 30 58 2
293 40 78 1.2
293 50 90 4.1
293 60 131 2
293 70 151 3.8
293 80 189 3.6
293 90 225 4.5
294 0 0 1.1
294 10 11 3.6
294 20 47 1.1
294 30 58 2
294 40 78 1.2
294 50 90 4.1
294 60 131 2
294 70 151 3.8
294 80 189 3.6
294 90 225 4.5
295 0 0 1.1
295 10 11 3.6
295 20 47 1.1
295 30 58 2
295 40 78 1.2
295 50 90 4.1
295 60 131 2
295 70 151 3.8
295 80 189 3.6
295 90 225 4.5
296 0 0 1.1
296 10 11 3.6
296 20 47 1.1
296 30 58 2
296 40 78 1.2
296 50 90 4.1
296 60 131 2
296 70 151 3.8
296 80 189 3.6
296 90 225 4.5
297 0 0 1.1
297 10 11 3.6
297 20 47 1.1
297 30 58 2
297 40 78 1.2
297 50 90 4.1
297 60 131 2
297 70 151 3.8
297 80 189 3.6
297 90 225 4.5
298 0 0 1.1
298 10 11 3.6
298 20 47 1.1
298 30 58 2
298 40 78 1.2
298 50 90 4.1
298 60 131 2
298 70 151 3.8
298 80 189 3.6
298 90 225 4.5
299 0 0 1.1
299 10 11 3.6
299 20 47 1.1
299 30 58 2
299 40 78 1.2
299 50 90 4.1
299 60 131 2
299 70 151 3.8
299 80 189 3.6
299 90 225 4.5
300 0 0 1.1
300 10 11 3.6
300 20 47 1.1
300 30 58 2
300 40 78 1.2
300 50 90 4.1
300 60 131 2
300 70 151 3.8
300 80 189 3.6
300 90 225 4.5
301 0 0 1.1
301 10 11 3.6
301 20 47 1.1
301 30 58 2
301 40 78 1.2
301 50 90 4.1
301 60 131 2
301 70 151 3.8
301 80 189 3.6
301 90 225 4.5
302 0 0 1.1
302 10 11 3.6
302 20 47 1.1
302 30 58 2
302 40 78 1.2
302 50 90 4.1
302 60 131 2
302 70 151 3.8
302 80 189 3.6
302 90 225 4.5
303 0 0 1.1
303 10 11 3.6
303 20 47 1.1
303 30 58 2
303 40 78 1.2
303 50 90 4.1
303 60 131 2
303 70 151 3.8
303 80 189 3.6
303 90 225 4.5
304 0 0 1.1
304 10 11 3.6
304 20 47 1.1
304 30 58 2
304 40 78 1.2
304 50 90 4.1
304 60 131 2
304 70 151 3.8
304 80 189 3.6
304 90 225 4.5
305 0 0 1.1
305 10 11 3.6
305 20 47 1.1
305 30 58 2
305 40 78 1.2
305 50 90 4.1
305 60 131 2
305 70 151 3.8
305 80 189 3.6
305 90 225 4.5
306 0 0 1.1
306 10 11 3.6
306 20 47 1.1
306 30 58 2
306 40 78 1.2
306 50 90 4.1
306 60 131 2
306 70 151 3.8
306 80 189 3.6
306 90 225 4.5
307 0 0 1.1
307 10 11 3.6
307 20 47 1.1
307 30 58 2
307 40 78 1.2
307 50 90 4.1
307 60 131 2
307 70 151 3.8
307 80 189 3.6
307 90 225 4.5
308 0 0 1.1
308 10 11 3.6
308 20 47 1.1
308 30 58 2
308 40 78 1.2
308 50 90 4.1
308 60 131 2
308 70 151 3.8
308 80 189 3.6
308 90 225 4.5
309 0 0 1.1
309 10 11 3.6
309 20 47 1.1
309 30 58 2
309 40 78 1.2
309 50 90 4.1
309 60 131 2
309 70 151 3.8
309 80 189 3.6
309 90 225 4.5
310 0 0 1.1
310 10 11 3.6
310 20 47 1.1
310 30 58 2
310 40 78 1.2
310 50 90 4.1
310 60 131 2
310 70 151 3.8
310 80 189 3.6
310 90 225 4.5
311 0 0 1.1
311 10 11 3.6
311 20 47 1.1
311 30 58 2
311 40 78 1.2
311 50 90 4.1
311 60 131 2
311 70 151 3.8
311 80 189 3.6
311 90 225 4.5
312 0 0 1.1
312 10 11 3.6
312 20 47 1.1
312 30 58 2
312 40 78 1.2
312 50 90 4.1
312 60 131 2
312 70 151 3.8
312 80 189 3.6
312 90 225 4.5
313 0 0 1.1
313 10 11 3.6
313 20 47 1.1
313 30 58 2
313 40 78 1.2
313 50 90 4.1
313 60 131 2
313 70 151 3.8
313 80 189 3.6
313 90 225 4.5
314 0 0 1.1
314 10 11 3.6
314 20 47 1.1
314 30 58 2
314 40 78 1.2
314 50 90 4.1
314 60 131 2
314 70 151 3.8
314 80 189 3.6
314 90 225 4.5
315 0 0 1.1
315 10 11 3.6
315 20 47 1.1
315 30 58 2
315 40 78 1.2
315 50 90 4.1
315 60 131 2
315 70 151 3.8
315 80 189 3.6
315 90 225 4.5
316 0 0 1.1
316 10 11 3.6
316 20 47 1.1
316 30 58 2
316 40 78 1.2
316 50 90 4.1
316 60 131 2
316 70 151 3.8
316 80 189 3.6
316 90 225 4.5
317 0 0 1.1
317 10 11 3.6
317 20 47 1.1
317 30 58 2
317 40 78 1.2
317 50 90 4.1
317 60 131 2
317 70 151 3.8
317 80 189 3.6
317 90 225 4.5
318 0 0 1.1
318 10 11 3.6
318 20 47 1.1
318 30 58 2
318 40 78 1.2
318 50 90 4.1
318 60 131 2
318 70 151 3.8
318 80 189 3.6
318 90 225 4.5
319 0 0 1.1
319 10 11 3.6
319 20 47 1.1
319 30 58 2
319 40 78 1.2
319 50 90 4.1
319 60 131 2
319 70 151 3.8
319 80 189 3.6
319 90 225 4.5
320 0 0 1.1
320 10 11 3.6
320 20 47 1.1
320 30 58 2
320 40 78 1.2
320 50 90 4.1
320 60 131 2
320 70 151 3.8
320 80 189 3.6
320 90 225 4.5
321 0 0 1.1
321 10 11 3.6
321 20 47 1.1
321 30 58 2
321 40 78 1.2
321 50 90 4.1
321 60 131 2
321 70 151 3.8
321 80 189 3.6
321 90 225 4.5
322 0 0 1.1
322 10 11 3.6
322 20 47 1.1
322 30 58 2
322 40 78 1.2
322 50 90 4.1
322 60 131 2
322 70 151 3.8
322 80 189 3.6
322 90 225 4.5
323 0 0 1.1
323 10 11 3.6
323 20 47 1.1
323 30 58 2
323 40 78 1.2
323 50 90 4.1
323 60 131 2
323 70 151 3.8
323 80 189 3.6
323 90 225 4.5
324 0 0 1.1
324 10 11 3.6
324 20 47 1.1
324 30 58 2
324 40 78 1.2
324 50 90 4.1
324 60 131 2
324 70 151 3.8
324 80 189 3.6
324 90 225 4.5
325 0 0 1.1
325 10 11 3.6
325 20 47 1.1
325 30 58 2
325 40 78 1.2
325 50 90 4.1
325 60 131 2
325 70 151 3.8
325 80 189 3.6
325 90 225 4.5
326 0 0 1.1
326 10 11 3.6
326 20 47 1.1
326 30 58 2
326 40 78 1.2
326 50 90 4.1
326 60 131 2
326 70 151 3.8
326 80 189 3.6
326 90 225 4.5
327 0 0 1.1
327 10 11 3.6
327 20 47 1.1
327 30 58 2
327 40 78 1.2
327 50 90 4.1
327 60 131 2
327 70 151 3.8
327 80 189 3.6
327 90 225 4.5
328 0 0 1.1
328 10 11 3.6
328 20 47 1.1
328 30 58 2
328 40 78 1.2
328 50 90 4.1
328 60 131 2
328 70 151 3.8
328 80 189 3.6
328 90 225 4.5
329 0 0 1.1
329 10 11 3.6
329 20 47 1.1
329 30 58 2
329 40 78 1.2
329 50 90 4.1
329 60 131 2
329 70 151 3.8
329 80 189 3.6
329 90 225 4.5
330 0 0 1.1
330 10 11 3.6
330 20 47 1.1
330 30 58 2
330 40 78 1.2
330 50 90 4.1
330 60 131 2
330 70 151 3.8
330 80 189 3.6
330 90 225 4.5
331 0 0 1.1
331 10 11 3.6
331 20 47 1.1
331 30 58 2
331 40 78 1.2
331 50 90 4.1
331 60 131 2
331 70 151 3.8
331 80 189 3.6
331 90 225 4.5
332 0 0 1.1
332 10 11 3.6
332 20 47 1.1
332 30 58 2
332 40 78 1.2
332 50 90 4.1
332 60 131 2
332 70 151 3.8
332 80 189 3.6
332 90 225 4.5
333 0 0 1.1
333 10 11 3.6
333 20 47 1.1
333 30 58 2
333 40 78 1.2
333 50 90 4.1
333 60 131 2
333 70 151 3.8
333 80 189 3.6
333 90 225 4.5
334 0 0 1.1
334 10 11 3.6
334 20 47 1.1
334 30 58 2
334 40 78 1.2
334 50 90 4.1
334 60 131 2
334 70 151 3.8
334 80 189 3.6
334 90 225 4.5
335 0 0 1.1
335 10 11 3.6
335 20 47 1.1
335 30 58 2
335 40 78 1.2
335 50 90 4.1
335 60 131 2
335 70 151 3.8
335 80 189 3.6
335 90 225 4.5
336 0 0 1.1
336 10 11 3.6
336 20 47 1.1
336 30 58 2
336 40 78 1.2
336 50 90 4.1
336 60 131 2
336 70 151 3.8
336 80 189 3.6
336 90 225 4.5
337 0 0 1.1
337 10 11 3.6
337 20 47 1.1
337 30 58 2
337 40 78 1.2
337 50 90 4.1
337 60 131 2
337 70 151 3.8
337 80 189 3.6
337 90 225 4.5
338 0 0 1.1
338 10 11 3.6
338 20 47 1.1
338 30 58 2
338 40 78 1.2
338 50 90 4.1
338 60 131 2
338 70 151 3.8
338 80 189 3.6
338 90 225 4.5
339 0 0 1.1
339 10 11 3.6
339 20 47 1.1
339 30 58 2
339 40 78 1.2
339 50 90 4.1
339 60 131 2
339 70 151 3.8
339 80 189 3.6
339 90 225 4.5
340 0 0 1.1
340 10 11 3.6
340 20 47 1.1
340 30 58 2
340 40 78 1.2
340 50 90 4.1
340 60 131 2
340 70 151 3.8
340 80 189 3.6
340 90 225 4.5
341 0 0 1.1
341 10 11 3.6
341 20 47 1.1
341 30 58 2
341 40 78 1.2
341 50 90 4.1
341 60 131 2
341 70 151 3.8
341 80 189 3.6
341 90 225 4.5
342 0 0 1.1
342 10 11 3.6
342 20 47 1.1
342 30 58 2
342 40 78 1.2
342 50 90 4.1
342 60 131 2
342 70 151 3.8
342 80 189 3.6
342 90 225 4.5
343 0 0 1.1
343 10 11 3.6
343 20 47 1.1
343 30 58 2
343 40 78 1.2
343 50 90 4.1
343 60 131 2
343 70 151 3.8
343 80 189 3.6
343 90 225 4.5
344 0 0 1.1
344 10 11 3.6
344 20 47 1.1
344 30 58 2
344 40 78 1.2
344 50 90 4.1
344 60 131 2
344 70 151 3.8
344 80 189 3.6
344 90 225 4.5
345 0 0 1.1
345 10 11 3.6
345 20 47 1.1
345 30 58 2
345 40 78 1.2
345 50 90 4.1
345 60 131 2
345 70 151 3.8
345 80 189 3.6
345 90 225 4.5
346 0 0 1.1
346 10 11 3.6
346 20 47 1.1
346 30 58 2
346 40 78 1.2
346 50 90 4.1
346 60 131 2
346 70 151 3.8
346 80 189 3.6
346 90 225 4.5
347 0 0 1.1
347 10 11 3.6
347 20 47 1.1
347 30 58 2
347 40 78 1.2
347 50 90 4.1
347 60 131 2
347 70 151 3.8
347 80 189 3.6
347 90 225 4.5
348 0 0 1.1
348 10 11 3.6
348 20 47 1.1
348 30 58 2
348 40 78 1.2
348 50 90 4.1
348 60 131 2
348 70 151 3.8
348 80 189 3.6
348 90 225 4.5
349 0 0 1.1
349 10 11 3.6
349 20 47 1.1
349 30 58 2
349 40 78 1.2
349 50 90 4.1
349 60 131 2
349 70 151 3.8
349 80 189 3.6
349 90 225 4.5
350 0 0 1.1
350 10 11 3.6
350 20 47 1.1
350 30 58 2
350 40 78 1.2
350 50 90 4.1
350 60 131 2
350 70 151 3.8
350 80 189 3.6
350 90 225 4.5
351 0 0 1.1
351 10 11 3.6
351 20 47 1.1
351 30 58 2
351 40 78 1.2
351 50 90 4.1
351 60 131 2
351 70 151 3.8
351 80 189 3.6
351 90 225 4.5
352 0 0 1.1
352 10 11 3.6
352 20 47 1.1
352 30 58 2
352 40 78 1.2
352 50 90 4.1
352 60 131 2
352 70 151 3.8
352 80 189 3.6
352 90 225 4.5
353 0 0 1.1
353 10 11 3.6
353 20 47 1.1
353 30 58 2
353 40 78 1.2
353 50 90 4.1
353 60 131 2
353 70 151 3.8
353 80 189 3.6
353 90 225 4.5
354 0 0 1.1
354 10 11 3.6
354 20 47 1.1
354 30 58 2
354 40 78 1.2
354 50 90 4.1
354 60 131 2
354 70 151 3.8
354 80 189 3.6
354 90 225 4.5
355 0 0 1.1
355 10 11 3.6
355 20 47 1.1
355 30 58 2
355 40 78 1.2
355 50 90 4.1
355 60 131 2
355 70 151 3.8
355 80 189 3.6
355 90 225 4.5
356 0 0 1.1
356 10 11 3.6
356 20 47 1.1
356 30 58 2
356 40 78 1.2
356 50 90 4.1
356 60 131 2
356 70 151 3.8
356 80 189 3.6
356 90 225 4.5
357 0 0 1.1
357 10 11 3.6
357 20 47 1.1
357 30 58 2
357 40 78 1.2
357 50 90 4.1
357 60 131 2
357 70 151 3.8
357 80 189 3.6
357 90 225 4.5
358 0 0 1.1
358 10 11 3.6
358 20 47 1.1
358 30 58 2
358 40 78 1.2
358 50 90 4.1
358 60 131 2
358 70 151 3.8
358 80 189 3.6
358 90 225 4.5
359 0 0 1.1
359 10 11 3.6
359 20 47 1.1
359 30 58 2
359 40 78 1.2
359 50 90 4.1
359 60 131 2
359 70 151 3.8
359 80 189 3.6
359 90 225 4.5
360 0 0 1.1
360 10 11 3.6
360 20 47 1.1
360 30 58 2
360 40 78 1.2
360 50 90 4.1
360 60 131 2
360 70 151 3.8
360 80 189 3.6
360 90 225 4.5
361 0 0 1.1
361 10 11 3.6
361 20 47 1.1
361 30 58 2
361 40 78 1.2
361 50 90 4.1
361 60 131 2
361 70 151 3.8
361 80 189 3.6
361 90 225 4.5
362 0 0 1.1
362 10 11 3.6
362 20 47 1.1
362 30 58 2
362 40 78 1.2
362 50 90 4.1
362 60 131 2
362 70 151 3.8
362 80 189 3.6
362 90 225 4.5
363 0 0 1.1
363 10 11 3.6
363 20 47 1.1
363 30 58 2
363 40 78 1.2
363 50 90 4.1
363 60 131 2
363 70 151 3.8
363 80 189 3.6
363 90 225 4.5
364 0 0 1.1
364 10 11 3.6
364 20 47 1.1
364 30 58 2
364 40 78 1.2
364 50 90 4.1
364 60 131 2
364 70 151 3.8
364 80 189 3.6
364 90 225 4.5
365 0 0 1.1
365 10 11 3.6
365 20 47 1.1
365 30 58 2
365 40 78 1.2
365 50 90 4.1
365 60 131 2
365 70 151 3.8
365 80 189 3.6
365 90 225 4.5
366 0 0 1.1
366 10 11 3.6
366 20 47 1.1
366 30 58 2
366 40 78 1.2
366 50 90 4.1
366 60 131 2
366 70 151 3.8
366 80 189 3.6
366 90 225 4.5
367 0 0 1.1
367 10 11 3.6
367 20 47 1.1
367 30 58 2
367 40 78 1.2
367 50 90 4.1
367 60 131 2
367 70 151 3.8
367 80 189 3.6
367 90 225 4.5
368 0 0 1.1
368 10 11 3.6
368 20 47 1.1
368 30 58 2
368 40 78 1.2
368 50 90 4.1
368 60 131 2
368 70 151 3.8
368 80 189 3.6
368 90 225 4.5
369 0 0 1.1
369 10 11 3.6
369 20 47 1.1
369 30 58 2
369 40 78 1.2
369 50 90 4.1
369 60 131 2
369 70 151 3.8
369 80 189 3.6
369 90 225 4.5
370 0 0 1.1
370 10 11 3.6
370 20 47 1.1
370 30 58 2
370 40 78 1.2
370 50 90 4.1
370 60 131 2
370 70 151 3.8
370 80 189 3.6
370 90 225 4.5
371 0 0 1.1
371 10 11 3.6
371 20 47 1.1
371 30 58 2
371 40 78 1.2
371 50 90 4.1
371 60 131 2
371 70 151 3.8
371 80 189 3.6
371 90 225 4.5
372 0 0 1.1
372 10 11 3.6
372 20 47 1.1
372 30 58 2
372 40 78 1.2
372 50 90 4.1
372 60 131 2
372 70 151 3.8
372 80 189 3.6
372 90 225 4.5
373 0 0 1.1
373 10 11 3.6
373 20 47 1.1
373 30 58 2
373 40 78 1.2
373 50 90 4.1
373 60 131 2
373 70 151 3.8
373 80 189 3.6
373 90 225 4.5
374 0 0 1.1
374 10 11 3.6
374 20 47 1.1
374 30 58 2
374 40 78 1.2
374 50 90 4.1
374 60 131 2
374 70 151 3.8
374 80 189 3.6
374 90 225 4.5
375 0 0 1.1
375 10 11 3.6
375 20 47 1.1
375 30 58 2
375 40 78 1.2
375 50 90 4.1
375 60 131 2
375 70 151 3.8
375 80 189 3.6
375 90 225 4.5
376 0 0 1.1
376 10 11 3.6
376 20 47 1.1
376 30 58 2
376 40 78 1.2
376 50 90 4.1
376 60 131 2
376 70 151 3.8
376 80 189 3.6
376 90 225 4.5
377 0 0 1.1
377 10 11 3.6
377 20 47 1.1
377 30 58 2
377 40 78 1.2
377 50 90 4.1
377 60 131 2
377 70 151 3.8
377 80 189 3.6
377 90 225 4.5
378 0 0 1.1
378 10 11 3.6
378 20 47 1.1
378 30 58 2
378 40 78 1.2
378 50 90 4.1
378 60 131 2
378 70 151 3.8
378 80 189 3.6
378 90 225 4.5
379 0 0 1.1
379 10 11 3.6
379 20 47 1.1
379 30 58 2
379 40 78 1.2
379 50 90 4.1
379 60 131 2
379 70 151 3.8
379 80 189 3.6
379 90 225 4.5
380 0 0 1.1
380 10 11 3.6
380 20 47 1.1
380 30 58 2
380 40 78 1.2
380 50 90 4.1
380 60 131 2
380 70 151 3.8
380 80 189 3.6
380 90 225 4.5
381 0 0 1.1
381 10 11 3.6
381 20 47 1.1
381 30 58 2
381 40 78 1.2
381 50 90 4.1
381 60 131 2
381 70 151 3.8
381 80 189 3.6
381 90 225 4.5
382 0 0 1.1
382 10 11 3.6
382 20 47 1.1
382 30 58 2
382 40 78 1.2
382 50 90 4.1
382 60 131 2
382 70 151 3.8
382 80 189 3.6
382 90 225 4.5
383 0 0 1.1
383 10 11 3.6
383 20 47 1.1
383 30 58 2
383 40 78 1.2
383 50 90 4.1
383 60 131 2
383 70 151 3.8
383 80 189 3.6
383 90 225 4.5
384 0 0 1.1
384 10 11 3.6
384 20 47 1.1
384 30 58 2
384 40 78 1.2
384 50 90 4.1
384 60 131 2
384 70 151 3.8
384 80 189 3.6
384 90 225 4.5
385 0 0 1.1
385 10 11 3.6
385 20 47 1.1
385 30 58 2
385 40 78 1.2
385 50 90 4.1
385 60 131 2
385 70 151 3.8
385 80 189 3.6
385 90 225 4.5
386 0 0 1.1
386 10 11 3.6
386 20 47 1.1
386 30 58 2
386 40 78 1.2
386 50 90 4.1
386 60 131 2
386 70 151 3.8
386 80 189 3.6
386 90 225 4.5
387 0 0 1.1
387 10 11 3.6
387 20 47 1.1
387 30 58 2
387 40 78 1.2
387 50 90 4.1
387 60 131 2
387 70 151 3.8
387 80 189 3.6
387 90 225 4.5
388 0 0 1.1
388 10 11 3.6
388 20 47 1.1
388 30 58 2
388 40 78 1.2
388 50 90 4.1
388 60 131 2
388 70 151 3.8
388 80 189 3.6
388 90 225 4.5
389 0 0 1.1
389 10 11 3.6
389 20 47 1.1
389 30 58 2
389 40 78 1.2
389 50 90 4.1
389 60 131 2
389 70 151 3.8
389 80 189 3.6
389 90 225 4.5
390 0 0 1.1
390 10 11 3.6
390 20 47 1.1
390 30 58 2
390 40 78 1.2
390 50 90 4.1
390 60 131 2
390 70 151 3.8
390 80 189 3.6
390 90 225 4.5
391 0 0 1.1
391 10 11 3.6
391 20 47 1.1
391 30 58 2
391 40 78 1.2
391 50 90 4.1
391 60 131 2
391 70 151 3.8
391 80 189 3.6
391 90 225 4.5
392 0 0 1.1
392 10 11 3.6
392 20 47 1.1
392 30 58 2
392 40 78 1.2
392 50 90 4.1
392 60 131 2
392 70 151 3.8
392 80 189 3.6
392 90 225 4.5
393 0 0 1.1
393 10 11 3.6
393 20 47 1.1
393 30 58 2
393 40 78 1.2
393 50 90 4.1
393 60 131 2
393 70 151 3.8
393 80 189 3.6
393 90 225 4.5
394 0 0 1.1
394 10 11 3.6
394 20 47 1.1
394 30 58 2
394 40 78 1.2
394 50 90 4.1
394 60 131 2
394 70 151 3.8
394 80 189 3.6
394 90 225 4.5
395 0 0 1.1
395 10 11 3.6
395 20 47 1.1
395 30 58 2
395 40 78 1.2
395 50 90 4.1
395 60 131 2
395 70 151 3.8
395 80 189 3.6
395 90 225 4.5
396 0 0 1.1
396 10 11 3.6
396 20 47 1.1
396 30 58 2
396 40 78 1.2
396 50 90 4.1
396 60 131 2
396 70 151 3.8
396 80 189 3.6
396 90 225 4.5
397 0 0 1.1
397 10 11 3.6
397 20 47 1.1
397 30 58 2
397 40 78 1.2
397 50 90 4.1
397 60 131 2
397 70 151 3.8
397 80 189 3.6
397 90 225 4.5
398 0 0 1.1
398 10 11 3.6
398 20 47 1.1
398 30 58 2
398 40 78 1.2
398 50 90 4.1
398 60 131 2
398 70 151 3.8
398 80 189 3.6
398 90 225 4.5
399 0 0 1.1
399 10 11 3.6
399 20 47 1.1
399 30 58 2
399 40 78 1.2
399 50 90 4.1
399 60 131 2
399 70 151 3.8
399 80 189 3.6
399 90 225 4.5
400 0 0 1.1
400 10 11 3.6
400 20 47 1.1
400 30 58 2
400 40 78 1.2
400 50 90 4.1
400 60 131 2
400 70 151 3.8
400 80 189 3.6
400 90 225 4.5
401 0 0 1.1
401 10 11 3.6
401 20 47 1.1
401 30 58 2
401 40 78 1.2
401 50 90 4.1
401 60 131 2
401 70 151 3.8
401 80 189 3.6
401 90 225 4.5
402 0 0 1.1
402 10 11 3.6
402 20 47 1.1
402 30 58 2
402 40 78 1.2
402 50 90 4.1
402 60 131 2
402 70 151 3.8
402 80 189 3.6
402 90 225 4.5
403 0 0 1.1
403 10 11 3.6
403 20 47 1.1
403 30 58 2
403 40 78 1.2
403 50 90 4.1
403 60 131 2
403 70 151 3.8
403 80 189 3.6
403 90 225 4.5
404 0 0 1.1
404 10 11 3.6
404 20 47 1.1
404 30 58 2
404 40 78 1.2
404 50 90 4.1
404 60 131 2
404 70 151 3.8
404 80 189 3.6
404 90 225 4.5
405 0 0 1.1
405 10 11 3.6
405 20 47 1.1
405 30 58 2
405 40 78 1.2
405 50 90 4.1
405 60 131 2
405 70 151 3.8
405 80 189 3.6
405 90 225 4.5
406 0 0 1.1
406 10 11 3.6
406 20 47 1.1
406 30 58 2
406 40 78 1.2
406 50 90 4.1
406 60 131 2
406 70 151 3.8
406 80 189 3.6
406 90 225 4.5
407 0 0 1.1
407 10 11 3.6
407 20 47 1.1
407 30 58 2
407 40 78 1.2
407 50 90 4.1
407 60 131 2
407 70 151 3.8
407 80 189 3.6
407 90 225 4.5
408 0 0 1.1
408 10 11 3.6
408 20 47 1.1
408 30 58 2
408 40 78 1.2
408 50 90 4.1
408 60 131 2
408 70 151 3.8
408 80 189 3.6
408 90 225 4.5
409 0 0 1.1
409 10 11 3.6
409 20 47 1.1
409 30 58 2
409 40 78 1.2
409 50 90 4.1
409 60 131 2
409 70 151 3.8
409 80 189 3.6
409 90 225 4.5
410 0 0 1.1
410 10 11 3.6
410 20 47 1.1
410 30 58 2
410 40 78 1.2
410 50 90 4.1
410 60 131 2
410 70 151 3.8
410 80 189 3.6
410 90 225 4.5
411 0 0 1.1
411 10 11 3.6
411 20 47 1.1
411 30 58 2
411 40 78 1.2
411 50 90 4.1
411 60 131 2
411 70 151 3.8
411 80 189 3.6
411 90 225 4.5
412 0 0 1.1
412 10 11 3.6
412 20 47 1.1
412 30 58 2
412 40 78 1.2
412 50 90 4.1
412 60 131 2
412 70 151 3.8
412 80 189 3.6
412 90 225 4.5
413 0 0 1.1
413 10 11 3.6
413 20 47 1.1
413 30 58 2
413 40 78 1.2
413 50 90 4.1
413 60 131 2
413 70 151 3.8
413 80 189 3.6
413 90 225 4.5
414 0 0 1.1
414 10 11 3.6
414 20 47 1.1
414 30 58 2
414 40 78 1.2
414 50 90 4.1
414 60 131 2
414 70 151 3.8
414 80 189 3.6
414 90 225 4.5
415 0 0 1.1
415 10 11 3.6
415 20 47 1.1
415 30 58 2
415 40 78 1.2
415 50 90 4.1
415 60 131 2
415 70 151 3.8
415 80 189 3.6
415 90 225 4.5
416 0 0 1.1
416 10 11 3.6
416 20 47 1.1
416 30 58 2
416 40 78 1.2
416 50 90 4.1
416 60 131 2
416 70 151 3.8
416 80 189 3.6
416 90 225 4.5
417 0 0 1.1
417 10 11 3.6
417 20 47 1.1
417 30 58 2
417 40 78 1.2
417 50 90 4.1
417 60 131 2
417 70 151 3.8
417 80 189 3.6
417 90 225 4.5
418 0 0 1.1
418 10 11 3.6
418 20 47 1.1
418 30 58 2
418 40 78 1.2
418 50 90 4.1
418 60 131 2
418 70 151 3.8
418 80 189 3.6
418 90 225 4.5
419 0 0 1.1
419 10 11 3.6
419 20 47 1.1
419 30 58 2
419 40 78 1.2
419 50 90 4.1
419 60 131 2
419 70 151 3.8
419 80 189 3.6
419 90 225 4.5
420 0 0 1.1
420 10 11 3.6
420 20 47 1.1
420 30 58 2
420 40 78 1.2
420 50 90 4.1
420 60 131 2
420 70 151 3.8
420 80 189 3.6
420 90 225 4.5
421 0 0 1.1
421 10 11 3.6
421 20 47 1.1
421 30 58 2
421 40 78 1.2
421 50 90 4.1
421 60 131 2
421 70 151 3.8
421 80 189 3.6
421 90 225 4.5
422 0 0 1.1
422 10 11 3.6
422 20 47 1.1
422 30 58 2
422 40 78 1.2
422 50 90 4.1
422 60 131 2
422 70 151 3.8
422 80 189 3.6
422 90 225 4.5
423 0 0 1.1
423 10 11 3.6
423 20 47 1.1
423 30 58 2
423 40 78 1.2
423 50 90 4.1
423 60 131 2
423 70 151 3.8
423 80 189 3.6
423 90 225 4.5
424 0 0 1.1
424 10 11 3.6
424 20 47 1.1
424 30 58 2
424 40 78 1.2
424 50 90 4.1
424 60 131 2
424 70 151 3.8
424 80 189 3.6
424 90 225 4.5
425 0 0 1.1
425 10 11 3.6
425 20 47 1.1
425 30 58 2
425 40 78 1.2
425 50 90 4.1
425 60 131 2
425 70 151 3.8
425 80 189 3.6
425 90 225 4.5
426 0 0 1.1
426 10 11 3.6
426 20 47 1.1
426 30 58 2
426 40 78 1.2
426 50 90 4.1
426 60 131 2
426 70 151 3.8
426 80 189 3.6
426 90 225 4.5
427 0 0 1.1
427 10 11 3.6
427 20 47 1.1
427 30 58 2
427 40 78 1.2
427 50 90 4.1
427 60 131 2
427 70 151 3.8
427 80 189 3.6
427 90 225 4.5
428 0 0 1.1
428 10 11 3.6
428 20 47 1.1
428 30 58 2
428 40 78 1.2
428 50 90 4.1
428 60 131 2
428 70 151 3.8
428 80 189 3.6
428 90 225 4.5
429 0 0 1.1
429 10 11 3.6
429 20 47 1.1
429 30 58 2
429 40 78 1.2
429 50 90 4.1
429 60 131 2
429 70 151 3.8
429 80 189 3.6
429 90 225 4.5
430 0 0 1.1
430 10 11 3.6
430 20 47 1.1
430 30 58 2
430 40 78 1.2
430 50 90 4.1
430 60 131 2
430 70 151 3.8
430 80 189 3.6
430 90 225 4.5
431 0 0 1.1
431 10 11 3.6
431 20 47 1.1
431 30 58 2
431 40 78 1.2
431 50 90 4.1
431 60 131 2
431 70 151 3.8
431 80 189 3.6
431 90 225 4.5
432 0 0 1.1
432 10 11 3.6
432 20 47 1.1
432 30 58 2
432 40 78 1.2
432 50 90 4.1
432 60 131 2
432 70 151 3.8
432 80 189 3.6
432 90 225 4.5
433 0 0 1.1
433 10 11 3.6
433 20 47 1.1
433 30 58 2
433 40 78 1.2
433 50 90 4.1
433 60 131 2
433 70 151 3.8
433 80 189 3.6
433 90 225 4.5
434 0 0 1.1
434 10 11 3.6
434 20 47 1.1
434 30 58 2
434 40 78 1.2
434 50 90 4.1
434 60 131 2
434 70 151 3.8
434 80 189 3.6
434 90 225 4.5
435 0 0 1.1
435 10 11 3.6
435 20 47 1.1
435 30 58 2
435 40 78 1.2
435 50 90 4.1
435 60 131 2
435 70 151 3.8
435 80 189 3.6
435 90 225 4.5
436 0 0 1.1
436 10 11 3.6
436 20 47 1.1
436 30 58 2
436 40 78 1.2
436 50 90 4.1
436 60 131 2
436 70 151 3.8
436 80 189 3.6
436 90 225 4.5
437 0 0 1.1
437 10 11 3.6
437 20 47 1.1
437 30 58 2
437 40 78 1.2
437 50 90 4.1
437 60 131 2
437 70 151 3.8
437 80 189 3.6
437 90 225 4.5
438 0 0 1.1
438 10 11 3.6
438 20 47 1.1
438 30 58 2
438 40 78 1.2
438 50 90 4.1
438 60 131 2
438 70 151 3.8
438 80 189 3.6
438 90 225 4.5
439 0 0 1.1
439 10 11 3.6
439 20 47 1.1
439 30 58 2
439 40 78 1.2
439 50 90 4.1
439 60 131 2
439 70 151 3.8
439 80 189 3.6
439 90 225 4.5
440 0 0 1.1
440 10 11 3.6
440 20 47 1.1
440 30 58 2
440 40 78 1.2
440 50 90 4.1
440 60 131 2
440 70 151 3.8
440 80 189 3.6
440 90 225 4.5
441 0 0 1.1
441 10 11 3.6
441 20 47 1.1
441 30 58 2
441 40 78 1.2
441 50 90 4.1
441 60 131 2
441 70 151 3.8
441 80 189 3.6
441 90 225 4.5
442 0 0 1.1
442 10 11 3.6
442 20 47 1.1
442 30 58 2
442 40 78 1.2
442 50 90 4.1
442 60 131 2
442 70 151 3.8
442 80 189 3.6
442 90 225 4.5
443 0 0 1.1
443 10 11 3.6
443 20 47 1.1
443 30 58 2
443 40 78 1.2
443 50 90 4.1
443 60 131 2
443 70 151 3.8
443 80 189 3.6
443 90 225 4.5
444 0 0 1.1
444 10 11 3.6
444 20 47 1.1
444 30 58 2
444 40 78 1.2
444 50 90 4.1
444 60 131 2
444 70 151 3.8
444 80 189 3.6
444 90 225 4.5
445 0 0 1.1
445 10 11 3.6
445 20 47 1.1
445 30 58 2
445 40 78 1.2
445 50 90 4.1
445 60 131 2
445 70 151 3.8
445 80 189 3.6
445 90 225 4.5
446 0 0 1.1
446 10 11 3.6
446 20 47 1.1
446 30 58 2
446 40 78 1.2
446 50 90 4.1
446 60 131 2
446 70 151 3.8
446 80 189 3.6
446 90 225 4.5
447 0 0 1.1
447 10 11 3.6
447 20 47 1.1
447 30 58 2
447 40 78 1.2
447 50 90 4.1
447 60 131 2
447 70 151 3.8
447 80 189 3.6
447 90 225 4.5
448 0 0 1.1
448 10 11 3.6
448 20 47 1.1
448 30 58 2
448 40 78 1.2
448 50 90 4.1
448 60 131 2
448 70 151 3.8
448 80 189 3.6
448 90 225 4.5
449 0 0 1.1
449 10 11 3.6
449 20 47 1.1
449 30 58 2
449 40 78 1.2
449 50 90 4.1
449 60 131 2
449 70 151 3.8
449 80 189 3.6
449 90 225 4.5
450 0 0 1.1
450 10 11 3.6
450 20 47 1.1
450 30 58 2
450 40 78 1.2
450 50 90 4.1
450 60 131 2
450 70 151 3.8
450 80 189 3.6
450 90 225 4.5
451 0 0 1.1
451 10 11 3.6
451 20 47 1.1
451 30 58 2
451 40 78 1.2
451 50 90 4.1
451 60 131 2
451 70 151 3.8
451 80 189 3.6
451 90 225 4.5
452 0 0 1.1
452 10 11 3.6
452 20 47 1.1
452 30 58 2
452 40 78 1.2
452 50 90 4.1
452 60 131 2
452 70 151 3.8
452 80 189 3.6
452 90 225 4.5
453 0 0 1.1
453 10 11 3.6
453 20 47 1.1
453 30 58 2
453 40 78 1.2
453 50 90 4.1
453 60 131 2
453 70 151 3.8
453 80 189 3.6
453 90 225 4.5
454 0 0 1.1
454 10 11 3.6
454 20 47 1.1
454 30 58 2
454 40 78 1.2
454 50 90 4.1
454 60 131 2
454 70 151 3.8
454 80 189 3.6
454 90 225 4.5
455 0 0 1.1
455 10 11 3.6
455 20 47 1.1
455 30 58 2
455 40 78 1.2
455 50 90 4.1
455 60 131 2
455 70 151 3.8
455 80 189 3.6
455 90 225 4.5
456 0 0 1.1
456 10 11 3.6
456 20 47 1.1
456 30 58 2
456 40 78 1.2
456 50 90 4.1
456 60 131 2
456 70 151 3.8
456 80 189 3.6
456 90 225 4.5
457 0 0 1.1
457 10 11 3.6
457 20 47 1.1
457 30 58 2
457 40 78 1.2
457 50 90 4.1
457 60 131 2
457 70 151 3.8
457 80 189 3.6
457 90 225 4.5
458 0 0 1.1
458 10 11 3.6
458 20 47 1.1
458 30 58 2
458 40 78 1.2
458 50 90 4.1
458 60 131 2
458 70 151 3.8
458 80 189 3.6
458 90 225 4.5
459 0 0 1.1
459 10 11 3.6
459 20 47 1.1
459 30 58 2
459 40 78 1.2
459 50 90 4.1
459 60 131 2
459 70 151 3.8
459 80 189 3.6
459 90 225 4.5
460 0 0 1.1
460 10 11 3.6
460 20 47 1.1
460 30 58 2
460 40 78 1.2
460 50 90 4.1
460 60 131 2
460 70 151 3.8
460 80 189 3.6
460 90 225 4.5
461 0 0 1.1
461 10 11 3.6
461 20 47 1.1
461 30 58 2
461 40 78 1.2
461 50 90 4.1
461 60 131 2
461 70 151 3.8
461 80 189 3.6
461 90 225 4.5
462 0 0 1.1
462 10 11 3.6
462 20 47 1.1
462 30 58 2
462 40 78 1.2
462 50 90 4.1
462 60 131 2
462 70 151 3.8
462 80 189 3.6
462 90 225 4.5
463 0 0 1.1
463 10 11 3.6
463 20 47 1.1
463 30 58 2
463 40 78 1.2
463 50 90 4.1
463 60 131 2
463 70 151 3.8
463 80 189 3.6
463 90 225 4.5
464 0 0 1.1
464 10 11 3.6
464 20 47 1.1
464 30 58 2
464 40 78 1.2
464 50 90 4.1
464 60 131 2
464 70 151 3.8
464 80 189 3.6
464 90 225 4.5
465 0 0 1.1
465 10 11 3.6
465 20 47 1.1
465 30 58 2
465 40 78 1.2
465 50 90 4.1
465 60 131 2
465 70 151 3.8
465 80 189 3.6
465 90 225 4.5
466 0 0 1.1
466 10 11 3.6
466 20 47 1.1
466 30 58 2
466 40 78 1.2
466 50 90 4.1
466 60 131 2
466 70 151 3.8
466 80 189 3.6
466 90 225 4.5
467 0 0 1.1
467 10 11 3.6
467 20 47 1.1
467 30 58 2
467 40 78 1.2
467 50 90 4.1
467 60 131 2
467 70 151 3.8
467 80 189 3.6
467 90 225 4.5
468 0 0 1.1
468 10 11 3.6
468 20 47 1.1
468 30 58 2
468 40 78 1.2
468 50 90 4.1
468 60 131 2
468 70 151 3.8
468 80 189 3.6
468 90 225 4.5
469 0 0 1.1
469 10 11 3.6
469 20 47 1.1
469 30 58 2
469 40 78 1.2
469 50 90 4.1
469 60 131 2
469 70 151 3.8
469 80 189 3.6
469 90 225 4.5
470 0 0 1.1
470 10 11 3.6
470 20 47 1.1
470 30 58 2
470 40 78 1.2
470 50 90 4.1
470 60 131 2
470 70 151 3.8
470 80 189 3.6
470 90 225 4.5
471 0 0 1.1
471 10 11 3.6
471 20 47 1.1
471 30 58 2
471 40 78 1.2
471 50 90 4.1
471 60 131 2
471 70 151 3.8
471 80 189 3.6
471 90 225 4.5
472 0 0 1.1
472 10 11 3.6
472 20 47 1.1
472 30 58 2
472 40 78 1.2
472 50 90 4.1
472 60 131 2
472 70 151 3.8
472 80 189 3.6
472 90 225 4.5
473 0 0 1.1
473 10 11 3.6
473 20 47 1.1
473 30 58 2
473 40 78 1.2
473 50 90 4.1
473 60 131 2
473 70 151 3.8
473 80 189 3.6
473 90 225 4.5
474 0 0 1.1
474 10 11 3.6
474 20 47 1.1
474 30 58 2
474 40 78 1.2
474 50 90 4.1
474 60 131 2
474 70 151 3.8
474 80 189 3.6
474 90 225 4.5
475 0 0 1.1
475 10 11 3.6
475 20 47 1.1
475 30 58 2
475 40 78 1.2
475 50 90 4.1
475 60 131 2
475 70 151 3.8
475 80 189 3.6
475 90 225 4.5
476 0 0 1.1
476 10 11 3.6
476 20 47 1.1
476 30 58 2
476 40 78 1.2
476 50 90 4.1
476 60 131 2
476 70 151 3.8
476 80 189 3.6
476 90 225 4.5
477 0 0 1.1
477 10 11 3.6
477 20 47 1.1
477 30 58 2
477 40 78 1.2
477 50 90 4.1
477 60 131 2
477 70 151 3.8
477 80 189 3.6
477 90 225 4.5
478 0 0 1.1
478 10 11 3.6
478 20 47 1.1
478 30 58 2
478 40 78 1.2
478 50 90 4.1
478 60 131 2
478 70 151 3.8
478 80 189 3.6
478 90 225 4.5
479 0 0 1.1
479 10 11 3.6
479 20 47 1.1
479 30 58 2
479 40 78 1.2
479 50 90 4.1
479 60 131 2
479 70 151 3.8
479 80 189 3.6
479 90 225 4.5
480 0 0 1.1
480 10 11 3.6
480 20 47 1.1
480 30 58 2
480 40 78 1.2
480 50 90 4.1
480 60 131 2
480 70 151 3.8
480 80 189 3.6
480 90 225 4.5
481 0 0 1.1
481 10 11 3.6
481 20 47 1.1
481 30 58 2
481 40 78 1.2
481 50 90 4.1
481 60 131 2
481 70 151 3.8
481 80 189 3.6
481 90 225 4.5
482 0 0 1.1
482 10 11 3.6
482 20 47 1.1
482 30 58 2
482 40 78 1.2
482 50 90 4.1
482 60 131 2
482 70 151 3.8
482 80 189 3.6
482 90 225 4.5
483 0 0 1.1
483 10 11 3.6
483 20 47 1.1
483 30 58 2
483 40 78 1.2
483 50 90 4.1
483 60 131 2
483 70 151 3.8
483 80 189 3.6
483 90 225 4.5
484 0 0 1.1
484 10 11 3.6
484 20 47 1.1
484 30 58 2
484 40 78 1.2
484 50 90 4.1
484 60 131 2
484 70 151 3.8
484 80 189 3.6
484 90 225 4.5
485 0 0 1.1
485 10 11 3.6
485 20 47 1.1
485 30 58 2
485 40 78 1.2
485 50 90 4.1
485 60 131 2
485 70 151 3.8
485 80 189 3.6
485 90 225 4.5
486 0 0 1.1
486 10 11 3.6
486 20 47 1.1
486 30 58 2
486 40 78 1.2
486 50 90 4.1
486 60 131 2
486 70 151 3.8
486 80 189 3.6
486 90 225 4.5
487 0 0 1.1
487 10 11 3.6
487 20 47 1.1
487 30 58 2
487 40 78 1.2
487 50 90 4.1
487 60 131 2
487 70 151 3.8
487 80 189 3.6
487 90 225 4.5
488 0 0 1.1
488 10 11 3.6
488 20 47 1.1
488 30 58 2
488 40 78 1.2
488 50 90 4.1
488 60 131 2
488 70 151 3.8
488 80 189 3.6
488 90 225 4.5
489 0 0 1.1
489 10 11 3.6
489 20 47 1.1
489 30 58 2
489 40 78 1.2
489 50 90 4.1
489 60 131 2
489 70 151 3.8
489 80 189 3.6
489 90 225 4.5
490 0 0 1.1
490 10 11 3.6
490 20 47 1.1
490 30 58 2
490 40 78 1.2
490 50 90 4.1
490 60 131 2
490 70 151 3.8
490 80 189 3.6
490 90 225 4.5
491 0 0 1.1
491 10 11 3.6
491 20 47 1.1
491 30 58 2
491 40 78 1.2
491 50 90 4.1
491 60 131 2
491 70 151 3.8
491 80 189 3.6
491 90 225 4.5
492 0 0 1.1
492 10 11 3.6
492 20 47 1.1
492 30 58 2
492 40 78 1.2
492 50 90 4.1
492 60 131 2
492 70 151 3.8
492 80 189 3.6
492 90 225 4.5
493 0 0 1.1
493 10 11 3.6
493 20 47 1.1
493 30 58 2
493 40 78 1.2
493 50 90 4.1
493 60 131 2
493 70 151 3.8
493 80 189 3.6
493 90 225 4.5
494 0 0 1.1
494 10 11 3.6
494 20 47 1.1
494 30 58 2
494 40 78 1.2
494 50 90 4.1
494 60 131 2
494 70 151 3.8
494 80 189 3.6
494 90 225 4.5
495 0 0 1.1
495 10 11 3.6
495 20 47 1.1
495 30 58 2
495 40 78 1.2
495 50 90 4.1
495 60 131 2
495 70 151 3.8
495 80 189 3.6
495 90 225 4.5
496 0 0 1.1
496 10 11 3.6
496 20 47 1.1
496 30 58 2
496 40 78 1.2
496 50 90 4.1
496 60 131 2
496 70 151 3.8
496 80 189 3.6
496 90 225 4.5
497 0 0 1.1
497 10 11 3.6
497 20 47 1.1
497 30 58 2
497 40 78 1.2
497 50 90 4.1
497 60 131 2
497 70 151 3.8
497 80 189 3.6
497 90 225 4.5
498 0 0 1.1
498 10 11 3.6
498 20 47 1.1
498 30 58 2
498 40 78 1.2
498 50 90 4.1
498 60 131 2
498 70 151 3.8
498 80 189 3.6
498 90 225 4.5
499 0 0 1.1
499 10 11 3.6
499 20 47 1.1
499 30 58 2
499 40 78 1.2
499 50 90 4.1
499 60 131 2
499 70 151 3.8
499 80 189 3.6
499 90 225 4.5
