500 4
0 0 0 2.1
0 25 52.5 1.9
0 50 100 0.8
0 75 120 4
1 0 0 2.1
1 25 52.5 1.9
1 50 100 0.8
1 75 120 4
2 0 0 2.1
2 25 52.5 1.9
2 50 100 0.8
2 75 120 4
3 0 0 2.1
3 25 52.5 1.9
3 50 100 0.8
3 75 120 4
4 0 0 2.1
4 25 52.5 1.9
4 50 100 0.8
4 75 120 4
5 0 0 2.1
5 25 52.5 1.9
5 50 100 0.8
5 75 120 4
6 0 0 2.1
6 25 52.5 1.9
6 50 100 0.8
6 75 120 4
7 0 0 2.1
7 25 52.5 1.9
7 50 100 0.8
7 75 120 4
8 0 0 2.1
8 25 52.5 1.9
8 50 100 0.8
8 75 120 4
9 0 0 2.1
9 25 52.5 1.9
9 50 100 0.8
9 75 120 4
10 0 0 2.1
10 25 52.5 1.9
10 50 100 0.8
10 75 120 4
11 0 0 2.1
11 25 52.5 1.9
11 50 100 0.8
11 75 120 4
12 0 0 2.1
12 25 52.5 1.9
12 50 100 0.8
12 75 120 4
13 0 0 2.1
13 25 52.5 1.9
13 50 100 0.8
13 75 120 4
14 0 0 2.1
14 25 52.5 1.9
14 50 100 0.8
14 75 120 4
15 0 0 2.1
15 25 52.5 1.9
15 50 100 0.8
15 75 120 4
16 0 0 2.1
16 25 52.5 1.9
16 50 100 0.8
16 75 120 4
17 0 0 2.1
17 25 52.5 1.9
17 50 100 0.8
17 75 120 4
18 0 0 2.1
18 25 52.5 1.9
18 50 100 0.8
18 75 120 4
19 0 0 2.1
19 25 52.5 1.9
19 50 100 0.8
19 75 120 4
20 0 0 2.1
20 25 52.5 1.9
20 50 100 0.8
20 75 120 4
21 0 0 2.1
21 25 52.5 1.9
21 50 100 0.8
21 75 120 4
22 0 0 2.1
22 25 52.5 1.9
22 50 100 0.8
22 75 120 4
23 0 0 2.1
23 25 52.5 1.9
23 50 100 0.8
23 75 120 4
24 0 0 2.1
24 25 52.5 1.9
24 50 100 0.8
24 75 120 4
25 0 0 2.1
25 25 52.5 1.9
25 50 100 0.8
25 75 120 4
26 0 0 2.1
26 25 52.5 1.9
26 50 100 0.8
26 75 120 4
27 0 0 2.1
27 25 52.5 1.9
27 50 100 0.8
27 75 120 4
28 0 0 2.1
28 25 52.5 1.9
28 50 100 0.8
28 75 120 4
29 0 0 2.1
29 25 52.5 1.9
29 50 100 0.8
29 75 120 4
30 0 0 2.1
30 25 52.5 1.9
30 50 100 0.8
30 75 120 4
31 0 0 2.1
31 25 52.5 1.9
31 50 100 0.8
31 75 120 4
32 0 0 2.1
32 25 52.5 1.9
32 50 100 0.8
32 75 120 4
33 0 0 2.1
33 25 52.5 1.9
33 50 100 0.8
33 75 120 4
34 0 0 2.1
34 25 52.5 1.9
34 50 100 0.8
34 75 120 4
35 0 0 2.1
35 25 52.5 1.9
35 50 100 0.8
35 75 120 4
36 0 0 2.1
36 25 52.5 1.9
36 50 100 0.8
36 75 120 4
37 0 0 2.1
37 25 52.5 1.9
37 50 100 0.8
37 75 120 4
38 0 0 2.1
38 25 52.5 1.9
38 50 100 0.8
38 75 120 4
39 0 0 2.1
39 25 52.5 1.9
39 50 100 0.8
39 75 120 4
40 0 0 2.1
40 25 52.5 1.9
40 50 100 0.8
40 75 120 4
41 0 0 2.1
41 25 52.5 1.9
41 50 100 0.8
41 75 120 4
42 0 0 2.1
42 25 52.5 1.9
42 50 100 0.8
42 75 120 4
43 0 0 2.1
43 25 52.5 1.9
43 50 100 0.8
43 75 120 4
44 0 0 2.1
44 25 52.5 1.9
44 50 100 0.8
44 75 120 4
45 0 0 2.1
45 25 52.5 1.9
45 50 100 0.8
45 75 120 4
46 0 0 2.1
46 25 52.5 1.9
46 50 100 0.8
46 75 120 4
47 0 0 2.1
47 25 52.5 1.9
47 50 100 0.8
47 75 120 4
48 0 0 2.1
48 25 52.5 1.9
48 50 100 0.8
48 75 120 4
49 0 0 2.1
49 25 52.5 1.9
49 50 100 0.8
49 75 120 4
50 0 0 2.1
50 25 52.5 1.9
50 50 100 0.8
50 75 120 4
51 0 0 2.1
51 25 52.5 1.9
51 50 100 0.8
51 75 120 4
52 0 0 2.1
52 25 52.5 1.9
52 50 100 0.8
52 75 120 4
53 0 0 2.1
53 25 52.5 1.9
53 50 100 0.8
53 75 120 4
54 0 0 2.1
54 25 52.5 1.9
54 50 100 0.8
54 75 120 4
55 0 0 2.1
55 25 52.5 1.9
55 50 100 0.8
55 75 120 4
56 0 0 2.1
56 25 52.5 1.9
56 50 100 0.8
56 75 120 4
57 0 0 2.1
57 25 52.5 1.9
57 50 100 0.8
57 75 120 4
58 0 0 2.1
58 25 52.5 1.9
58 50 100 0.8
58 75 120 4
59 0 0 2.1
59 25 52.5 1.9
59 50 100 0.8
59 75 120 4
60 0 0 2.1
60 25 52.5 1.9
60 50 100 0.8
60 75 120 4
61 0 0 2.1
61 25 52.5 1.9
61 50 100 0.8
61 75 120 4
62 0 0 2.1
62 25 52.5 1.9
62 50 100 0.8
62 75 120 4
63 0 0 2.1
63 25 52.5 1.9
63 50 100 0.8
63 75 120 4
64 0 0 2.1
64 25 52.5 1.9
64 50 100 0.8
64 75 120 4
65 0 0 2.1
65 25 52.5 1.9
65 50 100 0.8
65 75 120 4
66 0 0 2.1
66 25 52.5 1.9
66 50 100 0.8
66 75 120 4
67 0 0 2.1
67 25 52.5 1.9
67 50 100 0.8
67 75 120 4
68 0 0 2.1
68 25 52.5 1.9
68 50 100 0.8
68 75 120 4
69 0 0 2.1
69 25 52.5 1.9
69 50 100 0.8
69 75 120 4
70 0 0 2.1
70 25 52.5 1.9
70 50 100 0.8
70 75 120 4
71 0 0 2.1
71 25 52.5 1.9
71 50 100 0.8
71 75 120 4
72 0 0 2.1
72 25 52.5 1.9
72 50 100 0.8
72 75 120 4
73 0 0 2.1
73 25 52.5 1.9
73 50 100 0.8
73 75 120 4
74 0 0 2.1
74 25 52.5 1.9
74 50 100 0.8
74 75 120 4
75 0 0 2.1
75 25 52.5 1.9
75 50 100 0.8
75 75 120 4
76 0 0 2.1
76 25 52.5 1.9
76 50 100 0.8
76 75 120 4
77 0 0 2.1
77 25 52.5 1.9
77 50 100 0.8
77 75 120 4
78 0 0 2.1
78 25 52.5 1.9
78 50 100 0.8
78 75 120 4
79 0 0 2.1
79 25 52.5 1.9
79 50 100 0.8
79 75 120 4
80 0 0 2.1
80 25 52.5 1.9
80 50 100 0.8
80 75 120 4
81 0 0 2.1
81 25 52.5 1.9
81 50 100 0.8
81 75 120 4
82 0 0 2.1
82 25 52.5 1.9
82 50 100 0.8
82 75 120 4
83 0 0 2.1
83 25 52.5 1.9
83 50 100 0.8
83 75 120 4
84 0 0 2.1
84 25 52.5 1.9
84 50 100 0.8
84 75 120 4
85 0 0 2.1
85 25 52.5 1.9
85 50 100 0.8
85 75 120 4
86 0 0 2.1
86 25 52.5 1.9
86 50 100 0.8
86 75 120 4
87 0 0 2.1
87 25 52.5 1.9
87 50 100 0.8
87 75 120 4
88 0 0 2.1
88 25 52.5 1.9
88 50 100 0.8
88 75 120 4
89 0 0 2.1
89 25 52.5 1.9
89 50 100 0.8
89 75 120 4
90 0 0 2.1
90 25 52.5 1.9
90 50 100 0.8
90 75 120 4
91 0 0 2.1
91 25 52.5 1.9
91 50 100 0.8
91 75 120 4
92 0 0 2.1
92 25 52.5 1.9
92 50 100 0.8
92 75 120 4
93 0 0 2.1
93 25 52.5 1.9
93 50 100 0.8
93 75 120 4
94 0 0 2.1
94 25 52.5 1.9
94 50 100 0.8
94 75 120 4
95 0 0 2.1
95 25 52.5 1.9
95 50 100 0.8
95 75 120 4
96 0 0 2.1
96 25 52.5 1.9
96 50 100 0.8
96 75 120 4
97 0 0 2.1
97 25 52.5 1.9
97 50 100 0.8
97 75 120 4
98 0 0 2.1
98 25 52.5 1.9
98 50 100 0.8
98 75 120 4
99 0 0 2.1
99 25 52.5 1.9
99 50 100 0.8
99 75 120 4
100 0 0 2.1
100 25 52.5 1.9
100 50 100 0.8
100 75 120 4
101 0 0 2.1
101 25 52.5 1.9
101 50 100 0.8
101 75 120 4
102 0 0 2.1
102 25 52.5 1.9
102 50 100 0.8
102 75 120 4
103 0 0 2.1
103 25 52.5 1.9
103 50 100 0.8
103 75 120 4
104 0 0 2.1
104 25 52.5 1.9
104 50 100 0.8
104 75 120 4
105 0 0 2.1
105 25 52.5 1.9
105 50 100 0.8
105 75 120 4
106 0 0 2.1
106 25 52.5 1.9
106 50 100 0.8
106 75 120 4
107 0 0 2.1
107 25 52.5 1.9
107 50 100 0.8
107 75 120 4
108 0 0 2.1
108 25 52.5 1.9
108 50 100 0.8
108 75 120 4
109 0 0 2.1
109 25 52.5 1.9
109 50 100 0.8
109 75 120 4
110 0 0 2.1
110 25 52.5 1.9
110 50 100 0.8
110 75 120 4
111 0 0 2.1
111 25 52.5 1.9
111 50 100 0.8
111 75 120 4
112 0 0 2.1
112 25 52.5 1.9
112 50 100 0.8
112 75 120 4
113 0 0 2.1
113 25 52.5 1.9
113 50 100 0.8
113 75 120 4
114 0 0 2.1
114 25 52.5 1.9
114 50 100 0.8
114 75 120 4
115 0 0 2.1
115 25 52.5 1.9
115 50 100 0.8
115 75 120 4
116 0 0 2.1
116 25 52.5 1.9
116 50 100 0.8
116 75 120 4
117 0 0 2.1
117 25 52.5 1.9
117 50 100 0.8
117 75 120 4
118 0 0 2.1
118 25 52.5 1.9
118 50 100 0.8
118 75 120 4
119 0 0 2.1
119 25 52.5 1.9
119 50 100 0.8
119 75 120 4
120 0 0 2.1
120 25 52.5 1.9
120 50 100 0.8
120 75 120 4
121 0 0 2.1
121 25 52.5 1.9
121 50 100 0.8
121 75 120 4
122 0 0 2.1
122 25 52.5 1.9
122 50 100 0.8
122 75 120 4
123 0 0 2.1
123 25 52.5 1.9
123 50 100 0.8
123 75 120 4
124 0 0 2.1
124 25 52.5 1.9
124 50 100 0.8
124 75 120 4
125 0 0 2.1
125 25 52.5 1.9
125 50 100 0.8
125 75 120 4
126 0 0 2.1
126 25 52.5 1.9
126 50 100 0.8
126 75 120 4
127 0 0 2.1
127 25 52.5 1.9
127 50 100 0.8
127 75 120 4
128 0 0 2.1
128 25 52.5 1.9
128 50 100 0.8
128 75 120 4
129 0 0 2.1
129 25 52.5 1.9
129 50 100 0.8
129 75 120 4
130 0 0 2.1
130 25 52.5 1.9
130 50 100 0.8
130 75 120 4
131 0 0 2.1
131 25 52.5 1.9
131 50 100 0.8
131 75 120 4
132 0 0 2.1
132 25 52.5 1.9
132 50 100 0.8
132 75 120 4
133 0 0 2.1
133 25 52.5 1.9
133 50 100 0.8
133 75 120 4
134 0 0 2.1
134 25 52.5 1.9
134 50 100 0.8
134 75 120 4
135 0 0 2.1
135 25 52.5 1.9
135 50 100 0.8
135 75 120 4
136 0 0 2.1
136 25 52.5 1.9
136 50 100 0.8
136 75 120 4
137 0 0 2.1
137 25 52.5 1.9
137 50 100 0.8
137 75 120 4
138 0 0 2.1
138 25 52.5 1.9
138 50 100 0.8
138 75 120 4
139 0 0 2.1
139 25 52.5 1.9
139 50 100 0.8
139 75 120 4
140 0 0 2.1
140 25 52.5 1.9
140 50 100 0.8
140 75 120 4
141 0 0 2.1
141 25 52.5 1.9
141 50 100 0.8
141 75 120 4
142 0 0 2.1
142 25 52.5 1.9
142 50 100 0.8
142 75 120 4
143 0 0 2.1
143 25 52.5 1.9
143 50 100 0.8
143 75 120 4
144 0 0 2.1
144 25 52.5 1.9
144 50 100 0.8
144 75 120 4
145 0 0 2.1
145 25 52.5 1.9
145 50 100 0.8
145 75 120 4
146 0 0 2.1
146 25 52.5 1.9
146 50 100 0.8
146 75 120 4
147 0 0 2.1
147 25 52.5 1.9
147 50 100 0.8
147 75 120 4
148 0 0 2.1
148 25 52.5 1.9
148 50 100 0.8
148 75 120 4
149 0 0 2.1
149 25 52.5 1.9
149 50 100 0.8
149 75 120 4
150 0 0 2.1
150 25 52.5 1.9
150 50 100 0.8
150 75 120 4
151 0 0 2.1
151 25 52.5 1.9
151 50 100 0.8
151 75 120 4
152 0 0 2.1
152 25 52.5 1.9
152 50 100 0.8
152 75 120 4
153 0 0 2.1
153 25 52.5 1.9
153 50 100 0.8
153 75 120 4
154 0 0 2.1
154 25 52.5 1.9
154 50 100 0.8
154 75 120 4
155 0 0 2.1
155 25 52.5 1.9
155 50 100 0.8
155 75 120 4
156 0 0 2.1
156 25 52.5 1.9
156 50 100 0.8
156 75 120 4
157 0 0 2.1
157 25 52.5 1.9
157 50 100 0.8
157 75 120 4
158 0 0 2.1
158 25 52.5 1.9
158 50 100 0.8
158 75 120 4
159 0 0 2.1
159 25 52.5 1.9
159 50 100 0.8
159 75 120 4
160 0 0 2.1
160 25 52.5 1.9
160 50 100 0.8
160 75 120 4
161 0 0 2.1
161 25 52.5 1.9
161 50 100 0.8
161 75 120 4
162 0 0 2.1
162 25 52.5 1.9
162 50 100 0.8
162 75 120 4
163 0 0 2.1
163 25 52.5 1.9
163 50 100 0.8
163 75 120 4
164 0 0 2.1
164 25 52.5 1.9
164 50 100 0.8
164 75 120 4
165 0 0 2.1
165 25 52.5 1.9
165 50 100 0.8
165 75 120 4
166 0 0 2.1
166 25 52.5 1.9
166 50 100 0.8
166 75 120 4
167 0 0 2.1
167 25 52.5 1.9
167 50 100 0.8
167 75 120 4
168 0 0 2.1
168 25 52.5 1.9
168 50 100 0.8
168 75 120 4
169 0 0 2.1
169 25 52.5 1.9
169 50 100 0.8
169 75 120 4
170 0 0 2.1
170 25 52.5 1.9
170 50 100 0.8
170 75 120 4
171 0 0 2.1
171 25 52.5 1.9
171 50 100 0.8
171 75 120 4
172 0 0 2.1
172 25 52.5 1.9
172 50 100 0.8
172 75 120 4
173 0 0 2.1
173 25 52.5 1.9
173 50 100 0.8
173 75 120 4
174 0 0 2.1
174 25 52.5 1.9
174 50 100 0.8
174 75 120 4
175 0 0 2.1
175 25 52.5 1.9
175 50 100 0.8
175 75 120 4
176 0 0 2.1
176 25 52.5 1.9
176 50 100 0.8
176 75 120 4
177 0 0 2.1
177 25 52.5 1.9
177 50 100 0.8
177 75 120 4
178 0 0 2.1
178 25 52.5 1.9
178 50 100 0.8
178 75 120 4
179 0 0 2.1
179 25 52.5 1.9
179 50 100 0.8
179 75 120 4
180 0 0 2.1
180 25 52.5 1.9
180 50 100 0.8
180 75 120 4
181 0 0 2.1
181 25 52.5 1.9
181 50 100 0.8
181 75 120 4
182 0 0 2.1
182 25 52.5 1.9
182 50 100 0.8
182 75 120 4
183 0 0 2.1
183 25 52.5 1.9
183 50 100 0.8
183 75 120 4
184 0 0 2.1
184 25 52.5 1.9
184 50 100 0.8
184 75 120 4
185 0 0 2.1
185 25 52.5 1.9
185 50 100 0.8
185 75 120 4
186 0 0 2.1
186 25 52.5 1.9
186 50 100 0.8
186 75 120 4
187 0 0 2.1
187 25 52.5 1.9
187 50 100 0.8
187 75 120 4
188 0 0 2.1
188 25 52.5 1.9
188 50 100 0.8
188 75 120 4
189 0 0 2.1
189 25 52.5 1.9
189 50 100 0.8
189 75 120 4
190 0 0 2.1
190 25 52.5 1.9
190 50 100 0.8
190 75 120 4
191 0 0 2.1
191 25 52.5 1.9
191 50 100 0.8
191 75 120 4
192 0 0 2.1
192 25 52.5 1.9
192 50 100 0.8
192 75 120 4
193 0 0 2.1
193 25 52.5 1.9
193 50 100 0.8
193 75 120 4
194 0 0 2.1
194 25 52.5 1.9
194 50 100 0.8
194 75 120 4
195 0 0 2.1
195 25 52.5 1.9
195 50 100 0.8
195 75 120 4
196 0 0 2.1
196 25 52.5 1.9
196 50 100 0.8
196 75 120 4
197 0 0 2.1
197 25 52.5 1.9
197 50 100 0.8
197 75 120 4
198 0 0 2.1
198 25 52.5 1.9
198 50 100 0.8
198 75 120 4
199 0 0 2.1
199 25 52.5 1.9
199 50 100 0.8
199 75 120 4
200 0 0 2.1
200 25 52.5 1.9
200 50 100 0.8
200 75 120 4
201 0 0 2.1
201 25 52.5 1.9
201 50 100 0.8
201 75 120 4
202 0 0 2.1
202 25 52.5 1.9
202 50 100 0.8
202 75 120 4
203 0 0 2.1
203 25 52.5 1.9
203 50 100 0.8
203 75 120 4
204 0 0 2.1
204 25 52.5 1.9
204 50 100 0.8
204 75 120 4
205 0 0 2.1
205 25 52.5 1.9
205 50 100 0.8
205 75 120 4
206 0 0 2.1
206 25 52.5 1.9
206 50 100 0.8
206 75 120 4
207 0 0 2.1
207 25 52.5 1.9
207 50 100 0.8
207 75 120 4
208 0 0 2.1
208 25 52.5 1.9
208 50 100 0.8
208 75 120 4
209 0 0 2.1
209 25 52.5 1.9
209 50 100 0.8
209 75 120 4
210 0 0 2.1
210 25 52.5 1.9
210 50 100 0.8
210 75 120 4
211 0 0 2.1
211 25 52.5 1.9
211 50 100 0.8
211 75 120 4
212 0 0 2.1
212 25 52.5 1.9
212 50 100 0.8
212 75 120 4
213 0 0 2.1
213 25 52.5 1.9
213 50 100 0.8
213 75 120 4
214 0 0 2.1
214 25 52.5 1.9
214 50 100 0.8
214 75 120 4
215 0 0 2.1
215 25 52.5 1.9
215 50 100 0.8
215 75 120 4
216 0 0 2.1
216 25 52.5 1.9
216 50 100 0.8
216 75 120 4
217 0 0 2.1
217 25 52.5 1.9
217 50 100 0.8
217 75 120 4
218 0 0 2.1
218 25 52.5 1.9
218 50 100 0.8
218 75 120 4
219 0 0 2.1
219 25 52.5 1.9
219 50 100 0.8
219 75 120 4
220 0 0 2.1
220 25 52.5 1.9
220 50 100 0.8
220 75 120 4
221 0 0 2.1
221 25 52.5 1.9
221 50 100 0.8
221 75 120 4
222 0 0 2.1
222 25 52.5 1.9
222 50 100 0.8
222 75 120 4
223 0 0 2.1
223 25 52.5 1.9
223 50 100 0.8
223 75 120 4
224 0 0 2.1
224 25 52.5 1.9
224 50 100 0.8
224 75 120 4
225 0 0 2.1
225 25 52.5 1.9
225 50 100 0.8
225 75 120 4
226 0 0 2.1
226 25 52.5 1.9
226 50 100 0.8
226 75 120 4
227 0 0 2.1
227 25 52.5 1.9
227 50 100 0.8
227 75 120 4
228 0 0 2.1
228 25 52.5 1.9
228 50 100 0.8
228 75 120 4
229 0 0 2.1
229 25 52.5 1.9
229 50 100 0.8
229 75 120 4
230 0 0 2.1
230 25 52.5 1.9
230 50 100 0.8
230 75 120 4
231 0 0 2.1
231 25 52.5 1.9
231 50 100 0.8
231 75 120 4
232 0 0 2.1
232 25 52.5 1.9
232 50 100 0.8
232 75 120 4
233 0 0 2.1
233 25 52.5 1.9
233 50 100 0.8
233 75 120 4
234 0 0 2.1
234 25 52.5 1.9
234 50 100 0.8
234 75 120 4
235 0 0 2.1
235 25 52.5 1.9
235 50 100 0.8
235 75 120 4
236 0 0 2.1
236 25 52.5 1.9
236 50 100 0.8
236 75 120 4
237 0 0 2.1
237 25 52.5 1.9
237 50 100 0.8
237 75 120 4
238 0 0 2.1
238 25 52.5 1.9
238 50 100 0.8
238 75 120 4
239 0 0 2.1
239 25 52.5 1.9
239 50 100 0.8
239 75 120 4
240 0 0 2.1
240 25 52.5 1.9
240 50 100 0.8
240 75 120 4
241 0 0 2.1
241 25 52.5 1.9
241 50 100 0.8
241 75 120 4
242 0 0 2.1
242 25 52.5 1.9
242 50 100 0.8
242 75 120 4
243 0 0 2.1
243 25 52.5 1.9
243 50 100 0.8
243 75 120 4
244 0 0 2.1
244 25 52.5 1.9
244 50 100 0.8
244 75 120 4
245 0 0 2.1
245 25 52.5 1.9
245 50 100 0.8
245 75 120 4
246 0 0 2.1
246 25 52.5 1.9
246 50 100 0.8
246 75 120 4
247 0 0 2.1
247 25 52.5 1.9
247 50 100 0.8
247 75 120 4
248 0 0 2.1
248 25 52.5 1.9
248 50 100 0.8
248 75 120 4
249 0 0 2.1
249 25 52.5 1.9
249 50 100 0.8
249 75 120 4
250 0 0 2.1
250 25 52.5 1.9
250 50 100 0.8
250 75 120 4
251 0 0 2.1
251 25 52.5 1.9
251 50 100 0.8
251 75 120 4
252 0 0 2.1
252 25 52.5 1.9
252 50 100 0.8
252 75 120 4
253 0 0 2.1
253 25 52.5 1.9
253 50 100 0.8
253 75 120 4
254 0 0 2.1
254 25 52.5 1.9
254 50 100 0.8
254 75 120 4
255 0 0 2.1
255 25 52.5 1.9
255 50 100 0.8
255 75 120 4
256 0 0 2.1
256 25 52.5 1.9
256 50 100 0.8
256 75 120 4
257 0 0 2.1
257 25 52.5 1.9
257 50 100 0.8
257 75 120 4
258 0 0 2.1
258 25 52.5 1.9
258 50 100 0.8
258 75 120 4
259 0 0 2.1
259 25 52.5 1.9
259 50 100 0.8
259 75 120 4
260 0 0 2.1
260 25 52.5 1.9
260 50 100 0.8
260 75 120 4
261 0 0 2.1
261 25 52.5 1.9
261 50 100 0.8
261 75 120 4
262 0 0 2.1
262 25 52.5 1.9
262 50 100 0.8
262 75 120 4
263 0 0 2.1
263 25 52.5 1.9
263 50 100 0.8
263 75 120 4
264 0 0 2.1
264 25 52.5 1.9
264 50 100 0.8
264 75 120 4
265 0 0 2.1
265 25 52.5 1.9
265 50 100 0.8
265 75 120 4
266 0 0 2.1
266 25 52.5 1.9
266 50 100 0.8
266 75 120 4
267 0 0 2.1
267 25 52.5 1.9
267 50 100 0.8
267 75 120 4
268 0 0 2.1
268 25 52.5 1.9
268 50 100 0.8
268 75 120 4
269 0 0 2.1
269 25 52.5 1.9
269 50 100 0.8
269 75 120 4
270 0 0 2.1
270 25 52.5 1.9
270 50 100 0.8
270 75 120 4
271 0 0 2.1
271 25 52.5 1.9
271 50 100 0.8
271 75 120 4
272 0 0 2.1
272 25 52.5 1.9
272 50 100 0.8
272 75 120 4
273 0 0 2.1
273 25 52.5 1.9
273 50 100 0.8
273 75 120 4
274 0 0 2.1
274 25 52.5 1.9
274 50 100 0.8
274 75 120 4
275 0 0 2.1
275 25 52.5 1.9
275 50 100 0.8
275 75 120 4
276 0 0 2.1
276 25 52.5 1.9
276 50 100 0.8
276 75 120 4
277 0 0 2.1
277 25 52.5 1.9
277 50 100 0.8
277 75 120 4
278 0 0 2.1
278 25 52.5 1.9
278 50 100 0.8
278 75 120 4
279 0 0 2.1
279 25 52.5 1.9
279 50 100 0.8
279 75 120 4
280 0 0 2.1
280 25 52.5 1.9
280 50 100 0.8
280 75 120 4
281 0 0 2.1
281 25 52.5 1.9
281 50 100 0.8
281 75 120 4
282 0 0 2.1
282 25 52.5 1.9
282 50 100 0.8
282 75 120 4
283 0 0 2.1
283 25 52.5 1.9
283 50 100 0.8
283 75 120 4
284 0 0 2.1
284 25 52.5 1.9
284 50 100 0.8
284 75 120 4
285 0 0 2.1
285 25 52.5 1.9
285 50 100 0.8
285 75 120 4
286 0 0 2.1
286 25 52.5 1.9
286 50 100 0.8
286 75 120 4
287 0 0 2.1
287 25 52.5 1.9
287 50 100 0.8
287 75 120 4
288 0 0 2.1
288 25 52.5 1.9
288 50 100 0.8
288 75 120 4
289 0 0 2.1
289 25 52.5 1.9
289 50 100 0.8
289 75 120 4
290 0 0 2.1
290 25 52.5 1.9
290 50 100 0.8
290 75 120 4
291 0 0 2.1
291 25 52.5 1.9
291 50 100 0.8
291 75 120 4
292 0 0 2.1
292 25 52.5 1.9
292 50 100 0.8
292 75 120 4
293 0 0 2.1
293 25 52.5 1.9
293 50 100 0.8
293 75 120 4
294 0 0 2.1
294 25 52.5 1.9
294 50 100 0.8
294 75 120 4
295 0 0 2.1
295 25 52.5 1.9
295 50 100 0.8
295 75 120 4
296 0 0 2.1
296 25 52.5 1.9
296 50 100 0.8
296 75 120 4
297 0 0 2.1
297 25 52.5 1.9
297 50 100 0.8
297 75 120 4
298 0 0 2.1
298 25 52.5 1.9
298 50 100 0.8
298 75 120 4
299 0 0 2.1
299 25 52.5 1.9
299 50 100 0.8
299 75 120 4
300 0 0 2.1
300 25 52.5 1.9
300 50 100 0.8
300 75 120 4
301 0 0 2.1
301 25 52.5 1.9
301 50 100 0.8
301 75 120 4
302 0 0 2.1
302 25 52.5 1.9
302 50 100 0.8
302 75 120 4
303 0 0 2.1
303 25 52.5 1.9
303 50 100 0.8
303 75 120 4
304 0 0 2.1
304 25 52.5 1.9
304 50 100 0.8
304 75 120 4
305 0 0 2.1
305 25 52.5 1.9
305 50 100 0.8
305 75 120 4
306 0 0 2.1
306 25 52.5 1.9
306 50 100 0.8
306 75 120 4
307 0 0 2.1
307 25 52.5 1.9
307 50 100 0.8
307 75 120 4
308 0 0 2.1
308 25 52.5 1.9
308 50 100 0.8
308 75 120 4
309 0 0 2.1
309 25 52.5 1.9
309 50 100 0.8
309 75 120 4
310 0 0 2.1
310 25 52.5 1.9
310 50 100 0.8
310 75 120 4
311 0 0 2.1
311 25 52.5 1.9
311 50 100 0.8
311 75 120 4
312 0 0 2.1
312 25 52.5 1.9
312 50 100 0.8
312 75 120 4
313 0 0 2.1
313 25 52.5 1.9
313 50 100 0.8
313 75 120 4
314 0 0 2.1
314 25 52.5 1.9
314 50 100 0.8
314 75 120 4
315 0 0 2.1
315 25 52.5 1.9
315 50 100 0.8
315 75 120 4
316 0 0 2.1
316 25 52.5 1.9
316 50 100 0.8
316 75 120 4
317 0 0 2.1
317 25 52.5 1.9
317 50 100 0.8
317 75 120 4
318 0 0 2.1
318 25 52.5 1.9
318 50 100 0.8
318 75 120 4
319 0 0 2.1
319 25 52.5 1.9
319 50 100 0.8
319 75 120 4
320 0 0 2.1
320 25 52.5 1.9
320 50 100 0.8
320 75 120 4
321 0 0 2.1
321 25 52.5 1.9
321 50 100 0.8
321 75 120 4
322 0 0 2.1
322 25 52.5 1.9
322 50 100 0.8
322 75 120 4
323 0 0 2.1
323 25 52.5 1.9
323 50 100 0.8
323 75 120 4
324 0 0 2.1
324 25 52.5 1.9
324 50 100 0.8
324 75 120 4
325 0 0 2.1
325 25 52.5 1.9
325 50 100 0.8
325 75 120 4
326 0 0 2.1
326 25 52.5 1.9
326 50 100 0.8
326 75 120 4
327 0 0 2.1
327 25 52.5 1.9
327 50 100 0.8
327 75 120 4
328 0 0 2.1
328 25 52.5 1.9
328 50 100 0.8
328 75 120 4
329 0 0 2.1
329 25 52.5 1.9
329 50 100 0.8
329 75 120 4
330 0 0 2.1
330 25 52.5 1.9
330 50 100 0.8
330 75 120 4
331 0 0 2.1
331 25 52.5 1.9
331 50 100 0.8
331 75 120 4
332 0 0 2.1
332 25 52.5 1.9
332 50 100 0.8
332 75 120 4
333 0 0 2.1
333 25 52.5 1.9
333 50 100 0.8
333 75 120 4
334 0 0 2.1
334 25 52.5 1.9
334 50 100 0.8
334 75 120 4
335 0 0 2.1
335 25 52.5 1.9
335 50 100 0.8
335 75 120 4
336 0 0 2.1
336 25 52.5 1.9
336 50 100 0.8
336 75 120 4
337 0 0 2.1
337 25 52.5 1.9
337 50 100 0.8
337 75 120 4
338 0 0 2.1
338 25 52.5 1.9
338 50 100 0.8
338 75 120 4
339 0 0 2.1
339 25 52.5 1.9
339 50 100 0.8
339 75 120 4
340 0 0 2.1
340 25 52.5 1.9
340 50 100 0.8
340 75 120 4
341 0 0 2.1
341 25 52.5 1.9
341 50 100 0.8
341 75 120 4
342 0 0 2.1
342 25 52.5 1.9
342 50 100 0.8
342 75 120 4
343 0 0 2.1
343 25 52.5 1.9
343 50 100 0.8
343 75 120 4
344 0 0 2.1
344 25 52.5 1.9
344 50 100 0.8
344 75 120 4
345 0 0 2.1
345 25 52.5 1.9
345 50 100 0.8
345 75 120 4
346 0 0 2.1
346 25 52.5 1.9
346 50 100 0.8
346 75 120 4
347 0 0 2.1
347 25 52.5 1.9
347 50 100 0.8
347 75 120 4
348 0 0 2.1
348 25 52.5 1.9
348 50 100 0.8
348 75 120 4
349 0 0 2.1
349 25 52.5 1.9
349 50 100 0.8
349 75 120 4
350 0 0 2.1
350 25 52.5 1.9
350 50 100 0.8
350 75 120 4
351 0 0 2.1
351 25 52.5 1.9
351 50 100 0.8
351 75 120 4
352 0 0 2.1
352 25 52.5 1.9
352 50 100 0.8
352 75 120 4
353 0 0 2.1
353 25 52.5 1.9
353 50 100 0.8
353 75 120 4
354 0 0 2.1
354 25 52.5 1.9
354 50 100 0.8
354 75 120 4
355 0 0 2.1
355 25 52.5 1.9
355 50 100 0.8
355 75 120 4
356 0 0 2.1
356 25 52.5 1.9
356 50 100 0.8
356 75 120 4
357 0 0 2.1
357 25 52.5 1.9
357 50 100 0.8
357 75 120 4
358 0 0 2.1
358 25 52.5 1.9
358 50 100 0.8
358 75 120 4
359 0 0 2.1
359 25 52.5 1.9
359 50 100 0.8
359 75 120 4
360 0 0 2.1
360 25 52.5 1.9
360 50 100 0.8
360 75 120 4
361 0 0 2.1
361 25 52.5 1.9
361 50 100 0.8
361 75 120 4
362 0 0 2.1
362 25 52.5 1.9
362 50 100 0.8
362 75 120 4
363 0 0 2.1
363 25 52.5 1.9
363 50 100 0.8
363 75 120 4
364 0 0 2.1
364 25 52.5 1.9
364 50 100 0.8
364 75 120 4
365 0 0 2.1
365 25 52.5 1.9
365 50 100 0.8
365 75 120 4
366 0 0 2.1
366 25 52.5 1.9
366 50 100 0.8
366 75 120 4
367 0 0 2.1
367 25 52.5 1.9
367 50 100 0.8
367 75 120 4
368 0 0 2.1
368 25 52.5 1.9
368 50 100 0.8
368 75 120 4
369 0 0 2.1
369 25 52.5 1.9
369 50 100 0.8
369 75 120 4
370 0 0 2.1
370 25 52.5 1.9
370 50 100 0.8
370 75 120 4
371 0 0 2.1
371 25 52.5 1.9
371 50 100 0.8
371 75 120 4
372 0 0 2.1
372 25 52.5 1.9
372 50 100 0.8
372 75 120 4
373 0 0 2.1
373 25 52.5 1.9
373 50 100 0.8
373 75 120 4
374 0 0 2.1
374 25 52.5 1.9
374 50 100 0.8
374 75 120 4
375 0 0 2.1
375 25 52.5 1.9
375 50 100 0.8
375 75 120 4
376 0 0 2.1
376 25 52.5 1.9
376 50 100 0.8
376 75 120 4
377 0 0 2.1
377 25 52.5 1.9
377 50 100 0.8
377 75 120 4
378 0 0 2.1
378 25 52.5 1.9
378 50 100 0.8
378 75 120 4
379 0 0 2.1
379 25 52.5 1.9
379 50 100 0.8
379 75 120 4
380 0 0 2.1
380 25 52.5 1.9
380 50 100 0.8
380 75 120 4
381 0 0 2.1
381 25 52.5 1.9
381 50 100 0.8
381 75 120 4
382 0 0 2.1
382 25 52.5 1.9
382 50 100 0.8
382 75 120 4
383 0 0 2.1
383 25 52.5 1.9
383 50 100 0.8
383 75 120 4
384 0 0 2.1
384 25 52.5 1.9
384 50 100 0.8
384 75 120 4
385 0 0 2.1
385 25 52.5 1.9
385 50 100 0.8
385 75 120 4
386 0 0 2.1
386 25 52.5 1.9
386 50 100 0.8
386 75 120 4
387 0 0 2.1
387 25 52.5 1.9
387 50 100 0.8
387 75 120 4
388 0 0 2.1
388 25 52.5 1.9
388 50 100 0.8
388 75 120 4
389 0 0 2.1
389 25 52.5 1.9
389 50 100 0.8
389 75 120 4
390 0 0 2.1
390 25 52.5 1.9
390 50 100 0.8
390 75 120 4
391 0 0 2.1
391 25 52.5 1.9
391 50 100 0.8
391 75 120 4
392 0 0 2.1
392 25 52.5 1.9
392 50 100 0.8
392 75 120 4
393 0 0 2.1
393 25 52.5 1.9
393 50 100 0.8
393 75 120 4
394 0 0 2.1
394 25 52.5 1.9
394 50 100 0.8
394 75 120 4
395 0 0 2.1
395 25 52.5 1.9
395 50 100 0.8
395 75 120 4
396 0 0 2.1
396 25 52.5 1.9
396 50 100 0.8
396 75 120 4
397 0 0 2.1
397 25 52.5 1.9
397 50 100 0.8
397 75 120 4
398 0 0 2.1
398 25 52.5 1.9
398 50 100 0.8
398 75 120 4
399 0 0 2.1
399 25 52.5 1.9
399 50 100 0.8
399 75 120 4
400 0 0 2.1
400 25 52.5 1.9
400 50 100 0.8
400 75 120 4
401 0 0 2.1
401 25 52.5 1.9
401 50 100 0.8
401 75 120 4
402 0 0 2.1
402 25 52.5 1.9
402 50 100 0.8
402 75 120 4
403 0 0 2.1
403 25 52.5 1.9
403 50 100 0.8
403 75 120 4
404 0 0 2.1
404 25 52.5 1.9
404 50 100 0.8
404 75 120 4
405 0 0 2.1
405 25 52.5 1.9
405 50 100 0.8
405 75 120 4
406 0 0 2.1
406 25 52.5 1.9
406 50 100 0.8
406 75 120 4
407 0 0 2.1
407 25 52.5 1.9
407 50 100 0.8
407 75 120 4
408 0 0 2.1
408 25 52.5 1.9
408 50 100 0.8
408 75 120 4
409 0 0 2.1
409 25 52.5 1.9
409 50 100 0.8
409 75 120 4
410 0 0 2.1
410 25 52.5 1.9
410 50 100 0.8
410 75 120 4
411 0 0 2.1
411 25 52.5 1.9
411 50 100 0.8
411 75 120 4
412 0 0 2.1
412 25 52.5 1.9
412 50 100 0.8
412 75 120 4
413 0 0 2.1
413 25 52.5 1.9
413 50 100 0.8
413 75 120 4
414 0 0 2.1
414 25 52.5 1.9
414 50 100 0.8
414 75 120 4
415 0 0 2.1
415 25 52.5 1.9
415 50 100 0.8
415 75 120 4
416 0 0 2.1
416 25 52.5 1.9
416 50 100 0.8
416 75 120 4
417 0 0 2.1
417 25 52.5 1.9
417 50 100 0.8
417 75 120 4
418 0 0 2.1
418 25 52.5 1.9
418 50 100 0.8
418 75 120 4
419 0 0 2.1
419 25 52.5 1.9
419 50 100 0.8
419 75 120 4
420 0 0 2.1
420 25 52.5 1.9
420 50 100 0.8
420 75 120 4
421 0 0 2.1
421 25 52.5 1.9
421 50 100 0.8
421 75 120 4
422 0 0 2.1
422 25 52.5 1.9
422 50 100 0.8
422 75 120 4
423 0 0 2.1
423 25 52.5 1.9
423 50 100 0.8
423 75 120 4
424 0 0 2.1
424 25 52.5 1.9
424 50 100 0.8
424 75 120 4
425 0 0 2.1
425 25 52.5 1.9
425 50 100 0.8
425 75 120 4
426 0 0 2.1
426 25 52.5 1.9
426 50 100 0.8
426 75 120 4
427 0 0 2.1
427 25 52.5 1.9
427 50 100 0.8
427 75 120 4
428 0 0 2.1
428 25 52.5 1.9
428 50 100 0.8
428 75 120 4
429 0 0 2.1
429 25 52.5 1.9
429 50 100 0.8
429 75 120 4
430 0 0 2.1
430 25 52.5 1.9
430 50 100 0.8
430 75 120 4
431 0 0 2.1
431 25 52.5 1.9
431 50 100 0.8
431 75 120 4
432 0 0 2.1
432 25 52.5 1.9
432 50 100 0.8
432 75 120 4
433 0 0 2.1
433 25 52.5 1.9
433 50 100 0.8
433 75 120 4
434 0 0 2.1
434 25 52.5 1.9
434 50 100 0.8
434 75 120 4
435 0 0 2.1
435 25 52.5 1.9
435 50 100 0.8
435 75 120 4
436 0 0 2.1
436 25 52.5 1.9
436 50 100 0.8
436 75 120 4
437 0 0 2.1
437 25 52.5 1.9
437 50 100 0.8
437 75 120 4
438 0 0 2.1
438 25 52.5 1.9
438 50 100 0.8
438 75 120 4
439 0 0 2.1
439 25 52.5 1.9
439 50 100 0.8
439 75 120 4
440 0 0 2.1
440 25 52.5 1.9
440 50 100 0.8
440 75 120 4
441 0 0 2.1
441 25 52.5 1.9
441 50 100 0.8
441 75 120 4
442 0 0 2.1
442 25 52.5 1.9
442 50 100 0.8
442 75 120 4
443 0 0 2.1
443 25 52.5 1.9
443 50 100 0.8
443 75 120 4
444 0 0 2.1
444 25 52.5 1.9
444 50 100 0.8
444 75 120 4
445 0 0 2.1
445 25 52.5 1.9
445 50 100 0.8
445 75 120 4
446 0 0 2.1
446 25 52.5 1.9
446 50 100 0.8
446 75 120 4
447 0 0 2.1
447 25 52.5 1.9
447 50 100 0.8
447 75 120 4
448 0 0 2.1
448 25 52.5 1.9
448 50 100 0.8
448 75 120 4
449 0 0 2.1
449 25 52.5 1.9
449 50 100 0.8
449 75 120 4
450 0 0 2.1
450 25 52.5 1.9
450 50 100 0.8
450 75 120 4
451 0 0 2.1
451 25 52.5 1.9
451 50 100 0.8
451 75 120 4
452 0 0 2.1
452 25 52.5 1.9
452 50 100 0.8
452 75 120 4
453 0 0 2.1
453 25 52.5 1.9
453 50 100 0.8
453 75 120 4
454 0 0 2.1
454 25 52.5 1.9
454 50 100 0.8
454 75 120 4
455 0 0 2.1
455 25 52.5 1.9
455 50 100 0.8
455 75 120 4
456 0 0 2.1
456 25 52.5 1.9
456 50 100 0.8
456 75 120 4
457 0 0 2.1
457 25 52.5 1.9
457 50 100 0.8
457 75 120 4
458 0 0 2.1
458 25 52.5 1.9
458 50 100 0.8
458 75 120 4
459 0 0 2.1
459 25 52.5 1.9
459 50 100 0.8
459 75 120 4
460 0 0 2.1
460 25 52.5 1.9
460 50 100 0.8
460 75 120 4
461 0 0 2.1
461 25 52.5 1.9
461 50 100 0.8
461 75 120 4
462 0 0 2.1
462 25 52.5 1.9
462 50 100 0.8
462 75 120 4
463 0 0 2.1
463 25 52.5 1.9
463 50 100 0.8
463 75 120 4
464 0 0 2.1
464 25 52.5 1.9
464 50 100 0.8
464 75 120 4
465 0 0 2.1
465 25 52.5 1.9
465 50 100 0.8
465 75 120 4
466 0 0 2.1
466 25 52.5 1.9
466 50 100 0.8
466 75 120 4
467 0 0 2.1
467 25 52.5 1.9
467 50 100 0.8
467 75 120 4
468 0 0 2.1
468 25 52.5 1.9
468 50 100 0.8
468 75 120 4
469 0 0 2.1
469 25 52.5 1.9
469 50 100 0.8
469 75 120 4
470 0 0 2.1
470 25 52.5 1.9
470 50 100 0.8
470 75 120 4
471 0 0 2.1
471 25 52.5 1.9
471 50 100 0.8
471 75 120 4
472 0 0 2.1
472 25 52.5 1.9
472 50 100 0.8
472 75 120 4
473 0 0 2.1
473 25 52.5 1.9
473 50 100 0.8
473 75 120 4
474 0 0 2.1
474 25 52.5 1.9
474 50 100 0.8
474 75 120 4
475 0 0 2.1
475 25 52.5 1.9
475 50 100 0.8
475 75 120 4
476 0 0 2.1
476 25 52.5 1.9
476 50 100 0.8
476 75 120 4
477 0 0 2.1
477 25 52.5 1.9
477 50 100 0.8
477 75 120 4
478 0 0 2.1
478 25 52.5 1.9
478 50 100 0.8
478 75 120 4
479 0 0 2.1
479 25 52.5 1.9
479 50 100 0.8
479 75 120 4
480 0 0 2.1
480 25 52.5 1.9
480 50 100 0.8
480 75 120 4
481 0 0 2.1
481 25 52.5 1.9
481 50 100 0.8
481 75 120 4
482 0 0 2.1
482 25 52.5 1.9
482 50 100 0.8
482 75 120 4
483 0 0 2.1
483 25 52.5 1.9
483 50 100 0.8
483 75 120 4
484 0 0 2.1
484 25 52.5 1.9
484 50 100 0.8
484 75 120 4
485 0 0 2.1
485 25 52.5 1.9
485 50 100 0.8
485 75 120 4
486 0 0 2.1
486 25 52.5 1.9
486 50 100 0.8
486 75 120 4
487 0 0 2.1
487 25 52.5 1.9
487 50 100 0.8
487 75 120 4
488 0 0 2.1
488 25 52.5 1.9
488 50 100 0.8
488 75 120 4
489 0 0 2.1
489 25 52.5 1.9
489 50 100 0.8
489 75 120 4
490 0 0 2.1
490 25 52.5 1.9
490 50 100 0.8
490 75 120 4
491 0 0 2.1
491 25 52.5 1.9
491 50 100 0.8
491 75 120 4
492 0 0 2.1
492 25 52.5 1.9
492 50 100 0.8
492 75 120 4
493 0 0 2.1
493 25 52.5 1.9
493 50 100 0.8
493 75 120 4
494 0 0 2.1
494 25 52.5 1.9
494 50 100 0.8
494 75 120 4
495 0 0 2.1
495 25 52.5 1.9
495 50 100 0.8
495 75 120 4
496 0 0 2.1
496 25 52.5 1.9
496 50 100 0.8
496 75 120 4
497 0 0 2.1
497 25 52.5 1.9
497 50 100 0.8
497 75 120 4
498 0 0 2.1
498 25 52.5 1.9
498 50 100 0.8
498 75 120 4
499 0 0 2.1
499 25 52.5 1.9
499 50 100 0.8
499 75 120 4
