20 10
0 0 0 0.6
0 200 120 1.4
0 400 400 1.5
0 600 700 1.6
0 800 1020 0.7
0 1000 1160 1.7
0 1200 1500 2
0 1400 1900 1.9
0 1600 2280 1.7
0 1800 2620 4.5
1 0 0 0.6
1 200 120 1.4
1 400 400 1.5
1 600 700 1.6
1 800 1020 0.7
1 1000 1160 1.7
1 1200 1500 2
1 1400 1900 1.9
1 1600 2280 1.7
1 1800 2620 4.5
2 0 0 0.6
2 200 120 1.4
2 400 400 1.5
2 600 700 1.6
2 800 1020 0.7
2 1000 1160 1.7
2 1200 1500 2
2 1400 1900 1.9
2 1600 2280 1.7
2 1800 2620 4.5
3 0 0 0.6
3 200 120 1.4
3 400 400 1.5
3 600 700 1.6
3 800 1020 0.7
3 1000 1160 1.7
3 1200 1500 2
3 1400 1900 1.9
3 1600 2280 1.7
3 1800 2620 4.5
4 0 0 0.6
4 200 120 1.4
4 400 400 1.5
4 600 700 1.6
4 800 1020 0.7
4 1000 1160 1.7
4 1200 1500 2
4 1400 1900 1.9
4 1600 2280 1.7
4 1800 2620 4.5
5 0 0 0.6
5 200 120 1.4
5 400 400 1.5
5 600 700 1.6
5 800 1020 0.7
5 1000 1160 1.7
5 1200 1500 2
5 1400 1900 1.9
5 1600 2280 1.7
5 1800 2620 4.5
6 0 0 0.6
6 200 120 1.4
6 400 400 1.5
6 600 700 1.6
6 800 1020 0.7
6 1000 1160 1.7
6 1200 1500 2
6 1400 1900 1.9
6 1600 2280 1.7
6 1800 2620 4.5
7 0 0 0.6
7 200 120 1.4
7 400 400 1.5
7 600 700 1.6
7 800 1020 0.7
7 1000 1160 1.7
7 1200 1500 2
7 1400 1900 1.9
7 1600 2280 1.7
7 1800 2620 4.5
8 0 0 0.6
8 200 120 1.4
8 400 400 1.5
8 600 700 1.6
8 800 1020 0.7
8 1000 1160 1.7
8 1200 1500 2
8 1400 1900 1.9
8 1600 2280 1.7
8 1800 2620 4.5
9 0 0 0.6
9 200 120 1.4
9 400 400 1.5
9 600 700 1.6
9 800 1020 0.7
9 1000 1160 1.7
9 1200 1500 2
9 1400 1900 1.9
9 1600 2280 1.7
9 1800 2620 4.5
10 0 0 0.6
10 200 120 1.4
10 400 400 1.5
10 600 700 1.6
10 800 1020 0.7
10 1000 1160 1.7
10 1200 1500 2
10 1400 1900 1.9
10 1600 2280 1.7
10 1800 2620 4.5
11 0 0 0.6
11 200 120 1.4
11 400 400 1.5
11 600 700 1.6
11 800 1020 0.7
11 1000 1160 1.7
11 1200 1500 2
11 1400 1900 1.9
11 1600 2280 1.7
11 1800 2620 4.5
12 0 0 0.6
12 200 120 1.4
12 400 400 1.5
12 600 700 1.6
12 800 1020 0.7
12 1000 1160 1.7
12 1200 1500 2
12 1400 1900 1.9
12 1600 2280 1.7
12 1800 2620 4.5
13 0 0 0.6
13 200 120 1.4
13 400 400 1.5
13 600 700 1.6
13 800 1020 0.7
13 1000 1160 1.7
13 1200 1500 2
13 1400 1900 1.9
13 1600 2280 1.7
13 1800 2620 4.5
14 0 0 0.6
14 200 120 1.4
14 400 400 1.5
14 600 700 1.6
14 800 1020 0.7
14 1000 1160 1.7
14 1200 1500 2
14 1400 1900 1.9
14 1600 2280 1.7
14 1800 2620 4.5
15 0 0 0.6
15 200 120 1.4
15 400 400 1.5
15 600 700 1.6
15 800 1020 0.7
15 1000 1160 1.7
15 1200 1500 2
15 1400 1900 1.9
15 1600 2280 1.7
15 1800 2620 4.5
16 0 0 0.6
16 200 120 1.4
16 400 400 1.5
16 600 700 1.6
16 800 1020 0.7
16 1000 1160 1.7
16 1200 1500 2
16 1400 1900 1.9
16 1600 2280 1.7
16 1800 2620 4.5
17 0 0 0.6
17 200 120 1.4
17 400 400 1.5
17 600 700 1.6
17 800 1020 0.7
17 1000 1160 1.7
17 1200 1500 2
17 1400 1900 1.9
17 1600 2280 1.7
17 1800 2620 4.5
18 0 0 0.6
18 200 120 1.4
18 400 400 1.5
18 600 700 1.6
18 800 1020 0.7
18 1000 1160 1.7
18 1200 1500 2
18 1400 1900 1.9
18 1600 2280 1.7
18 1800 2620 4.5
19 0 0 0.6
19 200 120 1.4
19 400 400 1.5
19 600 700 1.6
19 800 1020 0.7
19 1000 1160 1.7
19 1200 1500 2
19 1400 1900 1.9
19 1600 2280 1.7
19 1800 2620 4.5
