100 4
0 0 0 4.5
0 500 2250 4.3
0 1000 4400 4
0 1500 6400 4
1 0 0 4.5
1 500 2250 4.3
1 1000 4400 4
1 1500 6400 4
2 0 0 4.5
2 500 2250 4.3
2 1000 4400 4
2 1500 6400 4
3 0 0 4.5
3 500 2250 4.3
3 1000 4400 4
3 1500 6400 4
4 0 0 4.5
4 500 2250 4.3
4 1000 4400 4
4 1500 6400 4
5 0 0 4.5
5 500 2250 4.3
5 1000 4400 4
5 1500 6400 4
6 0 0 4.5
6 500 2250 4.3
6 1000 4400 4
6 1500 6400 4
7 0 0 4.5
7 500 2250 4.3
7 1000 4400 4
7 1500 6400 4
8 0 0 4.5
8 500 2250 4.3
8 1000 4400 4
8 1500 6400 4
9 0 0 4.5
9 500 2250 4.3
9 1000 4400 4
9 1500 6400 4
10 0 0 4.5
10 500 2250 4.3
10 1000 4400 4
10 1500 6400 4
11 0 0 4.5
11 500 2250 4.3
11 1000 4400 4
11 1500 6400 4
12 0 0 4.5
12 500 2250 4.3
12 1000 4400 4
12 1500 6400 4
13 0 0 4.5
13 500 2250 4.3
13 1000 4400 4
13 1500 6400 4
14 0 0 4.5
14 500 2250 4.3
14 1000 4400 4
14 1500 6400 4
15 0 0 4.5
15 500 2250 4.3
15 1000 4400 4
15 1500 6400 4
16 0 0 4.5
16 500 2250 4.3
16 1000 4400 4
16 1500 6400 4
17 0 0 4.5
17 500 2250 4.3
17 1000 4400 4
17 1500 6400 4
18 0 0 4.5
18 500 2250 4.3
18 1000 4400 4
18 1500 6400 4
19 0 0 4.5
19 500 2250 4.3
19 1000 4400 4
19 1500 6400 4
20 0 0 4.5
20 500 2250 4.3
20 1000 4400 4
20 1500 6400 4
21 0 0 4.5
21 500 2250 4.3
21 1000 4400 4
21 1500 6400 4
22 0 0 4.5
22 500 2250 4.3
22 1000 4400 4
22 1500 6400 4
23 0 0 4.5
23 500 2250 4.3
23 1000 4400 4
23 1500 6400 4
24 0 0 4.5
24 500 2250 4.3
24 1000 4400 4
24 1500 6400 4
25 0 0 4.5
25 500 2250 4.3
25 1000 4400 4
25 1500 6400 4
26 0 0 4.5
26 500 2250 4.3
26 1000 4400 4
26 1500 6400 4
27 0 0 4.5
27 500 2250 4.3
27 1000 4400 4
27 1500 6400 4
28 0 0 4.5
28 500 2250 4.3
28 1000 4400 4
28 1500 6400 4
29 0 0 4.5
29 500 2250 4.3
29 1000 4400 4
29 1500 6400 4
30 0 0 4.5
30 500 2250 4.3
30 1000 4400 4
30 1500 6400 4
31 0 0 4.5
31 500 2250 4.3
31 1000 4400 4
31 1500 6400 4
32 0 0 4.5
32 500 2250 4.3
32 1000 4400 4
32 1500 6400 4
33 0 0 4.5
33 500 2250 4.3
33 1000 4400 4
33 1500 6400 4
34 0 0 4.5
34 500 2250 4.3
34 1000 4400 4
34 1500 6400 4
35 0 0 4.5
35 500 2250 4.3
35 1000 4400 4
35 1500 6400 4
36 0 0 4.5
36 500 2250 4.3
36 1000 4400 4
36 1500 6400 4
37 0 0 4.5
37 500 2250 4.3
37 1000 4400 4
37 1500 6400 4
38 0 0 4.5
38 500 2250 4.3
38 1000 4400 4
38 1500 6400 4
39 0 0 4.5
39 500 2250 4.3
39 1000 4400 4
39 1500 6400 4
40 0 0 4.5
40 500 2250 4.3
40 1000 4400 4
40 1500 6400 4
41 0 0 4.5
41 500 2250 4.3
41 1000 4400 4
41 1500 6400 4
42 0 0 4.5
42 500 2250 4.3
42 1000 4400 4
42 1500 6400 4
43 0 0 4.5
43 500 2250 4.3
43 1000 4400 4
43 1500 6400 4
44 0 0 4.5
44 500 2250 4.3
44 1000 4400 4
44 1500 6400 4
45 0 0 4.5
45 500 2250 4.3
45 1000 4400 4
45 1500 6400 4
46 0 0 4.5
46 500 2250 4.3
46 1000 4400 4
46 1500 6400 4
47 0 0 4.5
47 500 2250 4.3
47 1000 4400 4
47 1500 6400 4
48 0 0 4.5
48 500 2250 4.3
48 1000 4400 4
48 1500 6400 4
49 0 0 4.5
49 500 2250 4.3
49 1000 4400 4
49 1500 6400 4
50 0 0 4.5
50 500 2250 4.3
50 1000 4400 4
50 1500 6400 4
51 0 0 4.5
51 500 2250 4.3
51 1000 4400 4
51 1500 6400 4
52 0 0 4.5
52 500 2250 4.3
52 1000 4400 4
52 1500 6400 4
53 0 0 4.5
53 500 2250 4.3
53 1000 4400 4
53 1500 6400 4
54 0 0 4.5
54 500 2250 4.3
54 1000 4400 4
54 1500 6400 4
55 0 0 4.5
55 500 2250 4.3
55 1000 4400 4
55 1500 6400 4
56 0 0 4.5
56 500 2250 4.3
56 1000 4400 4
56 1500 6400 4
57 0 0 4.5
57 500 2250 4.3
57 1000 4400 4
57 1500 6400 4
58 0 0 4.5
58 500 2250 4.3
58 1000 4400 4
58 1500 6400 4
59 0 0 4.5
59 500 2250 4.3
59 1000 4400 4
59 1500 6400 4
60 0 0 4.5
60 500 2250 4.3
60 1000 4400 4
60 1500 6400 4
61 0 0 4.5
61 500 2250 4.3
61 1000 4400 4
61 1500 6400 4
62 0 0 4.5
62 500 2250 4.3
62 1000 4400 4
62 1500 6400 4
63 0 0 4.5
63 500 2250 4.3
63 1000 4400 4
63 1500 6400 4
64 0 0 4.5
64 500 2250 4.3
64 1000 4400 4
64 1500 6400 4
65 0 0 4.5
65 500 2250 4.3
65 1000 4400 4
65 1500 6400 4
66 0 0 4.5
66 500 2250 4.3
66 1000 4400 4
66 1500 6400 4
67 0 0 4.5
67 500 2250 4.3
67 1000 4400 4
67 1500 6400 4
68 0 0 4.5
68 500 2250 4.3
68 1000 4400 4
68 1500 6400 4
69 0 0 4.5
69 500 2250 4.3
69 1000 4400 4
69 1500 6400 4
70 0 0 4.5
70 500 2250 4.3
70 1000 4400 4
70 1500 6400 4
71 0 0 4.5
71 500 2250 4.3
71 1000 4400 4
71 1500 6400 4
72 0 0 4.5
72 500 2250 4.3
72 1000 4400 4
72 1500 6400 4
73 0 0 4.5
73 500 2250 4.3
73 1000 4400 4
73 1500 6400 4
74 0 0 4.5
74 500 2250 4.3
74 1000 4400 4
74 1500 6400 4
75 0 0 4.5
75 500 2250 4.3
75 1000 4400 4
75 1500 6400 4
76 0 0 4.5
76 500 2250 4.3
76 1000 4400 4
76 1500 6400 4
77 0 0 4.5
77 500 2250 4.3
77 1000 4400 4
77 1500 6400 4
78 0 0 4.5
78 500 2250 4.3
78 1000 4400 4
78 1500 6400 4
79 0 0 4.5
79 500 2250 4.3
79 1000 4400 4
79 1500 6400 4
80 0 0 4.5
80 500 2250 4.3
80 1000 4400 4
80 1500 6400 4
81 0 0 4.5
81 500 2250 4.3
81 1000 4400 4
81 1500 6400 4
82 0 0 4.5
82 500 2250 4.3
82 1000 4400 4
82 1500 6400 4
83 0 0 4.5
83 500 2250 4.3
83 1000 4400 4
83 1500 6400 4
84 0 0 4.5
84 500 2250 4.3
84 1000 4400 4
84 1500 6400 4
85 0 0 4.5
85 500 2250 4.3
85 1000 4400 4
85 1500 6400 4
86 0 0 4.5
86 500 2250 4.3
86 1000 4400 4
86 1500 6400 4
87 0 0 4.5
87 500 2250 4.3
87 1000 4400 4
87 1500 6400 4
88 0 0 4.5
88 500 2250 4.3
88 1000 4400 4
88 1500 6400 4
89 0 0 4.5
89 500 2250 4.3
89 1000 4400 4
89 1500 6400 4
90 0 0 4.5
90 500 2250 4.3
90 1000 4400 4
90 1500 6400 4
91 0 0 4.5
91 500 2250 4.3
91 1000 4400 4
91 1500 6400 4
92 0 0 4.5
92 500 2250 4.3
92 1000 4400 4
92 1500 6400 4
93 0 0 4.5
93 500 2250 4.3
93 1000 4400 4
93 1500 6400 4
94 0 0 4.5
94 500 2250 4.3
94 1000 4400 4
94 1500 6400 4
95 0 0 4.5
95 500 2250 4.3
95 1000 4400 4
95 1500 6400 4
96 0 0 4.5
96 500 2250 4.3
96 1000 4400 4
96 1500 6400 4
97 0 0 4.5
97 500 2250 4.3
97 1000 4400 4
97 1500 6400 4
98 0 0 4.5
98 500 2250 4.3
98 1000 4400 4
98 1500 6400 4
99 0 0 4.5
99 500 2250 4.3
99 1000 4400 4
99 1500 6400 4
