20 10
0 0 0 0.9
0 200 180 4.1
0 400 1000 4.7
0 600 1940 3.9
0 800 2720 0.9
0 1000 2900 2.2
0 1200 3340 1.7
0 1400 3680 1
0 1600 3880 0.8
0 1800 4040 3.1
1 0 0 0.9
1 200 180 4.1
1 400 1000 4.7
1 600 1940 3.9
1 800 2720 0.9
1 1000 2900 2.2
1 1200 3340 1.7
1 1400 3680 1
1 1600 3880 0.8
1 1800 4040 3.1
2 0 0 0.9
2 200 180 4.1
2 400 1000 4.7
2 600 1940 3.9
2 800 2720 0.9
2 1000 2900 2.2
2 1200 3340 1.7
2 1400 3680 1
2 1600 3880 0.8
2 1800 4040 3.1
3 0 0 0.9
3 200 180 4.1
3 400 1000 4.7
3 600 1940 3.9
3 800 2720 0.9
3 1000 2900 2.2
3 1200 3340 1.7
3 1400 3680 1
3 1600 3880 0.8
3 1800 4040 3.1
4 0 0 0.9
4 200 180 4.1
4 400 1000 4.7
4 600 1940 3.9
4 800 2720 0.9
4 1000 2900 2.2
4 1200 3340 1.7
4 1400 3680 1
4 1600 3880 0.8
4 1800 4040 3.1
5 0 0 0.9
5 200 180 4.1
5 400 1000 4.7
5 600 1940 3.9
5 800 2720 0.9
5 1000 2900 2.2
5 1200 3340 1.7
5 1400 3680 1
5 1600 3880 0.8
5 1800 4040 3.1
6 0 0 0.9
6 200 180 4.1
6 400 1000 4.7
6 600 1940 3.9
6 800 2720 0.9
6 1000 2900 2.2
6 1200 3340 1.7
6 1400 3680 1
6 1600 3880 0.8
6 1800 4040 3.1
7 0 0 0.9
7 200 180 4.1
7 400 1000 4.7
7 600 1940 3.9
7 800 2720 0.9
7 1000 2900 2.2
7 1200 3340 1.7
7 1400 3680 1
7 1600 3880 0.8
7 1800 4040 3.1
8 0 0 0.9
8 200 180 4.1
8 400 1000 4.7
8 600 1940 3.9
8 800 2720 0.9
8 1000 2900 2.2
8 1200 3340 1.7
8 1400 3680 1
8 1600 3880 0.8
8 1800 4040 3.1
9 0 0 0.9
9 200 180 4.1
9 400 1000 4.7
9 600 1940 3.9
9 800 2720 0.9
9 1000 2900 2.2
9 1200 3340 1.7
9 1400 3680 1
9 1600 3880 0.8
9 1800 4040 3.1
10 0 0 0.9
10 200 180 4.1
10 400 1000 4.7
10 600 1940 3.9
10 800 2720 0.9
10 1000 2900 2.2
10 1200 3340 1.7
10 1400 3680 1
10 1600 3880 0.8
10 1800 4040 3.1
11 0 0 0.9
11 200 180 4.1
11 400 1000 4.7
11 600 1940 3.9
11 800 2720 0.9
11 1000 2900 2.2
11 1200 3340 1.7
11 1400 3680 1
11 1600 3880 0.8
11 1800 4040 3.1
12 0 0 0.9
12 200 180 4.1
12 400 1000 4.7
12 600 1940 3.9
12 800 2720 0.9
12 1000 2900 2.2
12 1200 3340 1.7
12 1400 3680 1
12 1600 3880 0.8
12 1800 4040 3.1
13 0 0 0.9
13 200 180 4.1
13 400 1000 4.7
13 600 1940 3.9
13 800 2720 0.9
13 1000 2900 2.2
13 1200 3340 1.7
13 1400 3680 1
13 1600 3880 0.8
13 1800 4040 3.1
14 0 0 0.9
14 200 180 4.1
14 400 1000 4.7
14 600 1940 3.9
14 800 2720 0.9
14 1000 2900 2.2
14 1200 3340 1.7
14 1400 3680 1
14 1600 3880 0.8
14 1800 4040 3.1
15 0 0 0.9
15 200 180 4.1
15 400 1000 4.7
15 600 1940 3.9
15 800 2720 0.9
15 1000 2900 2.2
15 1200 3340 1.7
15 1400 3680 1
15 1600 3880 0.8
15 1800 4040 3.1
16 0 0 0.9
16 200 180 4.1
16 400 1000 4.7
16 600 1940 3.9
16 800 2720 0.9
16 1000 2900 2.2
16 1200 3340 1.7
16 1400 3680 1
16 1600 3880 0.8
16 1800 4040 3.1
17 0 0 0.9
17 200 180 4.1
17 400 1000 4.7
17 600 1940 3.9
17 800 2720 0.9
17 1000 2900 2.2
17 1200 3340 1.7
17 1400 3680 1
17 1600 3880 0.8
17 1800 4040 3.1
18 0 0 0.9
18 200 180 4.1
18 400 1000 4.7
18 600 1940 3.9
18 800 2720 0.9
18 1000 2900 2.2
18 1200 3340 1.7
18 1400 3680 1
18 1600 3880 0.8
18 1800 4040 3.1
19 0 0 0.9
19 200 180 4.1
19 400 1000 4.7
19 600 1940 3.9
19 800 2720 0.9
19 1000 2900 2.2
19 1200 3340 1.7
19 1400 3680 1
19 1600 3880 0.8
19 1800 4040 3.1
