100 4
0 0 0 2.2
0 25 55 2.9
0 50 127.5 0.6
0 75 142.5 0.6
1 0 0 2.2
1 25 55 2.9
1 50 127.5 0.6
1 75 142.5 0.6
2 0 0 2.2
2 25 55 2.9
2 50 127.5 0.6
2 75 142.5 0.6
3 0 0 2.2
3 25 55 2.9
3 50 127.5 0.6
3 75 142.5 0.6
4 0 0 2.2
4 25 55 2.9
4 50 127.5 0.6
4 75 142.5 0.6
5 0 0 2.2
5 25 55 2.9
5 50 127.5 0.6
5 75 142.5 0.6
6 0 0 2.2
6 25 55 2.9
6 50 127.5 0.6
6 75 142.5 0.6
7 0 0 2.2
7 25 55 2.9
7 50 127.5 0.6
7 75 142.5 0.6
8 0 0 2.2
8 25 55 2.9
8 50 127.5 0.6
8 75 142.5 0.6
9 0 0 2.2
9 25 55 2.9
9 50 127.5 0.6
9 75 142.5 0.6
10 0 0 2.2
10 25 55 2.9
10 50 127.5 0.6
10 75 142.5 0.6
11 0 0 2.2
11 25 55 2.9
11 50 127.5 0.6
11 75 142.5 0.6
12 0 0 2.2
12 25 55 2.9
12 50 127.5 0.6
12 75 142.5 0.6
13 0 0 2.2
13 25 55 2.9
13 50 127.5 0.6
13 75 142.5 0.6
14 0 0 2.2
14 25 55 2.9
14 50 127.5 0.6
14 75 142.5 0.6
15 0 0 2.2
15 25 55 2.9
15 50 127.5 0.6
15 75 142.5 0.6
16 0 0 2.2
16 25 55 2.9
16 50 127.5 0.6
16 75 142.5 0.6
17 0 0 2.2
17 25 55 2.9
17 50 127.5 0.6
17 75 142.5 0.6
18 0 0 2.2
18 25 55 2.9
18 50 127.5 0.6
18 75 142.5 0.6
19 0 0 2.2
19 25 55 2.9
19 50 127.5 0.6
19 75 142.5 0.6
20 0 0 2.2
20 25 55 2.9
20 50 127.5 0.6
20 75 142.5 0.6
21 0 0 2.2
21 25 55 2.9
21 50 127.5 0.6
21 75 142.5 0.6
22 0 0 2.2
22 25 55 2.9
22 50 127.5 0.6
22 75 142.5 0.6
23 0 0 2.2
23 25 55 2.9
23 50 127.5 0.6
23 75 142.5 0.6
24 0 0 2.2
24 25 55 2.9
24 50 127.5 0.6
24 75 142.5 0.6
25 0 0 2.2
25 25 55 2.9
25 50 127.5 0.6
25 75 142.5 0.6
26 0 0 2.2
26 25 55 2.9
26 50 127.5 0.6
26 75 142.5 0.6
27 0 0 2.2
27 25 55 2.9
27 50 127.5 0.6
27 75 142.5 0.6
28 0 0 2.2
28 25 55 2.9
28 50 127.5 0.6
28 75 142.5 0.6
29 0 0 2.2
29 25 55 2.9
29 50 127.5 0.6
29 75 142.5 0.6
30 0 0 2.2
30 25 55 2.9
30 50 127.5 0.6
30 75 142.5 0.6
31 0 0 2.2
31 25 55 2.9
31 50 127.5 0.6
31 75 142.5 0.6
32 0 0 2.2
32 25 55 2.9
32 50 127.5 0.6
32 75 142.5 0.6
33 0 0 2.2
33 25 55 2.9
33 50 127.5 0.6
33 75 142.5 0.6
34 0 0 2.2
34 25 55 2.9
34 50 127.5 0.6
34 75 142.5 0.6
35 0 0 2.2
35 25 55 2.9
35 50 127.5 0.6
35 75 142.5 0.6
36 0 0 2.2
36 25 55 2.9
36 50 127.5 0.6
36 75 142.5 0.6
37 0 0 2.2
37 25 55 2.9
37 50 127.5 0.6
37 75 142.5 0.6
38 0 0 2.2
38 25 55 2.9
38 50 127.5 0.6
38 75 142.5 0.6
39 0 0 2.2
39 25 55 2.9
39 50 127.5 0.6
39 75 142.5 0.6
40 0 0 2.2
40 25 55 2.9
40 50 127.5 0.6
40 75 142.5 0.6
41 0 0 2.2
41 25 55 2.9
41 50 127.5 0.6
41 75 142.5 0.6
42 0 0 2.2
42 25 55 2.9
42 50 127.5 0.6
42 75 142.5 0.6
43 0 0 2.2
43 25 55 2.9
43 50 127.5 0.6
43 75 142.5 0.6
44 0 0 2.2
44 25 55 2.9
44 50 127.5 0.6
44 75 142.5 0.6
45 0 0 2.2
45 25 55 2.9
45 50 127.5 0.6
45 75 142.5 0.6
46 0 0 2.2
46 25 55 2.9
46 50 127.5 0.6
46 75 142.5 0.6
47 0 0 2.2
47 25 55 2.9
47 50 127.5 0.6
47 75 142.5 0.6
48 0 0 2.2
48 25 55 2.9
48 50 127.5 0.6
48 75 142.5 0.6
49 0 0 2.2
49 25 55 2.9
49 50 127.5 0.6
49 75 142.5 0.6
50 0 0 2.2
50 25 55 2.9
50 50 127.5 0.6
50 75 142.5 0.6
51 0 0 2.2
51 25 55 2.9
51 50 127.5 0.6
51 75 142.5 0.6
52 0 0 2.2
52 25 55 2.9
52 50 127.5 0.6
52 75 142.5 0.6
53 0 0 2.2
53 25 55 2.9
53 50 127.5 0.6
53 75 142.5 0.6
54 0 0 2.2
54 25 55 2.9
54 50 127.5 0.6
54 75 142.5 0.6
55 0 0 2.2
55 25 55 2.9
55 50 127.5 0.6
55 75 142.5 0.6
56 0 0 2.2
56 25 55 2.9
56 50 127.5 0.6
56 75 142.5 0.6
57 0 0 2.2
57 25 55 2.9
57 50 127.5 0.6
57 75 142.5 0.6
58 0 0 2.2
58 25 55 2.9
58 50 127.5 0.6
58 75 142.5 0.6
59 0 0 2.2
59 25 55 2.9
59 50 127.5 0.6
59 75 142.5 0.6
60 0 0 2.2
60 25 55 2.9
60 50 127.5 0.6
60 75 142.5 0.6
61 0 0 2.2
61 25 55 2.9
61 50 127.5 0.6
61 75 142.5 0.6
62 0 0 2.2
62 25 55 2.9
62 50 127.5 0.6
62 75 142.5 0.6
63 0 0 2.2
63 25 55 2.9
63 50 127.5 0.6
63 75 142.5 0.6
64 0 0 2.2
64 25 55 2.9
64 50 127.5 0.6
64 75 142.5 0.6
65 0 0 2.2
65 25 55 2.9
65 50 127.5 0.6
65 75 142.5 0.6
66 0 0 2.2
66 25 55 2.9
66 50 127.5 0.6
66 75 142.5 0.6
67 0 0 2.2
67 25 55 2.9
67 50 127.5 0.6
67 75 142.5 0.6
68 0 0 2.2
68 25 55 2.9
68 50 127.5 0.6
68 75 142.5 0.6
69 0 0 2.2
69 25 55 2.9
69 50 127.5 0.6
69 75 142.5 0.6
70 0 0 2.2
70 25 55 2.9
70 50 127.5 0.6
70 75 142.5 0.6
71 0 0 2.2
71 25 55 2.9
71 50 127.5 0.6
71 75 142.5 0.6
72 0 0 2.2
72 25 55 2.9
72 50 127.5 0.6
72 75 142.5 0.6
73 0 0 2.2
73 25 55 2.9
73 50 127.5 0.6
73 75 142.5 0.6
74 0 0 2.2
74 25 55 2.9
74 50 127.5 0.6
74 75 142.5 0.6
75 0 0 2.2
75 25 55 2.9
75 50 127.5 0.6
75 75 142.5 0.6
76 0 0 2.2
76 25 55 2.9
76 50 127.5 0.6
76 75 142.5 0.6
77 0 0 2.2
77 25 55 2.9
77 50 127.5 0.6
77 75 142.5 0.6
78 0 0 2.2
78 25 55 2.9
78 50 127.5 0.6
78 75 142.5 0.6
79 0 0 2.2
79 25 55 2.9
79 50 127.5 0.6
79 75 142.5 0.6
80 0 0 2.2
80 25 55 2.9
80 50 127.5 0.6
80 75 142.5 0.6
81 0 0 2.2
81 25 55 2.9
81 50 127.5 0.6
81 75 142.5 0.6
82 0 0 2.2
82 25 55 2.9
82 50 127.5 0.6
82 75 142.5 0.6
83 0 0 2.2
83 25 55 2.9
83 50 127.5 0.6
83 75 142.5 0.6
84 0 0 2.2
84 25 55 2.9
84 50 127.5 0.6
84 75 142.5 0.6
85 0 0 2.2
85 25 55 2.9
85 50 127.5 0.6
85 75 142.5 0.6
86 0 0 2.2
86 25 55 2.9
86 50 127.5 0.6
86 75 142.5 0.6
87 0 0 2.2
87 25 55 2.9
87 50 127.5 0.6
87 75 142.5 0.6
88 0 0 2.2
88 25 55 2.9
88 50 127.5 0.6
88 75 142.5 0.6
89 0 0 2.2
89 25 55 2.9
89 50 127.5 0.6
89 75 142.5 0.6
90 0 0 2.2
90 25 55 2.9
90 50 127.5 0.6
90 75 142.5 0.6
91 0 0 2.2
91 25 55 2.9
91 50 127.5 0.6
91 75 142.5 0.6
92 0 0 2.2
92 25 55 2.9
92 50 127.5 0.6
92 75 142.5 0.6
93 0 0 2.2
93 25 55 2.9
93 50 127.5 0.6
93 75 142.5 0.6
94 0 0 2.2
94 25 55 2.9
94 50 127.5 0.6
94 75 142.5 0.6
95 0 0 2.2
95 25 55 2.9
95 50 127.5 0.6
95 75 142.5 0.6
96 0 0 2.2
96 25 55 2.9
96 50 127.5 0.6
96 75 142.5 0.6
97 0 0 2.2
97 25 55 2.9
97 50 127.5 0.6
97 75 142.5 0.6
98 0 0 2.2
98 25 55 2.9
98 50 127.5 0.6
98 75 142.5 0.6
99 0 0 2.2
99 25 55 2.9
99 50 127.5 0.6
99 75 142.5 0.6
