500 4
0 0 0 3.5
0 500 1750 4.4
0 1000 3950 1.7
0 1500 4800 3.4
1 0 0 3.5
1 500 1750 4.4
1 1000 3950 1.7
1 1500 4800 3.4
2 0 0 3.5
2 500 1750 4.4
2 1000 3950 1.7
2 1500 4800 3.4
3 0 0 3.5
3 500 1750 4.4
3 1000 3950 1.7
3 1500 4800 3.4
4 0 0 3.5
4 500 1750 4.4
4 1000 3950 1.7
4 1500 4800 3.4
5 0 0 3.5
5 500 1750 4.4
5 1000 3950 1.7
5 1500 4800 3.4
6 0 0 3.5
6 500 1750 4.4
6 1000 3950 1.7
6 1500 4800 3.4
7 0 0 3.5
7 500 1750 4.4
7 1000 3950 1.7
7 1500 4800 3.4
8 0 0 3.5
8 500 1750 4.4
8 1000 3950 1.7
8 1500 4800 3.4
9 0 0 3.5
9 500 1750 4.4
9 1000 3950 1.7
9 1500 4800 3.4
10 0 0 3.5
10 500 1750 4.4
10 1000 3950 1.7
10 1500 4800 3.4
11 0 0 3.5
11 500 1750 4.4
11 1000 3950 1.7
11 1500 4800 3.4
12 0 0 3.5
12 500 1750 4.4
12 1000 3950 1.7
12 1500 4800 3.4
13 0 0 3.5
13 500 1750 4.4
13 1000 3950 1.7
13 1500 4800 3.4
14 0 0 3.5
14 500 1750 4.4
14 1000 3950 1.7
14 1500 4800 3.4
15 0 0 3.5
15 500 1750 4.4
15 1000 3950 1.7
15 1500 4800 3.4
16 0 0 3.5
16 500 1750 4.4
16 1000 3950 1.7
16 1500 4800 3.4
17 0 0 3.5
17 500 1750 4.4
17 1000 3950 1.7
17 1500 4800 3.4
18 0 0 3.5
18 500 1750 4.4
18 1000 3950 1.7
18 1500 4800 3.4
19 0 0 3.5
19 500 1750 4.4
19 1000 3950 1.7
19 1500 4800 3.4
20 0 0 3.5
20 500 1750 4.4
20 1000 3950 1.7
20 1500 4800 3.4
21 0 0 3.5
21 500 1750 4.4
21 1000 3950 1.7
21 1500 4800 3.4
22 0 0 3.5
22 500 1750 4.4
22 1000 3950 1.7
22 1500 4800 3.4
23 0 0 3.5
23 500 1750 4.4
23 1000 3950 1.7
23 1500 4800 3.4
24 0 0 3.5
24 500 1750 4.4
24 1000 3950 1.7
24 1500 4800 3.4
25 0 0 3.5
25 500 1750 4.4
25 1000 3950 1.7
25 1500 4800 3.4
26 0 0 3.5
26 500 1750 4.4
26 1000 3950 1.7
26 1500 4800 3.4
27 0 0 3.5
27 500 1750 4.4
27 1000 3950 1.7
27 1500 4800 3.4
28 0 0 3.5
28 500 1750 4.4
28 1000 3950 1.7
28 1500 4800 3.4
29 0 0 3.5
29 500 1750 4.4
29 1000 3950 1.7
29 1500 4800 3.4
30 0 0 3.5
30 500 1750 4.4
30 1000 3950 1.7
30 1500 4800 3.4
31 0 0 3.5
31 500 1750 4.4
31 1000 3950 1.7
31 1500 4800 3.4
32 0 0 3.5
32 500 1750 4.4
32 1000 3950 1.7
32 1500 4800 3.4
33 0 0 3.5
33 500 1750 4.4
33 1000 3950 1.7
33 1500 4800 3.4
34 0 0 3.5
34 500 1750 4.4
34 1000 3950 1.7
34 1500 4800 3.4
35 0 0 3.5
35 500 1750 4.4
35 1000 3950 1.7
35 1500 4800 3.4
36 0 0 3.5
36 500 1750 4.4
36 1000 3950 1.7
36 1500 4800 3.4
37 0 0 3.5
37 500 1750 4.4
37 1000 3950 1.7
37 1500 4800 3.4
38 0 0 3.5
38 500 1750 4.4
38 1000 3950 1.7
38 1500 4800 3.4
39 0 0 3.5
39 500 1750 4.4
39 1000 3950 1.7
39 1500 4800 3.4
40 0 0 3.5
40 500 1750 4.4
40 1000 3950 1.7
40 1500 4800 3.4
41 0 0 3.5
41 500 1750 4.4
41 1000 3950 1.7
41 1500 4800 3.4
42 0 0 3.5
42 500 1750 4.4
42 1000 3950 1.7
42 1500 4800 3.4
43 0 0 3.5
43 500 1750 4.4
43 1000 3950 1.7
43 1500 4800 3.4
44 0 0 3.5
44 500 1750 4.4
44 1000 3950 1.7
44 1500 4800 3.4
45 0 0 3.5
45 500 1750 4.4
45 1000 3950 1.7
45 1500 4800 3.4
46 0 0 3.5
46 500 1750 4.4
46 1000 3950 1.7
46 1500 4800 3.4
47 0 0 3.5
47 500 1750 4.4
47 1000 3950 1.7
47 1500 4800 3.4
48 0 0 3.5
48 500 1750 4.4
48 1000 3950 1.7
48 1500 4800 3.4
49 0 0 3.5
49 500 1750 4.4
49 1000 3950 1.7
49 1500 4800 3.4
50 0 0 3.5
50 500 1750 4.4
50 1000 3950 1.7
50 1500 4800 3.4
51 0 0 3.5
51 500 1750 4.4
51 1000 3950 1.7
51 1500 4800 3.4
52 0 0 3.5
52 500 1750 4.4
52 1000 3950 1.7
52 1500 4800 3.4
53 0 0 3.5
53 500 1750 4.4
53 1000 3950 1.7
53 1500 4800 3.4
54 0 0 3.5
54 500 1750 4.4
54 1000 3950 1.7
54 1500 4800 3.4
55 0 0 3.5
55 500 1750 4.4
55 1000 3950 1.7
55 1500 4800 3.4
56 0 0 3.5
56 500 1750 4.4
56 1000 3950 1.7
56 1500 4800 3.4
57 0 0 3.5
57 500 1750 4.4
57 1000 3950 1.7
57 1500 4800 3.4
58 0 0 3.5
58 500 1750 4.4
58 1000 3950 1.7
58 1500 4800 3.4
59 0 0 3.5
59 500 1750 4.4
59 1000 3950 1.7
59 1500 4800 3.4
60 0 0 3.5
60 500 1750 4.4
60 1000 3950 1.7
60 1500 4800 3.4
61 0 0 3.5
61 500 1750 4.4
61 1000 3950 1.7
61 1500 4800 3.4
62 0 0 3.5
62 500 1750 4.4
62 1000 3950 1.7
62 1500 4800 3.4
63 0 0 3.5
63 500 1750 4.4
63 1000 3950 1.7
63 1500 4800 3.4
64 0 0 3.5
64 500 1750 4.4
64 1000 3950 1.7
64 1500 4800 3.4
65 0 0 3.5
65 500 1750 4.4
65 1000 3950 1.7
65 1500 4800 3.4
66 0 0 3.5
66 500 1750 4.4
66 1000 3950 1.7
66 1500 4800 3.4
67 0 0 3.5
67 500 1750 4.4
67 1000 3950 1.7
67 1500 4800 3.4
68 0 0 3.5
68 500 1750 4.4
68 1000 3950 1.7
68 1500 4800 3.4
69 0 0 3.5
69 500 1750 4.4
69 1000 3950 1.7
69 1500 4800 3.4
70 0 0 3.5
70 500 1750 4.4
70 1000 3950 1.7
70 1500 4800 3.4
71 0 0 3.5
71 500 1750 4.4
71 1000 3950 1.7
71 1500 4800 3.4
72 0 0 3.5
72 500 1750 4.4
72 1000 3950 1.7
72 1500 4800 3.4
73 0 0 3.5
73 500 1750 4.4
73 1000 3950 1.7
73 1500 4800 3.4
74 0 0 3.5
74 500 1750 4.4
74 1000 3950 1.7
74 1500 4800 3.4
75 0 0 3.5
75 500 1750 4.4
75 1000 3950 1.7
75 1500 4800 3.4
76 0 0 3.5
76 500 1750 4.4
76 1000 3950 1.7
76 1500 4800 3.4
77 0 0 3.5
77 500 1750 4.4
77 1000 3950 1.7
77 1500 4800 3.4
78 0 0 3.5
78 500 1750 4.4
78 1000 3950 1.7
78 1500 4800 3.4
79 0 0 3.5
79 500 1750 4.4
79 1000 3950 1.7
79 1500 4800 3.4
80 0 0 3.5
80 500 1750 4.4
80 1000 3950 1.7
80 1500 4800 3.4
81 0 0 3.5
81 500 1750 4.4
81 1000 3950 1.7
81 1500 4800 3.4
82 0 0 3.5
82 500 1750 4.4
82 1000 3950 1.7
82 1500 4800 3.4
83 0 0 3.5
83 500 1750 4.4
83 1000 3950 1.7
83 1500 4800 3.4
84 0 0 3.5
84 500 1750 4.4
84 1000 3950 1.7
84 1500 4800 3.4
85 0 0 3.5
85 500 1750 4.4
85 1000 3950 1.7
85 1500 4800 3.4
86 0 0 3.5
86 500 1750 4.4
86 1000 3950 1.7
86 1500 4800 3.4
87 0 0 3.5
87 500 1750 4.4
87 1000 3950 1.7
87 1500 4800 3.4
88 0 0 3.5
88 500 1750 4.4
88 1000 3950 1.7
88 1500 4800 3.4
89 0 0 3.5
89 500 1750 4.4
89 1000 3950 1.7
89 1500 4800 3.4
90 0 0 3.5
90 500 1750 4.4
90 1000 3950 1.7
90 1500 4800 3.4
91 0 0 3.5
91 500 1750 4.4
91 1000 3950 1.7
91 1500 4800 3.4
92 0 0 3.5
92 500 1750 4.4
92 1000 3950 1.7
92 1500 4800 3.4
93 0 0 3.5
93 500 1750 4.4
93 1000 3950 1.7
93 1500 4800 3.4
94 0 0 3.5
94 500 1750 4.4
94 1000 3950 1.7
94 1500 4800 3.4
95 0 0 3.5
95 500 1750 4.4
95 1000 3950 1.7
95 1500 4800 3.4
96 0 0 3.5
96 500 1750 4.4
96 1000 3950 1.7
96 1500 4800 3.4
97 0 0 3.5
97 500 1750 4.4
97 1000 3950 1.7
97 1500 4800 3.4
98 0 0 3.5
98 500 1750 4.4
98 1000 3950 1.7
98 1500 4800 3.4
99 0 0 3.5
99 500 1750 4.4
99 1000 3950 1.7
99 1500 4800 3.4
100 0 0 3.5
100 500 1750 4.4
100 1000 3950 1.7
100 1500 4800 3.4
101 0 0 3.5
101 500 1750 4.4
101 1000 3950 1.7
101 1500 4800 3.4
102 0 0 3.5
102 500 1750 4.4
102 1000 3950 1.7
102 1500 4800 3.4
103 0 0 3.5
103 500 1750 4.4
103 1000 3950 1.7
103 1500 4800 3.4
104 0 0 3.5
104 500 1750 4.4
104 1000 3950 1.7
104 1500 4800 3.4
105 0 0 3.5
105 500 1750 4.4
105 1000 3950 1.7
105 1500 4800 3.4
106 0 0 3.5
106 500 1750 4.4
106 1000 3950 1.7
106 1500 4800 3.4
107 0 0 3.5
107 500 1750 4.4
107 1000 3950 1.7
107 1500 4800 3.4
108 0 0 3.5
108 500 1750 4.4
108 1000 3950 1.7
108 1500 4800 3.4
109 0 0 3.5
109 500 1750 4.4
109 1000 3950 1.7
109 1500 4800 3.4
110 0 0 3.5
110 500 1750 4.4
110 1000 3950 1.7
110 1500 4800 3.4
111 0 0 3.5
111 500 1750 4.4
111 1000 3950 1.7
111 1500 4800 3.4
112 0 0 3.5
112 500 1750 4.4
112 1000 3950 1.7
112 1500 4800 3.4
113 0 0 3.5
113 500 1750 4.4
113 1000 3950 1.7
113 1500 4800 3.4
114 0 0 3.5
114 500 1750 4.4
114 1000 3950 1.7
114 1500 4800 3.4
115 0 0 3.5
115 500 1750 4.4
115 1000 3950 1.7
115 1500 4800 3.4
116 0 0 3.5
116 500 1750 4.4
116 1000 3950 1.7
116 1500 4800 3.4
117 0 0 3.5
117 500 1750 4.4
117 1000 3950 1.7
117 1500 4800 3.4
118 0 0 3.5
118 500 1750 4.4
118 1000 3950 1.7
118 1500 4800 3.4
119 0 0 3.5
119 500 1750 4.4
119 1000 3950 1.7
119 1500 4800 3.4
120 0 0 3.5
120 500 1750 4.4
120 1000 3950 1.7
120 1500 4800 3.4
121 0 0 3.5
121 500 1750 4.4
121 1000 3950 1.7
121 1500 4800 3.4
122 0 0 3.5
122 500 1750 4.4
122 1000 3950 1.7
122 1500 4800 3.4
123 0 0 3.5
123 500 1750 4.4
123 1000 3950 1.7
123 1500 4800 3.4
124 0 0 3.5
124 500 1750 4.4
124 1000 3950 1.7
124 1500 4800 3.4
125 0 0 3.5
125 500 1750 4.4
125 1000 3950 1.7
125 1500 4800 3.4
126 0 0 3.5
126 500 1750 4.4
126 1000 3950 1.7
126 1500 4800 3.4
127 0 0 3.5
127 500 1750 4.4
127 1000 3950 1.7
127 1500 4800 3.4
128 0 0 3.5
128 500 1750 4.4
128 1000 3950 1.7
128 1500 4800 3.4
129 0 0 3.5
129 500 1750 4.4
129 1000 3950 1.7
129 1500 4800 3.4
130 0 0 3.5
130 500 1750 4.4
130 1000 3950 1.7
130 1500 4800 3.4
131 0 0 3.5
131 500 1750 4.4
131 1000 3950 1.7
131 1500 4800 3.4
132 0 0 3.5
132 500 1750 4.4
132 1000 3950 1.7
132 1500 4800 3.4
133 0 0 3.5
133 500 1750 4.4
133 1000 3950 1.7
133 1500 4800 3.4
134 0 0 3.5
134 500 1750 4.4
134 1000 3950 1.7
134 1500 4800 3.4
135 0 0 3.5
135 500 1750 4.4
135 1000 3950 1.7
135 1500 4800 3.4
136 0 0 3.5
136 500 1750 4.4
136 1000 3950 1.7
136 1500 4800 3.4
137 0 0 3.5
137 500 1750 4.4
137 1000 3950 1.7
137 1500 4800 3.4
138 0 0 3.5
138 500 1750 4.4
138 1000 3950 1.7
138 1500 4800 3.4
139 0 0 3.5
139 500 1750 4.4
139 1000 3950 1.7
139 1500 4800 3.4
140 0 0 3.5
140 500 1750 4.4
140 1000 3950 1.7
140 1500 4800 3.4
141 0 0 3.5
141 500 1750 4.4
141 1000 3950 1.7
141 1500 4800 3.4
142 0 0 3.5
142 500 1750 4.4
142 1000 3950 1.7
142 1500 4800 3.4
143 0 0 3.5
143 500 1750 4.4
143 1000 3950 1.7
143 1500 4800 3.4
144 0 0 3.5
144 500 1750 4.4
144 1000 3950 1.7
144 1500 4800 3.4
145 0 0 3.5
145 500 1750 4.4
145 1000 3950 1.7
145 1500 4800 3.4
146 0 0 3.5
146 500 1750 4.4
146 1000 3950 1.7
146 1500 4800 3.4
147 0 0 3.5
147 500 1750 4.4
147 1000 3950 1.7
147 1500 4800 3.4
148 0 0 3.5
148 500 1750 4.4
148 1000 3950 1.7
148 1500 4800 3.4
149 0 0 3.5
149 500 1750 4.4
149 1000 3950 1.7
149 1500 4800 3.4
150 0 0 3.5
150 500 1750 4.4
150 1000 3950 1.7
150 1500 4800 3.4
151 0 0 3.5
151 500 1750 4.4
151 1000 3950 1.7
151 1500 4800 3.4
152 0 0 3.5
152 500 1750 4.4
152 1000 3950 1.7
152 1500 4800 3.4
153 0 0 3.5
153 500 1750 4.4
153 1000 3950 1.7
153 1500 4800 3.4
154 0 0 3.5
154 500 1750 4.4
154 1000 3950 1.7
154 1500 4800 3.4
155 0 0 3.5
155 500 1750 4.4
155 1000 3950 1.7
155 1500 4800 3.4
156 0 0 3.5
156 500 1750 4.4
156 1000 3950 1.7
156 1500 4800 3.4
157 0 0 3.5
157 500 1750 4.4
157 1000 3950 1.7
157 1500 4800 3.4
158 0 0 3.5
158 500 1750 4.4
158 1000 3950 1.7
158 1500 4800 3.4
159 0 0 3.5
159 500 1750 4.4
159 1000 3950 1.7
159 1500 4800 3.4
160 0 0 3.5
160 500 1750 4.4
160 1000 3950 1.7
160 1500 4800 3.4
161 0 0 3.5
161 500 1750 4.4
161 1000 3950 1.7
161 1500 4800 3.4
162 0 0 3.5
162 500 1750 4.4
162 1000 3950 1.7
162 1500 4800 3.4
163 0 0 3.5
163 500 1750 4.4
163 1000 3950 1.7
163 1500 4800 3.4
164 0 0 3.5
164 500 1750 4.4
164 1000 3950 1.7
164 1500 4800 3.4
165 0 0 3.5
165 500 1750 4.4
165 1000 3950 1.7
165 1500 4800 3.4
166 0 0 3.5
166 500 1750 4.4
166 1000 3950 1.7
166 1500 4800 3.4
167 0 0 3.5
167 500 1750 4.4
167 1000 3950 1.7
167 1500 4800 3.4
168 0 0 3.5
168 500 1750 4.4
168 1000 3950 1.7
168 1500 4800 3.4
169 0 0 3.5
169 500 1750 4.4
169 1000 3950 1.7
169 1500 4800 3.4
170 0 0 3.5
170 500 1750 4.4
170 1000 3950 1.7
170 1500 4800 3.4
171 0 0 3.5
171 500 1750 4.4
171 1000 3950 1.7
171 1500 4800 3.4
172 0 0 3.5
172 500 1750 4.4
172 1000 3950 1.7
172 1500 4800 3.4
173 0 0 3.5
173 500 1750 4.4
173 1000 3950 1.7
173 1500 4800 3.4
174 0 0 3.5
174 500 1750 4.4
174 1000 3950 1.7
174 1500 4800 3.4
175 0 0 3.5
175 500 1750 4.4
175 1000 3950 1.7
175 1500 4800 3.4
176 0 0 3.5
176 500 1750 4.4
176 1000 3950 1.7
176 1500 4800 3.4
177 0 0 3.5
177 500 1750 4.4
177 1000 3950 1.7
177 1500 4800 3.4
178 0 0 3.5
178 500 1750 4.4
178 1000 3950 1.7
178 1500 4800 3.4
179 0 0 3.5
179 500 1750 4.4
179 1000 3950 1.7
179 1500 4800 3.4
180 0 0 3.5
180 500 1750 4.4
180 1000 3950 1.7
180 1500 4800 3.4
181 0 0 3.5
181 500 1750 4.4
181 1000 3950 1.7
181 1500 4800 3.4
182 0 0 3.5
182 500 1750 4.4
182 1000 3950 1.7
182 1500 4800 3.4
183 0 0 3.5
183 500 1750 4.4
183 1000 3950 1.7
183 1500 4800 3.4
184 0 0 3.5
184 500 1750 4.4
184 1000 3950 1.7
184 1500 4800 3.4
185 0 0 3.5
185 500 1750 4.4
185 1000 3950 1.7
185 1500 4800 3.4
186 0 0 3.5
186 500 1750 4.4
186 1000 3950 1.7
186 1500 4800 3.4
187 0 0 3.5
187 500 1750 4.4
187 1000 3950 1.7
187 1500 4800 3.4
188 0 0 3.5
188 500 1750 4.4
188 1000 3950 1.7
188 1500 4800 3.4
189 0 0 3.5
189 500 1750 4.4
189 1000 3950 1.7
189 1500 4800 3.4
190 0 0 3.5
190 500 1750 4.4
190 1000 3950 1.7
190 1500 4800 3.4
191 0 0 3.5
191 500 1750 4.4
191 1000 3950 1.7
191 1500 4800 3.4
192 0 0 3.5
192 500 1750 4.4
192 1000 3950 1.7
192 1500 4800 3.4
193 0 0 3.5
193 500 1750 4.4
193 1000 3950 1.7
193 1500 4800 3.4
194 0 0 3.5
194 500 1750 4.4
194 1000 3950 1.7
194 1500 4800 3.4
195 0 0 3.5
195 500 1750 4.4
195 1000 3950 1.7
195 1500 4800 3.4
196 0 0 3.5
196 500 1750 4.4
196 1000 3950 1.7
196 1500 4800 3.4
197 0 0 3.5
197 500 1750 4.4
197 1000 3950 1.7
197 1500 4800 3.4
198 0 0 3.5
198 500 1750 4.4
198 1000 3950 1.7
198 1500 4800 3.4
199 0 0 3.5
199 500 1750 4.4
199 1000 3950 1.7
199 1500 4800 3.4
200 0 0 3.5
200 500 1750 4.4
200 1000 3950 1.7
200 1500 4800 3.4
201 0 0 3.5
201 500 1750 4.4
201 1000 3950 1.7
201 1500 4800 3.4
202 0 0 3.5
202 500 1750 4.4
202 1000 3950 1.7
202 1500 4800 3.4
203 0 0 3.5
203 500 1750 4.4
203 1000 3950 1.7
203 1500 4800 3.4
204 0 0 3.5
204 500 1750 4.4
204 1000 3950 1.7
204 1500 4800 3.4
205 0 0 3.5
205 500 1750 4.4
205 1000 3950 1.7
205 1500 4800 3.4
206 0 0 3.5
206 500 1750 4.4
206 1000 3950 1.7
206 1500 4800 3.4
207 0 0 3.5
207 500 1750 4.4
207 1000 3950 1.7
207 1500 4800 3.4
208 0 0 3.5
208 500 1750 4.4
208 1000 3950 1.7
208 1500 4800 3.4
209 0 0 3.5
209 500 1750 4.4
209 1000 3950 1.7
209 1500 4800 3.4
210 0 0 3.5
210 500 1750 4.4
210 1000 3950 1.7
210 1500 4800 3.4
211 0 0 3.5
211 500 1750 4.4
211 1000 3950 1.7
211 1500 4800 3.4
212 0 0 3.5
212 500 1750 4.4
212 1000 3950 1.7
212 1500 4800 3.4
213 0 0 3.5
213 500 1750 4.4
213 1000 3950 1.7
213 1500 4800 3.4
214 0 0 3.5
214 500 1750 4.4
214 1000 3950 1.7
214 1500 4800 3.4
215 0 0 3.5
215 500 1750 4.4
215 1000 3950 1.7
215 1500 4800 3.4
216 0 0 3.5
216 500 1750 4.4
216 1000 3950 1.7
216 1500 4800 3.4
217 0 0 3.5
217 500 1750 4.4
217 1000 3950 1.7
217 1500 4800 3.4
218 0 0 3.5
218 500 1750 4.4
218 1000 3950 1.7
218 1500 4800 3.4
219 0 0 3.5
219 500 1750 4.4
219 1000 3950 1.7
219 1500 4800 3.4
220 0 0 3.5
220 500 1750 4.4
220 1000 3950 1.7
220 1500 4800 3.4
221 0 0 3.5
221 500 1750 4.4
221 1000 3950 1.7
221 1500 4800 3.4
222 0 0 3.5
222 500 1750 4.4
222 1000 3950 1.7
222 1500 4800 3.4
223 0 0 3.5
223 500 1750 4.4
223 1000 3950 1.7
223 1500 4800 3.4
224 0 0 3.5
224 500 1750 4.4
224 1000 3950 1.7
224 1500 4800 3.4
225 0 0 3.5
225 500 1750 4.4
225 1000 3950 1.7
225 1500 4800 3.4
226 0 0 3.5
226 500 1750 4.4
226 1000 3950 1.7
226 1500 4800 3.4
227 0 0 3.5
227 500 1750 4.4
227 1000 3950 1.7
227 1500 4800 3.4
228 0 0 3.5
228 500 1750 4.4
228 1000 3950 1.7
228 1500 4800 3.4
229 0 0 3.5
229 500 1750 4.4
229 1000 3950 1.7
229 1500 4800 3.4
230 0 0 3.5
230 500 1750 4.4
230 1000 3950 1.7
230 1500 4800 3.4
231 0 0 3.5
231 500 1750 4.4
231 1000 3950 1.7
231 1500 4800 3.4
232 0 0 3.5
232 500 1750 4.4
232 1000 3950 1.7
232 1500 4800 3.4
233 0 0 3.5
233 500 1750 4.4
233 1000 3950 1.7
233 1500 4800 3.4
234 0 0 3.5
234 500 1750 4.4
234 1000 3950 1.7
234 1500 4800 3.4
235 0 0 3.5
235 500 1750 4.4
235 1000 3950 1.7
235 1500 4800 3.4
236 0 0 3.5
236 500 1750 4.4
236 1000 3950 1.7
236 1500 4800 3.4
237 0 0 3.5
237 500 1750 4.4
237 1000 3950 1.7
237 1500 4800 3.4
238 0 0 3.5
238 500 1750 4.4
238 1000 3950 1.7
238 1500 4800 3.4
239 0 0 3.5
239 500 1750 4.4
239 1000 3950 1.7
239 1500 4800 3.4
240 0 0 3.5
240 500 1750 4.4
240 1000 3950 1.7
240 1500 4800 3.4
241 0 0 3.5
241 500 1750 4.4
241 1000 3950 1.7
241 1500 4800 3.4
242 0 0 3.5
242 500 1750 4.4
242 1000 3950 1.7
242 1500 4800 3.4
243 0 0 3.5
243 500 1750 4.4
243 1000 3950 1.7
243 1500 4800 3.4
244 0 0 3.5
244 500 1750 4.4
244 1000 3950 1.7
244 1500 4800 3.4
245 0 0 3.5
245 500 1750 4.4
245 1000 3950 1.7
245 1500 4800 3.4
246 0 0 3.5
246 500 1750 4.4
246 1000 3950 1.7
246 1500 4800 3.4
247 0 0 3.5
247 500 1750 4.4
247 1000 3950 1.7
247 1500 4800 3.4
248 0 0 3.5
248 500 1750 4.4
248 1000 3950 1.7
248 1500 4800 3.4
249 0 0 3.5
249 500 1750 4.4
249 1000 3950 1.7
249 1500 4800 3.4
250 0 0 3.5
250 500 1750 4.4
250 1000 3950 1.7
250 1500 4800 3.4
251 0 0 3.5
251 500 1750 4.4
251 1000 3950 1.7
251 1500 4800 3.4
252 0 0 3.5
252 500 1750 4.4
252 1000 3950 1.7
252 1500 4800 3.4
253 0 0 3.5
253 500 1750 4.4
253 1000 3950 1.7
253 1500 4800 3.4
254 0 0 3.5
254 500 1750 4.4
254 1000 3950 1.7
254 1500 4800 3.4
255 0 0 3.5
255 500 1750 4.4
255 1000 3950 1.7
255 1500 4800 3.4
256 0 0 3.5
256 500 1750 4.4
256 1000 3950 1.7
256 1500 4800 3.4
257 0 0 3.5
257 500 1750 4.4
257 1000 3950 1.7
257 1500 4800 3.4
258 0 0 3.5
258 500 1750 4.4
258 1000 3950 1.7
258 1500 4800 3.4
259 0 0 3.5
259 500 1750 4.4
259 1000 3950 1.7
259 1500 4800 3.4
260 0 0 3.5
260 500 1750 4.4
260 1000 3950 1.7
260 1500 4800 3.4
261 0 0 3.5
261 500 1750 4.4
261 1000 3950 1.7
261 1500 4800 3.4
262 0 0 3.5
262 500 1750 4.4
262 1000 3950 1.7
262 1500 4800 3.4
263 0 0 3.5
263 500 1750 4.4
263 1000 3950 1.7
263 1500 4800 3.4
264 0 0 3.5
264 500 1750 4.4
264 1000 3950 1.7
264 1500 4800 3.4
265 0 0 3.5
265 500 1750 4.4
265 1000 3950 1.7
265 1500 4800 3.4
266 0 0 3.5
266 500 1750 4.4
266 1000 3950 1.7
266 1500 4800 3.4
267 0 0 3.5
267 500 1750 4.4
267 1000 3950 1.7
267 1500 4800 3.4
268 0 0 3.5
268 500 1750 4.4
268 1000 3950 1.7
268 1500 4800 3.4
269 0 0 3.5
269 500 1750 4.4
269 1000 3950 1.7
269 1500 4800 3.4
270 0 0 3.5
270 500 1750 4.4
270 1000 3950 1.7
270 1500 4800 3.4
271 0 0 3.5
271 500 1750 4.4
271 1000 3950 1.7
271 1500 4800 3.4
272 0 0 3.5
272 500 1750 4.4
272 1000 3950 1.7
272 1500 4800 3.4
273 0 0 3.5
273 500 1750 4.4
273 1000 3950 1.7
273 1500 4800 3.4
274 0 0 3.5
274 500 1750 4.4
274 1000 3950 1.7
274 1500 4800 3.4
275 0 0 3.5
275 500 1750 4.4
275 1000 3950 1.7
275 1500 4800 3.4
276 0 0 3.5
276 500 1750 4.4
276 1000 3950 1.7
276 1500 4800 3.4
277 0 0 3.5
277 500 1750 4.4
277 1000 3950 1.7
277 1500 4800 3.4
278 0 0 3.5
278 500 1750 4.4
278 1000 3950 1.7
278 1500 4800 3.4
279 0 0 3.5
279 500 1750 4.4
279 1000 3950 1.7
279 1500 4800 3.4
280 0 0 3.5
280 500 1750 4.4
280 1000 3950 1.7
280 1500 4800 3.4
281 0 0 3.5
281 500 1750 4.4
281 1000 3950 1.7
281 1500 4800 3.4
282 0 0 3.5
282 500 1750 4.4
282 1000 3950 1.7
282 1500 4800 3.4
283 0 0 3.5
283 500 1750 4.4
283 1000 3950 1.7
283 1500 4800 3.4
284 0 0 3.5
284 500 1750 4.4
284 1000 3950 1.7
284 1500 4800 3.4
285 0 0 3.5
285 500 1750 4.4
285 1000 3950 1.7
285 1500 4800 3.4
286 0 0 3.5
286 500 1750 4.4
286 1000 3950 1.7
286 1500 4800 3.4
287 0 0 3.5
287 500 1750 4.4
287 1000 3950 1.7
287 1500 4800 3.4
288 0 0 3.5
288 500 1750 4.4
288 1000 3950 1.7
288 1500 4800 3.4
289 0 0 3.5
289 500 1750 4.4
289 1000 3950 1.7
289 1500 4800 3.4
290 0 0 3.5
290 500 1750 4.4
290 1000 3950 1.7
290 1500 4800 3.4
291 0 0 3.5
291 500 1750 4.4
291 1000 3950 1.7
291 1500 4800 3.4
292 0 0 3.5
292 500 1750 4.4
292 1000 3950 1.7
292 1500 4800 3.4
293 0 0 3.5
293 500 1750 4.4
293 1000 3950 1.7
293 1500 4800 3.4
294 0 0 3.5
294 500 1750 4.4
294 1000 3950 1.7
294 1500 4800 3.4
295 0 0 3.5
295 500 1750 4.4
295 1000 3950 1.7
295 1500 4800 3.4
296 0 0 3.5
296 500 1750 4.4
296 1000 3950 1.7
296 1500 4800 3.4
297 0 0 3.5
297 500 1750 4.4
297 1000 3950 1.7
297 1500 4800 3.4
298 0 0 3.5
298 500 1750 4.4
298 1000 3950 1.7
298 1500 4800 3.4
299 0 0 3.5
299 500 1750 4.4
299 1000 3950 1.7
299 1500 4800 3.4
300 0 0 3.5
300 500 1750 4.4
300 1000 3950 1.7
300 1500 4800 3.4
301 0 0 3.5
301 500 1750 4.4
301 1000 3950 1.7
301 1500 4800 3.4
302 0 0 3.5
302 500 1750 4.4
302 1000 3950 1.7
302 1500 4800 3.4
303 0 0 3.5
303 500 1750 4.4
303 1000 3950 1.7
303 1500 4800 3.4
304 0 0 3.5
304 500 1750 4.4
304 1000 3950 1.7
304 1500 4800 3.4
305 0 0 3.5
305 500 1750 4.4
305 1000 3950 1.7
305 1500 4800 3.4
306 0 0 3.5
306 500 1750 4.4
306 1000 3950 1.7
306 1500 4800 3.4
307 0 0 3.5
307 500 1750 4.4
307 1000 3950 1.7
307 1500 4800 3.4
308 0 0 3.5
308 500 1750 4.4
308 1000 3950 1.7
308 1500 4800 3.4
309 0 0 3.5
309 500 1750 4.4
309 1000 3950 1.7
309 1500 4800 3.4
310 0 0 3.5
310 500 1750 4.4
310 1000 3950 1.7
310 1500 4800 3.4
311 0 0 3.5
311 500 1750 4.4
311 1000 3950 1.7
311 1500 4800 3.4
312 0 0 3.5
312 500 1750 4.4
312 1000 3950 1.7
312 1500 4800 3.4
313 0 0 3.5
313 500 1750 4.4
313 1000 3950 1.7
313 1500 4800 3.4
314 0 0 3.5
314 500 1750 4.4
314 1000 3950 1.7
314 1500 4800 3.4
315 0 0 3.5
315 500 1750 4.4
315 1000 3950 1.7
315 1500 4800 3.4
316 0 0 3.5
316 500 1750 4.4
316 1000 3950 1.7
316 1500 4800 3.4
317 0 0 3.5
317 500 1750 4.4
317 1000 3950 1.7
317 1500 4800 3.4
318 0 0 3.5
318 500 1750 4.4
318 1000 3950 1.7
318 1500 4800 3.4
319 0 0 3.5
319 500 1750 4.4
319 1000 3950 1.7
319 1500 4800 3.4
320 0 0 3.5
320 500 1750 4.4
320 1000 3950 1.7
320 1500 4800 3.4
321 0 0 3.5
321 500 1750 4.4
321 1000 3950 1.7
321 1500 4800 3.4
322 0 0 3.5
322 500 1750 4.4
322 1000 3950 1.7
322 1500 4800 3.4
323 0 0 3.5
323 500 1750 4.4
323 1000 3950 1.7
323 1500 4800 3.4
324 0 0 3.5
324 500 1750 4.4
324 1000 3950 1.7
324 1500 4800 3.4
325 0 0 3.5
325 500 1750 4.4
325 1000 3950 1.7
325 1500 4800 3.4
326 0 0 3.5
326 500 1750 4.4
326 1000 3950 1.7
326 1500 4800 3.4
327 0 0 3.5
327 500 1750 4.4
327 1000 3950 1.7
327 1500 4800 3.4
328 0 0 3.5
328 500 1750 4.4
328 1000 3950 1.7
328 1500 4800 3.4
329 0 0 3.5
329 500 1750 4.4
329 1000 3950 1.7
329 1500 4800 3.4
330 0 0 3.5
330 500 1750 4.4
330 1000 3950 1.7
330 1500 4800 3.4
331 0 0 3.5
331 500 1750 4.4
331 1000 3950 1.7
331 1500 4800 3.4
332 0 0 3.5
332 500 1750 4.4
332 1000 3950 1.7
332 1500 4800 3.4
333 0 0 3.5
333 500 1750 4.4
333 1000 3950 1.7
333 1500 4800 3.4
334 0 0 3.5
334 500 1750 4.4
334 1000 3950 1.7
334 1500 4800 3.4
335 0 0 3.5
335 500 1750 4.4
335 1000 3950 1.7
335 1500 4800 3.4
336 0 0 3.5
336 500 1750 4.4
336 1000 3950 1.7
336 1500 4800 3.4
337 0 0 3.5
337 500 1750 4.4
337 1000 3950 1.7
337 1500 4800 3.4
338 0 0 3.5
338 500 1750 4.4
338 1000 3950 1.7
338 1500 4800 3.4
339 0 0 3.5
339 500 1750 4.4
339 1000 3950 1.7
339 1500 4800 3.4
340 0 0 3.5
340 500 1750 4.4
340 1000 3950 1.7
340 1500 4800 3.4
341 0 0 3.5
341 500 1750 4.4
341 1000 3950 1.7
341 1500 4800 3.4
342 0 0 3.5
342 500 1750 4.4
342 1000 3950 1.7
342 1500 4800 3.4
343 0 0 3.5
343 500 1750 4.4
343 1000 3950 1.7
343 1500 4800 3.4
344 0 0 3.5
344 500 1750 4.4
344 1000 3950 1.7
344 1500 4800 3.4
345 0 0 3.5
345 500 1750 4.4
345 1000 3950 1.7
345 1500 4800 3.4
346 0 0 3.5
346 500 1750 4.4
346 1000 3950 1.7
346 1500 4800 3.4
347 0 0 3.5
347 500 1750 4.4
347 1000 3950 1.7
347 1500 4800 3.4
348 0 0 3.5
348 500 1750 4.4
348 1000 3950 1.7
348 1500 4800 3.4
349 0 0 3.5
349 500 1750 4.4
349 1000 3950 1.7
349 1500 4800 3.4
350 0 0 3.5
350 500 1750 4.4
350 1000 3950 1.7
350 1500 4800 3.4
351 0 0 3.5
351 500 1750 4.4
351 1000 3950 1.7
351 1500 4800 3.4
352 0 0 3.5
352 500 1750 4.4
352 1000 3950 1.7
352 1500 4800 3.4
353 0 0 3.5
353 500 1750 4.4
353 1000 3950 1.7
353 1500 4800 3.4
354 0 0 3.5
354 500 1750 4.4
354 1000 3950 1.7
354 1500 4800 3.4
355 0 0 3.5
355 500 1750 4.4
355 1000 3950 1.7
355 1500 4800 3.4
356 0 0 3.5
356 500 1750 4.4
356 1000 3950 1.7
356 1500 4800 3.4
357 0 0 3.5
357 500 1750 4.4
357 1000 3950 1.7
357 1500 4800 3.4
358 0 0 3.5
358 500 1750 4.4
358 1000 3950 1.7
358 1500 4800 3.4
359 0 0 3.5
359 500 1750 4.4
359 1000 3950 1.7
359 1500 4800 3.4
360 0 0 3.5
360 500 1750 4.4
360 1000 3950 1.7
360 1500 4800 3.4
361 0 0 3.5
361 500 1750 4.4
361 1000 3950 1.7
361 1500 4800 3.4
362 0 0 3.5
362 500 1750 4.4
362 1000 3950 1.7
362 1500 4800 3.4
363 0 0 3.5
363 500 1750 4.4
363 1000 3950 1.7
363 1500 4800 3.4
364 0 0 3.5
364 500 1750 4.4
364 1000 3950 1.7
364 1500 4800 3.4
365 0 0 3.5
365 500 1750 4.4
365 1000 3950 1.7
365 1500 4800 3.4
366 0 0 3.5
366 500 1750 4.4
366 1000 3950 1.7
366 1500 4800 3.4
367 0 0 3.5
367 500 1750 4.4
367 1000 3950 1.7
367 1500 4800 3.4
368 0 0 3.5
368 500 1750 4.4
368 1000 3950 1.7
368 1500 4800 3.4
369 0 0 3.5
369 500 1750 4.4
369 1000 3950 1.7
369 1500 4800 3.4
370 0 0 3.5
370 500 1750 4.4
370 1000 3950 1.7
370 1500 4800 3.4
371 0 0 3.5
371 500 1750 4.4
371 1000 3950 1.7
371 1500 4800 3.4
372 0 0 3.5
372 500 1750 4.4
372 1000 3950 1.7
372 1500 4800 3.4
373 0 0 3.5
373 500 1750 4.4
373 1000 3950 1.7
373 1500 4800 3.4
374 0 0 3.5
374 500 1750 4.4
374 1000 3950 1.7
374 1500 4800 3.4
375 0 0 3.5
375 500 1750 4.4
375 1000 3950 1.7
375 1500 4800 3.4
376 0 0 3.5
376 500 1750 4.4
376 1000 3950 1.7
376 1500 4800 3.4
377 0 0 3.5
377 500 1750 4.4
377 1000 3950 1.7
377 1500 4800 3.4
378 0 0 3.5
378 500 1750 4.4
378 1000 3950 1.7
378 1500 4800 3.4
379 0 0 3.5
379 500 1750 4.4
379 1000 3950 1.7
379 1500 4800 3.4
380 0 0 3.5
380 500 1750 4.4
380 1000 3950 1.7
380 1500 4800 3.4
381 0 0 3.5
381 500 1750 4.4
381 1000 3950 1.7
381 1500 4800 3.4
382 0 0 3.5
382 500 1750 4.4
382 1000 3950 1.7
382 1500 4800 3.4
383 0 0 3.5
383 500 1750 4.4
383 1000 3950 1.7
383 1500 4800 3.4
384 0 0 3.5
384 500 1750 4.4
384 1000 3950 1.7
384 1500 4800 3.4
385 0 0 3.5
385 500 1750 4.4
385 1000 3950 1.7
385 1500 4800 3.4
386 0 0 3.5
386 500 1750 4.4
386 1000 3950 1.7
386 1500 4800 3.4
387 0 0 3.5
387 500 1750 4.4
387 1000 3950 1.7
387 1500 4800 3.4
388 0 0 3.5
388 500 1750 4.4
388 1000 3950 1.7
388 1500 4800 3.4
389 0 0 3.5
389 500 1750 4.4
389 1000 3950 1.7
389 1500 4800 3.4
390 0 0 3.5
390 500 1750 4.4
390 1000 3950 1.7
390 1500 4800 3.4
391 0 0 3.5
391 500 1750 4.4
391 1000 3950 1.7
391 1500 4800 3.4
392 0 0 3.5
392 500 1750 4.4
392 1000 3950 1.7
392 1500 4800 3.4
393 0 0 3.5
393 500 1750 4.4
393 1000 3950 1.7
393 1500 4800 3.4
394 0 0 3.5
394 500 1750 4.4
394 1000 3950 1.7
394 1500 4800 3.4
395 0 0 3.5
395 500 1750 4.4
395 1000 3950 1.7
395 1500 4800 3.4
396 0 0 3.5
396 500 1750 4.4
396 1000 3950 1.7
396 1500 4800 3.4
397 0 0 3.5
397 500 1750 4.4
397 1000 3950 1.7
397 1500 4800 3.4
398 0 0 3.5
398 500 1750 4.4
398 1000 3950 1.7
398 1500 4800 3.4
399 0 0 3.5
399 500 1750 4.4
399 1000 3950 1.7
399 1500 4800 3.4
400 0 0 3.5
400 500 1750 4.4
400 1000 3950 1.7
400 1500 4800 3.4
401 0 0 3.5
401 500 1750 4.4
401 1000 3950 1.7
401 1500 4800 3.4
402 0 0 3.5
402 500 1750 4.4
402 1000 3950 1.7
402 1500 4800 3.4
403 0 0 3.5
403 500 1750 4.4
403 1000 3950 1.7
403 1500 4800 3.4
404 0 0 3.5
404 500 1750 4.4
404 1000 3950 1.7
404 1500 4800 3.4
405 0 0 3.5
405 500 1750 4.4
405 1000 3950 1.7
405 1500 4800 3.4
406 0 0 3.5
406 500 1750 4.4
406 1000 3950 1.7
406 1500 4800 3.4
407 0 0 3.5
407 500 1750 4.4
407 1000 3950 1.7
407 1500 4800 3.4
408 0 0 3.5
408 500 1750 4.4
408 1000 3950 1.7
408 1500 4800 3.4
409 0 0 3.5
409 500 1750 4.4
409 1000 3950 1.7
409 1500 4800 3.4
410 0 0 3.5
410 500 1750 4.4
410 1000 3950 1.7
410 1500 4800 3.4
411 0 0 3.5
411 500 1750 4.4
411 1000 3950 1.7
411 1500 4800 3.4
412 0 0 3.5
412 500 1750 4.4
412 1000 3950 1.7
412 1500 4800 3.4
413 0 0 3.5
413 500 1750 4.4
413 1000 3950 1.7
413 1500 4800 3.4
414 0 0 3.5
414 500 1750 4.4
414 1000 3950 1.7
414 1500 4800 3.4
415 0 0 3.5
415 500 1750 4.4
415 1000 3950 1.7
415 1500 4800 3.4
416 0 0 3.5
416 500 1750 4.4
416 1000 3950 1.7
416 1500 4800 3.4
417 0 0 3.5
417 500 1750 4.4
417 1000 3950 1.7
417 1500 4800 3.4
418 0 0 3.5
418 500 1750 4.4
418 1000 3950 1.7
418 1500 4800 3.4
419 0 0 3.5
419 500 1750 4.4
419 1000 3950 1.7
419 1500 4800 3.4
420 0 0 3.5
420 500 1750 4.4
420 1000 3950 1.7
420 1500 4800 3.4
421 0 0 3.5
421 500 1750 4.4
421 1000 3950 1.7
421 1500 4800 3.4
422 0 0 3.5
422 500 1750 4.4
422 1000 3950 1.7
422 1500 4800 3.4
423 0 0 3.5
423 500 1750 4.4
423 1000 3950 1.7
423 1500 4800 3.4
424 0 0 3.5
424 500 1750 4.4
424 1000 3950 1.7
424 1500 4800 3.4
425 0 0 3.5
425 500 1750 4.4
425 1000 3950 1.7
425 1500 4800 3.4
426 0 0 3.5
426 500 1750 4.4
426 1000 3950 1.7
426 1500 4800 3.4
427 0 0 3.5
427 500 1750 4.4
427 1000 3950 1.7
427 1500 4800 3.4
428 0 0 3.5
428 500 1750 4.4
428 1000 3950 1.7
428 1500 4800 3.4
429 0 0 3.5
429 500 1750 4.4
429 1000 3950 1.7
429 1500 4800 3.4
430 0 0 3.5
430 500 1750 4.4
430 1000 3950 1.7
430 1500 4800 3.4
431 0 0 3.5
431 500 1750 4.4
431 1000 3950 1.7
431 1500 4800 3.4
432 0 0 3.5
432 500 1750 4.4
432 1000 3950 1.7
432 1500 4800 3.4
433 0 0 3.5
433 500 1750 4.4
433 1000 3950 1.7
433 1500 4800 3.4
434 0 0 3.5
434 500 1750 4.4
434 1000 3950 1.7
434 1500 4800 3.4
435 0 0 3.5
435 500 1750 4.4
435 1000 3950 1.7
435 1500 4800 3.4
436 0 0 3.5
436 500 1750 4.4
436 1000 3950 1.7
436 1500 4800 3.4
437 0 0 3.5
437 500 1750 4.4
437 1000 3950 1.7
437 1500 4800 3.4
438 0 0 3.5
438 500 1750 4.4
438 1000 3950 1.7
438 1500 4800 3.4
439 0 0 3.5
439 500 1750 4.4
439 1000 3950 1.7
439 1500 4800 3.4
440 0 0 3.5
440 500 1750 4.4
440 1000 3950 1.7
440 1500 4800 3.4
441 0 0 3.5
441 500 1750 4.4
441 1000 3950 1.7
441 1500 4800 3.4
442 0 0 3.5
442 500 1750 4.4
442 1000 3950 1.7
442 1500 4800 3.4
443 0 0 3.5
443 500 1750 4.4
443 1000 3950 1.7
443 1500 4800 3.4
444 0 0 3.5
444 500 1750 4.4
444 1000 3950 1.7
444 1500 4800 3.4
445 0 0 3.5
445 500 1750 4.4
445 1000 3950 1.7
445 1500 4800 3.4
446 0 0 3.5
446 500 1750 4.4
446 1000 3950 1.7
446 1500 4800 3.4
447 0 0 3.5
447 500 1750 4.4
447 1000 3950 1.7
447 1500 4800 3.4
448 0 0 3.5
448 500 1750 4.4
448 1000 3950 1.7
448 1500 4800 3.4
449 0 0 3.5
449 500 1750 4.4
449 1000 3950 1.7
449 1500 4800 3.4
450 0 0 3.5
450 500 1750 4.4
450 1000 3950 1.7
450 1500 4800 3.4
451 0 0 3.5
451 500 1750 4.4
451 1000 3950 1.7
451 1500 4800 3.4
452 0 0 3.5
452 500 1750 4.4
452 1000 3950 1.7
452 1500 4800 3.4
453 0 0 3.5
453 500 1750 4.4
453 1000 3950 1.7
453 1500 4800 3.4
454 0 0 3.5
454 500 1750 4.4
454 1000 3950 1.7
454 1500 4800 3.4
455 0 0 3.5
455 500 1750 4.4
455 1000 3950 1.7
455 1500 4800 3.4
456 0 0 3.5
456 500 1750 4.4
456 1000 3950 1.7
456 1500 4800 3.4
457 0 0 3.5
457 500 1750 4.4
457 1000 3950 1.7
457 1500 4800 3.4
458 0 0 3.5
458 500 1750 4.4
458 1000 3950 1.7
458 1500 4800 3.4
459 0 0 3.5
459 500 1750 4.4
459 1000 3950 1.7
459 1500 4800 3.4
460 0 0 3.5
460 500 1750 4.4
460 1000 3950 1.7
460 1500 4800 3.4
461 0 0 3.5
461 500 1750 4.4
461 1000 3950 1.7
461 1500 4800 3.4
462 0 0 3.5
462 500 1750 4.4
462 1000 3950 1.7
462 1500 4800 3.4
463 0 0 3.5
463 500 1750 4.4
463 1000 3950 1.7
463 1500 4800 3.4
464 0 0 3.5
464 500 1750 4.4
464 1000 3950 1.7
464 1500 4800 3.4
465 0 0 3.5
465 500 1750 4.4
465 1000 3950 1.7
465 1500 4800 3.4
466 0 0 3.5
466 500 1750 4.4
466 1000 3950 1.7
466 1500 4800 3.4
467 0 0 3.5
467 500 1750 4.4
467 1000 3950 1.7
467 1500 4800 3.4
468 0 0 3.5
468 500 1750 4.4
468 1000 3950 1.7
468 1500 4800 3.4
469 0 0 3.5
469 500 1750 4.4
469 1000 3950 1.7
469 1500 4800 3.4
470 0 0 3.5
470 500 1750 4.4
470 1000 3950 1.7
470 1500 4800 3.4
471 0 0 3.5
471 500 1750 4.4
471 1000 3950 1.7
471 1500 4800 3.4
472 0 0 3.5
472 500 1750 4.4
472 1000 3950 1.7
472 1500 4800 3.4
473 0 0 3.5
473 500 1750 4.4
473 1000 3950 1.7
473 1500 4800 3.4
474 0 0 3.5
474 500 1750 4.4
474 1000 3950 1.7
474 1500 4800 3.4
475 0 0 3.5
475 500 1750 4.4
475 1000 3950 1.7
475 1500 4800 3.4
476 0 0 3.5
476 500 1750 4.4
476 1000 3950 1.7
476 1500 4800 3.4
477 0 0 3.5
477 500 1750 4.4
477 1000 3950 1.7
477 1500 4800 3.4
478 0 0 3.5
478 500 1750 4.4
478 1000 3950 1.7
478 1500 4800 3.4
479 0 0 3.5
479 500 1750 4.4
479 1000 3950 1.7
479 1500 4800 3.4
480 0 0 3.5
480 500 1750 4.4
480 1000 3950 1.7
480 1500 4800 3.4
481 0 0 3.5
481 500 1750 4.4
481 1000 3950 1.7
481 1500 4800 3.4
482 0 0 3.5
482 500 1750 4.4
482 1000 3950 1.7
482 1500 4800 3.4
483 0 0 3.5
483 500 1750 4.4
483 1000 3950 1.7
483 1500 4800 3.4
484 0 0 3.5
484 500 1750 4.4
484 1000 3950 1.7
484 1500 4800 3.4
485 0 0 3.5
485 500 1750 4.4
485 1000 3950 1.7
485 1500 4800 3.4
486 0 0 3.5
486 500 1750 4.4
486 1000 3950 1.7
486 1500 4800 3.4
487 0 0 3.5
487 500 1750 4.4
487 1000 3950 1.7
487 1500 4800 3.4
488 0 0 3.5
488 500 1750 4.4
488 1000 3950 1.7
488 1500 4800 3.4
489 0 0 3.5
489 500 1750 4.4
489 1000 3950 1.7
489 1500 4800 3.4
490 0 0 3.5
490 500 1750 4.4
490 1000 3950 1.7
490 1500 4800 3.4
491 0 0 3.5
491 500 1750 4.4
491 1000 3950 1.7
491 1500 4800 3.4
492 0 0 3.5
492 500 1750 4.4
492 1000 3950 1.7
492 1500 4800 3.4
493 0 0 3.5
493 500 1750 4.4
493 1000 3950 1.7
493 1500 4800 3.4
494 0 0 3.5
494 500 1750 4.4
494 1000 3950 1.7
494 1500 4800 3.4
495 0 0 3.5
495 500 1750 4.4
495 1000 3950 1.7
495 1500 4800 3.4
496 0 0 3.5
496 500 1750 4.4
496 1000 3950 1.7
496 1500 4800 3.4
497 0 0 3.5
497 500 1750 4.4
497 1000 3950 1.7
497 1500 4800 3.4
498 0 0 3.5
498 500 1750 4.4
498 1000 3950 1.7
498 1500 4800 3.4
499 0 0 3.5
499 500 1750 4.4
499 1000 3950 1.7
499 1500 4800 3.4
