20 4
0 0 0 3
0 25 75 4.5
0 50 187.5 2.2
0 75 242.5 0.6
1 0 0 3
1 25 75 4.5
1 50 187.5 2.2
1 75 242.5 0.6
2 0 0 3
2 25 75 4.5
2 50 187.5 2.2
2 75 242.5 0.6
3 0 0 3
3 25 75 4.5
3 50 187.5 2.2
3 75 242.5 0.6
4 0 0 3
4 25 75 4.5
4 50 187.5 2.2
4 75 242.5 0.6
5 0 0 3
5 25 75 4.5
5 50 187.5 2.2
5 75 242.5 0.6
6 0 0 3
6 25 75 4.5
6 50 187.5 2.2
6 75 242.5 0.6
7 0 0 3
7 25 75 4.5
7 50 187.5 2.2
7 75 242.5 0.6
8 0 0 3
8 25 75 4.5
8 50 187.5 2.2
8 75 242.5 0.6
9 0 0 3
9 25 75 4.5
9 50 187.5 2.2
9 75 242.5 0.6
10 0 0 3
10 25 75 4.5
10 50 187.5 2.2
10 75 242.5 0.6
11 0 0 3
11 25 75 4.5
11 50 187.5 2.2
11 75 242.5 0.6
12 0 0 3
12 25 75 4.5
12 50 187.5 2.2
12 75 242.5 0.6
13 0 0 3
13 25 75 4.5
13 50 187.5 2.2
13 75 242.5 0.6
14 0 0 3
14 25 75 4.5
14 50 187.5 2.2
14 75 242.5 0.6
15 0 0 3
15 25 75 4.5
15 50 187.5 2.2
15 75 242.5 0.6
16 0 0 3
16 25 75 4.5
16 50 187.5 2.2
16 75 242.5 0.6
17 0 0 3
17 25 75 4.5
17 50 187.5 2.2
17 75 242.5 0.6
18 0 0 3
18 25 75 4.5
18 50 187.5 2.2
18 75 242.5 0.6
19 0 0 3
19 25 75 4.5
19 50 187.5 2.2
19 75 242.5 0.6
