500 10
0 0 0 4.5
0 200 900 0.5
0 400 1000 3.7
0 600 1740 4.2
0 800 2580 2.3
0 1000 3040 3.5
0 1200 3740 4
0 1400 4540 1.5
0 1600 4840 4.2
0 1800 5680 0.9
1 0 0 4.5
1 200 900 0.5
1 400 1000 3.7
1 600 1740 4.2
1 800 2580 2.3
1 1000 3040 3.5
1 1200 3740 4
1 1400 4540 1.5
1 1600 4840 4.2
1 1800 5680 0.9
2 0 0 4.5
2 200 900 0.5
2 400 1000 3.7
2 600 1740 4.2
2 800 2580 2.3
2 1000 3040 3.5
2 1200 3740 4
2 1400 4540 1.5
2 1600 4840 4.2
2 1800 5680 0.9
3 0 0 4.5
3 200 900 0.5
3 400 1000 3.7
3 600 1740 4.2
3 800 2580 2.3
3 1000 3040 3.5
3 1200 3740 4
3 1400 4540 1.5
3 1600 4840 4.2
3 1800 5680 0.9
4 0 0 4.5
4 200 900 0.5
4 400 1000 3.7
4 600 1740 4.2
4 800 2580 2.3
4 1000 3040 3.5
4 1200 3740 4
4 1400 4540 1.5
4 1600 4840 4.2
4 1800 5680 0.9
5 0 0 4.5
5 200 900 0.5
5 400 1000 3.7
5 600 1740 4.2
5 800 2580 2.3
5 1000 3040 3.5
5 1200 3740 4
5 1400 4540 1.5
5 1600 4840 4.2
5 1800 5680 0.9
6 0 0 4.5
6 200 900 0.5
6 400 1000 3.7
6 600 1740 4.2
6 800 2580 2.3
6 1000 3040 3.5
6 1200 3740 4
6 1400 4540 1.5
6 1600 4840 4.2
6 1800 5680 0.9
7 0 0 4.5
7 200 900 0.5
7 400 1000 3.7
7 600 1740 4.2
7 800 2580 2.3
7 1000 3040 3.5
7 1200 3740 4
7 1400 4540 1.5
7 1600 4840 4.2
7 1800 5680 0.9
8 0 0 4.5
8 200 900 0.5
8 400 1000 3.7
8 600 1740 4.2
8 800 2580 2.3
8 1000 3040 3.5
8 1200 3740 4
8 1400 4540 1.5
8 1600 4840 4.2
8 1800 5680 0.9
9 0 0 4.5
9 200 900 0.5
9 400 1000 3.7
9 600 1740 4.2
9 800 2580 2.3
9 1000 3040 3.5
9 1200 3740 4
9 1400 4540 1.5
9 1600 4840 4.2
9 1800 5680 0.9
10 0 0 4.5
10 200 900 0.5
10 400 1000 3.7
10 600 1740 4.2
10 800 2580 2.3
10 1000 3040 3.5
10 1200 3740 4
10 1400 4540 1.5
10 1600 4840 4.2
10 1800 5680 0.9
11 0 0 4.5
11 200 900 0.5
11 400 1000 3.7
11 600 1740 4.2
11 800 2580 2.3
11 1000 3040 3.5
11 1200 3740 4
11 1400 4540 1.5
11 1600 4840 4.2
11 1800 5680 0.9
12 0 0 4.5
12 200 900 0.5
12 400 1000 3.7
12 600 1740 4.2
12 800 2580 2.3
12 1000 3040 3.5
12 1200 3740 4
12 1400 4540 1.5
12 1600 4840 4.2
12 1800 5680 0.9
13 0 0 4.5
13 200 900 0.5
13 400 1000 3.7
13 600 1740 4.2
13 800 2580 2.3
13 1000 3040 3.5
13 1200 3740 4
13 1400 4540 1.5
13 1600 4840 4.2
13 1800 5680 0.9
14 0 0 4.5
14 200 900 0.5
14 400 1000 3.7
14 600 1740 4.2
14 800 2580 2.3
14 1000 3040 3.5
14 1200 3740 4
14 1400 4540 1.5
14 1600 4840 4.2
14 1800 5680 0.9
15 0 0 4.5
15 200 900 0.5
15 400 1000 3.7
15 600 1740 4.2
15 800 2580 2.3
15 1000 3040 3.5
15 1200 3740 4
15 1400 4540 1.5
15 1600 4840 4.2
15 1800 5680 0.9
16 0 0 4.5
16 200 900 0.5
16 400 1000 3.7
16 600 1740 4.2
16 800 2580 2.3
16 1000 3040 3.5
16 1200 3740 4
16 1400 4540 1.5
16 1600 4840 4.2
16 1800 5680 0.9
17 0 0 4.5
17 200 900 0.5
17 400 1000 3.7
17 600 1740 4.2
17 800 2580 2.3
17 1000 3040 3.5
17 1200 3740 4
17 1400 4540 1.5
17 1600 4840 4.2
17 1800 5680 0.9
18 0 0 4.5
18 200 900 0.5
18 400 1000 3.7
18 600 1740 4.2
18 800 2580 2.3
18 1000 3040 3.5
18 1200 3740 4
18 1400 4540 1.5
18 1600 4840 4.2
18 1800 5680 0.9
19 0 0 4.5
19 200 900 0.5
19 400 1000 3.7
19 600 1740 4.2
19 800 2580 2.3
19 1000 3040 3.5
19 1200 3740 4
19 1400 4540 1.5
19 1600 4840 4.2
19 1800 5680 0.9
20 0 0 4.5
20 200 900 0.5
20 400 1000 3.7
20 600 1740 4.2
20 800 2580 2.3
20 1000 3040 3.5
20 1200 3740 4
20 1400 4540 1.5
20 1600 4840 4.2
20 1800 5680 0.9
21 0 0 4.5
21 200 900 0.5
21 400 1000 3.7
21 600 1740 4.2
21 800 2580 2.3
21 1000 3040 3.5
21 1200 3740 4
21 1400 4540 1.5
21 1600 4840 4.2
21 1800 5680 0.9
22 0 0 4.5
22 200 900 0.5
22 400 1000 3.7
22 600 1740 4.2
22 800 2580 2.3
22 1000 3040 3.5
22 1200 3740 4
22 1400 4540 1.5
22 1600 4840 4.2
22 1800 5680 0.9
23 0 0 4.5
23 200 900 0.5
23 400 1000 3.7
23 600 1740 4.2
23 800 2580 2.3
23 1000 3040 3.5
23 1200 3740 4
23 1400 4540 1.5
23 1600 4840 4.2
23 1800 5680 0.9
24 0 0 4.5
24 200 900 0.5
24 400 1000 3.7
24 600 1740 4.2
24 800 2580 2.3
24 1000 3040 3.5
24 1200 3740 4
24 1400 4540 1.5
24 1600 4840 4.2
24 1800 5680 0.9
25 0 0 4.5
25 200 900 0.5
25 400 1000 3.7
25 600 1740 4.2
25 800 2580 2.3
25 1000 3040 3.5
25 1200 3740 4
25 1400 4540 1.5
25 1600 4840 4.2
25 1800 5680 0.9
26 0 0 4.5
26 200 900 0.5
26 400 1000 3.7
26 600 1740 4.2
26 800 2580 2.3
26 1000 3040 3.5
26 1200 3740 4
26 1400 4540 1.5
26 1600 4840 4.2
26 1800 5680 0.9
27 0 0 4.5
27 200 900 0.5
27 400 1000 3.7
27 600 1740 4.2
27 800 2580 2.3
27 1000 3040 3.5
27 1200 3740 4
27 1400 4540 1.5
27 1600 4840 4.2
27 1800 5680 0.9
28 0 0 4.5
28 200 900 0.5
28 400 1000 3.7
28 600 1740 4.2
28 800 2580 2.3
28 1000 3040 3.5
28 1200 3740 4
28 1400 4540 1.5
28 1600 4840 4.2
28 1800 5680 0.9
29 0 0 4.5
29 200 900 0.5
29 400 1000 3.7
29 600 1740 4.2
29 800 2580 2.3
29 1000 3040 3.5
29 1200 3740 4
29 1400 4540 1.5
29 1600 4840 4.2
29 1800 5680 0.9
30 0 0 4.5
30 200 900 0.5
30 400 1000 3.7
30 600 1740 4.2
30 800 2580 2.3
30 1000 3040 3.5
30 1200 3740 4
30 1400 4540 1.5
30 1600 4840 4.2
30 1800 5680 0.9
31 0 0 4.5
31 200 900 0.5
31 400 1000 3.7
31 600 1740 4.2
31 800 2580 2.3
31 1000 3040 3.5
31 1200 3740 4
31 1400 4540 1.5
31 1600 4840 4.2
31 1800 5680 0.9
32 0 0 4.5
32 200 900 0.5
32 400 1000 3.7
32 600 1740 4.2
32 800 2580 2.3
32 1000 3040 3.5
32 1200 3740 4
32 1400 4540 1.5
32 1600 4840 4.2
32 1800 5680 0.9
33 0 0 4.5
33 200 900 0.5
33 400 1000 3.7
33 600 1740 4.2
33 800 2580 2.3
33 1000 3040 3.5
33 1200 3740 4
33 1400 4540 1.5
33 1600 4840 4.2
33 1800 5680 0.9
34 0 0 4.5
34 200 900 0.5
34 400 1000 3.7
34 600 1740 4.2
34 800 2580 2.3
34 1000 3040 3.5
34 1200 3740 4
34 1400 4540 1.5
34 1600 4840 4.2
34 1800 5680 0.9
35 0 0 4.5
35 200 900 0.5
35 400 1000 3.7
35 600 1740 4.2
35 800 2580 2.3
35 1000 3040 3.5
35 1200 3740 4
35 1400 4540 1.5
35 1600 4840 4.2
35 1800 5680 0.9
36 0 0 4.5
36 200 900 0.5
36 400 1000 3.7
36 600 1740 4.2
36 800 2580 2.3
36 1000 3040 3.5
36 1200 3740 4
36 1400 4540 1.5
36 1600 4840 4.2
36 1800 5680 0.9
37 0 0 4.5
37 200 900 0.5
37 400 1000 3.7
37 600 1740 4.2
37 800 2580 2.3
37 1000 3040 3.5
37 1200 3740 4
37 1400 4540 1.5
37 1600 4840 4.2
37 1800 5680 0.9
38 0 0 4.5
38 200 900 0.5
38 400 1000 3.7
38 600 1740 4.2
38 800 2580 2.3
38 1000 3040 3.5
38 1200 3740 4
38 1400 4540 1.5
38 1600 4840 4.2
38 1800 5680 0.9
39 0 0 4.5
39 200 900 0.5
39 400 1000 3.7
39 600 1740 4.2
39 800 2580 2.3
39 1000 3040 3.5
39 1200 3740 4
39 1400 4540 1.5
39 1600 4840 4.2
39 1800 5680 0.9
40 0 0 4.5
40 200 900 0.5
40 400 1000 3.7
40 600 1740 4.2
40 800 2580 2.3
40 1000 3040 3.5
40 1200 3740 4
40 1400 4540 1.5
40 1600 4840 4.2
40 1800 5680 0.9
41 0 0 4.5
41 200 900 0.5
41 400 1000 3.7
41 600 1740 4.2
41 800 2580 2.3
41 1000 3040 3.5
41 1200 3740 4
41 1400 4540 1.5
41 1600 4840 4.2
41 1800 5680 0.9
42 0 0 4.5
42 200 900 0.5
42 400 1000 3.7
42 600 1740 4.2
42 800 2580 2.3
42 1000 3040 3.5
42 1200 3740 4
42 1400 4540 1.5
42 1600 4840 4.2
42 1800 5680 0.9
43 0 0 4.5
43 200 900 0.5
43 400 1000 3.7
43 600 1740 4.2
43 800 2580 2.3
43 1000 3040 3.5
43 1200 3740 4
43 1400 4540 1.5
43 1600 4840 4.2
43 1800 5680 0.9
44 0 0 4.5
44 200 900 0.5
44 400 1000 3.7
44 600 1740 4.2
44 800 2580 2.3
44 1000 3040 3.5
44 1200 3740 4
44 1400 4540 1.5
44 1600 4840 4.2
44 1800 5680 0.9
45 0 0 4.5
45 200 900 0.5
45 400 1000 3.7
45 600 1740 4.2
45 800 2580 2.3
45 1000 3040 3.5
45 1200 3740 4
45 1400 4540 1.5
45 1600 4840 4.2
45 1800 5680 0.9
46 0 0 4.5
46 200 900 0.5
46 400 1000 3.7
46 600 1740 4.2
46 800 2580 2.3
46 1000 3040 3.5
46 1200 3740 4
46 1400 4540 1.5
46 1600 4840 4.2
46 1800 5680 0.9
47 0 0 4.5
47 200 900 0.5
47 400 1000 3.7
47 600 1740 4.2
47 800 2580 2.3
47 1000 3040 3.5
47 1200 3740 4
47 1400 4540 1.5
47 1600 4840 4.2
47 1800 5680 0.9
48 0 0 4.5
48 200 900 0.5
48 400 1000 3.7
48 600 1740 4.2
48 800 2580 2.3
48 1000 3040 3.5
48 1200 3740 4
48 1400 4540 1.5
48 1600 4840 4.2
48 1800 5680 0.9
49 0 0 4.5
49 200 900 0.5
49 400 1000 3.7
49 600 1740 4.2
49 800 2580 2.3
49 1000 3040 3.5
49 1200 3740 4
49 1400 4540 1.5
49 1600 4840 4.2
49 1800 5680 0.9
50 0 0 4.5
50 200 900 0.5
50 400 1000 3.7
50 600 1740 4.2
50 800 2580 2.3
50 1000 3040 3.5
50 1200 3740 4
50 1400 4540 1.5
50 1600 4840 4.2
50 1800 5680 0.9
51 0 0 4.5
51 200 900 0.5
51 400 1000 3.7
51 600 1740 4.2
51 800 2580 2.3
51 1000 3040 3.5
51 1200 3740 4
51 1400 4540 1.5
51 1600 4840 4.2
51 1800 5680 0.9
52 0 0 4.5
52 200 900 0.5
52 400 1000 3.7
52 600 1740 4.2
52 800 2580 2.3
52 1000 3040 3.5
52 1200 3740 4
52 1400 4540 1.5
52 1600 4840 4.2
52 1800 5680 0.9
53 0 0 4.5
53 200 900 0.5
53 400 1000 3.7
53 600 1740 4.2
53 800 2580 2.3
53 1000 3040 3.5
53 1200 3740 4
53 1400 4540 1.5
53 1600 4840 4.2
53 1800 5680 0.9
54 0 0 4.5
54 200 900 0.5
54 400 1000 3.7
54 600 1740 4.2
54 800 2580 2.3
54 1000 3040 3.5
54 1200 3740 4
54 1400 4540 1.5
54 1600 4840 4.2
54 1800 5680 0.9
55 0 0 4.5
55 200 900 0.5
55 400 1000 3.7
55 600 1740 4.2
55 800 2580 2.3
55 1000 3040 3.5
55 1200 3740 4
55 1400 4540 1.5
55 1600 4840 4.2
55 1800 5680 0.9
56 0 0 4.5
56 200 900 0.5
56 400 1000 3.7
56 600 1740 4.2
56 800 2580 2.3
56 1000 3040 3.5
56 1200 3740 4
56 1400 4540 1.5
56 1600 4840 4.2
56 1800 5680 0.9
57 0 0 4.5
57 200 900 0.5
57 400 1000 3.7
57 600 1740 4.2
57 800 2580 2.3
57 1000 3040 3.5
57 1200 3740 4
57 1400 4540 1.5
57 1600 4840 4.2
57 1800 5680 0.9
58 0 0 4.5
58 200 900 0.5
58 400 1000 3.7
58 600 1740 4.2
58 800 2580 2.3
58 1000 3040 3.5
58 1200 3740 4
58 1400 4540 1.5
58 1600 4840 4.2
58 1800 5680 0.9
59 0 0 4.5
59 200 900 0.5
59 400 1000 3.7
59 600 1740 4.2
59 800 2580 2.3
59 1000 3040 3.5
59 1200 3740 4
59 1400 4540 1.5
59 1600 4840 4.2
59 1800 5680 0.9
60 0 0 4.5
60 200 900 0.5
60 400 1000 3.7
60 600 1740 4.2
60 800 2580 2.3
60 1000 3040 3.5
60 1200 3740 4
60 1400 4540 1.5
60 1600 4840 4.2
60 1800 5680 0.9
61 0 0 4.5
61 200 900 0.5
61 400 1000 3.7
61 600 1740 4.2
61 800 2580 2.3
61 1000 3040 3.5
61 1200 3740 4
61 1400 4540 1.5
61 1600 4840 4.2
61 1800 5680 0.9
62 0 0 4.5
62 200 900 0.5
62 400 1000 3.7
62 600 1740 4.2
62 800 2580 2.3
62 1000 3040 3.5
62 1200 3740 4
62 1400 4540 1.5
62 1600 4840 4.2
62 1800 5680 0.9
63 0 0 4.5
63 200 900 0.5
63 400 1000 3.7
63 600 1740 4.2
63 800 2580 2.3
63 1000 3040 3.5
63 1200 3740 4
63 1400 4540 1.5
63 1600 4840 4.2
63 1800 5680 0.9
64 0 0 4.5
64 200 900 0.5
64 400 1000 3.7
64 600 1740 4.2
64 800 2580 2.3
64 1000 3040 3.5
64 1200 3740 4
64 1400 4540 1.5
64 1600 4840 4.2
64 1800 5680 0.9
65 0 0 4.5
65 200 900 0.5
65 400 1000 3.7
65 600 1740 4.2
65 800 2580 2.3
65 1000 3040 3.5
65 1200 3740 4
65 1400 4540 1.5
65 1600 4840 4.2
65 1800 5680 0.9
66 0 0 4.5
66 200 900 0.5
66 400 1000 3.7
66 600 1740 4.2
66 800 2580 2.3
66 1000 3040 3.5
66 1200 3740 4
66 1400 4540 1.5
66 1600 4840 4.2
66 1800 5680 0.9
67 0 0 4.5
67 200 900 0.5
67 400 1000 3.7
67 600 1740 4.2
67 800 2580 2.3
67 1000 3040 3.5
67 1200 3740 4
67 1400 4540 1.5
67 1600 4840 4.2
67 1800 5680 0.9
68 0 0 4.5
68 200 900 0.5
68 400 1000 3.7
68 600 1740 4.2
68 800 2580 2.3
68 1000 3040 3.5
68 1200 3740 4
68 1400 4540 1.5
68 1600 4840 4.2
68 1800 5680 0.9
69 0 0 4.5
69 200 900 0.5
69 400 1000 3.7
69 600 1740 4.2
69 800 2580 2.3
69 1000 3040 3.5
69 1200 3740 4
69 1400 4540 1.5
69 1600 4840 4.2
69 1800 5680 0.9
70 0 0 4.5
70 200 900 0.5
70 400 1000 3.7
70 600 1740 4.2
70 800 2580 2.3
70 1000 3040 3.5
70 1200 3740 4
70 1400 4540 1.5
70 1600 4840 4.2
70 1800 5680 0.9
71 0 0 4.5
71 200 900 0.5
71 400 1000 3.7
71 600 1740 4.2
71 800 2580 2.3
71 1000 3040 3.5
71 1200 3740 4
71 1400 4540 1.5
71 1600 4840 4.2
71 1800 5680 0.9
72 0 0 4.5
72 200 900 0.5
72 400 1000 3.7
72 600 1740 4.2
72 800 2580 2.3
72 1000 3040 3.5
72 1200 3740 4
72 1400 4540 1.5
72 1600 4840 4.2
72 1800 5680 0.9
73 0 0 4.5
73 200 900 0.5
73 400 1000 3.7
73 600 1740 4.2
73 800 2580 2.3
73 1000 3040 3.5
73 1200 3740 4
73 1400 4540 1.5
73 1600 4840 4.2
73 1800 5680 0.9
74 0 0 4.5
74 200 900 0.5
74 400 1000 3.7
74 600 1740 4.2
74 800 2580 2.3
74 1000 3040 3.5
74 1200 3740 4
74 1400 4540 1.5
74 1600 4840 4.2
74 1800 5680 0.9
75 0 0 4.5
75 200 900 0.5
75 400 1000 3.7
75 600 1740 4.2
75 800 2580 2.3
75 1000 3040 3.5
75 1200 3740 4
75 1400 4540 1.5
75 1600 4840 4.2
75 1800 5680 0.9
76 0 0 4.5
76 200 900 0.5
76 400 1000 3.7
76 600 1740 4.2
76 800 2580 2.3
76 1000 3040 3.5
76 1200 3740 4
76 1400 4540 1.5
76 1600 4840 4.2
76 1800 5680 0.9
77 0 0 4.5
77 200 900 0.5
77 400 1000 3.7
77 600 1740 4.2
77 800 2580 2.3
77 1000 3040 3.5
77 1200 3740 4
77 1400 4540 1.5
77 1600 4840 4.2
77 1800 5680 0.9
78 0 0 4.5
78 200 900 0.5
78 400 1000 3.7
78 600 1740 4.2
78 800 2580 2.3
78 1000 3040 3.5
78 1200 3740 4
78 1400 4540 1.5
78 1600 4840 4.2
78 1800 5680 0.9
79 0 0 4.5
79 200 900 0.5
79 400 1000 3.7
79 600 1740 4.2
79 800 2580 2.3
79 1000 3040 3.5
79 1200 3740 4
79 1400 4540 1.5
79 1600 4840 4.2
79 1800 5680 0.9
80 0 0 4.5
80 200 900 0.5
80 400 1000 3.7
80 600 1740 4.2
80 800 2580 2.3
80 1000 3040 3.5
80 1200 3740 4
80 1400 4540 1.5
80 1600 4840 4.2
80 1800 5680 0.9
81 0 0 4.5
81 200 900 0.5
81 400 1000 3.7
81 600 1740 4.2
81 800 2580 2.3
81 1000 3040 3.5
81 1200 3740 4
81 1400 4540 1.5
81 1600 4840 4.2
81 1800 5680 0.9
82 0 0 4.5
82 200 900 0.5
82 400 1000 3.7
82 600 1740 4.2
82 800 2580 2.3
82 1000 3040 3.5
82 1200 3740 4
82 1400 4540 1.5
82 1600 4840 4.2
82 1800 5680 0.9
83 0 0 4.5
83 200 900 0.5
83 400 1000 3.7
83 600 1740 4.2
83 800 2580 2.3
83 1000 3040 3.5
83 1200 3740 4
83 1400 4540 1.5
83 1600 4840 4.2
83 1800 5680 0.9
84 0 0 4.5
84 200 900 0.5
84 400 1000 3.7
84 600 1740 4.2
84 800 2580 2.3
84 1000 3040 3.5
84 1200 3740 4
84 1400 4540 1.5
84 1600 4840 4.2
84 1800 5680 0.9
85 0 0 4.5
85 200 900 0.5
85 400 1000 3.7
85 600 1740 4.2
85 800 2580 2.3
85 1000 3040 3.5
85 1200 3740 4
85 1400 4540 1.5
85 1600 4840 4.2
85 1800 5680 0.9
86 0 0 4.5
86 200 900 0.5
86 400 1000 3.7
86 600 1740 4.2
86 800 2580 2.3
86 1000 3040 3.5
86 1200 3740 4
86 1400 4540 1.5
86 1600 4840 4.2
86 1800 5680 0.9
87 0 0 4.5
87 200 900 0.5
87 400 1000 3.7
87 600 1740 4.2
87 800 2580 2.3
87 1000 3040 3.5
87 1200 3740 4
87 1400 4540 1.5
87 1600 4840 4.2
87 1800 5680 0.9
88 0 0 4.5
88 200 900 0.5
88 400 1000 3.7
88 600 1740 4.2
88 800 2580 2.3
88 1000 3040 3.5
88 1200 3740 4
88 1400 4540 1.5
88 1600 4840 4.2
88 1800 5680 0.9
89 0 0 4.5
89 200 900 0.5
89 400 1000 3.7
89 600 1740 4.2
89 800 2580 2.3
89 1000 3040 3.5
89 1200 3740 4
89 1400 4540 1.5
89 1600 4840 4.2
89 1800 5680 0.9
90 0 0 4.5
90 200 900 0.5
90 400 1000 3.7
90 600 1740 4.2
90 800 2580 2.3
90 1000 3040 3.5
90 1200 3740 4
90 1400 4540 1.5
90 1600 4840 4.2
90 1800 5680 0.9
91 0 0 4.5
91 200 900 0.5
91 400 1000 3.7
91 600 1740 4.2
91 800 2580 2.3
91 1000 3040 3.5
91 1200 3740 4
91 1400 4540 1.5
91 1600 4840 4.2
91 1800 5680 0.9
92 0 0 4.5
92 200 900 0.5
92 400 1000 3.7
92 600 1740 4.2
92 800 2580 2.3
92 1000 3040 3.5
92 1200 3740 4
92 1400 4540 1.5
92 1600 4840 4.2
92 1800 5680 0.9
93 0 0 4.5
93 200 900 0.5
93 400 1000 3.7
93 600 1740 4.2
93 800 2580 2.3
93 1000 3040 3.5
93 1200 3740 4
93 1400 4540 1.5
93 1600 4840 4.2
93 1800 5680 0.9
94 0 0 4.5
94 200 900 0.5
94 400 1000 3.7
94 600 1740 4.2
94 800 2580 2.3
94 1000 3040 3.5
94 1200 3740 4
94 1400 4540 1.5
94 1600 4840 4.2
94 1800 5680 0.9
95 0 0 4.5
95 200 900 0.5
95 400 1000 3.7
95 600 1740 4.2
95 800 2580 2.3
95 1000 3040 3.5
95 1200 3740 4
95 1400 4540 1.5
95 1600 4840 4.2
95 1800 5680 0.9
96 0 0 4.5
96 200 900 0.5
96 400 1000 3.7
96 600 1740 4.2
96 800 2580 2.3
96 1000 3040 3.5
96 1200 3740 4
96 1400 4540 1.5
96 1600 4840 4.2
96 1800 5680 0.9
97 0 0 4.5
97 200 900 0.5
97 400 1000 3.7
97 600 1740 4.2
97 800 2580 2.3
97 1000 3040 3.5
97 1200 3740 4
97 1400 4540 1.5
97 1600 4840 4.2
97 1800 5680 0.9
98 0 0 4.5
98 200 900 0.5
98 400 1000 3.7
98 600 1740 4.2
98 800 2580 2.3
98 1000 3040 3.5
98 1200 3740 4
98 1400 4540 1.5
98 1600 4840 4.2
98 1800 5680 0.9
99 0 0 4.5
99 200 900 0.5
99 400 1000 3.7
99 600 1740 4.2
99 800 2580 2.3
99 1000 3040 3.5
99 1200 3740 4
99 1400 4540 1.5
99 1600 4840 4.2
99 1800 5680 0.9
100 0 0 4.5
100 200 900 0.5
100 400 1000 3.7
100 600 1740 4.2
100 800 2580 2.3
100 1000 3040 3.5
100 1200 3740 4
100 1400 4540 1.5
100 1600 4840 4.2
100 1800 5680 0.9
101 0 0 4.5
101 200 900 0.5
101 400 1000 3.7
101 600 1740 4.2
101 800 2580 2.3
101 1000 3040 3.5
101 1200 3740 4
101 1400 4540 1.5
101 1600 4840 4.2
101 1800 5680 0.9
102 0 0 4.5
102 200 900 0.5
102 400 1000 3.7
102 600 1740 4.2
102 800 2580 2.3
102 1000 3040 3.5
102 1200 3740 4
102 1400 4540 1.5
102 1600 4840 4.2
102 1800 5680 0.9
103 0 0 4.5
103 200 900 0.5
103 400 1000 3.7
103 600 1740 4.2
103 800 2580 2.3
103 1000 3040 3.5
103 1200 3740 4
103 1400 4540 1.5
103 1600 4840 4.2
103 1800 5680 0.9
104 0 0 4.5
104 200 900 0.5
104 400 1000 3.7
104 600 1740 4.2
104 800 2580 2.3
104 1000 3040 3.5
104 1200 3740 4
104 1400 4540 1.5
104 1600 4840 4.2
104 1800 5680 0.9
105 0 0 4.5
105 200 900 0.5
105 400 1000 3.7
105 600 1740 4.2
105 800 2580 2.3
105 1000 3040 3.5
105 1200 3740 4
105 1400 4540 1.5
105 1600 4840 4.2
105 1800 5680 0.9
106 0 0 4.5
106 200 900 0.5
106 400 1000 3.7
106 600 1740 4.2
106 800 2580 2.3
106 1000 3040 3.5
106 1200 3740 4
106 1400 4540 1.5
106 1600 4840 4.2
106 1800 5680 0.9
107 0 0 4.5
107 200 900 0.5
107 400 1000 3.7
107 600 1740 4.2
107 800 2580 2.3
107 1000 3040 3.5
107 1200 3740 4
107 1400 4540 1.5
107 1600 4840 4.2
107 1800 5680 0.9
108 0 0 4.5
108 200 900 0.5
108 400 1000 3.7
108 600 1740 4.2
108 800 2580 2.3
108 1000 3040 3.5
108 1200 3740 4
108 1400 4540 1.5
108 1600 4840 4.2
108 1800 5680 0.9
109 0 0 4.5
109 200 900 0.5
109 400 1000 3.7
109 600 1740 4.2
109 800 2580 2.3
109 1000 3040 3.5
109 1200 3740 4
109 1400 4540 1.5
109 1600 4840 4.2
109 1800 5680 0.9
110 0 0 4.5
110 200 900 0.5
110 400 1000 3.7
110 600 1740 4.2
110 800 2580 2.3
110 1000 3040 3.5
110 1200 3740 4
110 1400 4540 1.5
110 1600 4840 4.2
110 1800 5680 0.9
111 0 0 4.5
111 200 900 0.5
111 400 1000 3.7
111 600 1740 4.2
111 800 2580 2.3
111 1000 3040 3.5
111 1200 3740 4
111 1400 4540 1.5
111 1600 4840 4.2
111 1800 5680 0.9
112 0 0 4.5
112 200 900 0.5
112 400 1000 3.7
112 600 1740 4.2
112 800 2580 2.3
112 1000 3040 3.5
112 1200 3740 4
112 1400 4540 1.5
112 1600 4840 4.2
112 1800 5680 0.9
113 0 0 4.5
113 200 900 0.5
113 400 1000 3.7
113 600 1740 4.2
113 800 2580 2.3
113 1000 3040 3.5
113 1200 3740 4
113 1400 4540 1.5
113 1600 4840 4.2
113 1800 5680 0.9
114 0 0 4.5
114 200 900 0.5
114 400 1000 3.7
114 600 1740 4.2
114 800 2580 2.3
114 1000 3040 3.5
114 1200 3740 4
114 1400 4540 1.5
114 1600 4840 4.2
114 1800 5680 0.9
115 0 0 4.5
115 200 900 0.5
115 400 1000 3.7
115 600 1740 4.2
115 800 2580 2.3
115 1000 3040 3.5
115 1200 3740 4
115 1400 4540 1.5
115 1600 4840 4.2
115 1800 5680 0.9
116 0 0 4.5
116 200 900 0.5
116 400 1000 3.7
116 600 1740 4.2
116 800 2580 2.3
116 1000 3040 3.5
116 1200 3740 4
116 1400 4540 1.5
116 1600 4840 4.2
116 1800 5680 0.9
117 0 0 4.5
117 200 900 0.5
117 400 1000 3.7
117 600 1740 4.2
117 800 2580 2.3
117 1000 3040 3.5
117 1200 3740 4
117 1400 4540 1.5
117 1600 4840 4.2
117 1800 5680 0.9
118 0 0 4.5
118 200 900 0.5
118 400 1000 3.7
118 600 1740 4.2
118 800 2580 2.3
118 1000 3040 3.5
118 1200 3740 4
118 1400 4540 1.5
118 1600 4840 4.2
118 1800 5680 0.9
119 0 0 4.5
119 200 900 0.5
119 400 1000 3.7
119 600 1740 4.2
119 800 2580 2.3
119 1000 3040 3.5
119 1200 3740 4
119 1400 4540 1.5
119 1600 4840 4.2
119 1800 5680 0.9
120 0 0 4.5
120 200 900 0.5
120 400 1000 3.7
120 600 1740 4.2
120 800 2580 2.3
120 1000 3040 3.5
120 1200 3740 4
120 1400 4540 1.5
120 1600 4840 4.2
120 1800 5680 0.9
121 0 0 4.5
121 200 900 0.5
121 400 1000 3.7
121 600 1740 4.2
121 800 2580 2.3
121 1000 3040 3.5
121 1200 3740 4
121 1400 4540 1.5
121 1600 4840 4.2
121 1800 5680 0.9
122 0 0 4.5
122 200 900 0.5
122 400 1000 3.7
122 600 1740 4.2
122 800 2580 2.3
122 1000 3040 3.5
122 1200 3740 4
122 1400 4540 1.5
122 1600 4840 4.2
122 1800 5680 0.9
123 0 0 4.5
123 200 900 0.5
123 400 1000 3.7
123 600 1740 4.2
123 800 2580 2.3
123 1000 3040 3.5
123 1200 3740 4
123 1400 4540 1.5
123 1600 4840 4.2
123 1800 5680 0.9
124 0 0 4.5
124 200 900 0.5
124 400 1000 3.7
124 600 1740 4.2
124 800 2580 2.3
124 1000 3040 3.5
124 1200 3740 4
124 1400 4540 1.5
124 1600 4840 4.2
124 1800 5680 0.9
125 0 0 4.5
125 200 900 0.5
125 400 1000 3.7
125 600 1740 4.2
125 800 2580 2.3
125 1000 3040 3.5
125 1200 3740 4
125 1400 4540 1.5
125 1600 4840 4.2
125 1800 5680 0.9
126 0 0 4.5
126 200 900 0.5
126 400 1000 3.7
126 600 1740 4.2
126 800 2580 2.3
126 1000 3040 3.5
126 1200 3740 4
126 1400 4540 1.5
126 1600 4840 4.2
126 1800 5680 0.9
127 0 0 4.5
127 200 900 0.5
127 400 1000 3.7
127 600 1740 4.2
127 800 2580 2.3
127 1000 3040 3.5
127 1200 3740 4
127 1400 4540 1.5
127 1600 4840 4.2
127 1800 5680 0.9
128 0 0 4.5
128 200 900 0.5
128 400 1000 3.7
128 600 1740 4.2
128 800 2580 2.3
128 1000 3040 3.5
128 1200 3740 4
128 1400 4540 1.5
128 1600 4840 4.2
128 1800 5680 0.9
129 0 0 4.5
129 200 900 0.5
129 400 1000 3.7
129 600 1740 4.2
129 800 2580 2.3
129 1000 3040 3.5
129 1200 3740 4
129 1400 4540 1.5
129 1600 4840 4.2
129 1800 5680 0.9
130 0 0 4.5
130 200 900 0.5
130 400 1000 3.7
130 600 1740 4.2
130 800 2580 2.3
130 1000 3040 3.5
130 1200 3740 4
130 1400 4540 1.5
130 1600 4840 4.2
130 1800 5680 0.9
131 0 0 4.5
131 200 900 0.5
131 400 1000 3.7
131 600 1740 4.2
131 800 2580 2.3
131 1000 3040 3.5
131 1200 3740 4
131 1400 4540 1.5
131 1600 4840 4.2
131 1800 5680 0.9
132 0 0 4.5
132 200 900 0.5
132 400 1000 3.7
132 600 1740 4.2
132 800 2580 2.3
132 1000 3040 3.5
132 1200 3740 4
132 1400 4540 1.5
132 1600 4840 4.2
132 1800 5680 0.9
133 0 0 4.5
133 200 900 0.5
133 400 1000 3.7
133 600 1740 4.2
133 800 2580 2.3
133 1000 3040 3.5
133 1200 3740 4
133 1400 4540 1.5
133 1600 4840 4.2
133 1800 5680 0.9
134 0 0 4.5
134 200 900 0.5
134 400 1000 3.7
134 600 1740 4.2
134 800 2580 2.3
134 1000 3040 3.5
134 1200 3740 4
134 1400 4540 1.5
134 1600 4840 4.2
134 1800 5680 0.9
135 0 0 4.5
135 200 900 0.5
135 400 1000 3.7
135 600 1740 4.2
135 800 2580 2.3
135 1000 3040 3.5
135 1200 3740 4
135 1400 4540 1.5
135 1600 4840 4.2
135 1800 5680 0.9
136 0 0 4.5
136 200 900 0.5
136 400 1000 3.7
136 600 1740 4.2
136 800 2580 2.3
136 1000 3040 3.5
136 1200 3740 4
136 1400 4540 1.5
136 1600 4840 4.2
136 1800 5680 0.9
137 0 0 4.5
137 200 900 0.5
137 400 1000 3.7
137 600 1740 4.2
137 800 2580 2.3
137 1000 3040 3.5
137 1200 3740 4
137 1400 4540 1.5
137 1600 4840 4.2
137 1800 5680 0.9
138 0 0 4.5
138 200 900 0.5
138 400 1000 3.7
138 600 1740 4.2
138 800 2580 2.3
138 1000 3040 3.5
138 1200 3740 4
138 1400 4540 1.5
138 1600 4840 4.2
138 1800 5680 0.9
139 0 0 4.5
139 200 900 0.5
139 400 1000 3.7
139 600 1740 4.2
139 800 2580 2.3
139 1000 3040 3.5
139 1200 3740 4
139 1400 4540 1.5
139 1600 4840 4.2
139 1800 5680 0.9
140 0 0 4.5
140 200 900 0.5
140 400 1000 3.7
140 600 1740 4.2
140 800 2580 2.3
140 1000 3040 3.5
140 1200 3740 4
140 1400 4540 1.5
140 1600 4840 4.2
140 1800 5680 0.9
141 0 0 4.5
141 200 900 0.5
141 400 1000 3.7
141 600 1740 4.2
141 800 2580 2.3
141 1000 3040 3.5
141 1200 3740 4
141 1400 4540 1.5
141 1600 4840 4.2
141 1800 5680 0.9
142 0 0 4.5
142 200 900 0.5
142 400 1000 3.7
142 600 1740 4.2
142 800 2580 2.3
142 1000 3040 3.5
142 1200 3740 4
142 1400 4540 1.5
142 1600 4840 4.2
142 1800 5680 0.9
143 0 0 4.5
143 200 900 0.5
143 400 1000 3.7
143 600 1740 4.2
143 800 2580 2.3
143 1000 3040 3.5
143 1200 3740 4
143 1400 4540 1.5
143 1600 4840 4.2
143 1800 5680 0.9
144 0 0 4.5
144 200 900 0.5
144 400 1000 3.7
144 600 1740 4.2
144 800 2580 2.3
144 1000 3040 3.5
144 1200 3740 4
144 1400 4540 1.5
144 1600 4840 4.2
144 1800 5680 0.9
145 0 0 4.5
145 200 900 0.5
145 400 1000 3.7
145 600 1740 4.2
145 800 2580 2.3
145 1000 3040 3.5
145 1200 3740 4
145 1400 4540 1.5
145 1600 4840 4.2
145 1800 5680 0.9
146 0 0 4.5
146 200 900 0.5
146 400 1000 3.7
146 600 1740 4.2
146 800 2580 2.3
146 1000 3040 3.5
146 1200 3740 4
146 1400 4540 1.5
146 1600 4840 4.2
146 1800 5680 0.9
147 0 0 4.5
147 200 900 0.5
147 400 1000 3.7
147 600 1740 4.2
147 800 2580 2.3
147 1000 3040 3.5
147 1200 3740 4
147 1400 4540 1.5
147 1600 4840 4.2
147 1800 5680 0.9
148 0 0 4.5
148 200 900 0.5
148 400 1000 3.7
148 600 1740 4.2
148 800 2580 2.3
148 1000 3040 3.5
148 1200 3740 4
148 1400 4540 1.5
148 1600 4840 4.2
148 1800 5680 0.9
149 0 0 4.5
149 200 900 0.5
149 400 1000 3.7
149 600 1740 4.2
149 800 2580 2.3
149 1000 3040 3.5
149 1200 3740 4
149 1400 4540 1.5
149 1600 4840 4.2
149 1800 5680 0.9
150 0 0 4.5
150 200 900 0.5
150 400 1000 3.7
150 600 1740 4.2
150 800 2580 2.3
150 1000 3040 3.5
150 1200 3740 4
150 1400 4540 1.5
150 1600 4840 4.2
150 1800 5680 0.9
151 0 0 4.5
151 200 900 0.5
151 400 1000 3.7
151 600 1740 4.2
151 800 2580 2.3
151 1000 3040 3.5
151 1200 3740 4
151 1400 4540 1.5
151 1600 4840 4.2
151 1800 5680 0.9
152 0 0 4.5
152 200 900 0.5
152 400 1000 3.7
152 600 1740 4.2
152 800 2580 2.3
152 1000 3040 3.5
152 1200 3740 4
152 1400 4540 1.5
152 1600 4840 4.2
152 1800 5680 0.9
153 0 0 4.5
153 200 900 0.5
153 400 1000 3.7
153 600 1740 4.2
153 800 2580 2.3
153 1000 3040 3.5
153 1200 3740 4
153 1400 4540 1.5
153 1600 4840 4.2
153 1800 5680 0.9
154 0 0 4.5
154 200 900 0.5
154 400 1000 3.7
154 600 1740 4.2
154 800 2580 2.3
154 1000 3040 3.5
154 1200 3740 4
154 1400 4540 1.5
154 1600 4840 4.2
154 1800 5680 0.9
155 0 0 4.5
155 200 900 0.5
155 400 1000 3.7
155 600 1740 4.2
155 800 2580 2.3
155 1000 3040 3.5
155 1200 3740 4
155 1400 4540 1.5
155 1600 4840 4.2
155 1800 5680 0.9
156 0 0 4.5
156 200 900 0.5
156 400 1000 3.7
156 600 1740 4.2
156 800 2580 2.3
156 1000 3040 3.5
156 1200 3740 4
156 1400 4540 1.5
156 1600 4840 4.2
156 1800 5680 0.9
157 0 0 4.5
157 200 900 0.5
157 400 1000 3.7
157 600 1740 4.2
157 800 2580 2.3
157 1000 3040 3.5
157 1200 3740 4
157 1400 4540 1.5
157 1600 4840 4.2
157 1800 5680 0.9
158 0 0 4.5
158 200 900 0.5
158 400 1000 3.7
158 600 1740 4.2
158 800 2580 2.3
158 1000 3040 3.5
158 1200 3740 4
158 1400 4540 1.5
158 1600 4840 4.2
158 1800 5680 0.9
159 0 0 4.5
159 200 900 0.5
159 400 1000 3.7
159 600 1740 4.2
159 800 2580 2.3
159 1000 3040 3.5
159 1200 3740 4
159 1400 4540 1.5
159 1600 4840 4.2
159 1800 5680 0.9
160 0 0 4.5
160 200 900 0.5
160 400 1000 3.7
160 600 1740 4.2
160 800 2580 2.3
160 1000 3040 3.5
160 1200 3740 4
160 1400 4540 1.5
160 1600 4840 4.2
160 1800 5680 0.9
161 0 0 4.5
161 200 900 0.5
161 400 1000 3.7
161 600 1740 4.2
161 800 2580 2.3
161 1000 3040 3.5
161 1200 3740 4
161 1400 4540 1.5
161 1600 4840 4.2
161 1800 5680 0.9
162 0 0 4.5
162 200 900 0.5
162 400 1000 3.7
162 600 1740 4.2
162 800 2580 2.3
162 1000 3040 3.5
162 1200 3740 4
162 1400 4540 1.5
162 1600 4840 4.2
162 1800 5680 0.9
163 0 0 4.5
163 200 900 0.5
163 400 1000 3.7
163 600 1740 4.2
163 800 2580 2.3
163 1000 3040 3.5
163 1200 3740 4
163 1400 4540 1.5
163 1600 4840 4.2
163 1800 5680 0.9
164 0 0 4.5
164 200 900 0.5
164 400 1000 3.7
164 600 1740 4.2
164 800 2580 2.3
164 1000 3040 3.5
164 1200 3740 4
164 1400 4540 1.5
164 1600 4840 4.2
164 1800 5680 0.9
165 0 0 4.5
165 200 900 0.5
165 400 1000 3.7
165 600 1740 4.2
165 800 2580 2.3
165 1000 3040 3.5
165 1200 3740 4
165 1400 4540 1.5
165 1600 4840 4.2
165 1800 5680 0.9
166 0 0 4.5
166 200 900 0.5
166 400 1000 3.7
166 600 1740 4.2
166 800 2580 2.3
166 1000 3040 3.5
166 1200 3740 4
166 1400 4540 1.5
166 1600 4840 4.2
166 1800 5680 0.9
167 0 0 4.5
167 200 900 0.5
167 400 1000 3.7
167 600 1740 4.2
167 800 2580 2.3
167 1000 3040 3.5
167 1200 3740 4
167 1400 4540 1.5
167 1600 4840 4.2
167 1800 5680 0.9
168 0 0 4.5
168 200 900 0.5
168 400 1000 3.7
168 600 1740 4.2
168 800 2580 2.3
168 1000 3040 3.5
168 1200 3740 4
168 1400 4540 1.5
168 1600 4840 4.2
168 1800 5680 0.9
169 0 0 4.5
169 200 900 0.5
169 400 1000 3.7
169 600 1740 4.2
169 800 2580 2.3
169 1000 3040 3.5
169 1200 3740 4
169 1400 4540 1.5
169 1600 4840 4.2
169 1800 5680 0.9
170 0 0 4.5
170 200 900 0.5
170 400 1000 3.7
170 600 1740 4.2
170 800 2580 2.3
170 1000 3040 3.5
170 1200 3740 4
170 1400 4540 1.5
170 1600 4840 4.2
170 1800 5680 0.9
171 0 0 4.5
171 200 900 0.5
171 400 1000 3.7
171 600 1740 4.2
171 800 2580 2.3
171 1000 3040 3.5
171 1200 3740 4
171 1400 4540 1.5
171 1600 4840 4.2
171 1800 5680 0.9
172 0 0 4.5
172 200 900 0.5
172 400 1000 3.7
172 600 1740 4.2
172 800 2580 2.3
172 1000 3040 3.5
172 1200 3740 4
172 1400 4540 1.5
172 1600 4840 4.2
172 1800 5680 0.9
173 0 0 4.5
173 200 900 0.5
173 400 1000 3.7
173 600 1740 4.2
173 800 2580 2.3
173 1000 3040 3.5
173 1200 3740 4
173 1400 4540 1.5
173 1600 4840 4.2
173 1800 5680 0.9
174 0 0 4.5
174 200 900 0.5
174 400 1000 3.7
174 600 1740 4.2
174 800 2580 2.3
174 1000 3040 3.5
174 1200 3740 4
174 1400 4540 1.5
174 1600 4840 4.2
174 1800 5680 0.9
175 0 0 4.5
175 200 900 0.5
175 400 1000 3.7
175 600 1740 4.2
175 800 2580 2.3
175 1000 3040 3.5
175 1200 3740 4
175 1400 4540 1.5
175 1600 4840 4.2
175 1800 5680 0.9
176 0 0 4.5
176 200 900 0.5
176 400 1000 3.7
176 600 1740 4.2
176 800 2580 2.3
176 1000 3040 3.5
176 1200 3740 4
176 1400 4540 1.5
176 1600 4840 4.2
176 1800 5680 0.9
177 0 0 4.5
177 200 900 0.5
177 400 1000 3.7
177 600 1740 4.2
177 800 2580 2.3
177 1000 3040 3.5
177 1200 3740 4
177 1400 4540 1.5
177 1600 4840 4.2
177 1800 5680 0.9
178 0 0 4.5
178 200 900 0.5
178 400 1000 3.7
178 600 1740 4.2
178 800 2580 2.3
178 1000 3040 3.5
178 1200 3740 4
178 1400 4540 1.5
178 1600 4840 4.2
178 1800 5680 0.9
179 0 0 4.5
179 200 900 0.5
179 400 1000 3.7
179 600 1740 4.2
179 800 2580 2.3
179 1000 3040 3.5
179 1200 3740 4
179 1400 4540 1.5
179 1600 4840 4.2
179 1800 5680 0.9
180 0 0 4.5
180 200 900 0.5
180 400 1000 3.7
180 600 1740 4.2
180 800 2580 2.3
180 1000 3040 3.5
180 1200 3740 4
180 1400 4540 1.5
180 1600 4840 4.2
180 1800 5680 0.9
181 0 0 4.5
181 200 900 0.5
181 400 1000 3.7
181 600 1740 4.2
181 800 2580 2.3
181 1000 3040 3.5
181 1200 3740 4
181 1400 4540 1.5
181 1600 4840 4.2
181 1800 5680 0.9
182 0 0 4.5
182 200 900 0.5
182 400 1000 3.7
182 600 1740 4.2
182 800 2580 2.3
182 1000 3040 3.5
182 1200 3740 4
182 1400 4540 1.5
182 1600 4840 4.2
182 1800 5680 0.9
183 0 0 4.5
183 200 900 0.5
183 400 1000 3.7
183 600 1740 4.2
183 800 2580 2.3
183 1000 3040 3.5
183 1200 3740 4
183 1400 4540 1.5
183 1600 4840 4.2
183 1800 5680 0.9
184 0 0 4.5
184 200 900 0.5
184 400 1000 3.7
184 600 1740 4.2
184 800 2580 2.3
184 1000 3040 3.5
184 1200 3740 4
184 1400 4540 1.5
184 1600 4840 4.2
184 1800 5680 0.9
185 0 0 4.5
185 200 900 0.5
185 400 1000 3.7
185 600 1740 4.2
185 800 2580 2.3
185 1000 3040 3.5
185 1200 3740 4
185 1400 4540 1.5
185 1600 4840 4.2
185 1800 5680 0.9
186 0 0 4.5
186 200 900 0.5
186 400 1000 3.7
186 600 1740 4.2
186 800 2580 2.3
186 1000 3040 3.5
186 1200 3740 4
186 1400 4540 1.5
186 1600 4840 4.2
186 1800 5680 0.9
187 0 0 4.5
187 200 900 0.5
187 400 1000 3.7
187 600 1740 4.2
187 800 2580 2.3
187 1000 3040 3.5
187 1200 3740 4
187 1400 4540 1.5
187 1600 4840 4.2
187 1800 5680 0.9
188 0 0 4.5
188 200 900 0.5
188 400 1000 3.7
188 600 1740 4.2
188 800 2580 2.3
188 1000 3040 3.5
188 1200 3740 4
188 1400 4540 1.5
188 1600 4840 4.2
188 1800 5680 0.9
189 0 0 4.5
189 200 900 0.5
189 400 1000 3.7
189 600 1740 4.2
189 800 2580 2.3
189 1000 3040 3.5
189 1200 3740 4
189 1400 4540 1.5
189 1600 4840 4.2
189 1800 5680 0.9
190 0 0 4.5
190 200 900 0.5
190 400 1000 3.7
190 600 1740 4.2
190 800 2580 2.3
190 1000 3040 3.5
190 1200 3740 4
190 1400 4540 1.5
190 1600 4840 4.2
190 1800 5680 0.9
191 0 0 4.5
191 200 900 0.5
191 400 1000 3.7
191 600 1740 4.2
191 800 2580 2.3
191 1000 3040 3.5
191 1200 3740 4
191 1400 4540 1.5
191 1600 4840 4.2
191 1800 5680 0.9
192 0 0 4.5
192 200 900 0.5
192 400 1000 3.7
192 600 1740 4.2
192 800 2580 2.3
192 1000 3040 3.5
192 1200 3740 4
192 1400 4540 1.5
192 1600 4840 4.2
192 1800 5680 0.9
193 0 0 4.5
193 200 900 0.5
193 400 1000 3.7
193 600 1740 4.2
193 800 2580 2.3
193 1000 3040 3.5
193 1200 3740 4
193 1400 4540 1.5
193 1600 4840 4.2
193 1800 5680 0.9
194 0 0 4.5
194 200 900 0.5
194 400 1000 3.7
194 600 1740 4.2
194 800 2580 2.3
194 1000 3040 3.5
194 1200 3740 4
194 1400 4540 1.5
194 1600 4840 4.2
194 1800 5680 0.9
195 0 0 4.5
195 200 900 0.5
195 400 1000 3.7
195 600 1740 4.2
195 800 2580 2.3
195 1000 3040 3.5
195 1200 3740 4
195 1400 4540 1.5
195 1600 4840 4.2
195 1800 5680 0.9
196 0 0 4.5
196 200 900 0.5
196 400 1000 3.7
196 600 1740 4.2
196 800 2580 2.3
196 1000 3040 3.5
196 1200 3740 4
196 1400 4540 1.5
196 1600 4840 4.2
196 1800 5680 0.9
197 0 0 4.5
197 200 900 0.5
197 400 1000 3.7
197 600 1740 4.2
197 800 2580 2.3
197 1000 3040 3.5
197 1200 3740 4
197 1400 4540 1.5
197 1600 4840 4.2
197 1800 5680 0.9
198 0 0 4.5
198 200 900 0.5
198 400 1000 3.7
198 600 1740 4.2
198 800 2580 2.3
198 1000 3040 3.5
198 1200 3740 4
198 1400 4540 1.5
198 1600 4840 4.2
198 1800 5680 0.9
199 0 0 4.5
199 200 900 0.5
199 400 1000 3.7
199 600 1740 4.2
199 800 2580 2.3
199 1000 3040 3.5
199 1200 3740 4
199 1400 4540 1.5
199 1600 4840 4.2
199 1800 5680 0.9
200 0 0 4.5
200 200 900 0.5
200 400 1000 3.7
200 600 1740 4.2
200 800 2580 2.3
200 1000 3040 3.5
200 1200 3740 4
200 1400 4540 1.5
200 1600 4840 4.2
200 1800 5680 0.9
201 0 0 4.5
201 200 900 0.5
201 400 1000 3.7
201 600 1740 4.2
201 800 2580 2.3
201 1000 3040 3.5
201 1200 3740 4
201 1400 4540 1.5
201 1600 4840 4.2
201 1800 5680 0.9
202 0 0 4.5
202 200 900 0.5
202 400 1000 3.7
202 600 1740 4.2
202 800 2580 2.3
202 1000 3040 3.5
202 1200 3740 4
202 1400 4540 1.5
202 1600 4840 4.2
202 1800 5680 0.9
203 0 0 4.5
203 200 900 0.5
203 400 1000 3.7
203 600 1740 4.2
203 800 2580 2.3
203 1000 3040 3.5
203 1200 3740 4
203 1400 4540 1.5
203 1600 4840 4.2
203 1800 5680 0.9
204 0 0 4.5
204 200 900 0.5
204 400 1000 3.7
204 600 1740 4.2
204 800 2580 2.3
204 1000 3040 3.5
204 1200 3740 4
204 1400 4540 1.5
204 1600 4840 4.2
204 1800 5680 0.9
205 0 0 4.5
205 200 900 0.5
205 400 1000 3.7
205 600 1740 4.2
205 800 2580 2.3
205 1000 3040 3.5
205 1200 3740 4
205 1400 4540 1.5
205 1600 4840 4.2
205 1800 5680 0.9
206 0 0 4.5
206 200 900 0.5
206 400 1000 3.7
206 600 1740 4.2
206 800 2580 2.3
206 1000 3040 3.5
206 1200 3740 4
206 1400 4540 1.5
206 1600 4840 4.2
206 1800 5680 0.9
207 0 0 4.5
207 200 900 0.5
207 400 1000 3.7
207 600 1740 4.2
207 800 2580 2.3
207 1000 3040 3.5
207 1200 3740 4
207 1400 4540 1.5
207 1600 4840 4.2
207 1800 5680 0.9
208 0 0 4.5
208 200 900 0.5
208 400 1000 3.7
208 600 1740 4.2
208 800 2580 2.3
208 1000 3040 3.5
208 1200 3740 4
208 1400 4540 1.5
208 1600 4840 4.2
208 1800 5680 0.9
209 0 0 4.5
209 200 900 0.5
209 400 1000 3.7
209 600 1740 4.2
209 800 2580 2.3
209 1000 3040 3.5
209 1200 3740 4
209 1400 4540 1.5
209 1600 4840 4.2
209 1800 5680 0.9
210 0 0 4.5
210 200 900 0.5
210 400 1000 3.7
210 600 1740 4.2
210 800 2580 2.3
210 1000 3040 3.5
210 1200 3740 4
210 1400 4540 1.5
210 1600 4840 4.2
210 1800 5680 0.9
211 0 0 4.5
211 200 900 0.5
211 400 1000 3.7
211 600 1740 4.2
211 800 2580 2.3
211 1000 3040 3.5
211 1200 3740 4
211 1400 4540 1.5
211 1600 4840 4.2
211 1800 5680 0.9
212 0 0 4.5
212 200 900 0.5
212 400 1000 3.7
212 600 1740 4.2
212 800 2580 2.3
212 1000 3040 3.5
212 1200 3740 4
212 1400 4540 1.5
212 1600 4840 4.2
212 1800 5680 0.9
213 0 0 4.5
213 200 900 0.5
213 400 1000 3.7
213 600 1740 4.2
213 800 2580 2.3
213 1000 3040 3.5
213 1200 3740 4
213 1400 4540 1.5
213 1600 4840 4.2
213 1800 5680 0.9
214 0 0 4.5
214 200 900 0.5
214 400 1000 3.7
214 600 1740 4.2
214 800 2580 2.3
214 1000 3040 3.5
214 1200 3740 4
214 1400 4540 1.5
214 1600 4840 4.2
214 1800 5680 0.9
215 0 0 4.5
215 200 900 0.5
215 400 1000 3.7
215 600 1740 4.2
215 800 2580 2.3
215 1000 3040 3.5
215 1200 3740 4
215 1400 4540 1.5
215 1600 4840 4.2
215 1800 5680 0.9
216 0 0 4.5
216 200 900 0.5
216 400 1000 3.7
216 600 1740 4.2
216 800 2580 2.3
216 1000 3040 3.5
216 1200 3740 4
216 1400 4540 1.5
216 1600 4840 4.2
216 1800 5680 0.9
217 0 0 4.5
217 200 900 0.5
217 400 1000 3.7
217 600 1740 4.2
217 800 2580 2.3
217 1000 3040 3.5
217 1200 3740 4
217 1400 4540 1.5
217 1600 4840 4.2
217 1800 5680 0.9
218 0 0 4.5
218 200 900 0.5
218 400 1000 3.7
218 600 1740 4.2
218 800 2580 2.3
218 1000 3040 3.5
218 1200 3740 4
218 1400 4540 1.5
218 1600 4840 4.2
218 1800 5680 0.9
219 0 0 4.5
219 200 900 0.5
219 400 1000 3.7
219 600 1740 4.2
219 800 2580 2.3
219 1000 3040 3.5
219 1200 3740 4
219 1400 4540 1.5
219 1600 4840 4.2
219 1800 5680 0.9
220 0 0 4.5
220 200 900 0.5
220 400 1000 3.7
220 600 1740 4.2
220 800 2580 2.3
220 1000 3040 3.5
220 1200 3740 4
220 1400 4540 1.5
220 1600 4840 4.2
220 1800 5680 0.9
221 0 0 4.5
221 200 900 0.5
221 400 1000 3.7
221 600 1740 4.2
221 800 2580 2.3
221 1000 3040 3.5
221 1200 3740 4
221 1400 4540 1.5
221 1600 4840 4.2
221 1800 5680 0.9
222 0 0 4.5
222 200 900 0.5
222 400 1000 3.7
222 600 1740 4.2
222 800 2580 2.3
222 1000 3040 3.5
222 1200 3740 4
222 1400 4540 1.5
222 1600 4840 4.2
222 1800 5680 0.9
223 0 0 4.5
223 200 900 0.5
223 400 1000 3.7
223 600 1740 4.2
223 800 2580 2.3
223 1000 3040 3.5
223 1200 3740 4
223 1400 4540 1.5
223 1600 4840 4.2
223 1800 5680 0.9
224 0 0 4.5
224 200 900 0.5
224 400 1000 3.7
224 600 1740 4.2
224 800 2580 2.3
224 1000 3040 3.5
224 1200 3740 4
224 1400 4540 1.5
224 1600 4840 4.2
224 1800 5680 0.9
225 0 0 4.5
225 200 900 0.5
225 400 1000 3.7
225 600 1740 4.2
225 800 2580 2.3
225 1000 3040 3.5
225 1200 3740 4
225 1400 4540 1.5
225 1600 4840 4.2
225 1800 5680 0.9
226 0 0 4.5
226 200 900 0.5
226 400 1000 3.7
226 600 1740 4.2
226 800 2580 2.3
226 1000 3040 3.5
226 1200 3740 4
226 1400 4540 1.5
226 1600 4840 4.2
226 1800 5680 0.9
227 0 0 4.5
227 200 900 0.5
227 400 1000 3.7
227 600 1740 4.2
227 800 2580 2.3
227 1000 3040 3.5
227 1200 3740 4
227 1400 4540 1.5
227 1600 4840 4.2
227 1800 5680 0.9
228 0 0 4.5
228 200 900 0.5
228 400 1000 3.7
228 600 1740 4.2
228 800 2580 2.3
228 1000 3040 3.5
228 1200 3740 4
228 1400 4540 1.5
228 1600 4840 4.2
228 1800 5680 0.9
229 0 0 4.5
229 200 900 0.5
229 400 1000 3.7
229 600 1740 4.2
229 800 2580 2.3
229 1000 3040 3.5
229 1200 3740 4
229 1400 4540 1.5
229 1600 4840 4.2
229 1800 5680 0.9
230 0 0 4.5
230 200 900 0.5
230 400 1000 3.7
230 600 1740 4.2
230 800 2580 2.3
230 1000 3040 3.5
230 1200 3740 4
230 1400 4540 1.5
230 1600 4840 4.2
230 1800 5680 0.9
231 0 0 4.5
231 200 900 0.5
231 400 1000 3.7
231 600 1740 4.2
231 800 2580 2.3
231 1000 3040 3.5
231 1200 3740 4
231 1400 4540 1.5
231 1600 4840 4.2
231 1800 5680 0.9
232 0 0 4.5
232 200 900 0.5
232 400 1000 3.7
232 600 1740 4.2
232 800 2580 2.3
232 1000 3040 3.5
232 1200 3740 4
232 1400 4540 1.5
232 1600 4840 4.2
232 1800 5680 0.9
233 0 0 4.5
233 200 900 0.5
233 400 1000 3.7
233 600 1740 4.2
233 800 2580 2.3
233 1000 3040 3.5
233 1200 3740 4
233 1400 4540 1.5
233 1600 4840 4.2
233 1800 5680 0.9
234 0 0 4.5
234 200 900 0.5
234 400 1000 3.7
234 600 1740 4.2
234 800 2580 2.3
234 1000 3040 3.5
234 1200 3740 4
234 1400 4540 1.5
234 1600 4840 4.2
234 1800 5680 0.9
235 0 0 4.5
235 200 900 0.5
235 400 1000 3.7
235 600 1740 4.2
235 800 2580 2.3
235 1000 3040 3.5
235 1200 3740 4
235 1400 4540 1.5
235 1600 4840 4.2
235 1800 5680 0.9
236 0 0 4.5
236 200 900 0.5
236 400 1000 3.7
236 600 1740 4.2
236 800 2580 2.3
236 1000 3040 3.5
236 1200 3740 4
236 1400 4540 1.5
236 1600 4840 4.2
236 1800 5680 0.9
237 0 0 4.5
237 200 900 0.5
237 400 1000 3.7
237 600 1740 4.2
237 800 2580 2.3
237 1000 3040 3.5
237 1200 3740 4
237 1400 4540 1.5
237 1600 4840 4.2
237 1800 5680 0.9
238 0 0 4.5
238 200 900 0.5
238 400 1000 3.7
238 600 1740 4.2
238 800 2580 2.3
238 1000 3040 3.5
238 1200 3740 4
238 1400 4540 1.5
238 1600 4840 4.2
238 1800 5680 0.9
239 0 0 4.5
239 200 900 0.5
239 400 1000 3.7
239 600 1740 4.2
239 800 2580 2.3
239 1000 3040 3.5
239 1200 3740 4
239 1400 4540 1.5
239 1600 4840 4.2
239 1800 5680 0.9
240 0 0 4.5
240 200 900 0.5
240 400 1000 3.7
240 600 1740 4.2
240 800 2580 2.3
240 1000 3040 3.5
240 1200 3740 4
240 1400 4540 1.5
240 1600 4840 4.2
240 1800 5680 0.9
241 0 0 4.5
241 200 900 0.5
241 400 1000 3.7
241 600 1740 4.2
241 800 2580 2.3
241 1000 3040 3.5
241 1200 3740 4
241 1400 4540 1.5
241 1600 4840 4.2
241 1800 5680 0.9
242 0 0 4.5
242 200 900 0.5
242 400 1000 3.7
242 600 1740 4.2
242 800 2580 2.3
242 1000 3040 3.5
242 1200 3740 4
242 1400 4540 1.5
242 1600 4840 4.2
242 1800 5680 0.9
243 0 0 4.5
243 200 900 0.5
243 400 1000 3.7
243 600 1740 4.2
243 800 2580 2.3
243 1000 3040 3.5
243 1200 3740 4
243 1400 4540 1.5
243 1600 4840 4.2
243 1800 5680 0.9
244 0 0 4.5
244 200 900 0.5
244 400 1000 3.7
244 600 1740 4.2
244 800 2580 2.3
244 1000 3040 3.5
244 1200 3740 4
244 1400 4540 1.5
244 1600 4840 4.2
244 1800 5680 0.9
245 0 0 4.5
245 200 900 0.5
245 400 1000 3.7
245 600 1740 4.2
245 800 2580 2.3
245 1000 3040 3.5
245 1200 3740 4
245 1400 4540 1.5
245 1600 4840 4.2
245 1800 5680 0.9
246 0 0 4.5
246 200 900 0.5
246 400 1000 3.7
246 600 1740 4.2
246 800 2580 2.3
246 1000 3040 3.5
246 1200 3740 4
246 1400 4540 1.5
246 1600 4840 4.2
246 1800 5680 0.9
247 0 0 4.5
247 200 900 0.5
247 400 1000 3.7
247 600 1740 4.2
247 800 2580 2.3
247 1000 3040 3.5
247 1200 3740 4
247 1400 4540 1.5
247 1600 4840 4.2
247 1800 5680 0.9
248 0 0 4.5
248 200 900 0.5
248 400 1000 3.7
248 600 1740 4.2
248 800 2580 2.3
248 1000 3040 3.5
248 1200 3740 4
248 1400 4540 1.5
248 1600 4840 4.2
248 1800 5680 0.9
249 0 0 4.5
249 200 900 0.5
249 400 1000 3.7
249 600 1740 4.2
249 800 2580 2.3
249 1000 3040 3.5
249 1200 3740 4
249 1400 4540 1.5
249 1600 4840 4.2
249 1800 5680 0.9
250 0 0 4.5
250 200 900 0.5
250 400 1000 3.7
250 600 1740 4.2
250 800 2580 2.3
250 1000 3040 3.5
250 1200 3740 4
250 1400 4540 1.5
250 1600 4840 4.2
250 1800 5680 0.9
251 0 0 4.5
251 200 900 0.5
251 400 1000 3.7
251 600 1740 4.2
251 800 2580 2.3
251 1000 3040 3.5
251 1200 3740 4
251 1400 4540 1.5
251 1600 4840 4.2
251 1800 5680 0.9
252 0 0 4.5
252 200 900 0.5
252 400 1000 3.7
252 600 1740 4.2
252 800 2580 2.3
252 1000 3040 3.5
252 1200 3740 4
252 1400 4540 1.5
252 1600 4840 4.2
252 1800 5680 0.9
253 0 0 4.5
253 200 900 0.5
253 400 1000 3.7
253 600 1740 4.2
253 800 2580 2.3
253 1000 3040 3.5
253 1200 3740 4
253 1400 4540 1.5
253 1600 4840 4.2
253 1800 5680 0.9
254 0 0 4.5
254 200 900 0.5
254 400 1000 3.7
254 600 1740 4.2
254 800 2580 2.3
254 1000 3040 3.5
254 1200 3740 4
254 1400 4540 1.5
254 1600 4840 4.2
254 1800 5680 0.9
255 0 0 4.5
255 200 900 0.5
255 400 1000 3.7
255 600 1740 4.2
255 800 2580 2.3
255 1000 3040 3.5
255 1200 3740 4
255 1400 4540 1.5
255 1600 4840 4.2
255 1800 5680 0.9
256 0 0 4.5
256 200 900 0.5
256 400 1000 3.7
256 600 1740 4.2
256 800 2580 2.3
256 1000 3040 3.5
256 1200 3740 4
256 1400 4540 1.5
256 1600 4840 4.2
256 1800 5680 0.9
257 0 0 4.5
257 200 900 0.5
257 400 1000 3.7
257 600 1740 4.2
257 800 2580 2.3
257 1000 3040 3.5
257 1200 3740 4
257 1400 4540 1.5
257 1600 4840 4.2
257 1800 5680 0.9
258 0 0 4.5
258 200 900 0.5
258 400 1000 3.7
258 600 1740 4.2
258 800 2580 2.3
258 1000 3040 3.5
258 1200 3740 4
258 1400 4540 1.5
258 1600 4840 4.2
258 1800 5680 0.9
259 0 0 4.5
259 200 900 0.5
259 400 1000 3.7
259 600 1740 4.2
259 800 2580 2.3
259 1000 3040 3.5
259 1200 3740 4
259 1400 4540 1.5
259 1600 4840 4.2
259 1800 5680 0.9
260 0 0 4.5
260 200 900 0.5
260 400 1000 3.7
260 600 1740 4.2
260 800 2580 2.3
260 1000 3040 3.5
260 1200 3740 4
260 1400 4540 1.5
260 1600 4840 4.2
260 1800 5680 0.9
261 0 0 4.5
261 200 900 0.5
261 400 1000 3.7
261 600 1740 4.2
261 800 2580 2.3
261 1000 3040 3.5
261 1200 3740 4
261 1400 4540 1.5
261 1600 4840 4.2
261 1800 5680 0.9
262 0 0 4.5
262 200 900 0.5
262 400 1000 3.7
262 600 1740 4.2
262 800 2580 2.3
262 1000 3040 3.5
262 1200 3740 4
262 1400 4540 1.5
262 1600 4840 4.2
262 1800 5680 0.9
263 0 0 4.5
263 200 900 0.5
263 400 1000 3.7
263 600 1740 4.2
263 800 2580 2.3
263 1000 3040 3.5
263 1200 3740 4
263 1400 4540 1.5
263 1600 4840 4.2
263 1800 5680 0.9
264 0 0 4.5
264 200 900 0.5
264 400 1000 3.7
264 600 1740 4.2
264 800 2580 2.3
264 1000 3040 3.5
264 1200 3740 4
264 1400 4540 1.5
264 1600 4840 4.2
264 1800 5680 0.9
265 0 0 4.5
265 200 900 0.5
265 400 1000 3.7
265 600 1740 4.2
265 800 2580 2.3
265 1000 3040 3.5
265 1200 3740 4
265 1400 4540 1.5
265 1600 4840 4.2
265 1800 5680 0.9
266 0 0 4.5
266 200 900 0.5
266 400 1000 3.7
266 600 1740 4.2
266 800 2580 2.3
266 1000 3040 3.5
266 1200 3740 4
266 1400 4540 1.5
266 1600 4840 4.2
266 1800 5680 0.9
267 0 0 4.5
267 200 900 0.5
267 400 1000 3.7
267 600 1740 4.2
267 800 2580 2.3
267 1000 3040 3.5
267 1200 3740 4
267 1400 4540 1.5
267 1600 4840 4.2
267 1800 5680 0.9
268 0 0 4.5
268 200 900 0.5
268 400 1000 3.7
268 600 1740 4.2
268 800 2580 2.3
268 1000 3040 3.5
268 1200 3740 4
268 1400 4540 1.5
268 1600 4840 4.2
268 1800 5680 0.9
269 0 0 4.5
269 200 900 0.5
269 400 1000 3.7
269 600 1740 4.2
269 800 2580 2.3
269 1000 3040 3.5
269 1200 3740 4
269 1400 4540 1.5
269 1600 4840 4.2
269 1800 5680 0.9
270 0 0 4.5
270 200 900 0.5
270 400 1000 3.7
270 600 1740 4.2
270 800 2580 2.3
270 1000 3040 3.5
270 1200 3740 4
270 1400 4540 1.5
270 1600 4840 4.2
270 1800 5680 0.9
271 0 0 4.5
271 200 900 0.5
271 400 1000 3.7
271 600 1740 4.2
271 800 2580 2.3
271 1000 3040 3.5
271 1200 3740 4
271 1400 4540 1.5
271 1600 4840 4.2
271 1800 5680 0.9
272 0 0 4.5
272 200 900 0.5
272 400 1000 3.7
272 600 1740 4.2
272 800 2580 2.3
272 1000 3040 3.5
272 1200 3740 4
272 1400 4540 1.5
272 1600 4840 4.2
272 1800 5680 0.9
273 0 0 4.5
273 200 900 0.5
273 400 1000 3.7
273 600 1740 4.2
273 800 2580 2.3
273 1000 3040 3.5
273 1200 3740 4
273 1400 4540 1.5
273 1600 4840 4.2
273 1800 5680 0.9
274 0 0 4.5
274 200 900 0.5
274 400 1000 3.7
274 600 1740 4.2
274 800 2580 2.3
274 1000 3040 3.5
274 1200 3740 4
274 1400 4540 1.5
274 1600 4840 4.2
274 1800 5680 0.9
275 0 0 4.5
275 200 900 0.5
275 400 1000 3.7
275 600 1740 4.2
275 800 2580 2.3
275 1000 3040 3.5
275 1200 3740 4
275 1400 4540 1.5
275 1600 4840 4.2
275 1800 5680 0.9
276 0 0 4.5
276 200 900 0.5
276 400 1000 3.7
276 600 1740 4.2
276 800 2580 2.3
276 1000 3040 3.5
276 1200 3740 4
276 1400 4540 1.5
276 1600 4840 4.2
276 1800 5680 0.9
277 0 0 4.5
277 200 900 0.5
277 400 1000 3.7
277 600 1740 4.2
277 800 2580 2.3
277 1000 3040 3.5
277 1200 3740 4
277 1400 4540 1.5
277 1600 4840 4.2
277 1800 5680 0.9
278 0 0 4.5
278 200 900 0.5
278 400 1000 3.7
278 600 1740 4.2
278 800 2580 2.3
278 1000 3040 3.5
278 1200 3740 4
278 1400 4540 1.5
278 1600 4840 4.2
278 1800 5680 0.9
279 0 0 4.5
279 200 900 0.5
279 400 1000 3.7
279 600 1740 4.2
279 800 2580 2.3
279 1000 3040 3.5
279 1200 3740 4
279 1400 4540 1.5
279 1600 4840 4.2
279 1800 5680 0.9
280 0 0 4.5
280 200 900 0.5
280 400 1000 3.7
280 600 1740 4.2
280 800 2580 2.3
280 1000 3040 3.5
280 1200 3740 4
280 1400 4540 1.5
280 1600 4840 4.2
280 1800 5680 0.9
281 0 0 4.5
281 200 900 0.5
281 400 1000 3.7
281 600 1740 4.2
281 800 2580 2.3
281 1000 3040 3.5
281 1200 3740 4
281 1400 4540 1.5
281 1600 4840 4.2
281 1800 5680 0.9
282 0 0 4.5
282 200 900 0.5
282 400 1000 3.7
282 600 1740 4.2
282 800 2580 2.3
282 1000 3040 3.5
282 1200 3740 4
282 1400 4540 1.5
282 1600 4840 4.2
282 1800 5680 0.9
283 0 0 4.5
283 200 900 0.5
283 400 1000 3.7
283 600 1740 4.2
283 800 2580 2.3
283 1000 3040 3.5
283 1200 3740 4
283 1400 4540 1.5
283 1600 4840 4.2
283 1800 5680 0.9
284 0 0 4.5
284 200 900 0.5
284 400 1000 3.7
284 600 1740 4.2
284 800 2580 2.3
284 1000 3040 3.5
284 1200 3740 4
284 1400 4540 1.5
284 1600 4840 4.2
284 1800 5680 0.9
285 0 0 4.5
285 200 900 0.5
285 400 1000 3.7
285 600 1740 4.2
285 800 2580 2.3
285 1000 3040 3.5
285 1200 3740 4
285 1400 4540 1.5
285 1600 4840 4.2
285 1800 5680 0.9
286 0 0 4.5
286 200 900 0.5
286 400 1000 3.7
286 600 1740 4.2
286 800 2580 2.3
286 1000 3040 3.5
286 1200 3740 4
286 1400 4540 1.5
286 1600 4840 4.2
286 1800 5680 0.9
287 0 0 4.5
287 200 900 0.5
287 400 1000 3.7
287 600 1740 4.2
287 800 2580 2.3
287 1000 3040 3.5
287 1200 3740 4
287 1400 4540 1.5
287 1600 4840 4.2
287 1800 5680 0.9
288 0 0 4.5
288 200 900 0.5
288 400 1000 3.7
288 600 1740 4.2
288 800 2580 2.3
288 1000 3040 3.5
288 1200 3740 4
288 1400 4540 1.5
288 1600 4840 4.2
288 1800 5680 0.9
289 0 0 4.5
289 200 900 0.5
289 400 1000 3.7
289 600 1740 4.2
289 800 2580 2.3
289 1000 3040 3.5
289 1200 3740 4
289 1400 4540 1.5
289 1600 4840 4.2
289 1800 5680 0.9
290 0 0 4.5
290 200 900 0.5
290 400 1000 3.7
290 600 1740 4.2
290 800 2580 2.3
290 1000 3040 3.5
290 1200 3740 4
290 1400 4540 1.5
290 1600 4840 4.2
290 1800 5680 0.9
291 0 0 4.5
291 200 900 0.5
291 400 1000 3.7
291 600 1740 4.2
291 800 2580 2.3
291 1000 3040 3.5
291 1200 3740 4
291 1400 4540 1.5
291 1600 4840 4.2
291 1800 5680 0.9
292 0 0 4.5
292 200 900 0.5
292 400 1000 3.7
292 600 1740 4.2
292 800 2580 2.3
292 1000 3040 3.5
292 1200 3740 4
292 1400 4540 1.5
292 1600 4840 4.2
292 1800 5680 0.9
293 0 0 4.5
293 200 900 0.5
293 400 1000 3.7
293 600 1740 4.2
293 800 2580 2.3
293 1000 3040 3.5
293 1200 3740 4
293 1400 4540 1.5
293 1600 4840 4.2
293 1800 5680 0.9
294 0 0 4.5
294 200 900 0.5
294 400 1000 3.7
294 600 1740 4.2
294 800 2580 2.3
294 1000 3040 3.5
294 1200 3740 4
294 1400 4540 1.5
294 1600 4840 4.2
294 1800 5680 0.9
295 0 0 4.5
295 200 900 0.5
295 400 1000 3.7
295 600 1740 4.2
295 800 2580 2.3
295 1000 3040 3.5
295 1200 3740 4
295 1400 4540 1.5
295 1600 4840 4.2
295 1800 5680 0.9
296 0 0 4.5
296 200 900 0.5
296 400 1000 3.7
296 600 1740 4.2
296 800 2580 2.3
296 1000 3040 3.5
296 1200 3740 4
296 1400 4540 1.5
296 1600 4840 4.2
296 1800 5680 0.9
297 0 0 4.5
297 200 900 0.5
297 400 1000 3.7
297 600 1740 4.2
297 800 2580 2.3
297 1000 3040 3.5
297 1200 3740 4
297 1400 4540 1.5
297 1600 4840 4.2
297 1800 5680 0.9
298 0 0 4.5
298 200 900 0.5
298 400 1000 3.7
298 600 1740 4.2
298 800 2580 2.3
298 1000 3040 3.5
298 1200 3740 4
298 1400 4540 1.5
298 1600 4840 4.2
298 1800 5680 0.9
299 0 0 4.5
299 200 900 0.5
299 400 1000 3.7
299 600 1740 4.2
299 800 2580 2.3
299 1000 3040 3.5
299 1200 3740 4
299 1400 4540 1.5
299 1600 4840 4.2
299 1800 5680 0.9
300 0 0 4.5
300 200 900 0.5
300 400 1000 3.7
300 600 1740 4.2
300 800 2580 2.3
300 1000 3040 3.5
300 1200 3740 4
300 1400 4540 1.5
300 1600 4840 4.2
300 1800 5680 0.9
301 0 0 4.5
301 200 900 0.5
301 400 1000 3.7
301 600 1740 4.2
301 800 2580 2.3
301 1000 3040 3.5
301 1200 3740 4
301 1400 4540 1.5
301 1600 4840 4.2
301 1800 5680 0.9
302 0 0 4.5
302 200 900 0.5
302 400 1000 3.7
302 600 1740 4.2
302 800 2580 2.3
302 1000 3040 3.5
302 1200 3740 4
302 1400 4540 1.5
302 1600 4840 4.2
302 1800 5680 0.9
303 0 0 4.5
303 200 900 0.5
303 400 1000 3.7
303 600 1740 4.2
303 800 2580 2.3
303 1000 3040 3.5
303 1200 3740 4
303 1400 4540 1.5
303 1600 4840 4.2
303 1800 5680 0.9
304 0 0 4.5
304 200 900 0.5
304 400 1000 3.7
304 600 1740 4.2
304 800 2580 2.3
304 1000 3040 3.5
304 1200 3740 4
304 1400 4540 1.5
304 1600 4840 4.2
304 1800 5680 0.9
305 0 0 4.5
305 200 900 0.5
305 400 1000 3.7
305 600 1740 4.2
305 800 2580 2.3
305 1000 3040 3.5
305 1200 3740 4
305 1400 4540 1.5
305 1600 4840 4.2
305 1800 5680 0.9
306 0 0 4.5
306 200 900 0.5
306 400 1000 3.7
306 600 1740 4.2
306 800 2580 2.3
306 1000 3040 3.5
306 1200 3740 4
306 1400 4540 1.5
306 1600 4840 4.2
306 1800 5680 0.9
307 0 0 4.5
307 200 900 0.5
307 400 1000 3.7
307 600 1740 4.2
307 800 2580 2.3
307 1000 3040 3.5
307 1200 3740 4
307 1400 4540 1.5
307 1600 4840 4.2
307 1800 5680 0.9
308 0 0 4.5
308 200 900 0.5
308 400 1000 3.7
308 600 1740 4.2
308 800 2580 2.3
308 1000 3040 3.5
308 1200 3740 4
308 1400 4540 1.5
308 1600 4840 4.2
308 1800 5680 0.9
309 0 0 4.5
309 200 900 0.5
309 400 1000 3.7
309 600 1740 4.2
309 800 2580 2.3
309 1000 3040 3.5
309 1200 3740 4
309 1400 4540 1.5
309 1600 4840 4.2
309 1800 5680 0.9
310 0 0 4.5
310 200 900 0.5
310 400 1000 3.7
310 600 1740 4.2
310 800 2580 2.3
310 1000 3040 3.5
310 1200 3740 4
310 1400 4540 1.5
310 1600 4840 4.2
310 1800 5680 0.9
311 0 0 4.5
311 200 900 0.5
311 400 1000 3.7
311 600 1740 4.2
311 800 2580 2.3
311 1000 3040 3.5
311 1200 3740 4
311 1400 4540 1.5
311 1600 4840 4.2
311 1800 5680 0.9
312 0 0 4.5
312 200 900 0.5
312 400 1000 3.7
312 600 1740 4.2
312 800 2580 2.3
312 1000 3040 3.5
312 1200 3740 4
312 1400 4540 1.5
312 1600 4840 4.2
312 1800 5680 0.9
313 0 0 4.5
313 200 900 0.5
313 400 1000 3.7
313 600 1740 4.2
313 800 2580 2.3
313 1000 3040 3.5
313 1200 3740 4
313 1400 4540 1.5
313 1600 4840 4.2
313 1800 5680 0.9
314 0 0 4.5
314 200 900 0.5
314 400 1000 3.7
314 600 1740 4.2
314 800 2580 2.3
314 1000 3040 3.5
314 1200 3740 4
314 1400 4540 1.5
314 1600 4840 4.2
314 1800 5680 0.9
315 0 0 4.5
315 200 900 0.5
315 400 1000 3.7
315 600 1740 4.2
315 800 2580 2.3
315 1000 3040 3.5
315 1200 3740 4
315 1400 4540 1.5
315 1600 4840 4.2
315 1800 5680 0.9
316 0 0 4.5
316 200 900 0.5
316 400 1000 3.7
316 600 1740 4.2
316 800 2580 2.3
316 1000 3040 3.5
316 1200 3740 4
316 1400 4540 1.5
316 1600 4840 4.2
316 1800 5680 0.9
317 0 0 4.5
317 200 900 0.5
317 400 1000 3.7
317 600 1740 4.2
317 800 2580 2.3
317 1000 3040 3.5
317 1200 3740 4
317 1400 4540 1.5
317 1600 4840 4.2
317 1800 5680 0.9
318 0 0 4.5
318 200 900 0.5
318 400 1000 3.7
318 600 1740 4.2
318 800 2580 2.3
318 1000 3040 3.5
318 1200 3740 4
318 1400 4540 1.5
318 1600 4840 4.2
318 1800 5680 0.9
319 0 0 4.5
319 200 900 0.5
319 400 1000 3.7
319 600 1740 4.2
319 800 2580 2.3
319 1000 3040 3.5
319 1200 3740 4
319 1400 4540 1.5
319 1600 4840 4.2
319 1800 5680 0.9
320 0 0 4.5
320 200 900 0.5
320 400 1000 3.7
320 600 1740 4.2
320 800 2580 2.3
320 1000 3040 3.5
320 1200 3740 4
320 1400 4540 1.5
320 1600 4840 4.2
320 1800 5680 0.9
321 0 0 4.5
321 200 900 0.5
321 400 1000 3.7
321 600 1740 4.2
321 800 2580 2.3
321 1000 3040 3.5
321 1200 3740 4
321 1400 4540 1.5
321 1600 4840 4.2
321 1800 5680 0.9
322 0 0 4.5
322 200 900 0.5
322 400 1000 3.7
322 600 1740 4.2
322 800 2580 2.3
322 1000 3040 3.5
322 1200 3740 4
322 1400 4540 1.5
322 1600 4840 4.2
322 1800 5680 0.9
323 0 0 4.5
323 200 900 0.5
323 400 1000 3.7
323 600 1740 4.2
323 800 2580 2.3
323 1000 3040 3.5
323 1200 3740 4
323 1400 4540 1.5
323 1600 4840 4.2
323 1800 5680 0.9
324 0 0 4.5
324 200 900 0.5
324 400 1000 3.7
324 600 1740 4.2
324 800 2580 2.3
324 1000 3040 3.5
324 1200 3740 4
324 1400 4540 1.5
324 1600 4840 4.2
324 1800 5680 0.9
325 0 0 4.5
325 200 900 0.5
325 400 1000 3.7
325 600 1740 4.2
325 800 2580 2.3
325 1000 3040 3.5
325 1200 3740 4
325 1400 4540 1.5
325 1600 4840 4.2
325 1800 5680 0.9
326 0 0 4.5
326 200 900 0.5
326 400 1000 3.7
326 600 1740 4.2
326 800 2580 2.3
326 1000 3040 3.5
326 1200 3740 4
326 1400 4540 1.5
326 1600 4840 4.2
326 1800 5680 0.9
327 0 0 4.5
327 200 900 0.5
327 400 1000 3.7
327 600 1740 4.2
327 800 2580 2.3
327 1000 3040 3.5
327 1200 3740 4
327 1400 4540 1.5
327 1600 4840 4.2
327 1800 5680 0.9
328 0 0 4.5
328 200 900 0.5
328 400 1000 3.7
328 600 1740 4.2
328 800 2580 2.3
328 1000 3040 3.5
328 1200 3740 4
328 1400 4540 1.5
328 1600 4840 4.2
328 1800 5680 0.9
329 0 0 4.5
329 200 900 0.5
329 400 1000 3.7
329 600 1740 4.2
329 800 2580 2.3
329 1000 3040 3.5
329 1200 3740 4
329 1400 4540 1.5
329 1600 4840 4.2
329 1800 5680 0.9
330 0 0 4.5
330 200 900 0.5
330 400 1000 3.7
330 600 1740 4.2
330 800 2580 2.3
330 1000 3040 3.5
330 1200 3740 4
330 1400 4540 1.5
330 1600 4840 4.2
330 1800 5680 0.9
331 0 0 4.5
331 200 900 0.5
331 400 1000 3.7
331 600 1740 4.2
331 800 2580 2.3
331 1000 3040 3.5
331 1200 3740 4
331 1400 4540 1.5
331 1600 4840 4.2
331 1800 5680 0.9
332 0 0 4.5
332 200 900 0.5
332 400 1000 3.7
332 600 1740 4.2
332 800 2580 2.3
332 1000 3040 3.5
332 1200 3740 4
332 1400 4540 1.5
332 1600 4840 4.2
332 1800 5680 0.9
333 0 0 4.5
333 200 900 0.5
333 400 1000 3.7
333 600 1740 4.2
333 800 2580 2.3
333 1000 3040 3.5
333 1200 3740 4
333 1400 4540 1.5
333 1600 4840 4.2
333 1800 5680 0.9
334 0 0 4.5
334 200 900 0.5
334 400 1000 3.7
334 600 1740 4.2
334 800 2580 2.3
334 1000 3040 3.5
334 1200 3740 4
334 1400 4540 1.5
334 1600 4840 4.2
334 1800 5680 0.9
335 0 0 4.5
335 200 900 0.5
335 400 1000 3.7
335 600 1740 4.2
335 800 2580 2.3
335 1000 3040 3.5
335 1200 3740 4
335 1400 4540 1.5
335 1600 4840 4.2
335 1800 5680 0.9
336 0 0 4.5
336 200 900 0.5
336 400 1000 3.7
336 600 1740 4.2
336 800 2580 2.3
336 1000 3040 3.5
336 1200 3740 4
336 1400 4540 1.5
336 1600 4840 4.2
336 1800 5680 0.9
337 0 0 4.5
337 200 900 0.5
337 400 1000 3.7
337 600 1740 4.2
337 800 2580 2.3
337 1000 3040 3.5
337 1200 3740 4
337 1400 4540 1.5
337 1600 4840 4.2
337 1800 5680 0.9
338 0 0 4.5
338 200 900 0.5
338 400 1000 3.7
338 600 1740 4.2
338 800 2580 2.3
338 1000 3040 3.5
338 1200 3740 4
338 1400 4540 1.5
338 1600 4840 4.2
338 1800 5680 0.9
339 0 0 4.5
339 200 900 0.5
339 400 1000 3.7
339 600 1740 4.2
339 800 2580 2.3
339 1000 3040 3.5
339 1200 3740 4
339 1400 4540 1.5
339 1600 4840 4.2
339 1800 5680 0.9
340 0 0 4.5
340 200 900 0.5
340 400 1000 3.7
340 600 1740 4.2
340 800 2580 2.3
340 1000 3040 3.5
340 1200 3740 4
340 1400 4540 1.5
340 1600 4840 4.2
340 1800 5680 0.9
341 0 0 4.5
341 200 900 0.5
341 400 1000 3.7
341 600 1740 4.2
341 800 2580 2.3
341 1000 3040 3.5
341 1200 3740 4
341 1400 4540 1.5
341 1600 4840 4.2
341 1800 5680 0.9
342 0 0 4.5
342 200 900 0.5
342 400 1000 3.7
342 600 1740 4.2
342 800 2580 2.3
342 1000 3040 3.5
342 1200 3740 4
342 1400 4540 1.5
342 1600 4840 4.2
342 1800 5680 0.9
343 0 0 4.5
343 200 900 0.5
343 400 1000 3.7
343 600 1740 4.2
343 800 2580 2.3
343 1000 3040 3.5
343 1200 3740 4
343 1400 4540 1.5
343 1600 4840 4.2
343 1800 5680 0.9
344 0 0 4.5
344 200 900 0.5
344 400 1000 3.7
344 600 1740 4.2
344 800 2580 2.3
344 1000 3040 3.5
344 1200 3740 4
344 1400 4540 1.5
344 1600 4840 4.2
344 1800 5680 0.9
345 0 0 4.5
345 200 900 0.5
345 400 1000 3.7
345 600 1740 4.2
345 800 2580 2.3
345 1000 3040 3.5
345 1200 3740 4
345 1400 4540 1.5
345 1600 4840 4.2
345 1800 5680 0.9
346 0 0 4.5
346 200 900 0.5
346 400 1000 3.7
346 600 1740 4.2
346 800 2580 2.3
346 1000 3040 3.5
346 1200 3740 4
346 1400 4540 1.5
346 1600 4840 4.2
346 1800 5680 0.9
347 0 0 4.5
347 200 900 0.5
347 400 1000 3.7
347 600 1740 4.2
347 800 2580 2.3
347 1000 3040 3.5
347 1200 3740 4
347 1400 4540 1.5
347 1600 4840 4.2
347 1800 5680 0.9
348 0 0 4.5
348 200 900 0.5
348 400 1000 3.7
348 600 1740 4.2
348 800 2580 2.3
348 1000 3040 3.5
348 1200 3740 4
348 1400 4540 1.5
348 1600 4840 4.2
348 1800 5680 0.9
349 0 0 4.5
349 200 900 0.5
349 400 1000 3.7
349 600 1740 4.2
349 800 2580 2.3
349 1000 3040 3.5
349 1200 3740 4
349 1400 4540 1.5
349 1600 4840 4.2
349 1800 5680 0.9
350 0 0 4.5
350 200 900 0.5
350 400 1000 3.7
350 600 1740 4.2
350 800 2580 2.3
350 1000 3040 3.5
350 1200 3740 4
350 1400 4540 1.5
350 1600 4840 4.2
350 1800 5680 0.9
351 0 0 4.5
351 200 900 0.5
351 400 1000 3.7
351 600 1740 4.2
351 800 2580 2.3
351 1000 3040 3.5
351 1200 3740 4
351 1400 4540 1.5
351 1600 4840 4.2
351 1800 5680 0.9
352 0 0 4.5
352 200 900 0.5
352 400 1000 3.7
352 600 1740 4.2
352 800 2580 2.3
352 1000 3040 3.5
352 1200 3740 4
352 1400 4540 1.5
352 1600 4840 4.2
352 1800 5680 0.9
353 0 0 4.5
353 200 900 0.5
353 400 1000 3.7
353 600 1740 4.2
353 800 2580 2.3
353 1000 3040 3.5
353 1200 3740 4
353 1400 4540 1.5
353 1600 4840 4.2
353 1800 5680 0.9
354 0 0 4.5
354 200 900 0.5
354 400 1000 3.7
354 600 1740 4.2
354 800 2580 2.3
354 1000 3040 3.5
354 1200 3740 4
354 1400 4540 1.5
354 1600 4840 4.2
354 1800 5680 0.9
355 0 0 4.5
355 200 900 0.5
355 400 1000 3.7
355 600 1740 4.2
355 800 2580 2.3
355 1000 3040 3.5
355 1200 3740 4
355 1400 4540 1.5
355 1600 4840 4.2
355 1800 5680 0.9
356 0 0 4.5
356 200 900 0.5
356 400 1000 3.7
356 600 1740 4.2
356 800 2580 2.3
356 1000 3040 3.5
356 1200 3740 4
356 1400 4540 1.5
356 1600 4840 4.2
356 1800 5680 0.9
357 0 0 4.5
357 200 900 0.5
357 400 1000 3.7
357 600 1740 4.2
357 800 2580 2.3
357 1000 3040 3.5
357 1200 3740 4
357 1400 4540 1.5
357 1600 4840 4.2
357 1800 5680 0.9
358 0 0 4.5
358 200 900 0.5
358 400 1000 3.7
358 600 1740 4.2
358 800 2580 2.3
358 1000 3040 3.5
358 1200 3740 4
358 1400 4540 1.5
358 1600 4840 4.2
358 1800 5680 0.9
359 0 0 4.5
359 200 900 0.5
359 400 1000 3.7
359 600 1740 4.2
359 800 2580 2.3
359 1000 3040 3.5
359 1200 3740 4
359 1400 4540 1.5
359 1600 4840 4.2
359 1800 5680 0.9
360 0 0 4.5
360 200 900 0.5
360 400 1000 3.7
360 600 1740 4.2
360 800 2580 2.3
360 1000 3040 3.5
360 1200 3740 4
360 1400 4540 1.5
360 1600 4840 4.2
360 1800 5680 0.9
361 0 0 4.5
361 200 900 0.5
361 400 1000 3.7
361 600 1740 4.2
361 800 2580 2.3
361 1000 3040 3.5
361 1200 3740 4
361 1400 4540 1.5
361 1600 4840 4.2
361 1800 5680 0.9
362 0 0 4.5
362 200 900 0.5
362 400 1000 3.7
362 600 1740 4.2
362 800 2580 2.3
362 1000 3040 3.5
362 1200 3740 4
362 1400 4540 1.5
362 1600 4840 4.2
362 1800 5680 0.9
363 0 0 4.5
363 200 900 0.5
363 400 1000 3.7
363 600 1740 4.2
363 800 2580 2.3
363 1000 3040 3.5
363 1200 3740 4
363 1400 4540 1.5
363 1600 4840 4.2
363 1800 5680 0.9
364 0 0 4.5
364 200 900 0.5
364 400 1000 3.7
364 600 1740 4.2
364 800 2580 2.3
364 1000 3040 3.5
364 1200 3740 4
364 1400 4540 1.5
364 1600 4840 4.2
364 1800 5680 0.9
365 0 0 4.5
365 200 900 0.5
365 400 1000 3.7
365 600 1740 4.2
365 800 2580 2.3
365 1000 3040 3.5
365 1200 3740 4
365 1400 4540 1.5
365 1600 4840 4.2
365 1800 5680 0.9
366 0 0 4.5
366 200 900 0.5
366 400 1000 3.7
366 600 1740 4.2
366 800 2580 2.3
366 1000 3040 3.5
366 1200 3740 4
366 1400 4540 1.5
366 1600 4840 4.2
366 1800 5680 0.9
367 0 0 4.5
367 200 900 0.5
367 400 1000 3.7
367 600 1740 4.2
367 800 2580 2.3
367 1000 3040 3.5
367 1200 3740 4
367 1400 4540 1.5
367 1600 4840 4.2
367 1800 5680 0.9
368 0 0 4.5
368 200 900 0.5
368 400 1000 3.7
368 600 1740 4.2
368 800 2580 2.3
368 1000 3040 3.5
368 1200 3740 4
368 1400 4540 1.5
368 1600 4840 4.2
368 1800 5680 0.9
369 0 0 4.5
369 200 900 0.5
369 400 1000 3.7
369 600 1740 4.2
369 800 2580 2.3
369 1000 3040 3.5
369 1200 3740 4
369 1400 4540 1.5
369 1600 4840 4.2
369 1800 5680 0.9
370 0 0 4.5
370 200 900 0.5
370 400 1000 3.7
370 600 1740 4.2
370 800 2580 2.3
370 1000 3040 3.5
370 1200 3740 4
370 1400 4540 1.5
370 1600 4840 4.2
370 1800 5680 0.9
371 0 0 4.5
371 200 900 0.5
371 400 1000 3.7
371 600 1740 4.2
371 800 2580 2.3
371 1000 3040 3.5
371 1200 3740 4
371 1400 4540 1.5
371 1600 4840 4.2
371 1800 5680 0.9
372 0 0 4.5
372 200 900 0.5
372 400 1000 3.7
372 600 1740 4.2
372 800 2580 2.3
372 1000 3040 3.5
372 1200 3740 4
372 1400 4540 1.5
372 1600 4840 4.2
372 1800 5680 0.9
373 0 0 4.5
373 200 900 0.5
373 400 1000 3.7
373 600 1740 4.2
373 800 2580 2.3
373 1000 3040 3.5
373 1200 3740 4
373 1400 4540 1.5
373 1600 4840 4.2
373 1800 5680 0.9
374 0 0 4.5
374 200 900 0.5
374 400 1000 3.7
374 600 1740 4.2
374 800 2580 2.3
374 1000 3040 3.5
374 1200 3740 4
374 1400 4540 1.5
374 1600 4840 4.2
374 1800 5680 0.9
375 0 0 4.5
375 200 900 0.5
375 400 1000 3.7
375 600 1740 4.2
375 800 2580 2.3
375 1000 3040 3.5
375 1200 3740 4
375 1400 4540 1.5
375 1600 4840 4.2
375 1800 5680 0.9
376 0 0 4.5
376 200 900 0.5
376 400 1000 3.7
376 600 1740 4.2
376 800 2580 2.3
376 1000 3040 3.5
376 1200 3740 4
376 1400 4540 1.5
376 1600 4840 4.2
376 1800 5680 0.9
377 0 0 4.5
377 200 900 0.5
377 400 1000 3.7
377 600 1740 4.2
377 800 2580 2.3
377 1000 3040 3.5
377 1200 3740 4
377 1400 4540 1.5
377 1600 4840 4.2
377 1800 5680 0.9
378 0 0 4.5
378 200 900 0.5
378 400 1000 3.7
378 600 1740 4.2
378 800 2580 2.3
378 1000 3040 3.5
378 1200 3740 4
378 1400 4540 1.5
378 1600 4840 4.2
378 1800 5680 0.9
379 0 0 4.5
379 200 900 0.5
379 400 1000 3.7
379 600 1740 4.2
379 800 2580 2.3
379 1000 3040 3.5
379 1200 3740 4
379 1400 4540 1.5
379 1600 4840 4.2
379 1800 5680 0.9
380 0 0 4.5
380 200 900 0.5
380 400 1000 3.7
380 600 1740 4.2
380 800 2580 2.3
380 1000 3040 3.5
380 1200 3740 4
380 1400 4540 1.5
380 1600 4840 4.2
380 1800 5680 0.9
381 0 0 4.5
381 200 900 0.5
381 400 1000 3.7
381 600 1740 4.2
381 800 2580 2.3
381 1000 3040 3.5
381 1200 3740 4
381 1400 4540 1.5
381 1600 4840 4.2
381 1800 5680 0.9
382 0 0 4.5
382 200 900 0.5
382 400 1000 3.7
382 600 1740 4.2
382 800 2580 2.3
382 1000 3040 3.5
382 1200 3740 4
382 1400 4540 1.5
382 1600 4840 4.2
382 1800 5680 0.9
383 0 0 4.5
383 200 900 0.5
383 400 1000 3.7
383 600 1740 4.2
383 800 2580 2.3
383 1000 3040 3.5
383 1200 3740 4
383 1400 4540 1.5
383 1600 4840 4.2
383 1800 5680 0.9
384 0 0 4.5
384 200 900 0.5
384 400 1000 3.7
384 600 1740 4.2
384 800 2580 2.3
384 1000 3040 3.5
384 1200 3740 4
384 1400 4540 1.5
384 1600 4840 4.2
384 1800 5680 0.9
385 0 0 4.5
385 200 900 0.5
385 400 1000 3.7
385 600 1740 4.2
385 800 2580 2.3
385 1000 3040 3.5
385 1200 3740 4
385 1400 4540 1.5
385 1600 4840 4.2
385 1800 5680 0.9
386 0 0 4.5
386 200 900 0.5
386 400 1000 3.7
386 600 1740 4.2
386 800 2580 2.3
386 1000 3040 3.5
386 1200 3740 4
386 1400 4540 1.5
386 1600 4840 4.2
386 1800 5680 0.9
387 0 0 4.5
387 200 900 0.5
387 400 1000 3.7
387 600 1740 4.2
387 800 2580 2.3
387 1000 3040 3.5
387 1200 3740 4
387 1400 4540 1.5
387 1600 4840 4.2
387 1800 5680 0.9
388 0 0 4.5
388 200 900 0.5
388 400 1000 3.7
388 600 1740 4.2
388 800 2580 2.3
388 1000 3040 3.5
388 1200 3740 4
388 1400 4540 1.5
388 1600 4840 4.2
388 1800 5680 0.9
389 0 0 4.5
389 200 900 0.5
389 400 1000 3.7
389 600 1740 4.2
389 800 2580 2.3
389 1000 3040 3.5
389 1200 3740 4
389 1400 4540 1.5
389 1600 4840 4.2
389 1800 5680 0.9
390 0 0 4.5
390 200 900 0.5
390 400 1000 3.7
390 600 1740 4.2
390 800 2580 2.3
390 1000 3040 3.5
390 1200 3740 4
390 1400 4540 1.5
390 1600 4840 4.2
390 1800 5680 0.9
391 0 0 4.5
391 200 900 0.5
391 400 1000 3.7
391 600 1740 4.2
391 800 2580 2.3
391 1000 3040 3.5
391 1200 3740 4
391 1400 4540 1.5
391 1600 4840 4.2
391 1800 5680 0.9
392 0 0 4.5
392 200 900 0.5
392 400 1000 3.7
392 600 1740 4.2
392 800 2580 2.3
392 1000 3040 3.5
392 1200 3740 4
392 1400 4540 1.5
392 1600 4840 4.2
392 1800 5680 0.9
393 0 0 4.5
393 200 900 0.5
393 400 1000 3.7
393 600 1740 4.2
393 800 2580 2.3
393 1000 3040 3.5
393 1200 3740 4
393 1400 4540 1.5
393 1600 4840 4.2
393 1800 5680 0.9
394 0 0 4.5
394 200 900 0.5
394 400 1000 3.7
394 600 1740 4.2
394 800 2580 2.3
394 1000 3040 3.5
394 1200 3740 4
394 1400 4540 1.5
394 1600 4840 4.2
394 1800 5680 0.9
395 0 0 4.5
395 200 900 0.5
395 400 1000 3.7
395 600 1740 4.2
395 800 2580 2.3
395 1000 3040 3.5
395 1200 3740 4
395 1400 4540 1.5
395 1600 4840 4.2
395 1800 5680 0.9
396 0 0 4.5
396 200 900 0.5
396 400 1000 3.7
396 600 1740 4.2
396 800 2580 2.3
396 1000 3040 3.5
396 1200 3740 4
396 1400 4540 1.5
396 1600 4840 4.2
396 1800 5680 0.9
397 0 0 4.5
397 200 900 0.5
397 400 1000 3.7
397 600 1740 4.2
397 800 2580 2.3
397 1000 3040 3.5
397 1200 3740 4
397 1400 4540 1.5
397 1600 4840 4.2
397 1800 5680 0.9
398 0 0 4.5
398 200 900 0.5
398 400 1000 3.7
398 600 1740 4.2
398 800 2580 2.3
398 1000 3040 3.5
398 1200 3740 4
398 1400 4540 1.5
398 1600 4840 4.2
398 1800 5680 0.9
399 0 0 4.5
399 200 900 0.5
399 400 1000 3.7
399 600 1740 4.2
399 800 2580 2.3
399 1000 3040 3.5
399 1200 3740 4
399 1400 4540 1.5
399 1600 4840 4.2
399 1800 5680 0.9
400 0 0 4.5
400 200 900 0.5
400 400 1000 3.7
400 600 1740 4.2
400 800 2580 2.3
400 1000 3040 3.5
400 1200 3740 4
400 1400 4540 1.5
400 1600 4840 4.2
400 1800 5680 0.9
401 0 0 4.5
401 200 900 0.5
401 400 1000 3.7
401 600 1740 4.2
401 800 2580 2.3
401 1000 3040 3.5
401 1200 3740 4
401 1400 4540 1.5
401 1600 4840 4.2
401 1800 5680 0.9
402 0 0 4.5
402 200 900 0.5
402 400 1000 3.7
402 600 1740 4.2
402 800 2580 2.3
402 1000 3040 3.5
402 1200 3740 4
402 1400 4540 1.5
402 1600 4840 4.2
402 1800 5680 0.9
403 0 0 4.5
403 200 900 0.5
403 400 1000 3.7
403 600 1740 4.2
403 800 2580 2.3
403 1000 3040 3.5
403 1200 3740 4
403 1400 4540 1.5
403 1600 4840 4.2
403 1800 5680 0.9
404 0 0 4.5
404 200 900 0.5
404 400 1000 3.7
404 600 1740 4.2
404 800 2580 2.3
404 1000 3040 3.5
404 1200 3740 4
404 1400 4540 1.5
404 1600 4840 4.2
404 1800 5680 0.9
405 0 0 4.5
405 200 900 0.5
405 400 1000 3.7
405 600 1740 4.2
405 800 2580 2.3
405 1000 3040 3.5
405 1200 3740 4
405 1400 4540 1.5
405 1600 4840 4.2
405 1800 5680 0.9
406 0 0 4.5
406 200 900 0.5
406 400 1000 3.7
406 600 1740 4.2
406 800 2580 2.3
406 1000 3040 3.5
406 1200 3740 4
406 1400 4540 1.5
406 1600 4840 4.2
406 1800 5680 0.9
407 0 0 4.5
407 200 900 0.5
407 400 1000 3.7
407 600 1740 4.2
407 800 2580 2.3
407 1000 3040 3.5
407 1200 3740 4
407 1400 4540 1.5
407 1600 4840 4.2
407 1800 5680 0.9
408 0 0 4.5
408 200 900 0.5
408 400 1000 3.7
408 600 1740 4.2
408 800 2580 2.3
408 1000 3040 3.5
408 1200 3740 4
408 1400 4540 1.5
408 1600 4840 4.2
408 1800 5680 0.9
409 0 0 4.5
409 200 900 0.5
409 400 1000 3.7
409 600 1740 4.2
409 800 2580 2.3
409 1000 3040 3.5
409 1200 3740 4
409 1400 4540 1.5
409 1600 4840 4.2
409 1800 5680 0.9
410 0 0 4.5
410 200 900 0.5
410 400 1000 3.7
410 600 1740 4.2
410 800 2580 2.3
410 1000 3040 3.5
410 1200 3740 4
410 1400 4540 1.5
410 1600 4840 4.2
410 1800 5680 0.9
411 0 0 4.5
411 200 900 0.5
411 400 1000 3.7
411 600 1740 4.2
411 800 2580 2.3
411 1000 3040 3.5
411 1200 3740 4
411 1400 4540 1.5
411 1600 4840 4.2
411 1800 5680 0.9
412 0 0 4.5
412 200 900 0.5
412 400 1000 3.7
412 600 1740 4.2
412 800 2580 2.3
412 1000 3040 3.5
412 1200 3740 4
412 1400 4540 1.5
412 1600 4840 4.2
412 1800 5680 0.9
413 0 0 4.5
413 200 900 0.5
413 400 1000 3.7
413 600 1740 4.2
413 800 2580 2.3
413 1000 3040 3.5
413 1200 3740 4
413 1400 4540 1.5
413 1600 4840 4.2
413 1800 5680 0.9
414 0 0 4.5
414 200 900 0.5
414 400 1000 3.7
414 600 1740 4.2
414 800 2580 2.3
414 1000 3040 3.5
414 1200 3740 4
414 1400 4540 1.5
414 1600 4840 4.2
414 1800 5680 0.9
415 0 0 4.5
415 200 900 0.5
415 400 1000 3.7
415 600 1740 4.2
415 800 2580 2.3
415 1000 3040 3.5
415 1200 3740 4
415 1400 4540 1.5
415 1600 4840 4.2
415 1800 5680 0.9
416 0 0 4.5
416 200 900 0.5
416 400 1000 3.7
416 600 1740 4.2
416 800 2580 2.3
416 1000 3040 3.5
416 1200 3740 4
416 1400 4540 1.5
416 1600 4840 4.2
416 1800 5680 0.9
417 0 0 4.5
417 200 900 0.5
417 400 1000 3.7
417 600 1740 4.2
417 800 2580 2.3
417 1000 3040 3.5
417 1200 3740 4
417 1400 4540 1.5
417 1600 4840 4.2
417 1800 5680 0.9
418 0 0 4.5
418 200 900 0.5
418 400 1000 3.7
418 600 1740 4.2
418 800 2580 2.3
418 1000 3040 3.5
418 1200 3740 4
418 1400 4540 1.5
418 1600 4840 4.2
418 1800 5680 0.9
419 0 0 4.5
419 200 900 0.5
419 400 1000 3.7
419 600 1740 4.2
419 800 2580 2.3
419 1000 3040 3.5
419 1200 3740 4
419 1400 4540 1.5
419 1600 4840 4.2
419 1800 5680 0.9
420 0 0 4.5
420 200 900 0.5
420 400 1000 3.7
420 600 1740 4.2
420 800 2580 2.3
420 1000 3040 3.5
420 1200 3740 4
420 1400 4540 1.5
420 1600 4840 4.2
420 1800 5680 0.9
421 0 0 4.5
421 200 900 0.5
421 400 1000 3.7
421 600 1740 4.2
421 800 2580 2.3
421 1000 3040 3.5
421 1200 3740 4
421 1400 4540 1.5
421 1600 4840 4.2
421 1800 5680 0.9
422 0 0 4.5
422 200 900 0.5
422 400 1000 3.7
422 600 1740 4.2
422 800 2580 2.3
422 1000 3040 3.5
422 1200 3740 4
422 1400 4540 1.5
422 1600 4840 4.2
422 1800 5680 0.9
423 0 0 4.5
423 200 900 0.5
423 400 1000 3.7
423 600 1740 4.2
423 800 2580 2.3
423 1000 3040 3.5
423 1200 3740 4
423 1400 4540 1.5
423 1600 4840 4.2
423 1800 5680 0.9
424 0 0 4.5
424 200 900 0.5
424 400 1000 3.7
424 600 1740 4.2
424 800 2580 2.3
424 1000 3040 3.5
424 1200 3740 4
424 1400 4540 1.5
424 1600 4840 4.2
424 1800 5680 0.9
425 0 0 4.5
425 200 900 0.5
425 400 1000 3.7
425 600 1740 4.2
425 800 2580 2.3
425 1000 3040 3.5
425 1200 3740 4
425 1400 4540 1.5
425 1600 4840 4.2
425 1800 5680 0.9
426 0 0 4.5
426 200 900 0.5
426 400 1000 3.7
426 600 1740 4.2
426 800 2580 2.3
426 1000 3040 3.5
426 1200 3740 4
426 1400 4540 1.5
426 1600 4840 4.2
426 1800 5680 0.9
427 0 0 4.5
427 200 900 0.5
427 400 1000 3.7
427 600 1740 4.2
427 800 2580 2.3
427 1000 3040 3.5
427 1200 3740 4
427 1400 4540 1.5
427 1600 4840 4.2
427 1800 5680 0.9
428 0 0 4.5
428 200 900 0.5
428 400 1000 3.7
428 600 1740 4.2
428 800 2580 2.3
428 1000 3040 3.5
428 1200 3740 4
428 1400 4540 1.5
428 1600 4840 4.2
428 1800 5680 0.9
429 0 0 4.5
429 200 900 0.5
429 400 1000 3.7
429 600 1740 4.2
429 800 2580 2.3
429 1000 3040 3.5
429 1200 3740 4
429 1400 4540 1.5
429 1600 4840 4.2
429 1800 5680 0.9
430 0 0 4.5
430 200 900 0.5
430 400 1000 3.7
430 600 1740 4.2
430 800 2580 2.3
430 1000 3040 3.5
430 1200 3740 4
430 1400 4540 1.5
430 1600 4840 4.2
430 1800 5680 0.9
431 0 0 4.5
431 200 900 0.5
431 400 1000 3.7
431 600 1740 4.2
431 800 2580 2.3
431 1000 3040 3.5
431 1200 3740 4
431 1400 4540 1.5
431 1600 4840 4.2
431 1800 5680 0.9
432 0 0 4.5
432 200 900 0.5
432 400 1000 3.7
432 600 1740 4.2
432 800 2580 2.3
432 1000 3040 3.5
432 1200 3740 4
432 1400 4540 1.5
432 1600 4840 4.2
432 1800 5680 0.9
433 0 0 4.5
433 200 900 0.5
433 400 1000 3.7
433 600 1740 4.2
433 800 2580 2.3
433 1000 3040 3.5
433 1200 3740 4
433 1400 4540 1.5
433 1600 4840 4.2
433 1800 5680 0.9
434 0 0 4.5
434 200 900 0.5
434 400 1000 3.7
434 600 1740 4.2
434 800 2580 2.3
434 1000 3040 3.5
434 1200 3740 4
434 1400 4540 1.5
434 1600 4840 4.2
434 1800 5680 0.9
435 0 0 4.5
435 200 900 0.5
435 400 1000 3.7
435 600 1740 4.2
435 800 2580 2.3
435 1000 3040 3.5
435 1200 3740 4
435 1400 4540 1.5
435 1600 4840 4.2
435 1800 5680 0.9
436 0 0 4.5
436 200 900 0.5
436 400 1000 3.7
436 600 1740 4.2
436 800 2580 2.3
436 1000 3040 3.5
436 1200 3740 4
436 1400 4540 1.5
436 1600 4840 4.2
436 1800 5680 0.9
437 0 0 4.5
437 200 900 0.5
437 400 1000 3.7
437 600 1740 4.2
437 800 2580 2.3
437 1000 3040 3.5
437 1200 3740 4
437 1400 4540 1.5
437 1600 4840 4.2
437 1800 5680 0.9
438 0 0 4.5
438 200 900 0.5
438 400 1000 3.7
438 600 1740 4.2
438 800 2580 2.3
438 1000 3040 3.5
438 1200 3740 4
438 1400 4540 1.5
438 1600 4840 4.2
438 1800 5680 0.9
439 0 0 4.5
439 200 900 0.5
439 400 1000 3.7
439 600 1740 4.2
439 800 2580 2.3
439 1000 3040 3.5
439 1200 3740 4
439 1400 4540 1.5
439 1600 4840 4.2
439 1800 5680 0.9
440 0 0 4.5
440 200 900 0.5
440 400 1000 3.7
440 600 1740 4.2
440 800 2580 2.3
440 1000 3040 3.5
440 1200 3740 4
440 1400 4540 1.5
440 1600 4840 4.2
440 1800 5680 0.9
441 0 0 4.5
441 200 900 0.5
441 400 1000 3.7
441 600 1740 4.2
441 800 2580 2.3
441 1000 3040 3.5
441 1200 3740 4
441 1400 4540 1.5
441 1600 4840 4.2
441 1800 5680 0.9
442 0 0 4.5
442 200 900 0.5
442 400 1000 3.7
442 600 1740 4.2
442 800 2580 2.3
442 1000 3040 3.5
442 1200 3740 4
442 1400 4540 1.5
442 1600 4840 4.2
442 1800 5680 0.9
443 0 0 4.5
443 200 900 0.5
443 400 1000 3.7
443 600 1740 4.2
443 800 2580 2.3
443 1000 3040 3.5
443 1200 3740 4
443 1400 4540 1.5
443 1600 4840 4.2
443 1800 5680 0.9
444 0 0 4.5
444 200 900 0.5
444 400 1000 3.7
444 600 1740 4.2
444 800 2580 2.3
444 1000 3040 3.5
444 1200 3740 4
444 1400 4540 1.5
444 1600 4840 4.2
444 1800 5680 0.9
445 0 0 4.5
445 200 900 0.5
445 400 1000 3.7
445 600 1740 4.2
445 800 2580 2.3
445 1000 3040 3.5
445 1200 3740 4
445 1400 4540 1.5
445 1600 4840 4.2
445 1800 5680 0.9
446 0 0 4.5
446 200 900 0.5
446 400 1000 3.7
446 600 1740 4.2
446 800 2580 2.3
446 1000 3040 3.5
446 1200 3740 4
446 1400 4540 1.5
446 1600 4840 4.2
446 1800 5680 0.9
447 0 0 4.5
447 200 900 0.5
447 400 1000 3.7
447 600 1740 4.2
447 800 2580 2.3
447 1000 3040 3.5
447 1200 3740 4
447 1400 4540 1.5
447 1600 4840 4.2
447 1800 5680 0.9
448 0 0 4.5
448 200 900 0.5
448 400 1000 3.7
448 600 1740 4.2
448 800 2580 2.3
448 1000 3040 3.5
448 1200 3740 4
448 1400 4540 1.5
448 1600 4840 4.2
448 1800 5680 0.9
449 0 0 4.5
449 200 900 0.5
449 400 1000 3.7
449 600 1740 4.2
449 800 2580 2.3
449 1000 3040 3.5
449 1200 3740 4
449 1400 4540 1.5
449 1600 4840 4.2
449 1800 5680 0.9
450 0 0 4.5
450 200 900 0.5
450 400 1000 3.7
450 600 1740 4.2
450 800 2580 2.3
450 1000 3040 3.5
450 1200 3740 4
450 1400 4540 1.5
450 1600 4840 4.2
450 1800 5680 0.9
451 0 0 4.5
451 200 900 0.5
451 400 1000 3.7
451 600 1740 4.2
451 800 2580 2.3
451 1000 3040 3.5
451 1200 3740 4
451 1400 4540 1.5
451 1600 4840 4.2
451 1800 5680 0.9
452 0 0 4.5
452 200 900 0.5
452 400 1000 3.7
452 600 1740 4.2
452 800 2580 2.3
452 1000 3040 3.5
452 1200 3740 4
452 1400 4540 1.5
452 1600 4840 4.2
452 1800 5680 0.9
453 0 0 4.5
453 200 900 0.5
453 400 1000 3.7
453 600 1740 4.2
453 800 2580 2.3
453 1000 3040 3.5
453 1200 3740 4
453 1400 4540 1.5
453 1600 4840 4.2
453 1800 5680 0.9
454 0 0 4.5
454 200 900 0.5
454 400 1000 3.7
454 600 1740 4.2
454 800 2580 2.3
454 1000 3040 3.5
454 1200 3740 4
454 1400 4540 1.5
454 1600 4840 4.2
454 1800 5680 0.9
455 0 0 4.5
455 200 900 0.5
455 400 1000 3.7
455 600 1740 4.2
455 800 2580 2.3
455 1000 3040 3.5
455 1200 3740 4
455 1400 4540 1.5
455 1600 4840 4.2
455 1800 5680 0.9
456 0 0 4.5
456 200 900 0.5
456 400 1000 3.7
456 600 1740 4.2
456 800 2580 2.3
456 1000 3040 3.5
456 1200 3740 4
456 1400 4540 1.5
456 1600 4840 4.2
456 1800 5680 0.9
457 0 0 4.5
457 200 900 0.5
457 400 1000 3.7
457 600 1740 4.2
457 800 2580 2.3
457 1000 3040 3.5
457 1200 3740 4
457 1400 4540 1.5
457 1600 4840 4.2
457 1800 5680 0.9
458 0 0 4.5
458 200 900 0.5
458 400 1000 3.7
458 600 1740 4.2
458 800 2580 2.3
458 1000 3040 3.5
458 1200 3740 4
458 1400 4540 1.5
458 1600 4840 4.2
458 1800 5680 0.9
459 0 0 4.5
459 200 900 0.5
459 400 1000 3.7
459 600 1740 4.2
459 800 2580 2.3
459 1000 3040 3.5
459 1200 3740 4
459 1400 4540 1.5
459 1600 4840 4.2
459 1800 5680 0.9
460 0 0 4.5
460 200 900 0.5
460 400 1000 3.7
460 600 1740 4.2
460 800 2580 2.3
460 1000 3040 3.5
460 1200 3740 4
460 1400 4540 1.5
460 1600 4840 4.2
460 1800 5680 0.9
461 0 0 4.5
461 200 900 0.5
461 400 1000 3.7
461 600 1740 4.2
461 800 2580 2.3
461 1000 3040 3.5
461 1200 3740 4
461 1400 4540 1.5
461 1600 4840 4.2
461 1800 5680 0.9
462 0 0 4.5
462 200 900 0.5
462 400 1000 3.7
462 600 1740 4.2
462 800 2580 2.3
462 1000 3040 3.5
462 1200 3740 4
462 1400 4540 1.5
462 1600 4840 4.2
462 1800 5680 0.9
463 0 0 4.5
463 200 900 0.5
463 400 1000 3.7
463 600 1740 4.2
463 800 2580 2.3
463 1000 3040 3.5
463 1200 3740 4
463 1400 4540 1.5
463 1600 4840 4.2
463 1800 5680 0.9
464 0 0 4.5
464 200 900 0.5
464 400 1000 3.7
464 600 1740 4.2
464 800 2580 2.3
464 1000 3040 3.5
464 1200 3740 4
464 1400 4540 1.5
464 1600 4840 4.2
464 1800 5680 0.9
465 0 0 4.5
465 200 900 0.5
465 400 1000 3.7
465 600 1740 4.2
465 800 2580 2.3
465 1000 3040 3.5
465 1200 3740 4
465 1400 4540 1.5
465 1600 4840 4.2
465 1800 5680 0.9
466 0 0 4.5
466 200 900 0.5
466 400 1000 3.7
466 600 1740 4.2
466 800 2580 2.3
466 1000 3040 3.5
466 1200 3740 4
466 1400 4540 1.5
466 1600 4840 4.2
466 1800 5680 0.9
467 0 0 4.5
467 200 900 0.5
467 400 1000 3.7
467 600 1740 4.2
467 800 2580 2.3
467 1000 3040 3.5
467 1200 3740 4
467 1400 4540 1.5
467 1600 4840 4.2
467 1800 5680 0.9
468 0 0 4.5
468 200 900 0.5
468 400 1000 3.7
468 600 1740 4.2
468 800 2580 2.3
468 1000 3040 3.5
468 1200 3740 4
468 1400 4540 1.5
468 1600 4840 4.2
468 1800 5680 0.9
469 0 0 4.5
469 200 900 0.5
469 400 1000 3.7
469 600 1740 4.2
469 800 2580 2.3
469 1000 3040 3.5
469 1200 3740 4
469 1400 4540 1.5
469 1600 4840 4.2
469 1800 5680 0.9
470 0 0 4.5
470 200 900 0.5
470 400 1000 3.7
470 600 1740 4.2
470 800 2580 2.3
470 1000 3040 3.5
470 1200 3740 4
470 1400 4540 1.5
470 1600 4840 4.2
470 1800 5680 0.9
471 0 0 4.5
471 200 900 0.5
471 400 1000 3.7
471 600 1740 4.2
471 800 2580 2.3
471 1000 3040 3.5
471 1200 3740 4
471 1400 4540 1.5
471 1600 4840 4.2
471 1800 5680 0.9
472 0 0 4.5
472 200 900 0.5
472 400 1000 3.7
472 600 1740 4.2
472 800 2580 2.3
472 1000 3040 3.5
472 1200 3740 4
472 1400 4540 1.5
472 1600 4840 4.2
472 1800 5680 0.9
473 0 0 4.5
473 200 900 0.5
473 400 1000 3.7
473 600 1740 4.2
473 800 2580 2.3
473 1000 3040 3.5
473 1200 3740 4
473 1400 4540 1.5
473 1600 4840 4.2
473 1800 5680 0.9
474 0 0 4.5
474 200 900 0.5
474 400 1000 3.7
474 600 1740 4.2
474 800 2580 2.3
474 1000 3040 3.5
474 1200 3740 4
474 1400 4540 1.5
474 1600 4840 4.2
474 1800 5680 0.9
475 0 0 4.5
475 200 900 0.5
475 400 1000 3.7
475 600 1740 4.2
475 800 2580 2.3
475 1000 3040 3.5
475 1200 3740 4
475 1400 4540 1.5
475 1600 4840 4.2
475 1800 5680 0.9
476 0 0 4.5
476 200 900 0.5
476 400 1000 3.7
476 600 1740 4.2
476 800 2580 2.3
476 1000 3040 3.5
476 1200 3740 4
476 1400 4540 1.5
476 1600 4840 4.2
476 1800 5680 0.9
477 0 0 4.5
477 200 900 0.5
477 400 1000 3.7
477 600 1740 4.2
477 800 2580 2.3
477 1000 3040 3.5
477 1200 3740 4
477 1400 4540 1.5
477 1600 4840 4.2
477 1800 5680 0.9
478 0 0 4.5
478 200 900 0.5
478 400 1000 3.7
478 600 1740 4.2
478 800 2580 2.3
478 1000 3040 3.5
478 1200 3740 4
478 1400 4540 1.5
478 1600 4840 4.2
478 1800 5680 0.9
479 0 0 4.5
479 200 900 0.5
479 400 1000 3.7
479 600 1740 4.2
479 800 2580 2.3
479 1000 3040 3.5
479 1200 3740 4
479 1400 4540 1.5
479 1600 4840 4.2
479 1800 5680 0.9
480 0 0 4.5
480 200 900 0.5
480 400 1000 3.7
480 600 1740 4.2
480 800 2580 2.3
480 1000 3040 3.5
480 1200 3740 4
480 1400 4540 1.5
480 1600 4840 4.2
480 1800 5680 0.9
481 0 0 4.5
481 200 900 0.5
481 400 1000 3.7
481 600 1740 4.2
481 800 2580 2.3
481 1000 3040 3.5
481 1200 3740 4
481 1400 4540 1.5
481 1600 4840 4.2
481 1800 5680 0.9
482 0 0 4.5
482 200 900 0.5
482 400 1000 3.7
482 600 1740 4.2
482 800 2580 2.3
482 1000 3040 3.5
482 1200 3740 4
482 1400 4540 1.5
482 1600 4840 4.2
482 1800 5680 0.9
483 0 0 4.5
483 200 900 0.5
483 400 1000 3.7
483 600 1740 4.2
483 800 2580 2.3
483 1000 3040 3.5
483 1200 3740 4
483 1400 4540 1.5
483 1600 4840 4.2
483 1800 5680 0.9
484 0 0 4.5
484 200 900 0.5
484 400 1000 3.7
484 600 1740 4.2
484 800 2580 2.3
484 1000 3040 3.5
484 1200 3740 4
484 1400 4540 1.5
484 1600 4840 4.2
484 1800 5680 0.9
485 0 0 4.5
485 200 900 0.5
485 400 1000 3.7
485 600 1740 4.2
485 800 2580 2.3
485 1000 3040 3.5
485 1200 3740 4
485 1400 4540 1.5
485 1600 4840 4.2
485 1800 5680 0.9
486 0 0 4.5
486 200 900 0.5
486 400 1000 3.7
486 600 1740 4.2
486 800 2580 2.3
486 1000 3040 3.5
486 1200 3740 4
486 1400 4540 1.5
486 1600 4840 4.2
486 1800 5680 0.9
487 0 0 4.5
487 200 900 0.5
487 400 1000 3.7
487 600 1740 4.2
487 800 2580 2.3
487 1000 3040 3.5
487 1200 3740 4
487 1400 4540 1.5
487 1600 4840 4.2
487 1800 5680 0.9
488 0 0 4.5
488 200 900 0.5
488 400 1000 3.7
488 600 1740 4.2
488 800 2580 2.3
488 1000 3040 3.5
488 1200 3740 4
488 1400 4540 1.5
488 1600 4840 4.2
488 1800 5680 0.9
489 0 0 4.5
489 200 900 0.5
489 400 1000 3.7
489 600 1740 4.2
489 800 2580 2.3
489 1000 3040 3.5
489 1200 3740 4
489 1400 4540 1.5
489 1600 4840 4.2
489 1800 5680 0.9
490 0 0 4.5
490 200 900 0.5
490 400 1000 3.7
490 600 1740 4.2
490 800 2580 2.3
490 1000 3040 3.5
490 1200 3740 4
490 1400 4540 1.5
490 1600 4840 4.2
490 1800 5680 0.9
491 0 0 4.5
491 200 900 0.5
491 400 1000 3.7
491 600 1740 4.2
491 800 2580 2.3
491 1000 3040 3.5
491 1200 3740 4
491 1400 4540 1.5
491 1600 4840 4.2
491 1800 5680 0.9
492 0 0 4.5
492 200 900 0.5
492 400 1000 3.7
492 600 1740 4.2
492 800 2580 2.3
492 1000 3040 3.5
492 1200 3740 4
492 1400 4540 1.5
492 1600 4840 4.2
492 1800 5680 0.9
493 0 0 4.5
493 200 900 0.5
493 400 1000 3.7
493 600 1740 4.2
493 800 2580 2.3
493 1000 3040 3.5
493 1200 3740 4
493 1400 4540 1.5
493 1600 4840 4.2
493 1800 5680 0.9
494 0 0 4.5
494 200 900 0.5
494 400 1000 3.7
494 600 1740 4.2
494 800 2580 2.3
494 1000 3040 3.5
494 1200 3740 4
494 1400 4540 1.5
494 1600 4840 4.2
494 1800 5680 0.9
495 0 0 4.5
495 200 900 0.5
495 400 1000 3.7
495 600 1740 4.2
495 800 2580 2.3
495 1000 3040 3.5
495 1200 3740 4
495 1400 4540 1.5
495 1600 4840 4.2
495 1800 5680 0.9
496 0 0 4.5
496 200 900 0.5
496 400 1000 3.7
496 600 1740 4.2
496 800 2580 2.3
496 1000 3040 3.5
496 1200 3740 4
496 1400 4540 1.5
496 1600 4840 4.2
496 1800 5680 0.9
497 0 0 4.5
497 200 900 0.5
497 400 1000 3.7
497 600 1740 4.2
497 800 2580 2.3
497 1000 3040 3.5
497 1200 3740 4
497 1400 4540 1.5
497 1600 4840 4.2
497 1800 5680 0.9
498 0 0 4.5
498 200 900 0.5
498 400 1000 3.7
498 600 1740 4.2
498 800 2580 2.3
498 1000 3040 3.5
498 1200 3740 4
498 1400 4540 1.5
498 1600 4840 4.2
498 1800 5680 0.9
499 0 0 4.5
499 200 900 0.5
499 400 1000 3.7
499 600 1740 4.2
499 800 2580 2.3
499 1000 3040 3.5
499 1200 3740 4
499 1400 4540 1.5
499 1600 4840 4.2
499 1800 5680 0.9
