20 4
0 0 0 2.8
0 500 1400 3.5
0 1000 3150 1.1
0 1500 3700 4.1
1 0 0 2.8
1 500 1400 3.5
1 1000 3150 1.1
1 1500 3700 4.1
2 0 0 2.8
2 500 1400 3.5
2 1000 3150 1.1
2 1500 3700 4.1
3 0 0 2.8
3 500 1400 3.5
3 1000 3150 1.1
3 1500 3700 4.1
4 0 0 2.8
4 500 1400 3.5
4 1000 3150 1.1
4 1500 3700 4.1
5 0 0 2.8
5 500 1400 3.5
5 1000 3150 1.1
5 1500 3700 4.1
6 0 0 2.8
6 500 1400 3.5
6 1000 3150 1.1
6 1500 3700 4.1
7 0 0 2.8
7 500 1400 3.5
7 1000 3150 1.1
7 1500 3700 4.1
8 0 0 2.8
8 500 1400 3.5
8 1000 3150 1.1
8 1500 3700 4.1
9 0 0 2.8
9 500 1400 3.5
9 1000 3150 1.1
9 1500 3700 4.1
10 0 0 2.8
10 500 1400 3.5
10 1000 3150 1.1
10 1500 3700 4.1
11 0 0 2.8
11 500 1400 3.5
11 1000 3150 1.1
11 1500 3700 4.1
12 0 0 2.8
12 500 1400 3.5
12 1000 3150 1.1
12 1500 3700 4.1
13 0 0 2.8
13 500 1400 3.5
13 1000 3150 1.1
13 1500 3700 4.1
14 0 0 2.8
14 500 1400 3.5
14 1000 3150 1.1
14 1500 3700 4.1
15 0 0 2.8
15 500 1400 3.5
15 1000 3150 1.1
15 1500 3700 4.1
16 0 0 2.8
16 500 1400 3.5
16 1000 3150 1.1
16 1500 3700 4.1
17 0 0 2.8
17 500 1400 3.5
17 1000 3150 1.1
17 1500 3700 4.1
18 0 0 2.8
18 500 1400 3.5
18 1000 3150 1.1
18 1500 3700 4.1
19 0 0 2.8
19 500 1400 3.5
19 1000 3150 1.1
19 1500 3700 4.1
