20 10
0 0 0 0.8
0 10 8 1.5
0 20 23 3.4
0 30 57 2.6
0 40 83 4.9
0 50 132 2.4
0 60 156 1.9
0 70 175 3.1
0 80 206 1.5
0 90 221 2.4
1 0 0 0.8
1 10 8 1.5
1 20 23 3.4
1 30 57 2.6
1 40 83 4.9
1 50 132 2.4
1 60 156 1.9
1 70 175 3.1
1 80 206 1.5
1 90 221 2.4
2 0 0 0.8
2 10 8 1.5
2 20 23 3.4
2 30 57 2.6
2 40 83 4.9
2 50 132 2.4
2 60 156 1.9
2 70 175 3.1
2 80 206 1.5
2 90 221 2.4
3 0 0 0.8
3 10 8 1.5
3 20 23 3.4
3 30 57 2.6
3 40 83 4.9
3 50 132 2.4
3 60 156 1.9
3 70 175 3.1
3 80 206 1.5
3 90 221 2.4
4 0 0 0.8
4 10 8 1.5
4 20 23 3.4
4 30 57 2.6
4 40 83 4.9
4 50 132 2.4
4 60 156 1.9
4 70 175 3.1
4 80 206 1.5
4 90 221 2.4
5 0 0 0.8
5 10 8 1.5
5 20 23 3.4
5 30 57 2.6
5 40 83 4.9
5 50 132 2.4
5 60 156 1.9
5 70 175 3.1
5 80 206 1.5
5 90 221 2.4
6 0 0 0.8
6 10 8 1.5
6 20 23 3.4
6 30 57 2.6
6 40 83 4.9
6 50 132 2.4
6 60 156 1.9
6 70 175 3.1
6 80 206 1.5
6 90 221 2.4
7 0 0 0.8
7 10 8 1.5
7 20 23 3.4
7 30 57 2.6
7 40 83 4.9
7 50 132 2.4
7 60 156 1.9
7 70 175 3.1
7 80 206 1.5
7 90 221 2.4
8 0 0 0.8
8 10 8 1.5
8 20 23 3.4
8 30 57 2.6
8 40 83 4.9
8 50 132 2.4
8 60 156 1.9
8 70 175 3.1
8 80 206 1.5
8 90 221 2.4
9 0 0 0.8
9 10 8 1.5
9 20 23 3.4
9 30 57 2.6
9 40 83 4.9
9 50 132 2.4
9 60 156 1.9
9 70 175 3.1
9 80 206 1.5
9 90 221 2.4
10 0 0 0.8
10 10 8 1.5
10 20 23 3.4
10 30 57 2.6
10 40 83 4.9
10 50 132 2.4
10 60 156 1.9
10 70 175 3.1
10 80 206 1.5
10 90 221 2.4
11 0 0 0.8
11 10 8 1.5
11 20 23 3.4
11 30 57 2.6
11 40 83 4.9
11 50 132 2.4
11 60 156 1.9
11 70 175 3.1
11 80 206 1.5
11 90 221 2.4
12 0 0 0.8
12 10 8 1.5
12 20 23 3.4
12 30 57 2.6
12 40 83 4.9
12 50 132 2.4
12 60 156 1.9
12 70 175 3.1
12 80 206 1.5
12 90 221 2.4
13 0 0 0.8
13 10 8 1.5
13 20 23 3.4
13 30 57 2.6
13 40 83 4.9
13 50 132 2.4
13 60 156 1.9
13 70 175 3.1
13 80 206 1.5
13 90 221 2.4
14 0 0 0.8
14 10 8 1.5
14 20 23 3.4
14 30 57 2.6
14 40 83 4.9
14 50 132 2.4
14 60 156 1.9
14 70 175 3.1
14 80 206 1.5
14 90 221 2.4
15 0 0 0.8
15 10 8 1.5
15 20 23 3.4
15 30 57 2.6
15 40 83 4.9
15 50 132 2.4
15 60 156 1.9
15 70 175 3.1
15 80 206 1.5
15 90 221 2.4
16 0 0 0.8
16 10 8 1.5
16 20 23 3.4
16 30 57 2.6
16 40 83 4.9
16 50 132 2.4
16 60 156 1.9
16 70 175 3.1
16 80 206 1.5
16 90 221 2.4
17 0 0 0.8
17 10 8 1.5
17 20 23 3.4
17 30 57 2.6
17 40 83 4.9
17 50 132 2.4
17 60 156 1.9
17 70 175 3.1
17 80 206 1.5
17 90 221 2.4
18 0 0 0.8
18 10 8 1.5
18 20 23 3.4
18 30 57 2.6
18 40 83 4.9
18 50 132 2.4
18 60 156 1.9
18 70 175 3.1
18 80 206 1.5
18 90 221 2.4
19 0 0 0.8
19 10 8 1.5
19 20 23 3.4
19 30 57 2.6
19 40 83 4.9
19 50 132 2.4
19 60 156 1.9
19 70 175 3.1
19 80 206 1.5
19 90 221 2.4
