100 10
0 0 0 4.1
0 10 41 3.9
0 20 80 2.7
0 30 107 4.4
0 40 151 3.3
0 50 184 4.8
0 60 232 1.9
0 70 251 0.5
0 80 256 1.5
0 90 271 4.7
1 0 0 4.1
1 10 41 3.9
1 20 80 2.7
1 30 107 4.4
1 40 151 3.3
1 50 184 4.8
1 60 232 1.9
1 70 251 0.5
1 80 256 1.5
1 90 271 4.7
2 0 0 4.1
2 10 41 3.9
2 20 80 2.7
2 30 107 4.4
2 40 151 3.3
2 50 184 4.8
2 60 232 1.9
2 70 251 0.5
2 80 256 1.5
2 90 271 4.7
3 0 0 4.1
3 10 41 3.9
3 20 80 2.7
3 30 107 4.4
3 40 151 3.3
3 50 184 4.8
3 60 232 1.9
3 70 251 0.5
3 80 256 1.5
3 90 271 4.7
4 0 0 4.1
4 10 41 3.9
4 20 80 2.7
4 30 107 4.4
4 40 151 3.3
4 50 184 4.8
4 60 232 1.9
4 70 251 0.5
4 80 256 1.5
4 90 271 4.7
5 0 0 4.1
5 10 41 3.9
5 20 80 2.7
5 30 107 4.4
5 40 151 3.3
5 50 184 4.8
5 60 232 1.9
5 70 251 0.5
5 80 256 1.5
5 90 271 4.7
6 0 0 4.1
6 10 41 3.9
6 20 80 2.7
6 30 107 4.4
6 40 151 3.3
6 50 184 4.8
6 60 232 1.9
6 70 251 0.5
6 80 256 1.5
6 90 271 4.7
7 0 0 4.1
7 10 41 3.9
7 20 80 2.7
7 30 107 4.4
7 40 151 3.3
7 50 184 4.8
7 60 232 1.9
7 70 251 0.5
7 80 256 1.5
7 90 271 4.7
8 0 0 4.1
8 10 41 3.9
8 20 80 2.7
8 30 107 4.4
8 40 151 3.3
8 50 184 4.8
8 60 232 1.9
8 70 251 0.5
8 80 256 1.5
8 90 271 4.7
9 0 0 4.1
9 10 41 3.9
9 20 80 2.7
9 30 107 4.4
9 40 151 3.3
9 50 184 4.8
9 60 232 1.9
9 70 251 0.5
9 80 256 1.5
9 90 271 4.7
10 0 0 4.1
10 10 41 3.9
10 20 80 2.7
10 30 107 4.4
10 40 151 3.3
10 50 184 4.8
10 60 232 1.9
10 70 251 0.5
10 80 256 1.5
10 90 271 4.7
11 0 0 4.1
11 10 41 3.9
11 20 80 2.7
11 30 107 4.4
11 40 151 3.3
11 50 184 4.8
11 60 232 1.9
11 70 251 0.5
11 80 256 1.5
11 90 271 4.7
12 0 0 4.1
12 10 41 3.9
12 20 80 2.7
12 30 107 4.4
12 40 151 3.3
12 50 184 4.8
12 60 232 1.9
12 70 251 0.5
12 80 256 1.5
12 90 271 4.7
13 0 0 4.1
13 10 41 3.9
13 20 80 2.7
13 30 107 4.4
13 40 151 3.3
13 50 184 4.8
13 60 232 1.9
13 70 251 0.5
13 80 256 1.5
13 90 271 4.7
14 0 0 4.1
14 10 41 3.9
14 20 80 2.7
14 30 107 4.4
14 40 151 3.3
14 50 184 4.8
14 60 232 1.9
14 70 251 0.5
14 80 256 1.5
14 90 271 4.7
15 0 0 4.1
15 10 41 3.9
15 20 80 2.7
15 30 107 4.4
15 40 151 3.3
15 50 184 4.8
15 60 232 1.9
15 70 251 0.5
15 80 256 1.5
15 90 271 4.7
16 0 0 4.1
16 10 41 3.9
16 20 80 2.7
16 30 107 4.4
16 40 151 3.3
16 50 184 4.8
16 60 232 1.9
16 70 251 0.5
16 80 256 1.5
16 90 271 4.7
17 0 0 4.1
17 10 41 3.9
17 20 80 2.7
17 30 107 4.4
17 40 151 3.3
17 50 184 4.8
17 60 232 1.9
17 70 251 0.5
17 80 256 1.5
17 90 271 4.7
18 0 0 4.1
18 10 41 3.9
18 20 80 2.7
18 30 107 4.4
18 40 151 3.3
18 50 184 4.8
18 60 232 1.9
18 70 251 0.5
18 80 256 1.5
18 90 271 4.7
19 0 0 4.1
19 10 41 3.9
19 20 80 2.7
19 30 107 4.4
19 40 151 3.3
19 50 184 4.8
19 60 232 1.9
19 70 251 0.5
19 80 256 1.5
19 90 271 4.7
20 0 0 4.1
20 10 41 3.9
20 20 80 2.7
20 30 107 4.4
20 40 151 3.3
20 50 184 4.8
20 60 232 1.9
20 70 251 0.5
20 80 256 1.5
20 90 271 4.7
21 0 0 4.1
21 10 41 3.9
21 20 80 2.7
21 30 107 4.4
21 40 151 3.3
21 50 184 4.8
21 60 232 1.9
21 70 251 0.5
21 80 256 1.5
21 90 271 4.7
22 0 0 4.1
22 10 41 3.9
22 20 80 2.7
22 30 107 4.4
22 40 151 3.3
22 50 184 4.8
22 60 232 1.9
22 70 251 0.5
22 80 256 1.5
22 90 271 4.7
23 0 0 4.1
23 10 41 3.9
23 20 80 2.7
23 30 107 4.4
23 40 151 3.3
23 50 184 4.8
23 60 232 1.9
23 70 251 0.5
23 80 256 1.5
23 90 271 4.7
24 0 0 4.1
24 10 41 3.9
24 20 80 2.7
24 30 107 4.4
24 40 151 3.3
24 50 184 4.8
24 60 232 1.9
24 70 251 0.5
24 80 256 1.5
24 90 271 4.7
25 0 0 4.1
25 10 41 3.9
25 20 80 2.7
25 30 107 4.4
25 40 151 3.3
25 50 184 4.8
25 60 232 1.9
25 70 251 0.5
25 80 256 1.5
25 90 271 4.7
26 0 0 4.1
26 10 41 3.9
26 20 80 2.7
26 30 107 4.4
26 40 151 3.3
26 50 184 4.8
26 60 232 1.9
26 70 251 0.5
26 80 256 1.5
26 90 271 4.7
27 0 0 4.1
27 10 41 3.9
27 20 80 2.7
27 30 107 4.4
27 40 151 3.3
27 50 184 4.8
27 60 232 1.9
27 70 251 0.5
27 80 256 1.5
27 90 271 4.7
28 0 0 4.1
28 10 41 3.9
28 20 80 2.7
28 30 107 4.4
28 40 151 3.3
28 50 184 4.8
28 60 232 1.9
28 70 251 0.5
28 80 256 1.5
28 90 271 4.7
29 0 0 4.1
29 10 41 3.9
29 20 80 2.7
29 30 107 4.4
29 40 151 3.3
29 50 184 4.8
29 60 232 1.9
29 70 251 0.5
29 80 256 1.5
29 90 271 4.7
30 0 0 4.1
30 10 41 3.9
30 20 80 2.7
30 30 107 4.4
30 40 151 3.3
30 50 184 4.8
30 60 232 1.9
30 70 251 0.5
30 80 256 1.5
30 90 271 4.7
31 0 0 4.1
31 10 41 3.9
31 20 80 2.7
31 30 107 4.4
31 40 151 3.3
31 50 184 4.8
31 60 232 1.9
31 70 251 0.5
31 80 256 1.5
31 90 271 4.7
32 0 0 4.1
32 10 41 3.9
32 20 80 2.7
32 30 107 4.4
32 40 151 3.3
32 50 184 4.8
32 60 232 1.9
32 70 251 0.5
32 80 256 1.5
32 90 271 4.7
33 0 0 4.1
33 10 41 3.9
33 20 80 2.7
33 30 107 4.4
33 40 151 3.3
33 50 184 4.8
33 60 232 1.9
33 70 251 0.5
33 80 256 1.5
33 90 271 4.7
34 0 0 4.1
34 10 41 3.9
34 20 80 2.7
34 30 107 4.4
34 40 151 3.3
34 50 184 4.8
34 60 232 1.9
34 70 251 0.5
34 80 256 1.5
34 90 271 4.7
35 0 0 4.1
35 10 41 3.9
35 20 80 2.7
35 30 107 4.4
35 40 151 3.3
35 50 184 4.8
35 60 232 1.9
35 70 251 0.5
35 80 256 1.5
35 90 271 4.7
36 0 0 4.1
36 10 41 3.9
36 20 80 2.7
36 30 107 4.4
36 40 151 3.3
36 50 184 4.8
36 60 232 1.9
36 70 251 0.5
36 80 256 1.5
36 90 271 4.7
37 0 0 4.1
37 10 41 3.9
37 20 80 2.7
37 30 107 4.4
37 40 151 3.3
37 50 184 4.8
37 60 232 1.9
37 70 251 0.5
37 80 256 1.5
37 90 271 4.7
38 0 0 4.1
38 10 41 3.9
38 20 80 2.7
38 30 107 4.4
38 40 151 3.3
38 50 184 4.8
38 60 232 1.9
38 70 251 0.5
38 80 256 1.5
38 90 271 4.7
39 0 0 4.1
39 10 41 3.9
39 20 80 2.7
39 30 107 4.4
39 40 151 3.3
39 50 184 4.8
39 60 232 1.9
39 70 251 0.5
39 80 256 1.5
39 90 271 4.7
40 0 0 4.1
40 10 41 3.9
40 20 80 2.7
40 30 107 4.4
40 40 151 3.3
40 50 184 4.8
40 60 232 1.9
40 70 251 0.5
40 80 256 1.5
40 90 271 4.7
41 0 0 4.1
41 10 41 3.9
41 20 80 2.7
41 30 107 4.4
41 40 151 3.3
41 50 184 4.8
41 60 232 1.9
41 70 251 0.5
41 80 256 1.5
41 90 271 4.7
42 0 0 4.1
42 10 41 3.9
42 20 80 2.7
42 30 107 4.4
42 40 151 3.3
42 50 184 4.8
42 60 232 1.9
42 70 251 0.5
42 80 256 1.5
42 90 271 4.7
43 0 0 4.1
43 10 41 3.9
43 20 80 2.7
43 30 107 4.4
43 40 151 3.3
43 50 184 4.8
43 60 232 1.9
43 70 251 0.5
43 80 256 1.5
43 90 271 4.7
44 0 0 4.1
44 10 41 3.9
44 20 80 2.7
44 30 107 4.4
44 40 151 3.3
44 50 184 4.8
44 60 232 1.9
44 70 251 0.5
44 80 256 1.5
44 90 271 4.7
45 0 0 4.1
45 10 41 3.9
45 20 80 2.7
45 30 107 4.4
45 40 151 3.3
45 50 184 4.8
45 60 232 1.9
45 70 251 0.5
45 80 256 1.5
45 90 271 4.7
46 0 0 4.1
46 10 41 3.9
46 20 80 2.7
46 30 107 4.4
46 40 151 3.3
46 50 184 4.8
46 60 232 1.9
46 70 251 0.5
46 80 256 1.5
46 90 271 4.7
47 0 0 4.1
47 10 41 3.9
47 20 80 2.7
47 30 107 4.4
47 40 151 3.3
47 50 184 4.8
47 60 232 1.9
47 70 251 0.5
47 80 256 1.5
47 90 271 4.7
48 0 0 4.1
48 10 41 3.9
48 20 80 2.7
48 30 107 4.4
48 40 151 3.3
48 50 184 4.8
48 60 232 1.9
48 70 251 0.5
48 80 256 1.5
48 90 271 4.7
49 0 0 4.1
49 10 41 3.9
49 20 80 2.7
49 30 107 4.4
49 40 151 3.3
49 50 184 4.8
49 60 232 1.9
49 70 251 0.5
49 80 256 1.5
49 90 271 4.7
50 0 0 4.1
50 10 41 3.9
50 20 80 2.7
50 30 107 4.4
50 40 151 3.3
50 50 184 4.8
50 60 232 1.9
50 70 251 0.5
50 80 256 1.5
50 90 271 4.7
51 0 0 4.1
51 10 41 3.9
51 20 80 2.7
51 30 107 4.4
51 40 151 3.3
51 50 184 4.8
51 60 232 1.9
51 70 251 0.5
51 80 256 1.5
51 90 271 4.7
52 0 0 4.1
52 10 41 3.9
52 20 80 2.7
52 30 107 4.4
52 40 151 3.3
52 50 184 4.8
52 60 232 1.9
52 70 251 0.5
52 80 256 1.5
52 90 271 4.7
53 0 0 4.1
53 10 41 3.9
53 20 80 2.7
53 30 107 4.4
53 40 151 3.3
53 50 184 4.8
53 60 232 1.9
53 70 251 0.5
53 80 256 1.5
53 90 271 4.7
54 0 0 4.1
54 10 41 3.9
54 20 80 2.7
54 30 107 4.4
54 40 151 3.3
54 50 184 4.8
54 60 232 1.9
54 70 251 0.5
54 80 256 1.5
54 90 271 4.7
55 0 0 4.1
55 10 41 3.9
55 20 80 2.7
55 30 107 4.4
55 40 151 3.3
55 50 184 4.8
55 60 232 1.9
55 70 251 0.5
55 80 256 1.5
55 90 271 4.7
56 0 0 4.1
56 10 41 3.9
56 20 80 2.7
56 30 107 4.4
56 40 151 3.3
56 50 184 4.8
56 60 232 1.9
56 70 251 0.5
56 80 256 1.5
56 90 271 4.7
57 0 0 4.1
57 10 41 3.9
57 20 80 2.7
57 30 107 4.4
57 40 151 3.3
57 50 184 4.8
57 60 232 1.9
57 70 251 0.5
57 80 256 1.5
57 90 271 4.7
58 0 0 4.1
58 10 41 3.9
58 20 80 2.7
58 30 107 4.4
58 40 151 3.3
58 50 184 4.8
58 60 232 1.9
58 70 251 0.5
58 80 256 1.5
58 90 271 4.7
59 0 0 4.1
59 10 41 3.9
59 20 80 2.7
59 30 107 4.4
59 40 151 3.3
59 50 184 4.8
59 60 232 1.9
59 70 251 0.5
59 80 256 1.5
59 90 271 4.7
60 0 0 4.1
60 10 41 3.9
60 20 80 2.7
60 30 107 4.4
60 40 151 3.3
60 50 184 4.8
60 60 232 1.9
60 70 251 0.5
60 80 256 1.5
60 90 271 4.7
61 0 0 4.1
61 10 41 3.9
61 20 80 2.7
61 30 107 4.4
61 40 151 3.3
61 50 184 4.8
61 60 232 1.9
61 70 251 0.5
61 80 256 1.5
61 90 271 4.7
62 0 0 4.1
62 10 41 3.9
62 20 80 2.7
62 30 107 4.4
62 40 151 3.3
62 50 184 4.8
62 60 232 1.9
62 70 251 0.5
62 80 256 1.5
62 90 271 4.7
63 0 0 4.1
63 10 41 3.9
63 20 80 2.7
63 30 107 4.4
63 40 151 3.3
63 50 184 4.8
63 60 232 1.9
63 70 251 0.5
63 80 256 1.5
63 90 271 4.7
64 0 0 4.1
64 10 41 3.9
64 20 80 2.7
64 30 107 4.4
64 40 151 3.3
64 50 184 4.8
64 60 232 1.9
64 70 251 0.5
64 80 256 1.5
64 90 271 4.7
65 0 0 4.1
65 10 41 3.9
65 20 80 2.7
65 30 107 4.4
65 40 151 3.3
65 50 184 4.8
65 60 232 1.9
65 70 251 0.5
65 80 256 1.5
65 90 271 4.7
66 0 0 4.1
66 10 41 3.9
66 20 80 2.7
66 30 107 4.4
66 40 151 3.3
66 50 184 4.8
66 60 232 1.9
66 70 251 0.5
66 80 256 1.5
66 90 271 4.7
67 0 0 4.1
67 10 41 3.9
67 20 80 2.7
67 30 107 4.4
67 40 151 3.3
67 50 184 4.8
67 60 232 1.9
67 70 251 0.5
67 80 256 1.5
67 90 271 4.7
68 0 0 4.1
68 10 41 3.9
68 20 80 2.7
68 30 107 4.4
68 40 151 3.3
68 50 184 4.8
68 60 232 1.9
68 70 251 0.5
68 80 256 1.5
68 90 271 4.7
69 0 0 4.1
69 10 41 3.9
69 20 80 2.7
69 30 107 4.4
69 40 151 3.3
69 50 184 4.8
69 60 232 1.9
69 70 251 0.5
69 80 256 1.5
69 90 271 4.7
70 0 0 4.1
70 10 41 3.9
70 20 80 2.7
70 30 107 4.4
70 40 151 3.3
70 50 184 4.8
70 60 232 1.9
70 70 251 0.5
70 80 256 1.5
70 90 271 4.7
71 0 0 4.1
71 10 41 3.9
71 20 80 2.7
71 30 107 4.4
71 40 151 3.3
71 50 184 4.8
71 60 232 1.9
71 70 251 0.5
71 80 256 1.5
71 90 271 4.7
72 0 0 4.1
72 10 41 3.9
72 20 80 2.7
72 30 107 4.4
72 40 151 3.3
72 50 184 4.8
72 60 232 1.9
72 70 251 0.5
72 80 256 1.5
72 90 271 4.7
73 0 0 4.1
73 10 41 3.9
73 20 80 2.7
73 30 107 4.4
73 40 151 3.3
73 50 184 4.8
73 60 232 1.9
73 70 251 0.5
73 80 256 1.5
73 90 271 4.7
74 0 0 4.1
74 10 41 3.9
74 20 80 2.7
74 30 107 4.4
74 40 151 3.3
74 50 184 4.8
74 60 232 1.9
74 70 251 0.5
74 80 256 1.5
74 90 271 4.7
75 0 0 4.1
75 10 41 3.9
75 20 80 2.7
75 30 107 4.4
75 40 151 3.3
75 50 184 4.8
75 60 232 1.9
75 70 251 0.5
75 80 256 1.5
75 90 271 4.7
76 0 0 4.1
76 10 41 3.9
76 20 80 2.7
76 30 107 4.4
76 40 151 3.3
76 50 184 4.8
76 60 232 1.9
76 70 251 0.5
76 80 256 1.5
76 90 271 4.7
77 0 0 4.1
77 10 41 3.9
77 20 80 2.7
77 30 107 4.4
77 40 151 3.3
77 50 184 4.8
77 60 232 1.9
77 70 251 0.5
77 80 256 1.5
77 90 271 4.7
78 0 0 4.1
78 10 41 3.9
78 20 80 2.7
78 30 107 4.4
78 40 151 3.3
78 50 184 4.8
78 60 232 1.9
78 70 251 0.5
78 80 256 1.5
78 90 271 4.7
79 0 0 4.1
79 10 41 3.9
79 20 80 2.7
79 30 107 4.4
79 40 151 3.3
79 50 184 4.8
79 60 232 1.9
79 70 251 0.5
79 80 256 1.5
79 90 271 4.7
80 0 0 4.1
80 10 41 3.9
80 20 80 2.7
80 30 107 4.4
80 40 151 3.3
80 50 184 4.8
80 60 232 1.9
80 70 251 0.5
80 80 256 1.5
80 90 271 4.7
81 0 0 4.1
81 10 41 3.9
81 20 80 2.7
81 30 107 4.4
81 40 151 3.3
81 50 184 4.8
81 60 232 1.9
81 70 251 0.5
81 80 256 1.5
81 90 271 4.7
82 0 0 4.1
82 10 41 3.9
82 20 80 2.7
82 30 107 4.4
82 40 151 3.3
82 50 184 4.8
82 60 232 1.9
82 70 251 0.5
82 80 256 1.5
82 90 271 4.7
83 0 0 4.1
83 10 41 3.9
83 20 80 2.7
83 30 107 4.4
83 40 151 3.3
83 50 184 4.8
83 60 232 1.9
83 70 251 0.5
83 80 256 1.5
83 90 271 4.7
84 0 0 4.1
84 10 41 3.9
84 20 80 2.7
84 30 107 4.4
84 40 151 3.3
84 50 184 4.8
84 60 232 1.9
84 70 251 0.5
84 80 256 1.5
84 90 271 4.7
85 0 0 4.1
85 10 41 3.9
85 20 80 2.7
85 30 107 4.4
85 40 151 3.3
85 50 184 4.8
85 60 232 1.9
85 70 251 0.5
85 80 256 1.5
85 90 271 4.7
86 0 0 4.1
86 10 41 3.9
86 20 80 2.7
86 30 107 4.4
86 40 151 3.3
86 50 184 4.8
86 60 232 1.9
86 70 251 0.5
86 80 256 1.5
86 90 271 4.7
87 0 0 4.1
87 10 41 3.9
87 20 80 2.7
87 30 107 4.4
87 40 151 3.3
87 50 184 4.8
87 60 232 1.9
87 70 251 0.5
87 80 256 1.5
87 90 271 4.7
88 0 0 4.1
88 10 41 3.9
88 20 80 2.7
88 30 107 4.4
88 40 151 3.3
88 50 184 4.8
88 60 232 1.9
88 70 251 0.5
88 80 256 1.5
88 90 271 4.7
89 0 0 4.1
89 10 41 3.9
89 20 80 2.7
89 30 107 4.4
89 40 151 3.3
89 50 184 4.8
89 60 232 1.9
89 70 251 0.5
89 80 256 1.5
89 90 271 4.7
90 0 0 4.1
90 10 41 3.9
90 20 80 2.7
90 30 107 4.4
90 40 151 3.3
90 50 184 4.8
90 60 232 1.9
90 70 251 0.5
90 80 256 1.5
90 90 271 4.7
91 0 0 4.1
91 10 41 3.9
91 20 80 2.7
91 30 107 4.4
91 40 151 3.3
91 50 184 4.8
91 60 232 1.9
91 70 251 0.5
91 80 256 1.5
91 90 271 4.7
92 0 0 4.1
92 10 41 3.9
92 20 80 2.7
92 30 107 4.4
92 40 151 3.3
92 50 184 4.8
92 60 232 1.9
92 70 251 0.5
92 80 256 1.5
92 90 271 4.7
93 0 0 4.1
93 10 41 3.9
93 20 80 2.7
93 30 107 4.4
93 40 151 3.3
93 50 184 4.8
93 60 232 1.9
93 70 251 0.5
93 80 256 1.5
93 90 271 4.7
94 0 0 4.1
94 10 41 3.9
94 20 80 2.7
94 30 107 4.4
94 40 151 3.3
94 50 184 4.8
94 60 232 1.9
94 70 251 0.5
94 80 256 1.5
94 90 271 4.7
95 0 0 4.1
95 10 41 3.9
95 20 80 2.7
95 30 107 4.4
95 40 151 3.3
95 50 184 4.8
95 60 232 1.9
95 70 251 0.5
95 80 256 1.5
95 90 271 4.7
96 0 0 4.1
96 10 41 3.9
96 20 80 2.7
96 30 107 4.4
96 40 151 3.3
96 50 184 4.8
96 60 232 1.9
96 70 251 0.5
96 80 256 1.5
96 90 271 4.7
97 0 0 4.1
97 10 41 3.9
97 20 80 2.7
97 30 107 4.4
97 40 151 3.3
97 50 184 4.8
97 60 232 1.9
97 70 251 0.5
97 80 256 1.5
97 90 271 4.7
98 0 0 4.1
98 10 41 3.9
98 20 80 2.7
98 30 107 4.4
98 40 151 3.3
98 50 184 4.8
98 60 232 1.9
98 70 251 0.5
98 80 256 1.5
98 90 271 4.7
99 0 0 4.1
99 10 41 3.9
99 20 80 2.7
99 30 107 4.4
99 40 151 3.3
99 50 184 4.8
99 60 232 1.9
99 70 251 0.5
99 80 256 1.5
99 90 271 4.7
