20 4
0 0 0 3.4
0 500 1700 2.2
0 1000 2800 3.4
0 1500 4500 2
1 0 0 3.4
1 500 1700 2.2
1 1000 2800 3.4
1 1500 4500 2
2 0 0 3.4
2 500 1700 2.2
2 1000 2800 3.4
2 1500 4500 2
3 0 0 3.4
3 500 1700 2.2
3 1000 2800 3.4
3 1500 4500 2
4 0 0 3.4
4 500 1700 2.2
4 1000 2800 3.4
4 1500 4500 2
5 0 0 3.4
5 500 1700 2.2
5 1000 2800 3.4
5 1500 4500 2
6 0 0 3.4
6 500 1700 2.2
6 1000 2800 3.4
6 1500 4500 2
7 0 0 3.4
7 500 1700 2.2
7 1000 2800 3.4
7 1500 4500 2
8 0 0 3.4
8 500 1700 2.2
8 1000 2800 3.4
8 1500 4500 2
9 0 0 3.4
9 500 1700 2.2
9 1000 2800 3.4
9 1500 4500 2
10 0 0 3.4
10 500 1700 2.2
10 1000 2800 3.4
10 1500 4500 2
11 0 0 3.4
11 500 1700 2.2
11 1000 2800 3.4
11 1500 4500 2
12 0 0 3.4
12 500 1700 2.2
12 1000 2800 3.4
12 1500 4500 2
13 0 0 3.4
13 500 1700 2.2
13 1000 2800 3.4
13 1500 4500 2
14 0 0 3.4
14 500 1700 2.2
14 1000 2800 3.4
14 1500 4500 2
15 0 0 3.4
15 500 1700 2.2
15 1000 2800 3.4
15 1500 4500 2
16 0 0 3.4
16 500 1700 2.2
16 1000 2800 3.4
16 1500 4500 2
17 0 0 3.4
17 500 1700 2.2
17 1000 2800 3.4
17 1500 4500 2
18 0 0 3.4
18 500 1700 2.2
18 1000 2800 3.4
18 1500 4500 2
19 0 0 3.4
19 500 1700 2.2
19 1000 2800 3.4
19 1500 4500 2
