100 4
0 0 0 3.6
0 500 1800 3
0 1000 3300 0.9
0 1500 3750 4.7
1 0 0 3.6
1 500 1800 3
1 1000 3300 0.9
1 1500 3750 4.7
2 0 0 3.6
2 500 1800 3
2 1000 3300 0.9
2 1500 3750 4.7
3 0 0 3.6
3 500 1800 3
3 1000 3300 0.9
3 1500 3750 4.7
4 0 0 3.6
4 500 1800 3
4 1000 3300 0.9
4 1500 3750 4.7
5 0 0 3.6
5 500 1800 3
5 1000 3300 0.9
5 1500 3750 4.7
6 0 0 3.6
6 500 1800 3
6 1000 3300 0.9
6 1500 3750 4.7
7 0 0 3.6
7 500 1800 3
7 1000 3300 0.9
7 1500 3750 4.7
8 0 0 3.6
8 500 1800 3
8 1000 3300 0.9
8 1500 3750 4.7
9 0 0 3.6
9 500 1800 3
9 1000 3300 0.9
9 1500 3750 4.7
10 0 0 3.6
10 500 1800 3
10 1000 3300 0.9
10 1500 3750 4.7
11 0 0 3.6
11 500 1800 3
11 1000 3300 0.9
11 1500 3750 4.7
12 0 0 3.6
12 500 1800 3
12 1000 3300 0.9
12 1500 3750 4.7
13 0 0 3.6
13 500 1800 3
13 1000 3300 0.9
13 1500 3750 4.7
14 0 0 3.6
14 500 1800 3
14 1000 3300 0.9
14 1500 3750 4.7
15 0 0 3.6
15 500 1800 3
15 1000 3300 0.9
15 1500 3750 4.7
16 0 0 3.6
16 500 1800 3
16 1000 3300 0.9
16 1500 3750 4.7
17 0 0 3.6
17 500 1800 3
17 1000 3300 0.9
17 1500 3750 4.7
18 0 0 3.6
18 500 1800 3
18 1000 3300 0.9
18 1500 3750 4.7
19 0 0 3.6
19 500 1800 3
19 1000 3300 0.9
19 1500 3750 4.7
20 0 0 3.6
20 500 1800 3
20 1000 3300 0.9
20 1500 3750 4.7
21 0 0 3.6
21 500 1800 3
21 1000 3300 0.9
21 1500 3750 4.7
22 0 0 3.6
22 500 1800 3
22 1000 3300 0.9
22 1500 3750 4.7
23 0 0 3.6
23 500 1800 3
23 1000 3300 0.9
23 1500 3750 4.7
24 0 0 3.6
24 500 1800 3
24 1000 3300 0.9
24 1500 3750 4.7
25 0 0 3.6
25 500 1800 3
25 1000 3300 0.9
25 1500 3750 4.7
26 0 0 3.6
26 500 1800 3
26 1000 3300 0.9
26 1500 3750 4.7
27 0 0 3.6
27 500 1800 3
27 1000 3300 0.9
27 1500 3750 4.7
28 0 0 3.6
28 500 1800 3
28 1000 3300 0.9
28 1500 3750 4.7
29 0 0 3.6
29 500 1800 3
29 1000 3300 0.9
29 1500 3750 4.7
30 0 0 3.6
30 500 1800 3
30 1000 3300 0.9
30 1500 3750 4.7
31 0 0 3.6
31 500 1800 3
31 1000 3300 0.9
31 1500 3750 4.7
32 0 0 3.6
32 500 1800 3
32 1000 3300 0.9
32 1500 3750 4.7
33 0 0 3.6
33 500 1800 3
33 1000 3300 0.9
33 1500 3750 4.7
34 0 0 3.6
34 500 1800 3
34 1000 3300 0.9
34 1500 3750 4.7
35 0 0 3.6
35 500 1800 3
35 1000 3300 0.9
35 1500 3750 4.7
36 0 0 3.6
36 500 1800 3
36 1000 3300 0.9
36 1500 3750 4.7
37 0 0 3.6
37 500 1800 3
37 1000 3300 0.9
37 1500 3750 4.7
38 0 0 3.6
38 500 1800 3
38 1000 3300 0.9
38 1500 3750 4.7
39 0 0 3.6
39 500 1800 3
39 1000 3300 0.9
39 1500 3750 4.7
40 0 0 3.6
40 500 1800 3
40 1000 3300 0.9
40 1500 3750 4.7
41 0 0 3.6
41 500 1800 3
41 1000 3300 0.9
41 1500 3750 4.7
42 0 0 3.6
42 500 1800 3
42 1000 3300 0.9
42 1500 3750 4.7
43 0 0 3.6
43 500 1800 3
43 1000 3300 0.9
43 1500 3750 4.7
44 0 0 3.6
44 500 1800 3
44 1000 3300 0.9
44 1500 3750 4.7
45 0 0 3.6
45 500 1800 3
45 1000 3300 0.9
45 1500 3750 4.7
46 0 0 3.6
46 500 1800 3
46 1000 3300 0.9
46 1500 3750 4.7
47 0 0 3.6
47 500 1800 3
47 1000 3300 0.9
47 1500 3750 4.7
48 0 0 3.6
48 500 1800 3
48 1000 3300 0.9
48 1500 3750 4.7
49 0 0 3.6
49 500 1800 3
49 1000 3300 0.9
49 1500 3750 4.7
50 0 0 3.6
50 500 1800 3
50 1000 3300 0.9
50 1500 3750 4.7
51 0 0 3.6
51 500 1800 3
51 1000 3300 0.9
51 1500 3750 4.7
52 0 0 3.6
52 500 1800 3
52 1000 3300 0.9
52 1500 3750 4.7
53 0 0 3.6
53 500 1800 3
53 1000 3300 0.9
53 1500 3750 4.7
54 0 0 3.6
54 500 1800 3
54 1000 3300 0.9
54 1500 3750 4.7
55 0 0 3.6
55 500 1800 3
55 1000 3300 0.9
55 1500 3750 4.7
56 0 0 3.6
56 500 1800 3
56 1000 3300 0.9
56 1500 3750 4.7
57 0 0 3.6
57 500 1800 3
57 1000 3300 0.9
57 1500 3750 4.7
58 0 0 3.6
58 500 1800 3
58 1000 3300 0.9
58 1500 3750 4.7
59 0 0 3.6
59 500 1800 3
59 1000 3300 0.9
59 1500 3750 4.7
60 0 0 3.6
60 500 1800 3
60 1000 3300 0.9
60 1500 3750 4.7
61 0 0 3.6
61 500 1800 3
61 1000 3300 0.9
61 1500 3750 4.7
62 0 0 3.6
62 500 1800 3
62 1000 3300 0.9
62 1500 3750 4.7
63 0 0 3.6
63 500 1800 3
63 1000 3300 0.9
63 1500 3750 4.7
64 0 0 3.6
64 500 1800 3
64 1000 3300 0.9
64 1500 3750 4.7
65 0 0 3.6
65 500 1800 3
65 1000 3300 0.9
65 1500 3750 4.7
66 0 0 3.6
66 500 1800 3
66 1000 3300 0.9
66 1500 3750 4.7
67 0 0 3.6
67 500 1800 3
67 1000 3300 0.9
67 1500 3750 4.7
68 0 0 3.6
68 500 1800 3
68 1000 3300 0.9
68 1500 3750 4.7
69 0 0 3.6
69 500 1800 3
69 1000 3300 0.9
69 1500 3750 4.7
70 0 0 3.6
70 500 1800 3
70 1000 3300 0.9
70 1500 3750 4.7
71 0 0 3.6
71 500 1800 3
71 1000 3300 0.9
71 1500 3750 4.7
72 0 0 3.6
72 500 1800 3
72 1000 3300 0.9
72 1500 3750 4.7
73 0 0 3.6
73 500 1800 3
73 1000 3300 0.9
73 1500 3750 4.7
74 0 0 3.6
74 500 1800 3
74 1000 3300 0.9
74 1500 3750 4.7
75 0 0 3.6
75 500 1800 3
75 1000 3300 0.9
75 1500 3750 4.7
76 0 0 3.6
76 500 1800 3
76 1000 3300 0.9
76 1500 3750 4.7
77 0 0 3.6
77 500 1800 3
77 1000 3300 0.9
77 1500 3750 4.7
78 0 0 3.6
78 500 1800 3
78 1000 3300 0.9
78 1500 3750 4.7
79 0 0 3.6
79 500 1800 3
79 1000 3300 0.9
79 1500 3750 4.7
80 0 0 3.6
80 500 1800 3
80 1000 3300 0.9
80 1500 3750 4.7
81 0 0 3.6
81 500 1800 3
81 1000 3300 0.9
81 1500 3750 4.7
82 0 0 3.6
82 500 1800 3
82 1000 3300 0.9
82 1500 3750 4.7
83 0 0 3.6
83 500 1800 3
83 1000 3300 0.9
83 1500 3750 4.7
84 0 0 3.6
84 500 1800 3
84 1000 3300 0.9
84 1500 3750 4.7
85 0 0 3.6
85 500 1800 3
85 1000 3300 0.9
85 1500 3750 4.7
86 0 0 3.6
86 500 1800 3
86 1000 3300 0.9
86 1500 3750 4.7
87 0 0 3.6
87 500 1800 3
87 1000 3300 0.9
87 1500 3750 4.7
88 0 0 3.6
88 500 1800 3
88 1000 3300 0.9
88 1500 3750 4.7
89 0 0 3.6
89 500 1800 3
89 1000 3300 0.9
89 1500 3750 4.7
90 0 0 3.6
90 500 1800 3
90 1000 3300 0.9
90 1500 3750 4.7
91 0 0 3.6
91 500 1800 3
91 1000 3300 0.9
91 1500 3750 4.7
92 0 0 3.6
92 500 1800 3
92 1000 3300 0.9
92 1500 3750 4.7
93 0 0 3.6
93 500 1800 3
93 1000 3300 0.9
93 1500 3750 4.7
94 0 0 3.6
94 500 1800 3
94 1000 3300 0.9
94 1500 3750 4.7
95 0 0 3.6
95 500 1800 3
95 1000 3300 0.9
95 1500 3750 4.7
96 0 0 3.6
96 500 1800 3
96 1000 3300 0.9
96 1500 3750 4.7
97 0 0 3.6
97 500 1800 3
97 1000 3300 0.9
97 1500 3750 4.7
98 0 0 3.6
98 500 1800 3
98 1000 3300 0.9
98 1500 3750 4.7
99 0 0 3.6
99 500 1800 3
99 1000 3300 0.9
99 1500 3750 4.7
