100 10
0 0 0 2.6
0 10 26 1.8
0 20 44 1.8
0 30 62 2.9
0 40 91 1.8
0 50 109 3.4
0 60 143 3.4
0 70 177 0.7
0 80 184 4.2
0 90 226 2.1
1 0 0 2.6
1 10 26 1.8
1 20 44 1.8
1 30 62 2.9
1 40 91 1.8
1 50 109 3.4
1 60 143 3.4
1 70 177 0.7
1 80 184 4.2
1 90 226 2.1
2 0 0 2.6
2 10 26 1.8
2 20 44 1.8
2 30 62 2.9
2 40 91 1.8
2 50 109 3.4
2 60 143 3.4
2 70 177 0.7
2 80 184 4.2
2 90 226 2.1
3 0 0 2.6
3 10 26 1.8
3 20 44 1.8
3 30 62 2.9
3 40 91 1.8
3 50 109 3.4
3 60 143 3.4
3 70 177 0.7
3 80 184 4.2
3 90 226 2.1
4 0 0 2.6
4 10 26 1.8
4 20 44 1.8
4 30 62 2.9
4 40 91 1.8
4 50 109 3.4
4 60 143 3.4
4 70 177 0.7
4 80 184 4.2
4 90 226 2.1
5 0 0 2.6
5 10 26 1.8
5 20 44 1.8
5 30 62 2.9
5 40 91 1.8
5 50 109 3.4
5 60 143 3.4
5 70 177 0.7
5 80 184 4.2
5 90 226 2.1
6 0 0 2.6
6 10 26 1.8
6 20 44 1.8
6 30 62 2.9
6 40 91 1.8
6 50 109 3.4
6 60 143 3.4
6 70 177 0.7
6 80 184 4.2
6 90 226 2.1
7 0 0 2.6
7 10 26 1.8
7 20 44 1.8
7 30 62 2.9
7 40 91 1.8
7 50 109 3.4
7 60 143 3.4
7 70 177 0.7
7 80 184 4.2
7 90 226 2.1
8 0 0 2.6
8 10 26 1.8
8 20 44 1.8
8 30 62 2.9
8 40 91 1.8
8 50 109 3.4
8 60 143 3.4
8 70 177 0.7
8 80 184 4.2
8 90 226 2.1
9 0 0 2.6
9 10 26 1.8
9 20 44 1.8
9 30 62 2.9
9 40 91 1.8
9 50 109 3.4
9 60 143 3.4
9 70 177 0.7
9 80 184 4.2
9 90 226 2.1
10 0 0 2.6
10 10 26 1.8
10 20 44 1.8
10 30 62 2.9
10 40 91 1.8
10 50 109 3.4
10 60 143 3.4
10 70 177 0.7
10 80 184 4.2
10 90 226 2.1
11 0 0 2.6
11 10 26 1.8
11 20 44 1.8
11 30 62 2.9
11 40 91 1.8
11 50 109 3.4
11 60 143 3.4
11 70 177 0.7
11 80 184 4.2
11 90 226 2.1
12 0 0 2.6
12 10 26 1.8
12 20 44 1.8
12 30 62 2.9
12 40 91 1.8
12 50 109 3.4
12 60 143 3.4
12 70 177 0.7
12 80 184 4.2
12 90 226 2.1
13 0 0 2.6
13 10 26 1.8
13 20 44 1.8
13 30 62 2.9
13 40 91 1.8
13 50 109 3.4
13 60 143 3.4
13 70 177 0.7
13 80 184 4.2
13 90 226 2.1
14 0 0 2.6
14 10 26 1.8
14 20 44 1.8
14 30 62 2.9
14 40 91 1.8
14 50 109 3.4
14 60 143 3.4
14 70 177 0.7
14 80 184 4.2
14 90 226 2.1
15 0 0 2.6
15 10 26 1.8
15 20 44 1.8
15 30 62 2.9
15 40 91 1.8
15 50 109 3.4
15 60 143 3.4
15 70 177 0.7
15 80 184 4.2
15 90 226 2.1
16 0 0 2.6
16 10 26 1.8
16 20 44 1.8
16 30 62 2.9
16 40 91 1.8
16 50 109 3.4
16 60 143 3.4
16 70 177 0.7
16 80 184 4.2
16 90 226 2.1
17 0 0 2.6
17 10 26 1.8
17 20 44 1.8
17 30 62 2.9
17 40 91 1.8
17 50 109 3.4
17 60 143 3.4
17 70 177 0.7
17 80 184 4.2
17 90 226 2.1
18 0 0 2.6
18 10 26 1.8
18 20 44 1.8
18 30 62 2.9
18 40 91 1.8
18 50 109 3.4
18 60 143 3.4
18 70 177 0.7
18 80 184 4.2
18 90 226 2.1
19 0 0 2.6
19 10 26 1.8
19 20 44 1.8
19 30 62 2.9
19 40 91 1.8
19 50 109 3.4
19 60 143 3.4
19 70 177 0.7
19 80 184 4.2
19 90 226 2.1
20 0 0 2.6
20 10 26 1.8
20 20 44 1.8
20 30 62 2.9
20 40 91 1.8
20 50 109 3.4
20 60 143 3.4
20 70 177 0.7
20 80 184 4.2
20 90 226 2.1
21 0 0 2.6
21 10 26 1.8
21 20 44 1.8
21 30 62 2.9
21 40 91 1.8
21 50 109 3.4
21 60 143 3.4
21 70 177 0.7
21 80 184 4.2
21 90 226 2.1
22 0 0 2.6
22 10 26 1.8
22 20 44 1.8
22 30 62 2.9
22 40 91 1.8
22 50 109 3.4
22 60 143 3.4
22 70 177 0.7
22 80 184 4.2
22 90 226 2.1
23 0 0 2.6
23 10 26 1.8
23 20 44 1.8
23 30 62 2.9
23 40 91 1.8
23 50 109 3.4
23 60 143 3.4
23 70 177 0.7
23 80 184 4.2
23 90 226 2.1
24 0 0 2.6
24 10 26 1.8
24 20 44 1.8
24 30 62 2.9
24 40 91 1.8
24 50 109 3.4
24 60 143 3.4
24 70 177 0.7
24 80 184 4.2
24 90 226 2.1
25 0 0 2.6
25 10 26 1.8
25 20 44 1.8
25 30 62 2.9
25 40 91 1.8
25 50 109 3.4
25 60 143 3.4
25 70 177 0.7
25 80 184 4.2
25 90 226 2.1
26 0 0 2.6
26 10 26 1.8
26 20 44 1.8
26 30 62 2.9
26 40 91 1.8
26 50 109 3.4
26 60 143 3.4
26 70 177 0.7
26 80 184 4.2
26 90 226 2.1
27 0 0 2.6
27 10 26 1.8
27 20 44 1.8
27 30 62 2.9
27 40 91 1.8
27 50 109 3.4
27 60 143 3.4
27 70 177 0.7
27 80 184 4.2
27 90 226 2.1
28 0 0 2.6
28 10 26 1.8
28 20 44 1.8
28 30 62 2.9
28 40 91 1.8
28 50 109 3.4
28 60 143 3.4
28 70 177 0.7
28 80 184 4.2
28 90 226 2.1
29 0 0 2.6
29 10 26 1.8
29 20 44 1.8
29 30 62 2.9
29 40 91 1.8
29 50 109 3.4
29 60 143 3.4
29 70 177 0.7
29 80 184 4.2
29 90 226 2.1
30 0 0 2.6
30 10 26 1.8
30 20 44 1.8
30 30 62 2.9
30 40 91 1.8
30 50 109 3.4
30 60 143 3.4
30 70 177 0.7
30 80 184 4.2
30 90 226 2.1
31 0 0 2.6
31 10 26 1.8
31 20 44 1.8
31 30 62 2.9
31 40 91 1.8
31 50 109 3.4
31 60 143 3.4
31 70 177 0.7
31 80 184 4.2
31 90 226 2.1
32 0 0 2.6
32 10 26 1.8
32 20 44 1.8
32 30 62 2.9
32 40 91 1.8
32 50 109 3.4
32 60 143 3.4
32 70 177 0.7
32 80 184 4.2
32 90 226 2.1
33 0 0 2.6
33 10 26 1.8
33 20 44 1.8
33 30 62 2.9
33 40 91 1.8
33 50 109 3.4
33 60 143 3.4
33 70 177 0.7
33 80 184 4.2
33 90 226 2.1
34 0 0 2.6
34 10 26 1.8
34 20 44 1.8
34 30 62 2.9
34 40 91 1.8
34 50 109 3.4
34 60 143 3.4
34 70 177 0.7
34 80 184 4.2
34 90 226 2.1
35 0 0 2.6
35 10 26 1.8
35 20 44 1.8
35 30 62 2.9
35 40 91 1.8
35 50 109 3.4
35 60 143 3.4
35 70 177 0.7
35 80 184 4.2
35 90 226 2.1
36 0 0 2.6
36 10 26 1.8
36 20 44 1.8
36 30 62 2.9
36 40 91 1.8
36 50 109 3.4
36 60 143 3.4
36 70 177 0.7
36 80 184 4.2
36 90 226 2.1
37 0 0 2.6
37 10 26 1.8
37 20 44 1.8
37 30 62 2.9
37 40 91 1.8
37 50 109 3.4
37 60 143 3.4
37 70 177 0.7
37 80 184 4.2
37 90 226 2.1
38 0 0 2.6
38 10 26 1.8
38 20 44 1.8
38 30 62 2.9
38 40 91 1.8
38 50 109 3.4
38 60 143 3.4
38 70 177 0.7
38 80 184 4.2
38 90 226 2.1
39 0 0 2.6
39 10 26 1.8
39 20 44 1.8
39 30 62 2.9
39 40 91 1.8
39 50 109 3.4
39 60 143 3.4
39 70 177 0.7
39 80 184 4.2
39 90 226 2.1
40 0 0 2.6
40 10 26 1.8
40 20 44 1.8
40 30 62 2.9
40 40 91 1.8
40 50 109 3.4
40 60 143 3.4
40 70 177 0.7
40 80 184 4.2
40 90 226 2.1
41 0 0 2.6
41 10 26 1.8
41 20 44 1.8
41 30 62 2.9
41 40 91 1.8
41 50 109 3.4
41 60 143 3.4
41 70 177 0.7
41 80 184 4.2
41 90 226 2.1
42 0 0 2.6
42 10 26 1.8
42 20 44 1.8
42 30 62 2.9
42 40 91 1.8
42 50 109 3.4
42 60 143 3.4
42 70 177 0.7
42 80 184 4.2
42 90 226 2.1
43 0 0 2.6
43 10 26 1.8
43 20 44 1.8
43 30 62 2.9
43 40 91 1.8
43 50 109 3.4
43 60 143 3.4
43 70 177 0.7
43 80 184 4.2
43 90 226 2.1
44 0 0 2.6
44 10 26 1.8
44 20 44 1.8
44 30 62 2.9
44 40 91 1.8
44 50 109 3.4
44 60 143 3.4
44 70 177 0.7
44 80 184 4.2
44 90 226 2.1
45 0 0 2.6
45 10 26 1.8
45 20 44 1.8
45 30 62 2.9
45 40 91 1.8
45 50 109 3.4
45 60 143 3.4
45 70 177 0.7
45 80 184 4.2
45 90 226 2.1
46 0 0 2.6
46 10 26 1.8
46 20 44 1.8
46 30 62 2.9
46 40 91 1.8
46 50 109 3.4
46 60 143 3.4
46 70 177 0.7
46 80 184 4.2
46 90 226 2.1
47 0 0 2.6
47 10 26 1.8
47 20 44 1.8
47 30 62 2.9
47 40 91 1.8
47 50 109 3.4
47 60 143 3.4
47 70 177 0.7
47 80 184 4.2
47 90 226 2.1
48 0 0 2.6
48 10 26 1.8
48 20 44 1.8
48 30 62 2.9
48 40 91 1.8
48 50 109 3.4
48 60 143 3.4
48 70 177 0.7
48 80 184 4.2
48 90 226 2.1
49 0 0 2.6
49 10 26 1.8
49 20 44 1.8
49 30 62 2.9
49 40 91 1.8
49 50 109 3.4
49 60 143 3.4
49 70 177 0.7
49 80 184 4.2
49 90 226 2.1
50 0 0 2.6
50 10 26 1.8
50 20 44 1.8
50 30 62 2.9
50 40 91 1.8
50 50 109 3.4
50 60 143 3.4
50 70 177 0.7
50 80 184 4.2
50 90 226 2.1
51 0 0 2.6
51 10 26 1.8
51 20 44 1.8
51 30 62 2.9
51 40 91 1.8
51 50 109 3.4
51 60 143 3.4
51 70 177 0.7
51 80 184 4.2
51 90 226 2.1
52 0 0 2.6
52 10 26 1.8
52 20 44 1.8
52 30 62 2.9
52 40 91 1.8
52 50 109 3.4
52 60 143 3.4
52 70 177 0.7
52 80 184 4.2
52 90 226 2.1
53 0 0 2.6
53 10 26 1.8
53 20 44 1.8
53 30 62 2.9
53 40 91 1.8
53 50 109 3.4
53 60 143 3.4
53 70 177 0.7
53 80 184 4.2
53 90 226 2.1
54 0 0 2.6
54 10 26 1.8
54 20 44 1.8
54 30 62 2.9
54 40 91 1.8
54 50 109 3.4
54 60 143 3.4
54 70 177 0.7
54 80 184 4.2
54 90 226 2.1
55 0 0 2.6
55 10 26 1.8
55 20 44 1.8
55 30 62 2.9
55 40 91 1.8
55 50 109 3.4
55 60 143 3.4
55 70 177 0.7
55 80 184 4.2
55 90 226 2.1
56 0 0 2.6
56 10 26 1.8
56 20 44 1.8
56 30 62 2.9
56 40 91 1.8
56 50 109 3.4
56 60 143 3.4
56 70 177 0.7
56 80 184 4.2
56 90 226 2.1
57 0 0 2.6
57 10 26 1.8
57 20 44 1.8
57 30 62 2.9
57 40 91 1.8
57 50 109 3.4
57 60 143 3.4
57 70 177 0.7
57 80 184 4.2
57 90 226 2.1
58 0 0 2.6
58 10 26 1.8
58 20 44 1.8
58 30 62 2.9
58 40 91 1.8
58 50 109 3.4
58 60 143 3.4
58 70 177 0.7
58 80 184 4.2
58 90 226 2.1
59 0 0 2.6
59 10 26 1.8
59 20 44 1.8
59 30 62 2.9
59 40 91 1.8
59 50 109 3.4
59 60 143 3.4
59 70 177 0.7
59 80 184 4.2
59 90 226 2.1
60 0 0 2.6
60 10 26 1.8
60 20 44 1.8
60 30 62 2.9
60 40 91 1.8
60 50 109 3.4
60 60 143 3.4
60 70 177 0.7
60 80 184 4.2
60 90 226 2.1
61 0 0 2.6
61 10 26 1.8
61 20 44 1.8
61 30 62 2.9
61 40 91 1.8
61 50 109 3.4
61 60 143 3.4
61 70 177 0.7
61 80 184 4.2
61 90 226 2.1
62 0 0 2.6
62 10 26 1.8
62 20 44 1.8
62 30 62 2.9
62 40 91 1.8
62 50 109 3.4
62 60 143 3.4
62 70 177 0.7
62 80 184 4.2
62 90 226 2.1
63 0 0 2.6
63 10 26 1.8
63 20 44 1.8
63 30 62 2.9
63 40 91 1.8
63 50 109 3.4
63 60 143 3.4
63 70 177 0.7
63 80 184 4.2
63 90 226 2.1
64 0 0 2.6
64 10 26 1.8
64 20 44 1.8
64 30 62 2.9
64 40 91 1.8
64 50 109 3.4
64 60 143 3.4
64 70 177 0.7
64 80 184 4.2
64 90 226 2.1
65 0 0 2.6
65 10 26 1.8
65 20 44 1.8
65 30 62 2.9
65 40 91 1.8
65 50 109 3.4
65 60 143 3.4
65 70 177 0.7
65 80 184 4.2
65 90 226 2.1
66 0 0 2.6
66 10 26 1.8
66 20 44 1.8
66 30 62 2.9
66 40 91 1.8
66 50 109 3.4
66 60 143 3.4
66 70 177 0.7
66 80 184 4.2
66 90 226 2.1
67 0 0 2.6
67 10 26 1.8
67 20 44 1.8
67 30 62 2.9
67 40 91 1.8
67 50 109 3.4
67 60 143 3.4
67 70 177 0.7
67 80 184 4.2
67 90 226 2.1
68 0 0 2.6
68 10 26 1.8
68 20 44 1.8
68 30 62 2.9
68 40 91 1.8
68 50 109 3.4
68 60 143 3.4
68 70 177 0.7
68 80 184 4.2
68 90 226 2.1
69 0 0 2.6
69 10 26 1.8
69 20 44 1.8
69 30 62 2.9
69 40 91 1.8
69 50 109 3.4
69 60 143 3.4
69 70 177 0.7
69 80 184 4.2
69 90 226 2.1
70 0 0 2.6
70 10 26 1.8
70 20 44 1.8
70 30 62 2.9
70 40 91 1.8
70 50 109 3.4
70 60 143 3.4
70 70 177 0.7
70 80 184 4.2
70 90 226 2.1
71 0 0 2.6
71 10 26 1.8
71 20 44 1.8
71 30 62 2.9
71 40 91 1.8
71 50 109 3.4
71 60 143 3.4
71 70 177 0.7
71 80 184 4.2
71 90 226 2.1
72 0 0 2.6
72 10 26 1.8
72 20 44 1.8
72 30 62 2.9
72 40 91 1.8
72 50 109 3.4
72 60 143 3.4
72 70 177 0.7
72 80 184 4.2
72 90 226 2.1
73 0 0 2.6
73 10 26 1.8
73 20 44 1.8
73 30 62 2.9
73 40 91 1.8
73 50 109 3.4
73 60 143 3.4
73 70 177 0.7
73 80 184 4.2
73 90 226 2.1
74 0 0 2.6
74 10 26 1.8
74 20 44 1.8
74 30 62 2.9
74 40 91 1.8
74 50 109 3.4
74 60 143 3.4
74 70 177 0.7
74 80 184 4.2
74 90 226 2.1
75 0 0 2.6
75 10 26 1.8
75 20 44 1.8
75 30 62 2.9
75 40 91 1.8
75 50 109 3.4
75 60 143 3.4
75 70 177 0.7
75 80 184 4.2
75 90 226 2.1
76 0 0 2.6
76 10 26 1.8
76 20 44 1.8
76 30 62 2.9
76 40 91 1.8
76 50 109 3.4
76 60 143 3.4
76 70 177 0.7
76 80 184 4.2
76 90 226 2.1
77 0 0 2.6
77 10 26 1.8
77 20 44 1.8
77 30 62 2.9
77 40 91 1.8
77 50 109 3.4
77 60 143 3.4
77 70 177 0.7
77 80 184 4.2
77 90 226 2.1
78 0 0 2.6
78 10 26 1.8
78 20 44 1.8
78 30 62 2.9
78 40 91 1.8
78 50 109 3.4
78 60 143 3.4
78 70 177 0.7
78 80 184 4.2
78 90 226 2.1
79 0 0 2.6
79 10 26 1.8
79 20 44 1.8
79 30 62 2.9
79 40 91 1.8
79 50 109 3.4
79 60 143 3.4
79 70 177 0.7
79 80 184 4.2
79 90 226 2.1
80 0 0 2.6
80 10 26 1.8
80 20 44 1.8
80 30 62 2.9
80 40 91 1.8
80 50 109 3.4
80 60 143 3.4
80 70 177 0.7
80 80 184 4.2
80 90 226 2.1
81 0 0 2.6
81 10 26 1.8
81 20 44 1.8
81 30 62 2.9
81 40 91 1.8
81 50 109 3.4
81 60 143 3.4
81 70 177 0.7
81 80 184 4.2
81 90 226 2.1
82 0 0 2.6
82 10 26 1.8
82 20 44 1.8
82 30 62 2.9
82 40 91 1.8
82 50 109 3.4
82 60 143 3.4
82 70 177 0.7
82 80 184 4.2
82 90 226 2.1
83 0 0 2.6
83 10 26 1.8
83 20 44 1.8
83 30 62 2.9
83 40 91 1.8
83 50 109 3.4
83 60 143 3.4
83 70 177 0.7
83 80 184 4.2
83 90 226 2.1
84 0 0 2.6
84 10 26 1.8
84 20 44 1.8
84 30 62 2.9
84 40 91 1.8
84 50 109 3.4
84 60 143 3.4
84 70 177 0.7
84 80 184 4.2
84 90 226 2.1
85 0 0 2.6
85 10 26 1.8
85 20 44 1.8
85 30 62 2.9
85 40 91 1.8
85 50 109 3.4
85 60 143 3.4
85 70 177 0.7
85 80 184 4.2
85 90 226 2.1
86 0 0 2.6
86 10 26 1.8
86 20 44 1.8
86 30 62 2.9
86 40 91 1.8
86 50 109 3.4
86 60 143 3.4
86 70 177 0.7
86 80 184 4.2
86 90 226 2.1
87 0 0 2.6
87 10 26 1.8
87 20 44 1.8
87 30 62 2.9
87 40 91 1.8
87 50 109 3.4
87 60 143 3.4
87 70 177 0.7
87 80 184 4.2
87 90 226 2.1
88 0 0 2.6
88 10 26 1.8
88 20 44 1.8
88 30 62 2.9
88 40 91 1.8
88 50 109 3.4
88 60 143 3.4
88 70 177 0.7
88 80 184 4.2
88 90 226 2.1
89 0 0 2.6
89 10 26 1.8
89 20 44 1.8
89 30 62 2.9
89 40 91 1.8
89 50 109 3.4
89 60 143 3.4
89 70 177 0.7
89 80 184 4.2
89 90 226 2.1
90 0 0 2.6
90 10 26 1.8
90 20 44 1.8
90 30 62 2.9
90 40 91 1.8
90 50 109 3.4
90 60 143 3.4
90 70 177 0.7
90 80 184 4.2
90 90 226 2.1
91 0 0 2.6
91 10 26 1.8
91 20 44 1.8
91 30 62 2.9
91 40 91 1.8
91 50 109 3.4
91 60 143 3.4
91 70 177 0.7
91 80 184 4.2
91 90 226 2.1
92 0 0 2.6
92 10 26 1.8
92 20 44 1.8
92 30 62 2.9
92 40 91 1.8
92 50 109 3.4
92 60 143 3.4
92 70 177 0.7
92 80 184 4.2
92 90 226 2.1
93 0 0 2.6
93 10 26 1.8
93 20 44 1.8
93 30 62 2.9
93 40 91 1.8
93 50 109 3.4
93 60 143 3.4
93 70 177 0.7
93 80 184 4.2
93 90 226 2.1
94 0 0 2.6
94 10 26 1.8
94 20 44 1.8
94 30 62 2.9
94 40 91 1.8
94 50 109 3.4
94 60 143 3.4
94 70 177 0.7
94 80 184 4.2
94 90 226 2.1
95 0 0 2.6
95 10 26 1.8
95 20 44 1.8
95 30 62 2.9
95 40 91 1.8
95 50 109 3.4
95 60 143 3.4
95 70 177 0.7
95 80 184 4.2
95 90 226 2.1
96 0 0 2.6
96 10 26 1.8
96 20 44 1.8
96 30 62 2.9
96 40 91 1.8
96 50 109 3.4
96 60 143 3.4
96 70 177 0.7
96 80 184 4.2
96 90 226 2.1
97 0 0 2.6
97 10 26 1.8
97 20 44 1.8
97 30 62 2.9
97 40 91 1.8
97 50 109 3.4
97 60 143 3.4
97 70 177 0.7
97 80 184 4.2
97 90 226 2.1
98 0 0 2.6
98 10 26 1.8
98 20 44 1.8
98 30 62 2.9
98 40 91 1.8
98 50 109 3.4
98 60 143 3.4
98 70 177 0.7
98 80 184 4.2
98 90 226 2.1
99 0 0 2.6
99 10 26 1.8
99 20 44 1.8
99 30 62 2.9
99 40 91 1.8
99 50 109 3.4
99 60 143 3.4
99 70 177 0.7
99 80 184 4.2
99 90 226 2.1
