500 10
0 0 0 3.6
0 200 720 3
0 400 1320 0.9
0 600 1500 3.9
0 800 2280 3.9
0 1000 3060 4.5
0 1200 3960 2.5
0 1400 4460 3.7
0 1600 5200 2.3
0 1800 5660 2.8
1 0 0 3.6
1 200 720 3
1 400 1320 0.9
1 600 1500 3.9
1 800 2280 3.9
1 1000 3060 4.5
1 1200 3960 2.5
1 1400 4460 3.7
1 1600 5200 2.3
1 1800 5660 2.8
2 0 0 3.6
2 200 720 3
2 400 1320 0.9
2 600 1500 3.9
2 800 2280 3.9
2 1000 3060 4.5
2 1200 3960 2.5
2 1400 4460 3.7
2 1600 5200 2.3
2 1800 5660 2.8
3 0 0 3.6
3 200 720 3
3 400 1320 0.9
3 600 1500 3.9
3 800 2280 3.9
3 1000 3060 4.5
3 1200 3960 2.5
3 1400 4460 3.7
3 1600 5200 2.3
3 1800 5660 2.8
4 0 0 3.6
4 200 720 3
4 400 1320 0.9
4 600 1500 3.9
4 800 2280 3.9
4 1000 3060 4.5
4 1200 3960 2.5
4 1400 4460 3.7
4 1600 5200 2.3
4 1800 5660 2.8
5 0 0 3.6
5 200 720 3
5 400 1320 0.9
5 600 1500 3.9
5 800 2280 3.9
5 1000 3060 4.5
5 1200 3960 2.5
5 1400 4460 3.7
5 1600 5200 2.3
5 1800 5660 2.8
6 0 0 3.6
6 200 720 3
6 400 1320 0.9
6 600 1500 3.9
6 800 2280 3.9
6 1000 3060 4.5
6 1200 3960 2.5
6 1400 4460 3.7
6 1600 5200 2.3
6 1800 5660 2.8
7 0 0 3.6
7 200 720 3
7 400 1320 0.9
7 600 1500 3.9
7 800 2280 3.9
7 1000 3060 4.5
7 1200 3960 2.5
7 1400 4460 3.7
7 1600 5200 2.3
7 1800 5660 2.8
8 0 0 3.6
8 200 720 3
8 400 1320 0.9
8 600 1500 3.9
8 800 2280 3.9
8 1000 3060 4.5
8 1200 3960 2.5
8 1400 4460 3.7
8 1600 5200 2.3
8 1800 5660 2.8
9 0 0 3.6
9 200 720 3
9 400 1320 0.9
9 600 1500 3.9
9 800 2280 3.9
9 1000 3060 4.5
9 1200 3960 2.5
9 1400 4460 3.7
9 1600 5200 2.3
9 1800 5660 2.8
10 0 0 3.6
10 200 720 3
10 400 1320 0.9
10 600 1500 3.9
10 800 2280 3.9
10 1000 3060 4.5
10 1200 3960 2.5
10 1400 4460 3.7
10 1600 5200 2.3
10 1800 5660 2.8
11 0 0 3.6
11 200 720 3
11 400 1320 0.9
11 600 1500 3.9
11 800 2280 3.9
11 1000 3060 4.5
11 1200 3960 2.5
11 1400 4460 3.7
11 1600 5200 2.3
11 1800 5660 2.8
12 0 0 3.6
12 200 720 3
12 400 1320 0.9
12 600 1500 3.9
12 800 2280 3.9
12 1000 3060 4.5
12 1200 3960 2.5
12 1400 4460 3.7
12 1600 5200 2.3
12 1800 5660 2.8
13 0 0 3.6
13 200 720 3
13 400 1320 0.9
13 600 1500 3.9
13 800 2280 3.9
13 1000 3060 4.5
13 1200 3960 2.5
13 1400 4460 3.7
13 1600 5200 2.3
13 1800 5660 2.8
14 0 0 3.6
14 200 720 3
14 400 1320 0.9
14 600 1500 3.9
14 800 2280 3.9
14 1000 3060 4.5
14 1200 3960 2.5
14 1400 4460 3.7
14 1600 5200 2.3
14 1800 5660 2.8
15 0 0 3.6
15 200 720 3
15 400 1320 0.9
15 600 1500 3.9
15 800 2280 3.9
15 1000 3060 4.5
15 1200 3960 2.5
15 1400 4460 3.7
15 1600 5200 2.3
15 1800 5660 2.8
16 0 0 3.6
16 200 720 3
16 400 1320 0.9
16 600 1500 3.9
16 800 2280 3.9
16 1000 3060 4.5
16 1200 3960 2.5
16 1400 4460 3.7
16 1600 5200 2.3
16 1800 5660 2.8
17 0 0 3.6
17 200 720 3
17 400 1320 0.9
17 600 1500 3.9
17 800 2280 3.9
17 1000 3060 4.5
17 1200 3960 2.5
17 1400 4460 3.7
17 1600 5200 2.3
17 1800 5660 2.8
18 0 0 3.6
18 200 720 3
18 400 1320 0.9
18 600 1500 3.9
18 800 2280 3.9
18 1000 3060 4.5
18 1200 3960 2.5
18 1400 4460 3.7
18 1600 5200 2.3
18 1800 5660 2.8
19 0 0 3.6
19 200 720 3
19 400 1320 0.9
19 600 1500 3.9
19 800 2280 3.9
19 1000 3060 4.5
19 1200 3960 2.5
19 1400 4460 3.7
19 1600 5200 2.3
19 1800 5660 2.8
20 0 0 3.6
20 200 720 3
20 400 1320 0.9
20 600 1500 3.9
20 800 2280 3.9
20 1000 3060 4.5
20 1200 3960 2.5
20 1400 4460 3.7
20 1600 5200 2.3
20 1800 5660 2.8
21 0 0 3.6
21 200 720 3
21 400 1320 0.9
21 600 1500 3.9
21 800 2280 3.9
21 1000 3060 4.5
21 1200 3960 2.5
21 1400 4460 3.7
21 1600 5200 2.3
21 1800 5660 2.8
22 0 0 3.6
22 200 720 3
22 400 1320 0.9
22 600 1500 3.9
22 800 2280 3.9
22 1000 3060 4.5
22 1200 3960 2.5
22 1400 4460 3.7
22 1600 5200 2.3
22 1800 5660 2.8
23 0 0 3.6
23 200 720 3
23 400 1320 0.9
23 600 1500 3.9
23 800 2280 3.9
23 1000 3060 4.5
23 1200 3960 2.5
23 1400 4460 3.7
23 1600 5200 2.3
23 1800 5660 2.8
24 0 0 3.6
24 200 720 3
24 400 1320 0.9
24 600 1500 3.9
24 800 2280 3.9
24 1000 3060 4.5
24 1200 3960 2.5
24 1400 4460 3.7
24 1600 5200 2.3
24 1800 5660 2.8
25 0 0 3.6
25 200 720 3
25 400 1320 0.9
25 600 1500 3.9
25 800 2280 3.9
25 1000 3060 4.5
25 1200 3960 2.5
25 1400 4460 3.7
25 1600 5200 2.3
25 1800 5660 2.8
26 0 0 3.6
26 200 720 3
26 400 1320 0.9
26 600 1500 3.9
26 800 2280 3.9
26 1000 3060 4.5
26 1200 3960 2.5
26 1400 4460 3.7
26 1600 5200 2.3
26 1800 5660 2.8
27 0 0 3.6
27 200 720 3
27 400 1320 0.9
27 600 1500 3.9
27 800 2280 3.9
27 1000 3060 4.5
27 1200 3960 2.5
27 1400 4460 3.7
27 1600 5200 2.3
27 1800 5660 2.8
28 0 0 3.6
28 200 720 3
28 400 1320 0.9
28 600 1500 3.9
28 800 2280 3.9
28 1000 3060 4.5
28 1200 3960 2.5
28 1400 4460 3.7
28 1600 5200 2.3
28 1800 5660 2.8
29 0 0 3.6
29 200 720 3
29 400 1320 0.9
29 600 1500 3.9
29 800 2280 3.9
29 1000 3060 4.5
29 1200 3960 2.5
29 1400 4460 3.7
29 1600 5200 2.3
29 1800 5660 2.8
30 0 0 3.6
30 200 720 3
30 400 1320 0.9
30 600 1500 3.9
30 800 2280 3.9
30 1000 3060 4.5
30 1200 3960 2.5
30 1400 4460 3.7
30 1600 5200 2.3
30 1800 5660 2.8
31 0 0 3.6
31 200 720 3
31 400 1320 0.9
31 600 1500 3.9
31 800 2280 3.9
31 1000 3060 4.5
31 1200 3960 2.5
31 1400 4460 3.7
31 1600 5200 2.3
31 1800 5660 2.8
32 0 0 3.6
32 200 720 3
32 400 1320 0.9
32 600 1500 3.9
32 800 2280 3.9
32 1000 3060 4.5
32 1200 3960 2.5
32 1400 4460 3.7
32 1600 5200 2.3
32 1800 5660 2.8
33 0 0 3.6
33 200 720 3
33 400 1320 0.9
33 600 1500 3.9
33 800 2280 3.9
33 1000 3060 4.5
33 1200 3960 2.5
33 1400 4460 3.7
33 1600 5200 2.3
33 1800 5660 2.8
34 0 0 3.6
34 200 720 3
34 400 1320 0.9
34 600 1500 3.9
34 800 2280 3.9
34 1000 3060 4.5
34 1200 3960 2.5
34 1400 4460 3.7
34 1600 5200 2.3
34 1800 5660 2.8
35 0 0 3.6
35 200 720 3
35 400 1320 0.9
35 600 1500 3.9
35 800 2280 3.9
35 1000 3060 4.5
35 1200 3960 2.5
35 1400 4460 3.7
35 1600 5200 2.3
35 1800 5660 2.8
36 0 0 3.6
36 200 720 3
36 400 1320 0.9
36 600 1500 3.9
36 800 2280 3.9
36 1000 3060 4.5
36 1200 3960 2.5
36 1400 4460 3.7
36 1600 5200 2.3
36 1800 5660 2.8
37 0 0 3.6
37 200 720 3
37 400 1320 0.9
37 600 1500 3.9
37 800 2280 3.9
37 1000 3060 4.5
37 1200 3960 2.5
37 1400 4460 3.7
37 1600 5200 2.3
37 1800 5660 2.8
38 0 0 3.6
38 200 720 3
38 400 1320 0.9
38 600 1500 3.9
38 800 2280 3.9
38 1000 3060 4.5
38 1200 3960 2.5
38 1400 4460 3.7
38 1600 5200 2.3
38 1800 5660 2.8
39 0 0 3.6
39 200 720 3
39 400 1320 0.9
39 600 1500 3.9
39 800 2280 3.9
39 1000 3060 4.5
39 1200 3960 2.5
39 1400 4460 3.7
39 1600 5200 2.3
39 1800 5660 2.8
40 0 0 3.6
40 200 720 3
40 400 1320 0.9
40 600 1500 3.9
40 800 2280 3.9
40 1000 3060 4.5
40 1200 3960 2.5
40 1400 4460 3.7
40 1600 5200 2.3
40 1800 5660 2.8
41 0 0 3.6
41 200 720 3
41 400 1320 0.9
41 600 1500 3.9
41 800 2280 3.9
41 1000 3060 4.5
41 1200 3960 2.5
41 1400 4460 3.7
41 1600 5200 2.3
41 1800 5660 2.8
42 0 0 3.6
42 200 720 3
42 400 1320 0.9
42 600 1500 3.9
42 800 2280 3.9
42 1000 3060 4.5
42 1200 3960 2.5
42 1400 4460 3.7
42 1600 5200 2.3
42 1800 5660 2.8
43 0 0 3.6
43 200 720 3
43 400 1320 0.9
43 600 1500 3.9
43 800 2280 3.9
43 1000 3060 4.5
43 1200 3960 2.5
43 1400 4460 3.7
43 1600 5200 2.3
43 1800 5660 2.8
44 0 0 3.6
44 200 720 3
44 400 1320 0.9
44 600 1500 3.9
44 800 2280 3.9
44 1000 3060 4.5
44 1200 3960 2.5
44 1400 4460 3.7
44 1600 5200 2.3
44 1800 5660 2.8
45 0 0 3.6
45 200 720 3
45 400 1320 0.9
45 600 1500 3.9
45 800 2280 3.9
45 1000 3060 4.5
45 1200 3960 2.5
45 1400 4460 3.7
45 1600 5200 2.3
45 1800 5660 2.8
46 0 0 3.6
46 200 720 3
46 400 1320 0.9
46 600 1500 3.9
46 800 2280 3.9
46 1000 3060 4.5
46 1200 3960 2.5
46 1400 4460 3.7
46 1600 5200 2.3
46 1800 5660 2.8
47 0 0 3.6
47 200 720 3
47 400 1320 0.9
47 600 1500 3.9
47 800 2280 3.9
47 1000 3060 4.5
47 1200 3960 2.5
47 1400 4460 3.7
47 1600 5200 2.3
47 1800 5660 2.8
48 0 0 3.6
48 200 720 3
48 400 1320 0.9
48 600 1500 3.9
48 800 2280 3.9
48 1000 3060 4.5
48 1200 3960 2.5
48 1400 4460 3.7
48 1600 5200 2.3
48 1800 5660 2.8
49 0 0 3.6
49 200 720 3
49 400 1320 0.9
49 600 1500 3.9
49 800 2280 3.9
49 1000 3060 4.5
49 1200 3960 2.5
49 1400 4460 3.7
49 1600 5200 2.3
49 1800 5660 2.8
50 0 0 3.6
50 200 720 3
50 400 1320 0.9
50 600 1500 3.9
50 800 2280 3.9
50 1000 3060 4.5
50 1200 3960 2.5
50 1400 4460 3.7
50 1600 5200 2.3
50 1800 5660 2.8
51 0 0 3.6
51 200 720 3
51 400 1320 0.9
51 600 1500 3.9
51 800 2280 3.9
51 1000 3060 4.5
51 1200 3960 2.5
51 1400 4460 3.7
51 1600 5200 2.3
51 1800 5660 2.8
52 0 0 3.6
52 200 720 3
52 400 1320 0.9
52 600 1500 3.9
52 800 2280 3.9
52 1000 3060 4.5
52 1200 3960 2.5
52 1400 4460 3.7
52 1600 5200 2.3
52 1800 5660 2.8
53 0 0 3.6
53 200 720 3
53 400 1320 0.9
53 600 1500 3.9
53 800 2280 3.9
53 1000 3060 4.5
53 1200 3960 2.5
53 1400 4460 3.7
53 1600 5200 2.3
53 1800 5660 2.8
54 0 0 3.6
54 200 720 3
54 400 1320 0.9
54 600 1500 3.9
54 800 2280 3.9
54 1000 3060 4.5
54 1200 3960 2.5
54 1400 4460 3.7
54 1600 5200 2.3
54 1800 5660 2.8
55 0 0 3.6
55 200 720 3
55 400 1320 0.9
55 600 1500 3.9
55 800 2280 3.9
55 1000 3060 4.5
55 1200 3960 2.5
55 1400 4460 3.7
55 1600 5200 2.3
55 1800 5660 2.8
56 0 0 3.6
56 200 720 3
56 400 1320 0.9
56 600 1500 3.9
56 800 2280 3.9
56 1000 3060 4.5
56 1200 3960 2.5
56 1400 4460 3.7
56 1600 5200 2.3
56 1800 5660 2.8
57 0 0 3.6
57 200 720 3
57 400 1320 0.9
57 600 1500 3.9
57 800 2280 3.9
57 1000 3060 4.5
57 1200 3960 2.5
57 1400 4460 3.7
57 1600 5200 2.3
57 1800 5660 2.8
58 0 0 3.6
58 200 720 3
58 400 1320 0.9
58 600 1500 3.9
58 800 2280 3.9
58 1000 3060 4.5
58 1200 3960 2.5
58 1400 4460 3.7
58 1600 5200 2.3
58 1800 5660 2.8
59 0 0 3.6
59 200 720 3
59 400 1320 0.9
59 600 1500 3.9
59 800 2280 3.9
59 1000 3060 4.5
59 1200 3960 2.5
59 1400 4460 3.7
59 1600 5200 2.3
59 1800 5660 2.8
60 0 0 3.6
60 200 720 3
60 400 1320 0.9
60 600 1500 3.9
60 800 2280 3.9
60 1000 3060 4.5
60 1200 3960 2.5
60 1400 4460 3.7
60 1600 5200 2.3
60 1800 5660 2.8
61 0 0 3.6
61 200 720 3
61 400 1320 0.9
61 600 1500 3.9
61 800 2280 3.9
61 1000 3060 4.5
61 1200 3960 2.5
61 1400 4460 3.7
61 1600 5200 2.3
61 1800 5660 2.8
62 0 0 3.6
62 200 720 3
62 400 1320 0.9
62 600 1500 3.9
62 800 2280 3.9
62 1000 3060 4.5
62 1200 3960 2.5
62 1400 4460 3.7
62 1600 5200 2.3
62 1800 5660 2.8
63 0 0 3.6
63 200 720 3
63 400 1320 0.9
63 600 1500 3.9
63 800 2280 3.9
63 1000 3060 4.5
63 1200 3960 2.5
63 1400 4460 3.7
63 1600 5200 2.3
63 1800 5660 2.8
64 0 0 3.6
64 200 720 3
64 400 1320 0.9
64 600 1500 3.9
64 800 2280 3.9
64 1000 3060 4.5
64 1200 3960 2.5
64 1400 4460 3.7
64 1600 5200 2.3
64 1800 5660 2.8
65 0 0 3.6
65 200 720 3
65 400 1320 0.9
65 600 1500 3.9
65 800 2280 3.9
65 1000 3060 4.5
65 1200 3960 2.5
65 1400 4460 3.7
65 1600 5200 2.3
65 1800 5660 2.8
66 0 0 3.6
66 200 720 3
66 400 1320 0.9
66 600 1500 3.9
66 800 2280 3.9
66 1000 3060 4.5
66 1200 3960 2.5
66 1400 4460 3.7
66 1600 5200 2.3
66 1800 5660 2.8
67 0 0 3.6
67 200 720 3
67 400 1320 0.9
67 600 1500 3.9
67 800 2280 3.9
67 1000 3060 4.5
67 1200 3960 2.5
67 1400 4460 3.7
67 1600 5200 2.3
67 1800 5660 2.8
68 0 0 3.6
68 200 720 3
68 400 1320 0.9
68 600 1500 3.9
68 800 2280 3.9
68 1000 3060 4.5
68 1200 3960 2.5
68 1400 4460 3.7
68 1600 5200 2.3
68 1800 5660 2.8
69 0 0 3.6
69 200 720 3
69 400 1320 0.9
69 600 1500 3.9
69 800 2280 3.9
69 1000 3060 4.5
69 1200 3960 2.5
69 1400 4460 3.7
69 1600 5200 2.3
69 1800 5660 2.8
70 0 0 3.6
70 200 720 3
70 400 1320 0.9
70 600 1500 3.9
70 800 2280 3.9
70 1000 3060 4.5
70 1200 3960 2.5
70 1400 4460 3.7
70 1600 5200 2.3
70 1800 5660 2.8
71 0 0 3.6
71 200 720 3
71 400 1320 0.9
71 600 1500 3.9
71 800 2280 3.9
71 1000 3060 4.5
71 1200 3960 2.5
71 1400 4460 3.7
71 1600 5200 2.3
71 1800 5660 2.8
72 0 0 3.6
72 200 720 3
72 400 1320 0.9
72 600 1500 3.9
72 800 2280 3.9
72 1000 3060 4.5
72 1200 3960 2.5
72 1400 4460 3.7
72 1600 5200 2.3
72 1800 5660 2.8
73 0 0 3.6
73 200 720 3
73 400 1320 0.9
73 600 1500 3.9
73 800 2280 3.9
73 1000 3060 4.5
73 1200 3960 2.5
73 1400 4460 3.7
73 1600 5200 2.3
73 1800 5660 2.8
74 0 0 3.6
74 200 720 3
74 400 1320 0.9
74 600 1500 3.9
74 800 2280 3.9
74 1000 3060 4.5
74 1200 3960 2.5
74 1400 4460 3.7
74 1600 5200 2.3
74 1800 5660 2.8
75 0 0 3.6
75 200 720 3
75 400 1320 0.9
75 600 1500 3.9
75 800 2280 3.9
75 1000 3060 4.5
75 1200 3960 2.5
75 1400 4460 3.7
75 1600 5200 2.3
75 1800 5660 2.8
76 0 0 3.6
76 200 720 3
76 400 1320 0.9
76 600 1500 3.9
76 800 2280 3.9
76 1000 3060 4.5
76 1200 3960 2.5
76 1400 4460 3.7
76 1600 5200 2.3
76 1800 5660 2.8
77 0 0 3.6
77 200 720 3
77 400 1320 0.9
77 600 1500 3.9
77 800 2280 3.9
77 1000 3060 4.5
77 1200 3960 2.5
77 1400 4460 3.7
77 1600 5200 2.3
77 1800 5660 2.8
78 0 0 3.6
78 200 720 3
78 400 1320 0.9
78 600 1500 3.9
78 800 2280 3.9
78 1000 3060 4.5
78 1200 3960 2.5
78 1400 4460 3.7
78 1600 5200 2.3
78 1800 5660 2.8
79 0 0 3.6
79 200 720 3
79 400 1320 0.9
79 600 1500 3.9
79 800 2280 3.9
79 1000 3060 4.5
79 1200 3960 2.5
79 1400 4460 3.7
79 1600 5200 2.3
79 1800 5660 2.8
80 0 0 3.6
80 200 720 3
80 400 1320 0.9
80 600 1500 3.9
80 800 2280 3.9
80 1000 3060 4.5
80 1200 3960 2.5
80 1400 4460 3.7
80 1600 5200 2.3
80 1800 5660 2.8
81 0 0 3.6
81 200 720 3
81 400 1320 0.9
81 600 1500 3.9
81 800 2280 3.9
81 1000 3060 4.5
81 1200 3960 2.5
81 1400 4460 3.7
81 1600 5200 2.3
81 1800 5660 2.8
82 0 0 3.6
82 200 720 3
82 400 1320 0.9
82 600 1500 3.9
82 800 2280 3.9
82 1000 3060 4.5
82 1200 3960 2.5
82 1400 4460 3.7
82 1600 5200 2.3
82 1800 5660 2.8
83 0 0 3.6
83 200 720 3
83 400 1320 0.9
83 600 1500 3.9
83 800 2280 3.9
83 1000 3060 4.5
83 1200 3960 2.5
83 1400 4460 3.7
83 1600 5200 2.3
83 1800 5660 2.8
84 0 0 3.6
84 200 720 3
84 400 1320 0.9
84 600 1500 3.9
84 800 2280 3.9
84 1000 3060 4.5
84 1200 3960 2.5
84 1400 4460 3.7
84 1600 5200 2.3
84 1800 5660 2.8
85 0 0 3.6
85 200 720 3
85 400 1320 0.9
85 600 1500 3.9
85 800 2280 3.9
85 1000 3060 4.5
85 1200 3960 2.5
85 1400 4460 3.7
85 1600 5200 2.3
85 1800 5660 2.8
86 0 0 3.6
86 200 720 3
86 400 1320 0.9
86 600 1500 3.9
86 800 2280 3.9
86 1000 3060 4.5
86 1200 3960 2.5
86 1400 4460 3.7
86 1600 5200 2.3
86 1800 5660 2.8
87 0 0 3.6
87 200 720 3
87 400 1320 0.9
87 600 1500 3.9
87 800 2280 3.9
87 1000 3060 4.5
87 1200 3960 2.5
87 1400 4460 3.7
87 1600 5200 2.3
87 1800 5660 2.8
88 0 0 3.6
88 200 720 3
88 400 1320 0.9
88 600 1500 3.9
88 800 2280 3.9
88 1000 3060 4.5
88 1200 3960 2.5
88 1400 4460 3.7
88 1600 5200 2.3
88 1800 5660 2.8
89 0 0 3.6
89 200 720 3
89 400 1320 0.9
89 600 1500 3.9
89 800 2280 3.9
89 1000 3060 4.5
89 1200 3960 2.5
89 1400 4460 3.7
89 1600 5200 2.3
89 1800 5660 2.8
90 0 0 3.6
90 200 720 3
90 400 1320 0.9
90 600 1500 3.9
90 800 2280 3.9
90 1000 3060 4.5
90 1200 3960 2.5
90 1400 4460 3.7
90 1600 5200 2.3
90 1800 5660 2.8
91 0 0 3.6
91 200 720 3
91 400 1320 0.9
91 600 1500 3.9
91 800 2280 3.9
91 1000 3060 4.5
91 1200 3960 2.5
91 1400 4460 3.7
91 1600 5200 2.3
91 1800 5660 2.8
92 0 0 3.6
92 200 720 3
92 400 1320 0.9
92 600 1500 3.9
92 800 2280 3.9
92 1000 3060 4.5
92 1200 3960 2.5
92 1400 4460 3.7
92 1600 5200 2.3
92 1800 5660 2.8
93 0 0 3.6
93 200 720 3
93 400 1320 0.9
93 600 1500 3.9
93 800 2280 3.9
93 1000 3060 4.5
93 1200 3960 2.5
93 1400 4460 3.7
93 1600 5200 2.3
93 1800 5660 2.8
94 0 0 3.6
94 200 720 3
94 400 1320 0.9
94 600 1500 3.9
94 800 2280 3.9
94 1000 3060 4.5
94 1200 3960 2.5
94 1400 4460 3.7
94 1600 5200 2.3
94 1800 5660 2.8
95 0 0 3.6
95 200 720 3
95 400 1320 0.9
95 600 1500 3.9
95 800 2280 3.9
95 1000 3060 4.5
95 1200 3960 2.5
95 1400 4460 3.7
95 1600 5200 2.3
95 1800 5660 2.8
96 0 0 3.6
96 200 720 3
96 400 1320 0.9
96 600 1500 3.9
96 800 2280 3.9
96 1000 3060 4.5
96 1200 3960 2.5
96 1400 4460 3.7
96 1600 5200 2.3
96 1800 5660 2.8
97 0 0 3.6
97 200 720 3
97 400 1320 0.9
97 600 1500 3.9
97 800 2280 3.9
97 1000 3060 4.5
97 1200 3960 2.5
97 1400 4460 3.7
97 1600 5200 2.3
97 1800 5660 2.8
98 0 0 3.6
98 200 720 3
98 400 1320 0.9
98 600 1500 3.9
98 800 2280 3.9
98 1000 3060 4.5
98 1200 3960 2.5
98 1400 4460 3.7
98 1600 5200 2.3
98 1800 5660 2.8
99 0 0 3.6
99 200 720 3
99 400 1320 0.9
99 600 1500 3.9
99 800 2280 3.9
99 1000 3060 4.5
99 1200 3960 2.5
99 1400 4460 3.7
99 1600 5200 2.3
99 1800 5660 2.8
100 0 0 3.6
100 200 720 3
100 400 1320 0.9
100 600 1500 3.9
100 800 2280 3.9
100 1000 3060 4.5
100 1200 3960 2.5
100 1400 4460 3.7
100 1600 5200 2.3
100 1800 5660 2.8
101 0 0 3.6
101 200 720 3
101 400 1320 0.9
101 600 1500 3.9
101 800 2280 3.9
101 1000 3060 4.5
101 1200 3960 2.5
101 1400 4460 3.7
101 1600 5200 2.3
101 1800 5660 2.8
102 0 0 3.6
102 200 720 3
102 400 1320 0.9
102 600 1500 3.9
102 800 2280 3.9
102 1000 3060 4.5
102 1200 3960 2.5
102 1400 4460 3.7
102 1600 5200 2.3
102 1800 5660 2.8
103 0 0 3.6
103 200 720 3
103 400 1320 0.9
103 600 1500 3.9
103 800 2280 3.9
103 1000 3060 4.5
103 1200 3960 2.5
103 1400 4460 3.7
103 1600 5200 2.3
103 1800 5660 2.8
104 0 0 3.6
104 200 720 3
104 400 1320 0.9
104 600 1500 3.9
104 800 2280 3.9
104 1000 3060 4.5
104 1200 3960 2.5
104 1400 4460 3.7
104 1600 5200 2.3
104 1800 5660 2.8
105 0 0 3.6
105 200 720 3
105 400 1320 0.9
105 600 1500 3.9
105 800 2280 3.9
105 1000 3060 4.5
105 1200 3960 2.5
105 1400 4460 3.7
105 1600 5200 2.3
105 1800 5660 2.8
106 0 0 3.6
106 200 720 3
106 400 1320 0.9
106 600 1500 3.9
106 800 2280 3.9
106 1000 3060 4.5
106 1200 3960 2.5
106 1400 4460 3.7
106 1600 5200 2.3
106 1800 5660 2.8
107 0 0 3.6
107 200 720 3
107 400 1320 0.9
107 600 1500 3.9
107 800 2280 3.9
107 1000 3060 4.5
107 1200 3960 2.5
107 1400 4460 3.7
107 1600 5200 2.3
107 1800 5660 2.8
108 0 0 3.6
108 200 720 3
108 400 1320 0.9
108 600 1500 3.9
108 800 2280 3.9
108 1000 3060 4.5
108 1200 3960 2.5
108 1400 4460 3.7
108 1600 5200 2.3
108 1800 5660 2.8
109 0 0 3.6
109 200 720 3
109 400 1320 0.9
109 600 1500 3.9
109 800 2280 3.9
109 1000 3060 4.5
109 1200 3960 2.5
109 1400 4460 3.7
109 1600 5200 2.3
109 1800 5660 2.8
110 0 0 3.6
110 200 720 3
110 400 1320 0.9
110 600 1500 3.9
110 800 2280 3.9
110 1000 3060 4.5
110 1200 3960 2.5
110 1400 4460 3.7
110 1600 5200 2.3
110 1800 5660 2.8
111 0 0 3.6
111 200 720 3
111 400 1320 0.9
111 600 1500 3.9
111 800 2280 3.9
111 1000 3060 4.5
111 1200 3960 2.5
111 1400 4460 3.7
111 1600 5200 2.3
111 1800 5660 2.8
112 0 0 3.6
112 200 720 3
112 400 1320 0.9
112 600 1500 3.9
112 800 2280 3.9
112 1000 3060 4.5
112 1200 3960 2.5
112 1400 4460 3.7
112 1600 5200 2.3
112 1800 5660 2.8
113 0 0 3.6
113 200 720 3
113 400 1320 0.9
113 600 1500 3.9
113 800 2280 3.9
113 1000 3060 4.5
113 1200 3960 2.5
113 1400 4460 3.7
113 1600 5200 2.3
113 1800 5660 2.8
114 0 0 3.6
114 200 720 3
114 400 1320 0.9
114 600 1500 3.9
114 800 2280 3.9
114 1000 3060 4.5
114 1200 3960 2.5
114 1400 4460 3.7
114 1600 5200 2.3
114 1800 5660 2.8
115 0 0 3.6
115 200 720 3
115 400 1320 0.9
115 600 1500 3.9
115 800 2280 3.9
115 1000 3060 4.5
115 1200 3960 2.5
115 1400 4460 3.7
115 1600 5200 2.3
115 1800 5660 2.8
116 0 0 3.6
116 200 720 3
116 400 1320 0.9
116 600 1500 3.9
116 800 2280 3.9
116 1000 3060 4.5
116 1200 3960 2.5
116 1400 4460 3.7
116 1600 5200 2.3
116 1800 5660 2.8
117 0 0 3.6
117 200 720 3
117 400 1320 0.9
117 600 1500 3.9
117 800 2280 3.9
117 1000 3060 4.5
117 1200 3960 2.5
117 1400 4460 3.7
117 1600 5200 2.3
117 1800 5660 2.8
118 0 0 3.6
118 200 720 3
118 400 1320 0.9
118 600 1500 3.9
118 800 2280 3.9
118 1000 3060 4.5
118 1200 3960 2.5
118 1400 4460 3.7
118 1600 5200 2.3
118 1800 5660 2.8
119 0 0 3.6
119 200 720 3
119 400 1320 0.9
119 600 1500 3.9
119 800 2280 3.9
119 1000 3060 4.5
119 1200 3960 2.5
119 1400 4460 3.7
119 1600 5200 2.3
119 1800 5660 2.8
120 0 0 3.6
120 200 720 3
120 400 1320 0.9
120 600 1500 3.9
120 800 2280 3.9
120 1000 3060 4.5
120 1200 3960 2.5
120 1400 4460 3.7
120 1600 5200 2.3
120 1800 5660 2.8
121 0 0 3.6
121 200 720 3
121 400 1320 0.9
121 600 1500 3.9
121 800 2280 3.9
121 1000 3060 4.5
121 1200 3960 2.5
121 1400 4460 3.7
121 1600 5200 2.3
121 1800 5660 2.8
122 0 0 3.6
122 200 720 3
122 400 1320 0.9
122 600 1500 3.9
122 800 2280 3.9
122 1000 3060 4.5
122 1200 3960 2.5
122 1400 4460 3.7
122 1600 5200 2.3
122 1800 5660 2.8
123 0 0 3.6
123 200 720 3
123 400 1320 0.9
123 600 1500 3.9
123 800 2280 3.9
123 1000 3060 4.5
123 1200 3960 2.5
123 1400 4460 3.7
123 1600 5200 2.3
123 1800 5660 2.8
124 0 0 3.6
124 200 720 3
124 400 1320 0.9
124 600 1500 3.9
124 800 2280 3.9
124 1000 3060 4.5
124 1200 3960 2.5
124 1400 4460 3.7
124 1600 5200 2.3
124 1800 5660 2.8
125 0 0 3.6
125 200 720 3
125 400 1320 0.9
125 600 1500 3.9
125 800 2280 3.9
125 1000 3060 4.5
125 1200 3960 2.5
125 1400 4460 3.7
125 1600 5200 2.3
125 1800 5660 2.8
126 0 0 3.6
126 200 720 3
126 400 1320 0.9
126 600 1500 3.9
126 800 2280 3.9
126 1000 3060 4.5
126 1200 3960 2.5
126 1400 4460 3.7
126 1600 5200 2.3
126 1800 5660 2.8
127 0 0 3.6
127 200 720 3
127 400 1320 0.9
127 600 1500 3.9
127 800 2280 3.9
127 1000 3060 4.5
127 1200 3960 2.5
127 1400 4460 3.7
127 1600 5200 2.3
127 1800 5660 2.8
128 0 0 3.6
128 200 720 3
128 400 1320 0.9
128 600 1500 3.9
128 800 2280 3.9
128 1000 3060 4.5
128 1200 3960 2.5
128 1400 4460 3.7
128 1600 5200 2.3
128 1800 5660 2.8
129 0 0 3.6
129 200 720 3
129 400 1320 0.9
129 600 1500 3.9
129 800 2280 3.9
129 1000 3060 4.5
129 1200 3960 2.5
129 1400 4460 3.7
129 1600 5200 2.3
129 1800 5660 2.8
130 0 0 3.6
130 200 720 3
130 400 1320 0.9
130 600 1500 3.9
130 800 2280 3.9
130 1000 3060 4.5
130 1200 3960 2.5
130 1400 4460 3.7
130 1600 5200 2.3
130 1800 5660 2.8
131 0 0 3.6
131 200 720 3
131 400 1320 0.9
131 600 1500 3.9
131 800 2280 3.9
131 1000 3060 4.5
131 1200 3960 2.5
131 1400 4460 3.7
131 1600 5200 2.3
131 1800 5660 2.8
132 0 0 3.6
132 200 720 3
132 400 1320 0.9
132 600 1500 3.9
132 800 2280 3.9
132 1000 3060 4.5
132 1200 3960 2.5
132 1400 4460 3.7
132 1600 5200 2.3
132 1800 5660 2.8
133 0 0 3.6
133 200 720 3
133 400 1320 0.9
133 600 1500 3.9
133 800 2280 3.9
133 1000 3060 4.5
133 1200 3960 2.5
133 1400 4460 3.7
133 1600 5200 2.3
133 1800 5660 2.8
134 0 0 3.6
134 200 720 3
134 400 1320 0.9
134 600 1500 3.9
134 800 2280 3.9
134 1000 3060 4.5
134 1200 3960 2.5
134 1400 4460 3.7
134 1600 5200 2.3
134 1800 5660 2.8
135 0 0 3.6
135 200 720 3
135 400 1320 0.9
135 600 1500 3.9
135 800 2280 3.9
135 1000 3060 4.5
135 1200 3960 2.5
135 1400 4460 3.7
135 1600 5200 2.3
135 1800 5660 2.8
136 0 0 3.6
136 200 720 3
136 400 1320 0.9
136 600 1500 3.9
136 800 2280 3.9
136 1000 3060 4.5
136 1200 3960 2.5
136 1400 4460 3.7
136 1600 5200 2.3
136 1800 5660 2.8
137 0 0 3.6
137 200 720 3
137 400 1320 0.9
137 600 1500 3.9
137 800 2280 3.9
137 1000 3060 4.5
137 1200 3960 2.5
137 1400 4460 3.7
137 1600 5200 2.3
137 1800 5660 2.8
138 0 0 3.6
138 200 720 3
138 400 1320 0.9
138 600 1500 3.9
138 800 2280 3.9
138 1000 3060 4.5
138 1200 3960 2.5
138 1400 4460 3.7
138 1600 5200 2.3
138 1800 5660 2.8
139 0 0 3.6
139 200 720 3
139 400 1320 0.9
139 600 1500 3.9
139 800 2280 3.9
139 1000 3060 4.5
139 1200 3960 2.5
139 1400 4460 3.7
139 1600 5200 2.3
139 1800 5660 2.8
140 0 0 3.6
140 200 720 3
140 400 1320 0.9
140 600 1500 3.9
140 800 2280 3.9
140 1000 3060 4.5
140 1200 3960 2.5
140 1400 4460 3.7
140 1600 5200 2.3
140 1800 5660 2.8
141 0 0 3.6
141 200 720 3
141 400 1320 0.9
141 600 1500 3.9
141 800 2280 3.9
141 1000 3060 4.5
141 1200 3960 2.5
141 1400 4460 3.7
141 1600 5200 2.3
141 1800 5660 2.8
142 0 0 3.6
142 200 720 3
142 400 1320 0.9
142 600 1500 3.9
142 800 2280 3.9
142 1000 3060 4.5
142 1200 3960 2.5
142 1400 4460 3.7
142 1600 5200 2.3
142 1800 5660 2.8
143 0 0 3.6
143 200 720 3
143 400 1320 0.9
143 600 1500 3.9
143 800 2280 3.9
143 1000 3060 4.5
143 1200 3960 2.5
143 1400 4460 3.7
143 1600 5200 2.3
143 1800 5660 2.8
144 0 0 3.6
144 200 720 3
144 400 1320 0.9
144 600 1500 3.9
144 800 2280 3.9
144 1000 3060 4.5
144 1200 3960 2.5
144 1400 4460 3.7
144 1600 5200 2.3
144 1800 5660 2.8
145 0 0 3.6
145 200 720 3
145 400 1320 0.9
145 600 1500 3.9
145 800 2280 3.9
145 1000 3060 4.5
145 1200 3960 2.5
145 1400 4460 3.7
145 1600 5200 2.3
145 1800 5660 2.8
146 0 0 3.6
146 200 720 3
146 400 1320 0.9
146 600 1500 3.9
146 800 2280 3.9
146 1000 3060 4.5
146 1200 3960 2.5
146 1400 4460 3.7
146 1600 5200 2.3
146 1800 5660 2.8
147 0 0 3.6
147 200 720 3
147 400 1320 0.9
147 600 1500 3.9
147 800 2280 3.9
147 1000 3060 4.5
147 1200 3960 2.5
147 1400 4460 3.7
147 1600 5200 2.3
147 1800 5660 2.8
148 0 0 3.6
148 200 720 3
148 400 1320 0.9
148 600 1500 3.9
148 800 2280 3.9
148 1000 3060 4.5
148 1200 3960 2.5
148 1400 4460 3.7
148 1600 5200 2.3
148 1800 5660 2.8
149 0 0 3.6
149 200 720 3
149 400 1320 0.9
149 600 1500 3.9
149 800 2280 3.9
149 1000 3060 4.5
149 1200 3960 2.5
149 1400 4460 3.7
149 1600 5200 2.3
149 1800 5660 2.8
150 0 0 3.6
150 200 720 3
150 400 1320 0.9
150 600 1500 3.9
150 800 2280 3.9
150 1000 3060 4.5
150 1200 3960 2.5
150 1400 4460 3.7
150 1600 5200 2.3
150 1800 5660 2.8
151 0 0 3.6
151 200 720 3
151 400 1320 0.9
151 600 1500 3.9
151 800 2280 3.9
151 1000 3060 4.5
151 1200 3960 2.5
151 1400 4460 3.7
151 1600 5200 2.3
151 1800 5660 2.8
152 0 0 3.6
152 200 720 3
152 400 1320 0.9
152 600 1500 3.9
152 800 2280 3.9
152 1000 3060 4.5
152 1200 3960 2.5
152 1400 4460 3.7
152 1600 5200 2.3
152 1800 5660 2.8
153 0 0 3.6
153 200 720 3
153 400 1320 0.9
153 600 1500 3.9
153 800 2280 3.9
153 1000 3060 4.5
153 1200 3960 2.5
153 1400 4460 3.7
153 1600 5200 2.3
153 1800 5660 2.8
154 0 0 3.6
154 200 720 3
154 400 1320 0.9
154 600 1500 3.9
154 800 2280 3.9
154 1000 3060 4.5
154 1200 3960 2.5
154 1400 4460 3.7
154 1600 5200 2.3
154 1800 5660 2.8
155 0 0 3.6
155 200 720 3
155 400 1320 0.9
155 600 1500 3.9
155 800 2280 3.9
155 1000 3060 4.5
155 1200 3960 2.5
155 1400 4460 3.7
155 1600 5200 2.3
155 1800 5660 2.8
156 0 0 3.6
156 200 720 3
156 400 1320 0.9
156 600 1500 3.9
156 800 2280 3.9
156 1000 3060 4.5
156 1200 3960 2.5
156 1400 4460 3.7
156 1600 5200 2.3
156 1800 5660 2.8
157 0 0 3.6
157 200 720 3
157 400 1320 0.9
157 600 1500 3.9
157 800 2280 3.9
157 1000 3060 4.5
157 1200 3960 2.5
157 1400 4460 3.7
157 1600 5200 2.3
157 1800 5660 2.8
158 0 0 3.6
158 200 720 3
158 400 1320 0.9
158 600 1500 3.9
158 800 2280 3.9
158 1000 3060 4.5
158 1200 3960 2.5
158 1400 4460 3.7
158 1600 5200 2.3
158 1800 5660 2.8
159 0 0 3.6
159 200 720 3
159 400 1320 0.9
159 600 1500 3.9
159 800 2280 3.9
159 1000 3060 4.5
159 1200 3960 2.5
159 1400 4460 3.7
159 1600 5200 2.3
159 1800 5660 2.8
160 0 0 3.6
160 200 720 3
160 400 1320 0.9
160 600 1500 3.9
160 800 2280 3.9
160 1000 3060 4.5
160 1200 3960 2.5
160 1400 4460 3.7
160 1600 5200 2.3
160 1800 5660 2.8
161 0 0 3.6
161 200 720 3
161 400 1320 0.9
161 600 1500 3.9
161 800 2280 3.9
161 1000 3060 4.5
161 1200 3960 2.5
161 1400 4460 3.7
161 1600 5200 2.3
161 1800 5660 2.8
162 0 0 3.6
162 200 720 3
162 400 1320 0.9
162 600 1500 3.9
162 800 2280 3.9
162 1000 3060 4.5
162 1200 3960 2.5
162 1400 4460 3.7
162 1600 5200 2.3
162 1800 5660 2.8
163 0 0 3.6
163 200 720 3
163 400 1320 0.9
163 600 1500 3.9
163 800 2280 3.9
163 1000 3060 4.5
163 1200 3960 2.5
163 1400 4460 3.7
163 1600 5200 2.3
163 1800 5660 2.8
164 0 0 3.6
164 200 720 3
164 400 1320 0.9
164 600 1500 3.9
164 800 2280 3.9
164 1000 3060 4.5
164 1200 3960 2.5
164 1400 4460 3.7
164 1600 5200 2.3
164 1800 5660 2.8
165 0 0 3.6
165 200 720 3
165 400 1320 0.9
165 600 1500 3.9
165 800 2280 3.9
165 1000 3060 4.5
165 1200 3960 2.5
165 1400 4460 3.7
165 1600 5200 2.3
165 1800 5660 2.8
166 0 0 3.6
166 200 720 3
166 400 1320 0.9
166 600 1500 3.9
166 800 2280 3.9
166 1000 3060 4.5
166 1200 3960 2.5
166 1400 4460 3.7
166 1600 5200 2.3
166 1800 5660 2.8
167 0 0 3.6
167 200 720 3
167 400 1320 0.9
167 600 1500 3.9
167 800 2280 3.9
167 1000 3060 4.5
167 1200 3960 2.5
167 1400 4460 3.7
167 1600 5200 2.3
167 1800 5660 2.8
168 0 0 3.6
168 200 720 3
168 400 1320 0.9
168 600 1500 3.9
168 800 2280 3.9
168 1000 3060 4.5
168 1200 3960 2.5
168 1400 4460 3.7
168 1600 5200 2.3
168 1800 5660 2.8
169 0 0 3.6
169 200 720 3
169 400 1320 0.9
169 600 1500 3.9
169 800 2280 3.9
169 1000 3060 4.5
169 1200 3960 2.5
169 1400 4460 3.7
169 1600 5200 2.3
169 1800 5660 2.8
170 0 0 3.6
170 200 720 3
170 400 1320 0.9
170 600 1500 3.9
170 800 2280 3.9
170 1000 3060 4.5
170 1200 3960 2.5
170 1400 4460 3.7
170 1600 5200 2.3
170 1800 5660 2.8
171 0 0 3.6
171 200 720 3
171 400 1320 0.9
171 600 1500 3.9
171 800 2280 3.9
171 1000 3060 4.5
171 1200 3960 2.5
171 1400 4460 3.7
171 1600 5200 2.3
171 1800 5660 2.8
172 0 0 3.6
172 200 720 3
172 400 1320 0.9
172 600 1500 3.9
172 800 2280 3.9
172 1000 3060 4.5
172 1200 3960 2.5
172 1400 4460 3.7
172 1600 5200 2.3
172 1800 5660 2.8
173 0 0 3.6
173 200 720 3
173 400 1320 0.9
173 600 1500 3.9
173 800 2280 3.9
173 1000 3060 4.5
173 1200 3960 2.5
173 1400 4460 3.7
173 1600 5200 2.3
173 1800 5660 2.8
174 0 0 3.6
174 200 720 3
174 400 1320 0.9
174 600 1500 3.9
174 800 2280 3.9
174 1000 3060 4.5
174 1200 3960 2.5
174 1400 4460 3.7
174 1600 5200 2.3
174 1800 5660 2.8
175 0 0 3.6
175 200 720 3
175 400 1320 0.9
175 600 1500 3.9
175 800 2280 3.9
175 1000 3060 4.5
175 1200 3960 2.5
175 1400 4460 3.7
175 1600 5200 2.3
175 1800 5660 2.8
176 0 0 3.6
176 200 720 3
176 400 1320 0.9
176 600 1500 3.9
176 800 2280 3.9
176 1000 3060 4.5
176 1200 3960 2.5
176 1400 4460 3.7
176 1600 5200 2.3
176 1800 5660 2.8
177 0 0 3.6
177 200 720 3
177 400 1320 0.9
177 600 1500 3.9
177 800 2280 3.9
177 1000 3060 4.5
177 1200 3960 2.5
177 1400 4460 3.7
177 1600 5200 2.3
177 1800 5660 2.8
178 0 0 3.6
178 200 720 3
178 400 1320 0.9
178 600 1500 3.9
178 800 2280 3.9
178 1000 3060 4.5
178 1200 3960 2.5
178 1400 4460 3.7
178 1600 5200 2.3
178 1800 5660 2.8
179 0 0 3.6
179 200 720 3
179 400 1320 0.9
179 600 1500 3.9
179 800 2280 3.9
179 1000 3060 4.5
179 1200 3960 2.5
179 1400 4460 3.7
179 1600 5200 2.3
179 1800 5660 2.8
180 0 0 3.6
180 200 720 3
180 400 1320 0.9
180 600 1500 3.9
180 800 2280 3.9
180 1000 3060 4.5
180 1200 3960 2.5
180 1400 4460 3.7
180 1600 5200 2.3
180 1800 5660 2.8
181 0 0 3.6
181 200 720 3
181 400 1320 0.9
181 600 1500 3.9
181 800 2280 3.9
181 1000 3060 4.5
181 1200 3960 2.5
181 1400 4460 3.7
181 1600 5200 2.3
181 1800 5660 2.8
182 0 0 3.6
182 200 720 3
182 400 1320 0.9
182 600 1500 3.9
182 800 2280 3.9
182 1000 3060 4.5
182 1200 3960 2.5
182 1400 4460 3.7
182 1600 5200 2.3
182 1800 5660 2.8
183 0 0 3.6
183 200 720 3
183 400 1320 0.9
183 600 1500 3.9
183 800 2280 3.9
183 1000 3060 4.5
183 1200 3960 2.5
183 1400 4460 3.7
183 1600 5200 2.3
183 1800 5660 2.8
184 0 0 3.6
184 200 720 3
184 400 1320 0.9
184 600 1500 3.9
184 800 2280 3.9
184 1000 3060 4.5
184 1200 3960 2.5
184 1400 4460 3.7
184 1600 5200 2.3
184 1800 5660 2.8
185 0 0 3.6
185 200 720 3
185 400 1320 0.9
185 600 1500 3.9
185 800 2280 3.9
185 1000 3060 4.5
185 1200 3960 2.5
185 1400 4460 3.7
185 1600 5200 2.3
185 1800 5660 2.8
186 0 0 3.6
186 200 720 3
186 400 1320 0.9
186 600 1500 3.9
186 800 2280 3.9
186 1000 3060 4.5
186 1200 3960 2.5
186 1400 4460 3.7
186 1600 5200 2.3
186 1800 5660 2.8
187 0 0 3.6
187 200 720 3
187 400 1320 0.9
187 600 1500 3.9
187 800 2280 3.9
187 1000 3060 4.5
187 1200 3960 2.5
187 1400 4460 3.7
187 1600 5200 2.3
187 1800 5660 2.8
188 0 0 3.6
188 200 720 3
188 400 1320 0.9
188 600 1500 3.9
188 800 2280 3.9
188 1000 3060 4.5
188 1200 3960 2.5
188 1400 4460 3.7
188 1600 5200 2.3
188 1800 5660 2.8
189 0 0 3.6
189 200 720 3
189 400 1320 0.9
189 600 1500 3.9
189 800 2280 3.9
189 1000 3060 4.5
189 1200 3960 2.5
189 1400 4460 3.7
189 1600 5200 2.3
189 1800 5660 2.8
190 0 0 3.6
190 200 720 3
190 400 1320 0.9
190 600 1500 3.9
190 800 2280 3.9
190 1000 3060 4.5
190 1200 3960 2.5
190 1400 4460 3.7
190 1600 5200 2.3
190 1800 5660 2.8
191 0 0 3.6
191 200 720 3
191 400 1320 0.9
191 600 1500 3.9
191 800 2280 3.9
191 1000 3060 4.5
191 1200 3960 2.5
191 1400 4460 3.7
191 1600 5200 2.3
191 1800 5660 2.8
192 0 0 3.6
192 200 720 3
192 400 1320 0.9
192 600 1500 3.9
192 800 2280 3.9
192 1000 3060 4.5
192 1200 3960 2.5
192 1400 4460 3.7
192 1600 5200 2.3
192 1800 5660 2.8
193 0 0 3.6
193 200 720 3
193 400 1320 0.9
193 600 1500 3.9
193 800 2280 3.9
193 1000 3060 4.5
193 1200 3960 2.5
193 1400 4460 3.7
193 1600 5200 2.3
193 1800 5660 2.8
194 0 0 3.6
194 200 720 3
194 400 1320 0.9
194 600 1500 3.9
194 800 2280 3.9
194 1000 3060 4.5
194 1200 3960 2.5
194 1400 4460 3.7
194 1600 5200 2.3
194 1800 5660 2.8
195 0 0 3.6
195 200 720 3
195 400 1320 0.9
195 600 1500 3.9
195 800 2280 3.9
195 1000 3060 4.5
195 1200 3960 2.5
195 1400 4460 3.7
195 1600 5200 2.3
195 1800 5660 2.8
196 0 0 3.6
196 200 720 3
196 400 1320 0.9
196 600 1500 3.9
196 800 2280 3.9
196 1000 3060 4.5
196 1200 3960 2.5
196 1400 4460 3.7
196 1600 5200 2.3
196 1800 5660 2.8
197 0 0 3.6
197 200 720 3
197 400 1320 0.9
197 600 1500 3.9
197 800 2280 3.9
197 1000 3060 4.5
197 1200 3960 2.5
197 1400 4460 3.7
197 1600 5200 2.3
197 1800 5660 2.8
198 0 0 3.6
198 200 720 3
198 400 1320 0.9
198 600 1500 3.9
198 800 2280 3.9
198 1000 3060 4.5
198 1200 3960 2.5
198 1400 4460 3.7
198 1600 5200 2.3
198 1800 5660 2.8
199 0 0 3.6
199 200 720 3
199 400 1320 0.9
199 600 1500 3.9
199 800 2280 3.9
199 1000 3060 4.5
199 1200 3960 2.5
199 1400 4460 3.7
199 1600 5200 2.3
199 1800 5660 2.8
200 0 0 3.6
200 200 720 3
200 400 1320 0.9
200 600 1500 3.9
200 800 2280 3.9
200 1000 3060 4.5
200 1200 3960 2.5
200 1400 4460 3.7
200 1600 5200 2.3
200 1800 5660 2.8
201 0 0 3.6
201 200 720 3
201 400 1320 0.9
201 600 1500 3.9
201 800 2280 3.9
201 1000 3060 4.5
201 1200 3960 2.5
201 1400 4460 3.7
201 1600 5200 2.3
201 1800 5660 2.8
202 0 0 3.6
202 200 720 3
202 400 1320 0.9
202 600 1500 3.9
202 800 2280 3.9
202 1000 3060 4.5
202 1200 3960 2.5
202 1400 4460 3.7
202 1600 5200 2.3
202 1800 5660 2.8
203 0 0 3.6
203 200 720 3
203 400 1320 0.9
203 600 1500 3.9
203 800 2280 3.9
203 1000 3060 4.5
203 1200 3960 2.5
203 1400 4460 3.7
203 1600 5200 2.3
203 1800 5660 2.8
204 0 0 3.6
204 200 720 3
204 400 1320 0.9
204 600 1500 3.9
204 800 2280 3.9
204 1000 3060 4.5
204 1200 3960 2.5
204 1400 4460 3.7
204 1600 5200 2.3
204 1800 5660 2.8
205 0 0 3.6
205 200 720 3
205 400 1320 0.9
205 600 1500 3.9
205 800 2280 3.9
205 1000 3060 4.5
205 1200 3960 2.5
205 1400 4460 3.7
205 1600 5200 2.3
205 1800 5660 2.8
206 0 0 3.6
206 200 720 3
206 400 1320 0.9
206 600 1500 3.9
206 800 2280 3.9
206 1000 3060 4.5
206 1200 3960 2.5
206 1400 4460 3.7
206 1600 5200 2.3
206 1800 5660 2.8
207 0 0 3.6
207 200 720 3
207 400 1320 0.9
207 600 1500 3.9
207 800 2280 3.9
207 1000 3060 4.5
207 1200 3960 2.5
207 1400 4460 3.7
207 1600 5200 2.3
207 1800 5660 2.8
208 0 0 3.6
208 200 720 3
208 400 1320 0.9
208 600 1500 3.9
208 800 2280 3.9
208 1000 3060 4.5
208 1200 3960 2.5
208 1400 4460 3.7
208 1600 5200 2.3
208 1800 5660 2.8
209 0 0 3.6
209 200 720 3
209 400 1320 0.9
209 600 1500 3.9
209 800 2280 3.9
209 1000 3060 4.5
209 1200 3960 2.5
209 1400 4460 3.7
209 1600 5200 2.3
209 1800 5660 2.8
210 0 0 3.6
210 200 720 3
210 400 1320 0.9
210 600 1500 3.9
210 800 2280 3.9
210 1000 3060 4.5
210 1200 3960 2.5
210 1400 4460 3.7
210 1600 5200 2.3
210 1800 5660 2.8
211 0 0 3.6
211 200 720 3
211 400 1320 0.9
211 600 1500 3.9
211 800 2280 3.9
211 1000 3060 4.5
211 1200 3960 2.5
211 1400 4460 3.7
211 1600 5200 2.3
211 1800 5660 2.8
212 0 0 3.6
212 200 720 3
212 400 1320 0.9
212 600 1500 3.9
212 800 2280 3.9
212 1000 3060 4.5
212 1200 3960 2.5
212 1400 4460 3.7
212 1600 5200 2.3
212 1800 5660 2.8
213 0 0 3.6
213 200 720 3
213 400 1320 0.9
213 600 1500 3.9
213 800 2280 3.9
213 1000 3060 4.5
213 1200 3960 2.5
213 1400 4460 3.7
213 1600 5200 2.3
213 1800 5660 2.8
214 0 0 3.6
214 200 720 3
214 400 1320 0.9
214 600 1500 3.9
214 800 2280 3.9
214 1000 3060 4.5
214 1200 3960 2.5
214 1400 4460 3.7
214 1600 5200 2.3
214 1800 5660 2.8
215 0 0 3.6
215 200 720 3
215 400 1320 0.9
215 600 1500 3.9
215 800 2280 3.9
215 1000 3060 4.5
215 1200 3960 2.5
215 1400 4460 3.7
215 1600 5200 2.3
215 1800 5660 2.8
216 0 0 3.6
216 200 720 3
216 400 1320 0.9
216 600 1500 3.9
216 800 2280 3.9
216 1000 3060 4.5
216 1200 3960 2.5
216 1400 4460 3.7
216 1600 5200 2.3
216 1800 5660 2.8
217 0 0 3.6
217 200 720 3
217 400 1320 0.9
217 600 1500 3.9
217 800 2280 3.9
217 1000 3060 4.5
217 1200 3960 2.5
217 1400 4460 3.7
217 1600 5200 2.3
217 1800 5660 2.8
218 0 0 3.6
218 200 720 3
218 400 1320 0.9
218 600 1500 3.9
218 800 2280 3.9
218 1000 3060 4.5
218 1200 3960 2.5
218 1400 4460 3.7
218 1600 5200 2.3
218 1800 5660 2.8
219 0 0 3.6
219 200 720 3
219 400 1320 0.9
219 600 1500 3.9
219 800 2280 3.9
219 1000 3060 4.5
219 1200 3960 2.5
219 1400 4460 3.7
219 1600 5200 2.3
219 1800 5660 2.8
220 0 0 3.6
220 200 720 3
220 400 1320 0.9
220 600 1500 3.9
220 800 2280 3.9
220 1000 3060 4.5
220 1200 3960 2.5
220 1400 4460 3.7
220 1600 5200 2.3
220 1800 5660 2.8
221 0 0 3.6
221 200 720 3
221 400 1320 0.9
221 600 1500 3.9
221 800 2280 3.9
221 1000 3060 4.5
221 1200 3960 2.5
221 1400 4460 3.7
221 1600 5200 2.3
221 1800 5660 2.8
222 0 0 3.6
222 200 720 3
222 400 1320 0.9
222 600 1500 3.9
222 800 2280 3.9
222 1000 3060 4.5
222 1200 3960 2.5
222 1400 4460 3.7
222 1600 5200 2.3
222 1800 5660 2.8
223 0 0 3.6
223 200 720 3
223 400 1320 0.9
223 600 1500 3.9
223 800 2280 3.9
223 1000 3060 4.5
223 1200 3960 2.5
223 1400 4460 3.7
223 1600 5200 2.3
223 1800 5660 2.8
224 0 0 3.6
224 200 720 3
224 400 1320 0.9
224 600 1500 3.9
224 800 2280 3.9
224 1000 3060 4.5
224 1200 3960 2.5
224 1400 4460 3.7
224 1600 5200 2.3
224 1800 5660 2.8
225 0 0 3.6
225 200 720 3
225 400 1320 0.9
225 600 1500 3.9
225 800 2280 3.9
225 1000 3060 4.5
225 1200 3960 2.5
225 1400 4460 3.7
225 1600 5200 2.3
225 1800 5660 2.8
226 0 0 3.6
226 200 720 3
226 400 1320 0.9
226 600 1500 3.9
226 800 2280 3.9
226 1000 3060 4.5
226 1200 3960 2.5
226 1400 4460 3.7
226 1600 5200 2.3
226 1800 5660 2.8
227 0 0 3.6
227 200 720 3
227 400 1320 0.9
227 600 1500 3.9
227 800 2280 3.9
227 1000 3060 4.5
227 1200 3960 2.5
227 1400 4460 3.7
227 1600 5200 2.3
227 1800 5660 2.8
228 0 0 3.6
228 200 720 3
228 400 1320 0.9
228 600 1500 3.9
228 800 2280 3.9
228 1000 3060 4.5
228 1200 3960 2.5
228 1400 4460 3.7
228 1600 5200 2.3
228 1800 5660 2.8
229 0 0 3.6
229 200 720 3
229 400 1320 0.9
229 600 1500 3.9
229 800 2280 3.9
229 1000 3060 4.5
229 1200 3960 2.5
229 1400 4460 3.7
229 1600 5200 2.3
229 1800 5660 2.8
230 0 0 3.6
230 200 720 3
230 400 1320 0.9
230 600 1500 3.9
230 800 2280 3.9
230 1000 3060 4.5
230 1200 3960 2.5
230 1400 4460 3.7
230 1600 5200 2.3
230 1800 5660 2.8
231 0 0 3.6
231 200 720 3
231 400 1320 0.9
231 600 1500 3.9
231 800 2280 3.9
231 1000 3060 4.5
231 1200 3960 2.5
231 1400 4460 3.7
231 1600 5200 2.3
231 1800 5660 2.8
232 0 0 3.6
232 200 720 3
232 400 1320 0.9
232 600 1500 3.9
232 800 2280 3.9
232 1000 3060 4.5
232 1200 3960 2.5
232 1400 4460 3.7
232 1600 5200 2.3
232 1800 5660 2.8
233 0 0 3.6
233 200 720 3
233 400 1320 0.9
233 600 1500 3.9
233 800 2280 3.9
233 1000 3060 4.5
233 1200 3960 2.5
233 1400 4460 3.7
233 1600 5200 2.3
233 1800 5660 2.8
234 0 0 3.6
234 200 720 3
234 400 1320 0.9
234 600 1500 3.9
234 800 2280 3.9
234 1000 3060 4.5
234 1200 3960 2.5
234 1400 4460 3.7
234 1600 5200 2.3
234 1800 5660 2.8
235 0 0 3.6
235 200 720 3
235 400 1320 0.9
235 600 1500 3.9
235 800 2280 3.9
235 1000 3060 4.5
235 1200 3960 2.5
235 1400 4460 3.7
235 1600 5200 2.3
235 1800 5660 2.8
236 0 0 3.6
236 200 720 3
236 400 1320 0.9
236 600 1500 3.9
236 800 2280 3.9
236 1000 3060 4.5
236 1200 3960 2.5
236 1400 4460 3.7
236 1600 5200 2.3
236 1800 5660 2.8
237 0 0 3.6
237 200 720 3
237 400 1320 0.9
237 600 1500 3.9
237 800 2280 3.9
237 1000 3060 4.5
237 1200 3960 2.5
237 1400 4460 3.7
237 1600 5200 2.3
237 1800 5660 2.8
238 0 0 3.6
238 200 720 3
238 400 1320 0.9
238 600 1500 3.9
238 800 2280 3.9
238 1000 3060 4.5
238 1200 3960 2.5
238 1400 4460 3.7
238 1600 5200 2.3
238 1800 5660 2.8
239 0 0 3.6
239 200 720 3
239 400 1320 0.9
239 600 1500 3.9
239 800 2280 3.9
239 1000 3060 4.5
239 1200 3960 2.5
239 1400 4460 3.7
239 1600 5200 2.3
239 1800 5660 2.8
240 0 0 3.6
240 200 720 3
240 400 1320 0.9
240 600 1500 3.9
240 800 2280 3.9
240 1000 3060 4.5
240 1200 3960 2.5
240 1400 4460 3.7
240 1600 5200 2.3
240 1800 5660 2.8
241 0 0 3.6
241 200 720 3
241 400 1320 0.9
241 600 1500 3.9
241 800 2280 3.9
241 1000 3060 4.5
241 1200 3960 2.5
241 1400 4460 3.7
241 1600 5200 2.3
241 1800 5660 2.8
242 0 0 3.6
242 200 720 3
242 400 1320 0.9
242 600 1500 3.9
242 800 2280 3.9
242 1000 3060 4.5
242 1200 3960 2.5
242 1400 4460 3.7
242 1600 5200 2.3
242 1800 5660 2.8
243 0 0 3.6
243 200 720 3
243 400 1320 0.9
243 600 1500 3.9
243 800 2280 3.9
243 1000 3060 4.5
243 1200 3960 2.5
243 1400 4460 3.7
243 1600 5200 2.3
243 1800 5660 2.8
244 0 0 3.6
244 200 720 3
244 400 1320 0.9
244 600 1500 3.9
244 800 2280 3.9
244 1000 3060 4.5
244 1200 3960 2.5
244 1400 4460 3.7
244 1600 5200 2.3
244 1800 5660 2.8
245 0 0 3.6
245 200 720 3
245 400 1320 0.9
245 600 1500 3.9
245 800 2280 3.9
245 1000 3060 4.5
245 1200 3960 2.5
245 1400 4460 3.7
245 1600 5200 2.3
245 1800 5660 2.8
246 0 0 3.6
246 200 720 3
246 400 1320 0.9
246 600 1500 3.9
246 800 2280 3.9
246 1000 3060 4.5
246 1200 3960 2.5
246 1400 4460 3.7
246 1600 5200 2.3
246 1800 5660 2.8
247 0 0 3.6
247 200 720 3
247 400 1320 0.9
247 600 1500 3.9
247 800 2280 3.9
247 1000 3060 4.5
247 1200 3960 2.5
247 1400 4460 3.7
247 1600 5200 2.3
247 1800 5660 2.8
248 0 0 3.6
248 200 720 3
248 400 1320 0.9
248 600 1500 3.9
248 800 2280 3.9
248 1000 3060 4.5
248 1200 3960 2.5
248 1400 4460 3.7
248 1600 5200 2.3
248 1800 5660 2.8
249 0 0 3.6
249 200 720 3
249 400 1320 0.9
249 600 1500 3.9
249 800 2280 3.9
249 1000 3060 4.5
249 1200 3960 2.5
249 1400 4460 3.7
249 1600 5200 2.3
249 1800 5660 2.8
250 0 0 3.6
250 200 720 3
250 400 1320 0.9
250 600 1500 3.9
250 800 2280 3.9
250 1000 3060 4.5
250 1200 3960 2.5
250 1400 4460 3.7
250 1600 5200 2.3
250 1800 5660 2.8
251 0 0 3.6
251 200 720 3
251 400 1320 0.9
251 600 1500 3.9
251 800 2280 3.9
251 1000 3060 4.5
251 1200 3960 2.5
251 1400 4460 3.7
251 1600 5200 2.3
251 1800 5660 2.8
252 0 0 3.6
252 200 720 3
252 400 1320 0.9
252 600 1500 3.9
252 800 2280 3.9
252 1000 3060 4.5
252 1200 3960 2.5
252 1400 4460 3.7
252 1600 5200 2.3
252 1800 5660 2.8
253 0 0 3.6
253 200 720 3
253 400 1320 0.9
253 600 1500 3.9
253 800 2280 3.9
253 1000 3060 4.5
253 1200 3960 2.5
253 1400 4460 3.7
253 1600 5200 2.3
253 1800 5660 2.8
254 0 0 3.6
254 200 720 3
254 400 1320 0.9
254 600 1500 3.9
254 800 2280 3.9
254 1000 3060 4.5
254 1200 3960 2.5
254 1400 4460 3.7
254 1600 5200 2.3
254 1800 5660 2.8
255 0 0 3.6
255 200 720 3
255 400 1320 0.9
255 600 1500 3.9
255 800 2280 3.9
255 1000 3060 4.5
255 1200 3960 2.5
255 1400 4460 3.7
255 1600 5200 2.3
255 1800 5660 2.8
256 0 0 3.6
256 200 720 3
256 400 1320 0.9
256 600 1500 3.9
256 800 2280 3.9
256 1000 3060 4.5
256 1200 3960 2.5
256 1400 4460 3.7
256 1600 5200 2.3
256 1800 5660 2.8
257 0 0 3.6
257 200 720 3
257 400 1320 0.9
257 600 1500 3.9
257 800 2280 3.9
257 1000 3060 4.5
257 1200 3960 2.5
257 1400 4460 3.7
257 1600 5200 2.3
257 1800 5660 2.8
258 0 0 3.6
258 200 720 3
258 400 1320 0.9
258 600 1500 3.9
258 800 2280 3.9
258 1000 3060 4.5
258 1200 3960 2.5
258 1400 4460 3.7
258 1600 5200 2.3
258 1800 5660 2.8
259 0 0 3.6
259 200 720 3
259 400 1320 0.9
259 600 1500 3.9
259 800 2280 3.9
259 1000 3060 4.5
259 1200 3960 2.5
259 1400 4460 3.7
259 1600 5200 2.3
259 1800 5660 2.8
260 0 0 3.6
260 200 720 3
260 400 1320 0.9
260 600 1500 3.9
260 800 2280 3.9
260 1000 3060 4.5
260 1200 3960 2.5
260 1400 4460 3.7
260 1600 5200 2.3
260 1800 5660 2.8
261 0 0 3.6
261 200 720 3
261 400 1320 0.9
261 600 1500 3.9
261 800 2280 3.9
261 1000 3060 4.5
261 1200 3960 2.5
261 1400 4460 3.7
261 1600 5200 2.3
261 1800 5660 2.8
262 0 0 3.6
262 200 720 3
262 400 1320 0.9
262 600 1500 3.9
262 800 2280 3.9
262 1000 3060 4.5
262 1200 3960 2.5
262 1400 4460 3.7
262 1600 5200 2.3
262 1800 5660 2.8
263 0 0 3.6
263 200 720 3
263 400 1320 0.9
263 600 1500 3.9
263 800 2280 3.9
263 1000 3060 4.5
263 1200 3960 2.5
263 1400 4460 3.7
263 1600 5200 2.3
263 1800 5660 2.8
264 0 0 3.6
264 200 720 3
264 400 1320 0.9
264 600 1500 3.9
264 800 2280 3.9
264 1000 3060 4.5
264 1200 3960 2.5
264 1400 4460 3.7
264 1600 5200 2.3
264 1800 5660 2.8
265 0 0 3.6
265 200 720 3
265 400 1320 0.9
265 600 1500 3.9
265 800 2280 3.9
265 1000 3060 4.5
265 1200 3960 2.5
265 1400 4460 3.7
265 1600 5200 2.3
265 1800 5660 2.8
266 0 0 3.6
266 200 720 3
266 400 1320 0.9
266 600 1500 3.9
266 800 2280 3.9
266 1000 3060 4.5
266 1200 3960 2.5
266 1400 4460 3.7
266 1600 5200 2.3
266 1800 5660 2.8
267 0 0 3.6
267 200 720 3
267 400 1320 0.9
267 600 1500 3.9
267 800 2280 3.9
267 1000 3060 4.5
267 1200 3960 2.5
267 1400 4460 3.7
267 1600 5200 2.3
267 1800 5660 2.8
268 0 0 3.6
268 200 720 3
268 400 1320 0.9
268 600 1500 3.9
268 800 2280 3.9
268 1000 3060 4.5
268 1200 3960 2.5
268 1400 4460 3.7
268 1600 5200 2.3
268 1800 5660 2.8
269 0 0 3.6
269 200 720 3
269 400 1320 0.9
269 600 1500 3.9
269 800 2280 3.9
269 1000 3060 4.5
269 1200 3960 2.5
269 1400 4460 3.7
269 1600 5200 2.3
269 1800 5660 2.8
270 0 0 3.6
270 200 720 3
270 400 1320 0.9
270 600 1500 3.9
270 800 2280 3.9
270 1000 3060 4.5
270 1200 3960 2.5
270 1400 4460 3.7
270 1600 5200 2.3
270 1800 5660 2.8
271 0 0 3.6
271 200 720 3
271 400 1320 0.9
271 600 1500 3.9
271 800 2280 3.9
271 1000 3060 4.5
271 1200 3960 2.5
271 1400 4460 3.7
271 1600 5200 2.3
271 1800 5660 2.8
272 0 0 3.6
272 200 720 3
272 400 1320 0.9
272 600 1500 3.9
272 800 2280 3.9
272 1000 3060 4.5
272 1200 3960 2.5
272 1400 4460 3.7
272 1600 5200 2.3
272 1800 5660 2.8
273 0 0 3.6
273 200 720 3
273 400 1320 0.9
273 600 1500 3.9
273 800 2280 3.9
273 1000 3060 4.5
273 1200 3960 2.5
273 1400 4460 3.7
273 1600 5200 2.3
273 1800 5660 2.8
274 0 0 3.6
274 200 720 3
274 400 1320 0.9
274 600 1500 3.9
274 800 2280 3.9
274 1000 3060 4.5
274 1200 3960 2.5
274 1400 4460 3.7
274 1600 5200 2.3
274 1800 5660 2.8
275 0 0 3.6
275 200 720 3
275 400 1320 0.9
275 600 1500 3.9
275 800 2280 3.9
275 1000 3060 4.5
275 1200 3960 2.5
275 1400 4460 3.7
275 1600 5200 2.3
275 1800 5660 2.8
276 0 0 3.6
276 200 720 3
276 400 1320 0.9
276 600 1500 3.9
276 800 2280 3.9
276 1000 3060 4.5
276 1200 3960 2.5
276 1400 4460 3.7
276 1600 5200 2.3
276 1800 5660 2.8
277 0 0 3.6
277 200 720 3
277 400 1320 0.9
277 600 1500 3.9
277 800 2280 3.9
277 1000 3060 4.5
277 1200 3960 2.5
277 1400 4460 3.7
277 1600 5200 2.3
277 1800 5660 2.8
278 0 0 3.6
278 200 720 3
278 400 1320 0.9
278 600 1500 3.9
278 800 2280 3.9
278 1000 3060 4.5
278 1200 3960 2.5
278 1400 4460 3.7
278 1600 5200 2.3
278 1800 5660 2.8
279 0 0 3.6
279 200 720 3
279 400 1320 0.9
279 600 1500 3.9
279 800 2280 3.9
279 1000 3060 4.5
279 1200 3960 2.5
279 1400 4460 3.7
279 1600 5200 2.3
279 1800 5660 2.8
280 0 0 3.6
280 200 720 3
280 400 1320 0.9
280 600 1500 3.9
280 800 2280 3.9
280 1000 3060 4.5
280 1200 3960 2.5
280 1400 4460 3.7
280 1600 5200 2.3
280 1800 5660 2.8
281 0 0 3.6
281 200 720 3
281 400 1320 0.9
281 600 1500 3.9
281 800 2280 3.9
281 1000 3060 4.5
281 1200 3960 2.5
281 1400 4460 3.7
281 1600 5200 2.3
281 1800 5660 2.8
282 0 0 3.6
282 200 720 3
282 400 1320 0.9
282 600 1500 3.9
282 800 2280 3.9
282 1000 3060 4.5
282 1200 3960 2.5
282 1400 4460 3.7
282 1600 5200 2.3
282 1800 5660 2.8
283 0 0 3.6
283 200 720 3
283 400 1320 0.9
283 600 1500 3.9
283 800 2280 3.9
283 1000 3060 4.5
283 1200 3960 2.5
283 1400 4460 3.7
283 1600 5200 2.3
283 1800 5660 2.8
284 0 0 3.6
284 200 720 3
284 400 1320 0.9
284 600 1500 3.9
284 800 2280 3.9
284 1000 3060 4.5
284 1200 3960 2.5
284 1400 4460 3.7
284 1600 5200 2.3
284 1800 5660 2.8
285 0 0 3.6
285 200 720 3
285 400 1320 0.9
285 600 1500 3.9
285 800 2280 3.9
285 1000 3060 4.5
285 1200 3960 2.5
285 1400 4460 3.7
285 1600 5200 2.3
285 1800 5660 2.8
286 0 0 3.6
286 200 720 3
286 400 1320 0.9
286 600 1500 3.9
286 800 2280 3.9
286 1000 3060 4.5
286 1200 3960 2.5
286 1400 4460 3.7
286 1600 5200 2.3
286 1800 5660 2.8
287 0 0 3.6
287 200 720 3
287 400 1320 0.9
287 600 1500 3.9
287 800 2280 3.9
287 1000 3060 4.5
287 1200 3960 2.5
287 1400 4460 3.7
287 1600 5200 2.3
287 1800 5660 2.8
288 0 0 3.6
288 200 720 3
288 400 1320 0.9
288 600 1500 3.9
288 800 2280 3.9
288 1000 3060 4.5
288 1200 3960 2.5
288 1400 4460 3.7
288 1600 5200 2.3
288 1800 5660 2.8
289 0 0 3.6
289 200 720 3
289 400 1320 0.9
289 600 1500 3.9
289 800 2280 3.9
289 1000 3060 4.5
289 1200 3960 2.5
289 1400 4460 3.7
289 1600 5200 2.3
289 1800 5660 2.8
290 0 0 3.6
290 200 720 3
290 400 1320 0.9
290 600 1500 3.9
290 800 2280 3.9
290 1000 3060 4.5
290 1200 3960 2.5
290 1400 4460 3.7
290 1600 5200 2.3
290 1800 5660 2.8
291 0 0 3.6
291 200 720 3
291 400 1320 0.9
291 600 1500 3.9
291 800 2280 3.9
291 1000 3060 4.5
291 1200 3960 2.5
291 1400 4460 3.7
291 1600 5200 2.3
291 1800 5660 2.8
292 0 0 3.6
292 200 720 3
292 400 1320 0.9
292 600 1500 3.9
292 800 2280 3.9
292 1000 3060 4.5
292 1200 3960 2.5
292 1400 4460 3.7
292 1600 5200 2.3
292 1800 5660 2.8
293 0 0 3.6
293 200 720 3
293 400 1320 0.9
293 600 1500 3.9
293 800 2280 3.9
293 1000 3060 4.5
293 1200 3960 2.5
293 1400 4460 3.7
293 1600 5200 2.3
293 1800 5660 2.8
294 0 0 3.6
294 200 720 3
294 400 1320 0.9
294 600 1500 3.9
294 800 2280 3.9
294 1000 3060 4.5
294 1200 3960 2.5
294 1400 4460 3.7
294 1600 5200 2.3
294 1800 5660 2.8
295 0 0 3.6
295 200 720 3
295 400 1320 0.9
295 600 1500 3.9
295 800 2280 3.9
295 1000 3060 4.5
295 1200 3960 2.5
295 1400 4460 3.7
295 1600 5200 2.3
295 1800 5660 2.8
296 0 0 3.6
296 200 720 3
296 400 1320 0.9
296 600 1500 3.9
296 800 2280 3.9
296 1000 3060 4.5
296 1200 3960 2.5
296 1400 4460 3.7
296 1600 5200 2.3
296 1800 5660 2.8
297 0 0 3.6
297 200 720 3
297 400 1320 0.9
297 600 1500 3.9
297 800 2280 3.9
297 1000 3060 4.5
297 1200 3960 2.5
297 1400 4460 3.7
297 1600 5200 2.3
297 1800 5660 2.8
298 0 0 3.6
298 200 720 3
298 400 1320 0.9
298 600 1500 3.9
298 800 2280 3.9
298 1000 3060 4.5
298 1200 3960 2.5
298 1400 4460 3.7
298 1600 5200 2.3
298 1800 5660 2.8
299 0 0 3.6
299 200 720 3
299 400 1320 0.9
299 600 1500 3.9
299 800 2280 3.9
299 1000 3060 4.5
299 1200 3960 2.5
299 1400 4460 3.7
299 1600 5200 2.3
299 1800 5660 2.8
300 0 0 3.6
300 200 720 3
300 400 1320 0.9
300 600 1500 3.9
300 800 2280 3.9
300 1000 3060 4.5
300 1200 3960 2.5
300 1400 4460 3.7
300 1600 5200 2.3
300 1800 5660 2.8
301 0 0 3.6
301 200 720 3
301 400 1320 0.9
301 600 1500 3.9
301 800 2280 3.9
301 1000 3060 4.5
301 1200 3960 2.5
301 1400 4460 3.7
301 1600 5200 2.3
301 1800 5660 2.8
302 0 0 3.6
302 200 720 3
302 400 1320 0.9
302 600 1500 3.9
302 800 2280 3.9
302 1000 3060 4.5
302 1200 3960 2.5
302 1400 4460 3.7
302 1600 5200 2.3
302 1800 5660 2.8
303 0 0 3.6
303 200 720 3
303 400 1320 0.9
303 600 1500 3.9
303 800 2280 3.9
303 1000 3060 4.5
303 1200 3960 2.5
303 1400 4460 3.7
303 1600 5200 2.3
303 1800 5660 2.8
304 0 0 3.6
304 200 720 3
304 400 1320 0.9
304 600 1500 3.9
304 800 2280 3.9
304 1000 3060 4.5
304 1200 3960 2.5
304 1400 4460 3.7
304 1600 5200 2.3
304 1800 5660 2.8
305 0 0 3.6
305 200 720 3
305 400 1320 0.9
305 600 1500 3.9
305 800 2280 3.9
305 1000 3060 4.5
305 1200 3960 2.5
305 1400 4460 3.7
305 1600 5200 2.3
305 1800 5660 2.8
306 0 0 3.6
306 200 720 3
306 400 1320 0.9
306 600 1500 3.9
306 800 2280 3.9
306 1000 3060 4.5
306 1200 3960 2.5
306 1400 4460 3.7
306 1600 5200 2.3
306 1800 5660 2.8
307 0 0 3.6
307 200 720 3
307 400 1320 0.9
307 600 1500 3.9
307 800 2280 3.9
307 1000 3060 4.5
307 1200 3960 2.5
307 1400 4460 3.7
307 1600 5200 2.3
307 1800 5660 2.8
308 0 0 3.6
308 200 720 3
308 400 1320 0.9
308 600 1500 3.9
308 800 2280 3.9
308 1000 3060 4.5
308 1200 3960 2.5
308 1400 4460 3.7
308 1600 5200 2.3
308 1800 5660 2.8
309 0 0 3.6
309 200 720 3
309 400 1320 0.9
309 600 1500 3.9
309 800 2280 3.9
309 1000 3060 4.5
309 1200 3960 2.5
309 1400 4460 3.7
309 1600 5200 2.3
309 1800 5660 2.8
310 0 0 3.6
310 200 720 3
310 400 1320 0.9
310 600 1500 3.9
310 800 2280 3.9
310 1000 3060 4.5
310 1200 3960 2.5
310 1400 4460 3.7
310 1600 5200 2.3
310 1800 5660 2.8
311 0 0 3.6
311 200 720 3
311 400 1320 0.9
311 600 1500 3.9
311 800 2280 3.9
311 1000 3060 4.5
311 1200 3960 2.5
311 1400 4460 3.7
311 1600 5200 2.3
311 1800 5660 2.8
312 0 0 3.6
312 200 720 3
312 400 1320 0.9
312 600 1500 3.9
312 800 2280 3.9
312 1000 3060 4.5
312 1200 3960 2.5
312 1400 4460 3.7
312 1600 5200 2.3
312 1800 5660 2.8
313 0 0 3.6
313 200 720 3
313 400 1320 0.9
313 600 1500 3.9
313 800 2280 3.9
313 1000 3060 4.5
313 1200 3960 2.5
313 1400 4460 3.7
313 1600 5200 2.3
313 1800 5660 2.8
314 0 0 3.6
314 200 720 3
314 400 1320 0.9
314 600 1500 3.9
314 800 2280 3.9
314 1000 3060 4.5
314 1200 3960 2.5
314 1400 4460 3.7
314 1600 5200 2.3
314 1800 5660 2.8
315 0 0 3.6
315 200 720 3
315 400 1320 0.9
315 600 1500 3.9
315 800 2280 3.9
315 1000 3060 4.5
315 1200 3960 2.5
315 1400 4460 3.7
315 1600 5200 2.3
315 1800 5660 2.8
316 0 0 3.6
316 200 720 3
316 400 1320 0.9
316 600 1500 3.9
316 800 2280 3.9
316 1000 3060 4.5
316 1200 3960 2.5
316 1400 4460 3.7
316 1600 5200 2.3
316 1800 5660 2.8
317 0 0 3.6
317 200 720 3
317 400 1320 0.9
317 600 1500 3.9
317 800 2280 3.9
317 1000 3060 4.5
317 1200 3960 2.5
317 1400 4460 3.7
317 1600 5200 2.3
317 1800 5660 2.8
318 0 0 3.6
318 200 720 3
318 400 1320 0.9
318 600 1500 3.9
318 800 2280 3.9
318 1000 3060 4.5
318 1200 3960 2.5
318 1400 4460 3.7
318 1600 5200 2.3
318 1800 5660 2.8
319 0 0 3.6
319 200 720 3
319 400 1320 0.9
319 600 1500 3.9
319 800 2280 3.9
319 1000 3060 4.5
319 1200 3960 2.5
319 1400 4460 3.7
319 1600 5200 2.3
319 1800 5660 2.8
320 0 0 3.6
320 200 720 3
320 400 1320 0.9
320 600 1500 3.9
320 800 2280 3.9
320 1000 3060 4.5
320 1200 3960 2.5
320 1400 4460 3.7
320 1600 5200 2.3
320 1800 5660 2.8
321 0 0 3.6
321 200 720 3
321 400 1320 0.9
321 600 1500 3.9
321 800 2280 3.9
321 1000 3060 4.5
321 1200 3960 2.5
321 1400 4460 3.7
321 1600 5200 2.3
321 1800 5660 2.8
322 0 0 3.6
322 200 720 3
322 400 1320 0.9
322 600 1500 3.9
322 800 2280 3.9
322 1000 3060 4.5
322 1200 3960 2.5
322 1400 4460 3.7
322 1600 5200 2.3
322 1800 5660 2.8
323 0 0 3.6
323 200 720 3
323 400 1320 0.9
323 600 1500 3.9
323 800 2280 3.9
323 1000 3060 4.5
323 1200 3960 2.5
323 1400 4460 3.7
323 1600 5200 2.3
323 1800 5660 2.8
324 0 0 3.6
324 200 720 3
324 400 1320 0.9
324 600 1500 3.9
324 800 2280 3.9
324 1000 3060 4.5
324 1200 3960 2.5
324 1400 4460 3.7
324 1600 5200 2.3
324 1800 5660 2.8
325 0 0 3.6
325 200 720 3
325 400 1320 0.9
325 600 1500 3.9
325 800 2280 3.9
325 1000 3060 4.5
325 1200 3960 2.5
325 1400 4460 3.7
325 1600 5200 2.3
325 1800 5660 2.8
326 0 0 3.6
326 200 720 3
326 400 1320 0.9
326 600 1500 3.9
326 800 2280 3.9
326 1000 3060 4.5
326 1200 3960 2.5
326 1400 4460 3.7
326 1600 5200 2.3
326 1800 5660 2.8
327 0 0 3.6
327 200 720 3
327 400 1320 0.9
327 600 1500 3.9
327 800 2280 3.9
327 1000 3060 4.5
327 1200 3960 2.5
327 1400 4460 3.7
327 1600 5200 2.3
327 1800 5660 2.8
328 0 0 3.6
328 200 720 3
328 400 1320 0.9
328 600 1500 3.9
328 800 2280 3.9
328 1000 3060 4.5
328 1200 3960 2.5
328 1400 4460 3.7
328 1600 5200 2.3
328 1800 5660 2.8
329 0 0 3.6
329 200 720 3
329 400 1320 0.9
329 600 1500 3.9
329 800 2280 3.9
329 1000 3060 4.5
329 1200 3960 2.5
329 1400 4460 3.7
329 1600 5200 2.3
329 1800 5660 2.8
330 0 0 3.6
330 200 720 3
330 400 1320 0.9
330 600 1500 3.9
330 800 2280 3.9
330 1000 3060 4.5
330 1200 3960 2.5
330 1400 4460 3.7
330 1600 5200 2.3
330 1800 5660 2.8
331 0 0 3.6
331 200 720 3
331 400 1320 0.9
331 600 1500 3.9
331 800 2280 3.9
331 1000 3060 4.5
331 1200 3960 2.5
331 1400 4460 3.7
331 1600 5200 2.3
331 1800 5660 2.8
332 0 0 3.6
332 200 720 3
332 400 1320 0.9
332 600 1500 3.9
332 800 2280 3.9
332 1000 3060 4.5
332 1200 3960 2.5
332 1400 4460 3.7
332 1600 5200 2.3
332 1800 5660 2.8
333 0 0 3.6
333 200 720 3
333 400 1320 0.9
333 600 1500 3.9
333 800 2280 3.9
333 1000 3060 4.5
333 1200 3960 2.5
333 1400 4460 3.7
333 1600 5200 2.3
333 1800 5660 2.8
334 0 0 3.6
334 200 720 3
334 400 1320 0.9
334 600 1500 3.9
334 800 2280 3.9
334 1000 3060 4.5
334 1200 3960 2.5
334 1400 4460 3.7
334 1600 5200 2.3
334 1800 5660 2.8
335 0 0 3.6
335 200 720 3
335 400 1320 0.9
335 600 1500 3.9
335 800 2280 3.9
335 1000 3060 4.5
335 1200 3960 2.5
335 1400 4460 3.7
335 1600 5200 2.3
335 1800 5660 2.8
336 0 0 3.6
336 200 720 3
336 400 1320 0.9
336 600 1500 3.9
336 800 2280 3.9
336 1000 3060 4.5
336 1200 3960 2.5
336 1400 4460 3.7
336 1600 5200 2.3
336 1800 5660 2.8
337 0 0 3.6
337 200 720 3
337 400 1320 0.9
337 600 1500 3.9
337 800 2280 3.9
337 1000 3060 4.5
337 1200 3960 2.5
337 1400 4460 3.7
337 1600 5200 2.3
337 1800 5660 2.8
338 0 0 3.6
338 200 720 3
338 400 1320 0.9
338 600 1500 3.9
338 800 2280 3.9
338 1000 3060 4.5
338 1200 3960 2.5
338 1400 4460 3.7
338 1600 5200 2.3
338 1800 5660 2.8
339 0 0 3.6
339 200 720 3
339 400 1320 0.9
339 600 1500 3.9
339 800 2280 3.9
339 1000 3060 4.5
339 1200 3960 2.5
339 1400 4460 3.7
339 1600 5200 2.3
339 1800 5660 2.8
340 0 0 3.6
340 200 720 3
340 400 1320 0.9
340 600 1500 3.9
340 800 2280 3.9
340 1000 3060 4.5
340 1200 3960 2.5
340 1400 4460 3.7
340 1600 5200 2.3
340 1800 5660 2.8
341 0 0 3.6
341 200 720 3
341 400 1320 0.9
341 600 1500 3.9
341 800 2280 3.9
341 1000 3060 4.5
341 1200 3960 2.5
341 1400 4460 3.7
341 1600 5200 2.3
341 1800 5660 2.8
342 0 0 3.6
342 200 720 3
342 400 1320 0.9
342 600 1500 3.9
342 800 2280 3.9
342 1000 3060 4.5
342 1200 3960 2.5
342 1400 4460 3.7
342 1600 5200 2.3
342 1800 5660 2.8
343 0 0 3.6
343 200 720 3
343 400 1320 0.9
343 600 1500 3.9
343 800 2280 3.9
343 1000 3060 4.5
343 1200 3960 2.5
343 1400 4460 3.7
343 1600 5200 2.3
343 1800 5660 2.8
344 0 0 3.6
344 200 720 3
344 400 1320 0.9
344 600 1500 3.9
344 800 2280 3.9
344 1000 3060 4.5
344 1200 3960 2.5
344 1400 4460 3.7
344 1600 5200 2.3
344 1800 5660 2.8
345 0 0 3.6
345 200 720 3
345 400 1320 0.9
345 600 1500 3.9
345 800 2280 3.9
345 1000 3060 4.5
345 1200 3960 2.5
345 1400 4460 3.7
345 1600 5200 2.3
345 1800 5660 2.8
346 0 0 3.6
346 200 720 3
346 400 1320 0.9
346 600 1500 3.9
346 800 2280 3.9
346 1000 3060 4.5
346 1200 3960 2.5
346 1400 4460 3.7
346 1600 5200 2.3
346 1800 5660 2.8
347 0 0 3.6
347 200 720 3
347 400 1320 0.9
347 600 1500 3.9
347 800 2280 3.9
347 1000 3060 4.5
347 1200 3960 2.5
347 1400 4460 3.7
347 1600 5200 2.3
347 1800 5660 2.8
348 0 0 3.6
348 200 720 3
348 400 1320 0.9
348 600 1500 3.9
348 800 2280 3.9
348 1000 3060 4.5
348 1200 3960 2.5
348 1400 4460 3.7
348 1600 5200 2.3
348 1800 5660 2.8
349 0 0 3.6
349 200 720 3
349 400 1320 0.9
349 600 1500 3.9
349 800 2280 3.9
349 1000 3060 4.5
349 1200 3960 2.5
349 1400 4460 3.7
349 1600 5200 2.3
349 1800 5660 2.8
350 0 0 3.6
350 200 720 3
350 400 1320 0.9
350 600 1500 3.9
350 800 2280 3.9
350 1000 3060 4.5
350 1200 3960 2.5
350 1400 4460 3.7
350 1600 5200 2.3
350 1800 5660 2.8
351 0 0 3.6
351 200 720 3
351 400 1320 0.9
351 600 1500 3.9
351 800 2280 3.9
351 1000 3060 4.5
351 1200 3960 2.5
351 1400 4460 3.7
351 1600 5200 2.3
351 1800 5660 2.8
352 0 0 3.6
352 200 720 3
352 400 1320 0.9
352 600 1500 3.9
352 800 2280 3.9
352 1000 3060 4.5
352 1200 3960 2.5
352 1400 4460 3.7
352 1600 5200 2.3
352 1800 5660 2.8
353 0 0 3.6
353 200 720 3
353 400 1320 0.9
353 600 1500 3.9
353 800 2280 3.9
353 1000 3060 4.5
353 1200 3960 2.5
353 1400 4460 3.7
353 1600 5200 2.3
353 1800 5660 2.8
354 0 0 3.6
354 200 720 3
354 400 1320 0.9
354 600 1500 3.9
354 800 2280 3.9
354 1000 3060 4.5
354 1200 3960 2.5
354 1400 4460 3.7
354 1600 5200 2.3
354 1800 5660 2.8
355 0 0 3.6
355 200 720 3
355 400 1320 0.9
355 600 1500 3.9
355 800 2280 3.9
355 1000 3060 4.5
355 1200 3960 2.5
355 1400 4460 3.7
355 1600 5200 2.3
355 1800 5660 2.8
356 0 0 3.6
356 200 720 3
356 400 1320 0.9
356 600 1500 3.9
356 800 2280 3.9
356 1000 3060 4.5
356 1200 3960 2.5
356 1400 4460 3.7
356 1600 5200 2.3
356 1800 5660 2.8
357 0 0 3.6
357 200 720 3
357 400 1320 0.9
357 600 1500 3.9
357 800 2280 3.9
357 1000 3060 4.5
357 1200 3960 2.5
357 1400 4460 3.7
357 1600 5200 2.3
357 1800 5660 2.8
358 0 0 3.6
358 200 720 3
358 400 1320 0.9
358 600 1500 3.9
358 800 2280 3.9
358 1000 3060 4.5
358 1200 3960 2.5
358 1400 4460 3.7
358 1600 5200 2.3
358 1800 5660 2.8
359 0 0 3.6
359 200 720 3
359 400 1320 0.9
359 600 1500 3.9
359 800 2280 3.9
359 1000 3060 4.5
359 1200 3960 2.5
359 1400 4460 3.7
359 1600 5200 2.3
359 1800 5660 2.8
360 0 0 3.6
360 200 720 3
360 400 1320 0.9
360 600 1500 3.9
360 800 2280 3.9
360 1000 3060 4.5
360 1200 3960 2.5
360 1400 4460 3.7
360 1600 5200 2.3
360 1800 5660 2.8
361 0 0 3.6
361 200 720 3
361 400 1320 0.9
361 600 1500 3.9
361 800 2280 3.9
361 1000 3060 4.5
361 1200 3960 2.5
361 1400 4460 3.7
361 1600 5200 2.3
361 1800 5660 2.8
362 0 0 3.6
362 200 720 3
362 400 1320 0.9
362 600 1500 3.9
362 800 2280 3.9
362 1000 3060 4.5
362 1200 3960 2.5
362 1400 4460 3.7
362 1600 5200 2.3
362 1800 5660 2.8
363 0 0 3.6
363 200 720 3
363 400 1320 0.9
363 600 1500 3.9
363 800 2280 3.9
363 1000 3060 4.5
363 1200 3960 2.5
363 1400 4460 3.7
363 1600 5200 2.3
363 1800 5660 2.8
364 0 0 3.6
364 200 720 3
364 400 1320 0.9
364 600 1500 3.9
364 800 2280 3.9
364 1000 3060 4.5
364 1200 3960 2.5
364 1400 4460 3.7
364 1600 5200 2.3
364 1800 5660 2.8
365 0 0 3.6
365 200 720 3
365 400 1320 0.9
365 600 1500 3.9
365 800 2280 3.9
365 1000 3060 4.5
365 1200 3960 2.5
365 1400 4460 3.7
365 1600 5200 2.3
365 1800 5660 2.8
366 0 0 3.6
366 200 720 3
366 400 1320 0.9
366 600 1500 3.9
366 800 2280 3.9
366 1000 3060 4.5
366 1200 3960 2.5
366 1400 4460 3.7
366 1600 5200 2.3
366 1800 5660 2.8
367 0 0 3.6
367 200 720 3
367 400 1320 0.9
367 600 1500 3.9
367 800 2280 3.9
367 1000 3060 4.5
367 1200 3960 2.5
367 1400 4460 3.7
367 1600 5200 2.3
367 1800 5660 2.8
368 0 0 3.6
368 200 720 3
368 400 1320 0.9
368 600 1500 3.9
368 800 2280 3.9
368 1000 3060 4.5
368 1200 3960 2.5
368 1400 4460 3.7
368 1600 5200 2.3
368 1800 5660 2.8
369 0 0 3.6
369 200 720 3
369 400 1320 0.9
369 600 1500 3.9
369 800 2280 3.9
369 1000 3060 4.5
369 1200 3960 2.5
369 1400 4460 3.7
369 1600 5200 2.3
369 1800 5660 2.8
370 0 0 3.6
370 200 720 3
370 400 1320 0.9
370 600 1500 3.9
370 800 2280 3.9
370 1000 3060 4.5
370 1200 3960 2.5
370 1400 4460 3.7
370 1600 5200 2.3
370 1800 5660 2.8
371 0 0 3.6
371 200 720 3
371 400 1320 0.9
371 600 1500 3.9
371 800 2280 3.9
371 1000 3060 4.5
371 1200 3960 2.5
371 1400 4460 3.7
371 1600 5200 2.3
371 1800 5660 2.8
372 0 0 3.6
372 200 720 3
372 400 1320 0.9
372 600 1500 3.9
372 800 2280 3.9
372 1000 3060 4.5
372 1200 3960 2.5
372 1400 4460 3.7
372 1600 5200 2.3
372 1800 5660 2.8
373 0 0 3.6
373 200 720 3
373 400 1320 0.9
373 600 1500 3.9
373 800 2280 3.9
373 1000 3060 4.5
373 1200 3960 2.5
373 1400 4460 3.7
373 1600 5200 2.3
373 1800 5660 2.8
374 0 0 3.6
374 200 720 3
374 400 1320 0.9
374 600 1500 3.9
374 800 2280 3.9
374 1000 3060 4.5
374 1200 3960 2.5
374 1400 4460 3.7
374 1600 5200 2.3
374 1800 5660 2.8
375 0 0 3.6
375 200 720 3
375 400 1320 0.9
375 600 1500 3.9
375 800 2280 3.9
375 1000 3060 4.5
375 1200 3960 2.5
375 1400 4460 3.7
375 1600 5200 2.3
375 1800 5660 2.8
376 0 0 3.6
376 200 720 3
376 400 1320 0.9
376 600 1500 3.9
376 800 2280 3.9
376 1000 3060 4.5
376 1200 3960 2.5
376 1400 4460 3.7
376 1600 5200 2.3
376 1800 5660 2.8
377 0 0 3.6
377 200 720 3
377 400 1320 0.9
377 600 1500 3.9
377 800 2280 3.9
377 1000 3060 4.5
377 1200 3960 2.5
377 1400 4460 3.7
377 1600 5200 2.3
377 1800 5660 2.8
378 0 0 3.6
378 200 720 3
378 400 1320 0.9
378 600 1500 3.9
378 800 2280 3.9
378 1000 3060 4.5
378 1200 3960 2.5
378 1400 4460 3.7
378 1600 5200 2.3
378 1800 5660 2.8
379 0 0 3.6
379 200 720 3
379 400 1320 0.9
379 600 1500 3.9
379 800 2280 3.9
379 1000 3060 4.5
379 1200 3960 2.5
379 1400 4460 3.7
379 1600 5200 2.3
379 1800 5660 2.8
380 0 0 3.6
380 200 720 3
380 400 1320 0.9
380 600 1500 3.9
380 800 2280 3.9
380 1000 3060 4.5
380 1200 3960 2.5
380 1400 4460 3.7
380 1600 5200 2.3
380 1800 5660 2.8
381 0 0 3.6
381 200 720 3
381 400 1320 0.9
381 600 1500 3.9
381 800 2280 3.9
381 1000 3060 4.5
381 1200 3960 2.5
381 1400 4460 3.7
381 1600 5200 2.3
381 1800 5660 2.8
382 0 0 3.6
382 200 720 3
382 400 1320 0.9
382 600 1500 3.9
382 800 2280 3.9
382 1000 3060 4.5
382 1200 3960 2.5
382 1400 4460 3.7
382 1600 5200 2.3
382 1800 5660 2.8
383 0 0 3.6
383 200 720 3
383 400 1320 0.9
383 600 1500 3.9
383 800 2280 3.9
383 1000 3060 4.5
383 1200 3960 2.5
383 1400 4460 3.7
383 1600 5200 2.3
383 1800 5660 2.8
384 0 0 3.6
384 200 720 3
384 400 1320 0.9
384 600 1500 3.9
384 800 2280 3.9
384 1000 3060 4.5
384 1200 3960 2.5
384 1400 4460 3.7
384 1600 5200 2.3
384 1800 5660 2.8
385 0 0 3.6
385 200 720 3
385 400 1320 0.9
385 600 1500 3.9
385 800 2280 3.9
385 1000 3060 4.5
385 1200 3960 2.5
385 1400 4460 3.7
385 1600 5200 2.3
385 1800 5660 2.8
386 0 0 3.6
386 200 720 3
386 400 1320 0.9
386 600 1500 3.9
386 800 2280 3.9
386 1000 3060 4.5
386 1200 3960 2.5
386 1400 4460 3.7
386 1600 5200 2.3
386 1800 5660 2.8
387 0 0 3.6
387 200 720 3
387 400 1320 0.9
387 600 1500 3.9
387 800 2280 3.9
387 1000 3060 4.5
387 1200 3960 2.5
387 1400 4460 3.7
387 1600 5200 2.3
387 1800 5660 2.8
388 0 0 3.6
388 200 720 3
388 400 1320 0.9
388 600 1500 3.9
388 800 2280 3.9
388 1000 3060 4.5
388 1200 3960 2.5
388 1400 4460 3.7
388 1600 5200 2.3
388 1800 5660 2.8
389 0 0 3.6
389 200 720 3
389 400 1320 0.9
389 600 1500 3.9
389 800 2280 3.9
389 1000 3060 4.5
389 1200 3960 2.5
389 1400 4460 3.7
389 1600 5200 2.3
389 1800 5660 2.8
390 0 0 3.6
390 200 720 3
390 400 1320 0.9
390 600 1500 3.9
390 800 2280 3.9
390 1000 3060 4.5
390 1200 3960 2.5
390 1400 4460 3.7
390 1600 5200 2.3
390 1800 5660 2.8
391 0 0 3.6
391 200 720 3
391 400 1320 0.9
391 600 1500 3.9
391 800 2280 3.9
391 1000 3060 4.5
391 1200 3960 2.5
391 1400 4460 3.7
391 1600 5200 2.3
391 1800 5660 2.8
392 0 0 3.6
392 200 720 3
392 400 1320 0.9
392 600 1500 3.9
392 800 2280 3.9
392 1000 3060 4.5
392 1200 3960 2.5
392 1400 4460 3.7
392 1600 5200 2.3
392 1800 5660 2.8
393 0 0 3.6
393 200 720 3
393 400 1320 0.9
393 600 1500 3.9
393 800 2280 3.9
393 1000 3060 4.5
393 1200 3960 2.5
393 1400 4460 3.7
393 1600 5200 2.3
393 1800 5660 2.8
394 0 0 3.6
394 200 720 3
394 400 1320 0.9
394 600 1500 3.9
394 800 2280 3.9
394 1000 3060 4.5
394 1200 3960 2.5
394 1400 4460 3.7
394 1600 5200 2.3
394 1800 5660 2.8
395 0 0 3.6
395 200 720 3
395 400 1320 0.9
395 600 1500 3.9
395 800 2280 3.9
395 1000 3060 4.5
395 1200 3960 2.5
395 1400 4460 3.7
395 1600 5200 2.3
395 1800 5660 2.8
396 0 0 3.6
396 200 720 3
396 400 1320 0.9
396 600 1500 3.9
396 800 2280 3.9
396 1000 3060 4.5
396 1200 3960 2.5
396 1400 4460 3.7
396 1600 5200 2.3
396 1800 5660 2.8
397 0 0 3.6
397 200 720 3
397 400 1320 0.9
397 600 1500 3.9
397 800 2280 3.9
397 1000 3060 4.5
397 1200 3960 2.5
397 1400 4460 3.7
397 1600 5200 2.3
397 1800 5660 2.8
398 0 0 3.6
398 200 720 3
398 400 1320 0.9
398 600 1500 3.9
398 800 2280 3.9
398 1000 3060 4.5
398 1200 3960 2.5
398 1400 4460 3.7
398 1600 5200 2.3
398 1800 5660 2.8
399 0 0 3.6
399 200 720 3
399 400 1320 0.9
399 600 1500 3.9
399 800 2280 3.9
399 1000 3060 4.5
399 1200 3960 2.5
399 1400 4460 3.7
399 1600 5200 2.3
399 1800 5660 2.8
400 0 0 3.6
400 200 720 3
400 400 1320 0.9
400 600 1500 3.9
400 800 2280 3.9
400 1000 3060 4.5
400 1200 3960 2.5
400 1400 4460 3.7
400 1600 5200 2.3
400 1800 5660 2.8
401 0 0 3.6
401 200 720 3
401 400 1320 0.9
401 600 1500 3.9
401 800 2280 3.9
401 1000 3060 4.5
401 1200 3960 2.5
401 1400 4460 3.7
401 1600 5200 2.3
401 1800 5660 2.8
402 0 0 3.6
402 200 720 3
402 400 1320 0.9
402 600 1500 3.9
402 800 2280 3.9
402 1000 3060 4.5
402 1200 3960 2.5
402 1400 4460 3.7
402 1600 5200 2.3
402 1800 5660 2.8
403 0 0 3.6
403 200 720 3
403 400 1320 0.9
403 600 1500 3.9
403 800 2280 3.9
403 1000 3060 4.5
403 1200 3960 2.5
403 1400 4460 3.7
403 1600 5200 2.3
403 1800 5660 2.8
404 0 0 3.6
404 200 720 3
404 400 1320 0.9
404 600 1500 3.9
404 800 2280 3.9
404 1000 3060 4.5
404 1200 3960 2.5
404 1400 4460 3.7
404 1600 5200 2.3
404 1800 5660 2.8
405 0 0 3.6
405 200 720 3
405 400 1320 0.9
405 600 1500 3.9
405 800 2280 3.9
405 1000 3060 4.5
405 1200 3960 2.5
405 1400 4460 3.7
405 1600 5200 2.3
405 1800 5660 2.8
406 0 0 3.6
406 200 720 3
406 400 1320 0.9
406 600 1500 3.9
406 800 2280 3.9
406 1000 3060 4.5
406 1200 3960 2.5
406 1400 4460 3.7
406 1600 5200 2.3
406 1800 5660 2.8
407 0 0 3.6
407 200 720 3
407 400 1320 0.9
407 600 1500 3.9
407 800 2280 3.9
407 1000 3060 4.5
407 1200 3960 2.5
407 1400 4460 3.7
407 1600 5200 2.3
407 1800 5660 2.8
408 0 0 3.6
408 200 720 3
408 400 1320 0.9
408 600 1500 3.9
408 800 2280 3.9
408 1000 3060 4.5
408 1200 3960 2.5
408 1400 4460 3.7
408 1600 5200 2.3
408 1800 5660 2.8
409 0 0 3.6
409 200 720 3
409 400 1320 0.9
409 600 1500 3.9
409 800 2280 3.9
409 1000 3060 4.5
409 1200 3960 2.5
409 1400 4460 3.7
409 1600 5200 2.3
409 1800 5660 2.8
410 0 0 3.6
410 200 720 3
410 400 1320 0.9
410 600 1500 3.9
410 800 2280 3.9
410 1000 3060 4.5
410 1200 3960 2.5
410 1400 4460 3.7
410 1600 5200 2.3
410 1800 5660 2.8
411 0 0 3.6
411 200 720 3
411 400 1320 0.9
411 600 1500 3.9
411 800 2280 3.9
411 1000 3060 4.5
411 1200 3960 2.5
411 1400 4460 3.7
411 1600 5200 2.3
411 1800 5660 2.8
412 0 0 3.6
412 200 720 3
412 400 1320 0.9
412 600 1500 3.9
412 800 2280 3.9
412 1000 3060 4.5
412 1200 3960 2.5
412 1400 4460 3.7
412 1600 5200 2.3
412 1800 5660 2.8
413 0 0 3.6
413 200 720 3
413 400 1320 0.9
413 600 1500 3.9
413 800 2280 3.9
413 1000 3060 4.5
413 1200 3960 2.5
413 1400 4460 3.7
413 1600 5200 2.3
413 1800 5660 2.8
414 0 0 3.6
414 200 720 3
414 400 1320 0.9
414 600 1500 3.9
414 800 2280 3.9
414 1000 3060 4.5
414 1200 3960 2.5
414 1400 4460 3.7
414 1600 5200 2.3
414 1800 5660 2.8
415 0 0 3.6
415 200 720 3
415 400 1320 0.9
415 600 1500 3.9
415 800 2280 3.9
415 1000 3060 4.5
415 1200 3960 2.5
415 1400 4460 3.7
415 1600 5200 2.3
415 1800 5660 2.8
416 0 0 3.6
416 200 720 3
416 400 1320 0.9
416 600 1500 3.9
416 800 2280 3.9
416 1000 3060 4.5
416 1200 3960 2.5
416 1400 4460 3.7
416 1600 5200 2.3
416 1800 5660 2.8
417 0 0 3.6
417 200 720 3
417 400 1320 0.9
417 600 1500 3.9
417 800 2280 3.9
417 1000 3060 4.5
417 1200 3960 2.5
417 1400 4460 3.7
417 1600 5200 2.3
417 1800 5660 2.8
418 0 0 3.6
418 200 720 3
418 400 1320 0.9
418 600 1500 3.9
418 800 2280 3.9
418 1000 3060 4.5
418 1200 3960 2.5
418 1400 4460 3.7
418 1600 5200 2.3
418 1800 5660 2.8
419 0 0 3.6
419 200 720 3
419 400 1320 0.9
419 600 1500 3.9
419 800 2280 3.9
419 1000 3060 4.5
419 1200 3960 2.5
419 1400 4460 3.7
419 1600 5200 2.3
419 1800 5660 2.8
420 0 0 3.6
420 200 720 3
420 400 1320 0.9
420 600 1500 3.9
420 800 2280 3.9
420 1000 3060 4.5
420 1200 3960 2.5
420 1400 4460 3.7
420 1600 5200 2.3
420 1800 5660 2.8
421 0 0 3.6
421 200 720 3
421 400 1320 0.9
421 600 1500 3.9
421 800 2280 3.9
421 1000 3060 4.5
421 1200 3960 2.5
421 1400 4460 3.7
421 1600 5200 2.3
421 1800 5660 2.8
422 0 0 3.6
422 200 720 3
422 400 1320 0.9
422 600 1500 3.9
422 800 2280 3.9
422 1000 3060 4.5
422 1200 3960 2.5
422 1400 4460 3.7
422 1600 5200 2.3
422 1800 5660 2.8
423 0 0 3.6
423 200 720 3
423 400 1320 0.9
423 600 1500 3.9
423 800 2280 3.9
423 1000 3060 4.5
423 1200 3960 2.5
423 1400 4460 3.7
423 1600 5200 2.3
423 1800 5660 2.8
424 0 0 3.6
424 200 720 3
424 400 1320 0.9
424 600 1500 3.9
424 800 2280 3.9
424 1000 3060 4.5
424 1200 3960 2.5
424 1400 4460 3.7
424 1600 5200 2.3
424 1800 5660 2.8
425 0 0 3.6
425 200 720 3
425 400 1320 0.9
425 600 1500 3.9
425 800 2280 3.9
425 1000 3060 4.5
425 1200 3960 2.5
425 1400 4460 3.7
425 1600 5200 2.3
425 1800 5660 2.8
426 0 0 3.6
426 200 720 3
426 400 1320 0.9
426 600 1500 3.9
426 800 2280 3.9
426 1000 3060 4.5
426 1200 3960 2.5
426 1400 4460 3.7
426 1600 5200 2.3
426 1800 5660 2.8
427 0 0 3.6
427 200 720 3
427 400 1320 0.9
427 600 1500 3.9
427 800 2280 3.9
427 1000 3060 4.5
427 1200 3960 2.5
427 1400 4460 3.7
427 1600 5200 2.3
427 1800 5660 2.8
428 0 0 3.6
428 200 720 3
428 400 1320 0.9
428 600 1500 3.9
428 800 2280 3.9
428 1000 3060 4.5
428 1200 3960 2.5
428 1400 4460 3.7
428 1600 5200 2.3
428 1800 5660 2.8
429 0 0 3.6
429 200 720 3
429 400 1320 0.9
429 600 1500 3.9
429 800 2280 3.9
429 1000 3060 4.5
429 1200 3960 2.5
429 1400 4460 3.7
429 1600 5200 2.3
429 1800 5660 2.8
430 0 0 3.6
430 200 720 3
430 400 1320 0.9
430 600 1500 3.9
430 800 2280 3.9
430 1000 3060 4.5
430 1200 3960 2.5
430 1400 4460 3.7
430 1600 5200 2.3
430 1800 5660 2.8
431 0 0 3.6
431 200 720 3
431 400 1320 0.9
431 600 1500 3.9
431 800 2280 3.9
431 1000 3060 4.5
431 1200 3960 2.5
431 1400 4460 3.7
431 1600 5200 2.3
431 1800 5660 2.8
432 0 0 3.6
432 200 720 3
432 400 1320 0.9
432 600 1500 3.9
432 800 2280 3.9
432 1000 3060 4.5
432 1200 3960 2.5
432 1400 4460 3.7
432 1600 5200 2.3
432 1800 5660 2.8
433 0 0 3.6
433 200 720 3
433 400 1320 0.9
433 600 1500 3.9
433 800 2280 3.9
433 1000 3060 4.5
433 1200 3960 2.5
433 1400 4460 3.7
433 1600 5200 2.3
433 1800 5660 2.8
434 0 0 3.6
434 200 720 3
434 400 1320 0.9
434 600 1500 3.9
434 800 2280 3.9
434 1000 3060 4.5
434 1200 3960 2.5
434 1400 4460 3.7
434 1600 5200 2.3
434 1800 5660 2.8
435 0 0 3.6
435 200 720 3
435 400 1320 0.9
435 600 1500 3.9
435 800 2280 3.9
435 1000 3060 4.5
435 1200 3960 2.5
435 1400 4460 3.7
435 1600 5200 2.3
435 1800 5660 2.8
436 0 0 3.6
436 200 720 3
436 400 1320 0.9
436 600 1500 3.9
436 800 2280 3.9
436 1000 3060 4.5
436 1200 3960 2.5
436 1400 4460 3.7
436 1600 5200 2.3
436 1800 5660 2.8
437 0 0 3.6
437 200 720 3
437 400 1320 0.9
437 600 1500 3.9
437 800 2280 3.9
437 1000 3060 4.5
437 1200 3960 2.5
437 1400 4460 3.7
437 1600 5200 2.3
437 1800 5660 2.8
438 0 0 3.6
438 200 720 3
438 400 1320 0.9
438 600 1500 3.9
438 800 2280 3.9
438 1000 3060 4.5
438 1200 3960 2.5
438 1400 4460 3.7
438 1600 5200 2.3
438 1800 5660 2.8
439 0 0 3.6
439 200 720 3
439 400 1320 0.9
439 600 1500 3.9
439 800 2280 3.9
439 1000 3060 4.5
439 1200 3960 2.5
439 1400 4460 3.7
439 1600 5200 2.3
439 1800 5660 2.8
440 0 0 3.6
440 200 720 3
440 400 1320 0.9
440 600 1500 3.9
440 800 2280 3.9
440 1000 3060 4.5
440 1200 3960 2.5
440 1400 4460 3.7
440 1600 5200 2.3
440 1800 5660 2.8
441 0 0 3.6
441 200 720 3
441 400 1320 0.9
441 600 1500 3.9
441 800 2280 3.9
441 1000 3060 4.5
441 1200 3960 2.5
441 1400 4460 3.7
441 1600 5200 2.3
441 1800 5660 2.8
442 0 0 3.6
442 200 720 3
442 400 1320 0.9
442 600 1500 3.9
442 800 2280 3.9
442 1000 3060 4.5
442 1200 3960 2.5
442 1400 4460 3.7
442 1600 5200 2.3
442 1800 5660 2.8
443 0 0 3.6
443 200 720 3
443 400 1320 0.9
443 600 1500 3.9
443 800 2280 3.9
443 1000 3060 4.5
443 1200 3960 2.5
443 1400 4460 3.7
443 1600 5200 2.3
443 1800 5660 2.8
444 0 0 3.6
444 200 720 3
444 400 1320 0.9
444 600 1500 3.9
444 800 2280 3.9
444 1000 3060 4.5
444 1200 3960 2.5
444 1400 4460 3.7
444 1600 5200 2.3
444 1800 5660 2.8
445 0 0 3.6
445 200 720 3
445 400 1320 0.9
445 600 1500 3.9
445 800 2280 3.9
445 1000 3060 4.5
445 1200 3960 2.5
445 1400 4460 3.7
445 1600 5200 2.3
445 1800 5660 2.8
446 0 0 3.6
446 200 720 3
446 400 1320 0.9
446 600 1500 3.9
446 800 2280 3.9
446 1000 3060 4.5
446 1200 3960 2.5
446 1400 4460 3.7
446 1600 5200 2.3
446 1800 5660 2.8
447 0 0 3.6
447 200 720 3
447 400 1320 0.9
447 600 1500 3.9
447 800 2280 3.9
447 1000 3060 4.5
447 1200 3960 2.5
447 1400 4460 3.7
447 1600 5200 2.3
447 1800 5660 2.8
448 0 0 3.6
448 200 720 3
448 400 1320 0.9
448 600 1500 3.9
448 800 2280 3.9
448 1000 3060 4.5
448 1200 3960 2.5
448 1400 4460 3.7
448 1600 5200 2.3
448 1800 5660 2.8
449 0 0 3.6
449 200 720 3
449 400 1320 0.9
449 600 1500 3.9
449 800 2280 3.9
449 1000 3060 4.5
449 1200 3960 2.5
449 1400 4460 3.7
449 1600 5200 2.3
449 1800 5660 2.8
450 0 0 3.6
450 200 720 3
450 400 1320 0.9
450 600 1500 3.9
450 800 2280 3.9
450 1000 3060 4.5
450 1200 3960 2.5
450 1400 4460 3.7
450 1600 5200 2.3
450 1800 5660 2.8
451 0 0 3.6
451 200 720 3
451 400 1320 0.9
451 600 1500 3.9
451 800 2280 3.9
451 1000 3060 4.5
451 1200 3960 2.5
451 1400 4460 3.7
451 1600 5200 2.3
451 1800 5660 2.8
452 0 0 3.6
452 200 720 3
452 400 1320 0.9
452 600 1500 3.9
452 800 2280 3.9
452 1000 3060 4.5
452 1200 3960 2.5
452 1400 4460 3.7
452 1600 5200 2.3
452 1800 5660 2.8
453 0 0 3.6
453 200 720 3
453 400 1320 0.9
453 600 1500 3.9
453 800 2280 3.9
453 1000 3060 4.5
453 1200 3960 2.5
453 1400 4460 3.7
453 1600 5200 2.3
453 1800 5660 2.8
454 0 0 3.6
454 200 720 3
454 400 1320 0.9
454 600 1500 3.9
454 800 2280 3.9
454 1000 3060 4.5
454 1200 3960 2.5
454 1400 4460 3.7
454 1600 5200 2.3
454 1800 5660 2.8
455 0 0 3.6
455 200 720 3
455 400 1320 0.9
455 600 1500 3.9
455 800 2280 3.9
455 1000 3060 4.5
455 1200 3960 2.5
455 1400 4460 3.7
455 1600 5200 2.3
455 1800 5660 2.8
456 0 0 3.6
456 200 720 3
456 400 1320 0.9
456 600 1500 3.9
456 800 2280 3.9
456 1000 3060 4.5
456 1200 3960 2.5
456 1400 4460 3.7
456 1600 5200 2.3
456 1800 5660 2.8
457 0 0 3.6
457 200 720 3
457 400 1320 0.9
457 600 1500 3.9
457 800 2280 3.9
457 1000 3060 4.5
457 1200 3960 2.5
457 1400 4460 3.7
457 1600 5200 2.3
457 1800 5660 2.8
458 0 0 3.6
458 200 720 3
458 400 1320 0.9
458 600 1500 3.9
458 800 2280 3.9
458 1000 3060 4.5
458 1200 3960 2.5
458 1400 4460 3.7
458 1600 5200 2.3
458 1800 5660 2.8
459 0 0 3.6
459 200 720 3
459 400 1320 0.9
459 600 1500 3.9
459 800 2280 3.9
459 1000 3060 4.5
459 1200 3960 2.5
459 1400 4460 3.7
459 1600 5200 2.3
459 1800 5660 2.8
460 0 0 3.6
460 200 720 3
460 400 1320 0.9
460 600 1500 3.9
460 800 2280 3.9
460 1000 3060 4.5
460 1200 3960 2.5
460 1400 4460 3.7
460 1600 5200 2.3
460 1800 5660 2.8
461 0 0 3.6
461 200 720 3
461 400 1320 0.9
461 600 1500 3.9
461 800 2280 3.9
461 1000 3060 4.5
461 1200 3960 2.5
461 1400 4460 3.7
461 1600 5200 2.3
461 1800 5660 2.8
462 0 0 3.6
462 200 720 3
462 400 1320 0.9
462 600 1500 3.9
462 800 2280 3.9
462 1000 3060 4.5
462 1200 3960 2.5
462 1400 4460 3.7
462 1600 5200 2.3
462 1800 5660 2.8
463 0 0 3.6
463 200 720 3
463 400 1320 0.9
463 600 1500 3.9
463 800 2280 3.9
463 1000 3060 4.5
463 1200 3960 2.5
463 1400 4460 3.7
463 1600 5200 2.3
463 1800 5660 2.8
464 0 0 3.6
464 200 720 3
464 400 1320 0.9
464 600 1500 3.9
464 800 2280 3.9
464 1000 3060 4.5
464 1200 3960 2.5
464 1400 4460 3.7
464 1600 5200 2.3
464 1800 5660 2.8
465 0 0 3.6
465 200 720 3
465 400 1320 0.9
465 600 1500 3.9
465 800 2280 3.9
465 1000 3060 4.5
465 1200 3960 2.5
465 1400 4460 3.7
465 1600 5200 2.3
465 1800 5660 2.8
466 0 0 3.6
466 200 720 3
466 400 1320 0.9
466 600 1500 3.9
466 800 2280 3.9
466 1000 3060 4.5
466 1200 3960 2.5
466 1400 4460 3.7
466 1600 5200 2.3
466 1800 5660 2.8
467 0 0 3.6
467 200 720 3
467 400 1320 0.9
467 600 1500 3.9
467 800 2280 3.9
467 1000 3060 4.5
467 1200 3960 2.5
467 1400 4460 3.7
467 1600 5200 2.3
467 1800 5660 2.8
468 0 0 3.6
468 200 720 3
468 400 1320 0.9
468 600 1500 3.9
468 800 2280 3.9
468 1000 3060 4.5
468 1200 3960 2.5
468 1400 4460 3.7
468 1600 5200 2.3
468 1800 5660 2.8
469 0 0 3.6
469 200 720 3
469 400 1320 0.9
469 600 1500 3.9
469 800 2280 3.9
469 1000 3060 4.5
469 1200 3960 2.5
469 1400 4460 3.7
469 1600 5200 2.3
469 1800 5660 2.8
470 0 0 3.6
470 200 720 3
470 400 1320 0.9
470 600 1500 3.9
470 800 2280 3.9
470 1000 3060 4.5
470 1200 3960 2.5
470 1400 4460 3.7
470 1600 5200 2.3
470 1800 5660 2.8
471 0 0 3.6
471 200 720 3
471 400 1320 0.9
471 600 1500 3.9
471 800 2280 3.9
471 1000 3060 4.5
471 1200 3960 2.5
471 1400 4460 3.7
471 1600 5200 2.3
471 1800 5660 2.8
472 0 0 3.6
472 200 720 3
472 400 1320 0.9
472 600 1500 3.9
472 800 2280 3.9
472 1000 3060 4.5
472 1200 3960 2.5
472 1400 4460 3.7
472 1600 5200 2.3
472 1800 5660 2.8
473 0 0 3.6
473 200 720 3
473 400 1320 0.9
473 600 1500 3.9
473 800 2280 3.9
473 1000 3060 4.5
473 1200 3960 2.5
473 1400 4460 3.7
473 1600 5200 2.3
473 1800 5660 2.8
474 0 0 3.6
474 200 720 3
474 400 1320 0.9
474 600 1500 3.9
474 800 2280 3.9
474 1000 3060 4.5
474 1200 3960 2.5
474 1400 4460 3.7
474 1600 5200 2.3
474 1800 5660 2.8
475 0 0 3.6
475 200 720 3
475 400 1320 0.9
475 600 1500 3.9
475 800 2280 3.9
475 1000 3060 4.5
475 1200 3960 2.5
475 1400 4460 3.7
475 1600 5200 2.3
475 1800 5660 2.8
476 0 0 3.6
476 200 720 3
476 400 1320 0.9
476 600 1500 3.9
476 800 2280 3.9
476 1000 3060 4.5
476 1200 3960 2.5
476 1400 4460 3.7
476 1600 5200 2.3
476 1800 5660 2.8
477 0 0 3.6
477 200 720 3
477 400 1320 0.9
477 600 1500 3.9
477 800 2280 3.9
477 1000 3060 4.5
477 1200 3960 2.5
477 1400 4460 3.7
477 1600 5200 2.3
477 1800 5660 2.8
478 0 0 3.6
478 200 720 3
478 400 1320 0.9
478 600 1500 3.9
478 800 2280 3.9
478 1000 3060 4.5
478 1200 3960 2.5
478 1400 4460 3.7
478 1600 5200 2.3
478 1800 5660 2.8
479 0 0 3.6
479 200 720 3
479 400 1320 0.9
479 600 1500 3.9
479 800 2280 3.9
479 1000 3060 4.5
479 1200 3960 2.5
479 1400 4460 3.7
479 1600 5200 2.3
479 1800 5660 2.8
480 0 0 3.6
480 200 720 3
480 400 1320 0.9
480 600 1500 3.9
480 800 2280 3.9
480 1000 3060 4.5
480 1200 3960 2.5
480 1400 4460 3.7
480 1600 5200 2.3
480 1800 5660 2.8
481 0 0 3.6
481 200 720 3
481 400 1320 0.9
481 600 1500 3.9
481 800 2280 3.9
481 1000 3060 4.5
481 1200 3960 2.5
481 1400 4460 3.7
481 1600 5200 2.3
481 1800 5660 2.8
482 0 0 3.6
482 200 720 3
482 400 1320 0.9
482 600 1500 3.9
482 800 2280 3.9
482 1000 3060 4.5
482 1200 3960 2.5
482 1400 4460 3.7
482 1600 5200 2.3
482 1800 5660 2.8
483 0 0 3.6
483 200 720 3
483 400 1320 0.9
483 600 1500 3.9
483 800 2280 3.9
483 1000 3060 4.5
483 1200 3960 2.5
483 1400 4460 3.7
483 1600 5200 2.3
483 1800 5660 2.8
484 0 0 3.6
484 200 720 3
484 400 1320 0.9
484 600 1500 3.9
484 800 2280 3.9
484 1000 3060 4.5
484 1200 3960 2.5
484 1400 4460 3.7
484 1600 5200 2.3
484 1800 5660 2.8
485 0 0 3.6
485 200 720 3
485 400 1320 0.9
485 600 1500 3.9
485 800 2280 3.9
485 1000 3060 4.5
485 1200 3960 2.5
485 1400 4460 3.7
485 1600 5200 2.3
485 1800 5660 2.8
486 0 0 3.6
486 200 720 3
486 400 1320 0.9
486 600 1500 3.9
486 800 2280 3.9
486 1000 3060 4.5
486 1200 3960 2.5
486 1400 4460 3.7
486 1600 5200 2.3
486 1800 5660 2.8
487 0 0 3.6
487 200 720 3
487 400 1320 0.9
487 600 1500 3.9
487 800 2280 3.9
487 1000 3060 4.5
487 1200 3960 2.5
487 1400 4460 3.7
487 1600 5200 2.3
487 1800 5660 2.8
488 0 0 3.6
488 200 720 3
488 400 1320 0.9
488 600 1500 3.9
488 800 2280 3.9
488 1000 3060 4.5
488 1200 3960 2.5
488 1400 4460 3.7
488 1600 5200 2.3
488 1800 5660 2.8
489 0 0 3.6
489 200 720 3
489 400 1320 0.9
489 600 1500 3.9
489 800 2280 3.9
489 1000 3060 4.5
489 1200 3960 2.5
489 1400 4460 3.7
489 1600 5200 2.3
489 1800 5660 2.8
490 0 0 3.6
490 200 720 3
490 400 1320 0.9
490 600 1500 3.9
490 800 2280 3.9
490 1000 3060 4.5
490 1200 3960 2.5
490 1400 4460 3.7
490 1600 5200 2.3
490 1800 5660 2.8
491 0 0 3.6
491 200 720 3
491 400 1320 0.9
491 600 1500 3.9
491 800 2280 3.9
491 1000 3060 4.5
491 1200 3960 2.5
491 1400 4460 3.7
491 1600 5200 2.3
491 1800 5660 2.8
492 0 0 3.6
492 200 720 3
492 400 1320 0.9
492 600 1500 3.9
492 800 2280 3.9
492 1000 3060 4.5
492 1200 3960 2.5
492 1400 4460 3.7
492 1600 5200 2.3
492 1800 5660 2.8
493 0 0 3.6
493 200 720 3
493 400 1320 0.9
493 600 1500 3.9
493 800 2280 3.9
493 1000 3060 4.5
493 1200 3960 2.5
493 1400 4460 3.7
493 1600 5200 2.3
493 1800 5660 2.8
494 0 0 3.6
494 200 720 3
494 400 1320 0.9
494 600 1500 3.9
494 800 2280 3.9
494 1000 3060 4.5
494 1200 3960 2.5
494 1400 4460 3.7
494 1600 5200 2.3
494 1800 5660 2.8
495 0 0 3.6
495 200 720 3
495 400 1320 0.9
495 600 1500 3.9
495 800 2280 3.9
495 1000 3060 4.5
495 1200 3960 2.5
495 1400 4460 3.7
495 1600 5200 2.3
495 1800 5660 2.8
496 0 0 3.6
496 200 720 3
496 400 1320 0.9
496 600 1500 3.9
496 800 2280 3.9
496 1000 3060 4.5
496 1200 3960 2.5
496 1400 4460 3.7
496 1600 5200 2.3
496 1800 5660 2.8
497 0 0 3.6
497 200 720 3
497 400 1320 0.9
497 600 1500 3.9
497 800 2280 3.9
497 1000 3060 4.5
497 1200 3960 2.5
497 1400 4460 3.7
497 1600 5200 2.3
497 1800 5660 2.8
498 0 0 3.6
498 200 720 3
498 400 1320 0.9
498 600 1500 3.9
498 800 2280 3.9
498 1000 3060 4.5
498 1200 3960 2.5
498 1400 4460 3.7
498 1600 5200 2.3
498 1800 5660 2.8
499 0 0 3.6
499 200 720 3
499 400 1320 0.9
499 600 1500 3.9
499 800 2280 3.9
499 1000 3060 4.5
499 1200 3960 2.5
499 1400 4460 3.7
499 1600 5200 2.3
499 1800 5660 2.8
