500 4
0 0 0 3.6
0 500 1800 3.1
0 1000 3350 0.6
0 1500 3650 2.1
1 0 0 3.6
1 500 1800 3.1
1 1000 3350 0.6
1 1500 3650 2.1
2 0 0 3.6
2 500 1800 3.1
2 1000 3350 0.6
2 1500 3650 2.1
3 0 0 3.6
3 500 1800 3.1
3 1000 3350 0.6
3 1500 3650 2.1
4 0 0 3.6
4 500 1800 3.1
4 1000 3350 0.6
4 1500 3650 2.1
5 0 0 3.6
5 500 1800 3.1
5 1000 3350 0.6
5 1500 3650 2.1
6 0 0 3.6
6 500 1800 3.1
6 1000 3350 0.6
6 1500 3650 2.1
7 0 0 3.6
7 500 1800 3.1
7 1000 3350 0.6
7 1500 3650 2.1
8 0 0 3.6
8 500 1800 3.1
8 1000 3350 0.6
8 1500 3650 2.1
9 0 0 3.6
9 500 1800 3.1
9 1000 3350 0.6
9 1500 3650 2.1
10 0 0 3.6
10 500 1800 3.1
10 1000 3350 0.6
10 1500 3650 2.1
11 0 0 3.6
11 500 1800 3.1
11 1000 3350 0.6
11 1500 3650 2.1
12 0 0 3.6
12 500 1800 3.1
12 1000 3350 0.6
12 1500 3650 2.1
13 0 0 3.6
13 500 1800 3.1
13 1000 3350 0.6
13 1500 3650 2.1
14 0 0 3.6
14 500 1800 3.1
14 1000 3350 0.6
14 1500 3650 2.1
15 0 0 3.6
15 500 1800 3.1
15 1000 3350 0.6
15 1500 3650 2.1
16 0 0 3.6
16 500 1800 3.1
16 1000 3350 0.6
16 1500 3650 2.1
17 0 0 3.6
17 500 1800 3.1
17 1000 3350 0.6
17 1500 3650 2.1
18 0 0 3.6
18 500 1800 3.1
18 1000 3350 0.6
18 1500 3650 2.1
19 0 0 3.6
19 500 1800 3.1
19 1000 3350 0.6
19 1500 3650 2.1
20 0 0 3.6
20 500 1800 3.1
20 1000 3350 0.6
20 1500 3650 2.1
21 0 0 3.6
21 500 1800 3.1
21 1000 3350 0.6
21 1500 3650 2.1
22 0 0 3.6
22 500 1800 3.1
22 1000 3350 0.6
22 1500 3650 2.1
23 0 0 3.6
23 500 1800 3.1
23 1000 3350 0.6
23 1500 3650 2.1
24 0 0 3.6
24 500 1800 3.1
24 1000 3350 0.6
24 1500 3650 2.1
25 0 0 3.6
25 500 1800 3.1
25 1000 3350 0.6
25 1500 3650 2.1
26 0 0 3.6
26 500 1800 3.1
26 1000 3350 0.6
26 1500 3650 2.1
27 0 0 3.6
27 500 1800 3.1
27 1000 3350 0.6
27 1500 3650 2.1
28 0 0 3.6
28 500 1800 3.1
28 1000 3350 0.6
28 1500 3650 2.1
29 0 0 3.6
29 500 1800 3.1
29 1000 3350 0.6
29 1500 3650 2.1
30 0 0 3.6
30 500 1800 3.1
30 1000 3350 0.6
30 1500 3650 2.1
31 0 0 3.6
31 500 1800 3.1
31 1000 3350 0.6
31 1500 3650 2.1
32 0 0 3.6
32 500 1800 3.1
32 1000 3350 0.6
32 1500 3650 2.1
33 0 0 3.6
33 500 1800 3.1
33 1000 3350 0.6
33 1500 3650 2.1
34 0 0 3.6
34 500 1800 3.1
34 1000 3350 0.6
34 1500 3650 2.1
35 0 0 3.6
35 500 1800 3.1
35 1000 3350 0.6
35 1500 3650 2.1
36 0 0 3.6
36 500 1800 3.1
36 1000 3350 0.6
36 1500 3650 2.1
37 0 0 3.6
37 500 1800 3.1
37 1000 3350 0.6
37 1500 3650 2.1
38 0 0 3.6
38 500 1800 3.1
38 1000 3350 0.6
38 1500 3650 2.1
39 0 0 3.6
39 500 1800 3.1
39 1000 3350 0.6
39 1500 3650 2.1
40 0 0 3.6
40 500 1800 3.1
40 1000 3350 0.6
40 1500 3650 2.1
41 0 0 3.6
41 500 1800 3.1
41 1000 3350 0.6
41 1500 3650 2.1
42 0 0 3.6
42 500 1800 3.1
42 1000 3350 0.6
42 1500 3650 2.1
43 0 0 3.6
43 500 1800 3.1
43 1000 3350 0.6
43 1500 3650 2.1
44 0 0 3.6
44 500 1800 3.1
44 1000 3350 0.6
44 1500 3650 2.1
45 0 0 3.6
45 500 1800 3.1
45 1000 3350 0.6
45 1500 3650 2.1
46 0 0 3.6
46 500 1800 3.1
46 1000 3350 0.6
46 1500 3650 2.1
47 0 0 3.6
47 500 1800 3.1
47 1000 3350 0.6
47 1500 3650 2.1
48 0 0 3.6
48 500 1800 3.1
48 1000 3350 0.6
48 1500 3650 2.1
49 0 0 3.6
49 500 1800 3.1
49 1000 3350 0.6
49 1500 3650 2.1
50 0 0 3.6
50 500 1800 3.1
50 1000 3350 0.6
50 1500 3650 2.1
51 0 0 3.6
51 500 1800 3.1
51 1000 3350 0.6
51 1500 3650 2.1
52 0 0 3.6
52 500 1800 3.1
52 1000 3350 0.6
52 1500 3650 2.1
53 0 0 3.6
53 500 1800 3.1
53 1000 3350 0.6
53 1500 3650 2.1
54 0 0 3.6
54 500 1800 3.1
54 1000 3350 0.6
54 1500 3650 2.1
55 0 0 3.6
55 500 1800 3.1
55 1000 3350 0.6
55 1500 3650 2.1
56 0 0 3.6
56 500 1800 3.1
56 1000 3350 0.6
56 1500 3650 2.1
57 0 0 3.6
57 500 1800 3.1
57 1000 3350 0.6
57 1500 3650 2.1
58 0 0 3.6
58 500 1800 3.1
58 1000 3350 0.6
58 1500 3650 2.1
59 0 0 3.6
59 500 1800 3.1
59 1000 3350 0.6
59 1500 3650 2.1
60 0 0 3.6
60 500 1800 3.1
60 1000 3350 0.6
60 1500 3650 2.1
61 0 0 3.6
61 500 1800 3.1
61 1000 3350 0.6
61 1500 3650 2.1
62 0 0 3.6
62 500 1800 3.1
62 1000 3350 0.6
62 1500 3650 2.1
63 0 0 3.6
63 500 1800 3.1
63 1000 3350 0.6
63 1500 3650 2.1
64 0 0 3.6
64 500 1800 3.1
64 1000 3350 0.6
64 1500 3650 2.1
65 0 0 3.6
65 500 1800 3.1
65 1000 3350 0.6
65 1500 3650 2.1
66 0 0 3.6
66 500 1800 3.1
66 1000 3350 0.6
66 1500 3650 2.1
67 0 0 3.6
67 500 1800 3.1
67 1000 3350 0.6
67 1500 3650 2.1
68 0 0 3.6
68 500 1800 3.1
68 1000 3350 0.6
68 1500 3650 2.1
69 0 0 3.6
69 500 1800 3.1
69 1000 3350 0.6
69 1500 3650 2.1
70 0 0 3.6
70 500 1800 3.1
70 1000 3350 0.6
70 1500 3650 2.1
71 0 0 3.6
71 500 1800 3.1
71 1000 3350 0.6
71 1500 3650 2.1
72 0 0 3.6
72 500 1800 3.1
72 1000 3350 0.6
72 1500 3650 2.1
73 0 0 3.6
73 500 1800 3.1
73 1000 3350 0.6
73 1500 3650 2.1
74 0 0 3.6
74 500 1800 3.1
74 1000 3350 0.6
74 1500 3650 2.1
75 0 0 3.6
75 500 1800 3.1
75 1000 3350 0.6
75 1500 3650 2.1
76 0 0 3.6
76 500 1800 3.1
76 1000 3350 0.6
76 1500 3650 2.1
77 0 0 3.6
77 500 1800 3.1
77 1000 3350 0.6
77 1500 3650 2.1
78 0 0 3.6
78 500 1800 3.1
78 1000 3350 0.6
78 1500 3650 2.1
79 0 0 3.6
79 500 1800 3.1
79 1000 3350 0.6
79 1500 3650 2.1
80 0 0 3.6
80 500 1800 3.1
80 1000 3350 0.6
80 1500 3650 2.1
81 0 0 3.6
81 500 1800 3.1
81 1000 3350 0.6
81 1500 3650 2.1
82 0 0 3.6
82 500 1800 3.1
82 1000 3350 0.6
82 1500 3650 2.1
83 0 0 3.6
83 500 1800 3.1
83 1000 3350 0.6
83 1500 3650 2.1
84 0 0 3.6
84 500 1800 3.1
84 1000 3350 0.6
84 1500 3650 2.1
85 0 0 3.6
85 500 1800 3.1
85 1000 3350 0.6
85 1500 3650 2.1
86 0 0 3.6
86 500 1800 3.1
86 1000 3350 0.6
86 1500 3650 2.1
87 0 0 3.6
87 500 1800 3.1
87 1000 3350 0.6
87 1500 3650 2.1
88 0 0 3.6
88 500 1800 3.1
88 1000 3350 0.6
88 1500 3650 2.1
89 0 0 3.6
89 500 1800 3.1
89 1000 3350 0.6
89 1500 3650 2.1
90 0 0 3.6
90 500 1800 3.1
90 1000 3350 0.6
90 1500 3650 2.1
91 0 0 3.6
91 500 1800 3.1
91 1000 3350 0.6
91 1500 3650 2.1
92 0 0 3.6
92 500 1800 3.1
92 1000 3350 0.6
92 1500 3650 2.1
93 0 0 3.6
93 500 1800 3.1
93 1000 3350 0.6
93 1500 3650 2.1
94 0 0 3.6
94 500 1800 3.1
94 1000 3350 0.6
94 1500 3650 2.1
95 0 0 3.6
95 500 1800 3.1
95 1000 3350 0.6
95 1500 3650 2.1
96 0 0 3.6
96 500 1800 3.1
96 1000 3350 0.6
96 1500 3650 2.1
97 0 0 3.6
97 500 1800 3.1
97 1000 3350 0.6
97 1500 3650 2.1
98 0 0 3.6
98 500 1800 3.1
98 1000 3350 0.6
98 1500 3650 2.1
99 0 0 3.6
99 500 1800 3.1
99 1000 3350 0.6
99 1500 3650 2.1
100 0 0 3.6
100 500 1800 3.1
100 1000 3350 0.6
100 1500 3650 2.1
101 0 0 3.6
101 500 1800 3.1
101 1000 3350 0.6
101 1500 3650 2.1
102 0 0 3.6
102 500 1800 3.1
102 1000 3350 0.6
102 1500 3650 2.1
103 0 0 3.6
103 500 1800 3.1
103 1000 3350 0.6
103 1500 3650 2.1
104 0 0 3.6
104 500 1800 3.1
104 1000 3350 0.6
104 1500 3650 2.1
105 0 0 3.6
105 500 1800 3.1
105 1000 3350 0.6
105 1500 3650 2.1
106 0 0 3.6
106 500 1800 3.1
106 1000 3350 0.6
106 1500 3650 2.1
107 0 0 3.6
107 500 1800 3.1
107 1000 3350 0.6
107 1500 3650 2.1
108 0 0 3.6
108 500 1800 3.1
108 1000 3350 0.6
108 1500 3650 2.1
109 0 0 3.6
109 500 1800 3.1
109 1000 3350 0.6
109 1500 3650 2.1
110 0 0 3.6
110 500 1800 3.1
110 1000 3350 0.6
110 1500 3650 2.1
111 0 0 3.6
111 500 1800 3.1
111 1000 3350 0.6
111 1500 3650 2.1
112 0 0 3.6
112 500 1800 3.1
112 1000 3350 0.6
112 1500 3650 2.1
113 0 0 3.6
113 500 1800 3.1
113 1000 3350 0.6
113 1500 3650 2.1
114 0 0 3.6
114 500 1800 3.1
114 1000 3350 0.6
114 1500 3650 2.1
115 0 0 3.6
115 500 1800 3.1
115 1000 3350 0.6
115 1500 3650 2.1
116 0 0 3.6
116 500 1800 3.1
116 1000 3350 0.6
116 1500 3650 2.1
117 0 0 3.6
117 500 1800 3.1
117 1000 3350 0.6
117 1500 3650 2.1
118 0 0 3.6
118 500 1800 3.1
118 1000 3350 0.6
118 1500 3650 2.1
119 0 0 3.6
119 500 1800 3.1
119 1000 3350 0.6
119 1500 3650 2.1
120 0 0 3.6
120 500 1800 3.1
120 1000 3350 0.6
120 1500 3650 2.1
121 0 0 3.6
121 500 1800 3.1
121 1000 3350 0.6
121 1500 3650 2.1
122 0 0 3.6
122 500 1800 3.1
122 1000 3350 0.6
122 1500 3650 2.1
123 0 0 3.6
123 500 1800 3.1
123 1000 3350 0.6
123 1500 3650 2.1
124 0 0 3.6
124 500 1800 3.1
124 1000 3350 0.6
124 1500 3650 2.1
125 0 0 3.6
125 500 1800 3.1
125 1000 3350 0.6
125 1500 3650 2.1
126 0 0 3.6
126 500 1800 3.1
126 1000 3350 0.6
126 1500 3650 2.1
127 0 0 3.6
127 500 1800 3.1
127 1000 3350 0.6
127 1500 3650 2.1
128 0 0 3.6
128 500 1800 3.1
128 1000 3350 0.6
128 1500 3650 2.1
129 0 0 3.6
129 500 1800 3.1
129 1000 3350 0.6
129 1500 3650 2.1
130 0 0 3.6
130 500 1800 3.1
130 1000 3350 0.6
130 1500 3650 2.1
131 0 0 3.6
131 500 1800 3.1
131 1000 3350 0.6
131 1500 3650 2.1
132 0 0 3.6
132 500 1800 3.1
132 1000 3350 0.6
132 1500 3650 2.1
133 0 0 3.6
133 500 1800 3.1
133 1000 3350 0.6
133 1500 3650 2.1
134 0 0 3.6
134 500 1800 3.1
134 1000 3350 0.6
134 1500 3650 2.1
135 0 0 3.6
135 500 1800 3.1
135 1000 3350 0.6
135 1500 3650 2.1
136 0 0 3.6
136 500 1800 3.1
136 1000 3350 0.6
136 1500 3650 2.1
137 0 0 3.6
137 500 1800 3.1
137 1000 3350 0.6
137 1500 3650 2.1
138 0 0 3.6
138 500 1800 3.1
138 1000 3350 0.6
138 1500 3650 2.1
139 0 0 3.6
139 500 1800 3.1
139 1000 3350 0.6
139 1500 3650 2.1
140 0 0 3.6
140 500 1800 3.1
140 1000 3350 0.6
140 1500 3650 2.1
141 0 0 3.6
141 500 1800 3.1
141 1000 3350 0.6
141 1500 3650 2.1
142 0 0 3.6
142 500 1800 3.1
142 1000 3350 0.6
142 1500 3650 2.1
143 0 0 3.6
143 500 1800 3.1
143 1000 3350 0.6
143 1500 3650 2.1
144 0 0 3.6
144 500 1800 3.1
144 1000 3350 0.6
144 1500 3650 2.1
145 0 0 3.6
145 500 1800 3.1
145 1000 3350 0.6
145 1500 3650 2.1
146 0 0 3.6
146 500 1800 3.1
146 1000 3350 0.6
146 1500 3650 2.1
147 0 0 3.6
147 500 1800 3.1
147 1000 3350 0.6
147 1500 3650 2.1
148 0 0 3.6
148 500 1800 3.1
148 1000 3350 0.6
148 1500 3650 2.1
149 0 0 3.6
149 500 1800 3.1
149 1000 3350 0.6
149 1500 3650 2.1
150 0 0 3.6
150 500 1800 3.1
150 1000 3350 0.6
150 1500 3650 2.1
151 0 0 3.6
151 500 1800 3.1
151 1000 3350 0.6
151 1500 3650 2.1
152 0 0 3.6
152 500 1800 3.1
152 1000 3350 0.6
152 1500 3650 2.1
153 0 0 3.6
153 500 1800 3.1
153 1000 3350 0.6
153 1500 3650 2.1
154 0 0 3.6
154 500 1800 3.1
154 1000 3350 0.6
154 1500 3650 2.1
155 0 0 3.6
155 500 1800 3.1
155 1000 3350 0.6
155 1500 3650 2.1
156 0 0 3.6
156 500 1800 3.1
156 1000 3350 0.6
156 1500 3650 2.1
157 0 0 3.6
157 500 1800 3.1
157 1000 3350 0.6
157 1500 3650 2.1
158 0 0 3.6
158 500 1800 3.1
158 1000 3350 0.6
158 1500 3650 2.1
159 0 0 3.6
159 500 1800 3.1
159 1000 3350 0.6
159 1500 3650 2.1
160 0 0 3.6
160 500 1800 3.1
160 1000 3350 0.6
160 1500 3650 2.1
161 0 0 3.6
161 500 1800 3.1
161 1000 3350 0.6
161 1500 3650 2.1
162 0 0 3.6
162 500 1800 3.1
162 1000 3350 0.6
162 1500 3650 2.1
163 0 0 3.6
163 500 1800 3.1
163 1000 3350 0.6
163 1500 3650 2.1
164 0 0 3.6
164 500 1800 3.1
164 1000 3350 0.6
164 1500 3650 2.1
165 0 0 3.6
165 500 1800 3.1
165 1000 3350 0.6
165 1500 3650 2.1
166 0 0 3.6
166 500 1800 3.1
166 1000 3350 0.6
166 1500 3650 2.1
167 0 0 3.6
167 500 1800 3.1
167 1000 3350 0.6
167 1500 3650 2.1
168 0 0 3.6
168 500 1800 3.1
168 1000 3350 0.6
168 1500 3650 2.1
169 0 0 3.6
169 500 1800 3.1
169 1000 3350 0.6
169 1500 3650 2.1
170 0 0 3.6
170 500 1800 3.1
170 1000 3350 0.6
170 1500 3650 2.1
171 0 0 3.6
171 500 1800 3.1
171 1000 3350 0.6
171 1500 3650 2.1
172 0 0 3.6
172 500 1800 3.1
172 1000 3350 0.6
172 1500 3650 2.1
173 0 0 3.6
173 500 1800 3.1
173 1000 3350 0.6
173 1500 3650 2.1
174 0 0 3.6
174 500 1800 3.1
174 1000 3350 0.6
174 1500 3650 2.1
175 0 0 3.6
175 500 1800 3.1
175 1000 3350 0.6
175 1500 3650 2.1
176 0 0 3.6
176 500 1800 3.1
176 1000 3350 0.6
176 1500 3650 2.1
177 0 0 3.6
177 500 1800 3.1
177 1000 3350 0.6
177 1500 3650 2.1
178 0 0 3.6
178 500 1800 3.1
178 1000 3350 0.6
178 1500 3650 2.1
179 0 0 3.6
179 500 1800 3.1
179 1000 3350 0.6
179 1500 3650 2.1
180 0 0 3.6
180 500 1800 3.1
180 1000 3350 0.6
180 1500 3650 2.1
181 0 0 3.6
181 500 1800 3.1
181 1000 3350 0.6
181 1500 3650 2.1
182 0 0 3.6
182 500 1800 3.1
182 1000 3350 0.6
182 1500 3650 2.1
183 0 0 3.6
183 500 1800 3.1
183 1000 3350 0.6
183 1500 3650 2.1
184 0 0 3.6
184 500 1800 3.1
184 1000 3350 0.6
184 1500 3650 2.1
185 0 0 3.6
185 500 1800 3.1
185 1000 3350 0.6
185 1500 3650 2.1
186 0 0 3.6
186 500 1800 3.1
186 1000 3350 0.6
186 1500 3650 2.1
187 0 0 3.6
187 500 1800 3.1
187 1000 3350 0.6
187 1500 3650 2.1
188 0 0 3.6
188 500 1800 3.1
188 1000 3350 0.6
188 1500 3650 2.1
189 0 0 3.6
189 500 1800 3.1
189 1000 3350 0.6
189 1500 3650 2.1
190 0 0 3.6
190 500 1800 3.1
190 1000 3350 0.6
190 1500 3650 2.1
191 0 0 3.6
191 500 1800 3.1
191 1000 3350 0.6
191 1500 3650 2.1
192 0 0 3.6
192 500 1800 3.1
192 1000 3350 0.6
192 1500 3650 2.1
193 0 0 3.6
193 500 1800 3.1
193 1000 3350 0.6
193 1500 3650 2.1
194 0 0 3.6
194 500 1800 3.1
194 1000 3350 0.6
194 1500 3650 2.1
195 0 0 3.6
195 500 1800 3.1
195 1000 3350 0.6
195 1500 3650 2.1
196 0 0 3.6
196 500 1800 3.1
196 1000 3350 0.6
196 1500 3650 2.1
197 0 0 3.6
197 500 1800 3.1
197 1000 3350 0.6
197 1500 3650 2.1
198 0 0 3.6
198 500 1800 3.1
198 1000 3350 0.6
198 1500 3650 2.1
199 0 0 3.6
199 500 1800 3.1
199 1000 3350 0.6
199 1500 3650 2.1
200 0 0 3.6
200 500 1800 3.1
200 1000 3350 0.6
200 1500 3650 2.1
201 0 0 3.6
201 500 1800 3.1
201 1000 3350 0.6
201 1500 3650 2.1
202 0 0 3.6
202 500 1800 3.1
202 1000 3350 0.6
202 1500 3650 2.1
203 0 0 3.6
203 500 1800 3.1
203 1000 3350 0.6
203 1500 3650 2.1
204 0 0 3.6
204 500 1800 3.1
204 1000 3350 0.6
204 1500 3650 2.1
205 0 0 3.6
205 500 1800 3.1
205 1000 3350 0.6
205 1500 3650 2.1
206 0 0 3.6
206 500 1800 3.1
206 1000 3350 0.6
206 1500 3650 2.1
207 0 0 3.6
207 500 1800 3.1
207 1000 3350 0.6
207 1500 3650 2.1
208 0 0 3.6
208 500 1800 3.1
208 1000 3350 0.6
208 1500 3650 2.1
209 0 0 3.6
209 500 1800 3.1
209 1000 3350 0.6
209 1500 3650 2.1
210 0 0 3.6
210 500 1800 3.1
210 1000 3350 0.6
210 1500 3650 2.1
211 0 0 3.6
211 500 1800 3.1
211 1000 3350 0.6
211 1500 3650 2.1
212 0 0 3.6
212 500 1800 3.1
212 1000 3350 0.6
212 1500 3650 2.1
213 0 0 3.6
213 500 1800 3.1
213 1000 3350 0.6
213 1500 3650 2.1
214 0 0 3.6
214 500 1800 3.1
214 1000 3350 0.6
214 1500 3650 2.1
215 0 0 3.6
215 500 1800 3.1
215 1000 3350 0.6
215 1500 3650 2.1
216 0 0 3.6
216 500 1800 3.1
216 1000 3350 0.6
216 1500 3650 2.1
217 0 0 3.6
217 500 1800 3.1
217 1000 3350 0.6
217 1500 3650 2.1
218 0 0 3.6
218 500 1800 3.1
218 1000 3350 0.6
218 1500 3650 2.1
219 0 0 3.6
219 500 1800 3.1
219 1000 3350 0.6
219 1500 3650 2.1
220 0 0 3.6
220 500 1800 3.1
220 1000 3350 0.6
220 1500 3650 2.1
221 0 0 3.6
221 500 1800 3.1
221 1000 3350 0.6
221 1500 3650 2.1
222 0 0 3.6
222 500 1800 3.1
222 1000 3350 0.6
222 1500 3650 2.1
223 0 0 3.6
223 500 1800 3.1
223 1000 3350 0.6
223 1500 3650 2.1
224 0 0 3.6
224 500 1800 3.1
224 1000 3350 0.6
224 1500 3650 2.1
225 0 0 3.6
225 500 1800 3.1
225 1000 3350 0.6
225 1500 3650 2.1
226 0 0 3.6
226 500 1800 3.1
226 1000 3350 0.6
226 1500 3650 2.1
227 0 0 3.6
227 500 1800 3.1
227 1000 3350 0.6
227 1500 3650 2.1
228 0 0 3.6
228 500 1800 3.1
228 1000 3350 0.6
228 1500 3650 2.1
229 0 0 3.6
229 500 1800 3.1
229 1000 3350 0.6
229 1500 3650 2.1
230 0 0 3.6
230 500 1800 3.1
230 1000 3350 0.6
230 1500 3650 2.1
231 0 0 3.6
231 500 1800 3.1
231 1000 3350 0.6
231 1500 3650 2.1
232 0 0 3.6
232 500 1800 3.1
232 1000 3350 0.6
232 1500 3650 2.1
233 0 0 3.6
233 500 1800 3.1
233 1000 3350 0.6
233 1500 3650 2.1
234 0 0 3.6
234 500 1800 3.1
234 1000 3350 0.6
234 1500 3650 2.1
235 0 0 3.6
235 500 1800 3.1
235 1000 3350 0.6
235 1500 3650 2.1
236 0 0 3.6
236 500 1800 3.1
236 1000 3350 0.6
236 1500 3650 2.1
237 0 0 3.6
237 500 1800 3.1
237 1000 3350 0.6
237 1500 3650 2.1
238 0 0 3.6
238 500 1800 3.1
238 1000 3350 0.6
238 1500 3650 2.1
239 0 0 3.6
239 500 1800 3.1
239 1000 3350 0.6
239 1500 3650 2.1
240 0 0 3.6
240 500 1800 3.1
240 1000 3350 0.6
240 1500 3650 2.1
241 0 0 3.6
241 500 1800 3.1
241 1000 3350 0.6
241 1500 3650 2.1
242 0 0 3.6
242 500 1800 3.1
242 1000 3350 0.6
242 1500 3650 2.1
243 0 0 3.6
243 500 1800 3.1
243 1000 3350 0.6
243 1500 3650 2.1
244 0 0 3.6
244 500 1800 3.1
244 1000 3350 0.6
244 1500 3650 2.1
245 0 0 3.6
245 500 1800 3.1
245 1000 3350 0.6
245 1500 3650 2.1
246 0 0 3.6
246 500 1800 3.1
246 1000 3350 0.6
246 1500 3650 2.1
247 0 0 3.6
247 500 1800 3.1
247 1000 3350 0.6
247 1500 3650 2.1
248 0 0 3.6
248 500 1800 3.1
248 1000 3350 0.6
248 1500 3650 2.1
249 0 0 3.6
249 500 1800 3.1
249 1000 3350 0.6
249 1500 3650 2.1
250 0 0 3.6
250 500 1800 3.1
250 1000 3350 0.6
250 1500 3650 2.1
251 0 0 3.6
251 500 1800 3.1
251 1000 3350 0.6
251 1500 3650 2.1
252 0 0 3.6
252 500 1800 3.1
252 1000 3350 0.6
252 1500 3650 2.1
253 0 0 3.6
253 500 1800 3.1
253 1000 3350 0.6
253 1500 3650 2.1
254 0 0 3.6
254 500 1800 3.1
254 1000 3350 0.6
254 1500 3650 2.1
255 0 0 3.6
255 500 1800 3.1
255 1000 3350 0.6
255 1500 3650 2.1
256 0 0 3.6
256 500 1800 3.1
256 1000 3350 0.6
256 1500 3650 2.1
257 0 0 3.6
257 500 1800 3.1
257 1000 3350 0.6
257 1500 3650 2.1
258 0 0 3.6
258 500 1800 3.1
258 1000 3350 0.6
258 1500 3650 2.1
259 0 0 3.6
259 500 1800 3.1
259 1000 3350 0.6
259 1500 3650 2.1
260 0 0 3.6
260 500 1800 3.1
260 1000 3350 0.6
260 1500 3650 2.1
261 0 0 3.6
261 500 1800 3.1
261 1000 3350 0.6
261 1500 3650 2.1
262 0 0 3.6
262 500 1800 3.1
262 1000 3350 0.6
262 1500 3650 2.1
263 0 0 3.6
263 500 1800 3.1
263 1000 3350 0.6
263 1500 3650 2.1
264 0 0 3.6
264 500 1800 3.1
264 1000 3350 0.6
264 1500 3650 2.1
265 0 0 3.6
265 500 1800 3.1
265 1000 3350 0.6
265 1500 3650 2.1
266 0 0 3.6
266 500 1800 3.1
266 1000 3350 0.6
266 1500 3650 2.1
267 0 0 3.6
267 500 1800 3.1
267 1000 3350 0.6
267 1500 3650 2.1
268 0 0 3.6
268 500 1800 3.1
268 1000 3350 0.6
268 1500 3650 2.1
269 0 0 3.6
269 500 1800 3.1
269 1000 3350 0.6
269 1500 3650 2.1
270 0 0 3.6
270 500 1800 3.1
270 1000 3350 0.6
270 1500 3650 2.1
271 0 0 3.6
271 500 1800 3.1
271 1000 3350 0.6
271 1500 3650 2.1
272 0 0 3.6
272 500 1800 3.1
272 1000 3350 0.6
272 1500 3650 2.1
273 0 0 3.6
273 500 1800 3.1
273 1000 3350 0.6
273 1500 3650 2.1
274 0 0 3.6
274 500 1800 3.1
274 1000 3350 0.6
274 1500 3650 2.1
275 0 0 3.6
275 500 1800 3.1
275 1000 3350 0.6
275 1500 3650 2.1
276 0 0 3.6
276 500 1800 3.1
276 1000 3350 0.6
276 1500 3650 2.1
277 0 0 3.6
277 500 1800 3.1
277 1000 3350 0.6
277 1500 3650 2.1
278 0 0 3.6
278 500 1800 3.1
278 1000 3350 0.6
278 1500 3650 2.1
279 0 0 3.6
279 500 1800 3.1
279 1000 3350 0.6
279 1500 3650 2.1
280 0 0 3.6
280 500 1800 3.1
280 1000 3350 0.6
280 1500 3650 2.1
281 0 0 3.6
281 500 1800 3.1
281 1000 3350 0.6
281 1500 3650 2.1
282 0 0 3.6
282 500 1800 3.1
282 1000 3350 0.6
282 1500 3650 2.1
283 0 0 3.6
283 500 1800 3.1
283 1000 3350 0.6
283 1500 3650 2.1
284 0 0 3.6
284 500 1800 3.1
284 1000 3350 0.6
284 1500 3650 2.1
285 0 0 3.6
285 500 1800 3.1
285 1000 3350 0.6
285 1500 3650 2.1
286 0 0 3.6
286 500 1800 3.1
286 1000 3350 0.6
286 1500 3650 2.1
287 0 0 3.6
287 500 1800 3.1
287 1000 3350 0.6
287 1500 3650 2.1
288 0 0 3.6
288 500 1800 3.1
288 1000 3350 0.6
288 1500 3650 2.1
289 0 0 3.6
289 500 1800 3.1
289 1000 3350 0.6
289 1500 3650 2.1
290 0 0 3.6
290 500 1800 3.1
290 1000 3350 0.6
290 1500 3650 2.1
291 0 0 3.6
291 500 1800 3.1
291 1000 3350 0.6
291 1500 3650 2.1
292 0 0 3.6
292 500 1800 3.1
292 1000 3350 0.6
292 1500 3650 2.1
293 0 0 3.6
293 500 1800 3.1
293 1000 3350 0.6
293 1500 3650 2.1
294 0 0 3.6
294 500 1800 3.1
294 1000 3350 0.6
294 1500 3650 2.1
295 0 0 3.6
295 500 1800 3.1
295 1000 3350 0.6
295 1500 3650 2.1
296 0 0 3.6
296 500 1800 3.1
296 1000 3350 0.6
296 1500 3650 2.1
297 0 0 3.6
297 500 1800 3.1
297 1000 3350 0.6
297 1500 3650 2.1
298 0 0 3.6
298 500 1800 3.1
298 1000 3350 0.6
298 1500 3650 2.1
299 0 0 3.6
299 500 1800 3.1
299 1000 3350 0.6
299 1500 3650 2.1
300 0 0 3.6
300 500 1800 3.1
300 1000 3350 0.6
300 1500 3650 2.1
301 0 0 3.6
301 500 1800 3.1
301 1000 3350 0.6
301 1500 3650 2.1
302 0 0 3.6
302 500 1800 3.1
302 1000 3350 0.6
302 1500 3650 2.1
303 0 0 3.6
303 500 1800 3.1
303 1000 3350 0.6
303 1500 3650 2.1
304 0 0 3.6
304 500 1800 3.1
304 1000 3350 0.6
304 1500 3650 2.1
305 0 0 3.6
305 500 1800 3.1
305 1000 3350 0.6
305 1500 3650 2.1
306 0 0 3.6
306 500 1800 3.1
306 1000 3350 0.6
306 1500 3650 2.1
307 0 0 3.6
307 500 1800 3.1
307 1000 3350 0.6
307 1500 3650 2.1
308 0 0 3.6
308 500 1800 3.1
308 1000 3350 0.6
308 1500 3650 2.1
309 0 0 3.6
309 500 1800 3.1
309 1000 3350 0.6
309 1500 3650 2.1
310 0 0 3.6
310 500 1800 3.1
310 1000 3350 0.6
310 1500 3650 2.1
311 0 0 3.6
311 500 1800 3.1
311 1000 3350 0.6
311 1500 3650 2.1
312 0 0 3.6
312 500 1800 3.1
312 1000 3350 0.6
312 1500 3650 2.1
313 0 0 3.6
313 500 1800 3.1
313 1000 3350 0.6
313 1500 3650 2.1
314 0 0 3.6
314 500 1800 3.1
314 1000 3350 0.6
314 1500 3650 2.1
315 0 0 3.6
315 500 1800 3.1
315 1000 3350 0.6
315 1500 3650 2.1
316 0 0 3.6
316 500 1800 3.1
316 1000 3350 0.6
316 1500 3650 2.1
317 0 0 3.6
317 500 1800 3.1
317 1000 3350 0.6
317 1500 3650 2.1
318 0 0 3.6
318 500 1800 3.1
318 1000 3350 0.6
318 1500 3650 2.1
319 0 0 3.6
319 500 1800 3.1
319 1000 3350 0.6
319 1500 3650 2.1
320 0 0 3.6
320 500 1800 3.1
320 1000 3350 0.6
320 1500 3650 2.1
321 0 0 3.6
321 500 1800 3.1
321 1000 3350 0.6
321 1500 3650 2.1
322 0 0 3.6
322 500 1800 3.1
322 1000 3350 0.6
322 1500 3650 2.1
323 0 0 3.6
323 500 1800 3.1
323 1000 3350 0.6
323 1500 3650 2.1
324 0 0 3.6
324 500 1800 3.1
324 1000 3350 0.6
324 1500 3650 2.1
325 0 0 3.6
325 500 1800 3.1
325 1000 3350 0.6
325 1500 3650 2.1
326 0 0 3.6
326 500 1800 3.1
326 1000 3350 0.6
326 1500 3650 2.1
327 0 0 3.6
327 500 1800 3.1
327 1000 3350 0.6
327 1500 3650 2.1
328 0 0 3.6
328 500 1800 3.1
328 1000 3350 0.6
328 1500 3650 2.1
329 0 0 3.6
329 500 1800 3.1
329 1000 3350 0.6
329 1500 3650 2.1
330 0 0 3.6
330 500 1800 3.1
330 1000 3350 0.6
330 1500 3650 2.1
331 0 0 3.6
331 500 1800 3.1
331 1000 3350 0.6
331 1500 3650 2.1
332 0 0 3.6
332 500 1800 3.1
332 1000 3350 0.6
332 1500 3650 2.1
333 0 0 3.6
333 500 1800 3.1
333 1000 3350 0.6
333 1500 3650 2.1
334 0 0 3.6
334 500 1800 3.1
334 1000 3350 0.6
334 1500 3650 2.1
335 0 0 3.6
335 500 1800 3.1
335 1000 3350 0.6
335 1500 3650 2.1
336 0 0 3.6
336 500 1800 3.1
336 1000 3350 0.6
336 1500 3650 2.1
337 0 0 3.6
337 500 1800 3.1
337 1000 3350 0.6
337 1500 3650 2.1
338 0 0 3.6
338 500 1800 3.1
338 1000 3350 0.6
338 1500 3650 2.1
339 0 0 3.6
339 500 1800 3.1
339 1000 3350 0.6
339 1500 3650 2.1
340 0 0 3.6
340 500 1800 3.1
340 1000 3350 0.6
340 1500 3650 2.1
341 0 0 3.6
341 500 1800 3.1
341 1000 3350 0.6
341 1500 3650 2.1
342 0 0 3.6
342 500 1800 3.1
342 1000 3350 0.6
342 1500 3650 2.1
343 0 0 3.6
343 500 1800 3.1
343 1000 3350 0.6
343 1500 3650 2.1
344 0 0 3.6
344 500 1800 3.1
344 1000 3350 0.6
344 1500 3650 2.1
345 0 0 3.6
345 500 1800 3.1
345 1000 3350 0.6
345 1500 3650 2.1
346 0 0 3.6
346 500 1800 3.1
346 1000 3350 0.6
346 1500 3650 2.1
347 0 0 3.6
347 500 1800 3.1
347 1000 3350 0.6
347 1500 3650 2.1
348 0 0 3.6
348 500 1800 3.1
348 1000 3350 0.6
348 1500 3650 2.1
349 0 0 3.6
349 500 1800 3.1
349 1000 3350 0.6
349 1500 3650 2.1
350 0 0 3.6
350 500 1800 3.1
350 1000 3350 0.6
350 1500 3650 2.1
351 0 0 3.6
351 500 1800 3.1
351 1000 3350 0.6
351 1500 3650 2.1
352 0 0 3.6
352 500 1800 3.1
352 1000 3350 0.6
352 1500 3650 2.1
353 0 0 3.6
353 500 1800 3.1
353 1000 3350 0.6
353 1500 3650 2.1
354 0 0 3.6
354 500 1800 3.1
354 1000 3350 0.6
354 1500 3650 2.1
355 0 0 3.6
355 500 1800 3.1
355 1000 3350 0.6
355 1500 3650 2.1
356 0 0 3.6
356 500 1800 3.1
356 1000 3350 0.6
356 1500 3650 2.1
357 0 0 3.6
357 500 1800 3.1
357 1000 3350 0.6
357 1500 3650 2.1
358 0 0 3.6
358 500 1800 3.1
358 1000 3350 0.6
358 1500 3650 2.1
359 0 0 3.6
359 500 1800 3.1
359 1000 3350 0.6
359 1500 3650 2.1
360 0 0 3.6
360 500 1800 3.1
360 1000 3350 0.6
360 1500 3650 2.1
361 0 0 3.6
361 500 1800 3.1
361 1000 3350 0.6
361 1500 3650 2.1
362 0 0 3.6
362 500 1800 3.1
362 1000 3350 0.6
362 1500 3650 2.1
363 0 0 3.6
363 500 1800 3.1
363 1000 3350 0.6
363 1500 3650 2.1
364 0 0 3.6
364 500 1800 3.1
364 1000 3350 0.6
364 1500 3650 2.1
365 0 0 3.6
365 500 1800 3.1
365 1000 3350 0.6
365 1500 3650 2.1
366 0 0 3.6
366 500 1800 3.1
366 1000 3350 0.6
366 1500 3650 2.1
367 0 0 3.6
367 500 1800 3.1
367 1000 3350 0.6
367 1500 3650 2.1
368 0 0 3.6
368 500 1800 3.1
368 1000 3350 0.6
368 1500 3650 2.1
369 0 0 3.6
369 500 1800 3.1
369 1000 3350 0.6
369 1500 3650 2.1
370 0 0 3.6
370 500 1800 3.1
370 1000 3350 0.6
370 1500 3650 2.1
371 0 0 3.6
371 500 1800 3.1
371 1000 3350 0.6
371 1500 3650 2.1
372 0 0 3.6
372 500 1800 3.1
372 1000 3350 0.6
372 1500 3650 2.1
373 0 0 3.6
373 500 1800 3.1
373 1000 3350 0.6
373 1500 3650 2.1
374 0 0 3.6
374 500 1800 3.1
374 1000 3350 0.6
374 1500 3650 2.1
375 0 0 3.6
375 500 1800 3.1
375 1000 3350 0.6
375 1500 3650 2.1
376 0 0 3.6
376 500 1800 3.1
376 1000 3350 0.6
376 1500 3650 2.1
377 0 0 3.6
377 500 1800 3.1
377 1000 3350 0.6
377 1500 3650 2.1
378 0 0 3.6
378 500 1800 3.1
378 1000 3350 0.6
378 1500 3650 2.1
379 0 0 3.6
379 500 1800 3.1
379 1000 3350 0.6
379 1500 3650 2.1
380 0 0 3.6
380 500 1800 3.1
380 1000 3350 0.6
380 1500 3650 2.1
381 0 0 3.6
381 500 1800 3.1
381 1000 3350 0.6
381 1500 3650 2.1
382 0 0 3.6
382 500 1800 3.1
382 1000 3350 0.6
382 1500 3650 2.1
383 0 0 3.6
383 500 1800 3.1
383 1000 3350 0.6
383 1500 3650 2.1
384 0 0 3.6
384 500 1800 3.1
384 1000 3350 0.6
384 1500 3650 2.1
385 0 0 3.6
385 500 1800 3.1
385 1000 3350 0.6
385 1500 3650 2.1
386 0 0 3.6
386 500 1800 3.1
386 1000 3350 0.6
386 1500 3650 2.1
387 0 0 3.6
387 500 1800 3.1
387 1000 3350 0.6
387 1500 3650 2.1
388 0 0 3.6
388 500 1800 3.1
388 1000 3350 0.6
388 1500 3650 2.1
389 0 0 3.6
389 500 1800 3.1
389 1000 3350 0.6
389 1500 3650 2.1
390 0 0 3.6
390 500 1800 3.1
390 1000 3350 0.6
390 1500 3650 2.1
391 0 0 3.6
391 500 1800 3.1
391 1000 3350 0.6
391 1500 3650 2.1
392 0 0 3.6
392 500 1800 3.1
392 1000 3350 0.6
392 1500 3650 2.1
393 0 0 3.6
393 500 1800 3.1
393 1000 3350 0.6
393 1500 3650 2.1
394 0 0 3.6
394 500 1800 3.1
394 1000 3350 0.6
394 1500 3650 2.1
395 0 0 3.6
395 500 1800 3.1
395 1000 3350 0.6
395 1500 3650 2.1
396 0 0 3.6
396 500 1800 3.1
396 1000 3350 0.6
396 1500 3650 2.1
397 0 0 3.6
397 500 1800 3.1
397 1000 3350 0.6
397 1500 3650 2.1
398 0 0 3.6
398 500 1800 3.1
398 1000 3350 0.6
398 1500 3650 2.1
399 0 0 3.6
399 500 1800 3.1
399 1000 3350 0.6
399 1500 3650 2.1
400 0 0 3.6
400 500 1800 3.1
400 1000 3350 0.6
400 1500 3650 2.1
401 0 0 3.6
401 500 1800 3.1
401 1000 3350 0.6
401 1500 3650 2.1
402 0 0 3.6
402 500 1800 3.1
402 1000 3350 0.6
402 1500 3650 2.1
403 0 0 3.6
403 500 1800 3.1
403 1000 3350 0.6
403 1500 3650 2.1
404 0 0 3.6
404 500 1800 3.1
404 1000 3350 0.6
404 1500 3650 2.1
405 0 0 3.6
405 500 1800 3.1
405 1000 3350 0.6
405 1500 3650 2.1
406 0 0 3.6
406 500 1800 3.1
406 1000 3350 0.6
406 1500 3650 2.1
407 0 0 3.6
407 500 1800 3.1
407 1000 3350 0.6
407 1500 3650 2.1
408 0 0 3.6
408 500 1800 3.1
408 1000 3350 0.6
408 1500 3650 2.1
409 0 0 3.6
409 500 1800 3.1
409 1000 3350 0.6
409 1500 3650 2.1
410 0 0 3.6
410 500 1800 3.1
410 1000 3350 0.6
410 1500 3650 2.1
411 0 0 3.6
411 500 1800 3.1
411 1000 3350 0.6
411 1500 3650 2.1
412 0 0 3.6
412 500 1800 3.1
412 1000 3350 0.6
412 1500 3650 2.1
413 0 0 3.6
413 500 1800 3.1
413 1000 3350 0.6
413 1500 3650 2.1
414 0 0 3.6
414 500 1800 3.1
414 1000 3350 0.6
414 1500 3650 2.1
415 0 0 3.6
415 500 1800 3.1
415 1000 3350 0.6
415 1500 3650 2.1
416 0 0 3.6
416 500 1800 3.1
416 1000 3350 0.6
416 1500 3650 2.1
417 0 0 3.6
417 500 1800 3.1
417 1000 3350 0.6
417 1500 3650 2.1
418 0 0 3.6
418 500 1800 3.1
418 1000 3350 0.6
418 1500 3650 2.1
419 0 0 3.6
419 500 1800 3.1
419 1000 3350 0.6
419 1500 3650 2.1
420 0 0 3.6
420 500 1800 3.1
420 1000 3350 0.6
420 1500 3650 2.1
421 0 0 3.6
421 500 1800 3.1
421 1000 3350 0.6
421 1500 3650 2.1
422 0 0 3.6
422 500 1800 3.1
422 1000 3350 0.6
422 1500 3650 2.1
423 0 0 3.6
423 500 1800 3.1
423 1000 3350 0.6
423 1500 3650 2.1
424 0 0 3.6
424 500 1800 3.1
424 1000 3350 0.6
424 1500 3650 2.1
425 0 0 3.6
425 500 1800 3.1
425 1000 3350 0.6
425 1500 3650 2.1
426 0 0 3.6
426 500 1800 3.1
426 1000 3350 0.6
426 1500 3650 2.1
427 0 0 3.6
427 500 1800 3.1
427 1000 3350 0.6
427 1500 3650 2.1
428 0 0 3.6
428 500 1800 3.1
428 1000 3350 0.6
428 1500 3650 2.1
429 0 0 3.6
429 500 1800 3.1
429 1000 3350 0.6
429 1500 3650 2.1
430 0 0 3.6
430 500 1800 3.1
430 1000 3350 0.6
430 1500 3650 2.1
431 0 0 3.6
431 500 1800 3.1
431 1000 3350 0.6
431 1500 3650 2.1
432 0 0 3.6
432 500 1800 3.1
432 1000 3350 0.6
432 1500 3650 2.1
433 0 0 3.6
433 500 1800 3.1
433 1000 3350 0.6
433 1500 3650 2.1
434 0 0 3.6
434 500 1800 3.1
434 1000 3350 0.6
434 1500 3650 2.1
435 0 0 3.6
435 500 1800 3.1
435 1000 3350 0.6
435 1500 3650 2.1
436 0 0 3.6
436 500 1800 3.1
436 1000 3350 0.6
436 1500 3650 2.1
437 0 0 3.6
437 500 1800 3.1
437 1000 3350 0.6
437 1500 3650 2.1
438 0 0 3.6
438 500 1800 3.1
438 1000 3350 0.6
438 1500 3650 2.1
439 0 0 3.6
439 500 1800 3.1
439 1000 3350 0.6
439 1500 3650 2.1
440 0 0 3.6
440 500 1800 3.1
440 1000 3350 0.6
440 1500 3650 2.1
441 0 0 3.6
441 500 1800 3.1
441 1000 3350 0.6
441 1500 3650 2.1
442 0 0 3.6
442 500 1800 3.1
442 1000 3350 0.6
442 1500 3650 2.1
443 0 0 3.6
443 500 1800 3.1
443 1000 3350 0.6
443 1500 3650 2.1
444 0 0 3.6
444 500 1800 3.1
444 1000 3350 0.6
444 1500 3650 2.1
445 0 0 3.6
445 500 1800 3.1
445 1000 3350 0.6
445 1500 3650 2.1
446 0 0 3.6
446 500 1800 3.1
446 1000 3350 0.6
446 1500 3650 2.1
447 0 0 3.6
447 500 1800 3.1
447 1000 3350 0.6
447 1500 3650 2.1
448 0 0 3.6
448 500 1800 3.1
448 1000 3350 0.6
448 1500 3650 2.1
449 0 0 3.6
449 500 1800 3.1
449 1000 3350 0.6
449 1500 3650 2.1
450 0 0 3.6
450 500 1800 3.1
450 1000 3350 0.6
450 1500 3650 2.1
451 0 0 3.6
451 500 1800 3.1
451 1000 3350 0.6
451 1500 3650 2.1
452 0 0 3.6
452 500 1800 3.1
452 1000 3350 0.6
452 1500 3650 2.1
453 0 0 3.6
453 500 1800 3.1
453 1000 3350 0.6
453 1500 3650 2.1
454 0 0 3.6
454 500 1800 3.1
454 1000 3350 0.6
454 1500 3650 2.1
455 0 0 3.6
455 500 1800 3.1
455 1000 3350 0.6
455 1500 3650 2.1
456 0 0 3.6
456 500 1800 3.1
456 1000 3350 0.6
456 1500 3650 2.1
457 0 0 3.6
457 500 1800 3.1
457 1000 3350 0.6
457 1500 3650 2.1
458 0 0 3.6
458 500 1800 3.1
458 1000 3350 0.6
458 1500 3650 2.1
459 0 0 3.6
459 500 1800 3.1
459 1000 3350 0.6
459 1500 3650 2.1
460 0 0 3.6
460 500 1800 3.1
460 1000 3350 0.6
460 1500 3650 2.1
461 0 0 3.6
461 500 1800 3.1
461 1000 3350 0.6
461 1500 3650 2.1
462 0 0 3.6
462 500 1800 3.1
462 1000 3350 0.6
462 1500 3650 2.1
463 0 0 3.6
463 500 1800 3.1
463 1000 3350 0.6
463 1500 3650 2.1
464 0 0 3.6
464 500 1800 3.1
464 1000 3350 0.6
464 1500 3650 2.1
465 0 0 3.6
465 500 1800 3.1
465 1000 3350 0.6
465 1500 3650 2.1
466 0 0 3.6
466 500 1800 3.1
466 1000 3350 0.6
466 1500 3650 2.1
467 0 0 3.6
467 500 1800 3.1
467 1000 3350 0.6
467 1500 3650 2.1
468 0 0 3.6
468 500 1800 3.1
468 1000 3350 0.6
468 1500 3650 2.1
469 0 0 3.6
469 500 1800 3.1
469 1000 3350 0.6
469 1500 3650 2.1
470 0 0 3.6
470 500 1800 3.1
470 1000 3350 0.6
470 1500 3650 2.1
471 0 0 3.6
471 500 1800 3.1
471 1000 3350 0.6
471 1500 3650 2.1
472 0 0 3.6
472 500 1800 3.1
472 1000 3350 0.6
472 1500 3650 2.1
473 0 0 3.6
473 500 1800 3.1
473 1000 3350 0.6
473 1500 3650 2.1
474 0 0 3.6
474 500 1800 3.1
474 1000 3350 0.6
474 1500 3650 2.1
475 0 0 3.6
475 500 1800 3.1
475 1000 3350 0.6
475 1500 3650 2.1
476 0 0 3.6
476 500 1800 3.1
476 1000 3350 0.6
476 1500 3650 2.1
477 0 0 3.6
477 500 1800 3.1
477 1000 3350 0.6
477 1500 3650 2.1
478 0 0 3.6
478 500 1800 3.1
478 1000 3350 0.6
478 1500 3650 2.1
479 0 0 3.6
479 500 1800 3.1
479 1000 3350 0.6
479 1500 3650 2.1
480 0 0 3.6
480 500 1800 3.1
480 1000 3350 0.6
480 1500 3650 2.1
481 0 0 3.6
481 500 1800 3.1
481 1000 3350 0.6
481 1500 3650 2.1
482 0 0 3.6
482 500 1800 3.1
482 1000 3350 0.6
482 1500 3650 2.1
483 0 0 3.6
483 500 1800 3.1
483 1000 3350 0.6
483 1500 3650 2.1
484 0 0 3.6
484 500 1800 3.1
484 1000 3350 0.6
484 1500 3650 2.1
485 0 0 3.6
485 500 1800 3.1
485 1000 3350 0.6
485 1500 3650 2.1
486 0 0 3.6
486 500 1800 3.1
486 1000 3350 0.6
486 1500 3650 2.1
487 0 0 3.6
487 500 1800 3.1
487 1000 3350 0.6
487 1500 3650 2.1
488 0 0 3.6
488 500 1800 3.1
488 1000 3350 0.6
488 1500 3650 2.1
489 0 0 3.6
489 500 1800 3.1
489 1000 3350 0.6
489 1500 3650 2.1
490 0 0 3.6
490 500 1800 3.1
490 1000 3350 0.6
490 1500 3650 2.1
491 0 0 3.6
491 500 1800 3.1
491 1000 3350 0.6
491 1500 3650 2.1
492 0 0 3.6
492 500 1800 3.1
492 1000 3350 0.6
492 1500 3650 2.1
493 0 0 3.6
493 500 1800 3.1
493 1000 3350 0.6
493 1500 3650 2.1
494 0 0 3.6
494 500 1800 3.1
494 1000 3350 0.6
494 1500 3650 2.1
495 0 0 3.6
495 500 1800 3.1
495 1000 3350 0.6
495 1500 3650 2.1
496 0 0 3.6
496 500 1800 3.1
496 1000 3350 0.6
496 1500 3650 2.1
497 0 0 3.6
497 500 1800 3.1
497 1000 3350 0.6
497 1500 3650 2.1
498 0 0 3.6
498 500 1800 3.1
498 1000 3350 0.6
498 1500 3650 2.1
499 0 0 3.6
499 500 1800 3.1
499 1000 3350 0.6
499 1500 3650 2.1
