20 10
0 0 0 0.8
0 200 160 4.4
0 400 1040 4.5
0 600 1940 2.4
0 800 2420 1
0 1000 2620 2.1
0 1200 3040 3.4
0 1400 3720 3.1
0 1600 4340 3.4
0 1800 5020 4.5
1 0 0 0.8
1 200 160 4.4
1 400 1040 4.5
1 600 1940 2.4
1 800 2420 1
1 1000 2620 2.1
1 1200 3040 3.4
1 1400 3720 3.1
1 1600 4340 3.4
1 1800 5020 4.5
2 0 0 0.8
2 200 160 4.4
2 400 1040 4.5
2 600 1940 2.4
2 800 2420 1
2 1000 2620 2.1
2 1200 3040 3.4
2 1400 3720 3.1
2 1600 4340 3.4
2 1800 5020 4.5
3 0 0 0.8
3 200 160 4.4
3 400 1040 4.5
3 600 1940 2.4
3 800 2420 1
3 1000 2620 2.1
3 1200 3040 3.4
3 1400 3720 3.1
3 1600 4340 3.4
3 1800 5020 4.5
4 0 0 0.8
4 200 160 4.4
4 400 1040 4.5
4 600 1940 2.4
4 800 2420 1
4 1000 2620 2.1
4 1200 3040 3.4
4 1400 3720 3.1
4 1600 4340 3.4
4 1800 5020 4.5
5 0 0 0.8
5 200 160 4.4
5 400 1040 4.5
5 600 1940 2.4
5 800 2420 1
5 1000 2620 2.1
5 1200 3040 3.4
5 1400 3720 3.1
5 1600 4340 3.4
5 1800 5020 4.5
6 0 0 0.8
6 200 160 4.4
6 400 1040 4.5
6 600 1940 2.4
6 800 2420 1
6 1000 2620 2.1
6 1200 3040 3.4
6 1400 3720 3.1
6 1600 4340 3.4
6 1800 5020 4.5
7 0 0 0.8
7 200 160 4.4
7 400 1040 4.5
7 600 1940 2.4
7 800 2420 1
7 1000 2620 2.1
7 1200 3040 3.4
7 1400 3720 3.1
7 1600 4340 3.4
7 1800 5020 4.5
8 0 0 0.8
8 200 160 4.4
8 400 1040 4.5
8 600 1940 2.4
8 800 2420 1
8 1000 2620 2.1
8 1200 3040 3.4
8 1400 3720 3.1
8 1600 4340 3.4
8 1800 5020 4.5
9 0 0 0.8
9 200 160 4.4
9 400 1040 4.5
9 600 1940 2.4
9 800 2420 1
9 1000 2620 2.1
9 1200 3040 3.4
9 1400 3720 3.1
9 1600 4340 3.4
9 1800 5020 4.5
10 0 0 0.8
10 200 160 4.4
10 400 1040 4.5
10 600 1940 2.4
10 800 2420 1
10 1000 2620 2.1
10 1200 3040 3.4
10 1400 3720 3.1
10 1600 4340 3.4
10 1800 5020 4.5
11 0 0 0.8
11 200 160 4.4
11 400 1040 4.5
11 600 1940 2.4
11 800 2420 1
11 1000 2620 2.1
11 1200 3040 3.4
11 1400 3720 3.1
11 1600 4340 3.4
11 1800 5020 4.5
12 0 0 0.8
12 200 160 4.4
12 400 1040 4.5
12 600 1940 2.4
12 800 2420 1
12 1000 2620 2.1
12 1200 3040 3.4
12 1400 3720 3.1
12 1600 4340 3.4
12 1800 5020 4.5
13 0 0 0.8
13 200 160 4.4
13 400 1040 4.5
13 600 1940 2.4
13 800 2420 1
13 1000 2620 2.1
13 1200 3040 3.4
13 1400 3720 3.1
13 1600 4340 3.4
13 1800 5020 4.5
14 0 0 0.8
14 200 160 4.4
14 400 1040 4.5
14 600 1940 2.4
14 800 2420 1
14 1000 2620 2.1
14 1200 3040 3.4
14 1400 3720 3.1
14 1600 4340 3.4
14 1800 5020 4.5
15 0 0 0.8
15 200 160 4.4
15 400 1040 4.5
15 600 1940 2.4
15 800 2420 1
15 1000 2620 2.1
15 1200 3040 3.4
15 1400 3720 3.1
15 1600 4340 3.4
15 1800 5020 4.5
16 0 0 0.8
16 200 160 4.4
16 400 1040 4.5
16 600 1940 2.4
16 800 2420 1
16 1000 2620 2.1
16 1200 3040 3.4
16 1400 3720 3.1
16 1600 4340 3.4
16 1800 5020 4.5
17 0 0 0.8
17 200 160 4.4
17 400 1040 4.5
17 600 1940 2.4
17 800 2420 1
17 1000 2620 2.1
17 1200 3040 3.4
17 1400 3720 3.1
17 1600 4340 3.4
17 1800 5020 4.5
18 0 0 0.8
18 200 160 4.4
18 400 1040 4.5
18 600 1940 2.4
18 800 2420 1
18 1000 2620 2.1
18 1200 3040 3.4
18 1400 3720 3.1
18 1600 4340 3.4
18 1800 5020 4.5
19 0 0 0.8
19 200 160 4.4
19 400 1040 4.5
19 600 1940 2.4
19 800 2420 1
19 1000 2620 2.1
19 1200 3040 3.4
19 1400 3720 3.1
19 1600 4340 3.4
19 1800 5020 4.5
