20 10
0 0 0 2.1
0 10 21 4
0 20 61 1.3
0 30 74 3.4
0 40 108 0.9
0 50 117 3.3
0 60 150 1.3
0 70 163 1.4
0 80 177 4.1
0 90 218 4.1
1 0 0 2.1
1 10 21 4
1 20 61 1.3
1 30 74 3.4
1 40 108 0.9
1 50 117 3.3
1 60 150 1.3
1 70 163 1.4
1 80 177 4.1
1 90 218 4.1
2 0 0 2.1
2 10 21 4
2 20 61 1.3
2 30 74 3.4
2 40 108 0.9
2 50 117 3.3
2 60 150 1.3
2 70 163 1.4
2 80 177 4.1
2 90 218 4.1
3 0 0 2.1
3 10 21 4
3 20 61 1.3
3 30 74 3.4
3 40 108 0.9
3 50 117 3.3
3 60 150 1.3
3 70 163 1.4
3 80 177 4.1
3 90 218 4.1
4 0 0 2.1
4 10 21 4
4 20 61 1.3
4 30 74 3.4
4 40 108 0.9
4 50 117 3.3
4 60 150 1.3
4 70 163 1.4
4 80 177 4.1
4 90 218 4.1
5 0 0 2.1
5 10 21 4
5 20 61 1.3
5 30 74 3.4
5 40 108 0.9
5 50 117 3.3
5 60 150 1.3
5 70 163 1.4
5 80 177 4.1
5 90 218 4.1
6 0 0 2.1
6 10 21 4
6 20 61 1.3
6 30 74 3.4
6 40 108 0.9
6 50 117 3.3
6 60 150 1.3
6 70 163 1.4
6 80 177 4.1
6 90 218 4.1
7 0 0 2.1
7 10 21 4
7 20 61 1.3
7 30 74 3.4
7 40 108 0.9
7 50 117 3.3
7 60 150 1.3
7 70 163 1.4
7 80 177 4.1
7 90 218 4.1
8 0 0 2.1
8 10 21 4
8 20 61 1.3
8 30 74 3.4
8 40 108 0.9
8 50 117 3.3
8 60 150 1.3
8 70 163 1.4
8 80 177 4.1
8 90 218 4.1
9 0 0 2.1
9 10 21 4
9 20 61 1.3
9 30 74 3.4
9 40 108 0.9
9 50 117 3.3
9 60 150 1.3
9 70 163 1.4
9 80 177 4.1
9 90 218 4.1
10 0 0 2.1
10 10 21 4
10 20 61 1.3
10 30 74 3.4
10 40 108 0.9
10 50 117 3.3
10 60 150 1.3
10 70 163 1.4
10 80 177 4.1
10 90 218 4.1
11 0 0 2.1
11 10 21 4
11 20 61 1.3
11 30 74 3.4
11 40 108 0.9
11 50 117 3.3
11 60 150 1.3
11 70 163 1.4
11 80 177 4.1
11 90 218 4.1
12 0 0 2.1
12 10 21 4
12 20 61 1.3
12 30 74 3.4
12 40 108 0.9
12 50 117 3.3
12 60 150 1.3
12 70 163 1.4
12 80 177 4.1
12 90 218 4.1
13 0 0 2.1
13 10 21 4
13 20 61 1.3
13 30 74 3.4
13 40 108 0.9
13 50 117 3.3
13 60 150 1.3
13 70 163 1.4
13 80 177 4.1
13 90 218 4.1
14 0 0 2.1
14 10 21 4
14 20 61 1.3
14 30 74 3.4
14 40 108 0.9
14 50 117 3.3
14 60 150 1.3
14 70 163 1.4
14 80 177 4.1
14 90 218 4.1
15 0 0 2.1
15 10 21 4
15 20 61 1.3
15 30 74 3.4
15 40 108 0.9
15 50 117 3.3
15 60 150 1.3
15 70 163 1.4
15 80 177 4.1
15 90 218 4.1
16 0 0 2.1
16 10 21 4
16 20 61 1.3
16 30 74 3.4
16 40 108 0.9
16 50 117 3.3
16 60 150 1.3
16 70 163 1.4
16 80 177 4.1
16 90 218 4.1
17 0 0 2.1
17 10 21 4
17 20 61 1.3
17 30 74 3.4
17 40 108 0.9
17 50 117 3.3
17 60 150 1.3
17 70 163 1.4
17 80 177 4.1
17 90 218 4.1
18 0 0 2.1
18 10 21 4
18 20 61 1.3
18 30 74 3.4
18 40 108 0.9
18 50 117 3.3
18 60 150 1.3
18 70 163 1.4
18 80 177 4.1
18 90 218 4.1
19 0 0 2.1
19 10 21 4
19 20 61 1.3
19 30 74 3.4
19 40 108 0.9
19 50 117 3.3
19 60 150 1.3
19 70 163 1.4
19 80 177 4.1
19 90 218 4.1
