20 4
0 0 0 1.9
0 25 47.5 2.4
0 50 107.5 1.5
0 75 145 1.1
1 0 0 1.9
1 25 47.5 2.4
1 50 107.5 1.5
1 75 145 1.1
2 0 0 1.9
2 25 47.5 2.4
2 50 107.5 1.5
2 75 145 1.1
3 0 0 1.9
3 25 47.5 2.4
3 50 107.5 1.5
3 75 145 1.1
4 0 0 1.9
4 25 47.5 2.4
4 50 107.5 1.5
4 75 145 1.1
5 0 0 1.9
5 25 47.5 2.4
5 50 107.5 1.5
5 75 145 1.1
6 0 0 1.9
6 25 47.5 2.4
6 50 107.5 1.5
6 75 145 1.1
7 0 0 1.9
7 25 47.5 2.4
7 50 107.5 1.5
7 75 145 1.1
8 0 0 1.9
8 25 47.5 2.4
8 50 107.5 1.5
8 75 145 1.1
9 0 0 1.9
9 25 47.5 2.4
9 50 107.5 1.5
9 75 145 1.1
10 0 0 1.9
10 25 47.5 2.4
10 50 107.5 1.5
10 75 145 1.1
11 0 0 1.9
11 25 47.5 2.4
11 50 107.5 1.5
11 75 145 1.1
12 0 0 1.9
12 25 47.5 2.4
12 50 107.5 1.5
12 75 145 1.1
13 0 0 1.9
13 25 47.5 2.4
13 50 107.5 1.5
13 75 145 1.1
14 0 0 1.9
14 25 47.5 2.4
14 50 107.5 1.5
14 75 145 1.1
15 0 0 1.9
15 25 47.5 2.4
15 50 107.5 1.5
15 75 145 1.1
16 0 0 1.9
16 25 47.5 2.4
16 50 107.5 1.5
16 75 145 1.1
17 0 0 1.9
17 25 47.5 2.4
17 50 107.5 1.5
17 75 145 1.1
18 0 0 1.9
18 25 47.5 2.4
18 50 107.5 1.5
18 75 145 1.1
19 0 0 1.9
19 25 47.5 2.4
19 50 107.5 1.5
19 75 145 1.1
