20 10
0 0 0 3.4
0 10 34 3.2
0 20 66 4.9
0 30 115 4.9
0 40 164 3.6
0 50 200 1.1
0 60 211 4.1
0 70 252 1.3
0 80 265 3.1
0 90 296 0.7
1 0 0 3.4
1 10 34 3.2
1 20 66 4.9
1 30 115 4.9
1 40 164 3.6
1 50 200 1.1
1 60 211 4.1
1 70 252 1.3
1 80 265 3.1
1 90 296 0.7
2 0 0 3.4
2 10 34 3.2
2 20 66 4.9
2 30 115 4.9
2 40 164 3.6
2 50 200 1.1
2 60 211 4.1
2 70 252 1.3
2 80 265 3.1
2 90 296 0.7
3 0 0 3.4
3 10 34 3.2
3 20 66 4.9
3 30 115 4.9
3 40 164 3.6
3 50 200 1.1
3 60 211 4.1
3 70 252 1.3
3 80 265 3.1
3 90 296 0.7
4 0 0 3.4
4 10 34 3.2
4 20 66 4.9
4 30 115 4.9
4 40 164 3.6
4 50 200 1.1
4 60 211 4.1
4 70 252 1.3
4 80 265 3.1
4 90 296 0.7
5 0 0 3.4
5 10 34 3.2
5 20 66 4.9
5 30 115 4.9
5 40 164 3.6
5 50 200 1.1
5 60 211 4.1
5 70 252 1.3
5 80 265 3.1
5 90 296 0.7
6 0 0 3.4
6 10 34 3.2
6 20 66 4.9
6 30 115 4.9
6 40 164 3.6
6 50 200 1.1
6 60 211 4.1
6 70 252 1.3
6 80 265 3.1
6 90 296 0.7
7 0 0 3.4
7 10 34 3.2
7 20 66 4.9
7 30 115 4.9
7 40 164 3.6
7 50 200 1.1
7 60 211 4.1
7 70 252 1.3
7 80 265 3.1
7 90 296 0.7
8 0 0 3.4
8 10 34 3.2
8 20 66 4.9
8 30 115 4.9
8 40 164 3.6
8 50 200 1.1
8 60 211 4.1
8 70 252 1.3
8 80 265 3.1
8 90 296 0.7
9 0 0 3.4
9 10 34 3.2
9 20 66 4.9
9 30 115 4.9
9 40 164 3.6
9 50 200 1.1
9 60 211 4.1
9 70 252 1.3
9 80 265 3.1
9 90 296 0.7
10 0 0 3.4
10 10 34 3.2
10 20 66 4.9
10 30 115 4.9
10 40 164 3.6
10 50 200 1.1
10 60 211 4.1
10 70 252 1.3
10 80 265 3.1
10 90 296 0.7
11 0 0 3.4
11 10 34 3.2
11 20 66 4.9
11 30 115 4.9
11 40 164 3.6
11 50 200 1.1
11 60 211 4.1
11 70 252 1.3
11 80 265 3.1
11 90 296 0.7
12 0 0 3.4
12 10 34 3.2
12 20 66 4.9
12 30 115 4.9
12 40 164 3.6
12 50 200 1.1
12 60 211 4.1
12 70 252 1.3
12 80 265 3.1
12 90 296 0.7
13 0 0 3.4
13 10 34 3.2
13 20 66 4.9
13 30 115 4.9
13 40 164 3.6
13 50 200 1.1
13 60 211 4.1
13 70 252 1.3
13 80 265 3.1
13 90 296 0.7
14 0 0 3.4
14 10 34 3.2
14 20 66 4.9
14 30 115 4.9
14 40 164 3.6
14 50 200 1.1
14 60 211 4.1
14 70 252 1.3
14 80 265 3.1
14 90 296 0.7
15 0 0 3.4
15 10 34 3.2
15 20 66 4.9
15 30 115 4.9
15 40 164 3.6
15 50 200 1.1
15 60 211 4.1
15 70 252 1.3
15 80 265 3.1
15 90 296 0.7
16 0 0 3.4
16 10 34 3.2
16 20 66 4.9
16 30 115 4.9
16 40 164 3.6
16 50 200 1.1
16 60 211 4.1
16 70 252 1.3
16 80 265 3.1
16 90 296 0.7
17 0 0 3.4
17 10 34 3.2
17 20 66 4.9
17 30 115 4.9
17 40 164 3.6
17 50 200 1.1
17 60 211 4.1
17 70 252 1.3
17 80 265 3.1
17 90 296 0.7
18 0 0 3.4
18 10 34 3.2
18 20 66 4.9
18 30 115 4.9
18 40 164 3.6
18 50 200 1.1
18 60 211 4.1
18 70 252 1.3
18 80 265 3.1
18 90 296 0.7
19 0 0 3.4
19 10 34 3.2
19 20 66 4.9
19 30 115 4.9
19 40 164 3.6
19 50 200 1.1
19 60 211 4.1
19 70 252 1.3
19 80 265 3.1
19 90 296 0.7
