24 5 30 1748.97 1 3607
19 10 29 1368.83 3 900
8 17 26 295.595 4 330
13 2 24 806.951 1 930
1 8 25 1475.93 2 2901
27 3 30 711.523 4 816
10 6 20 1194.42 1 953
14 13 28 72.3459 3 347
21 3 30 1170.78 1 2093
17 8 27 1380.21 3 1017
20 4 28 819.769 1 1590
21 1 27 845.675 2 315
29 1 30 1744.45 4 1121
26 3 29 822.675 2 3711
22 2 25 665.254 1 2210
12 18 30 808.975 1 3136
8 20 28 1310.91 1 1596
3 21 30 1483.29 3 2561
13 12 30 597.554 4 793
10 12 29 983.33 3 462
17 1 29 1577.3 2 538
19 7 29 362.369 1 3583
12 7 22 191.73 2 2092
29 1 30 1820.63 2 3774
19 5 28 449.085 1 3043
15 1 26 727.099 2 3341
20 10 30 1216.94 2 855
1 23 24 366.541 3 3641
9 1 28 1612.69 2 2684
12 11 26 1212.18 4 765
20 7 30 335.42 1 2019
3 3 17 1852.93 2 1143
4 2 8 1029.41 3 670
4 4 20 535.486 1 200
6 16 29 1595.86 1 546
18 4 28 888.749 2 407
12 7 29 832.188 3 2612
16 3 20 354.086 3 2796
19 10 30 498.695 3 3982
29 1 30 1764.67 4 1569
1 3 6 202.837 2 2446
9 11 22 1614.83 3 24
1 16 19 1355.61 2 1168
4 16 23 1448.22 1 597
21 2 25 1480.22 4 718
6 2 15 515.863 2 1306
26 4 30 451.452 1 265
7 12 22 431.667 2 2896
20 3 24 1892.64 1 705
7 3 16 1356.57 4 267
24 1 27 25.5637 3 1713
25 4 30 426.62 1 2271
27 3 30 1984.02 3 1080
6 11 24 927.356 1 456
17 4 30 397.55 4 774
23 2 28 739.365 3 3320
29 1 30 1107.2 2 3740
3 1 5 1826.92 2 3150
7 12 22 607.991 2 2613
18 6 26 1018.73 4 2531
16 8 28 1108.83 4 3289
15 8 27 1984.97 4 3704
26 2 30 1054.35 3 2368
29 1 30 1572.99 4 3812
15 14 29 633.244 1 356
8 14 28 1564.84 4 280
18 9 28 752.938 2 3130
5 15 24 1508.95 3 1448
22 1 26 115.634 4 554
19 10 29 71.24 3 1728
8 2 11 870.198 4 1402
19 5 28 1942.45 2 2043
20 9 30 1258.17 1 1242
10 3 14 1822.48 3 2658
28 2 30 1391.14 3 990
8 5 19 1438.92 4 1524
7 8 26 132.469 2 852
20 7 29 611.373 4 1210
12 2 27 214.544 1 2823
8 5 28 75.5555 1 2147
4 23 30 1795.13 1 3883
19 10 30 391.427 4 3951
13 5 30 1996.94 4 1080
1 20 22 1909.71 3 3899
8 3 12 913.032 2 901
14 11 26 1641.1 2 2288
4 12 29 1054.07 2 13
5 6 23 1974.69 3 1821
23 2 27 257.376 4 2547
5 24 30 1734.48 3 2879
15 10 30 141.78 4 3207
3 7 17 1324.05 3 329
5 7 24 770.734 3 456
11 13 29 223.743 3 578
8 11 28 535.075 1 345
22 4 29 732.259 1 3492
20 10 30 1798.29 3 1749
11 11 24 345.981 2 1900
13 11 29 304.162 4 1901
27 1 30 1932.25 2 2220
16 3 22 809.674 1 305
15 9 28 1533.38 4 277
9 14 27 1393.12 3 1228
7 2 25 382.425 1 3251
2 27 29 1442.87 2 1002
17 9 27 701.687 4 3845
28 2 30 1862.72 4 706
24 6 30 1144.17 2 1655
22 4 30 1108.79 1 1015
21 2 25 1456.77 3 1348
12 12 27 774.365 4 2935
23 3 27 1943.69 2 3322
21 8 29 1953.38 4 2671
19 5 30 1231.76 2 1637
14 2 27 1455.7 4 559
10 4 27 1243.46 4 2274
9 11 30 276.757 4 1932
1 28 30 337.399 1 2932
14 15 29 1871.93 1 3183
4 19 26 1547.31 4 3735
23 2 26 1533.47 4 1055
28 2 30 1004.58 3 62
7 15 22 1030.15 3 3615
26 3 30 1045.71 3 1744
14 10 30 1792.19 3 1989
17 4 22 1530.01 3 294
23 1 29 854.899 2 1358
8 12 20 1675.33 4 2928
10 6 29 1657.32 1 2127
12 13 28 948.796 4 2563
10 12 25 760.742 3 3256
24 5 30 624.804 2 215
15 12 28 657.396 1 3623
22 8 30 405.43 2 19
19 9 29 1736.26 2 509
12 16 30 56.2888 2 682
8 6 24 213.874 1 2911
19 7 28 1372.75 4 185
18 12 30 283.865 3 1772
19 8 30 1301.09 1 2635
2 13 22 18.7729 4 3524
26 3 29 495.221 4 1382
26 3 30 443.663 2 2619
5 8 17 1059.91 2 1121
17 10 27 1299.38 1 3839
22 3 27 456.726 1 3266
19 10 29 1262.37 4 2247
27 3 30 651.788 4 750
10 11 26 883.842 2 2984
27 2 29 921.589 2 3749
24 4 28 512.876 1 3377
8 15 27 249.149 4 3510
18 11 30 588.803 2 1280
25 4 29 132.081 3 728
15 10 27 204.009 4 2178
28 1 30 245.125 1 1035
4 15 30 276.095 4 664
16 3 29 1348.64 1 2461
14 12 29 1846.57 3 117
20 7 30 262.453 2 2115
21 9 30 1630.9 3 3506
29 1 30 119.129 4 499
24 4 30 1528.84 4 1383
7 3 16 1533.12 2 3181
18 5 30 1133.05 4 233
7 17 29 448.082 1 2321
13 9 28 1932.87 1 1542
28 2 30 1364.73 3 1637
19 6 30 314.649 4 885
7 17 26 67.5525 3 3198
6 20 27 1714.37 4 1606
19 9 30 323.032 4 3508
26 4 30 1002.24 4 665
18 8 29 1533.49 4 2259
26 4 30 701.298 2 603
27 2 30 1055.17 1 3777
8 15 26 796.326 2 1136
11 10 27 1900.23 4 1927
4 7 16 366.327 3 179
1 18 21 882.441 2 650
24 4 28 1103.95 1 3410
20 1 21 609.272 3 3676
22 3 27 1480.12 1 1107
27 1 29 1766.7 1 1713
16 10 26 275.626 3 3242
8 11 22 978.636 4 2425
8 20 28 1493.94 1 3380
20 10 30 1711 4 3153
29 1 30 1022.92 2 3573
22 4 29 1846.85 1 3905
1 8 25 1232.58 3 1046
10 1 23 545.312 2 2370
12 16 28 908.452 1 352
19 6 29 595.388 1 1529
11 12 30 1388.41 2 2039
17 7 25 1050.93 4 1253
8 13 25 462.432 4 1119
8 21 30 1199.08 4 584
18 6 27 1645.9 4 1082
26 3 30 1221.66 1 3367
