13 6 19 789.525 3 2071
16 3 20 1504.62 2 1693
11 4 17 1257.29 2 1683
9 7 16 1522.21 2 1349
3 3 13 43.1523 1 3529
14 4 20 52.0908 2 2099
9 8 17 1631 4 2252
14 1 16 832.123 3 3586
3 3 18 574.581 1 628
5 5 13 1106.86 1 1839
11 2 17 846.039 2 709
19 1 20 1651.34 1 2732
2 15 18 944.864 2 1178
14 2 20 1042.97 2 2030
13 7 20 910.691 4 721
8 12 20 308.987 3 762
11 9 20 350.277 4 2344
6 6 16 1493.28 4 144
14 2 17 478.272 4 2785
12 6 19 56.9415 1 3245
10 4 20 812.146 4 3197
16 1 18 603.632 1 1567
13 2 17 604.245 2 601
8 5 16 511.296 1 522
10 5 19 1955.68 4 269
17 2 20 1952.75 2 2847
9 7 17 44.4935 2 3202
13 4 17 71.3495 1 1457
3 15 18 1729.51 1 2740
17 2 20 526.131 1 2707
16 2 18 958.918 1 38
4 8 16 284.883 3 2909
16 3 20 1820.05 4 2044
2 12 20 655.967 1 105
16 3 19 1103.31 3 2434
11 2 20 1241.2 1 2343
19 1 20 500.462 4 511
14 3 18 881.217 1 2240
6 4 20 1188.95 1 1160
2 4 17 1004.44 1 364
9 7 20 1803.45 4 3086
9 4 15 979.324 4 48
19 1 20 495.467 4 3312
12 1 20 1823.98 4 259
16 2 20 1260.13 3 333
16 2 18 1280.61 2 1012
7 13 20 115.092 3 3386
8 2 16 489.454 2 3058
17 1 20 253.017 1 1102
3 5 9 1265.3 4 231
12 4 19 1297.55 3 1713
1 9 10 1544.2 4 3801
7 13 20 1820.02 3 1901
8 3 19 1759.5 3 1722
13 5 20 1555.28 1 3782
8 10 20 206.175 1 3727
2 10 20 942.731 4 3912
13 4 20 972.197 3 2115
1 3 9 569.095 1 1396
12 3 20 1832.28 2 3813
19 1 20 852.792 3 2027
18 2 20 233.788 3 3924
18 2 20 304.543 4 3117
6 3 11 1137.07 2 488
2 2 11 1036.88 4 2849
2 10 12 1842.66 3 3356
1 19 20 377.066 1 621
5 1 20 425.022 4 3450
11 2 17 1201.1 3 2210
4 11 20 79.4348 2 989
1 1 7 1058.89 4 3213
9 7 19 895.547 2 3841
8 7 15 534.892 1 2149
7 9 18 325.728 1 855
10 6 20 250.361 2 3910
10 6 20 721.316 1 2958
16 2 20 212.611 1 1729
13 4 20 1352.3 3 1478
8 12 20 1145.58 2 2080
13 6 19 849.873 2 3549
7 11 19 139.765 1 2268
9 3 15 474.028 4 3620
17 3 20 1220.82 4 1749
2 14 17 610.289 4 3673
3 16 20 648.774 3 1558
10 10 20 688.719 2 2311
2 2 10 80.3518 3 3953
15 5 20 2.79813 2 2231
13 6 20 1488.18 2 1773
5 4 11 1133.68 1 1819
3 9 14 1525.83 2 677
16 1 19 1024.74 2 3535
10 1 20 184.677 3 2161
13 5 20 1298.78 1 364
1 2 9 499.326 2 2301
1 14 15 1343 3 3571
14 5 20 1278.58 4 2082
5 7 15 1857.55 3 2040
17 2 19 374.762 1 322
15 3 19 814.175 4 3018
12 3 18 1486.83 1 3845
18 1 19 1307.07 1 3322
3 3 6 1675.06 4 576
19 1 20 914.912 1 17
18 1 20 1683.6 3 2765
17 1 19 298.644 1 83
5 1 20 1505.68 4 3150
3 4 13 1420.54 3 2158
7 9 18 439.69 4 3468
4 9 14 1135.62 4 3027
4 6 15 708.944 2 165
16 3 19 299.533 3 1513
12 8 20 1735.89 3 3894
19 1 20 449.109 2 425
8 7 16 1029.8 1 2207
7 6 16 393.224 2 2898
15 3 20 1130.24 2 901
19 1 20 1402.93 2 987
1 17 20 150.915 1 1571
10 4 18 27.2023 1 2214
13 7 20 1867.58 3 235
17 1 20 1114.75 4 2615
12 4 19 275.791 4 969
9 7 17 1330.88 4 2096
3 16 19 376.757 3 850
18 2 20 1332.12 4 3690
10 8 18 1469.95 4 242
18 1 19 1992.53 4 86
8 10 19 44.3166 4 385
11 2 18 506.383 2 2102
15 4 19 806.333 1 596
17 2 20 145.441 2 1865
11 8 20 561.954 3 2235
9 5 19 1002.23 3 1966
4 3 7 1478.73 1 92
13 6 20 1620.25 2 499
6 2 18 1702.34 4 684
18 2 20 1276.89 4 1132
16 4 20 1082.08 1 2907
18 1 20 216.854 4 3264
5 5 18 1580.75 4 1466
9 1 13 1221.82 2 3523
12 3 19 28.3613 1 3762
10 3 20 423.415 1 204
9 4 13 449.056 1 2483
8 3 11 64.8344 4 3260
17 2 19 679.129 3 1348
13 3 18 665.829 1 64
11 1 15 1061.03 3 2258
7 5 16 1909.57 2 749
2 18 20 611.933 4 1485
12 1 16 38.7294 3 403
5 2 11 1887.29 2 721
14 4 18 679.408 1 296
13 7 20 1241.02 3 3309
15 1 16 1207.17 1 1120
18 1 20 1429.26 2 810
6 6 16 1125.6 2 3412
2 4 6 1187.46 2 276
6 12 18 1706.95 4 3897
8 7 20 39.0479 3 3932
15 3 20 970.8 2 3224
10 8 18 1236.8 4 1095
15 5 20 1822.03 1 3413
11 3 15 913.25 4 1822
7 13 20 355.017 3 614
10 3 16 235.363 4 1390
17 3 20 1017.55 1 3454
15 5 20 1322.62 4 2435
12 6 18 1884.55 4 343
7 3 18 1364.58 3 1026
9 9 20 1312.86 3 628
15 1 20 341.337 3 713
12 1 16 1000.74 3 3101
10 3 20 1287.2 2 369
6 11 17 1137.21 3 1912
2 7 16 534.706 4 1661
12 2 18 382.596 2 973
1 7 8 1198.54 1 2726
14 6 20 869.618 3 167
7 3 17 317.817 4 2865
15 4 20 759.535 3 3342
2 9 17 1085.41 3 3964
3 5 9 1625.15 1 2717
13 7 20 1901.12 4 3069
15 1 19 1482.47 2 2792
13 7 20 1355.1 2 1282
2 2 10 1163.56 1 374
12 4 17 1606.42 2 2139
4 13 17 495.843 3 2007
9 2 12 1675.14 3 943
8 6 14 516.992 2 3201
11 9 20 1701.93 3 789
16 3 20 271.223 4 110
15 5 20 1650.24 3 3968
18 1 19 447.956 2 1074
4 2 18 1699.7 1 3754
17 3 20 1592.06 4 2019
12 7 19 946.624 1 3221
14 3 19 641.614 4 140
