10 72 105 434.172 1 2677
65 54 120 1844.58 3 1906
107 13 120 1247.38 1 2330
7 109 116 1914.69 4 180
106 8 114 480.774 4 1948
49 69 118 728.275 1 2886
82 18 115 177.222 2 1970
92 20 116 1510.99 2 2861
78 36 115 1845.43 4 439
117 1 118 458.954 4 2917
106 6 115 1692.24 4 130
31 74 117 690.16 4 413
106 12 119 412.916 3 2949
69 2 117 488.52 1 50
35 70 105 783.168 1 2373
39 23 70 1582.86 1 2576
96 20 117 37.7714 4 404
90 20 112 1536.58 4 3086
109 10 119 1708.74 4 2105
48 24 94 1525.2 2 3040
80 37 119 20.9044 4 3811
78 35 118 1912.99 1 2542
20 99 120 1926.7 3 1250
32 9 77 1688.01 2 1025
31 36 117 1889.28 1 3330
2 84 104 1780.06 1 613
79 18 101 647.04 4 3462
35 66 116 656.944 1 2595
78 38 116 1307.06 4 2024
51 66 119 1848.16 2 2003
61 23 105 689.732 1 2672
29 55 91 1736.87 4 2012
53 23 78 1546.33 1 958
102 8 115 1758.68 1 2394
37 39 100 106.116 3 1794
87 24 120 352.649 2 3298
15 103 119 465.703 2 2905
103 10 119 1066.98 3 1812
106 9 117 1739.84 2 284
90 20 114 593.822 1 2122
110 6 118 1152.68 3 1988
64 2 119 963.942 3 235
114 4 119 1760.35 3 921
65 45 115 1731.48 4 861
104 1 109 1464.69 4 2513
58 18 104 489.083 4 2408
48 50 118 1543.5 1 3003
99 12 119 1056.13 4 621
64 32 114 915.768 4 261
79 5 100 1338.64 4 3443
97 20 120 1322.29 4 1859
53 48 101 1037.82 4 278
48 46 96 362.635 1 1900
7 21 87 1244.94 3 689
76 39 118 1744.12 4 449
74 25 112 63.8322 1 3333
69 7 108 1310.89 2 1579
82 6 113 435.302 3 2940
18 21 116 1252.24 1 1735
51 57 117 334.14 3 1402
107 6 116 177.544 2 2362
112 6 119 980.986 4 1165
114 4 119 1205.76 2 3524
48 64 116 375.934 4 1913
105 8 115 993.074 2 3325
7 53 91 954.281 1 2488
99 17 120 1499.41 2 128
119 1 120 677.162 2 1079
91 3 97 24.6772 2 1292
37 60 120 222.331 2 2196
113 3 116 593.683 3 1104
5 63 119 424.839 3 2669
57 32 104 1589.88 4 1595
34 47 116 1619.05 4 72
102 8 110 1655.15 3 2256
38 12 115 1920.74 1 2452
7 43 101 1144.95 3 1802
104 3 120 150.752 3 1242
41 22 82 12.0285 1 1526
115 4 119 873.297 4 2054
18 17 111 1863.81 1 1482
58 62 120 994.082 3 2200
38 8 54 360.212 1 1024
63 9 114 1733.72 1 1169
40 72 115 446.301 3 401
60 9 84 27.9017 4 596
18 92 117 1128.81 1 3703
111 1 117 118.799 2 1682
43 7 115 1874.63 3 383
90 27 117 184.108 3 1437
24 43 67 482.154 2 3879
63 19 108 1907.93 1 1456
62 43 111 397.748 4 732
89 7 115 167.088 2 3414
93 14 112 1213.18 3 2294
100 12 115 1036.05 4 3351
23 17 46 856.332 2 1548
24 57 116 597.103 1 2584
3 21 62 1856.58 3 816
66 45 114 1392.92 1 1962
9 85 94 1616.41 2 2672
80 22 113 1620.1 2 2991
106 7 115 1268.19 2 3401
47 52 101 385.526 4 3559
8 3 90 1117.95 1 720
58 52 115 456.868 4 695
61 48 119 786.641 2 1344
6 35 88 371.453 4 917
72 38 115 167.729 1 795
109 11 120 1322.08 4 3650
5 92 103 201.607 1 997
103 6 116 421.789 3 3132
115 3 119 208.31 4 1748
35 61 103 1992.13 2 1428
105 15 120 628.355 3 821
52 24 81 1618.35 4 2963
58 52 117 700.729 1 1746
23 88 113 655.927 2 3432
14 88 106 703.546 3 3609
42 26 120 1857.97 2 1380
22 64 120 546.98 2 3537
46 67 120 1820.97 1 957
44 27 108 1529.69 2 2829
81 8 112 83.3594 3 539
69 33 105 819.966 1 3409
73 4 95 1195.28 1 763
102 9 117 709.017 1 2971
111 3 117 354.485 3 3293
77 21 99 1176.4 2 2716
85 33 120 922.137 1 3708
71 15 99 500.967 2 692
11 106 119 559.915 1 2856
108 3 118 780.358 1 143
11 76 99 455.72 2 3888
73 46 120 1424.49 3 2966
49 2 75 246.187 4 625
84 30 120 182.147 3 3606
52 4 79 1266.48 4 3818
83 30 115 1448.76 4 3761
105 10 117 207.152 2 2259
2 40 72 1764.25 2 2776
87 4 91 1647.14 4 327
55 65 120 487.296 1 2788
6 67 114 400.301 1 3660
61 9 86 673.785 4 3627
116 3 120 316.648 1 753
3 105 120 848.724 3 241
78 33 114 1865.4 4 3326
51 13 78 1988.03 3 1960
34 55 97 1171.76 2 365
4 85 91 1113.42 4 3194
85 8 93 640.438 4 3174
31 69 115 47.4722 3 3190
42 77 119 816.756 2 447
91 14 114 1002.62 1 3676
50 69 119 541.51 4 103
99 10 116 941.704 2 911
72 11 116 1505.4 1 741
29 44 91 1586.56 3 1431
87 1 105 1939.29 2 3850
24 25 61 1336.61 2 3758
72 41 115 529.056 4 2874
3 111 119 1076.13 4 3344
93 2 110 1697.34 1 817
115 2 117 1828.73 4 2227
73 26 120 1720.95 1 2670
70 6 105 494.65 4 168
84 25 113 466.747 3 2629
41 2 102 465.632 2 3536
106 2 112 197.403 3 2516
65 8 73 264.503 4 1105
87 8 106 175.927 3 2082
24 75 120 832.203 4 1875
34 42 110 1443.13 2 1975
54 29 84 1677.7 2 2153
4 83 105 1019.62 1 1980
27 55 90 295.679 3 2874
117 3 120 567.318 4 2679
18 10 84 767.662 3 2656
59 50 110 835.784 2 3606
82 22 112 255.079 3 2243
93 8 114 1980.18 2 1044
66 28 119 1310.32 2 457
94 7 111 1841.43 4 281
78 32 112 1582.28 2 2036
118 2 120 856.705 3 2080
113 2 119 1756.19 3 2535
42 16 64 782.262 4 495
49 64 113 984.955 1 13
116 3 119 1325.21 1 2797
87 26 115 69.5072 4 2113
67 38 111 1476.78 3 1136
25 30 118 1869.76 2 3703
58 19 101 1145.44 2 3113
42 36 112 1786.42 2 1295
55 6 86 723.062 4 1646
72 14 115 795.671 1 2311
57 5 101 72.0313 4 1675
42 48 120 811.673 4 231
19 40 97 1469.43 3 2183
