1 3 5 12.9974 4 1557
2 1 4 28.0931 1 2542
1 4 5 82.7241 1 1098
4 1 5 26.7865 4 3094
1 3 5 97.2604 2 1512
3 2 5 32.2314 3 3884
2 2 5 34.8653 4 1689
3 1 5 40.4972 3 1213
2 1 3 20.533 2 2864
4 1 5 76.9977 3 2778
4 1 5 57.1596 3 2128
1 3 5 77.5431 2 1907
2 3 5 32.3403 1 255
2 3 5 72.4297 3 3194
1 4 5 92.1136 3 1386
1 1 5 66.7446 3 2727
2 2 5 85.5612 2 1042
2 3 5 33.0172 3 3606
2 2 4 15.0904 3 3069
3 1 4 46.6323 1 2351
3 2 5 88.9677 4 1026
3 1 5 46.2121 3 3937
1 1 4 5.85506 1 518
3 2 5 59.6982 2 2242
2 3 5 11.4438 3 2054
4 1 5 50.4774 1 2458
2 2 4 12.4846 3 1684
1 4 5 59.3138 2 2805
2 2 5 7.80392 1 2457
1 4 5 69.0606 2 3876
3 2 5 10.7249 1 2030
4 1 5 3.96894 2 1454
1 1 4 93.7453 1 1937
3 1 5 34.109 3 1067
3 2 5 74.8047 4 1736
3 1 5 91.5802 3 2862
4 1 5 5.49971 4 464
3 2 5 12.7279 4 3612
4 1 5 38.3311 1 1967
4 1 5 56.8065 1 2148
3 1 4 13.9456 4 2506
4 1 5 64.5345 1 3480
3 1 4 87.5347 2 1872
4 1 5 22.8954 4 94
1 4 5 81.9752 4 346
2 3 5 17.1651 4 2699
3 1 5 16.2237 3 2899
2 3 5 83.157 3 3903
2 2 4 52.8139 1 2873
1 1 5 6.34667 2 1924
1 1 3 62.9756 1 249
3 2 5 54.6641 4 1294
4 1 5 32.6079 3 3304
3 1 5 92.7053 1 3115
4 1 5 23.1617 3 3988
4 1 5 77.5869 4 3441
1 3 4 92.073 4 1424
4 1 5 43.7833 4 248
1 2 5 67.8887 4 3142
1 4 5 33.5097 3 2730
3 2 5 81.3975 3 841
1 4 5 41.1305 2 976
4 1 5 36.8661 1 3604
4 1 5 12.5405 2 962
4 1 5 45.5556 3 1963
2 1 3 27.1115 4 1080
4 1 5 27.6794 3 2501
1 1 5 19.1777 3 2583
2 2 4 95.7832 3 409
2 1 5 40.2861 3 954
4 1 5 46.3147 3 1354
3 1 5 63.9271 1 57
3 1 4 44.6901 3 2331
1 4 5 76.0562 4 3001
3 1 4 26.7616 3 1582
2 3 5 52.0928 2 169
1 1 3 71.2028 2 3836
1 1 4 22.672 3 3813
2 1 4 41.221 3 13
4 1 5 69.9295 4 89
3 2 5 19.6186 4 2658
3 2 5 58.971 1 3101
4 1 5 83.5245 1 3450
2 3 5 48.4548 1 1272
3 2 5 89.7514 2 529
4 1 5 85.076 2 2114
4 1 5 31.6907 3 2727
4 1 5 61.5295 3 324
1 4 5 85.7113 3 3866
4 1 5 89.6363 4 1433
1 4 5 29.3269 1 1818
1 3 4 97.3844 3 2675
3 2 5 89.0302 2 1660
1 2 4 48.5615 4 1990
1 2 5 72.185 2 1249
2 1 4 52.9657 2 1133
3 2 5 8.55273 1 2494
2 3 5 76.6659 4 621
1 3 5 93.1055 1 561
2 3 5 85.1018 4 3027
3 2 5 67.5127 2 2024
1 4 5 45.2474 3 3763
2 1 5 96.1148 1 3021
4 1 5 6.65466 1 3584
3 2 5 33.0701 4 1247
2 2 4 9.79395 1 3666
4 1 5 84.9021 4 1860
3 1 5 29.603 4 2724
1 1 2 66.3916 4 2213
2 2 5 74.5982 3 3807
3 2 5 2.37575 2 3675
1 4 5 12.1759 3 2655
2 1 3 97.236 1 521
4 1 5 52.7947 1 678
3 2 5 14.9206 2 2621
2 2 4 22.3814 4 1577
2 3 5 2.12798 1 3019
3 1 4 71.8273 2 1788
3 1 4 13.4031 3 3571
2 3 5 57.7531 1 1854
2 2 5 91.334 1 2166
4 1 5 24.6648 4 2868
4 1 5 28.0755 1 2398
2 3 5 44.9098 1 2202
4 1 5 95.4137 1 1595
1 2 5 72.2235 2 1094
1 3 4 83.6233 2 996
1 2 5 22.9105 1 519
4 1 5 7.614 1 866
4 1 5 16.0704 2 2813
1 1 2 2.55967 4 1417
3 1 5 20.1833 4 64
1 1 3 26.6056 3 871
1 2 3 21.2936 1 248
4 1 5 36.4627 2 1178
2 3 5 39.3829 3 412
1 1 5 97.3822 3 3545
3 1 4 23.3262 3 14
2 2 4 81.3089 1 2814
3 2 5 99.3553 1 3640
1 3 5 27.5423 1 186
2 1 4 76.0763 1 2144
1 2 3 5.96556 1 3992
2 1 5 61.7839 3 600
1 3 4 68.2876 4 249
4 1 5 68.0812 1 2270
4 1 5 33.3321 2 2720
4 1 5 86.5109 3 2079
3 2 5 96.4042 4 2472
4 1 5 52.4599 4 2399
2 3 5 73.9754 4 3524
3 1 5 53.2442 4 1490
1 4 5 61.0431 2 3758
3 2 5 72.0796 2 1989
1 1 3 99.7461 1 2848
3 1 5 11.2174 3 215
2 3 5 94.7772 4 3289
3 2 5 71.9257 1 2923
4 1 5 89.5992 1 1787
4 1 5 50.0824 2 2890
4 1 5 34.7715 3 2356
3 2 5 29.4995 1 1061
3 2 5 48.292 1 172
4 1 5 63.7428 2 285
4 1 5 55.4994 1 2991
3 2 5 6.3096 4 778
2 1 3 4.2817 1 2174
4 1 5 96.3172 3 3890
3 1 5 45.6948 1 3013
4 1 5 59.5195 1 2531
4 1 5 8.77761 3 3280
4 1 5 57.2104 2 1009
2 2 5 8.62881 3 3874
4 1 5 97.0806 1 107
2 1 3 54.6658 1 2314
4 1 5 89.0028 1 59
2 1 3 81.1113 4 2272
4 1 5 10.7059 2 497
2 2 5 30.8022 3 974
4 1 5 84.0446 3 1478
1 1 4 87.8471 4 856
4 1 5 30.4756 3 622
2 2 4 55.9823 4 1058
1 2 5 21.1709 4 219
2 1 4 50.8648 3 3802
4 1 5 81.8884 3 1655
2 3 5 95.9329 2 2073
4 1 5 92.0385 2 1373
2 2 5 46.7493 1 1617
3 2 5 82.7677 1 2495
3 1 4 62.6508 2 1067
2 1 5 95.8094 3 2513
2 1 3 44.1371 3 1267
2 1 4 93.3378 2 2310
3 2 5 36.9958 4 1551
3 2 5 78.8453 2 1200
1 3 5 89.1323 1 490
2 3 5 33.4088 1 3322
4 1 5 8.69034 3 2438
4 1 5 22.9356 2 3304
