28 28 58 184.24 2 3594
53 6 60 819.66 2 958
47 9 58 784.643 3 1685
26 34 60 1928.07 1 143
6 6 23 58.909 2 2575
56 3 59 1284.58 3 1607
12 18 44 917.808 2 2047
5 18 59 621.779 2 1951
36 10 57 1592.1 2 3079
32 12 54 1990.35 4 267
38 8 47 594.728 2 3849
58 2 60 1068.38 1 2643
17 8 51 49.3233 1 859
53 5 59 1632.52 1 2696
43 15 59 825.349 2 2483
20 24 53 1036.46 4 3374
12 11 47 974.799 3 353
30 1 55 1747.56 3 1813
43 9 59 317.982 2 3692
58 2 60 1353.88 3 2503
48 10 59 1033.32 1 3291
18 2 47 891.99 4 2180
11 45 60 1401.94 1 2275
22 35 57 786.655 4 3874
31 18 51 1032.88 4 2826
24 21 54 585.219 4 1219
22 21 51 1946.15 1 2890
27 18 48 88.9123 1 2046
59 1 60 1021.77 2 2640
16 4 38 824.647 2 2758
42 18 60 1392.89 2 1114
49 7 60 381.006 4 1913
23 15 53 31.9841 1 2399
59 1 60 550.595 3 1842
16 17 47 1008.08 3 885
59 1 60 1060.17 2 3856
58 2 60 1802.09 3 812
55 4 60 1541.57 2 3944
40 3 46 1961.69 1 2584
58 1 59 1308.99 2 1466
20 6 57 1533.36 4 2910
11 47 59 1779.33 4 3961
45 1 46 1660.15 2 138
16 2 55 533.228 3 2281
24 12 41 1764.51 2 1542
50 7 60 1881.33 3 2802
51 8 59 987.65 1 2690
22 8 36 1055.59 4 3397
36 14 51 1946.28 3 1578
10 21 56 1842.4 3 665
2 46 58 1276.1 1 1314
55 2 57 1180.72 3 58
43 16 59 1750.47 1 39
20 12 49 1240.37 3 2072
34 11 57 801.735 2 47
32 26 58 1764.86 3 1943
45 4 60 1989.92 1 1507
1 30 46 260.265 1 3343
41 14 58 265.878 3 349
39 2 44 124.154 3 2293
34 12 51 858.882 4 219
3 17 56 537.394 1 2656
40 17 58 579.771 2 2846
14 16 43 1209.07 4 2951
36 13 54 188.718 3 2862
11 31 57 1579.81 3 3173
24 3 39 1467.88 4 3770
16 4 25 1228.39 4 3490
23 17 40 144.902 3 704
2 39 55 1186 3 3669
3 24 47 1876.32 1 894
17 28 45 1864.14 4 1698
3 30 44 630.98 3 3051
36 8 53 760.365 1 1385
55 4 60 1822.82 3 1281
52 8 60 137.453 2 494
18 38 59 1262.63 4 3934
44 13 60 928.064 2 712
13 19 34 1619.81 3 3154
43 12 57 1309.58 3 2415
11 4 28 855.56 2 3731
8 47 57 808.923 4 277
57 2 60 1121.19 1 1866
20 39 60 1957.66 1 1053
58 2 60 295.636 4 1035
59 1 60 1025.64 1 1946
17 34 59 1393.1 2 1567
57 1 60 1475.7 3 284
58 2 60 47.2761 2 2180
13 15 44 1243.93 4 1993
22 20 53 14.0579 2 3529
55 3 58 580.425 1 3283
30 14 49 1658.72 2 2345
43 17 60 72.7874 2 1655
1 19 43 1424.99 3 749
30 24 56 1849.08 3 1833
52 1 55 1960.88 1 3920
17 31 54 791.945 2 3013
38 12 55 1640.93 4 1393
58 1 60 1529.32 1 2005
26 26 53 1773.6 2 3117
45 4 59 1402.05 4 1186
40 1 49 1341.65 3 1067
33 12 51 198.557 4 2638
7 3 46 931.477 2 2976
53 2 57 1941.79 2 2701
39 10 57 1060.24 3 3624
9 7 39 1597.16 3 3877
49 5 59 1613.61 1 683
54 2 56 282.543 2 731
3 19 41 1425.19 2 359
5 14 28 1400.55 1 399
3 49 53 1290.93 4 1846
45 11 59 1983.21 2 2755
57 2 59 134.087 2 3639
1 3 18 147.372 2 1177
29 8 59 1268.55 1 401
24 31 56 1165.52 4 2095
48 6 57 1352.83 3 3891
37 14 51 94.5039 4 1740
17 9 52 1253.25 2 2421
25 18 44 1441.08 2 414
24 12 38 1822 4 1281
37 10 48 1058.71 3 3746
42 13 56 1261.18 1 3609
32 6 59 873.3 3 1720
5 49 56 1027.71 4 3974
51 4 60 1298.26 1 1708
32 25 58 1433.37 1 477
32 27 60 644.433 3 368
25 26 55 400.895 4 757
18 29 54 1676.6 3 1138
50 5 58 1042.48 2 1550
22 18 59 20.3736 3 581
53 5 58 1917.44 1 3632
12 22 40 1115.19 1 2472
59 1 60 17.8424 2 1172
26 7 41 707.805 3 2719
47 6 57 321.065 4 1252
37 12 50 904.598 3 3097
54 4 60 922.24 1 3630
43 11 54 1001.6 4 171
18 23 47 826.085 4 2788
38 2 41 262.385 4 158
3 55 60 154.15 2 1559
55 3 58 364.382 4 211
48 2 52 1294.33 1 3038
47 5 57 998.908 2 2328
22 31 53 972.403 2 674
57 2 60 1629.35 3 530
28 8 41 1793.93 1 1964
20 16 53 1985.17 1 132
8 24 60 716.159 4 3393
28 10 48 1870.49 4 866
34 9 48 1376.66 1 2272
44 9 57 1929.2 3 642
1 10 28 1884.09 1 652
28 8 38 262.47 3 2223
23 9 53 1388.84 4 2618
38 19 57 472.104 4 1090
56 1 58 1296.38 1 1449
39 2 49 110.991 1 3343
33 12 47 862.242 1 2353
15 43 58 1692.37 1 2613
1 16 58 152.689 2 2439
11 22 34 357.546 2 2062
22 38 60 1997.68 2 3966
9 19 41 1141.4 2 1295
12 42 59 836.795 3 289
23 33 56 1641.45 3 3159
13 36 49 1177.95 1 3624
30 29 59 1530.59 1 3332
3 54 60 1071.31 1 3184
19 41 60 152.777 4 3703
45 10 58 716.71 1 443
12 28 42 985.168 1 3442
50 3 56 162.555 3 1905
46 11 59 1417.52 1 83
24 5 41 899.758 3 1901
29 15 48 788.781 3 995
55 3 59 659.766 3 1903
6 15 47 1927.67 3 2002
10 5 23 1231.05 4 2364
28 14 53 751.099 2 1282
15 16 33 522.294 4 1558
1 31 42 1739.67 2 3128
40 6 51 1009.1 4 2719
12 14 44 746.987 1 1940
48 5 55 154.93 3 2309
35 24 59 1940.69 1 3717
56 3 59 1754.86 1 1517
27 20 48 1796.52 1 1536
8 14 25 1529.62 3 3377
24 32 57 24.5349 1 3832
20 26 53 1586.46 4 425
41 11 60 943.128 1 2475
22 18 55 1412.8 3 457
21 1 22 1389.27 1 299
7 19 52 1922.31 3 1349
36 5 51 1127.31 4 3742
