531 2 4096
159 4 8192
208 4 8192
234 1 1024
306 1 1024
132 1 1024
250 1 1024
445 2 4096
637 1 1024
276 2 4096
1995 1 1024
417 1 1024
691 4 8192
825 4 8192
211 1 1024
281 4 8192
912 1 1024
252 1 1024
1475 4 8192
2822 4 8192
205 4 8192
113 4 8192
749 4 8192
2535 2 4096
726 2 4096
565 4 8192
421 4 8192
209 1 1024
270 1 1024
241 1 1024
3908 1 1024
240 2 4096
2522 1 1024
2367 4 8192
2390 1 1024
4035 2 4096
290 1 1024
980 1 1024
236 4 8192
118 4 8192
238 4 8192
133 1 1024
167 4 8192
2313 2 4096
150 4 8192
2843 1 1024
107 1 1024
157 1 1024
1815 2 4096
545 4 8192
3198 2 4096
112 4 8192
1072 4 8192
236 1 1024
6359 1 1024
284 1 1024
170 1 1024
433 2 4096
2565 1 1024
811 2 4096
223 1 1024
1056 1 1024
1309 4 8192
240 4 8192
252 1 1024
914 4 8192
109 1 1024
617 1 1024
130 4 8192
112 4 8192
480 4 8192
988 4 8192
1264 4 8192
108 2 4096
2394 2 4096
645 4 8192
250 4 8192
298 1 1024
115 1 1024
119 1 1024
2839 1 1024
110 2 4096
126 1 1024
714 4 8192
2290 1 1024
929 2 4096
1141 1 1024
857 1 1024
125 4 8192
369 4 8192
414 4 8192
573 1 1024
140 4 8192
253 2 4096
118 4 8192
967 1 1024
242 1 1024
170 1 1024
1513 2 4096
285 4 8192
139 2 4096
149 4 8192
187 4 8192
195 1 1024
1875 1 1024
163 1 1024
905 1 1024
665 2 4096
522 1 1024
129 2 4096
124 1 1024
207 1 1024
245 4 8192
303 4 8192
110 1 1024
199 4 8192
729 1 1024
371 1 1024
399 4 8192
937 4 8192
563 4 8192
345 4 8192
721 4 8192
939 2 4096
2073 2 4096
2514 4 8192
200 4 8192
123 1 1024
877 1 1024
2516 1 1024
7231 1 1024
564 2 4096
430 1 1024
387 4 8192
232 1 1024
314 2 4096
291 1 1024
1300 1 1024
1137 4 8192
3874 4 8192
204 4 8192
2513 1 1024
427 4 8192
149 2 4096
2390 4 8192
4058 1 1024
377 1 1024
187 1 1024
122 2 4096
208 4 8192
114 2 4096
154 4 8192
2898 4 8192
136 1 1024
285 1 1024
118 1 1024
1858 1 1024
560 2 4096
230 1 1024
3022 2 4096
255 1 1024
122 1 1024
397 4 8192
2278 4 8192
172 1 1024
736 4 8192
833 1 1024
1044 1 1024
179 4 8192
134 4 8192
215 4 8192
1151 4 8192
216 4 8192
2051 2 4096
6713 2 4096
510 4 8192
912 4 8192
615 1 1024
110 1 1024
2261 1 1024
462 1 1024
467 2 4096
234 1 1024
346 4 8192
116 1 1024
169 2 4096
109 1 1024
233 1 1024
795 4 8192
2281 4 8192
263 4 8192
777 1 1024
231 4 8192
414 2 4096
226 4 8192
561 1 1024
144 1 1024
551 1 1024
188 2 4096
943 4 8192
