100
0 1951.6
1 1984.8
2 1443.5
3 177.5
4 1379.5
5 610.3
6 234.4
7 1949.4
8 1230
9 1121.3
10 639.1
11 602.1
12 1121.3
13 837.9
14 1948.2
15 1535.2
16 455.2
17 677.2
18 1467.9
19 1684
20 1192.1
21 1450.8
22 258.9
23 247.1
24 1471
25 1482.1
26 973
27 1389.9
28 93
29 1859.6
30 952
31 1577
32 153.2
33 205.6
34 1594.2
35 1525.2
36 1160.7
37 1796
38 1162
39 23.2
40 435
41 1871.2
42 745.4
43 764.4
44 11.9
45 1608.9
46 460.5
47 1067
48 102.3
49 340.1
50 163.3
51 760.5
52 667.3
53 395.4
54 1749.7
55 1246.9
56 276.9
57 1326.1
58 1801
59 969.2
60 1265.4
61 1115.3
62 183.9
63 1371.9
64 788.4
65 1367.8
66 502.1
67 109.4
68 250.1
69 237.3
70 1625
71 727.8
72 852.2
73 1496.6
74 1874.5
75 1573.6
76 457.4
77 947
78 65
79 1093.7
80 1651.6
81 1300.5
82 1658.4
83 848.3
84 1519.1
85 151.4
86 564.6
87 1077.2
88 794.7
89 148.6
90 1343.5
91 1319.3
92 401
93 998.4
94 1669
95 958.2
96 491.5
97 399.6
98 256.7
99 1381.5
