500
0 53
1 74.4
2 6.7
3 38.4
4 60.7
5 64.4
6 87.1
7 76.2
8 43.1
9 91.3
10 59.7
11 76.8
12 45.4
13 56.2
14 42.3
15 78.4
16 21.6
17 22.1
18 32
19 86
20 53.1
21 89.7
22 39.8
23 52.6
24 48
25 32.9
26 11.9
27 35.4
28 96.3
29 2.7
30 32.8
31 28.9
32 97.5
33 55
34 34.4
35 2.4
36 50.2
37 5.2
38 38.9
39 26.2
40 84.9
41 63.3
42 39.2
43 50.1
44 18.1
45 56.6
46 87.1
47 28.8
48 31.9
49 19
50 41.2
51 66.1
52 77.5
53 2
54 65.3
55 58.2
56 83.3
57 43.2
58 23.2
59 55.8
60 48.1
61 60.1
62 25.2
63 75.7
64 39.6
65 16.9
66 87.9
67 44.3
68 50.7
69 13.8
70 69.5
71 3.3
72 77.7
73 99.2
74 6.1
75 43.9
76 74
77 8.3
78 70.3
79 50.7
80 93.5
81 41.7
82 93.6
83 40.8
84 59.9
85 14.6
86 44
87 5.1
88 79.9
89 35.9
90 95
91 31.6
92 5.6
93 31
94 56
95 62.9
96 45.3
97 7.4
98 15.4
99 75.5
100 76.7
101 54.5
102 16.3
103 70.6
104 59.5
105 27.6
106 99.4
107 5.4
108 72.1
109 7.2
110 26.7
111 76
112 31.9
113 61.3
114 88.3
115 15
116 21
117 80.7
118 59.4
119 33.1
120 2.2
121 85.4
122 68.8
123 44.6
124 76.4
125 49.7
126 37.3
127 42.9
128 70.7
129 96.6
130 2
131 78.7
132 75.6
133 16
134 31
135 68.1
136 77.2
137 49.9
138 38.2
139 42.3
140 36
141 7.6
142 91.6
143 47.4
144 72.9
145 11
146 29.4
147 58.9
148 23.8
149 58.3
150 54.8
151 29.5
152 58.4
153 84.7
154 72.2
155 81.4
156 96.3
157 75.7
158 71.2
159 99.3
160 42.1
161 40.1
162 84.1
163 77.2
164 69.6
165 97.3
166 37.1
167 7.3
168 28.8
169 67.1
170 73.9
171 8.6
172 80.1
173 85.8
174 43.6
175 48.3
176 50.4
177 35.3
178 69.9
179 85.2
180 86.4
181 53
182 78.2
183 38.4
184 28.6
185 82.1
186 31.4
187 34.3
188 11.1
189 25.9
190 52
191 1.2
192 54.4
193 88.2
194 46.1
195 22
196 9.4
197 2.7
198 65.5
199 15.4
200 81.7
201 17.8
202 74.6
203 29.2
204 20.3
205 63
206 80.1
207 78.9
208 30
209 78.5
210 60.9
211 32.7
212 46.6
213 85.6
214 21.9
215 79.8
216 90.2
217 89.5
218 89.3
219 80.4
220 98.2
221 93.5
222 44.6
223 88.6
224 82.2
225 12.1
226 6.9
227 43.7
228 84.2
229 85.8
230 43.3
231 64.7
232 55.4
233 14.2
234 28.2
235 12.3
236 54.6
237 46.7
238 58.2
239 13.5
240 1.5
241 36.5
242 10.5
243 16.6
244 37.8
245 4
246 76.6
247 45.3
248 87.9
249 7.8
250 93.8
251 20.4
252 33.8
253 18.7
254 41.5
255 40.4
256 68.5
257 93.2
258 14.2
259 48.7
260 36.4
261 76.9
262 56.8
263 64.3
264 3.1
265 81.3
266 57.2
267 63.1
268 55.7
269 79.1
270 15.8
271 56.5
272 98.6
273 58.9
274 71.1
275 2.4
276 84.7
277 5.8
278 52
279 86.5
280 79.1
281 9.4
282 42.2
283 9.7
284 65.6
285 29.6
286 39.2
287 93.7
288 69.8
289 93
290 32.9
291 100
292 43.6
293 45.8
294 96.2
295 71.5
296 90.6
297 5.1
298 32.1
299 6.1
300 38.3
301 71.8
302 37.8
303 38.8
304 27.6
305 96
306 43.8
307 6.2
308 7.8
309 15.6
310 32.1
311 22.3
312 97.7
313 62.1
314 62.6
315 70.5
316 83
317 67.7
318 85.9
319 89.4
320 62.2
321 48.7
322 34.5
323 7.6
324 91.3
325 12.6
326 10.4
327 95.7
328 30.5
329 40.3
330 69.1
331 72.6
332 35
333 31.3
334 33.1
335 12.3
336 88.1
337 12.6
338 24.6
339 74.6
340 79.1
341 28.9
342 43.7
343 29.6
344 98.2
345 10
346 96.3
347 67.4
348 75.7
349 4.8
350 49.7
351 97.9
352 72
353 77.9
354 47.5
355 4.6
356 10.1
357 97.2
358 95.4
359 69.8
360 41.2
361 45.1
362 35
363 17.8
364 67.2
365 57.4
366 62.6
367 50.3
368 87.5
369 99.9
370 25.1
371 90.2
372 31.5
373 64
374 87.1
375 76.1
376 67.5
377 15.8
378 88.4
379 61.9
380 19.5
381 19.3
382 77.1
383 88.3
384 74.5
385 16.7
386 4.2
387 78.6
388 14.2
389 89.8
390 48
391 80.5
392 46.8
393 9.6
394 71.4
395 90.5
396 28.5
397 52.9
398 86
399 1.9
400 94.4
401 51.4
402 27.8
403 72.3
404 29.1
405 6.8
406 71.2
407 7.5
408 91.6
409 69.1
410 18.6
411 7.1
412 45.8
413 62.5
414 84.5
415 75.2
416 96.4
417 49.9
418 92.5
419 71.8
420 38.7
421 7.5
422 41.9
423 50.7
424 13.5
425 43.2
426 93.8
427 20.1
428 16.2
429 49.4
430 3.5
431 81.6
432 34
433 84
434 16
435 14.1
436 71.6
437 7.8
438 74.6
439 19.4
440 11.2
441 24
442 94.5
443 17.7
444 27
445 78.3
446 47.6
447 19.5
448 63.8
449 40.6
450 54.6
451 76.4
452 72.1
453 32.3
454 83
455 92.2
456 50.4
457 63.5
458 72.5
459 31.1
460 33.1
461 86.1
462 9.2
463 26.4
464 69.3
465 28
466 25.2
467 57.5
468 88.3
469 96.4
470 36.1
471 32
472 92.7
473 99
474 27.7
475 91
476 14.6
477 8.8
478 13.2
479 50.1
480 68.4
481 11.3
482 53.7
483 11.6
484 24.7
485 49.6
486 57
487 64.4
488 71.6
489 85
490 17.2
491 92.2
492 76
493 48.7
494 65.3
495 87
496 34.2
497 74.9
498 4.1
499 20.8
