500
0 1823.3
1 613.3
2 1219.7
3 535.8
4 469.7
5 1396.5
6 909.5
7 5.1
8 531.6
9 1623.9
10 581.5
11 1314.7
12 1466.3
13 280.8
14 342.8
15 1842.4
16 1494.5
17 534.8
18 972.1
19 1767.4
20 1929.9
21 1882
22 1489.1
23 1142.1
24 140.2
25 282
26 1006.8
27 1614.6
28 133
29 24.7
30 482
31 1209.4
32 1528.4
33 1188.3
34 1173.2
35 1528
36 1375.5
37 687.4
38 456.6
39 1932.6
40 703.6
41 1533.7
42 257.1
43 1821.9
44 618.7
45 164.3
46 267.7
47 397.1
48 488.8
49 858.7
50 1997.8
51 705.1
52 378
53 475.4
54 1465.8
55 813.4
56 1753.5
57 616.6
58 380.8
59 1622.3
60 145.3
61 344.3
62 709.8
63 748.5
64 1588.4
65 1243.1
66 1263.5
67 1114.3
68 1957.9
69 600.1
70 1347.4
71 1311.4
72 1235.8
73 67.6
74 423.3
75 1535.2
76 823.3
77 59.2
78 1834.6
79 1195
80 1305.5
81 441.3
82 1978.9
83 304
84 448.5
85 656.4
86 673.7
87 511.5
88 515.7
89 392.5
90 1601.9
91 472.3
92 268.2
93 1490
94 1974.9
95 358
96 218.2
97 787.7
98 292.3
99 492.2
100 955.2
101 851.8
102 1240.2
103 883.3
104 218.6
105 169.2
106 1181.1
107 396.9
108 1539
109 1914.2
110 211.2
111 737.2
112 180.4
113 1534.3
114 1172.1
115 402.1
116 38.8
117 1021.5
118 1099.7
119 1073.6
120 1323.1
121 1247.4
122 410
123 1482.4
124 1454.9
125 1586.3
126 691.8
127 1953.9
128 1842.4
129 1879.1
130 1261.5
131 1705.9
132 570.6
133 1601.6
134 1379.8
135 176.3
136 1993.7
137 1357.1
138 1196.8
139 1924.8
140 1250.8
141 1749.7
142 799.2
143 252.6
144 1143.7
145 1826.2
146 412.4
147 179.5
148 1238.1
149 1218.8
150 48.1
151 771
152 1650.2
153 936.4
154 1233.2
155 1865.3
156 848.3
157 1966
158 474.9
159 28.5
160 127.4
161 1581.4
162 656
163 509.4
164 894.5
165 175.1
166 1976.5
167 1129.9
168 826.6
169 872.1
170 309.6
171 1139.5
172 1510.3
173 242.9
174 1751
175 62.8
176 414
177 585.5
178 414
179 1092.6
180 914
181 971.8
182 358.5
183 1893.6
184 125.3
185 377.6
186 1278.9
187 1098.3
188 1912.9
189 18.1
190 1911.3
191 379.8
192 1870.3
193 1290.3
194 1788.3
195 973.3
196 980.2
197 115.2
198 525.9
199 104.5
200 1704.6
201 1504.9
202 1929.8
203 1411.4
204 1066.9
205 1894.7
206 1657.2
207 511.2
208 611.6
209 1665.1
210 863.2
211 1776.4
212 400.1
213 124.2
214 1622.8
215 1439.4
216 1446.9
217 338.4
218 1429.3
219 485.1
220 723
221 856.1
222 1228.8
223 1210.4
224 1251
225 1919.8
226 138.3
227 880.7
228 1417.8
229 1693.9
230 771.4
231 1616
232 1306.9
233 1198.3
234 1462.1
235 1587.8
236 549.9
237 1370.9
238 447
239 777.1
240 1280.3
241 317.7
242 877.5
243 1376.7
244 1423.6
245 184.9
246 457.9
247 802.4
248 682.5
249 1405.8
250 770.4
251 977.6
252 1369.8
253 728
254 1438.2
255 1756.7
256 1900.5
257 599.7
258 579.5
259 1999.7
260 1968.6
261 229
262 1775.3
263 252
264 462.4
265 451.7
266 1524.2
267 811.5
268 415.9
269 1471.9
270 795.6
271 91.5
272 1328.9
273 536.1
274 1169
275 1963.6
276 1392.1
277 483.4
278 1706.7
279 122.8
280 1253.9
281 1628.8
282 991
283 533
284 1991.9
285 1030.7
286 1964.2
287 881.8
288 642.7
289 1925.7
290 565
291 982.6
292 1300.5
293 1171.2
294 1777.8
295 1044.6
296 678.8
297 764.1
298 306.7
299 1273.3
300 1953.2
301 1320.3
302 1665.4
303 763.6
304 562.8
305 55.1
306 1624.5
307 1320
308 1034.7
309 1407.5
310 367.8
311 1744.8
312 723
313 1293.7
314 680.5
315 1554.8
316 153
317 1041.7
318 957.1
319 1391.8
320 489.3
321 1477.1
322 162.3
323 501.1
324 1774.4
325 447.1
326 143.7
327 1828
328 45.4
329 1971.2
330 844.4
331 1999.2
332 1958.8
333 1138.5
334 706.6
335 404.9
336 874
337 1407.7
338 515.3
339 1222.1
340 608.6
341 49.9
342 649.8
343 1607.3
344 1023.9
345 1152.9
346 1715.2
347 1181.5
348 64.6
349 562.7
350 651.9
351 847.1
352 1383.4
353 1794.9
354 480.1
355 1089.9
356 1298.2
357 917.1
358 220.9
359 878.7
360 1816.1
361 344.7
362 1054.3
363 671.1
364 679.2
365 996
366 468.3
367 1190.9
368 516.4
369 1877.6
370 1643.2
371 709
372 681.2
373 1376.7
374 724.7
375 1904.7
376 1057.9
377 1284.2
378 153.5
379 1310.2
380 1915.7
381 544.3
382 1758.6
383 57.3
384 824.5
385 1502
386 1803.8
387 211
388 1289.7
389 1444.6
390 547.9
391 1279.8
392 334.3
393 1454.1
394 211.2
395 1169
396 654.7
397 10
398 1815.1
399 1975.8
400 446.7
401 1339.5
402 850.8
403 1461.9
404 576
405 1390.6
406 1430.8
407 1312.1
408 1686.7
409 1714.2
410 1026.6
411 1189.9
412 1312.1
413 173.4
414 1455.8
415 405.6
416 185.5
417 818.9
418 445.2
419 1531.9
420 1893.7
421 898.7
422 643.6
423 1645.8
424 939.4
425 1021.7
426 63.5
427 838.7
428 1989.3
429 552.8
430 942.8
431 567.6
432 718.7
433 124.3
434 103.1
435 1608
436 1941.1
437 326.3
438 1312.5
439 1384.1
440 963
441 357
442 1189
443 272
444 1003.8
445 679.1
446 378.8
447 1235.8
448 1095.3
449 553.6
450 1374
451 7.3
452 1590.3
453 787.8
454 292.6
455 498.3
456 755.2
457 10.2
458 858
459 1146.2
460 1567.1
461 709.4
462 465.4
463 1637.5
464 1680.5
465 270.3
466 717.4
467 98.1
468 1004.1
469 227.3
470 508.3
471 360
472 1664.9
473 674.3
474 1726.5
475 1169.8
476 1957.8
477 678.8
478 1197.2
479 1064.5
480 759
481 984.3
482 369.9
483 1893.1
484 334.5
485 1107.1
486 994.6
487 1456.3
488 422.4
489 391.2
490 18.5
491 178.9
492 1541.2
493 422.1
494 1363.9
495 367.7
496 850.1
497 1252.8
498 923.4
499 1227.1
