100
0 3.2
1 24.9
2 58.5
3 36.9
4 12.3
5 47.5
6 63.9
7 9
8 83.9
9 42
10 81.7
11 44.7
12 27.5
13 74.4
14 87.3
15 42.4
16 75.2
17 53.5
18 78.6
19 8
20 16.7
21 18.8
22 40.2
23 84
24 23.4
25 23.9
26 26.3
27 65.1
28 37.2
29 79.1
30 29.3
31 43.4
32 34.3
33 14.1
34 80
35 64.3
36 57.9
37 45.6
38 75.6
39 36.6
40 87.8
41 49.9
42 85.2
43 72.9
44 15.9
45 65.7
46 2.2
47 78
48 5.5
49 45.9
50 62
51 84.5
52 17.4
53 43.3
54 21.3
55 9.5
56 93.1
57 88.1
58 62.9
59 92
60 83.5
61 26.2
62 97.3
63 42.9
64 79.8
65 22.6
66 51.8
67 91.6
68 38.7
69 56.6
70 46.1
71 20.3
72 20.6
73 84.9
74 42.6
75 69.4
76 88.7
77 40.8
78 46.8
79 21.9
80 98.5
81 21.8
82 79.9
83 87.9
84 5.8
85 5.6
86 48.5
87 58.8
88 12.8
89 89.4
90 68.6
91 91.7
92 4.7
93 29.1
94 62
95 23.5
96 34.7
97 3.8
98 1.3
99 27.8
