60
2 5 0 11
2 7 136 156
2 5 131 152
2 6 141 166
2 11 107 135
2 7 22 47
2 9 28 53
2 8 43 69
2 5 7 29
8 2 55 60
2 5 93 119
2 7 72 93
2 8 15 38
2 9 16 45
2 5 40 54
7 2 17 24
2 4 121 133
2 6 59 84
5 2 118 123
7 2 101 109
2 7 145 180
2 7 99 114
2 7 128 148
2 6 145 167
5 4 18 26
2 9 104 125
2 5 14 43
2 7 144 162
2 6 148 182
5 2 0 6
3 6 140 152
2 8 42 63
2 5 135 155
2 6 15 31
2 9 107 125
2 8 30 50
2 6 65 82
2 8 51 75
7 2 11 16
2 8 49 79
2 6 65 101
2 8 96 123
2 9 3 29
6 3 25 32
4 4 145 155
2 10 140 164
2 9 145 170
2 7 107 122
2 5 62 77
2 9 103 126
2 7 114 131
4 3 148 154
2 7 83 100
3 4 51 59
8 2 46 51
2 7 46 72
2 10 52 74
2 10 40 66
4 4 86 95
2 8 20 46
