60
5 2 79 84
7 2 37 42
4 2 21 26
5 2 25 30
2 10 66 100
2 7 18 34
6 3 47 54
4 4 28 36
2 5 33 45
2 7 8 34
2 5 37 48
8 2 71 76
2 7 1 16
2 9 100 118
2 5 88 100
7 2 0 7
2 3 42 54
2 6 77 89
2 5 85 97
3 4 46 54
7 2 3 10
7 2 106 114
7 2 18 26
2 5 24 36
2 9 105 123
6 3 13 21
3 4 20 28
2 7 91 107
7 2 28 36
2 5 93 104
3 6 27 40
7 2 58 64
3 4 54 63
2 6 97 110
2 9 58 76
7 2 48 56
2 6 40 53
7 2 72 79
8 2 70 75
4 4 97 106
7 2 82 89
2 7 54 68
6 3 91 97
7 2 46 54
7 2 111 115
4 5 41 54
3 6 54 68
4 3 7 13
5 2 107 111
3 6 74 87
2 6 18 31
3 4 43 51
7 2 66 74
2 5 110 121
4 4 34 43
2 6 11 26
4 5 55 66
6 3 76 82
4 4 72 80
4 4 29 40
