60
2 5 72 92
2 4 34 61
2 3 65 85
2 5 25 37
2 3 11 39
2 5 28 49
2 4 10 26
2 6 7 22
2 2 1 24
2 4 23 46
2 2 57 71
2 3 53 82
2 3 62 79
2 5 31 54
2 4 25 43
2 5 4 28
2 4 51 73
2 4 40 58
4 2 28 33
2 5 51 77
2 4 15 32
2 3 38 51
2 4 44 64
2 3 17 27
2 2 37 53
5 2 17 23
5 2 34 39
2 3 46 65
2 4 46 65
2 3 22 33
2 4 15 38
2 3 51 63
2 3 15 31
2 2 59 65
2 6 10 24
2 4 44 67
2 3 36 55
2 5 17 41
2 2 27 31
2 3 48 67
2 3 62 73
2 5 16 35
2 3 61 81
2 3 39 51
5 2 70 76
2 5 48 69
2 6 65 88
2 3 49 67
2 4 8 25
2 5 45 60
2 4 19 32
2 3 0 23
2 4 15 26
2 6 58 80
2 2 41 50
2 3 9 34
2 2 52 60
2 5 70 92
2 3 44 54
2 4 32 41
