60
2 10 209 264
2 16 227 276
2 14 274 305
2 12 30 83
2 15 155 211
2 12 262 319
2 13 201 252
2 14 45 84
2 14 126 159
2 12 289 327
2 14 150 194
2 15 96 165
2 13 211 277
2 17 122 165
2 14 124 172
2 17 265 326
2 9 116 134
2 17 295 351
2 13 64 120
2 11 227 265
2 12 260 308
2 15 11 91
2 13 268 319
2 18 108 152
2 13 44 76
2 14 70 118
2 12 240 303
13 2 297 309
2 8 143 183
2 15 160 245
2 13 149 194
2 14 218 275
2 11 70 119
2 13 154 190
2 16 148 198
2 14 0 54
2 11 281 305
2 11 59 114
2 11 279 350
2 13 45 86
13 2 85 96
2 14 184 240
4 8 164 185
2 14 217 268
2 12 226 260
2 12 56 119
7 4 186 195
2 17 78 119
2 13 150 183
2 12 238 289
2 13 227 286
2 17 174 220
2 12 189 237
2 14 54 97
11 2 84 96
2 11 112 161
2 11 292 340
10 3 208 215
2 10 196 229
7 4 23 32
