60
2 126 1010 1312
2 121 538 1424
2 130 2713 3600
2 118 2537 2949
2 123 2084 2910
2 120 2759 3681
2 126 3606 3978
2 133 1208 1549
131 2 2337 2463
2 134 2993 3923
2 116 3392 4270
2 123 2275 2850
2 125 3488 3934
2 123 312 845
2 131 2910 3472
2 122 2445 2982
2 126 2877 3629
2 124 1956 2344
2 128 0 418
131 2 2406 2513
2 127 747 1916
2 123 541 1057
2 114 3482 4141
2 118 601 1293
2 124 581 1447
2 125 2952 3452
2 122 1540 2007
2 124 2064 2502
2 130 1222 1693
2 113 845 1356
2 122 2475 3277
2 126 3428 4068
2 123 3672 4106
2 132 3663 4445
2 126 391 887
8 32 2177 2268
2 128 2456 3398
2 136 3695 4730
2 130 648 1464
2 124 2186 2777
2 132 2430 3162
2 119 1519 2195
2 126 665 1534
2 121 75 637
2 122 357 947
2 118 2381 3207
2 133 1372 1641
2 124 1266 2088
2 120 2705 2976
2 123 1166 1790
2 124 116 985
2 127 590 979
2 127 2257 2942
2 127 2497 3125
2 133 1919 2241
2 129 2320 3211
127 2 1354 1429
2 125 430 1088
2 117 3596 4596
2 120 3607 4722
