60
4 17 48 88
4 18 289 329
3 18 83 119
2 30 61 128
8 8 308 328
13 4 116 129
4 17 85 120
17 4 0 13
4 16 81 117
31 2 75 87
2 30 253 321
5 14 96 127
4 17 370 407
6 11 328 351
2 34 182 285
17 4 294 310
3 22 252 299
5 14 193 233
3 20 123 165
4 19 216 272
2 28 150 216
2 31 254 352
6 11 278 304
5 14 296 325
8 8 104 124
2 32 118 223
8 8 335 355
29 2 278 301
4 17 146 183
31 2 308 333
17 4 192 210
37 2 97 121
37 2 138 163
19 4 180 199
4 14 293 326
8 8 177 198
4 17 261 298
2 28 235 320
4 16 85 123
4 14 116 157
4 14 270 299
2 32 121 222
5 14 109 140
2 30 97 162
29 2 244 259
4 14 3 35
2 30 335 428
2 31 307 404
4 16 305 340
4 16 202 241
5 14 43 72
2 35 0 75
2 33 155 264
6 11 240 269
4 16 272 308
29 2 208 226
7 10 136 157
3 22 137 182
4 16 21 68
17 4 168 188
