60
2 64 266 476
4 30 644 711
4 34 373 457
4 29 1188 1264
4 32 433 505
6 23 1652 1701
2 66 1498 1636
10 14 703 734
59 2 14 49
31 4 19 50
4 31 1043 1114
8 17 248 298
4 32 1751 1823
4 32 21 92
5 26 109 179
67 2 1086 1121
3 44 200 299
4 29 1449 1513
2 62 275 474
8 16 796 829
4 31 393 478
2 65 1380 1599
4 27 1627 1685
6 21 13 56
61 2 794 825
2 66 993 1209
2 62 1781 1973
6 22 444 492
2 66 0 217
2 70 1329 1545
2 67 993 1213
6 21 1665 1719
2 68 1631 1768
2 58 1523 1649
6 21 164 225
2 59 1378 1516
3 40 186 285
3 40 607 691
4 34 399 488
61 2 578 621
59 2 385 422
61 2 776 831
2 62 971 1097
2 63 1086 1222
2 63 1095 1308
8 16 218 262
67 2 1318 1369
5 26 285 339
2 65 672 817
2 63 350 553
6 21 278 340
29 4 1557 1589
4 31 357 438
5 26 1724 1798
2 63 131 339
4 32 1319 1395
71 2 535 572
59 2 1116 1152
2 59 1144 1345
4 31 752 817
