60
5 2 38 44
4 4 31 42
5 2 35 41
2 5 0 16
2 10 29 60
7 2 72 78
4 4 38 49
4 4 57 68
2 6 66 80
4 4 24 34
2 4 69 78
7 2 60 68
2 7 64 87
3 6 34 48
3 4 57 65
4 4 54 62
2 3 72 79
7 2 66 72
5 2 55 61
7 2 66 74
7 2 24 29
2 7 35 49
7 2 21 26
2 5 9 20
6 3 44 51
2 9 12 39
2 5 0 20
4 4 5 15
7 2 62 67
4 3 21 27
3 6 11 23
6 3 14 21
2 6 49 63
3 4 40 48
10 2 6 11
7 2 42 50
7 2 32 38
2 7 21 43
7 2 55 63
4 4 6 16
2 6 23 38
2 7 45 69
3 6 23 35
7 2 43 51
7 2 58 66
5 4 62 70
4 4 38 49
2 5 44 55
2 5 22 34
2 9 66 97
3 4 43 52
2 5 68 88
8 2 9 14
2 5 30 48
4 4 42 50
3 4 49 57
2 10 70 94
2 9 27 46
4 4 16 26
10 2 12 17
