60
3 4 31 40
3 6 25 37
2 4 124 134
2 5 115 132
2 10 143 163
2 7 92 106
6 3 49 55
2 8 4 24
2 5 47 59
4 4 84 94
5 2 5 9
7 2 22 30
7 2 80 86
6 3 0 7
3 4 127 136
2 6 37 59
2 3 20 29
3 4 6 15
4 3 136 142
3 4 14 22
4 4 37 46
7 2 34 41
7 2 136 143
2 5 62 73
3 6 27 41
6 3 67 75
2 5 59 70
7 2 106 111
2 7 46 60
4 3 146 152
5 4 129 137
2 7 70 93
7 2 109 114
7 2 68 74
3 6 120 133
4 4 61 69
2 7 44 58
7 2 131 139
2 7 64 78
4 4 131 142
2 6 31 44
7 2 5 10
2 9 82 100
6 3 17 25
8 2 65 69
2 9 26 54
3 6 36 48
2 6 111 123
2 5 48 59
11 2 17 23
7 2 23 28
4 3 69 75
7 2 143 148
2 5 68 85
2 8 71 89
8 2 55 59
2 9 143 173
2 9 34 54
2 8 99 127
4 4 29 37
