60
2 10 53 83
2 15 90 125
5 6 108 121
3 8 77 94
3 10 3 23
2 12 61 100
4 7 4 20
4 7 116 132
5 6 25 38
13 2 50 60
5 6 75 89
8 4 135 145
13 2 33 44
17 2 126 136
2 13 103 143
17 2 47 57
6 3 30 38
8 4 8 19
7 4 120 129
2 11 42 78
2 13 40 70
5 6 146 161
3 8 0 19
17 2 76 91
13 2 88 97
4 7 93 107
6 4 24 33
4 7 33 48
2 8 71 88
8 4 87 97
11 2 117 126
4 7 54 69
13 2 72 80
3 8 101 118
3 10 102 122
2 14 97 140
6 4 92 101
11 2 41 52
4 6 31 43
4 6 87 100
2 13 14 44
5 6 36 48
2 15 72 103
13 2 43 52
4 6 129 142
13 2 44 51
4 6 124 136
8 4 9 19
2 13 6 46
8 3 98 104
2 13 7 33
2 17 137 176
2 11 25 60
5 6 15 28
11 2 116 121
11 2 49 60
2 11 63 86
13 2 79 86
2 10 26 58
2 14 86 114
