60
2 4 20 31
2 4 25 44
4 2 14 19
5 2 7 11
2 5 19 36
2 4 13 27
2 3 3 22
2 4 24 42
2 2 36 40
2 4 26 41
2 2 30 49
2 3 10 21
2 3 17 40
2 5 28 51
2 3 14 23
2 4 26 36
2 4 16 26
2 3 2 17
2 3 14 32
2 4 5 21
2 4 23 38
2 3 28 47
2 4 34 55
2 2 5 11
2 2 8 31
2 6 18 37
2 4 4 13
2 3 34 45
2 3 20 43
2 4 1 15
2 5 19 35
2 3 24 47
2 3 5 18
2 3 12 21
2 7 21 35
2 4 3 23
2 3 34 50
2 4 26 34
2 2 25 36
2 2 3 13
2 4 19 31
2 4 8 24
2 4 4 16
2 3 13 24
2 4 34 54
2 6 30 54
2 6 30 57
2 3 22 30
2 3 9 33
2 4 5 26
2 4 10 32
2 4 5 16
2 5 21 40
2 5 0 20
2 2 2 21
2 4 15 25
2 2 9 23
2 5 28 47
2 4 33 50
2 4 16 41
