60
2 4 25 46
2 5 30 54
2 4 23 54
2 5 23 63
2 3 21 56
2 4 19 58
2 3 9 18
2 5 31 48
2 2 28 69
2 4 19 57
2 2 10 28
2 3 32 78
2 4 20 35
4 2 31 35
2 4 30 47
2 5 28 56
2 4 31 73
2 4 27 55
2 3 13 33
2 4 34 75
2 5 17 57
2 3 0 15
2 4 16 51
2 2 24 34
2 3 29 47
2 5 10 54
2 4 19 37
2 4 30 45
2 5 32 53
2 5 14 34
2 5 27 65
2 4 0 45
2 3 17 32
2 2 21 50
2 7 25 72
2 4 29 58
2 4 5 18
2 4 9 41
2 2 29 57
2 3 13 46
2 3 20 55
2 6 9 24
2 3 30 59
2 3 16 47
2 6 3 41
2 5 21 53
2 5 14 38
2 4 36 64
2 3 20 39
3 4 20 28
2 6 10 23
2 4 36 55
2 4 4 41
2 5 5 35
2 3 33 66
2 4 32 58
2 3 0 37
2 5 28 70
2 4 13 25
2 3 19 47
