60
2 4 82 92
2 4 39 52
2 3 47 56
2 4 86 98
2 4 29 42
2 4 5 16
2 3 50 62
2 5 31 47
2 2 42 46
4 3 85 91
2 3 29 37
2 5 31 43
2 3 58 76
4 2 41 46
2 5 35 46
2 4 72 92
2 5 63 73
2 3 66 80
2 3 68 78
2 4 13 24
2 4 64 75
2 3 47 58
4 2 49 54
2 4 48 62
2 3 62 68
2 5 60 70
2 4 42 54
2 4 29 41
2 3 84 103
4 2 4 9
2 3 59 67
2 3 58 65
2 4 36 51
2 2 48 55
7 2 80 86
2 4 8 17
2 3 79 87
5 2 0 6
2 3 71 82
2 2 82 94
2 3 31 38
5 2 69 75
6 1 28 30
2 3 58 69
2 4 2 16
2 5 37 47
2 6 65 77
2 3 34 40
2 3 28 46
2 4 35 51
2 4 66 81
2 4 32 43
2 4 46 57
2 5 31 42
2 3 54 64
2 3 3 13
4 1 65 67
2 5 30 48
2 4 76 87
2 3 63 73
