60
2 10 1 36
2 15 46 92
2 14 33 77
2 12 203 233
5 6 188 202
4 6 146 159
4 7 9 29
3 10 85 109
2 14 18 48
2 11 97 125
8 4 111 122
2 15 126 156
5 6 45 60
3 10 27 47
2 13 47 75
17 2 118 127
2 9 59 80
4 8 164 180
6 4 76 84
2 11 162 202
13 2 77 91
3 10 51 71
6 4 111 120
17 2 219 235
2 13 167 196
2 14 31 63
3 8 76 94
13 2 93 99
2 8 61 88
2 15 36 89
2 11 191 223
2 14 151 194
3 8 218 237
13 2 159 166
5 6 132 147
2 14 204 253
2 11 144 166
2 10 182 209
3 8 29 48
4 6 218 231
13 2 44 54
2 14 100 130
2 15 38 90
4 7 195 212
3 8 168 187
13 2 189 195
4 7 209 228
3 10 127 151
7 4 174 183
4 6 118 131
4 7 137 153
17 2 191 206
2 11 29 59
2 14 17 45
11 2 90 97
11 2 175 184
2 12 79 108
2 13 0 47
2 10 88 109
2 14 72 101
