60
2 125 2373 2678
2 121 1347 1628
2 128 2053 2333
7 34 534 651
2 123 817 1191
2 119 1345 1802
2 127 3011 3315
7 38 3537 3640
2 131 500 834
7 38 1022 1148
2 118 2391 2650
2 123 2907 3163
2 125 2584 2974
2 123 551 859
2 131 941 1238
2 121 1485 1824
2 126 2565 2972
2 125 2576 2887
2 128 3523 3870
10 26 1667 1737
2 127 1930 2248
3 82 3380 3560
2 113 1016 1475
2 118 298 565
2 124 2981 3281
2 125 1436 1785
2 124 674 1018
5 50 3550 3705
2 129 3097 3360
2 112 1284 1577
4 61 3069 3206
2 126 1348 1646
2 123 1900 2146
2 132 2636 2995
5 50 3274 3394
2 128 1258 1821
2 127 2784 3059
137 2 0 132
2 129 1413 1975
2 125 788 1043
2 134 2176 2542
3 80 1786 1972
2 126 2587 2960
4 61 218 371
2 122 3227 3653
2 118 3 258
7 38 890 1032
2 122 2116 2426
2 120 1623 1973
2 123 3349 3684
5 50 3313 3431
127 2 1645 1695
127 2 2886 2978
2 127 411 723
2 132 2484 2776
2 129 2287 2665
2 128 729 1081
2 124 2578 2859
59 4 1649 1700
2 122 1475 1826
