60
2 4 44 56
5 2 32 38
2 3 16 39
2 4 24 46
2 4 29 45
2 4 23 37
2 4 37 57
2 4 44 66
2 3 6 29
2 5 41 61
2 3 15 21
2 3 34 55
2 3 11 17
2 4 13 39
2 3 42 64
2 4 48 58
2 5 43 55
2 5 2 28
2 4 21 38
2 4 9 33
2 5 0 17
2 3 48 61
4 2 19 24
2 3 13 21
4 2 20 24
2 4 21 29
2 5 23 38
2 3 47 54
2 3 38 57
2 3 48 68
2 3 45 64
2 4 35 59
2 4 12 22
2 2 21 36
2 6 12 39
2 4 26 47
2 3 35 41
2 5 5 17
2 2 23 44
4 1 19 21
2 3 17 31
2 5 18 43
2 3 42 59
2 4 24 33
2 5 4 29
2 6 20 32
2 5 10 20
2 4 2 23
2 3 3 13
2 5 43 63
2 4 45 61
2 4 42 59
2 5 2 17
5 2 33 39
6 1 1 3
2 3 38 46
2 2 19 38
2 5 27 57
2 5 33 59
2 3 3 21
