60
2 5 0 44
2 7 126 156
2 4 135 168
2 5 47 88
2 10 8 33
2 8 142 182
2 7 31 74
2 8 132 157
2 5 107 135
2 8 0 51
2 4 144 167
2 7 37 55
2 8 65 114
2 9 175 229
2 7 110 134
2 7 112 139
2 5 54 83
2 7 109 143
2 5 130 143
2 7 84 104
2 9 71 113
2 6 87 111
2 7 115 145
2 5 137 162
4 5 120 131
2 10 99 128
2 6 0 22
2 7 15 49
2 6 2 27
2 6 50 95
2 9 176 195
2 8 144 177
2 5 169 220
2 6 30 58
2 9 29 51
2 7 18 36
2 6 48 94
2 8 36 65
8 2 116 121
2 7 54 98
2 6 43 56
2 7 155 192
2 8 1 19
2 8 52 87
2 7 9 30
2 10 36 60
2 8 169 222
2 6 48 66
2 5 79 106
2 10 104 124
2 7 126 172
2 6 65 85
2 7 17 55
2 5 46 59
2 8 140 171
2 7 101 122
2 9 69 110
2 10 150 173
2 8 91 123
2 8 82 132
