60
4 5 17 30
4 8 79 98
5 6 132 146
13 2 192 200
5 6 171 184
6 4 172 181
4 7 171 185
2 14 38 81
13 2 77 89
11 2 42 51
5 6 44 57
3 10 181 205
13 2 56 69
4 8 79 95
2 13 3 31
4 8 43 60
2 9 205 223
17 2 52 61
3 8 7 24
2 11 117 139
13 2 143 153
5 6 106 119
6 4 65 73
17 2 25 31
13 2 187 193
10 3 64 71
2 12 130 169
13 2 86 95
6 3 28 36
5 6 28 41
3 8 36 53
2 14 33 79
2 11 107 132
2 12 122 159
8 4 152 161
7 4 50 58
6 4 101 110
11 2 125 133
2 11 12 35
13 2 142 152
4 7 72 87
4 7 215 231
10 3 116 123
4 7 14 32
4 6 207 220
3 8 82 101
13 2 199 209
3 10 144 168
4 7 158 176
4 7 48 62
2 13 2 33
2 17 13 67
3 8 73 89
4 7 86 103
2 11 95 118
4 6 0 12
2 12 30 57
13 2 28 39
2 10 6 40
2 13 72 113
