60
2 124 1446 1837
2 121 449 717
4 64 2167 2351
7 34 1160 1305
8 31 1869 1946
7 34 1714 1832
2 127 2230 2509
4 67 1496 1685
131 2 1116 1191
7 38 726 870
2 116 1699 1949
2 123 2108 2363
2 125 585 851
6 41 315 407
2 131 1359 1770
4 61 208 388
2 127 2214 2498
6 42 723 813
4 64 1112 1301
131 2 1719 1810
3 86 942 1153
4 61 1084 1211
3 76 653 829
2 118 61 473
2 125 433 707
5 50 1404 1522
4 61 1351 1494
4 62 2225 2384
2 129 877 1309
2 112 192 439
11 22 143 256
2 127 1545 1808
2 123 1745 2015
131 2 1596 1705
5 50 2003 2169
4 64 0 185
127 2 2091 2157
4 68 1303 1464
43 6 132 179
2 124 955 1205
2 132 1738 2021
3 80 890 1089
10 25 1085 1146
61 4 1853 1897
2 121 2070 2353
2 118 361 636
7 38 394 549
3 82 1024 1220
2 122 1623 1867
2 123 1765 2153
5 50 1761 1928
4 64 218 385
127 2 1064 1150
127 2 508 613
6 44 595 695
2 129 1446 1891
127 2 493 565
3 84 481 689
2 118 308 596
2 121 1847 2102
