60
2 5 35 65
5 2 66 71
2 2 18 41
2 6 83 113
2 5 81 111
2 4 41 83
2 3 61 97
2 4 16 39
2 3 62 93
2 6 52 66
2 2 28 43
2 3 69 85
2 5 29 48
2 5 25 70
2 4 36 71
2 4 17 50
2 3 86 119
2 3 46 59
3 2 54 58
2 5 62 104
2 4 77 104
2 3 43 53
2 4 0 47
2 3 5 12
2 2 82 105
2 5 87 116
2 4 58 95
2 4 60 79
2 4 50 85
2 5 31 69
2 3 10 34
2 3 4 21
2 3 16 36
2 2 68 87
2 6 12 46
2 4 4 50
2 3 5 43
2 4 82 128
2 2 36 53
2 4 78 91
2 3 6 41
3 4 50 59
2 3 31 68
2 2 83 95
2 5 10 29
2 5 59 81
2 5 24 38
2 3 27 35
2 3 8 21
2 6 26 69
2 5 54 86
4 2 3 8
2 4 65 109
2 5 9 41
2 2 66 103
2 4 71 82
2 2 59 68
5 2 20 26
2 3 8 17
2 4 31 71
