60
17 4 422 439
37 2 466 487
3 18 362 400
2 31 414 479
4 16 291 335
2 26 460 513
6 11 139 171
5 14 709 737
31 2 308 338
4 16 613 658
2 30 211 291
2 35 198 275
4 17 427 467
2 32 258 325
5 14 217 261
2 33 594 663
11 6 186 200
5 14 234 268
2 30 607 667
37 2 325 357
2 28 115 174
2 31 721 787
31 2 639 668
5 14 684 726
4 16 369 413
3 22 135 188
4 16 104 149
8 7 200 214
6 11 476 500
8 8 343 365
17 4 529 546
3 24 429 483
37 2 745 779
2 36 219 329
3 18 248 285
2 31 685 781
4 18 237 274
29 2 672 693
4 16 460 506
2 28 149 235
4 14 415 443
17 4 0 16
5 14 697 726
31 2 549 576
2 30 516 576
2 26 542 595
4 16 425 470
2 31 381 466
2 32 740 817
2 33 176 257
5 14 748 787
3 24 79 132
3 22 741 785
31 2 251 283
31 2 532 545
2 28 574 631
7 10 218 240
2 33 503 582
31 2 132 148
2 33 423 491
