60
2 5 57 73
4 4 154 163
2 4 85 93
2 5 147 164
3 8 156 173
2 7 105 122
4 4 68 79
2 8 95 115
2 6 70 87
2 7 113 127
2 4 136 152
2 7 56 75
2 7 142 156
4 5 163 176
2 6 47 59
7 2 157 163
2 3 80 92
4 4 146 154
2 5 21 34
2 6 167 187
2 7 48 62
2 6 11 24
2 8 106 124
2 5 177 193
2 8 83 100
2 9 122 153
2 6 42 59
2 7 30 47
7 2 121 129
2 6 95 113
4 4 132 140
3 6 21 35
2 5 162 173
2 8 59 76
2 9 130 151
2 6 104 121
2 6 113 131
3 6 82 96
2 8 14 36
2 7 18 44
3 4 56 65
2 7 132 160
2 8 89 118
2 7 97 122
2 8 72 89
3 6 13 26
2 8 95 114
2 6 93 107
2 5 54 68
6 3 65 72
2 6 128 156
7 2 13 20
7 2 32 40
2 5 139 154
6 3 29 37
2 7 182 200
2 10 129 150
3 6 77 91
3 6 0 12
2 10 140 162
