60
2 4 54 67
4 2 70 75
3 2 64 68
2 4 43 56
2 3 48 54
2 4 13 25
5 2 10 15
2 4 39 47
3 2 39 43
2 5 66 77
2 2 3 7
3 2 66 70
6 1 69 71
4 2 9 13
2 3 31 37
2 4 24 32
2 3 17 28
3 2 29 33
2 3 43 52
5 2 64 68
2 4 16 28
2 3 5 13
4 2 65 69
3 2 33 37
6 1 25 27
5 2 18 22
5 2 29 34
8 1 24 26
8 1 20 22
2 3 50 57
3 2 22 26
4 2 23 27
2 3 19 30
4 1 66 68
6 2 37 41
4 2 13 17
2 3 43 49
5 2 47 52
4 2 48 52
2 2 23 27
2 3 9 15
4 2 65 70
2 3 37 44
4 2 15 20
4 2 5 10
4 3 56 62
6 2 6 10
2 3 31 41
3 2 0 4
4 2 39 43
4 2 63 67
4 2 45 50
4 2 46 50
7 2 73 78
3 2 39 43
2 3 53 60
2 2 49 54
5 2 54 58
4 2 55 59
4 2 72 77
