60
2 6 179 206
2 7 128 167
5 2 84 90
2 5 120 134
2 11 5 35
2 8 23 43
2 7 32 51
2 8 49 72
2 6 56 71
2 8 58 78
2 4 74 83
2 7 59 79
2 9 109 127
2 9 78 109
2 6 168 187
2 7 95 112
2 4 50 64
2 7 177 203
2 5 43 53
2 6 179 194
2 7 15 37
2 7 144 171
7 2 51 58
2 5 104 116
3 6 92 106
2 9 87 122
2 7 74 92
2 7 183 198
2 6 35 64
2 7 98 115
2 8 161 193
2 7 147 183
2 6 134 157
2 7 41 67
11 2 58 70
2 6 132 147
2 6 116 141
2 7 176 204
4 4 45 56
2 7 135 165
7 2 66 71
2 8 23 45
8 2 60 65
2 8 22 50
7 2 133 140
2 10 113 144
4 4 85 94
7 2 34 40
2 5 91 109
2 9 80 109
2 8 56 73
3 4 45 54
2 7 0 32
5 2 17 21
2 8 83 115
2 6 85 108
2 11 71 98
2 8 93 126
2 8 7 49
2 8 63 91
