60
2 5 135 145
4 4 88 98
2 4 69 79
7 2 37 41
2 10 0 34
4 4 23 32
4 4 129 139
3 6 29 42
2 5 106 129
4 4 59 67
2 4 75 86
7 2 143 151
2 8 107 124
3 6 21 35
2 6 116 128
7 2 8 16
2 3 96 102
2 6 1 20
2 5 44 59
2 6 61 73
2 7 115 137
2 6 9 22
2 7 17 41
2 5 121 134
2 9 10 33
2 9 54 75
3 4 142 151
2 7 126 141
7 2 36 42
2 7 46 61
2 9 63 84
2 9 68 88
2 6 20 37
2 7 49 68
4 5 18 29
2 7 36 53
3 4 109 118
2 8 97 114
7 2 118 126
2 7 75 102
2 6 40 61
2 7 43 61
3 6 94 108
2 8 135 154
2 7 29 46
2 10 28 48
2 8 77 110
2 5 26 46
2 5 144 157
6 3 20 27
2 7 131 145
2 5 110 129
2 7 140 154
2 6 139 155
2 9 89 110
2 6 6 21
2 10 66 87
2 10 108 128
4 4 40 48
4 5 39 50
