60
5 50 116 241
2 121 232 475
10 26 662 722
7 34 842 921
4 62 85 251
2 120 251 498
3 84 552 727
4 67 301 436
4 65 1392 1539
2 133 499 809
6 39 1104 1218
4 61 808 942
4 63 754 881
8 31 380 462
2 131 1439 1837
11 22 573 653
6 42 440 535
5 50 163 293
8 32 1213 1297
2 130 1026 1331
127 2 98 158
6 41 749 833
113 2 1398 1464
59 4 614 652
5 50 276 382
3 84 359 528
2 122 400 677
4 62 1384 1538
10 26 999 1074
4 56 901 1020
2 121 1039 1416
2 126 199 457
10 25 1034 1102
2 131 428 696
10 25 135 209
2 128 1295 1556
127 2 636 703
137 2 62 180
6 43 1373 1477
4 62 1004 1159
2 133 978 1290
4 60 310 433
5 50 629 749
4 61 1420 1573
2 122 510 800
7 34 512 635
2 133 72 350
4 61 0 129
4 60 1340 1476
2 123 274 556
4 62 219 366
127 2 672 784
4 64 374 546
4 64 308 474
7 38 726 833
2 129 680 940
3 84 683 864
8 31 1274 1338
59 4 979 1038
11 22 852 918
