60
5 50 1908 2077
2 121 2049 2418
2 128 1137 1590
2 118 780 1071
8 31 491 580
2 121 830 1080
127 2 3338 3450
2 133 1735 2181
2 130 565 829
2 132 44 499
4 59 904 1071
8 31 121 200
2 125 462 745
8 31 319 387
7 38 1358 1502
4 61 2702 2879
6 42 957 1043
4 62 149 332
4 64 127 306
4 65 1714 1891
2 127 2475 2750
4 61 2342 2509
2 113 590 826
2 119 2661 2917
3 84 1693 1902
5 50 2077 2247
4 61 1133 1299
2 125 3100 3373
2 129 2975 3279
113 2 1545 1619
11 22 718 818
127 2 933 1001
2 123 1492 1758
2 131 575 882
5 50 2277 2408
4 64 2952 3087
2 127 1185 1490
6 46 3698 3805
6 43 2247 2347
4 62 2265 2432
7 38 0 93
2 119 1701 1964
5 50 987 1137
11 22 1282 1384
3 82 2373 2562
2 118 1902 2195
2 133 2390 2855
2 122 668 920
2 120 1058 1384
2 123 1047 1301
4 63 2525 2659
127 2 3672 3793
2 127 3299 3753
2 127 3248 3525
2 131 3125 3390
2 129 2774 3043
3 84 774 949
4 62 2606 2740
4 59 2691 2862
11 22 2777 2864
