60
5 2 19 24
6 2 48 52
2 2 17 24
8 1 84 86
5 2 5 9
4 2 92 96
2 4 0 9
5 2 0 5
2 3 20 26
5 2 11 16
2 3 68 74
4 2 22 27
4 2 14 19
2 4 46 58
4 2 54 59
5 2 90 95
4 2 4 8
2 3 69 78
5 2 62 66
4 3 67 73
2 4 72 81
3 2 24 28
2 4 47 55
2 3 65 72
2 3 44 50
4 2 64 68
4 2 24 29
4 2 73 77
3 2 86 90
2 3 37 44
2 3 27 34
4 2 1 6
4 2 11 16
2 2 3 7
7 2 26 32
4 2 8 12
3 2 37 41
4 3 87 93
4 2 66 71
4 2 38 42
2 3 91 97
5 2 28 32
2 3 45 54
2 3 90 96
5 2 78 82
4 2 40 44
3 4 72 80
6 1 53 55
4 2 50 54
6 2 26 30
4 2 68 72
4 2 91 95
2 4 65 75
2 5 40 55
3 2 54 58
2 3 72 78
2 2 26 31
4 3 30 36
4 2 66 70
6 1 1 3
