60
2 6 140 223
2 7 55 103
2 4 62 94
2 5 40 67
4 5 136 147
2 7 77 96
2 8 56 84
2 8 17 54
2 6 0 57
2 7 88 133
2 4 26 63
2 7 34 71
7 2 132 137
2 9 126 155
2 6 104 187
2 7 76 130
2 3 32 97
2 6 18 31
2 6 42 117
2 8 31 104
4 4 133 142
2 6 34 58
2 7 74 126
2 6 103 171
2 9 125 165
2 10 72 148
2 5 121 169
2 8 16 104
2 8 109 190
2 6 76 137
2 10 103 157
2 8 139 220
2 6 137 188
2 6 39 106
2 9 107 138
2 6 82 112
2 6 101 141
2 7 31 69
2 7 35 101
2 7 81 157
2 6 50 106
2 9 8 28
2 9 84 158
2 7 110 183
2 7 10 88
2 10 27 116
2 8 129 176
2 5 120 171
2 6 41 109
2 9 88 127
2 6 31 93
2 5 62 100
2 7 22 108
2 7 94 117
2 8 118 150
2 7 18 96
2 9 14 63
2 9 149 192
2 8 133 169
2 9 128 182
