60
4 5 303 315
4 8 203 223
2 14 117 161
13 2 344 357
8 4 120 131
13 2 301 313
5 6 253 267
5 6 200 215
2 13 224 250
2 11 22 44
3 10 1 21
4 8 209 229
2 13 267 309
4 8 174 193
7 4 177 187
2 16 17 49
6 3 304 312
2 16 245 297
2 12 61 86
13 2 105 112
13 2 175 184
4 8 24 43
7 4 9 17
2 16 197 248
2 12 212 240
2 13 247 291
13 2 2 8
13 2 293 301
6 3 196 203
4 8 39 55
6 4 0 9
4 7 324 342
2 11 185 221
7 4 207 216
6 5 180 190
2 14 290 334
11 2 230 240
11 2 204 213
2 11 6 44
3 8 218 234
2 13 73 116
5 6 320 334
4 8 126 142
4 7 145 160
4 6 145 157
13 2 116 127
2 13 139 169
3 10 143 165
4 7 26 41
3 8 74 92
13 2 316 326
3 12 130 155
13 2 349 355
4 7 212 227
11 2 29 38
3 8 108 124
4 6 121 134
2 13 341 369
11 2 296 304
13 2 67 75
