60
2 34 509 586
4 19 478 533
2 28 52 113
2 31 275 367
2 32 166 268
2 25 88 173
2 34 57 144
2 35 368 441
2 32 461 537
31 2 343 361
31 2 58 76
2 34 288 366
2 34 252 332
2 32 303 392
2 36 35 121
3 22 97 150
2 33 222 302
37 2 406 439
2 30 85 171
2 38 315 402
2 28 99 188
2 31 124 208
4 16 434 468
2 34 540 636
2 32 48 128
2 34 211 279
2 31 430 536
2 28 92 200
2 33 342 482
2 31 228 306
2 33 33 119
37 2 421 451
2 36 344 466
2 36 549 658
2 27 239 306
31 2 52 65
2 35 504 580
4 14 428 467
4 16 296 329
4 14 62 96
2 28 327 456
2 32 112 184
2 35 442 524
2 30 537 618
2 31 555 620
3 18 296 339
4 16 446 490
2 31 151 230
2 32 250 331
2 34 154 239
2 35 53 132
3 24 333 390
2 34 0 90
2 31 532 614
2 31 151 242
2 28 292 354
2 34 539 613
2 34 196 268
2 32 21 85
2 32 95 195
