60
4 62 1310 1480
2 121 2423 3080
2 128 251 824
2 120 699 1494
2 124 1957 2912
2 120 0 318
2 126 1015 1486
2 133 2661 3291
2 131 2748 3200
7 38 905 1020
2 118 523 1085
2 122 453 1370
2 125 1718 2627
8 31 2928 3008
2 132 1710 2435
2 121 1219 1830
2 126 1946 2409
2 124 1477 1945
2 129 1522 2223
131 2 1770 1829
2 127 1496 2459
2 122 1451 2118
2 113 1946 2366
2 119 98 657
2 125 981 1618
2 126 1824 2565
2 123 338 873
2 124 291 1028
2 129 1223 1833
2 113 1301 2097
2 121 1035 1866
2 127 2407 2810
3 82 2242 2417
2 131 346 972
2 125 1917 2785
2 129 620 1508
2 127 560 1071
2 137 2914 3376
2 129 663 993
2 124 2684 3210
2 132 47 654
2 119 589 1473
2 125 2250 3098
2 121 372 1180
2 122 756 1129
2 118 2760 3080
2 133 1827 2451
2 122 2430 3387
2 121 2021 2453
2 123 2102 2509
2 125 2616 3150
2 127 106 825
2 127 196 914
2 127 993 1805
2 131 1394 2060
2 129 248 781
2 127 728 1721
2 124 2929 3518
2 117 1616 2327
2 120 2483 2884
