60
2 34 471 611
4 18 590 629
2 27 487 639
2 30 528 653
2 31 784 932
2 25 296 406
2 33 531 605
2 34 0 153
2 31 817 934
2 31 125 299
2 30 783 880
2 34 531 632
2 34 123 237
2 33 456 575
2 34 703 802
2 33 394 500
2 34 158 295
2 36 385 555
31 2 196 221
13 6 236 254
2 28 37 103
2 31 809 893
4 16 541 582
2 34 476 596
2 31 431 552
2 33 22 156
2 31 106 240
3 20 589 638
2 33 925 1033
2 31 400 564
2 33 221 307
2 35 476 546
2 38 256 402
2 38 424 537
2 27 404 541
31 2 826 850
2 34 675 796
2 28 331 455
8 8 344 364
2 28 876 942
2 29 191 281
2 33 733 862
2 36 592 684
2 30 682 785
2 29 493 625
2 26 652 726
2 31 220 304
2 31 366 497
2 32 873 975
2 33 920 987
2 34 296 464
2 36 404 545
2 35 528 611
2 31 432 513
2 31 631 805
2 28 485 573
2 35 588 724
2 33 603 741
2 33 325 441
2 32 754 824
