60
2 34 212 356
2 36 88 199
2 28 374 451
2 31 425 535
2 32 245 401
2 25 234 334
2 33 514 684
2 34 631 706
2 31 676 801
2 32 407 551
2 30 575 776
2 34 603 742
2 34 107 197
2 33 706 856
2 34 791 865
2 32 592 709
2 34 393 475
2 35 202 344
2 30 905 1100
2 37 615 818
2 29 570 792
31 2 929 954
2 31 656 734
2 34 864 980
2 31 313 538
3 22 419 473
2 33 506 678
2 30 887 1085
2 34 164 340
2 31 813 1017
2 33 741 1010
2 36 733 964
2 37 497 576
2 37 573 678
2 28 360 430
2 31 876 1039
2 34 742 812
2 29 58 149
2 32 243 347
2 28 928 1143
4 14 0 38
2 32 431 501
2 35 603 837
2 30 677 819
2 29 813 932
2 26 748 811
2 30 489 691
2 31 888 1117
2 32 870 1035
2 32 757 939
2 34 923 1083
2 35 313 528
2 33 368 525
2 32 813 954
2 31 213 372
2 28 821 1058
2 34 701 921
2 34 362 468
2 31 720 959
2 32 515 697
