60
3 24 145 204
2 36 171 300
2 28 329 389
4 16 8 50
6 11 343 375
4 13 162 194
6 11 212 239
4 17 120 160
2 31 44 126
2 31 95 161
2 30 185 259
2 34 96 175
17 4 361 381
6 11 159 183
2 34 7 86
3 22 199 253
6 11 195 225
2 35 364 490
31 2 209 239
2 38 70 159
2 29 72 131
2 31 164 268
8 8 0 22
5 14 213 248
2 31 138 254
2 32 304 422
2 31 192 276
7 8 299 317
2 33 174 281
31 2 62 88
4 17 345 385
3 24 95 151
37 2 49 75
3 24 310 361
2 27 81 170
31 2 89 108
4 17 355 398
4 14 139 176
4 16 337 369
29 2 284 307
4 15 327 358
2 33 58 128
2 34 91 162
6 10 262 283
29 2 65 89
2 26 153 234
3 20 69 117
31 2 0 31
2 31 102 168
8 8 66 89
2 34 28 115
3 24 248 301
3 22 331 385
2 31 183 254
2 31 348 410
2 28 319 426
2 33 130 199
2 33 93 161
2 32 53 123
4 17 236 285
