60
11 2 217 227
2 17 107 169
2 14 33 88
2 12 128 153
2 15 123 210
2 12 107 186
2 14 196 246
2 14 30 68
2 13 343 371
2 11 320 379
2 15 188 227
2 15 288 349
2 14 251 281
2 16 10 57
2 13 81 160
2 16 222 262
2 9 192 272
4 8 128 151
2 13 58 110
2 13 53 119
2 12 213 266
2 15 2 76
4 7 0 14
2 16 160 220
13 2 21 33
2 13 214 284
2 13 30 63
2 13 347 445
2 8 158 240
2 15 268 364
2 12 39 116
2 14 108 170
2 11 299 368
2 13 2 96
2 15 157 189
2 15 67 131
2 12 130 164
2 10 213 276
2 12 332 375
2 13 343 383
2 14 175 219
2 14 94 131
2 15 220 276
5 6 362 375
2 12 259 319
2 12 285 338
2 13 134 173
2 15 14 73
2 15 134 232
13 2 39 51
2 14 25 76
2 17 272 331
3 8 40 56
2 14 318 400
2 11 7 72
2 11 137 189
2 11 64 151
2 15 264 359
2 11 279 364
2 14 318 364
