60
2 10 86 158
2 15 235 319
2 14 289 336
3 8 129 146
8 4 5 16
2 12 89 144
2 13 224 321
2 14 201 279
2 15 13 76
2 12 30 121
2 14 292 321
2 15 146 230
2 13 56 131
2 15 118 168
2 13 271 321
2 16 137 212
2 9 81 146
2 16 184 250
2 13 140 194
2 11 162 204
2 13 141 232
2 16 23 115
2 12 291 349
2 16 52 114
2 12 92 149
2 13 68 153
2 13 172 209
2 13 80 163
2 8 49 128
2 16 262 298
2 12 182 217
2 14 257 296
2 13 187 279
2 12 146 174
2 15 15 79
2 15 263 317
2 11 290 327
2 10 91 117
2 12 38 109
3 8 293 312
2 14 149 185
2 14 11 121
2 15 0 49
2 13 109 153
2 12 172 246
2 12 177 228
2 13 35 128
2 15 86 163
2 13 157 232
2 13 95 159
2 13 209 254
2 17 233 282
2 11 90 159
2 16 236 289
2 11 134 186
3 8 161 178
2 11 53 128
2 13 109 173
2 11 69 134
2 15 153 197
