60
5 2 120 124
7 2 16 22
4 2 75 79
2 5 179 191
4 5 109 119
7 2 147 155
4 4 12 22
8 2 151 155
3 4 67 75
6 3 156 162
2 4 140 153
8 2 98 102
2 7 15 30
5 4 32 40
5 2 126 132
7 2 92 99
4 2 52 57
4 3 141 147
2 5 159 175
2 6 95 109
2 7 72 93
7 2 155 159
7 2 123 128
2 5 180 190
10 2 0 5
6 3 31 37
2 6 44 57
4 4 43 51
3 4 76 85
5 2 77 81
6 3 181 188
4 4 11 20
5 2 58 63
3 4 146 154
6 3 78 86
4 3 163 169
6 2 172 176
7 2 11 17
7 2 104 109
4 4 106 115
3 4 165 173
8 2 42 47
6 3 110 117
4 4 48 58
8 2 6 11
2 9 149 177
10 2 58 63
4 3 126 132
5 2 41 47
6 3 11 18
7 2 16 21
3 4 54 63
7 2 36 40
3 4 77 85
4 4 30 40
6 2 81 85
6 3 135 141
8 2 173 177
2 8 130 155
8 2 97 102
