60
2 66 1437 1594
2 60 476 692
2 67 1231 1393
2 58 1566 1705
4 32 1356 1430
2 69 511 698
2 66 422 568
4 34 380 471
2 59 265 388
4 31 233 314
2 60 1644 1844
67 2 356 392
2 64 797 931
4 32 1177 1256
2 64 182 406
2 66 1557 1762
2 66 1693 1842
4 29 109 183
2 62 1475 1610
2 63 1556 1693
61 2 1298 1343
3 44 649 740
4 27 595 650
3 42 383 472
2 60 345 534
2 67 1680 1890
2 62 1372 1585
67 2 0 61
67 2 433 479
2 70 1000 1264
67 2 578 601
2 63 394 524
2 67 1218 1352
2 59 1136 1294
2 63 1521 1647
2 60 1260 1421
2 59 550 699
61 2 926 970
4 34 1398 1485
2 60 294 520
2 60 1286 1424
2 61 895 1053
2 62 553 744
2 63 599 763
2 63 1486 1622
2 65 1439 1621
4 34 45 129
2 66 1002 1188
5 26 390 465
6 21 925 986
2 62 1198 1327
2 58 400 563
2 62 1211 1373
2 65 207 479
4 32 1641 1730
4 32 170 263
2 71 137 292
2 60 1658 1811
2 59 679 839
2 63 1579 1755
