60
2 10 210 235
2 16 191 358
2 15 123 157
2 12 116 171
2 15 21 194
2 13 63 106
2 15 29 193
2 14 12 142
2 15 187 235
2 11 188 362
2 14 106 244
2 16 155 226
2 13 181 357
2 15 50 233
2 13 202 335
2 16 131 211
2 9 94 143
2 16 80 227
2 12 63 139
2 12 199 309
2 12 85 202
2 15 34 201
2 12 170 243
2 17 165 215
2 12 185 332
2 15 12 95
2 12 131 245
2 13 184 306
2 9 88 218
2 15 159 257
2 12 175 313
2 14 173 234
2 12 128 273
2 12 57 133
2 15 66 202
2 15 125 192
2 11 37 119
2 12 0 116
2 11 125 186
2 12 90 188
2 13 152 198
2 14 40 166
2 16 48 125
2 14 215 384
2 12 195 295
2 12 55 108
2 12 137 299
2 15 119 297
2 14 143 314
2 13 23 86
2 14 104 266
2 18 140 191
2 12 53 147
2 16 0 142
2 13 184 347
2 12 95 237
2 11 60 204
2 14 106 159
2 10 89 126
2 13 159 322
