60
2 64 1377 1879
2 60 188 754
2 67 113 802
2 57 853 1551
2 63 961 1819
2 70 0 346
2 66 1157 1912
2 68 1080 1692
2 58 496 833
2 62 515 1395
2 60 1156 2040
2 68 418 673
2 64 988 1571
2 64 40 910
2 64 1413 2315
2 67 1110 1365
2 66 958 1206
2 57 867 996
2 63 403 1164
2 63 111 785
2 62 888 1619
2 66 1008 1704
2 54 317 1255
2 64 725 1348
2 61 120 514
2 67 399 1231
2 62 1178 1553
2 65 470 1322
2 66 340 866
2 70 462 967
2 67 344 1047
2 62 158 1056
2 67 1041 1359
2 58 988 1612
2 62 1232 1528
2 60 246 717
2 61 976 1575
2 61 1114 1447
2 68 504 1286
2 60 211 804
2 59 944 1547
2 61 1124 1948
2 62 182 551
2 64 727 1239
2 64 421 708
2 64 424 800
2 67 289 1174
2 65 73 680
2 65 687 970
2 63 127 292
2 62 889 1566
2 57 1067 1723
2 63 1158 1784
2 65 723 1558
2 64 448 1222
2 64 577 872
2 71 1066 1227
2 58 870 1747
2 59 960 1460
2 62 513 739
