60
2 126 1079 1544
2 121 394 905
4 64 474 638
2 120 1429 1917
4 62 1097 1257
2 119 1596 2170
2 127 107 447
2 134 129 504
2 130 48 506
2 132 702 1234
2 117 531 1039
2 122 129 866
2 125 1571 2044
2 123 1926 2224
2 131 2099 2618
2 122 241 581
2 126 1626 2169
2 124 613 1123
2 128 1623 2158
2 130 2017 2580
2 127 1193 1536
2 122 2028 2422
113 2 190 236
2 118 1184 1709
5 50 1262 1393
2 126 1003 1505
2 123 1534 1936
2 124 1610 2087
2 130 0 490
4 56 716 841
2 121 1076 1517
2 126 940 1609
2 123 2043 2359
2 131 1427 1697
2 124 860 1622
2 129 1496 1940
4 64 133 262
2 137 782 1176
2 129 1322 1875
2 125 1702 1981
2 134 1611 2016
2 120 928 1439
2 125 875 1464
2 121 301 629
2 121 142 392
2 118 78 584
2 133 2022 2524
2 124 1946 2240
2 120 2103 2715
2 124 951 1403
2 124 1307 1802
2 127 706 1266
2 127 1999 2362
2 127 725 1168
2 133 1164 1692
2 129 742 1218
2 127 1737 2277
2 124 1535 2137
2 117 1345 1643
2 120 1215 1884
