60
2 64 185 373
2 60 736 907
2 67 652 1061
2 58 519 925
2 64 145 374
2 70 43 435
2 66 178 513
2 68 493 853
2 58 323 587
2 62 570 947
2 61 183 373
2 67 335 770
2 65 235 618
2 64 29 167
2 64 563 723
2 66 245 555
2 67 637 990
2 58 465 839
2 63 84 382
2 63 291 569
2 61 592 787
2 65 574 1049
2 54 381 564
2 63 681 1036
2 61 735 1177
2 67 427 701
2 63 302 549
2 65 370 653
2 67 110 524
2 70 631 966
2 67 459 823
2 64 707 865
2 67 430 812
29 4 57 82
2 63 575 812
2 60 0 442
2 60 462 864
2 60 173 575
2 69 591 779
2 60 305 762
2 59 455 637
2 61 215 678
2 64 499 862
2 63 682 931
2 64 138 620
2 64 299 483
2 67 320 549
2 66 530 895
3 44 310 415
2 64 230 650
2 62 353 491
2 57 190 511
2 62 386 676
2 65 193 650
2 63 212 369
2 64 63 498
2 70 406 767
2 58 159 366
2 60 63 378
2 62 137 316
