60
2 124 1129 1441
11 22 148 207
2 128 1260 1635
2 118 1440 1893
2 123 31 778
2 119 84 416
2 126 1362 1901
7 38 1029 1155
2 132 0 351
2 132 1208 1494
2 116 985 1604
2 122 439 846
2 125 1427 1826
2 123 1170 1730
2 131 1315 1895
2 122 668 941
2 127 286 727
2 124 1302 2030
2 128 1395 1913
2 131 937 1402
2 127 1319 1653
2 122 1381 1888
2 114 539 908
2 118 870 1259
2 125 1149 1653
2 125 1450 2190
2 122 1459 1828
2 124 597 1062
2 129 641 1171
2 112 805 1345
61 4 1415 1463
2 126 361 626
2 123 131 541
2 131 101 684
2 125 829 1358
2 129 747 1155
2 128 1185 1748
2 137 1202 1591
2 129 841 1407
2 124 736 1151
2 134 138 588
2 120 632 877
2 126 94 485
2 122 145 511
2 123 1193 1574
2 118 247 778
7 38 565 709
2 122 84 349
2 120 1013 1712
2 123 1144 1623
2 124 1426 1729
2 128 924 1273
2 127 185 782
2 128 196 646
6 44 1287 1379
2 129 1120 1482
2 128 685 972
2 124 496 751
2 118 1086 1665
2 121 809 1099
