60
5 26 1531 1604
59 2 150 193
8 17 1283 1328
2 57 223 340
8 16 1817 1852
2 69 1068 1316
3 44 1841 1929
2 69 1801 1941
4 29 679 762
2 62 684 881
61 2 1603 1658
2 67 381 526
2 63 421 611
2 64 380 581
4 32 1259 1350
3 44 1308 1414
4 33 1090 1166
29 4 1588 1605
31 4 1758 1780
3 42 913 998
2 62 1451 1576
2 65 154 368
2 54 1202 1330
2 63 1662 1819
61 2 90 129
67 2 95 151
6 21 1799 1853
4 33 1285 1360
4 33 1656 1726
3 48 482 579
2 67 719 866
2 62 1206 1330
2 68 2 169
59 2 1321 1357
2 62 261 395
2 60 1118 1257
59 2 832 890
2 60 1047 1196
6 23 1580 1647
5 24 1503 1554
2 59 639 762
4 31 985 1054
31 4 728 746
2 64 804 933
4 32 384 458
2 64 80 251
2 67 63 222
3 44 687 775
5 26 0 87
3 42 1317 1416
2 62 1055 1278
3 38 549 641
4 31 199 282
2 65 1607 1805
10 13 1801 1838
2 64 292 426
2 70 626 779
59 2 538 597
2 59 92 278
6 21 761 823
