60
2 5 25 35
2 7 29 50
5 2 68 72
2 5 13 30
2 10 41 62
2 7 34 49
2 7 50 72
4 4 38 47
3 4 12 21
2 7 7 22
2 4 12 22
7 2 44 51
2 7 23 38
10 2 31 36
2 5 63 75
8 2 15 20
2 3 67 74
7 2 47 52
4 3 1 7
4 3 38 44
7 2 5 9
7 2 56 62
4 4 46 55
5 2 21 25
4 4 16 26
6 3 50 58
2 5 72 83
7 2 29 35
2 6 59 79
3 4 45 53
2 9 45 64
7 2 5 11
3 4 61 69
7 2 65 71
10 2 66 71
4 3 20 26
3 4 19 27
7 2 23 29
7 2 51 57
8 2 22 26
7 2 42 48
2 7 56 77
4 4 2 10
6 3 21 27
7 2 42 50
5 4 31 39
4 4 28 37
5 2 52 57
5 2 50 55
5 4 25 33
2 6 9 21
4 3 0 6
4 4 49 57
6 2 19 23
4 4 42 52
7 2 44 49
6 3 32 38
5 4 43 51
6 3 3 10
4 4 65 74
