60
10 25 2101 2167
61 4 1892 1950
2 129 1464 1790
4 59 1363 1513
2 124 674 1058
2 121 170 507
2 127 2329 2713
2 133 1038 1345
131 2 401 477
2 132 673 1040
2 117 1550 1787
6 41 1972 2088
2 125 1196 1511
2 122 2222 2511
4 66 88 229
2 122 2773 3097
3 84 2671 2862
2 125 2085 2413
2 128 744 1069
2 130 2075 2367
2 129 2541 2869
2 123 968 1363
113 2 1364 1474
2 118 1854 2232
2 124 2081 2585
4 63 2240 2367
2 122 1030 1276
2 125 2355 2621
2 129 1066 1353
2 112 2033 2464
2 123 1278 1619
127 2 0 57
2 123 1848 2233
2 131 2733 3107
2 124 744 1130
4 65 1351 1522
2 127 1420 1819
2 137 2671 3071
5 52 32 142
2 125 1156 1464
7 38 2700 2859
3 80 474 662
2 125 994 1275
4 61 1204 1360
2 122 2707 2954
2 119 990 1335
2 134 2374 2741
2 122 2148 2490
2 120 2278 2610
2 125 2007 2344
2 126 1848 2169
127 2 779 857
127 2 539 654
2 128 2634 2966
2 131 190 597
2 130 1165 1431
2 127 1125 1531
2 124 2604 2887
2 118 1466 1769
2 120 2869 3287
