60
2 65 9 142
59 2 802 824
67 2 722 770
2 58 265 389
5 26 1063 1120
2 69 1023 1200
3 44 47 155
2 68 470 608
2 57 1045 1245
4 31 1083 1166
2 60 755 983
67 2 187 254
2 63 63 192
2 64 1449 1658
4 33 507 581
67 2 1299 1364
2 66 1049 1288
2 57 815 946
2 62 686 827
2 63 433 570
6 21 40 83
2 65 564 803
10 11 948 979
4 32 1110 1177
61 2 538 600
2 66 1453 1589
2 62 161 390
5 26 1161 1240
2 66 380 526
4 36 1299 1378
67 2 122 151
9 14 962 992
67 2 1099 1145
4 29 1318 1391
2 62 932 1072
2 59 173 301
61 2 1261 1314
2 61 576 706
4 34 782 877
2 60 187 312
59 2 1274 1334
31 4 1150 1184
6 21 104 147
2 63 987 1153
6 21 1027 1085
2 64 0 205
8 17 1126 1173
2 66 1421 1587
2 65 142 382
8 16 229 265
4 31 782 863
3 38 775 860
2 62 1260 1449
2 65 973 1183
2 63 403 625
4 32 1094 1173
2 71 1416 1569
2 60 158 286
2 59 343 489
4 31 1403 1465
