60
5 26 884 939
3 40 469 561
67 2 919 980
3 38 558 646
5 26 48 131
2 69 539 788
67 2 243 291
8 17 743 788
3 38 492 573
2 62 420 555
61 2 477 537
2 67 107 241
2 64 122 250
5 26 396 466
6 22 7 61
2 66 131 269
3 44 701 806
3 38 323 417
2 63 555 681
2 63 832 968
4 31 428 504
6 22 952 1000
6 18 196 239
3 42 366 451
2 61 463 590
2 67 679 858
2 62 987 1150
5 26 1020 1107
4 34 379 455
2 71 300 456
67 2 22 55
31 4 1087 1118
3 46 137 235
2 58 903 1023
3 42 522 612
2 59 105 307
2 59 520 714
61 2 644 706
4 34 305 403
3 40 729 824
61 2 493 527
2 61 560 720
4 31 1078 1159
4 32 67 139
2 63 198 332
2 64 49 244
2 67 437 612
5 26 89 179
2 65 671 903
3 42 958 1042
2 62 181 379
3 38 951 1035
8 16 618 664
5 26 954 1019
3 42 474 561
8 16 531 565
71 2 11 74
2 58 958 1086
61 2 201 251
4 31 0 83
