60
2 5 22 47
2 8 58 87
2 4 31 41
2 6 96 108
4 5 65 76
7 2 60 65
2 7 28 45
2 8 8 34
2 5 109 136
2 7 99 122
2 4 111 137
2 7 28 44
2 8 66 88
2 11 52 84
2 5 2 15
2 6 91 115
2 3 39 63
2 6 13 36
2 5 103 131
2 6 23 40
4 4 45 55
2 6 110 126
7 2 57 61
2 5 97 112
2 8 104 130
3 6 72 85
2 6 51 66
7 2 62 69
2 7 13 27
2 6 64 84
2 8 31 60
2 8 3 24
2 6 55 73
2 6 15 39
2 10 70 96
2 6 50 63
2 7 100 124
2 8 57 78
2 7 38 61
7 2 0 8
2 6 93 113
2 8 89 110
2 10 83 106
2 7 34 51
2 7 82 112
11 2 5 12
4 5 68 78
2 7 84 110
2 6 3 20
2 9 83 113
2 6 94 120
2 6 5 28
2 7 12 41
2 5 24 43
2 8 110 128
2 7 82 105
2 9 88 121
6 3 56 64
2 9 63 81
2 8 110 137
