60
4 2 60 65
2 4 76 92
2 2 60 66
2 5 87 97
2 4 53 62
2 4 8 17
3 2 20 24
2 4 47 57
4 1 74 76
4 2 15 20
3 2 44 48
3 2 91 95
2 3 4 12
2 4 31 43
2 4 19 29
2 4 70 80
4 2 31 35
2 3 17 25
3 2 16 20
2 4 55 68
5 2 27 33
2 3 11 20
5 2 86 90
2 2 47 54
2 3 78 84
4 2 24 28
8 1 76 78
2 3 19 30
2 3 41 52
2 3 72 81
6 1 77 79
2 4 55 63
2 3 90 96
2 2 44 51
3 4 5 13
2 4 68 79
4 2 73 77
2 4 15 31
2 2 7 18
2 3 10 18
2 3 39 48
5 2 74 79
4 2 21 26
8 1 15 17
5 2 13 19
2 4 66 83
6 2 60 64
2 4 0 8
4 2 90 95
4 2 77 82
4 2 68 73
2 4 23 31
4 2 5 10
2 5 51 61
2 3 82 88
4 2 22 27
2 3 72 78
2 6 61 73
5 2 83 87
2 3 14 25
