60
2 4 21 29
2 4 44 58
2 3 25 39
2 5 38 54
2 4 33 42
2 4 11 20
2 3 7 20
2 4 44 60
2 2 13 22
2 5 8 22
2 3 19 25
2 3 45 62
2 5 24 36
2 5 30 44
3 2 31 35
2 5 7 23
2 4 8 22
2 4 16 30
3 2 9 13
3 4 4 13
2 4 39 48
2 4 37 45
2 5 8 21
2 3 16 22
2 2 29 43
2 4 40 48
2 5 16 26
2 3 14 27
2 4 25 39
2 3 5 15
2 3 24 32
6 1 1 3
2 4 13 22
2 3 16 29
3 4 28 36
2 5 0 15
2 3 45 52
2 4 40 50
2 3 36 42
2 3 51 57
2 3 51 61
2 4 32 46
2 3 16 29
2 3 2 13
2 4 11 25
2 5 5 21
2 5 54 66
2 3 53 64
2 3 22 30
2 4 43 59
2 4 10 21
2 4 46 55
2 5 5 20
2 5 11 23
2 2 1 16
2 3 27 41
2 3 20 30
5 2 15 21
2 4 49 62
2 3 47 53
