60
2 4 35 43
6 2 0 4
2 2 8 16
2 5 24 40
2 4 25 34
2 4 2 22
4 2 33 38
2 4 22 33
2 2 35 41
2 4 0 21
2 2 27 40
2 4 23 33
2 3 28 35
5 2 4 10
2 4 18 27
2 4 34 46
2 4 31 44
3 2 14 18
2 3 22 30
2 4 6 17
2 4 5 14
2 4 34 44
2 4 26 37
2 2 19 30
2 3 9 17
2 4 24 39
2 6 4 16
2 5 32 44
5 2 23 28
5 2 34 39
2 3 19 30
2 3 31 39
2 3 36 45
2 2 27 36
2 5 20 44
2 4 25 40
4 2 12 16
2 4 6 22
2 3 29 37
2 4 33 44
2 3 34 47
2 5 5 21
2 4 26 39
2 2 17 30
2 5 13 23
2 5 8 18
7 2 13 20
2 3 15 29
2 3 30 47
5 2 17 22
5 2 26 32
2 3 2 12
2 5 36 50
3 4 25 33
2 2 12 19
2 4 30 38
2 2 9 16
2 6 0 12
5 2 13 19
2 3 5 11
