60
8 31 2573 2647
4 61 2665 2787
3 86 0 187
59 4 2740 2782
2 124 1233 1491
3 80 2291 2465
2 126 2760 3016
67 4 1384 1450
4 65 2309 2460
7 38 2432 2544
3 78 2395 2579
2 123 864 1117
2 125 1893 2291
4 61 786 909
2 131 1752 2055
11 22 1072 1178
4 63 132 278
8 31 534 614
127 2 2561 2658
131 2 1415 1512
2 127 1350 1634
6 41 2678 2793
2 113 2752 3002
7 34 954 1041
5 50 1379 1494
2 125 2521 2933
4 61 1153 1298
5 50 2458 2581
4 65 2507 2680
113 2 2437 2491
2 121 256 665
2 126 1268 1653
6 41 210 330
3 88 781 960
10 25 1423 1486
3 86 439 619
127 2 1106 1186
2 136 2637 3075
2 129 2171 2435
5 50 2696 2799
7 38 1023 1112
7 34 1842 1919
5 50 1628 1770
4 61 1465 1626
61 4 587 650
7 34 1639 1707
7 38 1159 1245
8 31 1624 1716
2 120 2439 2826
2 123 1073 1330
4 62 1138 1271
4 64 451 587
127 2 1498 1600
2 127 68 337
2 131 2756 3159
10 26 962 1029
2 126 505 931
8 31 1863 1950
59 4 558 605
2 120 1877 2280
