60
5 2 43 48
2 8 7 36
2 5 27 52
2 5 14 37
2 10 10 54
2 7 46 83
2 8 0 18
2 8 40 59
3 4 10 19
2 7 67 90
2 5 41 54
2 8 20 50
2 7 45 75
2 9 39 84
2 5 36 56
2 6 35 61
2 3 67 82
2 8 31 49
2 6 74 97
2 7 1 16
2 8 34 57
2 6 47 65
2 7 5 27
2 6 59 79
2 9 1 33
2 9 3 36
2 6 6 31
2 7 65 92
2 7 39 61
2 6 59 81
2 9 31 52
3 6 34 46
2 6 38 69
2 6 13 36
2 9 56 75
2 6 25 49
2 7 14 42
2 7 28 46
2 9 72 91
2 7 28 49
2 6 31 57
2 8 69 87
2 8 16 36
4 4 22 31
2 8 65 90
2 9 73 101
2 8 41 63
2 6 6 20
2 5 63 74
2 9 24 44
2 6 39 73
3 4 57 65
7 2 74 79
2 5 20 40
2 9 50 76
2 6 72 101
2 9 48 75
4 5 57 67
2 9 36 66
2 9 48 71
