60
2 124 937 1893
2 122 37 394
2 130 865 1378
2 118 576 847
2 125 423 1071
2 120 300 825
2 126 724 1203
2 133 858 1297
2 130 275 634
2 133 585 1216
2 118 537 1409
2 124 1288 1785
2 126 1178 1911
2 123 574 1439
2 131 1284 1636
2 121 1400 2036
2 126 128 614
2 124 609 1482
2 128 384 659
2 130 720 1533
2 127 1071 1816
2 123 1287 2081
2 113 140 610
2 118 724 1357
2 125 19 497
2 126 960 1532
2 122 1421 1683
2 124 15 763
2 129 372 1470
113 2 368 466
2 121 554 1401
2 128 1281 1777
2 123 840 1269
2 131 1144 1460
2 124 85 939
4 65 602 767
2 127 736 1050
2 136 1201 2012
2 129 1070 1536
2 124 327 787
2 132 1397 1817
2 119 666 1171
127 2 806 864
2 123 1242 2177
2 122 1212 1840
2 118 317 1221
7 38 910 1073
2 124 176 1079
2 120 0 897
2 125 511 1037
6 42 1386 1481
2 127 328 826
127 2 1420 1517
2 127 1373 2132
2 132 749 1117
2 130 12 757
2 128 685 1444
5 50 624 732
2 117 83 1092
2 120 756 1561
